1.2491278
1.4561049
1.2038165
0.8473666
0.5012285
0.0547511
-0.4168077
-0.6622608
-0.6314235
-0.5217604
-0.4600371
-0.3975070
-0.3100385
-0.2631935
-0.2652898
-0.2485709
-0.2073730
-0.1995486
-0.2178723
-0.2016248
-0.1609803
-0.1594432
-0.1911280
-0.1945680
-0.1674246
-0.1594804
-0.1749415
-0.1784970
-0.1720295
-0.1788487
-0.1821717
-0.1573588
-0.1313598
-0.1393746
-0.1592106
-0.1525830
-0.1319319
-0.1277973
-0.1313965
-0.1231561
-0.1161471
-0.1230448
-0.1223703
-0.0999306
-0.0808718
-0.0839197
-0.0877046
-0.0742845
-0.0612817
-0.0628112
-0.0627813
-0.0504993
-0.0392040
-0.0311016
-0.0085382
0.0255341
0.0433236
0.0405186
0.0452927
0.0701752
0.0970534
0.1157220
0.1364723
0.1614913
0.1825773
0.2065986
0.2460646
0.2888346
0.3134821
0.3273495
0.3539509
0.3925612
0.4250602
0.4512804
0.4837201
0.5192384
0.5472098
0.5724131
0.6015770
0.6226721
0.6236056
0.6144229
0.6075265
0.5950365
0.5673348
0.5332300
0.5017632
0.4658011
0.4215092
0.3809747
0.3491823
0.3122970
0.2636399
0.2173779
0.1835022
0.1531623
0.1197825
0.0909448
0.0704035
0.0514969
0.0344445
0.0267883
0.0232386
0.0093154
-0.0128969
-0.0266573
-0.0287032
-0.0320426
-0.0418245
-0.0512091
-0.0584874
-0.0663731
-0.0689925
-0.0610912
-0.0538723
-0.0605979
-0.0738827
-0.0776515
-0.0732243
-0.0739663
-0.0828327
-0.0929716
-0.1009774
-0.1042490
-0.0971015
-0.0836950
-0.0810640
-0.0955873
-0.1110780
-0.1129402
-0.1083745
-0.1102838
-0.1172724
-0.1217126
-0.1226724
-0.1208196
-0.1150426
-0.1112239
-0.1187358
-0.1330723
-0.1388387
-0.1339752
-0.1331281
-0.1433984
-0.1547810
-0.1580406
-0.1551102
-0.1496887
-0.1436012
-0.1427671
-0.1511646
-0.1603168
-0.1599890
-0.1558848
-0.1610463
-0.1741399
-0.1821689
-0.1801580
-0.1733904
-0.1657778
-0.1598792
-0.1615357
-0.1711355
-0.1779966
-0.1757174
-0.1739093
-0.1825524
-0.1947309
-0.1972692
-0.1892444
-0.1791204
-0.1727798
-0.1731392
-0.1812831
-0.1904889
-0.1902556
-0.1823503
-0.1806389
-0.1899759
-0.1988310
-0.1977940
-0.1913850
-0.1866080
-0.1834912
-0.1815099
-0.1825487
-0.1840299
-0.1809871
-0.1764297
-0.1777635
-0.1831246
-0.1835606
-0.1775619
-0.1711290
-0.1657680
-0.1588379
-0.1524839
-0.1495360
-0.1443989
-0.1308759
-0.1153189
-0.1097730
-0.1153699
-0.1225858
-0.1233168
-0.1143067
-0.0959091
-0.0765248
-0.0701575
-0.0800317
-0.0921967
-0.0935057
-0.0874932
-0.0850727
-0.0890899
-0.0958505
-0.1028230
-0.1077061
-0.1082692
-0.1083820
-0.1154451
-0.1283540
-0.1379030
-0.1415215
-0.1462415
-0.1544871
-0.1588883
-0.1545584
-0.1457934
-0.1379463
-0.1322703
-0.1297763
-0.1306368
-0.1299230
-0.1232028
-0.1148089
-0.1112614
-0.1094777
-0.1013737
-0.0863415
-0.0686894
-0.0467149
-0.0148771
0.0275791
0.0815564
0.1588882
0.2782446
0.4509703
0.6738742
0.9260613
1.1622040
1.3150552
1.3186029
1.1375611
0.7856642
0.3318079
-0.1117066
-0.4329943
-0.5790699
-0.5774144
-0.4996183
-0.4082356
-0.3337743
-0.2820078
-0.2478547
-0.2255854
-0.2132801
-0.2085435
-0.2038708
-0.1938084
-0.1839154
-0.1826782
-0.1864219
-0.1832782
-0.1711371
-0.1602441
-0.1576876
-0.1596559
-0.1597708
-0.1563479
-0.1512060
-0.1482534
-0.1516015
-0.1586755
-0.1587491
-0.1454430
-0.1267617
-0.1157469
-0.1154263
-0.1192531
-0.1209198
-0.1171737
-0.1069508
-0.0946799
-0.0887487
-0.0902385
-0.0888464
-0.0758306
-0.0553634
-0.0379893
-0.0284861
-0.0242362
-0.0196400
-0.0090347
0.0085107
0.0254822
0.0342132
0.0398275
0.0560784
0.0866087
0.1194760
0.1428687
0.1581070
0.1745535
0.1985684
0.2292364
0.2595197
0.2820566
0.2991727
0.3242544
0.3659847
0.4144801
0.4516599
0.4729775
0.4902497
0.5145565
0.5443026
0.5694688
0.5818709
0.5827216
0.5836901
0.5961703
0.6154447
0.6214190
0.6002796
0.5594930
0.5161594
0.4772694
0.4379204
0.3931567
0.3444493
0.2976983
0.2592104
0.2304195
0.2047153
0.1743067
0.1409358
0.1132321
0.0929459
0.0721532
0.0461121
0.0208014
0.0046595
-0.0008944
-0.0008343
-0.0020778
-0.0101306
-0.0243305
-0.0366760
-0.0410551
-0.0421656
-0.0489268
-0.0610671
-0.0695101
-0.0687430
-0.0620625
-0.0558347
-0.0544940
-0.0594730
-0.0676883
-0.0732068
-0.0747505
-0.0780184
-0.0862747
-0.0934947
-0.0923020
-0.0843370
-0.0773383
-0.0758035
-0.0791926
-0.0854468
-0.0921219
-0.0975349
-0.1033504
-0.1118047
-0.1192731
-0.1189799
-0.1119154
-0.1078859
-0.1127938
-0.1214475
-0.1260728
-0.1260262
-0.1260512
-0.1297796
-0.1371792
-0.1445814
-0.1467457
-0.1427525
-0.1387082
-0.1400834
-0.1438030
-0.1438474
-0.1419610
-0.1453716
-0.1552616
-0.1646163
-0.1670631
-0.1622866
-0.1539661
-0.1475192
-0.1480675
-0.1555341
-0.1633790
-0.1661651
-0.1659028
-0.1675120
-0.1715951
-0.1753737
-0.1769771
-0.1753550
-0.1700298
-0.1640696
-0.1628656
-0.1670973
-0.1715969
-0.1734909
-0.1758654
-0.1806886
-0.1840867
-0.1822783
-0.1773658
-0.1739409
-0.1736638
-0.1752255
-0.1763189
-0.1750303
-0.1727512
-0.1746507
-0.1824500
-0.1883266
-0.1823634
-0.1656262
-0.1498611
-0.1443249
-0.1480580
-0.1543266
-0.1572854
-0.1548054
-0.1494220
-0.1457337
-0.1433774
-0.1350920
-0.1160182
-0.0921614
-0.0749240
-0.0694293
-0.0720366
-0.0764647
-0.0784007
-0.0768594
-0.0746519
-0.0752009
-0.0769160
-0.0744412
-0.0671639
-0.0614621
-0.0620776
-0.0664942
-0.0707786
-0.0758395
-0.0843257
-0.0953523
-0.1055149
-0.1124231
-0.1158003
-0.1178995
-0.1227337
-0.1311697
-0.1377211
-0.1371019
-0.1329479
-0.1340212
-0.1417769
-0.1476108
-0.1434176
-0.1303287
-0.1163223
-0.1085614
-0.1077334
-0.1072636
-0.0997937
-0.0867807
-0.0778937
-0.0770480
-0.0735798
-0.0532137
-0.0143009
0.0342868
0.0911152
0.1723295
0.3017421
0.4907342
0.7243706
0.9629881
1.1562609
1.2558218
1.2180871
1.0109283
0.6406625
0.1807933
-0.2417425
-0.5125338
-0.5967559
-0.5480035
-0.4553865
-0.3793682
-0.3274615
-0.2790218
-0.2252476
-0.1815694
-0.1643238
-0.1666875
-0.1668903
-0.1558551
-0.1456709
-0.1496814
-0.1632767
-0.1689102
-0.1558845
-0.1316829
-0.1146826
-0.1159290
-0.1275734
-0.1315789
-0.1210538
-0.1085103
-0.1094409
-0.1222394
-0.1302432
-0.1215054
-0.1010915
-0.0841660
-0.0804554
-0.0855682
-0.0864200
-0.0762235
-0.0632257
-0.0605422
-0.0677427
-0.0692004
-0.0532363
-0.0267871
-0.0067505
-0.0009540
-0.0020722
0.0020938
0.0159591
0.0329413
0.0434399
0.0464964
0.0522396
0.0703900
0.0983415
0.1246641
0.1427740
0.1562505
0.1717226
0.1919635
0.2160766
0.2416882
0.2663284
0.2900992
0.3167494
0.3489653
0.3834744
0.4140237
0.4381730
0.4582458
0.4771087
0.4961162
0.5158418
0.5359860
0.5554071
0.5733786
0.5884891
0.5956378
0.5884988
0.5673742
0.5405615
0.5149046
0.4884137
0.4552396
0.4148221
0.3728822
0.3353478
0.3035600
0.2739974
0.2418078
0.2062966
0.1725328
0.1449251
0.1205911
0.0936117
0.0653151
0.0447536
0.0374412
0.0377545
0.0344879
0.0217327
0.0036632
-0.0097492
-0.0124628
-0.0095762
-0.0129009
-0.0268915
-0.0417995
-0.0447040
-0.0350432
-0.0246210
-0.0235591
-0.0308002
-0.0383011
-0.0409010
-0.0411243
-0.0454253
-0.0554979
-0.0639696
-0.0618166
-0.0504058
-0.0417651
-0.0449352
-0.0561569
-0.0652418
-0.0679029
-0.0683208
-0.0719449
-0.0790207
-0.0845419
-0.0835434
-0.0774702
-0.0745692
-0.0811377
-0.0930349
-0.0998447
-0.0976781
-0.0937584
-0.0972221
-0.1085927
-0.1195179
-0.1208785
-0.1111713
-0.0988559
-0.0954809
-0.1041153
-0.1159557
-0.1209165
-0.1193313
-0.1193900
-0.1249254
-0.1307853
-0.1305517
-0.1250244
-0.1216017
-0.1263881
-0.1371174
-0.1443528
-0.1418645
-0.1355731
-0.1379842
-0.1522250
-0.1662016
-0.1660322
-0.1521248
-0.1382667
-0.1366401
-0.1467341
-0.1579329
-0.1608442
-0.1563847
-0.1539942
-0.1599213
-0.1686090
-0.1688893
-0.1581383
-0.1460711
-0.1435736
-0.1511977
-0.1599846
-0.1612250
-0.1545889
-0.1483292
-0.1511920
-0.1623954
-0.1709976
-0.1678254
-0.1563871
-0.1484403
-0.1499972
-0.1558871
-0.1579873
-0.1547865
-0.1513643
-0.1518327
-0.1530599
-0.1463912
-0.1269918
-0.1012754
-0.0820033
-0.0750906
-0.0747835
-0.0734573
-0.0717376
-0.0751389
-0.0836478
-0.0894237
-0.0849111
-0.0710062
-0.0570563
-0.0530301
-0.0603724
-0.0704968
-0.0741553
-0.0720468
-0.0735512
-0.0850740
-0.1027791
-0.1173242
-0.1229348
-0.1213422
-0.1194298
-0.1233619
-0.1326194
-0.1398691
-0.1391703
-0.1337786
-0.1326636
-0.1392616
-0.1468688
-0.1461455
-0.1352062
-0.1213645
-0.1134994
-0.1126473
-0.1106370
-0.1000362
-0.0849285
-0.0771578
-0.0797563
-0.0790171
-0.0579280
-0.0145313
0.0395126
0.0995930
0.1829670
0.3190413
0.5224734
0.7727139
1.0168506
1.1912506
1.2424565
1.1360783
0.8635747
0.4582277
0.0059617
-0.3772822
-0.6014439
-0.6503731
-0.5807487
-0.4744520
-0.3861095
-0.3250625
-0.2760893
-0.2303643
-0.1952197
-0.1791519
-0.1767875
-0.1742333
-0.1655837
-0.1574065
-0.1568668
-0.1609812
-0.1601202
-0.1495440
-0.1350753
-0.1273074
-0.1304143
-0.1372839
-0.1374768
-0.1299165
-0.1242489
-0.1278438
-0.1350407
-0.1332472
-0.1183033
-0.0999785
-0.0916497
-0.0963937
-0.1040701
-0.1020720
-0.0889480
-0.0760529
-0.0739843
-0.0790682
-0.0772376
-0.0612374
-0.0393744
-0.0253073
-0.0228012
-0.0235755
-0.0182541
-0.0062918
0.0052305
0.0113570
0.0165921
0.0309366
0.0580081
0.0894207
0.1133596
0.1271693
0.1385591
0.1555358
0.1786919
0.2034283
0.2265191
0.2491794
0.2750153
0.3056341
0.3381657
0.3680435
0.3945460
0.4215650
0.4516900
0.4818099
0.5067165
0.5254100
0.5414743
0.5580756
0.5744553
0.5868511
0.5916387
0.5879009
0.5771696
0.5599056
0.5331001
0.4939787
0.4462750
0.3997328
0.3617052
0.3308602
0.3001385
0.2643618
0.2242648
0.1847533
0.1502496
0.1210448
0.0941761
0.0684477
0.0472192
0.0342496
0.0278309
0.0217678
0.0120500
0.0001875
-0.0102269
-0.0181553
-0.0256880
-0.0350735
-0.0454561
-0.0524903
-0.0523941
-0.0469947
-0.0429637
-0.0447353
-0.0499024
-0.0532199
-0.0533703
-0.0534898
-0.0560095
-0.0592503
-0.0592404
-0.0540235
-0.0463729
-0.0421658
-0.0448150
-0.0512435
-0.0550739
-0.0540010
-0.0519207
-0.0532168
-0.0572259
-0.0596323
-0.0577446
-0.0530593
-0.0493544
-0.0489407
-0.0505367
-0.0512925
-0.0514302
-0.0551745
-0.0649163
-0.0757499
-0.0792725
-0.0734438
-0.0661267
-0.0673514
-0.0789239
-0.0924529
-0.0976340
-0.0928258
-0.0873180
-0.0916976
-0.1055533
-0.1168907
-0.1151958
-0.1031047
-0.0929899
-0.0934538
-0.1017957
-0.1092930
-0.1113120
-0.1111493
-0.1146977
-0.1224279
-0.1279809
-0.1256695
-0.1180493
-0.1134466
-0.1161286
-0.1219894
-0.1249921
-0.1249458
-0.1264656
-0.1316324
-0.1363929
-0.1350202
-0.1273669
-0.1205031
-0.1217665
-0.1300287
-0.1360948
-0.1335748
-0.1273419
-0.1278754
-0.1378119
-0.1478815
-0.1474929
-0.1368082
-0.1261906
-0.1245516
-0.1302714
-0.1345960
-0.1331876
-0.1317437
-0.1378898
-0.1489931
-0.1526850
-0.1413315
-0.1221548
-0.1090378
-0.1060229
-0.1035894
-0.0922086
-0.0759943
-0.0694642
-0.0805220
-0.0989870
-0.1048463
-0.0887896
-0.0624616
-0.0461130
-0.0474849
-0.0562049
-0.0586327
-0.0536853
-0.0514706
-0.0591488
-0.0722639
-0.0806631
-0.0806485
-0.0790555
-0.0848340
-0.0982301
-0.1108740
-0.1168159
-0.1199856
-0.1277591
-0.1393289
-0.1452290
-0.1392538
-0.1270878
-0.1202754
-0.1229739
-0.1276526
-0.1248567
-0.1153047
-0.1092727
-0.1130047
-0.1187762
-0.1125972
-0.0914392
-0.0678925
-0.0550951
-0.0505292
-0.0388857
-0.0091648
0.0367354
0.0947035
0.1742374
0.2984322
0.4849152
0.7252982
0.9815199
1.1986662
1.3189828
1.2898135
1.0765145
0.6891606
0.2050142
-0.2465357
-0.5437747
-0.6387454
-0.5770626
-0.4554880
-0.3537385
-0.2953228
-0.2609665
-0.2292498
-0.2001807
-0.1846219
-0.1824428
-0.1796119
-0.1654483
-0.1456486
-0.1347452
-0.1384946
-0.1476303
-0.1492616
-0.1416021
-0.1348911
-0.1380195
-0.1472314
-0.1506405
-0.1427330
-0.1307194
-0.1255129
-0.1296181
-0.1365200
-0.1400538
-0.1406378
-0.1417688
-0.1432989
-0.1407787
-0.1314018
-0.1186064
-0.1089341
-0.1045678
-0.1012633
-0.0949311
-0.0880360
-0.0862799
-0.0894023
-0.0890066
-0.0774757
-0.0571208
-0.0380918
-0.0275017
-0.0224275
-0.0143511
0.0006288
0.0178714
0.0312253
0.0423572
0.0601515
0.0900089
0.1262893
0.1578290
0.1798996
0.1980973
0.2204413
0.2483119
0.2767551
0.3023225
0.3280673
0.3596016
0.3972055
0.4340504
0.4634035
0.4861213
0.5086499
0.5338205
0.5564093
0.5692359
0.5717764
0.5704734
0.5708393
0.5709526
0.5632184
0.5416981
0.5071562
0.4653580
0.4215560
0.3776634
0.3343856
0.2938418
0.2581480
0.2262047
0.1943210
0.1608666
0.1289075
0.1029390
0.0833442
0.0652295
0.0435742
0.0195926
0.0009717
-0.0057526
-0.0032615
-0.0021952
-0.0105275
-0.0253155
-0.0368687
-0.0406406
-0.0425077
-0.0510030
-0.0658476
-0.0767380
-0.0745044
-0.0620931
-0.0522752
-0.0540534
-0.0635105
-0.0700202
-0.0698870
-0.0701095
-0.0778168
-0.0895425
-0.0944440
-0.0873482
-0.0751947
-0.0691743
-0.0724942
-0.0783383
-0.0795543
-0.0773995
-0.0785295
-0.0848138
-0.0898911
-0.0872544
-0.0789705
-0.0732404
-0.0742789
-0.0782398
-0.0801002
-0.0812759
-0.0871985
-0.0982761
-0.1069829
-0.1059755
-0.0974639
-0.0915615
-0.0947762
-0.1026708
-0.1061309
-0.1034147
-0.1023284
-0.1094857
-0.1206568
-0.1250531
-0.1184213
-0.1085734
-0.1065792
-0.1144186
-0.1236250
-0.1258303
-0.1222193
-0.1209255
-0.1262625
-0.1333342
-0.1343963
-0.1285001
-0.1222662
-0.1215416
-0.1251962
-0.1285092
-0.1304177
-0.1342978
-0.1414542
-0.1468128
-0.1436995
-0.1324697
-0.1218569
-0.1203603
-0.1276081
-0.1360685
-0.1404468
-0.1424494
-0.1454675
-0.1478448
-0.1449997
-0.1373814
-0.1320904
-0.1345042
-0.1408619
-0.1426803
-0.1382250
-0.1358705
-0.1437923
-0.1584238
-0.1668596
-0.1611704
-0.1470401
-0.1359201
-0.1309512
-0.1248190
-0.1118211
-0.0976367
-0.0934264
-0.1016019
-0.1115645
-0.1109914
-0.0988762
-0.0851187
-0.0786693
-0.0794147
-0.0821903
-0.0850068
-0.0896366
-0.0952597
-0.0964708
-0.0903857
-0.0831565
-0.0850588
-0.0984612
-0.1140585
-0.1214983
-0.1218729
-0.1260883
-0.1404577
-0.1573819
-0.1632370
-0.1542696
-0.1411658
-0.1368763
-0.1426764
-0.1488156
-0.1475097
-0.1414891
-0.1384396
-0.1398998
