0.9477636
1.1381825
1.2409157
1.1808983
0.9106728
0.4697145
-0.0100052
-0.3741435
-0.5400094
-0.5354763
-0.4546687
-0.3784896
-0.3312644
-0.2976312
-0.2635105
-0.2339339
-0.2190930
-0.2164720
-0.2129925
-0.2010133
-0.1861180
-0.1783059
-0.1794813
-0.1824669
-0.1807626
-0.1758521
-0.1738435
-0.1768918
-0.1801127
-0.1769956
-0.1664319
-0.1536370
-0.1447726
-0.1414946
-0.1405738
-0.1378547
-0.1319955
-0.1247669
-0.1185309
-0.1137476
-0.1085986
-0.1006843
-0.0892093
-0.0758775
-0.0636349
-0.0540325
-0.0454466
-0.0342105
-0.0181690
0.0007624
0.0182338
0.0322729
0.0462070
0.0658941
0.0935832
0.1249947
0.1532278
0.1756407
0.1963387
0.2216217
0.2534703
0.2880753
0.3204671
0.3495881
0.3783696
0.4095978
0.4427951
0.4751754
0.5045917
0.5307340
0.5537832
0.5727449
0.5853460
0.5891719
0.5828122
0.5665142
0.5422849
0.5130182
0.4805931
0.4444431
0.4025974
0.3548084
0.3043947
0.2561417
0.2121903
0.1708228
0.1299676
0.0913033
0.0595964
0.0375161
0.0219681
0.0066366
-0.0117705
-0.0305793
-0.0448702
-0.0536161
-0.0612203
-0.0726656
-0.0876858
-0.1004216
-0.1049987
-0.1012551
-0.0949948
-0.0928686
-0.0969842
-0.1040342
-0.1091758
-0.1106712
-0.1109757
-0.1135200
-0.1185752
-0.1224969
-0.1213130
-0.1151651
-0.1089659
-0.1081976
-0.1137658
-0.1211531
-0.1250013
-0.1245211
-0.1239435
-0.1274029
-0.1338745
-0.1379607
-0.1358723
-0.1299899
-0.1267934
-0.1302611
-0.1379353
-0.1439646
-0.1456928
-0.1463712
-0.1509207
-0.1595917
-0.1668628
-0.1670433
-0.1604933
-0.1536791
-0.1530260
-0.1590261
-0.1664663
-0.1701042
-0.1697141
-0.1694741
-0.1727208
-0.1778673
-0.1799082
-0.1759063
-0.1685416
-0.1638091
-0.1651595
-0.1702070
-0.1734577
-0.1720818
-0.1683668
-0.1660760
-0.1649383
-0.1600554
-0.1476265
-0.1307074
-0.1178414
-0.1150393
-0.1194162
-0.1217321
-0.1158428
-0.1054551
-0.1008692
-0.1085242
-0.1238147
-0.1347436
-0.1331384
-0.1224047
-0.1141829
-0.1173626
-0.1303286
-0.1437288
-0.1503914
-0.1520883
-0.1564360
-0.1676347
-0.1812465
-0.1887538
-0.1867683
-0.1804970
-0.1776749
-0.1801894
-0.1830915
-0.1815938
-0.1769979
-0.1741456
-0.1740002
-0.1714648
-0.1618028
-0.1472848
-0.1346589
-0.1262208
-0.1167233
-0.1009723
-0.0811195
-0.0607120
-0.0301865
0.0364279
0.1639478
0.3538680
0.5821892
0.8183291
1.0385386
1.2134753
1.2873078
1.1881805
0.8813328
0.4219181
-0.0515101
-0.3924504
-0.5329986
-0.5104114
-0.4185058
-0.3346443
-0.2835912
-0.2530378
-0.2277516
-0.2058257
-0.1919031
-0.1864240
-0.1849112
-0.1834020
-0.1805455
-0.1756419
-0.1682021
-0.1600280
-0.1550118
-0.1549296
-0.1564956
-0.1544815
-0.1477299
-0.1405538
-0.1375382
-0.1379784
-0.1366407
-0.1298777
-0.1198488
-0.1120083
-0.1089331
-0.1076315
-0.1032366
-0.0946518
-0.0856722
-0.0803143
-0.0775228
-0.0712235
-0.0561621
-0.0337007
-0.0111968
0.0050346
0.0159906
0.0284889
0.0473333
0.0700402
0.0903279
0.1062667
0.1233002
0.1483275
0.1816720
0.2164002
0.2459306
0.2711770
0.2989663
0.3336804
0.3720008
0.4068213
0.4354194
0.4621145
0.4925591
0.5267538
0.5588999
0.5837275
0.6014930
0.6158555
0.6274036
0.6307516
0.6191322
0.5917574
0.5556762
0.5196789
0.4865675
0.4518460
0.4097342
0.3597105
0.3069587
0.2571598
0.2118459
0.1691470
0.1283691
0.0925799
0.0658358
0.0480985
0.0338942
0.0167426
-0.0051198
-0.0276638
-0.0455368
-0.0572438
-0.0658265
-0.0747501
-0.0836977
-0.0890018
-0.0883430
-0.0843545
-0.0826680
-0.0862597
-0.0924974
-0.0963600
-0.0961343
-0.0950166
-0.0968776
-0.1012798
-0.1037435
-0.1011352
-0.0958629
-0.0936643
-0.0973010
-0.1035868
-0.1073117
-0.1072368
-0.1069116
-0.1096765
-0.1143403
-0.1167939
-0.1152413
-0.1124869
-0.1126722
-0.1167117
-0.1220212
-0.1264951
-0.1311855
-0.1379072
-0.1450517
-0.1479147
-0.1441577
-0.1376936
-0.1353772
-0.1397341
-0.1463914
-0.1495916
-0.1493555
-0.1514822
-0.1598938
-0.1703222
-0.1735669
-0.1655652
-0.1528439
-0.1464658
-0.1508352
-0.1599267
-0.1648478
-0.1634947
-0.1612538
-0.1629012
-0.1661025
-0.1642463
-0.1546949
-0.1421494
-0.1331254
-0.1286201
-0.1241889
-0.1170426
-0.1105746
-0.1100108
-0.1146882
-0.1173951
-0.1125149
-0.1033238
-0.0991878
-0.1052922
-0.1166379
-0.1235044
-0.1224688
-0.1203827
-0.1264420
-0.1412164
-0.1553402
-0.1595855
-0.1548715
-0.1509141
-0.1554037
-0.1662010
-0.1749813
-0.1773115
-0.1770153
-0.1799405
-0.1852926
-0.1858712
-0.1774040
-0.1650364
-0.1578852
-0.1579474
-0.1577942
-0.1505570
-0.1391908
-0.1322224
-0.1311285
-0.1266422
-0.1101289
-0.0848352
-0.0592243
-0.0274314
0.0377855
0.1654129
0.3584108
0.5890602
0.8212421
1.0286134
1.1831354
1.2322624
1.1090980
0.7870855
0.3313234
-0.1150945
-0.4138374
-0.5163421
-0.4778697
-0.3948935
-0.3299947
-0.2890188
-0.2532784
-0.2173968
-0.1930471
-0.1873411
-0.1907328
-0.1888939
-0.1798722
-0.1738436
-0.1775675
-0.1846187
-0.1832542
-0.1709081
-0.1570307
-0.1516735
-0.1546847
-0.1580960
-0.1568726
-0.1536917
-0.1528168
-0.1526213
-0.1470796
-0.1340038
-0.1189968
-0.1097551
-0.1075959
-0.1065534
-0.1010230
-0.0923017
-0.0857687
-0.0824702
-0.0763715
-0.0614153
-0.0395945
-0.0194826
-0.0066603
0.0022721
0.0150069
0.0343232
0.0556794
0.0740665
0.0911078
0.1133716
0.1440706
0.1787259
0.2103383
0.2374493
0.2649242
0.2969523
0.3317461
0.3646158
0.3947906
0.4267583
0.4644129
0.5054607
0.5428701
0.5713424
0.5910574
0.6048951
0.6135372
0.6149488
0.6082259
0.5955622
0.5789212
0.5561176
0.5226293
0.4776617
0.4265512
0.3759197
0.3275057
0.2784905
0.2277903
0.1800197
0.1415961
0.1134296
0.0893711
0.0627964
0.0335259
0.0067983
-0.0138134
-0.0301494
-0.0456293
-0.0600008
-0.0700694
-0.0748360
-0.0774648
-0.0814933
-0.0868522
-0.0911351
-0.0939190
-0.0976492
-0.1035062
-0.1081372
-0.1067673
-0.0996539
-0.0932550
-0.0933994
-0.0984671
-0.1015456
-0.0992899
-0.0962450
-0.0989302
-0.1070730
-0.1131020
-0.1107876
-0.1027275
-0.0977453
-0.1012106
-0.1095435
-0.1150456
-0.1148492
-0.1131788
-0.1149118
-0.1192832
-0.1215758
-0.1197381
-0.1169797
-0.1176366
-0.1224150
-0.1288149
-0.1349257
-0.1408592
-0.1464021
-0.1492639
-0.1474568
-0.1430006
-0.1411842
-0.1450172
-0.1516720
-0.1561422
-0.1577873
-0.1608149
-0.1675553
-0.1736241
-0.1722999
-0.1632937
-0.1546282
-0.1543822
-0.1616332
-0.1674213
-0.1649064
-0.1568324
-0.1513418
-0.1512067
-0.1498983
-0.1397261
-0.1221417
-0.1073325
-0.1034143
-0.1080949
-0.1121380
-0.1097038
-0.1035455
-0.1003548
-0.1029689
-0.1083231
-0.1120338
-0.1129841
-0.1129617
-0.1137192
-0.1163044
-0.1223312
-0.1329468
-0.1455254
-0.1538285
-0.1540615
-0.1501615
-0.1505402
-0.1588617
-0.1698253
-0.1754217
-0.1742045
-0.1722742
-0.1749619
-0.1798125
-0.1797104
-0.1719110
-0.1611743
-0.1533117
-0.1483851
-0.1425711
-0.1347873
-0.1276064
-0.1214499
-0.1118547
-0.0945978
-0.0698621
-0.0361226
0.0197562
0.1199732
0.2777618
0.4822448
0.7042665
0.9152610
1.0921343
1.1991114
1.1754247
0.9641284
0.5720312
0.1014691
-0.2934992
-0.5020475
-0.5222146
-0.4410942
-0.3544825
-0.3028275
-0.2724565
-0.2406648
-0.2077201
-0.1884268
-0.1868330
-0.1901963
-0.1862093
-0.1773319
-0.1741054
-0.1789880
-0.1827992
-0.1769319
-0.1641826
-0.1547416
-0.1536383
-0.1556964
-0.1533507
-0.1464772
-0.1416525
-0.1423157
-0.1430968
-0.1360954
-0.1212239
-0.1072409
-0.1018922
-0.1032234
-0.1024056
-0.0942433
-0.0826865
-0.0751296
-0.0726569
-0.0680890
-0.0543634
-0.0331959
-0.0133085
-0.0002429
0.0096966
0.0242003
0.0455937
0.0690863
0.0898015
0.1088468
0.1311531
0.1588733
0.1890558
0.2179103
0.2454214
0.2741648
0.3044349
0.3331893
0.3590470
0.3862402
0.4205392
0.4610797
0.4989714
0.5258192
0.5423638
0.5566535
0.5737606
0.5891018
0.5929783
0.5809784
0.5584360
0.5340831
0.5103738
0.4816516
0.4419016
0.3924673
0.3407878
0.2926971
0.2481123
0.2044060
0.1618740
0.1241219
0.0934238
0.0673244
0.0410335
0.0130636
-0.0127862
-0.0321403
-0.0460514
-0.0602898
-0.0778537
-0.0939045
-0.1003332
-0.0954385
-0.0873953
-0.0869285
-0.0968154
-0.1095507
-0.1158133
-0.1145964
-0.1137009
-0.1199047
-0.1302953
-0.1352929
-0.1299366
-0.1199332
-0.1154881
-0.1206013
-0.1300746
-0.1365167
-0.1383156
-0.1396601
-0.1436505
-0.1474958
-0.1459336
-0.1386492
-0.1319988
-0.1322093
-0.1383309
-0.1439169
-0.1452789
-0.1458029
-0.1510155
-0.1607053
-0.1678881
-0.1662641
-0.1579036
-0.1521412
-0.1560864
-0.1669767
-0.1753009
-0.1753754
-0.1710251
-0.1699445
-0.1741717
-0.1783259
-0.1770014
-0.1716256
-0.1685347
-0.1710587
-0.1754827
-0.1759651
-0.1724328
-0.1711596
-0.1763871
-0.1833560
-0.1826078
-0.1713344
-0.1576744
-0.1519009
-0.1546745
-0.1563260
-0.1480693
-0.1322817
-0.1202270
-0.1197017
-0.1263535
-0.1285080
-0.1201508
-0.1072848
-0.1006874
-0.1040906
-0.1114564
-0.1152386
-0.1148662
-0.1160304
-0.1229154
-0.1328434
-0.1390813
-0.1383841
-0.1348623
-0.1358339
-0.1442858
-0.1563684
-0.1661734
-0.1715157
-0.1742741
-0.1762838
-0.1765654
-0.1728663
-0.1651949
-0.1571567
-0.1531396
-0.1536076
-0.1536965
-0.1478852
-0.1364110
-0.1256021
-0.1205979
-0.1184857
-0.1104258
-0.0911065
-0.0644526
-0.0372410
-0.0057198
0.0493153
0.1497838
0.3003523
0.4825833
0.6697058
0.8424321
0.9832194
1.0555170
1.0014393
0.7779972
0.4072343
-0.0107398
-0.3462143
-0.5168076
-0.5297735
-0.4570475
-0.3719415
-0.3061328
-0.2555899
-0.2120279
-0.1796840
-0.1659527
-0.1670560
-0.1696132
-0.1644998
-0.1546219
-0.1481250
-0.1470247
-0.1455031
-0.1387829
-0.1301058
-0.1265900
-0.1298147
-0.1337150
-0.1321735
-0.1261056
-0.1214733
-0.1216605
-0.1236223
-0.1214933
-0.1129337
-0.1014565
-0.0926323
-0.0883493
-0.0853836
-0.0797353
-0.0713052
-0.0631738
-0.0567848
-0.0494021
-0.0369404
-0.0187262
0.0011056
0.0172374
0.0285677
0.0398115
0.0566791
0.0791813
0.1011818
0.1177743
0.1319765
0.1521603
0.1827393
0.2188708
0.2512284
0.2755634
0.2967207
0.3227499
0.3554357
0.3880115
0.4131543
0.4319465
0.4526002
0.4802324
0.5103139
0.5335486
0.5455786
0.5498605
0.5513688
0.5494661
0.5382843
0.5139821
0.4804428
0.4464100
0.4167294
0.3877450
0.3523541
0.3085383
0.2614115
0.2175987
0.1796315
0.1460475
0.1151158
0.0872162
0.0640370
0.0462541
0.0323278
0.0197523
0.0073120
-0.0045118
-0.0152633
-0.0253861
-0.0347913
-0.0417589
-0.0445086
-0.0434935
-0.0413416
-0.0407366
-0.0426447
-0.0460225
-0.0488990
-0.0503672
-0.0517536
-0.0550214
-0.0597811
-0.0629470
-0.0620063
-0.0579500
-0.0544317
-0.0544132
-0.0577177
-0.0612991
-0.0619975
-0.0598441
-0.0586170
-0.0622047
-0.0702490
-0.0780513
-0.0808362
-0.0777048
-0.0718893
-0.0679740
-0.0684947
-0.0723159
-0.0764277
-0.0796719
-0.0837658
-0.0897778
-0.0948537
-0.0944906
-0.0881189
-0.0808647
-0.0790033
-0.0840506
-0.0916279
-0.0961878
-0.0969359
-0.0985646
-0.1052537
-0.1144883
-0.1187824
-0.1141451
-0.1051334
-0.1002498
-0.1032543
-0.1100587
-0.1135563
-0.1106568
-0.1048660
-0.1022663
-0.1045999
-0.1065388
-0.1008016
-0.0861097
-0.0692086
-0.0588967
-0.0586776
-0.0647994
-0.0701308
-0.0698865
-0.0648645
-0.0597882
-0.0583861
-0.0604340
-0.0636760
-0.0671522
-0.0713213
-0.0761165
-0.0809699
-0.0865014
-0.0942666
-0.1043408
-0.1142563
-0.1209178
-0.1233969
-0.1239462
-0.1262430
-0.1319766
-0.1390483
-0.1439057
-0.1454707
-0.1454091
-0.1447093
-0.1422668
-0.1376219
-0.1327787
-0.1295457
-0.1266149
-0.1213795
-0.1140068
-0.1076585
-0.1041343
-0.1003861
-0.0904633
-0.0709921
-0.0431419
-0.0067308
0.0476440
0.1366883
0.2708172
0.4427905
0.6309028
0.8091614
0.9475356
1.0034186
0.9265049
0.6900128
0.3275014
-0.0634838
-0.3667968
-0.5130963
-0.5137725
-0.4372712
-0.3528246
-0.2918818
-0.2517392
-0.2214508
-0.1973728
-0.1802342
-0.1686038
-0.1596120
-0.1525802
-0.1485127
-0.1468052
-0.1447790
-0.1410944
-0.1381722
-0.1391510
-0.1421501
-0.1402025
-0.1294392
-0.1158142
-0.1099172
-0.1147251
-0.1217752
-0.1208274
-0.1108523
-0.0997360
-0.0947220
-0.0949693
-0.0932169
-0.0839419
-0.0695895
-0.0579945
-0.0531661
-0.0501930
-0.0410671
-0.0243729
-0.0066041
0.0060258
0.0147425
0.0264304
0.0458439
0.0702720
0.0921686
0.1077061
0.1220800
0.1439245
0.1740385
0.2029944
0.2222852
0.2353548
0.2541980
0.2858200
0.3249232
0.3602144
0.3860302
0.4068138
0.4304361
0.4578742
0.4812631
0.4936080
0.4985584
0.5068494
0.5228765
0.5383648
0.5407992
0.5256135
0.4985617
0.4681108
0.4374209
0.4032805
0.3621077
0.3166670
0.2753510
0.2434841
0.2170851
0.1878425
0.1532042
0.1185807
0.0900084
0.0676661
0.0471588
0.0251698
0.0031831
-0.0137116
-0.0222148
-0.0254053
-0.0302530
-0.0397038
-0.0496373
-0.0552897
-0.0579833
-0.0627072
-0.0708047
-0.0780660
-0.0796403
-0.0751131
-0.0691101
-0.0674745
-0.0718356
-0.0779935
-0.0813207
-0.0829036
-0.0870200
-0.0928590
-0.0935557
-0.0854142
-0.0743619
-0.0702261
-0.0761749
-0.0857369
-0.0896193
-0.0850664
-0.0790776
-0.0812807
-0.0922722
-0.1012785
-0.0983630
-0.0868829
-0.0796805
-0.0840280
-0.0947653
-0.1022306
-0.1029409
-0.1014975
-0.1043420
-0.1123185
-0.1188929
-0.1171810
-0.1092423
-0.1049679
-0.1097687
-0.1173569
-0.1183558
-0.1128856
-0.1101490
-0.1169363
-0.1299226
-0.1387896
-0.1356074
-0.1226983
-0.1116760
-0.1119506
-0.1200568
-0.1241888
-0.1192489
-0.1119183
-0.1095658
-0.1100988
-0.1059921
-0.0942200
-0.0791592
-0.0681173
-0.0652736
-0.0677968
-0.0683326
-0.0641377
-0.0618144
-0.0685663
-0.0809970
-0.0885691
-0.0869337
-0.0817952
-0.0803684
-0.0847495
-0.0930786
-0.1020377
-0.1088832
-0.1149429
-0.1248476
-0.1384553
-0.1475457
-0.1457660
-0.1379091
-0.1336992
-0.1360927
-0.1409323
-0.1440671
-0.1438947
-0.1411917
-0.1402950
-0.1448605
-0.1493879
-0.1429016
-0.1250884
-0.1095471
-0.1056014
-0.1061662
-0.0995560
-0.0837407
-0.0617576
-0.0306278
0.0196040
0.1020112
0.2283426
0.3971366
0.5842673
0.7552043
0.8828877
0.9378722
0.8703102
0.6378951
0.2667712
-0.1364461
-0.4484704
-0.5991188
-0.5898974
-0.4799400
-0.3590668
-0.2933423
-0.2723087
-0.2331432
-0.1503362
