-0.0500334
-0.0376945
-0.0171289
0.0092504
0.0330980
0.0492595
0.0612179
0.0766293
0.0988859
0.1247103
0.1497618
0.1745644
0.2033731
0.2379561
0.2746538
0.3084237
0.3383242
0.3673554
0.3973943
0.4262545
0.4505971
0.4706092
0.4902850
0.5127300
0.5358304
0.5531950
0.5594768
0.5544635
0.5417310
0.5237049
0.4989682
0.4648630
0.4220437
0.3753466
0.3298849
0.2869946
0.2446317
0.2013315
0.1586830
0.1194564
0.0842833
0.0517422
0.0219301
-0.0018508
-0.0168489
-0.0258583
-0.0360486
-0.0513901
-0.0675887
-0.0768017
-0.0774754
-0.0772507
-0.0844338
-0.0976585
-0.1064842
-0.1030381
-0.0913005
-0.0829918
-0.0848852
-0.0924966
-0.0969971
-0.0960341
-0.0951257
-0.0989513
-0.1045752
-0.1053860
-0.1002216
-0.0955120
-0.0974610
-0.1041930
-0.1080068
-0.1052480
-0.1015809
-0.1057233
-0.1187051
-0.1314812
-0.1341617
-0.1265660
-0.1182498
-0.1182180
-0.1259575
-0.1333445
-0.1344768
-0.1320290
-0.1333327
-0.1411961
-0.1501243
-0.1521644
-0.1457003
-0.1374323
-0.1356074
-0.1421092
-0.1516497
-0.1580064
-0.1598236
-0.1598855
-0.1596225
-0.1558739
-0.1440844
-0.1246156
-0.1049458
-0.0944783
-0.0964244
-0.1046722
-0.1089994
-0.1039483
-0.0931356
-0.0851853
-0.0855040
-0.0919016
-0.0978897
-0.0996057
-0.0989843
-0.1004934
-0.1059905
-0.1136532
-0.1212526
-0.1287200
-0.1366808
-0.1437082
-0.1470821
-0.1468573
-0.1476638
-0.1545678
-0.1668832
-0.1774969
-0.1795567
-0.1735346
-0.1666275
-0.1650356
-0.1677829
-0.1687214
-0.1638043
-0.1551196
-0.1476550
-0.1432774
-0.1388851
-0.1300035
-0.1145754
-0.0918786
-0.0577613
-0.0023096
0.0860205
0.2125705
0.3716022
0.5474616
0.7178292
0.8532755
0.9143685
0.8562336
0.6486725
0.3046273
-0.1058566
-0.4760290
-0.7119558
-0.7792655
-0.7136236
-0.5892319
-0.4719553
-0.3911615
-0.3430577
-0.3116792
-0.2859082
-0.2631458
-0.2448400
-0.2321523
-0.2244361
-0.2192654
-0.2136002
-0.2062423
-0.1994605
-0.1969014
-0.1989532
-0.2009577
-0.1973645
-0.1877715
-0.1778270
-0.1735679
-0.1753438
-0.1778270
-0.1755917
-0.1679696
-0.1586006
-0.1512169
-0.1463837
-0.1416964
-0.1342016
-0.1226423
-0.1082447
-0.0938675
-0.0819479
-0.0725927
-0.0635758
-0.0524356
-0.0384342
-0.0221609
-0.0035803
0.0185188
0.0446522
0.0729216
0.1001887
0.1250494
0.1488776
0.1736158
0.1993908
0.2253078
0.2522315
0.2831285
0.3194779
0.3579331
0.3920936
0.4182439
0.4385701
0.4578279
0.4771737
0.4924079
0.4987022
0.4961435
0.4894339
0.4819884
0.4713037
0.4511037
0.4180608
0.3757241
0.3314588
0.2899621
0.2504354
0.2099963
0.1688066
0.1308013
0.0993897
0.0735020
0.0488826
0.0231905
-0.0012292
-0.0203743
-0.0338331
-0.0457185
-0.0598315
-0.0748087
-0.0853919
-0.0886374
-0.0876614
-0.0882732
-0.0924786
-0.0967444
-0.0971158
-0.0947607
-0.0948747
-0.1000885
-0.1065159
-0.1075848
-0.1013388
-0.0926379
-0.0878664
-0.0886632
-0.0918454
-0.0946713
-0.0982023
-0.1046320
-0.1126612
-0.1176272
-0.1168241
-0.1133542
-0.1131516
-0.1182002
-0.1240846
-0.1252328
-0.1219540
-0.1208114
-0.1273669
-0.1392932
-0.1477859
-0.1461016
-0.1362113
-0.1267187
-0.1246698
-0.1300136
-0.1377811
-0.1442536
-0.1496698
-0.1551832
-0.1591203
-0.1580781
-0.1516677
-0.1444035
-0.1413277
-0.1419395
-0.1399202
-0.1298379
-0.1136036
-0.0991311
-0.0923523
-0.0914596
-0.0897457
-0.0834662
-0.0755519
-0.0713772
-0.0723908
-0.0754496
-0.0779344
-0.0812748
-0.0879266
-0.0959445
-0.0991329
-0.0939128
-0.0849064
-0.0817284
-0.0897100
-0.1048726
-0.1187532
-0.1271878
-0.1329189
-0.1399108
-0.1472580
-0.1502536
-0.1466665
-0.1400007
-0.1359220
-0.1366525
-0.1398720
-0.1422915
-0.1426627
-0.1411034
-0.1371206
-0.1296874
-0.1187487
-0.1052361
-0.0893099
-0.0693747
-0.0426795
-0.0051479
0.0504646
0.1343746
0.2539932
0.4058983
0.5733170
0.7310413
0.8503388
0.8977786
0.8348557
0.6320979
0.2974343
-0.1043953
-0.4679476
-0.6977223
-0.7586143
-0.6874785
-0.5594237
-0.4392886
-0.3549127
-0.3029410
-0.2698823
-0.2466161
-0.2299387
-0.2185246
-0.2107260
-0.2046953
-0.1985615
-0.1906984
-0.1810287
-0.1719093
-0.1663466
-0.1647220
-0.1641424
-0.1618140
-0.1583925
-0.1567499
-0.1574934
-0.1572248
-0.1523090
-0.1435785
-0.1356754
-0.1313939
-0.1281101
-0.1211964
-0.1104541
-0.1012239
-0.0980177
-0.0980287
-0.0927523
-0.0765202
-0.0523117
-0.0282511
-0.0091954
0.0066933
0.0231686
0.0400133
0.0540702
0.0656705
0.0812641
0.1074333
0.1427785
0.1779765
0.2050952
0.2258484
0.2490851
0.2802574
0.3151038
0.3448406
0.3666234
0.3869699
0.4142080
0.4487024
0.4818544
0.5045547
0.5152660
0.5191070
0.5200653
0.5159438
0.5016081
0.4760254
0.4444664
0.4134102
0.3843094
0.3532915
0.3165402
0.2746490
0.2312524
0.1887228
0.1470896
0.1073986
0.0740762
0.0516359
0.0388575
0.0282139
0.0127842
-0.0067310
-0.0234814
-0.0331233
-0.0391939
-0.0483264
-0.0611275
-0.0704747
-0.0700302
-0.0626623
-0.0579973
-0.0617173
-0.0697423
-0.0744022
-0.0744889
-0.0761471
-0.0834971
-0.0914520
-0.0907335
-0.0794526
-0.0667243
-0.0632391
-0.0698391
-0.0777157
-0.0796304
-0.0782522
-0.0816803
-0.0922011
-0.1024162
-0.1034594
-0.0952395
-0.0866352
-0.0860071
-0.0934042
-0.1025206
-0.1082916
-0.1105893
-0.1112860
-0.1106945
-0.1085935
-0.1070951
-0.1094873
-0.1155008
-0.1199820
-0.1185079
-0.1137198
-0.1135288
-0.1218511
-0.1326837
-0.1354586
-0.1262027
-0.1116012
-0.1012721
-0.0975079
-0.0942957
-0.0857980
-0.0734413
-0.0635915
-0.0598848
-0.0599756
-0.0595556
-0.0572259
-0.0542713
-0.0514848
-0.0487610
-0.0475899
-0.0510104
-0.0591888
-0.0667202
-0.0674766
-0.0627312
-0.0618061
-0.0722913
-0.0906093
-0.1050947
-0.1090408
-0.1081277
-0.1127243
-0.1243035
-0.1330143
-0.1297037
-0.1174404
-0.1082067
-0.1091804
-0.1157249
-0.1187724
-0.1157224
-0.1108028
-0.1063050
-0.0984007
-0.0836485
-0.0660692
-0.0531866
-0.0451792
-0.0319060
-0.0022173
0.0473557
0.1166053
0.2112685
0.3407885
0.5019409
0.6675832
0.7965987
0.8546389
0.8212530
0.6795454
0.4137513
0.0345981
-0.3887009
-0.7363566
-0.9010519
-0.8601111
-0.6899102
-0.5057652
-0.3814628
-0.3182535
-0.2787091
-0.2382811
-0.2021129
-0.1830573
-0.1781519
-0.1720275
-0.1570073
-0.1412656
-0.1360726
-0.1406710
-0.1439577
-0.1388933
-0.1301964
-0.1264494
-0.1282053
-0.1275940
-0.1190411
-0.1066060
-0.0986219
-0.0969826
-0.0950287
-0.0866626
-0.0748610
-0.0683842
-0.0703145
-0.0725935
-0.0638525
-0.0418247
-0.0159326
0.0028658
0.0131073
0.0224098
0.0372211
0.0555774
0.0710926
0.0823141
0.0954728
0.1174169
0.1477035
0.1794201
0.2072284
0.2325669
0.2602161
0.2914709
0.3228858
0.3517227
0.3803286
0.4131711
0.4500933
0.4847665
0.5111178
0.5302816
0.5493235
0.5727108
0.5965341
0.6125206
0.6171704
0.6150486
0.6122113
0.6076690
0.5932704
0.5624084
0.5175666
0.4682783
0.4223231
0.3802482
0.3383840
0.2952558
0.2533649
0.2153621
0.1808139
0.1479625
0.1173633
0.0916385
0.0713521
0.0530371
0.0330252
0.0127145
-0.0019260
-0.0070168
-0.0058913
-0.0062132
-0.0121908
-0.0210356
-0.0276082
-0.0311455
-0.0356612
-0.0438357
-0.0524671
-0.0555043
-0.0511152
-0.0442427
-0.0416407
-0.0452776
-0.0514287
-0.0556918
-0.0576074
-0.0599779
-0.0646506
-0.0701259
-0.0733964
-0.0733747
-0.0720533
-0.0726068
-0.0767839
-0.0839854
-0.0922563
-0.0997619
-0.1054498
-0.1088011
-0.1095301
-0.1079630
-0.1057289
-0.1054822
-0.1090500
-0.1154364
-0.1211378
-0.1232580
-0.1225380
-0.1227453
-0.1265458
-0.1322132
-0.1350567
-0.1322120
-0.1254471
-0.1188812
-0.1144853
-0.1106746
-0.1052456
-0.0985620
-0.0929870
-0.0897124
-0.0874253
-0.0844522
-0.0811095
-0.0787760
-0.0770294
-0.0733858
-0.0669451
-0.0614568
-0.0628648
-0.0727958
-0.0852146
-0.0910117
-0.0866588
-0.0780348
-0.0751764
-0.0831326
-0.0980070
-0.1116056
-0.1193059
-0.1231621
-0.1279656
-0.1352953
-0.1418974
-0.1434554
-0.1391916
-0.1325368
-0.1277349
-0.1262644
-0.1264253
-0.1257469
-0.1233486
-0.1202000
-0.1176442
-0.1157921
-0.1129079
-0.1060275
-0.0925092
-0.0714799
-0.0433962
-0.0069085
0.0446262
0.1224509
0.2356421
0.3824807
0.5468759
0.7018914
0.8153510
0.8527814
0.7811998
0.5817470
0.2699183
-0.0933582
-0.4181771
-0.6271912
-0.6943122
-0.6505830
-0.5544182
-0.4536491
-0.3692880
-0.3049578
-0.2615339
-0.2392326
-0.2311986
-0.2242759
-0.2105892
-0.1958684
-0.1920053
-0.2010976
-0.2104685
-0.2059125
-0.1880172
-0.1718742
-0.1701078
-0.1791177
-0.1843812
-0.1777431
-0.1658405
-0.1603524
-0.1628211
-0.1625756
-0.1497523
-0.1273533
-0.1081401
-0.1005635
-0.1003196
-0.0965288
-0.0842462
-0.0686542
-0.0571681
-0.0497664
-0.0388536
-0.0180886
0.0104093
0.0382633
0.0592239
0.0743516
0.0892857
0.1077748
0.1287057
0.1489324
0.1678506
0.1885831
0.2148615
0.2470522
0.2812423
0.3122095
0.3376118
0.3596543
0.3826374
0.4085465
0.4349576
0.4575142
0.4744788
0.4882963
0.5021542
0.5153266
0.5228685
0.5203099
0.5078798
0.4891233
0.4656692
0.4349821
0.3944743
0.3471453
0.3012499
0.2632644
0.2317758
0.1995080
0.1615780
0.1208923
0.0848221
0.0571275
0.0342064
0.0096088
-0.0183994
-0.0444564
-0.0612756
-0.0668525
-0.0664815
-0.0679033
-0.0745906
-0.0835557
-0.0893463
-0.0899473
-0.0887190
-0.0906190
-0.0967323
-0.1028971
-0.1040611
-0.1000014
-0.0963753
-0.0996672
-0.1108542
-0.1240679
-0.1316610
-0.1308449
-0.1256742
-0.1227934
-0.1252840
-0.1304494
-0.1332755
-0.1318104
-0.1291237
-0.1301810
-0.1370791
-0.1474448
-0.1571614
-0.1639957
-0.1682505
-0.1705641
-0.1704486
-0.1677289
-0.1645931
-0.1645759
-0.1688184
-0.1743169
-0.1772296
-0.1778354
-0.1806739
-0.1886737
-0.1979747
-0.2004764
-0.1922973
-0.1785542
-0.1682586
-0.1646026
-0.1618804
-0.1529741
-0.1388264
-0.1285181
-0.1292568
-0.1375169
-0.1417343
-0.1341109
-0.1188632
-0.1081380
-0.1101597
-0.1220542
-0.1340577
-0.1395986
-0.1404707
-0.1427547
-0.1492015
-0.1565875
-0.1601721
-0.1596192
-0.1597502
-0.1654788
-0.1764494
-0.1870574
-0.1919090
-0.1911871
-0.1903786
-0.1944801
-0.2025579
-0.2084006
-0.2067198
-0.1983641
-0.1889787
-0.1827584
-0.1783682
-0.1713669
-0.1596972
-0.1453303
-0.1301251
-0.1110249
-0.0800442
-0.0282125
0.0515555
0.1643945
0.3124785
0.4900783
0.6781337
0.8447254
0.9525917
0.9683627
0.8694190
0.6507260
0.3343237
-0.0249194
-0.3499092
-0.5713027
-0.6602404
-0.6391079
-0.5613121
-0.4768241
-0.4101525
-0.3624510
-0.3270166
-0.3002927
-0.2818469
-0.2701322
-0.2618759
-0.2548023
-0.2487542
-0.2438762
-0.2392898
-0.2344837
-0.2309564
-0.2308237
-0.2334845
-0.2347789
-0.2304992
-0.2207524
-0.2103082
-0.2043673
-0.2040045
-0.2055978
-0.2043679
-0.1984420
-0.1899049
-0.1822598
-0.1767282
-0.1707237
-0.1601131
-0.1435035
-0.1243860
-0.1083573
-0.0975460
-0.0880490
-0.0737863
-0.0531724
-0.0311202
-0.0135363
-0.0001530
0.0159231
0.0409393
0.0735470
0.1061120
0.1327681
0.1550481
0.1790938
0.2083711
0.2405196
0.2713036
0.3000724
0.3300178
0.3634047
0.3979290
0.4284918
0.4520230
0.4697311
0.4845587
0.4970356
0.5040738
0.5017619
0.4891111
0.4690017
0.4454577
0.4199364
0.3903530
0.3540151
0.3115976
0.2677537
0.2271674
0.1900729
0.1525963
0.1122492
0.0725416
0.0407635
0.0205183
0.0072917
-0.0072687
-0.0265571
-0.0456602
-0.0576671
-0.0625799
-0.0681793
-0.0811405
-0.0982856
-0.1085116
-0.1042422
-0.0901725
-0.0794149
-0.0807556
-0.0905762
-0.0979494
-0.0969572
-0.0924989
-0.0934351
-0.1012620
-0.1074479
-0.1026122
-0.0872912
-0.0722817
-0.0682008
-0.0755833
-0.0856831
-0.0901817
-0.0889684
-0.0884103
-0.0932669
-0.1014486
-0.1066162
-0.1050101
-0.0991726
-0.0951981
-0.0967952
-0.1022042
-0.1068310
-0.1086651
-0.1105928
-0.1167087
-0.1262773
-0.1324336
-0.1283897
-0.1153293
-0.1029322
-0.1006199
-0.1082122
-0.1162800
-0.1160434
-0.1077561
-0.0983176
-0.0917395
-0.0845859
-0.0719982
-0.0562667
-0.0462368
-0.0471861
-0.0533484
-0.0531020
-0.0418989
-0.0281298
-0.0245611
-0.0344099
-0.0474647
-0.0505456
-0.0408125
-0.0277534
-0.0225739
-0.0272480
-0.0348048
-0.0391682
-0.0424219
-0.0511806
-0.0668529
-0.0817888
-0.0864547
-0.0798145
-0.0709537
-0.0696521
-0.0761845
-0.0816571
-0.0782856
-0.0678300
-0.0588401
-0.0564499
-0.0567344
-0.0516327
-0.0378700
-0.0193603
-0.0011833
0.0171057
0.0419909
0.0821854
0.1463982
0.2433964
0.3795597
0.5522161
0.7443411
0.9262163
1.0615164
1.1114147
1.0381582
0.8179121
0.4648088
0.0478130
-0.3250110
-0.5570011
-0.6151943
-0.5426709
-0.4209878
-0.3154035
-0.2464395
-0.2017308
-0.1653938
-0.1344946
-0.1143141
-0.1066424
-0.1060763
-0.1049797
-0.0988082
-0.0872289
-0.0730246
-0.0608971
-0.0551527
-0.0561615
-0.0591835
-0.0583640
-0.0524964
-0.0458347
-0.0425266
-0.0412075
-0.0364817
-0.0256194
-0.0122544
-0.0025013
0.0018235
0.0047954
0.0111448
0.0206810
0.0289910
0.0334340
0.0373218
0.0473067
0.0665526
0.0908575
0.1119311
0.1248312
0.1323347
0.1418890
0.1581325
0.1786690
0.1977129
0.2137989
0.2327249
0.2615719
0.2999234
0.3386496
0.3687357
0.3906644
0.4131791
0.4421930
0.4727937
0.4945367
0.5045668
0.5129234
0.5326527
0.5651442
0.5973188
0.6140843
0.6121858
0.6005097
0.5879140
0.5734745
0.5497839
0.5138506
0.4718992
0.4329132
0.3994567
0.3665778
0.3290051
0.2873630
0.2467130
0.2106390
0.1785427
0.1484569
0.1206511
0.0973817
0.0798720
0.0667937
0.0557191
0.0450603
0.0342657
0.0231311
0.0119834
0.0022696
-0.0042123
-0.0072043
-0.0085431
-0.0102783
-0.0125956
-0.0142258
-0.0146289
-0.0148164
-0.0158041
-0.0173012
-0.0188372
-0.0214801
-0.0267784
-0.0335535
-0.0373224
-0.0347303
-0.0284636
-0.0260019
-0.0323533
-0.0447726
-0.0559258
-0.0619884
-0.0660157
-0.0727191
-0.0815800
-0.0872864
-0.0869521
-0.0845955
-0.0866615
-0.0940101
-0.1007954
-0.1021603
-0.1011516
-0.1055757
-0.1179194
-0.1307090
-0.1338327
-0.1259306
-0.1164467
-0.1154331
-0.1225323
-0.1277041
-0.1227595
-0.1104294
-0.1008493
-0.0999867
-0.1034643
-0.1023852
-0.0937371
-0.0832589
-0.0782275
-0.0794992
-0.0822143
-0.0833704
-0.0860448
-0.0946956
-0.1077144
-0.1173965
