-0.2557118
-0.3093233
-0.2363890
-0.2038457
-0.2429525
-0.2589164
-0.2240387
-0.2056225
-0.2275917
-0.2394300
-0.2201172
-0.2050112
-0.2072327
-0.2011402
-0.1852821
-0.1859988
-0.1991567
-0.1944026
-0.1741005
-0.1689303
-0.1800849
-0.1794209
-0.1609214
-0.1440325
-0.1333112
-0.1176916
-0.1009247
-0.0942018
-0.0886062
-0.0687617
-0.0416438
-0.0216909
-0.0022208
0.0298936
0.0672186
0.0963606
0.1235499
0.1610552
0.2036983
0.2405199
0.2742256
0.3108146
0.3465091
0.3804751
0.4222730
0.4723728
0.5139850
0.5373553
0.5536448
0.5731901
0.5886021
0.5899961
0.5793235
0.5606866
0.5330232
0.4989622
0.4649148
0.4284139
0.3815196
0.3282899
0.2814765
0.2413483
0.1962206
0.1451281
0.1023040
0.0774656
0.0664811
0.0611206
0.0544821
0.0397249
0.0175782
0.0017877
0.0039548
0.0172824
0.0273452
0.0326402
0.0418139
0.0570059
0.0724878
0.0840290
0.0889696
0.0836925
0.0705657
0.0599139
0.0565204
0.0524351
0.0408904
0.0280845
0.0234212
0.0271094
0.0343106
0.0425476
0.0492276
0.0511515
0.0514051
0.0572582
0.0672523
0.0702119
0.0606053
0.0453386
0.0326891
0.0238277
0.0167759
0.0092050
-0.0034070
-0.0227717
-0.0408719
-0.0475568
-0.0445175
-0.0424361
-0.0455209
-0.0482369
-0.0459038
-0.0395080
-0.0314958
-0.0246872
-0.0230316
-0.0265087
-0.0289799
-0.0276951
-0.0297084
-0.0414294
-0.0572031
-0.0662597
-0.0665819
-0.0649397
-0.0674616
-0.0758729
-0.0883658
-0.0995779
-0.1050949
-0.1095917
-0.1237796
-0.1494134
-0.1743287
-0.1863469
-0.1856524
-0.1805066
-0.1778410
-0.1808749
-0.1886627
-0.1947553
-0.1924461
-0.1834200
-0.1755305
-0.1714428
-0.1656331
-0.1523731
-0.1299304
-0.0971258
-0.0519337
0.0079572
0.0897778
0.2080817
0.3730497
0.5747510
0.7830172
0.9599947
1.0674436
1.0678573
0.9330552
0.6613096
0.2899962
-0.1059105
-0.4341763
-0.6244690
-0.6661735
-0.6097020
-0.5241107
-0.4507704
-0.3941767
-0.3450844
-0.3020409
-0.2730533
-0.2641890
-0.2693935
-0.2729201
-0.2650957
-0.2539938
-0.2549549
-0.2690136
-0.2800698
-0.2752224
-0.2599056
-0.2494947
-0.2521361
-0.2631316
-0.2714524
-0.2691600
-0.2578334
-0.2468422
-0.2427455
-0.2417186
-0.2359469
-0.2247462
-0.2140746
-0.2073460
-0.2025233
-0.1966145
-0.1876956
-0.1743051
-0.1579521
-0.1441889
-0.1360699
-0.1282993
-0.1124112
-0.0860687
-0.0537396
-0.0207663
0.0097524
0.0371223
0.0637195
0.0932284
0.1260648
0.1596288
0.1943468
0.2346809
0.2818887
0.3304072
0.3738411
0.4103889
0.4407855
0.4658642
0.4881354
0.5106883
0.5317595
0.5442351
0.5428453
0.5291977
0.5089442
0.4866026
0.4625908
0.4321889
0.3889545
0.3332910
0.2759003
0.2278706
0.1887717
0.1496197
0.1063167
0.0646669
0.0323679
0.0107009
-0.0055894
-0.0232123
-0.0445888
-0.0651784
-0.0784187
-0.0850070
-0.0937513
-0.1103657
-0.1290739
-0.1390790
-0.1367791
-0.1285605
-0.1239786
-0.1284064
-0.1393765
-0.1479829
-0.1469624
-0.1392773
-0.1355441
-0.1415411
-0.1518771
-0.1575587
-0.1561948
-0.1530624
-0.1551963
-0.1656008
-0.1805516
-0.1922917
-0.1972184
-0.2007856
-0.2107299
-0.2263124
-0.2386568
-0.2415328
-0.2377186
-0.2347623
-0.2380878
-0.2479243
-0.2594216
-0.2658511
-0.2644421
-0.2586163
-0.2527475
-0.2468039
-0.2385542
-0.2284258
-0.2189330
-0.2113420
-0.2058049
-0.2027964
-0.2020496
-0.2025746
-0.2059884
-0.2165711
-0.2347299
-0.2528452
-0.2611625
-0.2572257
-0.2481291
-0.2445131
-0.2521410
-0.2667131
-0.2770163
-0.2764414
-0.2712948
-0.2738696
-0.2872710
-0.3015997
-0.3058913
-0.2993954
-0.2897207
-0.2838400
-0.2827719
-0.2821860
-0.2765761
-0.2646593
-0.2513920
-0.2432521
-0.2414742
-0.2406049
-0.2322698
-0.2093938
-0.1691674
-0.1131202
-0.0406704
0.0591341
0.2033345
0.3956779
0.6125139
0.8118043
0.9539113
1.0096252
0.9532669
0.7628098
0.4403914
0.0369115
-0.3504339
-0.6206806
-0.7265032
-0.6988181
-0.6145014
-0.5368912
-0.4836269
-0.4418081
-0.4002550
-0.3624287
-0.3369655
-0.3258803
-0.3231418
-0.3209511
-0.3160137
-0.3104186
-0.3070031
-0.3051232
-0.3019567
-0.2962220
-0.2885637
-0.2799380
-0.2720292
-0.2672763
-0.2653038
-0.2610886
-0.2503969
-0.2358964
-0.2241004
-0.2167123
-0.2082727
-0.1923402
-0.1676875
-0.1387646
-0.1117543
-0.0891875
-0.0668460
-0.0372970
0.0019473
0.0451719
0.0846275
0.1184403
0.1514991
0.1903171
0.2374932
0.2887090
0.3345525
0.3682856
0.3928507
0.4173432
0.4457549
0.4728153
0.4928145
0.5092849
0.5327642
0.5696276
0.6145375
0.6539230
0.6775525
0.6877965
0.6963981
0.7105134
0.7235870
0.7223997
0.7013451
0.6665761
0.6276387
0.5890723
0.5497521
0.5063002
0.4560090
0.3990193
0.3390656
0.2814433
0.2300884
0.1863559
0.1488789
0.1141818
0.0799986
0.0492445
0.0280233
0.0179034
0.0127520
0.0054557
-0.0044617
-0.0123831
-0.0159981
-0.0183884
-0.0239301
-0.0324357
-0.0376449
-0.0324772
-0.0173624
-0.0022245
0.0028533
-0.0012351
-0.0040289
0.0015991
0.0112212
0.0146358
0.0072825
-0.0054163
-0.0134554
-0.0112940
-0.0029333
0.0016221
-0.0041614
-0.0177365
-0.0318170
-0.0425369
-0.0516665
-0.0625666
-0.0763178
-0.0905956
-0.1002981
-0.1009333
-0.0940599
-0.0881595
-0.0911231
-0.1019113
-0.1114558
-0.1116073
-0.1021642
-0.0899610
-0.0822009
-0.0800532
-0.0782546
-0.0717585
-0.0623239
-0.0566012
-0.0580945
-0.0639029
-0.0696598
-0.0743400
-0.0789759
-0.0836902
-0.0879916
-0.0919691
-0.0953502
-0.0967016
-0.0950592
-0.0917417
-0.0898088
-0.0918616
-0.0979248
-0.1049925
-0.1097010
-0.1120340
-0.1143256
-0.1153966
-0.1091283
-0.0927025
-0.0741713
-0.0665031
-0.0731716
-0.0833642
-0.0835153
-0.0718145
-0.0593405
-0.0568677
-0.0616153
-0.0582926
-0.0334831
0.0135558
0.0775120
0.1626595
0.2855388
0.4581970
0.6699476
0.8854973
1.0560130
1.1300072
1.0629270
0.8338646
0.4674085
0.0421248
-0.3322564
-0.5644944
-0.6274825
-0.5650265
-0.4540198
-0.3543496
-0.2858267
-0.2402044
-0.2046664
-0.1738275
-0.1484328
-0.1303612
-0.1196200
-0.1138851
-0.1101811
-0.1071375
-0.1054501
-0.1062875
-0.1092902
-0.1114294
-0.1081034
-0.0974227
-0.0840568
-0.0762039
-0.0767670
-0.0794540
-0.0759106
-0.0653406
-0.0547332
-0.0503709
-0.0511791
-0.0502086
-0.0413921
-0.0251832
-0.0082838
0.0027827
0.0082092
0.0142556
0.0262386
0.0437452
0.0629136
0.0814696
0.1007051
0.1238150
0.1527500
0.1856137
0.2173864
0.2448451
0.2705119
0.2997102
0.3337014
0.3679114
0.3974539
0.4225798
0.4478301
0.4767684
0.5079242
0.5355117
0.5546297
0.5662096
0.5755239
0.5847259
0.5885363
0.5794149
0.5561297
0.5250643
0.4931539
0.4609705
0.4228709
0.3734807
0.3145988
0.2557673
0.2064090
0.1666893
0.1278759
0.0828815
0.0348790
-0.0059636
-0.0331726
-0.0500457
-0.0657320
-0.0862359
-0.1091434
-0.1272441
-0.1376255
-0.1458088
-0.1588701
-0.1753994
-0.1856720
-0.1829052
-0.1719811
-0.1651028
-0.1694984
-0.1805194
-0.1869054
-0.1827486
-0.1739733
-0.1718746
-0.1800059
-0.1895758
-0.1894671
-0.1789380
-0.1677516
-0.1647322
-0.1692757
-0.1744698
-0.1759596
-0.1760551
-0.1797364
-0.1878976
-0.1956392
-0.1978893
-0.1957284
-0.1951104
-0.1993899
-0.2057353
-0.2099797
-0.2124673
-0.2167743
-0.2237779
-0.2292264
-0.2274657
-0.2169436
-0.2021647
-0.1901718
-0.1844153
-0.1822578
-0.1792973
-0.1752844
-0.1738945
-0.1770926
-0.1823607
-0.1863880
-0.1895546
-0.1951848
-0.2048779
-0.2155392
-0.2215830
-0.2208720
-0.2186086
-0.2235719
-0.2388243
-0.2571380
-0.2676188
-0.2666891
-0.2611414
-0.2606132
-0.2682416
-0.2783793
-0.2823703
-0.2767814
-0.2666604
-0.2601763
-0.2594964
-0.2579155
-0.2469319
-0.2254377
-0.2009911
-0.1823030
-0.1706418
-0.1578656
-0.1328269
-0.0905935
-0.0349224
0.0300689
0.1101972
0.2198492
0.3679154
0.5453382
0.7262999
0.8785579
0.9699135
0.9673256
0.8393076
0.5724909
0.1962939
-0.2083389
-0.5362544
-0.7112092
-0.7255310
-0.6341087
-0.5105281
-0.4039866
-0.3267174
-0.2691185
-0.2200801
-0.1759882
-0.1382604
-0.1082790
-0.0859975
-0.0711301
-0.0630083
-0.0592671
-0.0567578
-0.0543326
-0.0529105
-0.0520916
-0.0488090
-0.0408592
-0.0302224
-0.0210554
-0.0151847
-0.0110727
-0.0066519
-0.0017045
0.0025862
0.0055435
0.0081292
0.0121851
0.0185124
0.0261664
0.0340926
0.0426309
0.0523548
0.0623201
0.0712883
0.0804604
0.0931276
0.1112217
0.1334831
0.1572200
0.1806493
0.2033227
0.2255223
0.2478993
0.2713028
0.2968404
0.3261008
0.3603773
0.3987826
0.4377571
0.4734454
0.5042586
0.5305750
0.5528045
0.5708669
0.5851358
0.5967428
0.6065308
0.6134779
0.6137214
0.6018485
0.5750199
0.5362853
0.4921710
0.4461397
0.3960022
0.3391385
0.2790897
0.2249415
0.1836454
0.1535324
0.1259279
0.0935695
0.0575359
0.0252610
0.0015867
-0.0165568
-0.0350842
-0.0539140
-0.0663196
-0.0676820
-0.0623867
-0.0600560
-0.0655892
-0.0745324
-0.0788389
-0.0764122
-0.0733319
-0.0755214
-0.0795437
-0.0748955
-0.0566928
-0.0334350
-0.0192830
-0.0194346
-0.0257851
-0.0270986
-0.0208564
-0.0136499
-0.0115370
-0.0128345
-0.0116739
-0.0071630
-0.0059455
-0.0143077
-0.0300883
-0.0456038
-0.0578981
-0.0721008
-0.0930150
-0.1164347
-0.1320648
-0.1343814
-0.1279574
-0.1215225
-0.1187283
-0.1164538
-0.1115249
-0.1063109
-0.1052099
-0.1063241
-0.1003958
-0.0806580
-0.0522675
-0.0290063
-0.0204714
-0.0244124
-0.0315850
-0.0355446
-0.0362465
-0.0357427
-0.0331881
-0.0255559
-0.0127943
-0.0004590
0.0045195
0.0007169
-0.0065261
-0.0111359
-0.0122326
-0.0132510
-0.0165044
-0.0201846
-0.0205582
-0.0162678
-0.0104772
-0.0088667
-0.0147394
-0.0255761
-0.0350592
-0.0391496
-0.0398015
-0.0420780
-0.0475292
-0.0505244
-0.0414927
-0.0147322
0.0267946
0.0764273
0.1358258
0.2209838
0.3520386
0.5335910
0.7441645
0.9444829
1.0943119
1.1608408
1.1158277
0.9361638
0.6205912
0.2128610
-0.1967786
-0.5080620
-0.6645186
-0.6806790
-0.6194242
-0.5423482
-0.4777299
-0.4262471
-0.3849535
-0.3588032
-0.3520452
-0.3573752
-0.3602881
-0.3542045
-0.3469837
-0.3497693
-0.3616504
-0.3694228
-0.3628342
-0.3463714
-0.3335928
-0.3317498
-0.3349769
-0.3325208
-0.3210418
-0.3071240
-0.2985598
-0.2954684
-0.2915219
-0.2829914
-0.2737595
-0.2698106
-0.2705656
-0.2686755
-0.2587974
-0.2443087
-0.2336731
-0.2306661
-0.2293254
-0.2190069
-0.1945100
-0.1612213
-0.1300203
-0.1070572
-0.0889649
-0.0680015
-0.0405776
-0.0096801
0.0203215
0.0495793
0.0827835
0.1235936
0.1695345
0.2131020
0.2486437
0.2778505
0.3073122
0.3405873
0.3741767
0.4020195
0.4223283
0.4379554
0.4501512
0.4540044
0.4418482
0.4114241
0.3694780
0.3257490
0.2832438
0.2361771
0.1789351
0.1158300
0.0593550
0.0181373
-0.0116185
-0.0414876
-0.0785324
-0.1188255
-0.1528627
-0.1759796
-0.1923766
-0.2091754
-0.2281897
-0.2451986
-0.2568400
-0.2656627
-0.2767708
-0.2908900
-0.3031698
-0.3091196
-0.3100211
-0.3113168
-0.3161195
-0.3213924
-0.3212192
-0.3137532
-0.3039564
-0.2983800
-0.2974515
-0.2943879
-0.2824910
-0.2625305
-0.2416451
-0.2250368
-0.2099068
-0.1886367
-0.1582201
-0.1256833
-0.1024261
-0.0922124
-0.0860114
-0.0708643
-0.0440796
-0.0168701
-0.0029730
-0.0048739
-0.0126448
-0.0157900
-0.0142700
-0.0166772
-0.0284101
-0.0439062
-0.0521150
-0.0487952
-0.0410453
-0.0388418
-0.0439355
-0.0489571
-0.0466633
-0.0378784
-0.0299249
-0.0289463
-0.0350585
-0.0443922
-0.0542715
-0.0654035
-0.0793208
-0.0949804
-0.1089901
-0.1190419
-0.1261983
-0.1335336
-0.1430913
-0.1543162
-0.1648653
-0.1727154
-0.1778389
-0.1816297
-0.1839564
-0.1812218
-0.1693139
-0.1497257
-0.1314533
-0.1242862
-0.1290921
-0.1358529
-0.1330654
-0.1193967
-0.1045230
-0.0970868
-0.0928729
-0.0773970
-0.0403292
0.0161587
0.0862489
0.1752404
0.2994914
0.4680238
0.6651136
0.8526008
0.9875342
1.0349179
0.9668935
0.7628178
0.4266084
0.0111950
-0.3829533
-0.6525160
-0.7515014
-0.7149654
-0.6236989
-0.5425484
-0.4870061
-0.4394505
-0.3868804
-0.3384097
-0.3110332
-0.3075231
-0.3133172
-0.3128558
-0.3039055
-0.2944894
-0.2895412
-0.2846951
-0.2728893
-0.2535051
-0.2330090
-0.2179768
-0.2093995
-0.2035381
-0.1965953
-0.1876437
-0.1777430
-0.1676380
-0.1571078
-0.1460644
-0.1350855
-0.1243293
-0.1126067
-0.0983811
-0.0816139
-0.0640137
-0.0472480
-0.0310419
-0.0130404
0.0093794
0.0367178
0.0664664
0.0949372
0.1204193
0.1444659
0.1698933
0.1977937
0.2269238
0.2559665
0.2859565
0.3200147
0.3602485
0.4046981
0.4477890
0.4846535
0.5153576
0.5444903
0.5762675
0.6101918
0.6415975
0.6660439
0.6826502
0.6930047
0.6972515
0.6922047
0.6742709
0.6441922
0.6076214
0.5699176
0.5309002
0.4861401
0.4336460
0.3779209
0.3263084
0.2819003
0.2414891
0.2009306
0.1612100
0.1275039
0.1022374
0.0811729
0.0583822
0.0345096
0.0174896
0.0136327
0.0193602
0.0238048
0.0195471
0.0091171
0.0003741
-0.0028473
-0.0036963
-0.0064870
-0.0104405
-0.0109673
-0.0061635
0.0005382
0.0051467
0.0086755
0.0157143
0.0277308
0.0399831
0.0461830
0.0451564
0.0417299
0.0415653
0.0462231
0.0529301
0.0575210
0.0568506
0.0496769
0.0371776
0.0228930
0.0105394
0.0006094
-0.0100631
-0.0238596
-0.0379341
-0.0464291
-0.0480173
-0.0491289
-0.0571238
-0.0707219
-0.0801780
-0.0785499
-0.0710074
-0.0701909
-0.0820587
-0.0986839
-0.1069139
-0.1032136
-0.0976381
-0.1026809
-0.1202448
-0.1412097
-0.1564116
-0.1651256
-0.1722099
-0.1798275
-0.1851258
-0.1859974
-0.1862632
-0.1928065
-0.2078353
-0.2258548
-0.2394181
-0.2471639
-0.2546804
-0.2669845
-0.2813456
-0.2891342
-0.2851238
-0.2738645
-0.2656018
-0.2658437
-0.2701275
-0.2700243
-0.2634754
-0.2569177
-0.2559293
-0.2554906
-0.2426518
-0.2094539
-0.1598450
-0.1001909
-0.0239589
0.0887111
0.2516688
0.4531067
0.6571699
0.8236271
0.9212507
0.9216079
0.7910127
0.5075625
0.0990945
-0.3391288
-0.6813433
-0.8444861
-0.8365630
-0.7371475
-0.6304294
-0.5529940
-0.4959612
-0.4430595
-0.3968238
-0.3702863
-0.3647750
-0.3652928
-0.3574339
-0.3425004
-0.3324557
-0.3328463
-0.3353117
-0.3276047
-0.3078664
-0.2866074
-0.2754740
-0.2761477
-0.2805445
-0.2801865
-0.2739580
-0.2670385
-0.2636211
-0.2616683
-0.2550239
-0.2404867
