-0.0589659
-0.0690079
-0.0826654
-0.0930289
-0.0949929
-0.0924217
-0.0943753
-0.1046600
-0.1176061
-0.1252501
-0.1267417
-0.1281231
-0.1331027
-0.1370972
-0.1325988
-0.1191562
-0.1050069
-0.0979763
-0.0971093
-0.0955016
-0.0900299
-0.0845620
-0.0821448
-0.0770214
-0.0582237
-0.0208471
0.0304441
0.0920894
0.1737535
0.2949724
0.4668401
0.6767265
0.8894507
1.0587044
1.1349709
1.0705925
0.8362158
0.4505959
-0.0018237
-0.3959675
-0.6296325
-0.6795837
-0.6037172
-0.4892911
-0.3943326
-0.3289194
-0.2790352
-0.2372427
-0.2090535
-0.1984077
-0.1974305
-0.1937701
-0.1839172
-0.1746981
-0.1720233
-0.1721389
-0.1663312
-0.1525407
-0.1390238
-0.1353888
-0.1416761
-0.1482364
-0.1462502
-0.1366035
-0.1274333
-0.1240917
-0.1234165
-0.1181483
-0.1053206
-0.0888347
-0.0743782
-0.0637035
-0.0546232
-0.0450626
-0.0349362
-0.0238040
-0.0087985
0.0130019
0.0403305
0.0678458
0.0916485
0.1137340
0.1394643
0.1708357
0.2040160
0.2345235
0.2636888
0.2980839
0.3421265
0.3924970
0.4409128
0.4819215
0.5169318
0.5509519
0.5871100
0.6251174
0.6632776
0.6994209
0.7297840
0.7496721
0.7573779
0.7564246
0.7513662
0.7408968
0.7174931
0.6760207
0.6218333
0.5676831
0.5216050
0.4795935
0.4319589
0.3758010
0.3185189
0.2686394
0.2261800
0.1847599
0.1419274
0.1035638
0.0765471
0.0596313
0.0446661
0.0263691
0.0076798
-0.0059911
-0.0152660
-0.0261320
-0.0408844
-0.0533766
-0.0559995
-0.0498687
-0.0445599
-0.0470429
-0.0539481
-0.0572531
-0.0557235
-0.0565650
-0.0646843
-0.0739221
-0.0729234
-0.0594208
-0.0448925
-0.0426875
-0.0533681
-0.0649684
-0.0675897
-0.0641454
-0.0644994
-0.0715634
-0.0775834
-0.0748471
-0.0662964
-0.0623383
-0.0684662
-0.0796257
-0.0876065
-0.0909045
-0.0944799
-0.1011098
-0.1069468
-0.1073146
-0.1042802
-0.1049843
-0.1124901
-0.1214782
-0.1249009
-0.1229831
-0.1226285
-0.1278466
-0.1335307
-0.1306033
-0.1162583
-0.0971390
-0.0824410
-0.0757605
-0.0745248
-0.0754308
-0.0775976
-0.0802008
-0.0801153
-0.0748694
-0.0674106
-0.0649167
-0.0713020
-0.0824271
-0.0907455
-0.0941761
-0.0980712
-0.1076283
-0.1204142
-0.1288488
-0.1298803
-0.1295668
-0.1363069
-0.1508384
-0.1654739
-0.1733488
-0.1756922
-0.1781597
-0.1820517
-0.1827539
-0.1771885
-0.1692186
-0.1648275
-0.1636429
-0.1592908
-0.1490985
-0.1396455
-0.1386741
-0.1424861
-0.1364633
-0.1108319
-0.0722725
-0.0339988
0.0063005
0.0728964
0.1913994
0.3628382
0.5616680
0.7568416
0.9251902
1.0375694
1.0397362
0.8680897
0.5048784
0.0239917
-0.4281141
-0.7148445
-0.7901732
-0.7112626
-0.5798483
-0.4702484
-0.4012249
-0.3574139
-0.3234009
-0.2973214
-0.2829492
-0.2791881
-0.2792459
-0.2763204
-0.2678717
-0.2559799
-0.2454174
-0.2403781
-0.2408972
-0.2423546
-0.2400831
-0.2345947
-0.2304212
-0.2292654
-0.2267506
-0.2181117
-0.2054523
-0.1958464
-0.1919215
-0.1879250
-0.1776834
-0.1641423
-0.1565511
-0.1573714
-0.1560112
-0.1394573
-0.1082133
-0.0775823
-0.0614382
-0.0572972
-0.0499993
-0.0285964
0.0037882
0.0366570
0.0646446
0.0910877
0.1217343
0.1585887
0.1997739
0.2421215
0.2824100
0.3184576
0.3517522
0.3882203
0.4331775
0.4842591
0.5315731
0.5671309
0.5930610
0.6178126
0.6443662
0.6654543
0.6720808
0.6640523
0.6487647
0.6306088
0.6056905
0.5684514
0.5203053
0.4684717
0.4174246
0.3652848
0.3097407
0.2543329
0.2056346
0.1651909
0.1279338
0.0896876
0.0531183
0.0234399
0.0001362
-0.0227817
-0.0476619
-0.0683598
-0.0776016
-0.0774193
-0.0784865
-0.0884969
-0.1039782
-0.1153135
-0.1180328
-0.1165540
-0.1172607
-0.1210054
-0.1240468
-0.1242612
-0.1234736
-0.1239846
-0.1258433
-0.1286995
-0.1336930
-0.1408965
-0.1462580
-0.1445518
-0.1361003
-0.1279860
-0.1268428
-0.1319361
-0.1373879
-0.1402679
-0.1434704
-0.1497004
-0.1554782
-0.1544490
-0.1463863
-0.1395429
-0.1420872
-0.1530483
-0.1642751
-0.1703920
-0.1735038
-0.1774512
-0.1809139
-0.1792015
-0.1714824
-0.1627806
-0.1581220
-0.1571677
-0.1561696
-0.1534254
-0.1501799
-0.1465219
-0.1396419
-0.1281965
-0.1165190
-0.1111118
-0.1125635
-0.1139324
-0.1091573
-0.1012504
-0.0993039
-0.1076168
-0.1203829
-0.1280225
-0.1269433
-0.1218213
-0.1197740
-0.1243275
-0.1345685
-0.1475646
-0.1601142
-0.1694775
-0.1747358
-0.1779227
-0.1823166
-0.1887163
-0.1945205
-0.1975766
-0.1996430
-0.2038184
-0.2088747
-0.2089848
-0.2005123
-0.1872322
-0.1766948
-0.1720729
-0.1695095
-0.1632527
-0.1511226
-0.1340061
-0.1118641
-0.0821864
-0.0411983
0.0167701
0.1022130
0.2290206
0.4042435
0.6158232
0.8301065
1.0011058
1.0816550
1.0304211
0.8223531
0.4695846
0.0392408
-0.3588812
-0.6221419
-0.7110732
-0.6657519
-0.5678689
-0.4819625
-0.4251569
-0.3827315
-0.3422218
-0.3082721
-0.2903162
-0.2866672
-0.2863773
-0.2831859
-0.2810743
-0.2847934
-0.2896211
-0.2849612
-0.2675653
-0.2473270
-0.2376413
-0.2414195
-0.2492328
-0.2511342
-0.2471626
-0.2441630
-0.2445761
-0.2425903
-0.2322892
-0.2163103
-0.2033591
-0.1978160
-0.1946202
-0.1856248
-0.1694743
-0.1530604
-0.1428951
-0.1367646
-0.1256526
-0.1036157
-0.0739276
-0.0447856
-0.0205755
0.0010094
0.0242100
0.0501712
0.0775657
0.1065048
0.1396318
0.1788589
0.2222801
0.2656924
0.3071029
0.3482588
0.3908123
0.4323051
0.4681689
0.4977377
0.5258175
0.5566072
0.5872653
0.6095285
0.6176156
0.6128170
0.5997470
0.5797650
0.5501000
0.5094367
0.4621712
0.4150992
0.3703495
0.3239529
0.2723897
0.2185191
0.1687119
0.1250360
0.0834503
0.0408723
0.0015853
-0.0263048
-0.0409239
-0.0508563
-0.0673188
-0.0921840
-0.1155199
-0.1263476
-0.1250339
-0.1230107
-0.1298287
-0.1425474
-0.1497114
-0.1448056
-0.1334239
-0.1266913
-0.1295343
-0.1371327
-0.1422563
-0.1436422
-0.1453997
-0.1492064
-0.1503731
-0.1437502
-0.1318847
-0.1238293
-0.1249645
-0.1306450
-0.1321961
-0.1279246
-0.1252016
-0.1308659
-0.1418236
-0.1477065
-0.1429312
-0.1337714
-0.1313921
-0.1386802
-0.1469463
-0.1469851
-0.1409703
-0.1401591
-0.1509720
-0.1664939
-0.1736846
-0.1676888
-0.1567979
-0.1530072
-0.1593231
-0.1677845
-0.1693905
-0.1636541
-0.1567959
-0.1520302
-0.1451734
-0.1313884
-0.1138892
-0.1025400
-0.1031663
-0.1103007
-0.1123789
-0.1040924
-0.0923739
-0.0891622
-0.0984674
-0.1119157
-0.1179500
-0.1144119
-0.1102570
-0.1149457
-0.1282731
-0.1419413
-0.1498090
-0.1543616
-0.1625225
-0.1764473
-0.1902081
-0.1962531
-0.1941675
-0.1912555
-0.1939530
-0.2003400
-0.2028633
-0.1976834
-0.1889888
-0.1833649
-0.1816306
-0.1780453
-0.1674763
-0.1518505
-0.1382420
-0.1306269
-0.1248119
-0.1123842
-0.0882011
-0.0510463
0.0037741
0.0891319
0.2191689
0.3961471
0.6042080
0.8141944
0.9904323
1.0911122
1.0683213
0.8825276
0.5337909
0.0870092
-0.3401502
-0.6321999
-0.7382156
-0.6928481
-0.5803242
-0.4744501
-0.4033457
-0.3580755
-0.3234673
-0.2970113
-0.2834261
-0.2804598
-0.2768010
-0.2640716
-0.2463904
-0.2348233
-0.2337474
-0.2360533
-0.2323999
-0.2225084
-0.2149848
-0.2164394
-0.2228421
-0.2230696
-0.2108343
-0.1916897
-0.1770827
-0.1722001
-0.1716044
-0.1670136
-0.1567886
-0.1456619
-0.1366348
-0.1265609
-0.1108774
-0.0905362
-0.0715717
-0.0573856
-0.0435085
-0.0224176
0.0063987
0.0340053
0.0521714
0.0648132
0.0857538
0.1237822
0.1723671
0.2166170
0.2495571
0.2789292
0.3171309
0.3662658
0.4154167
0.4531303
0.4806919
0.5106688
0.5522721
0.6007056
0.6426836
0.6706568
0.6886040
0.7038646
0.7163502
0.7179787
0.7019450
0.6705646
0.6330402
0.5959684
0.5572186
0.5099315
0.4518317
0.3889266
0.3296157
0.2767365
0.2267617
0.1760888
0.1265724
0.0844436
0.0541868
0.0336554
0.0154608
-0.0062536
-0.0304184
-0.0510328
-0.0643880
-0.0730311
-0.0819620
-0.0920336
-0.0985845
-0.0969479
-0.0887719
-0.0820248
-0.0837697
-0.0927120
-0.1000803
-0.0989620
-0.0918706
-0.0874458
-0.0900757
-0.0948764
-0.0936371
-0.0842244
-0.0728241
-0.0674295
-0.0703266
-0.0773091
-0.0833820
-0.0876619
-0.0918423
-0.0953178
-0.0947195
-0.0891411
-0.0833677
-0.0834169
-0.0895083
-0.0956924
-0.0969039
-0.0949044
-0.0961557
-0.1040993
-0.1144661
-0.1191174
-0.1147803
-0.1070433
-0.1045710
-0.1098488
-0.1172169
-0.1200214
-0.1176824
-0.1145547
-0.1131524
-0.1104141
-0.1011615
-0.0847296
-0.0674761
-0.0577868
-0.0579737
-0.0617639
-0.0608484
-0.0536190
-0.0463501
-0.0459093
-0.0525172
-0.0599788
-0.0622112
-0.0591533
-0.0565915
-0.0603345
-0.0706956
-0.0831979
-0.0943909
-0.1052213
-0.1176604
-0.1296929
-0.1361813
-0.1350256
-0.1307949
-0.1309506
-0.1384036
-0.1483525
-0.1532057
-0.1508271
-0.1467191
-0.1467206
-0.1487030
-0.1444710
-0.1304709
-0.1134186
-0.1025824
-0.0979357
-0.0893536
-0.0681220
-0.0359741
0.0010925
0.0484718
0.1285992
0.2656194
0.4618087
0.6897744
0.9068028
1.0714067
1.1429274
1.0746734
0.8287145
0.4161555
-0.0741227
-0.5001269
-0.7414973
-0.7696019
-0.6551777
-0.5080779
-0.4022246
-0.3464862
-0.3130984
-0.2821993
-0.2574309
-0.2486038
-0.2518464
-0.2514347
-0.2373728
-0.2161061
-0.2024948
-0.2029759
-0.2089566
-0.2073899
-0.1957930
-0.1841635
-0.1822589
-0.1879847
-0.1901420
-0.1811377
-0.1647913
-0.1515221
-0.1471952
-0.1476937
-0.1445908
-0.1351765
-0.1248972
-0.1190436
-0.1142805
-0.1015308
-0.0771558
-0.0482858
-0.0254815
-0.0115309
0.0008541
0.0205479
0.0485374
0.0777222
0.1020361
0.1244245
0.1539457
0.1950691
0.2423211
0.2868617
0.3261780
0.3647312
0.4061429
0.4480240
0.4855910
0.5185590
0.5524982
0.5928265
0.6378993
0.6789931
0.7077822
0.7231007
0.7292422
0.7286776
0.7190708
0.6977454
0.6661949
0.6282231
0.5851675
0.5353231
0.4782007
0.4179038
0.3610767
0.3108419
0.2630555
0.2103440
0.1514351
0.0954960
0.0548856
0.0332049
0.0218786
0.0086465
-0.0119413
-0.0364451
-0.0588373
-0.0771208
-0.0934746
-0.1087149
-0.1186222
-0.1182057
-0.1096898
-0.1031002
-0.1064000
-0.1164922
-0.1227595
-0.1192673
-0.1110780
-0.1078318
-0.1126980
-0.1190781
-0.1182536
-0.1093800
-0.1005645
-0.0995373
-0.1049436
-0.1089903
-0.1076900
-0.1050803
-0.1065440
-0.1111762
-0.1132319
-0.1096929
-0.1039561
-0.1019191
-0.1056968
-0.1118234
-0.1155665
-0.1163978
-0.1179239
-0.1220642
-0.1253768
-0.1233056
-0.1169589
-0.1128911
-0.1159545
-0.1245044
-0.1331957
-0.1386586
-0.1412380
-0.1419681
-0.1392076
-0.1293679
-0.1117052
-0.0916741
-0.0775068
-0.0729007
-0.0747466
-0.0783729
-0.0822106
-0.0856791
-0.0856284
-0.0790257
-0.0688702
-0.0637917
-0.0697013
-0.0828195
-0.0929046
-0.0943976
-0.0935693
-0.1022773
-0.1234966
-0.1455652
-0.1540889
-0.1485650
-0.1431923
-0.1506145
-0.1686499
-0.1849215
-0.1912782
-0.1901791
-0.1881929
-0.1873437
-0.1848856
-0.1797930
-0.1757648
-0.1758326
-0.1763616
-0.1707882
-0.1594398
-0.1502894
-0.1467711
-0.1393908
-0.1153653
-0.0745431
-0.0280532
0.0215541
0.0932035
0.2139525
0.3919016
0.6046049
0.8132122
0.9813021
1.0735860
1.0417593
0.8332139
0.4382365
-0.0639853
-0.5211756
-0.7930788
-0.8386415
-0.7290697
-0.5803109
-0.4705190
-0.4100098
-0.3717777
-0.3366778
-0.3080471
-0.2941007
-0.2905984
-0.2861221
-0.2777004
-0.2726705
-0.2755392
-0.2799641
-0.2765353
-0.2644349
-0.2517490
-0.2455353
-0.2443886
-0.2414344
-0.2334971
-0.2254968
-0.2241625
-0.2281621
-0.2278434
-0.2163275
-0.1979012
-0.1825213
-0.1739996
-0.1672492
-0.1566171
-0.1432447
-0.1326197
-0.1262984
-0.1178917
-0.0985417
-0.0668888
-0.0320640
-0.0044769
0.0156029
0.0371545
0.0662729
0.0991105
0.1286632
0.1550051
0.1854381
0.2257645
0.2740167
0.3228361
0.3667727
0.4067361
0.4470392
0.4885447
0.5269699
0.5592770
0.5888909
0.6209293
0.6534805
0.6776578
0.6864922
0.6804426
0.6635757
0.6375384
0.6011248
0.5543523
0.5013138
0.4484301
0.3993709
0.3520045
0.3018328
0.2482327
0.1948510
0.1438780
0.0940447
0.0461032
0.0060616
-0.0209542
-0.0378102
-0.0525206
-0.0692805
-0.0855030
-0.0975185
-0.1064646
-0.1172656
-0.1322478
-0.1467537
-0.1528551
-0.1485023
-0.1409426
-0.1385453
-0.1411913
-0.1426223
-0.1408716
-0.1409120
-0.1461598
-0.1523339
-0.1523890
-0.1448074
-0.1348117
-0.1288523
-0.1292291
-0.1333075
-0.1373582
-0.1409340
-0.1461658
-0.1525593
-0.1555122
-0.1520771
-0.1455534
-0.1415354
-0.1415345
-0.1434558
-0.1463600
-0.1512533
-0.1580834
-0.1646878
-0.1682915
-0.1668695
-0.1607788
-0.1544046
-0.1538282
-0.1607815
-0.1705082
-0.1769174
-0.1779619
-0.1750069
-0.1693774
-0.1610425
-0.1492750
-0.1344127
-0.1205888
-0.1151365
-0.1211625
-0.1310633
-0.1322031
-0.1203008
-0.1038424
-0.0946272
-0.0972317
-0.1079195
-0.1198412
-0.1279539
-0.1317718
-0.1348427
-0.1404999
-0.1484618
-0.1565589
-0.1639762
-0.1710966
-0.1785129
-0.1881773
-0.2023167
-0.2183135
-0.2280280
-0.2260219
-0.2159584
-0.2056234
-0.1986168
-0.1944979
-0.1936868
-0.1970767
-0.2021254
-0.2036067
-0.1984652
-0.1881410
-0.1764354
-0.1652681
-0.1512711
-0.1276065
-0.0912428
-0.0450010
0.0135454
0.1023049
0.2432544
0.4368827
0.6536339
0.8523630
0.9995117
1.0658293
1.0137803
0.8056402
0.4388681
-0.0201283
-0.4445738
-0.7106321
-0.7740533
-0.6924523
-0.5700616
-0.4787720
-0.4276357
-0.3921400
-0.3553319
-0.3204104
-0.2978409
-0.2903296
-0.2899622
-0.2872706
-0.2812022
-0.2775086
-0.2779865
-0.2769498
-0.2699299
-0.2596371
-0.2504496
-0.2431063
-0.2379349
-0.2367839
-0.2380156
-0.2358708
-0.2285312
-0.2206697
-0.2146953
-0.2062315
-0.1922495
-0.1774319
-0.1680924
-0.1642314
-0.1602565
-0.1497258
-0.1291449
-0.1020959
-0.0787934
-0.0656603
-0.0568759
-0.0423729
-0.0208948
0.0026781
0.0287585
0.0616001
0.0992801
0.1355551
0.1697911
0.2056636
0.2426462
0.2781961
0.3153757
0.3588888
0.4063267
0.4515091
0.4927906
0.5309342
0.5640493
0.5913699
0.6155493
0.6354843
0.6455118
0.6467455
0.6472675
0.6448319
0.6237539
0.5776544
0.5209636
0.4686005
0.4188913
0.3659134
0.3132290
0.2652707
0.2195988
0.1758913
0.1377659
0.1008782
0.0574780
0.0158811
-0.0069214
-0.0146624
-0.0278335
-0.0486653
-0.0609652
-0.0662801
-0.0825853
-0.1035477
-0.1036234
-0.0904175
-0.0990573
-0.1215538
-0.1064890
-0.0603579
-0.0827455
-0.2441893
