-0.1934920
-0.1801359
-0.1606295
-0.1498078
-0.1519603
-0.1598877
-0.1648592
-0.1650426
-0.1645593
-0.1673111
-0.1736002
-0.1810450
-0.1858442
-0.1832131
-0.1700426
-0.1497965
-0.1333442
-0.1311328
-0.1426453
-0.1551020
-0.1549297
-0.1410526
-0.1260225
-0.1237284
-0.1363343
-0.1528028
-0.1588470
-0.1482177
-0.1266911
-0.1077301
-0.1037160
-0.1175965
-0.1399928
-0.1553867
-0.1546855
-0.1437746
-0.1385756
-0.1495651
-0.1707076
-0.1846041
-0.1789881
-0.1577783
-0.1363161
-0.1273401
-0.1321907
-0.1434311
-0.1527806
-0.1562121
-0.1548250
-0.1539627
-0.1603475
-0.1759419
-0.1926949
-0.1961096
-0.1782105
-0.1479593
-0.1261616
-0.1273884
-0.1468524
-0.1662688
-0.1723963
-0.1683947
-0.1670363
-0.1751513
-0.1867027
-0.1900446
-0.1793257
-0.1584642
-0.1368438
-0.1234397
-0.1232952
-0.1352715
-0.1512733
-0.1604589
-0.1582825
-0.1520179
-0.1544695
-0.1700495
-0.1882651
-0.1932816
-0.1798875
-0.1582269
-0.1428760
-0.1398980
-0.1456565
-0.1546820
-0.1639300
-0.1698996
-0.1678368
-0.1583932
-0.1521677
-0.1607810
-0.1811778
-0.1936525
-0.1809759
-0.1490288
-0.1237891
-0.1258416
-0.1504526
-0.1746971
-0.1812826
-0.1715451
-0.1571000
-0.1458057
-0.1393050
-0.1389234
-0.1457632
-0.1538925
-0.1505715
-0.1296094
-0.1027729
-0.0912522
-0.1028975
-0.1217428
-0.1247278
-0.1079082
-0.0912168
-0.0951280
-0.1158240
-0.1273789
-0.1081956
-0.0623615
-0.0147222
0.0116875
0.0117598
-0.0034322
-0.0177126
-0.0184495
-0.0014767
0.0248294
0.0408483
0.0293024
-0.0057779
-0.0357011
-0.0303876
0.0105376
0.0523377
0.0554216
0.0121907
-0.0476995
-0.0882239
-0.1000550
-0.1022543
-0.1158934
-0.1419792
-0.1656057
-0.1753561
-0.1727586
-0.1645498
-0.1531964
-0.1391154
-0.1278471
-0.1275533
-0.1377147
-0.1456499
-0.1393337
-0.1224195
-0.1115165
-0.1168708
-0.1295837
-0.1319659
-0.1187740
-0.1015940
-0.0874192
-0.0545131
0.0443358
0.2482708
0.5525111
0.8996682
1.2022887
1.3784248
1.3817603
1.2186646
0.9482983
0.6602903
0.4330871
0.2953677
0.2202541
0.1594288
0.0877376
0.0173890
-0.0283417
-0.0492672
-0.0706866
-0.1124619
-0.1629128
-0.1901923
-0.1790977
-0.1503327
-0.1391678
-0.1577955
-0.1843714
-0.1900887
-0.1717899
-0.1532325
-0.1564943
-0.1787274
-0.1993529
-0.2046876
-0.1990397
-0.1926729
-0.1867690
-0.1756152
-0.1601085
-0.1510741
-0.1559689
-0.1667453
-0.1668854
-0.1509120
-0.1321448
-0.1276077
-0.1372247
-0.1423989
-0.1263171
-0.0925676
-0.0610432
-0.0468372
-0.0463651
-0.0446231
-0.0328600
-0.0162491
-0.0051767
-0.0025968
-0.0019266
0.0044514
0.0179215
0.0354299
0.0554213
0.0785219
0.1023137
0.1189627
0.1215343
0.1129409
0.1059470
0.1115331
0.1268402
0.1366175
0.1288244
0.1090029
0.0972295
0.1087687
0.1375144
0.1599147
0.1564692
0.1295374
0.0997144
0.0847507
0.0823708
0.0738916
0.0443722
-0.0012479
-0.0418517
-0.0593010
-0.0539311
-0.0424287
-0.0422308
-0.0582182
-0.0824032
-0.1035656
-0.1161671
-0.1217966
-0.1249874
-0.1291617
-0.1355284
-0.1433572
-0.1496966
-0.1496361
-0.1393291
-0.1206592
-0.1026064
-0.0957492
-0.1030418
-0.1155807
-0.1195227
-0.1097332
-0.0966891
-0.0971468
-0.1157121
-0.1368648
-0.1384593
-0.1142557
-0.0811438
-0.0624793
-0.0656136
-0.0778580
-0.0833046
-0.0794954
-0.0756652
-0.0781665
-0.0831249
-0.0842611
-0.0827538
-0.0843651
-0.0882369
-0.0846876
-0.0675090
-0.0454305
-0.0362834
-0.0486202
-0.0719579
-0.0873651
-0.0865305
-0.0782744
-0.0765972
-0.0848788
-0.0932731
-0.0899082
-0.0718533
-0.0451894
-0.0180020
0.0036367
0.0147744
0.0124318
0.0006304
-0.0082325
-0.0026375
0.0152170
0.0289043
0.0243279
0.0071841
0.0002568
0.0200026
0.0563344
0.0785727
0.0629225
0.0133858
-0.0442777
-0.0867205
-0.1097046
-0.1239694
-0.1400352
-0.1590239
-0.1749414
-0.1815080
-0.1765027
-0.1630999
-0.1496138
-0.1461350
-0.1571839
-0.1758609
-0.1877084
-0.1838550
-0.1708068
-0.1648694
-0.1753843
-0.1945724
-0.2051631
-0.1969412
-0.1740521
-0.1473897
-0.1242463
-0.1079845
-0.1041541
-0.1191072
-0.1480094
-0.1671711
-0.1443890
-0.0584587
0.0949764
0.3162640
0.6087381
0.9572209
1.2956160
1.5113808
1.5077158
1.2797806
0.9318418
0.6096796
0.4031489
0.3027757
0.2402518
0.1632309
0.0720713
-0.0032729
-0.0460196
-0.0666945
-0.0835429
-0.1014308
-0.1137678
-0.1185030
-0.1241748
-0.1392151
-0.1605788
-0.1772725
-0.1836976
-0.1847250
-0.1857423
-0.1816998
-0.1619222
-0.1270501
-0.0962476
-0.0914857
-0.1133447
-0.1363635
-0.1328730
-0.1019706
-0.0717558
-0.0703603
-0.0959925
-0.1186483
-0.1115719
-0.0775563
-0.0422558
-0.0253130
-0.0237048
-0.0230805
-0.0177671
-0.0131526
-0.0113218
-0.0038587
0.0160360
0.0394331
0.0486677
0.0406335
0.0363931
0.0604920
0.1115233
0.1597006
0.1767091
0.1644197
0.1502941
0.1565687
0.1789672
0.1961144
0.1946427
0.1811625
0.1722084
0.1779743
0.1968312
0.2204095
0.2387905
0.2422871
0.2252047
0.1924513
0.1596798
0.1408445
0.1336358
0.1205993
0.0879876
0.0426740
0.0075304
-0.0007699
0.0119782
0.0236461
0.0163542
-0.0100655
-0.0425932
-0.0685024
-0.0830056
-0.0878526
-0.0883441
-0.0925790
-0.1081082
-0.1338598
-0.1562909
-0.1592175
-0.1410317
-0.1203972
-0.1210582
-0.1494978
-0.1886827
-0.2148746
-0.2202266
-0.2183950
-0.2290162
-0.2584270
-0.2955062
-0.3237560
-0.3351531
-0.3333630
-0.3270782
-0.3222512
-0.3193666
-0.3156946
-0.3092024
-0.3005852
-0.2915246
-0.2807019
-0.2620335
-0.2282483
-0.1776404
-0.1180151
-0.0637687
-0.0279496
-0.0153334
-0.0211079
-0.0346311
-0.0446308
-0.0437278
-0.0321123
-0.0184198
-0.0142223
-0.0235560
-0.0369010
-0.0379681
-0.0187990
0.0118651
0.0361819
0.0430401
0.0355955
0.0237186
0.0118654
-0.0020338
-0.0142932
-0.0038908
0.0637289
0.2183878
0.4664177
0.7823836
1.1115522
1.3807313
1.5195817
1.4911547
1.3160299
1.0673250
0.8309840
0.6567688
0.5386105
0.4396464
0.3362823
0.2384763
0.1700057
0.1354127
0.1123896
0.0766287
0.0282749
-0.0110713
-0.0260265
-0.0264953
-0.0361349
-0.0643637
-0.0946582
-0.1024094
-0.0816930
-0.0512266
-0.0346841
-0.0387531
-0.0515155
-0.0584974
-0.0563085
-0.0517725
-0.0525279
-0.0605671
-0.0719477
-0.0791572
-0.0744609
-0.0552402
-0.0287733
-0.0097558
-0.0088463
-0.0220585
-0.0337427
-0.0322814
-0.0216051
-0.0146967
-0.0165121
-0.0170814
-0.0031127
0.0262333
0.0578270
0.0776288
0.0826550
0.0806725
0.0818131
0.0921723
0.1122120
0.1363696
0.1536641
0.1538408
0.1380584
0.1226491
0.1267922
0.1532086
0.1832542
0.1943767
0.1819152
0.1613290
0.1496827
0.1483139
0.1445051
0.1268380
0.0961762
0.0633992
0.0399648
0.0305658
0.0307265
0.0285739
0.0115333
-0.0233420
-0.0641080
-0.0928820
-0.1036546
-0.1091990
-0.1258602
-0.1519980
-0.1672889
-0.1565927
-0.1305096
-0.1165537
-0.1300397
-0.1585297
-0.1771525
-0.1756035
-0.1659121
-0.1650259
-0.1752414
-0.1842859
-0.1809086
-0.1655077
-0.1463332
-0.1309231
-0.1235940
-0.1264393
-0.1370509
-0.1464891
-0.1457171
-0.1365045
-0.1318154
-0.1410590
-0.1563586
-0.1582304
-0.1367276
-0.1042769
-0.0845912
-0.0893068
-0.1078833
-0.1205369
-0.1181342
-0.1077605
-0.1018569
-0.1063438
-0.1189653
-0.1338360
-0.1440239
-0.1425402
-0.1264409
-0.1019869
-0.0831059
-0.0812760
-0.0955558
-0.1131995
-0.1213977
-0.1193293
-0.1184644
-0.1299990
-0.1515716
-0.1673706
-0.1629423
-0.1405341
-0.1188531
-0.1159036
-0.1313005
-0.1468461
-0.1463570
-0.1342024
-0.1311543
-0.1504976
-0.1808560
-0.1959166
-0.1808466
-0.1466702
-0.1186203
-0.1130378
-0.1264130
-0.1434945
-0.1521156
-0.1505613
-0.1450463
-0.1435821
-0.1509544
-0.1651295
-0.1763016
-0.1723001
-0.1494347
-0.1188592
-0.0991477
-0.1000493
-0.1139953
-0.1246839
-0.1234536
-0.1163621
-0.1159682
-0.1275811
-0.1436840
-0.1509364
-0.1422573
-0.1226245
-0.1039996
-0.0952965
-0.0969451
-0.1033732
-0.1087450
-0.1102160
-0.1075609
-0.1013926
-0.0918035
-0.0779035
-0.0584576
-0.0338511
-0.0085465
0.0088167
0.0106460
-0.0011589
-0.0125539
-0.0076560
0.0148629
0.0372702
0.0387320
0.0172214
-0.0063320
-0.0074630
0.0182476
0.0508926
0.0643471
0.0481245
0.0129860
-0.0219952
-0.0461131
-0.0623428
-0.0796512
-0.1020133
-0.1236827
-0.1334604
-0.1247362
-0.1039123
-0.0884755
-0.0929290
-0.1142485
-0.1331776
-0.1330751
-0.1177526
-0.1082842
-0.1203211
-0.1450190
-0.1544972
-0.1282830
-0.0752780
-0.0291401
-0.0207726
-0.0531978
-0.0993327
-0.1195495
-0.0805549
0.0364256
0.2350878
0.5028106
0.8068520
1.0935996
1.2978349
1.3639370
1.2720555
1.0543245
0.7864511
0.5526291
0.4014464
0.3228201
0.2661072
0.1877206
0.0880243
0.0040492
-0.0329502
-0.0303193
-0.0241944
-0.0412916
-0.0755076
-0.1019093
-0.1075217
-0.1029679
-0.1055785
-0.1182817
-0.1296620
-0.1311782
-0.1267877
-0.1238309
-0.1211038
-0.1123411
-0.0989412
-0.0913282
-0.0952754
-0.1026950
-0.1014907
-0.0923743
-0.0893719
-0.1011193
-0.1158218
-0.1105364
-0.0766487
-0.0324380
-0.0066438
-0.0099692
-0.0255543
-0.0277343
-0.0072831
0.0228883
0.0435858
0.0473915
0.0423880
0.0423634
0.0553844
0.0800733
0.1097079
0.1378300
0.1603155
0.1750853
0.1832547
0.1907220
0.2049586
0.2268653
0.2465541
0.2510321
0.2389064
0.2266264
0.2362579
0.2733969
0.3172590
0.3365066
0.3182844
0.2810679
0.2564027
0.2577709
0.2691114
0.2637034
0.2316607
0.1875867
0.1534332
0.1370733
0.1284863
0.1144491
0.0930730
0.0722546
0.0569946
0.0437237
0.0283864
0.0146764
0.0083986
0.0049940
-0.0099998
-0.0432244
-0.0790475
-0.0897438
-0.0639646
-0.0227058
-0.0019622
-0.0179495
-0.0523970
-0.0738602
-0.0697408
-0.0531420
-0.0417692
-0.0391982
-0.0397973
-0.0435938
-0.0560495
-0.0732978
-0.0773803
-0.0540819
-0.0139014
0.0123747
0.0037537
-0.0276044
-0.0480227
-0.0378972
-0.0115223
0.0008103
-0.0132848
-0.0369288
-0.0450518
-0.0308826
-0.0088079
0.0052505
0.0105299
0.0169052
0.0275520
0.0321651
0.0204228
-0.0012415
-0.0131125
-0.0049298
0.0096664
0.0074352
-0.0158955
-0.0367637
-0.0271297
0.0148794
0.0612582
0.0819345
0.0737630
0.0595532
0.0603949
0.0744439
0.0851997
0.0851479
0.0836019
0.0911151
0.1037921
0.1085980
0.1014941
0.0940992
0.1001796
0.1181008
0.1296963
0.1172477
0.0805528
0.0363174
0.0014102
-0.0215562
-0.0420512
-0.0678068
-0.0954817
-0.1143206
-0.1171157
-0.1073932
-0.0967977
-0.0953588
-0.1036421
-0.1144237
-0.1215824
-0.1255469
-0.1294538
-0.1328163
-0.1324337
-0.1292586
-0.1304873
-0.1412357
-0.1537303
-0.1482726
-0.1108275
-0.0532275
-0.0124628
-0.0214625
-0.0752197
-0.1277532
-0.1267573
-0.0515096
0.0854559
0.2713015
0.5167129
0.8338049
1.1850860
1.4642301
1.5488780
1.3919740
1.0674949
0.7212062
0.4679249
0.3271504
0.2454066
0.1675854
0.0831299
0.0140956
-0.0245459
-0.0432301
-0.0606946
-0.0799872
-0.0893006
-0.0843272
-0.0806120
-0.0977397
-0.1341920
-0.1649845
-0.1674053
-0.1465319
-0.1311023
-0.1423636
-0.1689188
-0.1765803
-0.1453986
-0.0941019
-0.0632406
-0.0742711
-0.1097157
-0.1345069
-0.1313147
-0.1109812
-0.0931246
-0.0851712
-0.0823372
-0.0810304
-0.0839394
-0.0908308
-0.0909388
-0.0716047
-0.0348561
0.0001944
0.0151299
0.0100147
0.0005883
0.0004005
0.0100602
0.0226326
0.0336377
0.0435737
0.0546141
0.0687711
0.0885853
0.1163863
0.1507455
0.1836734
0.2033944
0.2030708
0.1883610
0.1747295
0.1746553
0.1865493
0.1966402
0.1922343
0.1740118
0.1561212
0.1531844
0.1653787
0.1768938
0.1712331
0.1473103
0.1175543
0.0912561
0.0654735
0.0344598
0.0021661
-0.0213618
-0.0351162
-0.0519141
-0.0836006
-0.1231800
-0.1469040
-0.1378848
-0.1068195
-0.0854643
-0.0976531
-0.1383417
-0.1817816
-0.2069719
-0.2129713
-0.2135425
-0.2227385
-0.2451184
-0.2742239
-0.2979069
-0.3079098
-0.3072718
-0.3085397
-0.3236762
-0.3543628
-0.3901206
-0.4150810
-0.4190374
-0.4053544
-0.3887814
-0.3832997
-0.3892153
-0.3902582
-0.3642775
-0.3015595
-0.2173114
-0.1447884
-0.1101145
-0.1107728
-0.1206459
-0.1168202
-0.0988067
-0.0816823
-0.0760942
-0.0792107
-0.0822077
-0.0805413
-0.0750519
-0.0663263
-0.0524466
-0.0341105
-0.0193042
-0.0176028
-0.0277574
-0.0351059
-0.0263519
-0.0063055
0.0042772
-0.0104521
-0.0419912
-0.0554707
-0.0043558
0.1477164
0.4073710
0.7419231
1.0843155
1.3518865
1.4746801
1.4250427
1.2330403
0.9726951
0.7232940
0.5325320
0.4062403
0.3242706
0.2633011
0.2103802
0.1634705
0.1238326
0.0890546
0.0538642
0.0168427
-0.0161519
-0.0367549
-0.0424341
-0.0409506
-0.0466114
-0.0683557
-0.0977026
-0.1112612
-0.0920117
-0.0497351
-0.0157503
-0.0144862
-0.0416401
-0.0707025
-0.0786140
-0.0647204
-0.0475134
-0.0447419
-0.0563739
-0.0667323
-0.0624565
-0.0455923
-0.0281259
-0.0177552
-0.0130136
-0.0101365
-0.0094395
-0.0132897
-0.0196422
-0.0197193
-0.0050196
0.0205506
0.0381472
0.0311057
0.0071509
-0.0030559
0.0242740
0.0796684
0.1279944
0.1416391
0.1240808
0.1026370
0.1011182
0.1194419
0.1380542
0.1405289
0.1296098
0.1206159
0.1234880
0.1356702
0.1492627
0.1579978
0.1571918
0.1436653
0.1188648
0.0893269
0.0626315
0.0436141
0.0319900
0.0202406
-0.0031723
-0.0420866
-0.0838240
-0.1072862
-0.1023944
-0.0805234
-0.0656639
-0.0748403
-0.1037646
-0.1302107
-0.1353341
-0.1239135
-0.1195516
-0.1376249
-0.1680502
-0.1882110
-0.1875972
-0.1745760
-0.1628393
-0.1573890
-0.1534045
-0.1453915
-0.1361656
-0.1349133
-0.1439570
-0.1512636
-0.1436189
-0.1261545
-0.1193597
-0.1339425
-0.1560877
-0.1615942
-0.1400850
-0.1033862
-0.0746295
-0.0701223
-0.0868946
-0.1062356
-0.1119761
-0.1045050
-0.0951968
-0.0923682
-0.0978281
-0.1107238
-0.1254948
-0.1299351
-0.1157238
-0.0907276
-0.0737948
-0.0774397
-0.0987486
-0.1228847
-0.1319949
-0.1186986
-0.0977605
-0.0965798
-0.1249681
-0.1599562
-0.1688705
-0.1431981
-0.1041899
-0.0811198
-0.0884495
-0.1161809
-0.1375342
-0.1340658
-0.1164548
-0.1111025
-0.1256097
-0.1417027
-0.1439293
-0.1373220
-0.1315976
-0.1264452
-0.1201146
-0.1159857
-0.1138291
-0.1099772
-0.1091965
-0.1183694
-0.1283636
-0.1253051
-0.1189239
-0.1302851
-0.1510551
-0.1511363
-0.1304601
-0.1194385
-0.1168939
-0.0783118
0.0083030
