0.0126717
0.0380443
0.0114755
-0.0004020
0.0112395
0.0063754
-0.0188598
-0.0248071
0.0025464
0.0323363
0.0396876
0.0317922
0.0221290
0.0150793
0.0165490
0.0290015
0.0370647
0.0250718
0.0057025
0.0058409
0.0277898
0.0484234
0.0531124
0.0480518
0.0419433
0.0360846
0.0313327
0.0285859
0.0244261
0.0183623
0.0185201
0.0283154
0.0354473
0.0273149
0.0104075
0.0017219
0.0064750
0.0147745
0.0150163
0.0025590
-0.0184221
-0.0351352
-0.0359273
-0.0256751
-0.0227456
-0.0351566
-0.0496484
-0.0510464
-0.0430745
-0.0420507
-0.0561267
-0.0764630
-0.0845844
-0.0672387
-0.0311920
-0.0039975
-0.0106277
-0.0463715
-0.0804725
-0.0888206
-0.0763356
-0.0662150
-0.0744557
-0.0964133
-0.1124730
-0.1062603
-0.0817470
-0.0608200
-0.0594274
-0.0700610
-0.0742605
-0.0676373
-0.0629262
-0.0701170
-0.0831167
-0.0876520
-0.0767491
-0.0573071
-0.0440594
-0.0459321
-0.0568466
-0.0632145
-0.0615142
-0.0623210
-0.0739707
-0.0893027
-0.0943694
-0.0854588
-0.0717144
-0.0639807
-0.0656961
-0.0726965
-0.0787347
-0.0822505
-0.0877582
-0.0976017
-0.1040244
-0.0962179
-0.0763417
-0.0616285
-0.0668079
-0.0880341
-0.1064758
-0.1053086
-0.0829190
-0.0528229
-0.0312118
-0.0225134
-0.0184427
-0.0130084
-0.0135217
-0.0302839
-0.0580991
-0.0765369
-0.0705222
-0.0458094
-0.0220638
-0.0130748
-0.0146938
-0.0114064
0.0047688
0.0229475
0.0252253
0.0106590
0.0007325
0.0156231
0.0491484
0.0741082
0.0723784
0.0552661
0.0522600
0.0798562
0.1213358
0.1392399
0.1113663
0.0537952
0.0041172
-0.0174137
-0.0241496
-0.0402931
-0.0699962
-0.0944584
-0.0955075
-0.0756048
-0.0539764
-0.0466135
-0.0529837
-0.0626133
-0.0707148
-0.0806336
-0.0900585
-0.0847610
-0.0562502
-0.0226116
-0.0191175
-0.0607148
-0.1158633
-0.1209994
-0.0225290
0.1903393
0.4838179
0.8001473
1.0766738
1.2524283
1.2760023
1.1304149
0.8599227
0.5612263
0.3289006
0.1972250
0.1314340
0.0735812
-0.0034524
-0.0818113
-0.1294410
-0.1390005
-0.1346073
-0.1426330
-0.1627985
-0.1740938
-0.1662040
-0.1553700
-0.1649832
-0.1963342
-0.2253268
-0.2280057
-0.2055878
-0.1827119
-0.1819144
-0.2015615
-0.2203210
-0.2218316
-0.2102126
-0.1997191
-0.1953432
-0.1903351
-0.1801111
-0.1698726
-0.1658845
-0.1651406
-0.1589146
-0.1452577
-0.1335082
-0.1336623
-0.1419752
-0.1409672
-0.1174670
-0.0793205
-0.0488953
-0.0386417
-0.0381313
-0.0285121
-0.0053941
0.0179763
0.0284871
0.0282680
0.0302873
0.0419719
0.0565761
0.0618667
0.0556174
0.0485025
0.0494087
0.0516174
0.0397263
0.0106585
-0.0180370
-0.0246128
-0.0058660
0.0191197
0.0273688
0.0129936
-0.0096224
-0.0225876
-0.0234771
-0.0260615
-0.0422572
-0.0669422
-0.0835952
-0.0826017
-0.0699860
-0.0591951
-0.0589338
-0.0698041
-0.0882343
-0.1094526
-0.1268217
-0.1319180
-0.1196730
-0.0954774
-0.0744066
-0.0683826
-0.0733438
-0.0733461
-0.0592732
-0.0395735
-0.0293720
-0.0322905
-0.0378531
-0.0358658
-0.0282537
-0.0244836
-0.0281446
-0.0322962
-0.0295212
-0.0235661
-0.0259750
-0.0400095
-0.0530362
-0.0498086
-0.0308264
-0.0115922
-0.0042416
-0.0067630
-0.0127034
-0.0245087
-0.0493513
-0.0823179
-0.1015157
-0.0867860
-0.0438552
-0.0049140
-0.0002037
-0.0291646
-0.0634019
-0.0782981
-0.0765516
-0.0779470
-0.0913629
-0.1037943
-0.0964017
-0.0654824
-0.0253628
0.0059370
0.0207739
0.0232618
0.0209082
0.0176475
0.0139622
0.0095821
0.0033652
-0.0067670
-0.0192979
-0.0256267
-0.0172863
0.0007491
0.0087155
-0.0104608
-0.0523847
-0.0931412
-0.1111891
-0.1062207
-0.0959314
-0.0958696
-0.1051523
-0.1128743
-0.1150149
-0.1191145
-0.1309745
-0.1428694
-0.1411330
-0.1237033
-0.1038712
-0.0952346
-0.0973694
-0.0988606
-0.0914130
-0.0775704
-0.0658420
-0.0622641
-0.0681617
-0.0825947
-0.1009533
-0.1080745
-0.0757484
0.0268159
0.2152877
0.4783180
0.7754223
1.0409385
1.1980240
1.1908563
1.0227929
0.7648144
0.5138182
0.3298704
0.2084654
0.1107659
0.0156104
-0.0618856
-0.0987567
-0.0998703
-0.0969741
-0.1148395
-0.1479969
-0.1748090
-0.1868805
-0.1957985
-0.2132451
-0.2343325
-0.2441315
-0.2347795
-0.2116010
-0.1860591
-0.1679853
-0.1629302
-0.1701855
-0.1802158
-0.1783352
-0.1572132
-0.1265676
-0.1055046
-0.1018917
-0.1028136
-0.0906221
-0.0663610
-0.0496053
-0.0530959
-0.0649520
-0.0622286
-0.0380733
-0.0076893
0.0122498
0.0223463
0.0352114
0.0573966
0.0839834
0.1105563
0.1426326
0.1874796
0.2397790
0.2830447
0.3070551
0.3178652
0.3266110
0.3338495
0.3323038
0.3223350
0.3142115
0.3112046
0.2985587
0.2581890
0.1930337
0.1289212
0.0890188
0.0709685
0.0540166
0.0261736
-0.0030708
-0.0193549
-0.0255417
-0.0386757
-0.0661191
-0.0945083
-0.1076478
-0.1089548
-0.1173119
-0.1414723
-0.1670073
-0.1728507
-0.1563558
-0.1363097
-0.1318438
-0.1437517
-0.1591880
-0.1704001
-0.1816830
-0.1964293
-0.2043651
-0.1895875
-0.1512284
-0.1095420
-0.0875625
-0.0891398
-0.0980126
-0.0968295
-0.0836640
-0.0699698
-0.0657877
-0.0694380
-0.0706832
-0.0608656
-0.0383079
-0.0062679
0.0294874
0.0593161
0.0703184
0.0551303
0.0240867
0.0092917
0.0554189
0.2013348
0.4593356
0.7993381
1.1484125
1.4139244
1.5242475
1.4640205
1.2792515
1.0471098
0.8319052
0.6592898
0.5233900
0.4114242
0.3182432
0.2413669
0.1719283
0.0982192
0.0181688
-0.0561881
-0.1095466
-0.1384417
-0.1545627
-0.1727491
-0.1963263
-0.2155210
-0.2206227
-0.2147530
-0.2112663
-0.2189344
-0.2325075
-0.2394422
-0.2345821
-0.2261394
-0.2266222
-0.2386779
-0.2512179
-0.2504687
-0.2342843
-0.2138204
-0.2008907
-0.1961150
-0.1912479
-0.1809784
-0.1687384
-0.1605126
-0.1559705
-0.1480408
-0.1307117
-0.1055803
-0.0799863
-0.0593851
-0.0430235
-0.0277393
-0.0142847
-0.0070888
-0.0072714
-0.0083756
-0.0012089
0.0174093
0.0416812
0.0621226
0.0730692
0.0755470
0.0740186
0.0710105
0.0650300
0.0533289
0.0357365
0.0154181
-0.0028954
-0.0144806
-0.0163633
-0.0106681
-0.0063571
-0.0142107
-0.0372710
-0.0667629
-0.0894387
-0.0996175
-0.1031822
-0.1089838
-0.1169354
-0.1166983
-0.0999778
-0.0732097
-0.0546799
-0.0569592
-0.0736462
-0.0859029
-0.0819330
-0.0680089
-0.0596821
-0.0637376
-0.0707905
-0.0663691
-0.0481193
-0.0293642
-0.0237274
-0.0278833
-0.0238015
-0.0000970
0.0316862
0.0465739
0.0341283
0.0170785
0.0420987
0.1511624
0.3572727
0.6389446
0.9480542
1.2193149
1.3815770
1.3805405
1.2098987
0.9259633
0.6227630
0.3786113
0.2161812
0.1084430
0.0198251
-0.0592379
-0.1142605
-0.1350690
-0.1350763
-0.1401584
-0.1619427
-0.1874310
-0.1964239
-0.1856174
-0.1721528
-0.1746773
-0.1945033
-0.2163115
-0.2250657
-0.2203009
-0.2142775
-0.2176770
-0.2280676
-0.2324238
-0.2204569
-0.1950930
-0.1700920
-0.1576254
-0.1576125
-0.1585254
-0.1490576
-0.1296613
-0.1117555
-0.1042280
-0.1017830
-0.0897074
-0.0613008
-0.0280445
-0.0093607
-0.0118663
-0.0206508
-0.0129332
0.0190460
0.0591699
0.0822245
0.0779323
0.0601690
0.0526561
0.0666910
0.0932205
0.1146303
0.1215128
0.1177106
0.1118193
0.1070634
0.1007178
0.0917820
0.0854579
0.0869483
0.0915789
0.0853715
0.0587957
0.0190461
-0.0145291
-0.0285718
-0.0281480
-0.0299419
-0.0436021
-0.0614680
-0.0678614
-0.0576986
-0.0434247
-0.0419388
-0.0560664
-0.0717396
-0.0739680
-0.0632473
-0.0543455
-0.0597337
-0.0761038
-0.0878416
-0.0831234
-0.0658101
-0.0511843
-0.0503635
-0.0598636
-0.0669478
-0.0643069
-0.0580779
-0.0611057
-0.0789722
-0.1032034
-0.1185605
-0.1173577
-0.1062771
-0.0981287
-0.0972674
-0.0956327
-0.0849006
-0.0703495
-0.0682204
-0.0873277
-0.1156634
-0.1292002
-0.1157434
-0.0885977
-0.0740795
-0.0849425
-0.1081775
-0.1206801
-0.1151568
-0.1070179
-0.1151060
-0.1390634
-0.1589086
-0.1562628
-0.1331076
-0.1084694
-0.0983110
-0.1010566
-0.1034520
-0.0985797
-0.0948723
-0.1058817
-0.1327383
-0.1593500
-0.1659083
-0.1467840
-0.1155407
-0.0935158
-0.0932175
-0.1106099
-0.1312514
-0.1432858
-0.1455126
-0.1448684
-0.1481360
-0.1567691
-0.1683233
-0.1806499
-0.1936638
-0.2078703
-0.2229779
-0.2392782
-0.2597380
-0.2878766
-0.3211302
-0.3476441
-0.3540663
-0.3391319
-0.3174433
-0.3060978
-0.3068031
-0.3033505
-0.2782309
-0.2309203
-0.1786613
-0.1400192
-0.1195432
-0.1084756
-0.0969488
-0.0815551
-0.0618664
-0.0358816
-0.0042662
0.0227898
0.0299301
0.0123398
-0.0137622
-0.0181324
0.0270365
0.1382763
0.3225790
0.5754808
0.8665135
1.1270384
1.2667477
1.2222543
1.0035923
0.6955614
0.4071808
0.2092282
0.1079770
0.0663903
0.0436273
0.0185907
-0.0111724
-0.0409470
-0.0662203
-0.0844339
-0.0962090
-0.1063829
-0.1205211
-0.1375313
-0.1471388
-0.1385010
-0.1129006
-0.0859870
-0.0751816
-0.0847513
-0.1040802
-0.1199718
-0.1286805
-0.1348414
-0.1402558
-0.1376401
-0.1188001
-0.0885445
-0.0660372
-0.0679547
-0.0902409
-0.1100664
-0.1082245
-0.0883141
-0.0713770
-0.0716983
-0.0806942
-0.0769599
-0.0511735
-0.0174634
0.0020987
0.0023162
0.0003061
0.0152823
0.0463085
0.0735143
0.0804669
0.0716181
0.0660339
0.0761463
0.0955800
0.1078559
0.1043198
0.0914227
0.0815680
0.0800959
0.0827282
0.0833905
0.0810001
0.0781370
0.0759149
0.0725047
0.0661921
0.0582085
0.0519062
0.0492183
0.0476656
0.0408864
0.0234698
-0.0028950
-0.0277411
-0.0382365
-0.0301035
-0.0133773
-0.0056725
-0.0168523
-0.0393034
-0.0549370
-0.0533700
-0.0424550
-0.0391607
-0.0502393
-0.0640282
-0.0627862
-0.0423187
-0.0175079
-0.0074826
-0.0161426
-0.0290747
-0.0303405
-0.0205231
-0.0154427
-0.0266119
-0.0458378
-0.0523662
-0.0354872
-0.0076471
0.0068405
-0.0041591
-0.0292069
-0.0462033
-0.0451204
-0.0360001
-0.0347553
-0.0443183
-0.0529532
-0.0504283
-0.0416452
-0.0411473
-0.0552607
-0.0733790
-0.0792501
-0.0699077
-0.0605614
-0.0689084
-0.0954391
-0.1215063
-0.1276535
-0.1123059
-0.0910710
-0.0791527
-0.0775587
-0.0774197
-0.0748184
-0.0770684
-0.0927158
-0.1176768
-0.1354689
-0.1335000
-0.1175827
-0.1068499
-0.1130832
-0.1275259
-0.1310001
-0.1164673
-0.0980885
-0.0957414
-0.1121513
-0.1287933
-0.1257730
-0.1035685
-0.0822305
-0.0795110
-0.0934166
-0.1082911
-0.1147034
-0.1178947
-0.1260796
-0.1362583
-0.1372866
-0.1260173
-0.1142551
-0.1155928
-0.1274842
-0.1316861
-0.1148198
-0.0856895
-0.0680998
-0.0759580
-0.0984512
-0.1118133
-0.1040367
-0.0853684
-0.0749679
-0.0804361
-0.0922843
-0.0968352
-0.0914846
-0.0859838
-0.0899187
-0.1010126
-0.1068208
-0.0974224
-0.0752962
-0.0523649
-0.0381478
-0.0318004
-0.0258527
-0.0166698
-0.0094134
-0.0111802
-0.0195890
-0.0210002
-0.0033316
0.0289136
0.0552927
0.0581018
0.0405062
0.0238669
0.0256870
0.0413215
0.0493593
0.0348175
0.0044375
-0.0224925
-0.0359991
-0.0437937
-0.0573007
-0.0745314
-0.0824164
-0.0753784
-0.0651505
-0.0677283
-0.0831669
-0.0940863
-0.0857461
-0.0634075
-0.0458870
-0.0438861
-0.0504302
-0.0546823
-0.0597363
-0.0788955
-0.1116703
-0.1269703
-0.0746621
0.0830602
0.3463561
0.6733941
0.9924291
1.2213164
1.2928138
1.1835293
0.9321318
0.6274171
0.3645540
0.1961431
0.1137157
0.0715548
0.0292686
-0.0230420
-0.0721130
-0.1053395
-0.1247860
-0.1413689
-0.1610232
-0.1797122
-0.1908170
-0.1938722
-0.1938230
-0.1931972
-0.1889420
-0.1791271
-0.1704058
-0.1741619
-0.1931249
-0.2141530
-0.2182446
-0.1992740
-0.1712524
-0.1550235
-0.1578611
-0.1678890
-0.1690540
-0.1592823
-0.1511115
-0.1547890
-0.1643397
-0.1631565
-0.1423441
-0.1103531
-0.0833024
-0.0680218
-0.0574650
-0.0425971
-0.0251449
-0.0151153
-0.0162482
-0.0182486
-0.0070175
0.0183851
0.0428736
0.0511551
0.0440420
0.0360499
0.0375712
0.0434523
0.0416066
0.0304350
0.0228604
0.0313468
0.0520729
0.0678649
0.0664819
0.0521642
0.0375027
0.0276264
0.0171964
0.0024377
-0.0098284
-0.0096803
0.0012658
0.0082382
-0.0011523
-0.0226680
-0.0407650
-0.0477875
-0.0531884
-0.0703325
-0.0966375
-0.1126754
-0.1035965
-0.0781515
-0.0616399
-0.0693059
-0.0901788
-0.0998724
-0.0876882
-0.0672555
-0.0593223
-0.0673277
-0.0739827
-0.0620443
-0.0345579
-0.0114664
-0.0076319
-0.0180677
-0.0260231
-0.0224688
-0.0140184
-0.0119879
-0.0174868
-0.0202803
-0.0115198
0.0055532
0.0191372
0.0215317
0.0159268
0.0105250
0.0083512
0.0050288
-0.0038615
-0.0156431
-0.0224126
-0.0196161
-0.0112269
-0.0054548
-0.0058977
-0.0085231
-0.0082602
-0.0072185
-0.0134990
-0.0302273
-0.0473424
-0.0477942
-0.0241406
0.0117077
0.0374209
0.0400450
0.0265288
0.0143864
0.0133720
0.0183008
0.0194862
0.0166987
0.0193620
0.0332030
0.0501392
0.0540270
0.0359909
0.0024112
-0.0322331
-0.0587686
-0.0788685
-0.0987066
-0.1191728
-0.1331190
-0.1319180
-0.1148129
-0.0924712
-0.0808909
-0.0894644
-0.1128560
-0.1350343
-0.1434025
-0.1395094
-0.1342968
-0.1326846
-0.1264435
-0.1060822
-0.0783876
-0.0660332
-0.0853140
-0.1254830
-0.1531525
-0.1357270
-0.0559787
0.0949232
0.3256056
0.6288966
0.9527318
1.1991940
1.2739900
1.1525975
0.9012232
0.6288529
0.4131393
0.2654299
0.1561694
0.0623314
-0.0132578
-0.0600349
-0.0831312
-0.1021125
-0.1300658
-0.1609388
-0.1798403
-0.1824052
-0.1802382
-0.1875017
-0.2050900
-0.2197311
-0.2178278
-0.1988896
-0.1756348
-0.1622164
-0.1628128
-0.1706086
-0.1761830
-0.1759767
-0.1730158
-0.1706354
-0.1667859
-0.1554038
-0.1337639
-0.1080296
-0.0901208
-0.0874287
-0.0950112
-0.0988105
-0.0878613
-0.0637432
-0.0375975
-0.0177371
-0.0009943
0.0229056
0.0589030
0.1002615
0.1359520
0.1636268
0.1926907
0.2324522
0.2780421
0.3113976
0.3189569
0.3078374
0.3011966
0.3149682
0.3399472
0.3498956
0.3288615
0.2885667
0.2559519
0.2437178
0.2365318
0.2086807
0.1534983
0.0915708
0.0491119
0.0314992
0.0209775
-0.0012741
-0.0352850
-0.0657777
-0.0817154
-0.0879034
-0.0970075
-0.1139426
-0.1312630
-0.1391630
-0.1371411
-0.1344295
-0.1397608
-0.1517905
-0.1598806
-0.1547229
-0.1390245
-0.1274810
-0.1340649
-0.1572851
-0.1785967
-0.1780754
-0.1533045
-0.1218836
-0.1039919
-0.1031151
-0.1053559
-0.0968532
-0.0787705
-0.0636168
-0.0593110
-0.0605352
-0.0559350
-0.0403814
-0.0179874
0.0044414
0.0226078
0.0329993
0.0310489
0.0175262
0.0099619
0.0459609
0.1690355
0.4015391
