0.1103215
0.1762510
0.1535527
0.1555455
0.1855958
0.1747969
0.1240217
0.0960184
0.0963725
0.0677776
-0.0015175
-0.0513090
-0.0414564
-0.0039575
0.0108346
-0.0062836
-0.0263089
-0.0131004
0.0447778
0.1067421
0.1016093
0.0108158
-0.0869048
-0.0940437
-0.0080353
0.0784119
0.0817811
0.0005487
-0.1062682
-0.1782223
-0.1929174
-0.1753123
-0.1708036
-0.1904244
-0.1807917
-0.0596613
0.2153654
0.6052819
0.9963789
1.2510800
1.2909981
1.1570086
0.9719663
0.8242400
0.6970817
0.5213452
0.2776016
0.0268210
-0.1485315
-0.2155262
-0.2072801
-0.1817002
-0.1665906
-0.1459345
-0.1005317
-0.0479292
-0.0229631
-0.0247905
-0.0098834
0.0534975
0.1410165
0.1943610
0.1821567
0.1346201
0.1184749
0.1696602
0.2424197
0.2362843
0.0931138
-0.1330156
-0.3171608
-0.3762281
-0.3320762
-0.2684150
-0.2431132
-0.2482029
-0.2430187
-0.2112252
-0.1774789
-0.1699048
-0.1805976
-0.1786576
-0.1548284
-0.1273028
-0.0987861
-0.0393908
0.0621437
0.1483823
0.1326740
0.0003986
-0.1497266
-0.1883429
-0.0849879
0.0536638
0.0864019
-0.0197337
-0.1589524
-0.2031102
-0.1331360
-0.0388054
-0.0017703
-0.0109366
-0.0006570
0.0564005
0.1215583
0.1498933
0.1541557
0.1942243
0.3040785
0.4403429
0.5150668
0.4805400
0.3713378
0.2588443
0.1779776
0.1106080
0.0298753
-0.0600642
-0.1300615
-0.1559477
-0.1355049
-0.0853905
-0.0316100
-0.0013533
-0.0128895
-0.0613339
-0.1117947
-0.1181532
-0.0606580
0.0415837
0.1712176
0.3588407
0.6554319
1.0381280
1.3643938
1.4601487
1.2726317
0.9269779
0.6177225
0.4422659
0.3452194
0.2215576
0.0539672
-0.0724129
-0.0858557
-0.0254714
0.0010364
-0.0579628
-0.1477554
-0.1851371
-0.1568413
-0.1193939
-0.1163423
-0.1264212
-0.1037011
-0.0497121
-0.0195822
-0.0506596
-0.1051321
-0.1073157
-0.0375465
0.0333804
0.0159423
-0.1044615
-0.2587138
-0.3681756
-0.4085128
-0.4029893
-0.3779396
-0.3428749
-0.3063936
-0.2886118
-0.3031874
-0.3328547
-0.3403883
-0.3117619
-0.2763967
-0.2700990
-0.2846560
-0.2752032
-0.2218383
-0.1628213
-0.1484317
-0.1707511
-0.1629834
-0.0791803
0.0362520
0.0771170
-0.0168951
-0.1861666
-0.2970054
-0.2666455
-0.1372370
-0.0235564
0.0019240
-0.0367531
-0.0670709
-0.0474644
0.0061186
0.0541456
0.0744409
0.0692043
0.0470420
0.0129068
-0.0231991
-0.0414276
-0.0310016
-0.0131868
-0.0297710
-0.0979298
-0.1828224
-0.2269624
-0.2090713
-0.1684084
-0.1675928
-0.2312889
-0.3212264
-0.3724841
-0.3568514
-0.3098170
-0.2914812
-0.3219180
-0.3618531
-0.3591683
-0.3067105
-0.2462803
-0.2178280
-0.2147760
-0.1975078
-0.1496186
-0.1091455
-0.1306051
-0.2153041
-0.2944414
-0.2949184
-0.2173110
-0.1350057
-0.1151058
-0.1525630
-0.1879695
-0.1792683
-0.1418840
-0.1169118
-0.1099026
-0.0702017
0.0686916
0.3321673
0.6842744
1.0493519
1.3419410
1.4863377
1.4382994
1.2127036
0.8887191
0.5698431
0.3242090
0.1568709
0.0335925
-0.0747421
-0.1701508
-0.2402229
-0.2822288
-0.3095858
-0.3367100
-0.3645086
-0.3848330
-0.3946632
-0.3990310
-0.4014256
-0.3992580
-0.3912870
-0.3838284
-0.3852887
-0.3965406
-0.4092410
-0.4128305
-0.4025979
-0.3825491
-0.3614298
-0.3455213
-0.3354422
-0.3296436
-0.3282459
-0.3312875
-0.3351660
-0.3336421
-0.3219021
-0.2987873
-0.2673081
-0.2344798
-0.2074560
-0.1866660
-0.1649753
-0.1370811
-0.1083185
-0.0904512
-0.0883805
-0.0930193
-0.0881025
-0.0645352
-0.0296298
-0.0024227
0.0022214
-0.0141459
-0.0380482
-0.0598296
-0.0818588
-0.1108534
-0.1457108
-0.1754001
-0.1882654
-0.1832413
-0.1727053
-0.1726462
-0.1870786
-0.2029007
-0.2035231
-0.1874259
-0.1695925
-0.1638744
-0.1675775
-0.1659345
-0.1502305
-0.1287009
-0.1179161
-0.1234271
-0.1314945
-0.1236636
-0.0991645
-0.0774917
-0.0758681
-0.0886036
-0.0940921
-0.0807261
-0.0607815
-0.0571512
-0.0769166
-0.0949741
-0.0595328
0.0828598
0.3537550
0.7166733
1.0758005
1.3103274
1.3356562
1.1556993
0.8623403
0.5734470
0.3577228
0.2105811
0.0937931
-0.0117192
-0.0938260
-0.1378221
-0.1528923
-0.1658488
-0.1940906
-0.2311779
-0.2597686
-0.2735855
-0.2813688
-0.2907806
-0.2964212
-0.2886788
-0.2700415
-0.2554601
-0.2561196
-0.2676253
-0.2759358
-0.2722509
-0.2604346
-0.2511947
-0.2504466
-0.2537272
-0.2520911
-0.2425797
-0.2309812
-0.2243144
-0.2233456
-0.2236700
-0.2214373
-0.2156522
-0.2064636
-0.1939485
-0.1790237
-0.1649986
-0.1580834
-0.1646759
-0.1849157
-0.2082390
-0.2185157
-0.2066248
-0.1783088
-0.1493582
-0.1331459
-0.1314092
-0.1348054
-0.1323543
-0.1221048
-0.1125392
-0.1119485
-0.1170919
-0.1150527
-0.0970750
-0.0688381
-0.0459280
-0.0392841
-0.0447957
-0.0470402
-0.0343392
-0.0104427
0.0104607
0.0207237
0.0278559
0.0435632
0.0670911
0.0845456
0.0853692
0.0756046
0.0717462
0.0817929
0.0947266
0.0911609
0.0650342
0.0323678
0.0155845
0.0198651
0.0283274
0.0208134
-0.0061286
-0.0391093
-0.0639000
-0.0783945
-0.0912257
-0.1105727
-0.1348279
-0.1533213
-0.1561348
-0.1436580
-0.1267692
-0.1179943
-0.1221701
-0.1340465
-0.1439475
-0.1471886
-0.1493191
-0.1606814
-0.1839866
-0.2078294
-0.2120329
-0.1745442
-0.0699758
0.1301501
0.4372688
0.8118073
1.1517554
1.3335405
1.2878159
1.0504143
0.7395075
0.4728559
0.2957614
0.1797331
0.0803147
-0.0132892
-0.0832906
-0.1216582
-0.1475885
-0.1848580
-0.2317496
-0.2625921
-0.2591949
-0.2342574
-0.2185679
-0.2269563
-0.2436795
-0.2445536
-0.2280279
-0.2167035
-0.2282896
-0.2525377
-0.2617031
-0.2410397
-0.2042475
-0.1783335
-0.1759883
-0.1847267
-0.1825540
-0.1619594
-0.1364886
-0.1244705
-0.1294336
-0.1379411
-0.1341604
-0.1139754
-0.0862384
-0.0633906
-0.0513329
-0.0466041
-0.0423514
-0.0366912
-0.0341224
-0.0382523
-0.0449344
-0.0447945
-0.0327307
-0.0139146
0.0002480
0.0028286
-0.0011837
0.0009376
0.0159928
0.0355732
0.0432560
0.0324817
0.0154281
0.0121557
0.0311678
0.0611866
0.0813094
0.0789250
0.0590403
0.0376747
0.0267826
0.0256756
0.0263182
0.0247952
0.0258553
0.0368726
0.0588357
0.0833144
0.0982626
0.0986423
0.0926813
0.0956792
0.1149625
0.1418332
0.1611901
0.1688341
0.1758147
0.1938152
0.2183478
0.2300449
0.2145298
0.1800263
0.1521987
0.1492336
0.1630937
0.1682050
0.1486961
0.1140288
0.0865595
0.0766349
0.0730006
0.0570863
0.0239946
-0.0121276
-0.0332431
-0.0366717
-0.0374310
-0.0506608
-0.0739258
-0.0901143
-0.0874596
-0.0727202
-0.0623537
-0.0632510
-0.0664691
-0.0615697
-0.0549645
-0.0695173
-0.1210149
-0.1918511
-0.2280091
-0.1654730
0.0325057
0.3509106
0.7216980
1.0446147
1.2249147
1.2153313
1.0389443
0.7741895
0.5095721
0.3003235
0.1558451
0.0585666
-0.0099045
-0.0584754
-0.0930802
-0.1228742
-0.1545646
-0.1837924
-0.1993453
-0.1984940
-0.1939155
-0.2009513
-0.2189882
-0.2296971
-0.2159516
-0.1814552
-0.1495299
-0.1412501
-0.1551417
-0.1698361
-0.1669417
-0.1493351
-0.1355547
-0.1381895
-0.1508466
-0.1561475
-0.1437215
-0.1194940
-0.0993226
-0.0947147
-0.1033296
-0.1116894
-0.1071510
-0.0882948
-0.0646444
-0.0468722
-0.0371786
-0.0285371
-0.0130405
0.0089266
0.0284859
0.0382067
0.0412576
0.0480900
0.0638578
0.0825005
0.0955472
0.1042713
0.1189434
0.1451541
0.1732487
0.1836517
0.1637275
0.1199785
0.0736353
0.0431564
0.0294454
0.0171316
-0.0096386
-0.0512128
-0.0900899
-0.1047531
-0.0892317
-0.0612922
-0.0486547
-0.0625023
-0.0841761
-0.0820729
-0.0445947
0.0047208
0.0269925
0.0036307
-0.0472251
-0.0882764
-0.0958278
-0.0761024
-0.0526411
-0.0422192
-0.0453659
-0.0563789
-0.0728083
-0.0867805
-0.0677068
0.0358456
0.2621625
0.5921489
0.9361559
1.1744170
1.2283002
1.1075579
0.8945814
0.6809190
0.5119882
0.3818140
0.2681120
0.1647471
0.0831995
0.0326525
0.0067469
-0.0097043
-0.0258329
-0.0401538
-0.0490420
-0.0545770
-0.0613025
-0.0679594
-0.0669074
-0.0528798
-0.0305414
-0.0125714
-0.0109370
-0.0293992
-0.0622148
-0.0988307
-0.1307796
-0.1556375
-0.1754026
-0.1918487
-0.2037689
-0.2081946
-0.2038072
-0.1935214
-0.1838422
-0.1805792
-0.1841634
-0.1895779
-0.1916058
-0.1897579
-0.1874381
-0.1868246
-0.1856943
-0.1797819
-0.1681643
-0.1557587
-0.1491723
-0.1489968
-0.1472261
-0.1347088
-0.1117965
-0.0895992
-0.0788455
-0.0779476
-0.0736012
-0.0538883
-0.0205155
0.0127398
0.0347617
0.0503128
0.0765707
0.1240386
0.1808275
0.2183783
0.2153566
0.1771972
0.1324944
0.1095870
0.1145526
0.1294273
0.1305235
0.1088656
0.0743768
0.0426368
0.0197502
-0.0002052
-0.0258689
-0.0587809
-0.0913436
-0.1122613
-0.1146839
-0.1018981
-0.0864666
-0.0824260
-0.0959433
-0.1217942
-0.1473048
-0.1571476
-0.1315386
-0.0408053
0.1488330
0.4480429
0.8110338
1.1328873
1.2984085
1.2542061
1.0438094
0.7727537
0.5343751
0.3610936
0.2352365
0.1335716
0.0544256
0.0067856
-0.0133485
-0.0253641
-0.0441886
-0.0666691
-0.0817893
-0.0887893
-0.0974879
-0.1111833
-0.1174784
-0.1022134
-0.0703935
-0.0467848
-0.0523877
-0.0826717
-0.1132279
-0.1273191
-0.1335440
-0.1526658
-0.1895964
-0.2251088
-0.2378150
-0.2292067
-0.2205467
-0.2254421
-0.2321085
-0.2174646
-0.1764555
-0.1314052
-0.1095150
-0.1139027
-0.1210015
-0.1064641
-0.0698615
-0.0327422
-0.0170550
-0.0300323
-0.0670165
-0.1198387
-0.1770954
-0.2204732
-0.2296975
-0.1964641
-0.1331741
-0.0653290
-0.0134085
0.0190374
0.0413259
0.0622614
0.0818434
0.0945027
0.0976165
0.0958490
0.0984218
0.1125978
0.1377537
0.1638131
0.1764666
0.1667265
0.1369364
0.0974369
0.0575652
0.0205226
-0.0134997
-0.0413787
-0.0568103
-0.0573390
-0.0509054
-0.0527327
-0.0728895
-0.1061396
-0.1354017
-0.1467488
-0.1417085
-0.1352411
-0.1417843
-0.1623522
-0.1839199
-0.1913567
-0.1811939
-0.1643944
-0.1552114
-0.1572812
-0.1614587
-0.1573383
-0.1450945
-0.1338775
-0.1285666
-0.1209274
-0.0974089
-0.0564172
-0.0141674
0.0113192
0.0219609
0.0399188
0.0819817
0.1364760
0.1723374
0.1732356
0.1580908
0.1637963
0.2115041
0.2984156
0.4240389
0.6113559
0.8824625
1.2047667
1.4729554
1.5665646
1.4408974
1.1630160
0.8543386
0.5963845
0.3904908
0.1992506
0.0112068
-0.1436687
-0.2345454
-0.2694355
-0.2862201
-0.3104333
-0.3333796
-0.3344258
-0.3152301
-0.3014793
-0.3111375
-0.3302764
-0.3272775
-0.2895497
-0.2411383
-0.2220609
-0.2515899
-0.3121698
-0.3668148
-0.3898114
-0.3820374
-0.3619228
-0.3463340
-0.3399266
-0.3385368
-0.3390252
-0.3449507
-0.3625769
-0.3902726
-0.4120969
-0.4057765
-0.3620714
-0.2973869
-0.2434946
-0.2204335
-0.2187337
-0.2106039
-0.1800758
-0.1404336
-0.1193495
-0.1275213
-0.1460695
-0.1471617
-0.1236255
-0.0929278
-0.0724785
-0.0582052
-0.0330772
0.0064504
0.0412118
0.0508332
0.0402124
0.0374407
0.0635244
0.1085086
0.1412273
0.1402930
0.1111048
0.0739174
0.0424299
0.0172786
-0.0059131
-0.0303246
-0.0583252
-0.0887599
-0.1099320
-0.1031495
-0.0633036
-0.0152083
0.0010947
-0.0316456
-0.0887979
-0.1303196
-0.1449406
-0.1588196
-0.1973400
-0.2488069
-0.2778877
-0.2716699
-0.2564884
-0.2613219
-0.2763641
-0.2652649
-0.2192681
-0.1820047
-0.2059248
-0.2875199
-0.3582328
-0.3414805
-0.2080479
0.0273095
0.3420877
0.7076874
1.0494082
1.2383072
1.1689739
0.8650116
0.4904049
0.2281327
0.1348547
0.1176532
0.0523315
-0.0871475
-0.2214877
-0.2716708
-0.2474681
-0.2245597
-0.2526374
-0.3079322
-0.3353234
-0.3154490
-0.2758586
-0.2472620
-0.2313391
-0.2175057
-0.2140553
-0.2435421
-0.3074640
-0.3710665
-0.3937981
-0.3705523
-0.3338802
-0.3159635
-0.3169988
-0.3141996
-0.2937212
-0.2646357
-0.2437163
-0.2365577
-0.2372739
-0.2387467
-0.2347055
-0.2149161
-0.1700965
-0.1081745
-0.0602634
-0.0603105
-0.1143943
-0.1929176
-0.2561848
-0.2867780
-0.2958626
-0.3019622
-0.3102376
-0.3134585
-0.3062072
-0.2911916
-0.2730061
-0.2527974
-0.2320733
-0.2166702
-0.2105227
-0.2062506
-0.1893158
-0.1566345
-0.1272115
-0.1252460
-0.1489456
-0.1628889
-0.1317167
-0.0637759
-0.0130451
-0.0282431
-0.0992865
-0.1611992
-0.1562960
-0.0905621
-0.0243840
-0.0090201
-0.0387030
-0.0677456
-0.0671998
-0.0537820
-0.0617058
-0.0970369
-0.1307992
-0.1352570
-0.1153293
-0.0978421
-0.0967928
-0.1006080
-0.0949865
-0.0874816
-0.0989438
-0.1320265
-0.1590308
-0.1486921
-0.1021842
-0.0548007
-0.0395951
-0.0542237
-0.0678321
-0.0575436
-0.0315034
-0.0145372
-0.0171858
-0.0254598
-0.0207093
-0.0029546
0.0105622
0.0079153
-0.0029362
-0.0054586
0.0029707
0.0058785
-0.0130574
-0.0490913
-0.0789889
-0.0849674
-0.0733641
-0.0674921
-0.0828363
-0.1115443
-0.1320602
-0.1320555
-0.1193041
-0.1100028
-0.1096133
-0.1085129
-0.0962866
-0.0767213
-0.0657166
-0.0750952
-0.1012560
-0.1298057
-0.1459916
-0.1336108
-0.0634430
0.1057166
0.3964208
0.7705529
1.1202372
1.3164667
1.2869629
1.0614962
0.7472512
0.4569077
0.2488692
0.1194785
0.0365328
-0.0259725
-0.0778654
-0.1213103
-0.1582621
-0.1897874
-0.2146419
-0.2323271
-0.2454984
-0.2562979
-0.2613133
-0.2540281
-0.2340085
-0.2113818
-0.1990331
-0.2000137
-0.2049353
-0.2032141
-0.1952611
-0.1908711
-0.1955189
-0.2014560
-0.1952534
-0.1733923
-0.1471764
-0.1307341
-0.1261618
-0.1231030
-0.1123603
-0.0963076
-0.0835363
-0.0754263
-0.0627998
-0.0379704
-0.0071049
0.0139509
0.0170224
0.0115880
0.0149343
0.0339266
0.0597204
0.0803587
0.0945207
0.1098285
0.1299084
0.1485366
0.1586926
0.1635265
0.1730349
0.1895751
0.2018514
0.1975816
0.1802327
0.1673879
0.1698773
0.1760996
0.1623030
0.1192154
0.0645999
0.0262820
0.0142416
0.0131808
0.0030489
-0.0173856
-0.0312711
-0.0262336
-0.0105122
-0.0035029
-0.0133152
-0.0289805
-0.0355669
-0.0319116
-0.0287272
-0.0310109
-0.0291500
-0.0116609
0.0164464
0.0349359
0.0307980
0.0152088
0.0117503
0.0266564
0.0370119
0.0170766
-0.0196805
-0.0084774
0.1270554
0.4107417
0.7794406
1.1102831
1.2908265
1.2798019
1.1173325
0.8860396
0.6594928
0.4745502
0.3359551
0.2350806
0.1622602
0.1086152
0.0662103
0.0317029
0.0079762
-0.0020450
-0.0037118
-0.0090353
-0.0237198
-0.0376457
-0.0331665
-0.0053781
0.0280262
0.0404343
0.0202204
-0.0206924
-0.0616483
-0.0928794
-0.1179662
-0.1403889
-0.1550918
-0.1569541
