0.2992575
0.3946002
0.3674853
0.3313586
0.3293324
0.3204311
0.2931063
0.2811640
0.2818660
0.2527630
0.1909891
0.1423480
0.1290996
0.1275930
0.1162837
0.0943171
0.0568090
0.0001361
-0.0519589
-0.0711278
-0.0693737
-0.0830133
-0.1176263
-0.1447408
-0.1472980
-0.1351908
-0.1208428
-0.1091125
-0.1069857
-0.1178842
-0.1304930
-0.1326161
-0.1291094
-0.1310070
-0.1385122
-0.1487110
-0.1645614
-0.1808157
-0.1781620
-0.1494681
-0.1172866
-0.1076771
-0.1186034
-0.1292501
-0.1291828
-0.1244625
-0.1241711
-0.1316170
-0.1413336
-0.1396652
-0.1184887
-0.0908410
-0.0797535
-0.0892624
-0.1009908
-0.1015301
-0.0972141
-0.0984369
-0.1051681
-0.1127396
-0.1182461
-0.1168393
-0.1037570
-0.0840003
-0.0704263
-0.0699962
-0.0789807
-0.0900522
-0.0965047
-0.0938617
-0.0867735
-0.0893814
-0.1082434
-0.1293090
-0.1323750
-0.1147526
-0.0916237
-0.0778395
-0.0782205
-0.0900768
-0.1052243
-0.1134544
-0.1126220
-0.1120772
-0.1198194
-0.1305493
-0.1320802
-0.1195648
-0.0996998
-0.0854718
-0.0879036
-0.1054875
-0.1206035
-0.1160864
-0.0979013
-0.0909808
-0.1083079
-0.1337691
-0.1411778
-0.1228750
-0.0946644
-0.0783707
-0.0832166
-0.0995534
-0.1082647
-0.0994389
-0.0817438
-0.0706641
-0.0707478
-0.0739392
-0.0704689
-0.0547247
-0.0259483
0.0074635
0.0283340
0.0261373
0.0110220
0.0031622
0.0079019
0.0093122
-0.0099064
-0.0469333
-0.0785731
-0.0814025
-0.0544805
-0.0231419
-0.0161317
-0.0374046
-0.0651204
-0.0787776
-0.0796810
-0.0825260
-0.0958439
-0.1160881
-0.1340198
-0.1409650
-0.1337970
-0.1191278
-0.1091318
-0.1093630
-0.1135559
-0.1127049
-0.1058552
-0.0997335
-0.1002446
-0.1056474
-0.1071286
-0.0978554
-0.0832149
-0.0773907
-0.0842621
-0.0843925
-0.0451270
0.0613504
0.2541655
0.5441712
0.9145181
1.2929512
1.5595121
1.6063492
1.4089175
1.0483260
0.6627236
0.3638506
0.1834543
0.0865228
0.0258343
-0.0207383
-0.0555433
-0.0812888
-0.1038710
-0.1229933
-0.1320067
-0.1278082
-0.1161616
-0.1075792
-0.1099026
-0.1224896
-0.1357394
-0.1393819
-0.1335090
-0.1289393
-0.1350136
-0.1491596
-0.1593222
-0.1548434
-0.1356516
-0.1134609
-0.1026091
-0.1061859
-0.1125472
-0.1090356
-0.0966939
-0.0865693
-0.0840188
-0.0832876
-0.0768154
-0.0631585
-0.0446983
-0.0232475
-0.0006030
0.0196158
0.0333865
0.0399257
0.0442995
0.0552886
0.0771189
0.1028812
0.1210276
0.1306404
0.1452719
0.1775728
0.2234668
0.2655191
0.2897884
0.2965098
0.2966391
0.3009259
0.3109178
0.3188334
0.3174894
0.3104142
0.3092851
0.3208462
0.3393053
0.3519165
0.3489066
0.3282962
0.2957364
0.2610970
0.2314433
0.2050685
0.1740131
0.1332899
0.0869354
0.0461085
0.0220829
0.0174722
0.0206434
0.0119346
-0.0186165
-0.0597401
-0.0892871
-0.0965166
-0.0913896
-0.0922672
-0.1073650
-0.1283325
-0.1398217
-0.1349000
-0.1215719
-0.1137127
-0.1165885
-0.1239442
-0.1282397
-0.1284470
-0.1267010
-0.1234881
-0.1203003
-0.1226210
-0.1343142
-0.1496402
-0.1551151
-0.1414503
-0.1140489
-0.0915112
-0.0911471
-0.1124158
-0.1353317
-0.1391422
-0.1231567
-0.1060872
-0.1046455
-0.1162148
-0.1234927
-0.1133488
-0.0898158
-0.0700183
-0.0678404
-0.0810212
-0.0951049
-0.1000105
-0.0992212
-0.1008728
-0.1048235
-0.1043424
-0.0982670
-0.0941930
-0.0975268
-0.1020333
-0.0956942
-0.0762866
-0.0585796
-0.0620764
-0.0889733
-0.1170878
-0.1208234
-0.1001613
-0.0828426
-0.0938760
-0.1266718
-0.1491690
-0.1374062
-0.0996143
-0.0673257
-0.0649247
-0.0882744
-0.1120457
-0.1164712
-0.1049363
-0.0953338
-0.0986516
-0.1104371
-0.1206203
-0.1248291
-0.1245645
-0.1215175
-0.1156286
-0.1074346
-0.0999596
-0.0974263
-0.1010691
-0.1057429
-0.1030296
-0.0902279
-0.0748184
-0.0669593
-0.0677959
-0.0673936
-0.0542725
-0.0261108
0.0076390
0.0323372
0.0390328
0.0311055
0.0198351
0.0127073
0.0071873
-0.0039920
-0.0239461
-0.0485905
-0.0691182
-0.0760611
-0.0650068
-0.0426830
-0.0262255
-0.0316805
-0.0598255
-0.0928799
-0.1076597
-0.0965298
-0.0775686
-0.0800239
-0.1141558
-0.1563585
-0.1697876
-0.1411118
-0.0929693
-0.0592978
-0.0533182
-0.0623755
-0.0686784
-0.0670761
-0.0614505
-0.0516699
-0.0340047
-0.0158905
-0.0195889
-0.0577878
-0.1038859
-0.0976224
0.0107744
0.2242485
0.5089331
0.8297034
1.1594593
1.4512848
1.6208254
1.5829504
1.3220029
0.9253468
0.5364438
0.2625099
0.1188104
0.0535335
0.0147820
-0.0127732
-0.0255316
-0.0317433
-0.0511044
-0.0896347
-0.1287097
-0.1448432
-0.1364078
-0.1255794
-0.1333393
-0.1560929
-0.1704145
-0.1601012
-0.1340735
-0.1155887
-0.1177729
-0.1338297
-0.1485028
-0.1530944
-0.1489019
-0.1415437
-0.1354245
-0.1317002
-0.1284261
-0.1218930
-0.1086768
-0.0878801
-0.0630194
-0.0415362
-0.0298189
-0.0269252
-0.0245410
-0.0147840
0.0024944
0.0206436
0.0331163
0.0391191
0.0445236
0.0582382
0.0855955
0.1233458
0.1616457
0.1915574
0.2101564
0.2196750
0.2250045
0.2325729
0.2477504
0.2700899
0.2922176
0.3060271
0.3105528
0.3129836
0.3214175
0.3362549
0.3487725
0.3491104
0.3358840
0.3163973
0.2970205
0.2762137
0.2490564
0.2157605
0.1818268
0.1511193
0.1231054
0.0970753
0.0746597
0.0557447
0.0346023
0.0042707
-0.0338479
-0.0670473
-0.0819926
-0.0803309
-0.0807771
-0.1007873
-0.1357775
-0.1611600
-0.1576715
-0.1319795
-0.1095382
-0.1090450
-0.1267468
-0.1443403
-0.1483532
-0.1407191
-0.1330540
-0.1338540
-0.1423298
-0.1525191
-0.1593808
-0.1594636
-0.1495043
-0.1293640
-0.1062138
-0.0914706
-0.0911356
-0.1002184
-0.1076491
-0.1062855
-0.0985657
-0.0935226
-0.0977056
-0.1075252
-0.1110542
-0.0993657
-0.0764203
-0.0564596
-0.0511487
-0.0595564
-0.0702179
-0.0723408
-0.0655561
-0.0594749
-0.0635463
-0.0774604
-0.0921586
-0.0992762
-0.0972373
-0.0886343
-0.0761356
-0.0637792
-0.0590892
-0.0684873
-0.0891256
-0.1081773
-0.1136019
-0.1066177
-0.1017230
-0.1115051
-0.1310110
-0.1405539
-0.1268559
-0.0991634
-0.0802897
-0.0825154
-0.0970883
-0.1081442
-0.1112683
-0.1139703
-0.1211347
-0.1271007
-0.1248188
-0.1185481
-0.1210037
-0.1360157
-0.1488178
-0.1397700
-0.1080591
-0.0764088
-0.0690229
-0.0876613
-0.1125648
-0.1244935
-0.1216220
-0.1156865
-0.1165439
-0.1229298
-0.1261144
-0.1194940
-0.1036851
-0.0835070
-0.0624459
-0.0419585
-0.0250971
-0.0170220
-0.0193227
-0.0250646
-0.0228881
-0.0085672
0.0074352
0.0066597
-0.0192225
-0.0560654
-0.0769659
-0.0682745
-0.0443886
-0.0325240
-0.0434390
-0.0622917
-0.0695795
-0.0652226
-0.0665663
-0.0849496
-0.1113560
-0.1283767
-0.1319730
-0.1346300
-0.1458931
-0.1564883
-0.1488969
-0.1223711
-0.0990371
-0.1004491
-0.1225345
-0.1399042
-0.1338850
-0.1107337
-0.0912201
-0.0873851
-0.0934519
-0.0971109
-0.0939120
-0.0876719
-0.0789483
-0.0564843
0.0010184
0.1192511
0.3232877
0.6245101
0.9941545
1.3442534
1.5500947
1.5178134
1.2507718
0.8565274
0.4824943
0.2292809
0.1073172
0.0614063
0.0305451
-0.0106307
-0.0536627
-0.0831959
-0.0967676
-0.1045051
-0.1179282
-0.1404620
-0.1648646
-0.1782607
-0.1725208
-0.1523928
-0.1330556
-0.1279496
-0.1377612
-0.1505452
-0.1526715
-0.1410258
-0.1258390
-0.1211878
-0.1313197
-0.1455899
-0.1470532
-0.1268975
-0.0921402
-0.0606054
-0.0474011
-0.0533937
-0.0652295
-0.0673611
-0.0551006
-0.0363577
-0.0219754
-0.0161298
-0.0151883
-0.0121976
-0.0006079
0.0236393
0.0593868
0.0981933
0.1271693
0.1375835
0.1333650
0.1306551
0.1454883
0.1789551
0.2151623
0.2362902
0.2401773
0.2418165
0.2575389
0.2891103
0.3233549
0.3454048
0.3509576
0.3465957
0.3406337
0.3356210
0.3293151
0.3196949
0.3059328
0.2857198
0.2564320
0.2211585
0.1901792
0.1720088
0.1628318
0.1479641
0.1157228
0.0692867
0.0237820
-0.0084766
-0.0291993
-0.0500382
-0.0778591
-0.1060976
-0.1222022
-0.1221571
-0.1148273
-0.1119747
-0.1170817
-0.1255866
-0.1334169
-0.1412978
-0.1499973
-0.1549124
-0.1499817
-0.1381842
-0.1340274
-0.1496427
-0.1772357
-0.1907985
-0.1709634
-0.1276496
-0.0934009
-0.0922698
-0.1173173
-0.1401629
-0.1406019
-0.1242726
-0.1120418
-0.1158936
-0.1282239
-0.1334945
-0.1256114
-0.1108732
-0.0969303
-0.0849768
-0.0743036
-0.0691178
-0.0750647
-0.0894142
-0.0997784
-0.0960559
-0.0826379
-0.0754781
-0.0850850
-0.1035391
-0.1112477
-0.0977606
-0.0737890
-0.0602397
-0.0664077
-0.0819722
-0.0906307
-0.0882747
-0.0854707
-0.0936944
-0.1121525
-0.1289479
-0.1335227
-0.1260902
-0.1149411
-0.1069668
-0.1033748
-0.1037706
-0.1098738
-0.1218950
-0.1333315
-0.1344906
-0.1236630
-0.1127106
-0.1177444
-0.1419922
-0.1684726
-0.1726001
-0.1452586
-0.1041236
-0.0800274
-0.0897302
-0.1213172
-0.1463496
-0.1462450
-0.1274495
-0.1124756
-0.1170292
-0.1352292
-0.1463753
-0.1361070
-0.1107002
-0.0901329
-0.0878097
-0.0986715
-0.1071569
-0.1043983
-0.0956028
-0.0914753
-0.0950774
-0.0985441
-0.0915813
-0.0710402
-0.0419535
-0.0121904
0.0108700
0.0203813
0.0132839
-0.0029690
-0.0115009
-0.0012859
0.0174346
0.0190278
-0.0108355
-0.0555535
-0.0798663
-0.0646232
-0.0276110
-0.0067922
-0.0227074
-0.0599172
-0.0862512
-0.0869020
-0.0760907
-0.0771573
-0.0968150
-0.1208160
-0.1306341
-0.1204280
-0.0995856
-0.0833058
-0.0813873
-0.0924025
-0.1057808
-0.1105424
-0.1045420
-0.0956116
-0.0921227
-0.0923155
-0.0856917
-0.0671294
-0.0470029
-0.0416076
-0.0512139
-0.0505141
-0.0029152
0.1182273
0.3225391
0.6050291
0.9375510
1.2514903
1.4445016
1.4318029
1.2099361
0.8709285
0.5433724
0.3092762
0.1705741
0.0857982
0.0256816
-0.0118623
-0.0278802
-0.0411112
-0.0707379
-0.1099195
-0.1308832
-0.1188169
-0.0920715
-0.0829027
-0.1022272
-0.1300462
-0.1403325
-0.1290620
-0.1145047
-0.1142681
-0.1280041
-0.1419612
-0.1440494
-0.1314755
-0.1088580
-0.0853230
-0.0720401
-0.0751493
-0.0875907
-0.0922170
-0.0783054
-0.0544236
-0.0404730
-0.0451958
-0.0544115
-0.0449582
-0.0102359
0.0309276
0.0525855
0.0476573
0.0339525
0.0350437
0.0574088
0.0867875
0.1047804
0.1074765
0.1088912
0.1273551
0.1674214
0.2136367
0.2431819
0.2471289
0.2396631
0.2444194
0.2705402
0.3034125
0.3206191
0.3164054
0.3078759
0.3156696
0.3404370
0.3616614
0.3600206
0.3374181
0.3122426
0.2970213
0.2851677
0.2606639
0.2175737
0.1675927
0.1294237
0.1121332
0.1076446
0.0974815
0.0676864
0.0205284
-0.0264550
-0.0547822
-0.0618250
-0.0642118
-0.0818376
-0.1161057
-0.1456827
-0.1475816
-0.1230204
-0.0988745
-0.1009935
-0.1279622
-0.1541339
-0.1576818
-0.1422169
-0.1299940
-0.1370434
-0.1578956
-0.1736593
-0.1715947
-0.1553027
-0.1381642
-0.1302985
-0.1322780
-0.1382525
-0.1421866
-0.1417783
-0.1391484
-0.1385875
-0.1419548
-0.1452924
-0.1413390
-0.1270151
-0.1082050
-0.0958463
-0.0965956
-0.1072625
-0.1181500
-0.1214667
-0.1167700
-0.1094890
-0.1056024
-0.1077555
-0.1143909
-0.1203733
-0.1192180
-0.1082304
-0.0932567
-0.0857048
-0.0912484
-0.1021255
-0.1048869
-0.0975982
-0.0955346
-0.1145178
-0.1483781
-0.1686617
-0.1522874
-0.1089041
-0.0753014
-0.0793655
-0.1121965
-0.1396965
-0.1401023
-0.1246188
-0.1198494
-0.1357348
-0.1563678
-0.1603173
-0.1433262
-0.1189289
-0.1019870
-0.0969551
-0.1003734
-0.1078298
-0.1152516
-0.1180508
-0.1153390
-0.1144653
-0.1248514
-0.1440030
-0.1543381
-0.1403071
-0.1083567
-0.0840911
-0.0866472
-0.1089505
-0.1267494
-0.1254354
-0.1135856
-0.1094259
-0.1181604
-0.1263142
-0.1172226
-0.0884159
-0.0530600
-0.0273783
-0.0184821
-0.0216428
-0.0254602
-0.0202960
-0.0061329
0.0058547
0.0025475
-0.0171071
-0.0386024
-0.0456914
-0.0377721
-0.0304571
-0.0377164
-0.0563346
-0.0708748
-0.0723915
-0.0679906
-0.0708741
-0.0848620
-0.1022243
-0.1144275
-0.1195268
-0.1183623
-0.1098302
-0.0953249
-0.0847642
-0.0902109
-0.1107787
-0.1292767
-0.1294982
-0.1153202
-0.1068164
-0.1157793
-0.1300407
-0.1269857
-0.1010695
-0.0722406
-0.0649278
-0.0820654
-0.1016414
-0.0926523
-0.0258121
0.1290670
0.3978898
0.7722993
1.1768568
1.4787748
1.5549173
1.3717988
1.0114329
0.6184386
0.3115886
0.1293155
0.0410578
-0.0029641
-0.0335489
-0.0586887
-0.0784318
-0.0936846
-0.1039496
-0.1060075
-0.1001416
-0.0952357
-0.1024071
-0.1219491
-0.1400185
-0.1423256
-0.1309095
-0.1233539
-0.1328591
-0.1513863
-0.1567571
-0.1373548
-0.1066838
-0.0905907
-0.1006474
-0.1225865
-0.1317099
-0.1178708
-0.0935928
-0.0785862
-0.0790892
-0.0837158
-0.0776010
-0.0575674
-0.0329579
-0.0142779
-0.0036196
0.0041902
0.0138054
0.0248380
0.0346013
0.0430429
0.0530433
0.0661330
0.0802097
0.0932583
0.1082323
0.1311773
0.1629082
0.1942944
0.2129809
0.2161625
0.2153730
0.2264618
0.2539057
0.2855877
0.3039471
0.3026754
0.2926852
0.2921341
0.3104122
0.3401040
0.3624383
0.3609361
0.3332403
0.2928989
0.2590239
0.2406183
0.2286202
0.2043416
0.1582081
0.1011312
0.0563945
0.0390518
0.0427905
0.0466396
0.0337515
0.0035375
-0.0324313
-0.0630637
-0.0852365
-0.1016023
-0.1148100
-0.1247309
-0.1293018
-0.1267085
-0.1177917
-0.1074145
-0.1021701
-0.1045364
-0.1094292
-0.1090301
-0.1024191
-0.0985989
-0.1072060
-0.1261676
-0.1412692
-0.1397861
-0.1232926
-0.1051149
-0.0961867
-0.0963548
-0.0995721
-0.1030969
-0.1077237
-0.1113363
-0.1086823
-0.1001331
-0.0959538
-0.1055282
-0.1220902
-0.1242023
-0.0974931
-0.0535888
-0.0223851
-0.0233458
-0.0469060
-0.0664872
-0.0667354
-0.0562033
-0.0528937
-0.0627127
-0.0757165
-0.0804827
-0.0761650
-0.0691513
-0.0630230
-0.0568167
-0.0516256
-0.0527365
-0.0622401
-0.0733816
-0.0777467
-0.0777331
-0.0857403
-0.1067788
-0.1254347
-0.1177104
-0.0788307
-0.0348269
-0.0205163
-0.0451495
-0.0834151
-0.1021370
-0.0930128
-0.0761330
-0.0736233
-0.0856536
-0.0943760
-0.0865532
-0.0664491
-0.0472904
-0.0365961
-0.0334513
-0.0357595
-0.0433166
-0.0533386
-0.0593082
-0.0587016
-0.0585538
-0.0670487
-0.0791533
-0.0770780
-0.0501862
-0.0117802
0.0107503
0.0047550
-0.0130226
-0.0146395
0.0082182
0.0363298
0.0459049
0.0342173
0.0191697
0.0172599
0.0281959
0.0411930
0.0492059
0.0515021
0.0460582
0.0285367
0.0021564
-0.0178851
-0.0180549
-0.0047067
-0.0014332
-0.0232623
-0.0568120
-0.0727529
-0.0589706
-0.0356393
-0.0329497
-0.0568728
-0.0834827
-0.0883397
-0.0752299
