-0.1079139
-0.1315892
-0.1415873
-0.1324116
-0.1214961
-0.1327652
-0.1680200
-0.1988106
-0.1928785
-0.1492724
-0.1023229
-0.0875228
-0.1060478
-0.1272129
-0.1252271
-0.1080898
-0.1066092
-0.1366789
-0.1753276
-0.1725731
-0.0830472
0.1122329
0.4036219
0.7571751
1.1151448
1.4011480
1.5434969
1.5105573
1.3311227
1.0789532
0.8311378
0.6326191
0.4898852
0.3875906
0.3058471
0.2271798
0.1404585
0.0485993
-0.0289114
-0.0709088
-0.0785544
-0.0812847
-0.1111102
-0.1685091
-0.2185626
-0.2255411
-0.1900432
-0.1481958
-0.1348293
-0.1520552
-0.1751737
-0.1835372
-0.1792486
-0.1771314
-0.1843721
-0.1946558
-0.1983530
-0.1920717
-0.1781018
-0.1601679
-0.1428419
-0.1314941
-0.1280210
-0.1274252
-0.1231566
-0.1166941
-0.1172063
-0.1281562
-0.1372542
-0.1258658
-0.0902067
-0.0492137
-0.0273977
-0.0304360
-0.0404088
-0.0352082
-0.0102043
0.0197951
0.0371107
0.0374960
0.0322232
0.0379518
0.0645019
0.1079425
0.1520108
0.1781713
0.1793410
0.1662087
0.1582160
0.1657992
0.1815702
0.1903299
0.1872397
0.1836183
0.1934490
0.2158782
0.2339450
0.2314150
0.2089833
0.1818958
0.1620901
0.1451950
0.1169430
0.0716567
0.0219522
-0.0116570
-0.0206258
-0.0166527
-0.0197279
-0.0389844
-0.0664357
-0.0885389
-0.1009127
-0.1100143
-0.1225926
-0.1374967
-0.1486863
-0.1527009
-0.1498792
-0.1401792
-0.1232529
-0.1046851
-0.0974312
-0.1106316
-0.1363612
-0.1531512
-0.1473898
-0.1293267
-0.1225622
-0.1365981
-0.1545162
-0.1518292
-0.1253280
-0.0980005
-0.0941851
-0.1138660
-0.1346746
-0.1370128
-0.1228229
-0.1094650
-0.1096974
-0.1207883
-0.1305713
-0.1292321
-0.1148614
-0.0926193
-0.0724555
-0.0651505
-0.0747164
-0.0927656
-0.1041971
-0.1023094
-0.0969808
-0.1035405
-0.1223976
-0.1338488
-0.1178572
-0.0789363
-0.0468219
-0.0486485
-0.0811667
-0.1137001
-0.1194965
-0.1017412
-0.0868335
-0.0942276
-0.1168760
-0.1318354
-0.1258727
-0.1067118
-0.0907073
-0.0851881
-0.0858953
-0.0878964
-0.0923563
-0.1009304
-0.1088606
-0.1093691
-0.1039918
-0.1025872
-0.1100829
-0.1170718
-0.1091239
-0.0855530
-0.0638369
-0.0618473
-0.0777812
-0.0919058
-0.0886207
-0.0731737
-0.0642218
-0.0722131
-0.0887789
-0.0969479
-0.0874846
-0.0633164
-0.0321793
-0.0006552
0.0248825
0.0381892
0.0393975
0.0392451
0.0505822
0.0728066
0.0885070
0.0807521
0.0538182
0.0320749
0.0350511
0.0556592
0.0671387
0.0518045
0.0192734
-0.0057579
-0.0109364
-0.0078054
-0.0169521
-0.0461206
-0.0848765
-0.1172058
-0.1345893
-0.1371903
-0.1282245
-0.1122066
-0.0972487
-0.0930350
-0.1027577
-0.1188394
-0.1302598
-0.1344966
-0.1395173
-0.1525019
-0.1684067
-0.1722099
-0.1530250
-0.1155187
-0.0781105
-0.0610294
-0.0743972
-0.1123832
-0.1530979
-0.1631002
-0.1071659
0.0383280
0.2748484
0.5797404
0.9112794
1.2148502
1.4298665
1.5041138
1.4171943
1.1994298
0.9258485
0.6801924
0.5103008
0.4077856
0.3277569
0.2318215
0.1185404
0.0177315
-0.0421362
-0.0610117
-0.0644710
-0.0774363
-0.1029448
-0.1262706
-0.1362151
-0.1380135
-0.1445226
-0.1590018
-0.1719669
-0.1754390
-0.1747809
-0.1812787
-0.1945623
-0.1990357
-0.1817272
-0.1507632
-0.1304380
-0.1361755
-0.1575593
-0.1694674
-0.1593285
-0.1400911
-0.1348119
-0.1505689
-0.1704047
-0.1709491
-0.1455304
-0.1088476
-0.0810558
-0.0700018
-0.0686871
-0.0665353
-0.0598494
-0.0514122
-0.0432655
-0.0334401
-0.0202572
-0.0067343
0.0029297
0.0115736
0.0301958
0.0669142
0.1143849
0.1515179
0.1613581
0.1480942
0.1344129
0.1400964
0.1634642
0.1852886
0.1906722
0.1846228
0.1847746
0.2010701
0.2259256
0.2439817
0.2473731
0.2390480
0.2243252
0.2045626
0.1799862
0.1538755
0.1293400
0.1033008
0.0691614
0.0280406
-0.0062904
-0.0189568
-0.0111643
-0.0022374
-0.0121333
-0.0431620
-0.0801160
-0.1061271
-0.1157715
-0.1147309
-0.1121904
-0.1157069
-0.1290251
-0.1489615
-0.1640295
-0.1613619
-0.1394311
-0.1129996
-0.1015463
-0.1110755
-0.1288741
-0.1372726
-0.1309759
-0.1194419
-0.1142838
-0.1178474
-0.1241957
-0.1273238
-0.1254111
-0.1187521
-0.1076980
-0.0944159
-0.0846600
-0.0846996
-0.0951306
-0.1084394
-0.1141191
-0.1071871
-0.0921140
-0.0786869
-0.0741180
-0.0784596
-0.0860883
-0.0903354
-0.0870713
-0.0759603
-0.0606446
-0.0482893
-0.0466902
-0.0582713
-0.0756342
-0.0858280
-0.0828439
-0.0757445
-0.0801709
-0.0991350
-0.1152256
-0.1070725
-0.0744750
-0.0429791
-0.0397426
-0.0658198
-0.0956961
-0.1046778
-0.0934163
-0.0831867
-0.0898511
-0.1075135
-0.1183687
-0.1133468
-0.0985320
-0.0837497
-0.0716037
-0.0603515
-0.0527342
-0.0554340
-0.0687176
-0.0812422
-0.0798622
-0.0650004
-0.0531335
-0.0611108
-0.0877859
-0.1127144
-0.1140209
-0.0876338
-0.0497011
-0.0219579
-0.0152628
-0.0246627
-0.0362804
-0.0374945
-0.0233842
0.0018978
0.0276836
0.0428270
0.0437249
0.0388365
0.0432797
0.0648875
0.0939995
0.1093183
0.0969490
0.0643222
0.0338909
0.0220292
0.0244510
0.0228524
0.0050903
-0.0228498
-0.0451794
-0.0541723
-0.0566882
-0.0630705
-0.0738591
-0.0814091
-0.0829558
-0.0860829
-0.0981171
-0.1138322
-0.1197530
-0.1116087
-0.1021589
-0.1066058
-0.1217655
-0.1262083
-0.1046201
-0.0682378
-0.0449490
-0.0486883
-0.0643747
-0.0671102
-0.0530020
-0.0446035
-0.0634883
-0.0991122
-0.1051099
-0.0247304
0.1766913
0.4911925
0.8635052
1.2018775
1.4079524
1.4217539
1.2572436
0.9969577
0.7415676
0.5512469
0.4254345
0.3312026
0.2456462
0.1716515
0.1209446
0.0918077
0.0673429
0.0325137
-0.0116435
-0.0515027
-0.0759180
-0.0860227
-0.0915229
-0.1003953
-0.1133546
-0.1261965
-0.1343939
-0.1347055
-0.1248007
-0.1048314
-0.0809959
-0.0656368
-0.0693514
-0.0898320
-0.1101437
-0.1128996
-0.0983547
-0.0853338
-0.0903612
-0.1069753
-0.1105084
-0.0852764
-0.0434949
-0.0131987
-0.0084193
-0.0159494
-0.0131686
0.0056488
0.0260360
0.0345733
0.0356434
0.0426386
0.0577543
0.0695119
0.0717887
0.0771293
0.1032327
0.1476155
0.1839362
0.1888820
0.1702315
0.1619463
0.1884607
0.2365783
0.2672340
0.2561786
0.2202879
0.2011921
0.2235921
0.2715593
0.3055636
0.3006622
0.2672770
0.2367324
0.2294227
0.2379212
0.2389516
0.2183839
0.1830542
0.1504712
0.1308922
0.1205002
0.1088203
0.0890140
0.0611477
0.0294171
-0.0004571
-0.0220220
-0.0308016
-0.0299536
-0.0322526
-0.0512771
-0.0865118
-0.1186356
-0.1247680
-0.1014088
-0.0706752
-0.0609494
-0.0806991
-0.1120626
-0.1295674
-0.1234819
-0.1049661
-0.0915285
-0.0909208
-0.0988938
-0.1078079
-0.1126737
-0.1097414
-0.0954972
-0.0718828
-0.0506133
-0.0464272
-0.0627432
-0.0855650
-0.0947622
-0.0827888
-0.0618350
-0.0518161
-0.0611043
-0.0790025
-0.0866162
-0.0743228
-0.0489463
-0.0261259
-0.0177863
-0.0257561
-0.0433397
-0.0605362
-0.0698423
-0.0710165
-0.0714437
-0.0795880
-0.0956677
-0.1089793
-0.1067399
-0.0874052
-0.0647537
-0.0567254
-0.0689782
-0.0899824
-0.1028495
-0.1011726
-0.0928807
-0.0905695
-0.1003425
-0.1188327
-0.1369052
-0.1443128
-0.1341086
-0.1080406
-0.0796482
-0.0684608
-0.0851201
-0.1191783
-0.1441945
-0.1402242
-0.1136741
-0.0925133
-0.0986411
-0.1251061
-0.1429269
-0.1309884
-0.0973866
-0.0700644
-0.0677098
-0.0820493
-0.0889050
-0.0741167
-0.0461013
-0.0240145
-0.0178967
-0.0227984
-0.0286996
-0.0299983
-0.0245056
-0.0097559
0.0130062
0.0320807
0.0296948
-0.0012328
-0.0455311
-0.0760798
-0.0793029
-0.0694640
-0.0744255
-0.1063162
-0.1483984
-0.1721068
-0.1650570
-0.1406652
-0.1228706
-0.1254102
-0.1450443
-0.1688220
-0.1838121
-0.1830343
-0.1690152
-0.1544045
-0.1547503
-0.1743990
-0.1984853
-0.2036942
-0.1811624
-0.1471354
-0.1267950
-0.1278235
-0.1347503
-0.1310919
-0.1215054
-0.1251659
-0.1465412
-0.1569900
-0.1078195
0.0387192
0.2879529
0.6107619
0.9503248
1.2299812
1.3710591
1.3279472
1.1216955
0.8371522
0.5737099
0.3864134
0.2678335
0.1810171
0.1038082
0.0408083
0.0012220
-0.0229528
-0.0519050
-0.0955711
-0.1426305
-0.1735351
-0.1814580
-0.1779625
-0.1798390
-0.1936829
-0.2129335
-0.2258142
-0.2241217
-0.2076338
-0.1843927
-0.1665783
-0.1623104
-0.1690869
-0.1760435
-0.1741454
-0.1644525
-0.1561134
-0.1563180
-0.1624606
-0.1642098
-0.1531328
-0.1303013
-0.1051163
-0.0876239
-0.0815529
-0.0824689
-0.0810726
-0.0701590
-0.0516817
-0.0370042
-0.0365201
-0.0466233
-0.0490290
-0.0268787
0.0170720
0.0599453
0.0786917
0.0715634
0.0592036
0.0636359
0.0866503
0.1101104
0.1170252
0.1098111
0.1067022
0.1224242
0.1546877
0.1881867
0.2084354
0.2113282
0.2026659
0.1915141
0.1836405
0.1787190
0.1721449
0.1602199
0.1451895
0.1349796
0.1353161
0.1403989
0.1339592
0.1041494
0.0582359
0.0186250
0.0010369
-0.0022279
-0.0146027
-0.0507504
-0.1013249
-0.1422438
-0.1575006
-0.1521930
-0.1450099
-0.1508727
-0.1715576
-0.1998155
-0.2278733
-0.2512664
-0.2690516
-0.2845171
-0.3040972
-0.3308853
-0.3582089
-0.3732792
-0.3700965
-0.3574679
-0.3513870
-0.3586893
-0.3695932
-0.3675489
-0.3458886
-0.3131486
-0.2815946
-0.2527518
-0.2170820
-0.1678312
-0.1123180
-0.0678408
-0.0474017
-0.0498836
-0.0621236
-0.0689721
-0.0633452
-0.0501150
-0.0412411
-0.0449207
-0.0570366
-0.0629796
-0.0499036
-0.0196034
0.0105694
0.0222926
0.0142107
0.0041235
0.0099942
0.0281198
0.0333403
0.0043061
-0.0504304
-0.0913762
-0.0724158
0.0335010
0.2288716
0.5028143
0.8360846
1.1875604
1.4809187
1.6235860
1.5609788
1.3239065
1.0198170
0.7657562
0.6162310
0.5445379
0.4863282
0.3999941
0.2912470
0.1906632
0.1174931
0.0670160
0.0253461
-0.0127948
-0.0422157
-0.0566591
-0.0557975
-0.0458630
-0.0375592
-0.0416594
-0.0611917
-0.0861452
-0.0997858
-0.0946677
-0.0823423
-0.0833026
-0.1045457
-0.1290392
-0.1317090
-0.1067061
-0.0750272
-0.0625559
-0.0734738
-0.0891296
-0.0910662
-0.0795970
-0.0689684
-0.0696223
-0.0789288
-0.0864366
-0.0834770
-0.0679361
-0.0444772
-0.0229079
-0.0131493
-0.0162445
-0.0195513
-0.0065068
0.0239108
0.0505424
0.0504477
0.0275436
0.0140022
0.0373201
0.0888877
0.1315336
0.1384909
0.1196698
0.1071523
0.1189569
0.1421755
0.1512809
0.1375122
0.1161516
0.1070381
0.1136325
0.1230187
0.1217101
0.1067301
0.0833686
0.0581126
0.0352004
0.0157013
-0.0033220
-0.0269983
-0.0569294
-0.0869238
-0.1060168
-0.1073162
-0.0951832
-0.0840866
-0.0885510
-0.1111873
-0.1393956
-0.1555206
-0.1528481
-0.1428106
-0.1452763
-0.1690006
-0.2002369
-0.2129351
-0.1938412
-0.1575832
-0.1336566
-0.1374998
-0.1571934
-0.1694090
-0.1641457
-0.1506532
-0.1430143
-0.1463166
-0.1568402
-0.1688993
-0.1765849
-0.1720972
-0.1503134
-0.1187165
-0.0979417
-0.1044209
-0.1307608
-0.1497623
-0.1432771
-0.1236543
-0.1196766
-0.1415050
-0.1667796
-0.1652371
-0.1329307
-0.0970349
-0.0876407
-0.1087760
-0.1379188
-0.1504602
-0.1414638
-0.1248987
-0.1168558
-0.1228127
-0.1378773
-0.1527244
-0.1579075
-0.1483910
-0.1291051
-0.1139666
-0.1143457
-0.1276802
-0.1401284
-0.1412100
-0.1341909
-0.1315592
-0.1415048
-0.1593618
-0.1716001
-0.1678171
-0.1495040
-0.1284127
-0.1173429
-0.1214518
-0.1353287
-0.1468866
-0.1469436
-0.1385316
-0.1353949
-0.1471506
-0.1661150
-0.1734083
-0.1597658
-0.1366132
-0.1237531
-0.1284781
-0.1402130
-0.1447903
-0.1399614
-0.1349354
-0.1373191
-0.1450676
-0.1522954
-0.1580973
-0.1642385
-0.1663633
-0.1559574
-0.1343471
-0.1176960
-0.1204936
-0.1365939
-0.1448252
-0.1349878
-0.1214604
-0.1257269
-0.1483652
-0.1652961
-0.1545438
-0.1226661
-0.0989153
-0.1030068
-0.1245697
-0.1381167
-0.1332303
-0.1225882
-0.1219501
-0.1316240
-0.1411989
-0.1450249
-0.1454519
-0.1436301
-0.1357229
-0.1212548
-0.1100387
-0.1144245
-0.1337774
-0.1513101
-0.1507825
-0.1351198
-0.1234363
-0.1285505
-0.1425350
-0.1476461
-0.1369089
-0.1185518
-0.1031980
-0.0940426
-0.0900211
-0.0913839
-0.0975899
-0.1033090
-0.1024864
-0.0973370
-0.0988603
-0.1137016
-0.1309050
-0.1277261
-0.0936808
-0.0463048
-0.0162677
-0.0155613
-0.0257394
-0.0200357
0.0076600
0.0394223
0.0547063
0.0496513
0.0363437
0.0285058
0.0301607
0.0355201
0.0360877
0.0268827
0.0086761
-0.0118944
-0.0249672
-0.0259624
-0.0244471
-0.0389883
-0.0761777
-0.1167309
-0.1306356
-0.1090399
-0.0764394
-0.0674339
-0.0927390
-0.1300851
-0.1478161
-0.1361097
-0.1149834
-0.1121555
-0.1338504
-0.1582209
-0.1569465
-0.1224029
-0.0756962
-0.0511228
-0.0696985
-0.1190207
-0.1549300
-0.1285284
-0.0181677
0.1646120
0.3993931
0.6774304
0.9872844
1.2813079
1.4716925
1.4790999
1.2976438
1.0122212
0.7426334
0.5602242
0.4527770
0.3643497
0.2597703
0.1472644
0.0515017
-0.0164953
-0.0602208
-0.0844431
-0.0937393
-0.0995123
-0.1159192
-0.1443391
-0.1679452
-0.1692471
-0.1535995
-0.1484096
-0.1728148
-0.2113718
-0.2270429
-0.2021986
-0.1584403
-0.1311777
-0.1320853
-0.1440731
-0.1474520
-0.1400590
-0.1316392
-0.1283072
-0.1278316
-0.1257600
-0.1200515
-0.1091416
-0.0901310
-0.0638370
-0.0408067
-0.0347334
-0.0447019
-0.0498990
-0.0316051
0.0011919
0.0190514
0.0081115
-0.0099425
-0.0001663
0.0478109
0.1094191
0.1502564
0.1576422
0.1483712
0.1486541
0.1682364
0.1945755
0.2102793
0.2116288
0.2090678
0.2154460
0.2374659
0.2726189
0.3079155
0.3257496
0.3190562
0.2999611
0.2877558
0.2888791
0.2929812
0.2872196
0.2699417
0.2510213
0.2419783
0.2449578
0.2496529
0.2428411
0.2218479
0.1959430
0.1746436
0.1589865
0.1437577
0.1219550
0.0870770
0.0395678
-0.0062947
-0.0300254
-0.0246844
-0.0049563
0.0069356
-0.0003135
-0.0220368
-0.0437121
-0.0506115
-0.0384896
-0.0183981
-0.0075306
-0.0137941
-0.0306773
-0.0443643
-0.0430754
-0.0252887
-0.0046394
-0.0002425
-0.0141380
-0.0250766
-0.0151245
0.0036874
0.0027133
-0.0254082
-0.0550025
-0.0556907
-0.0249334
0.0093327
0.0154620
-0.0108238
-0.0411773
-0.0454139
-0.0264143
-0.0138242
-0.0234456
-0.0394338
-0.0414679
-0.0310373
-0.0206015
-0.0134155
-0.0075518
-0.0069607
-0.0150068
-0.0260809
-0.0335695
-0.0381158
-0.0424983
-0.0478121
-0.0560488
-0.0638192
-0.0565119
-0.0279221
-0.0016346
-0.0066990
-0.0342686
-0.0494840
-0.0448267
-0.0433554
-0.0480082
-0.0360203
-0.0140420
-0.0236948
-0.0672163
-0.0812493
-0.0235183
