-0.0963973
-0.0772722
-0.0796546
-0.0938058
-0.1148322
-0.1388921
-0.1529142
-0.1458095
-0.1273043
-0.1209406
-0.1369323
-0.1614676
-0.1729673
-0.1606956
-0.1286371
-0.0914859
-0.0692206
-0.0767729
-0.1120509
-0.1542165
-0.1745587
-0.1490295
-0.0629258
0.0927444
0.3264724
0.6404028
1.0065532
1.3448552
1.5409287
1.5111638
1.2659238
0.9103396
0.5780186
0.3533183
0.2397764
0.1858026
0.1359616
0.0675109
-0.0074360
-0.0646193
-0.0908234
-0.0915844
-0.0847378
-0.0882964
-0.1092799
-0.1396765
-0.1637452
-0.1712549
-0.1645396
-0.1547393
-0.1536009
-0.1666823
-0.1885900
-0.2034846
-0.1959491
-0.1662775
-0.1335487
-0.1198801
-0.1308343
-0.1518705
-0.1630087
-0.1559063
-0.1379866
-0.1228096
-0.1182034
-0.1226780
-0.1293994
-0.1300460
-0.1167156
-0.0871280
-0.0518045
-0.0310759
-0.0372087
-0.0586246
-0.0675492
-0.0472768
-0.0103441
0.0133911
0.0073851
-0.0140725
-0.0199796
0.0061087
0.0506250
0.0864349
0.1017261
0.1084362
0.1231733
0.1468891
0.1680951
0.1818308
0.1968788
0.2213823
0.2469341
0.2545474
0.2386491
0.2203862
0.2301331
0.2743597
0.3239241
0.3402567
0.3130951
0.2688408
0.2411471
0.2368418
0.2329707
0.2048663
0.1533114
0.1032341
0.0776744
0.0751804
0.0731228
0.0513399
0.0102798
-0.0333317
-0.0645466
-0.0814740
-0.0920021
-0.1049397
-0.1252059
-0.1527394
-0.1813597
-0.1994035
-0.1965951
-0.1745680
-0.1500893
-0.1433751
-0.1595897
-0.1828349
-0.1916593
-0.1809746
-0.1662564
-0.1657907
-0.1818849
-0.2009175
-0.2082230
-0.1992013
-0.1782825
-0.1536451
-0.1355799
-0.1348322
-0.1548397
-0.1836525
-0.1992259
-0.1893963
-0.1665445
-0.1563690
-0.1687381
-0.1840247
-0.1743682
-0.1374818
-0.1027128
-0.1005147
-0.1298865
-0.1603418
-0.1644559
-0.1439147
-0.1231526
-0.1222685
-0.1399275
-0.1599710
-0.1682021
-0.1607398
-0.1419936
-0.1215557
-0.1120184
-0.1216812
-0.1446301
-0.1622230
-0.1608423
-0.1480124
-0.1454700
-0.1638228
-0.1876998
-0.1903648
-0.1628443
-0.1252110
-0.1073655
-0.1202933
-0.1479566
-0.1658055
-0.1637879
-0.1510835
-0.1430110
-0.1473233
-0.1610384
-0.1747353
-0.1781485
-0.1661103
-0.1437768
-0.1253328
-0.1232418
-0.1363936
-0.1503061
-0.1514540
-0.1416092
-0.1360391
-0.1461239
-0.1650872
-0.1736159
-0.1602051
-0.1337530
-0.1143770
-0.1131203
-0.1228139
-0.1283344
-0.1232057
-0.1150016
-0.1159462
-0.1298132
-0.1476356
-0.1548446
-0.1425785
-0.1141252
-0.0826748
-0.0625200
-0.0591044
-0.0645324
-0.0633573
-0.0459583
-0.0179260
0.0048663
0.0116562
0.0067715
0.0039715
0.0122610
0.0284537
0.0422882
0.0461597
0.0394228
0.0259488
0.0103443
-0.0039185
-0.0160110
-0.0294306
-0.0499554
-0.0780722
-0.1034179
-0.1114414
-0.0993871
-0.0837713
-0.0869690
-0.1143100
-0.1466373
-0.1579374
-0.1403143
-0.1108504
-0.0944500
-0.1006772
-0.1163535
-0.1187629
-0.0959547
-0.0571148
-0.0263899
-0.0258992
-0.0592721
-0.1054726
-0.1260589
-0.0799573
0.0646738
0.3247649
0.6941174
1.1261335
1.5221096
1.7538659
1.7277708
1.4512249
1.0423724
0.6621264
0.4157151
0.3017742
0.2457596
0.1791118
0.0903027
0.0111323
-0.0318411
-0.0450376
-0.0535320
-0.0714833
-0.0926529
-0.1052450
-0.1077107
-0.1077176
-0.1108395
-0.1159015
-0.1208011
-0.1271372
-0.1354119
-0.1387488
-0.1276766
-0.1032384
-0.0811282
-0.0778537
-0.0927463
-0.1073612
-0.1047285
-0.0875365
-0.0749409
-0.0815824
-0.1018116
-0.1156190
-0.1087514
-0.0851679
-0.0602738
-0.0448567
-0.0374941
-0.0306713
-0.0204596
-0.0091354
-0.0011385
0.0008127
-0.0033119
-0.0102296
-0.0121296
0.0014445
0.0361736
0.0851615
0.1302442
0.1549505
0.1585373
0.1565007
0.1655731
0.1880941
0.2118091
0.2241525
0.2246913
0.2234087
0.2295820
0.2448529
0.2656989
0.2880438
0.3068397
0.3143480
0.3051324
0.2850637
0.2706984
0.2736021
0.2853852
0.2842003
0.2594516
0.2259761
0.2078153
0.2086240
0.2048647
0.1721649
0.1144381
0.0606975
0.0330376
0.0237878
0.0077404
-0.0275946
-0.0705525
-0.1028891
-0.1201084
-0.1293129
-0.1331748
-0.1267485
-0.1118895
-0.1050664
-0.1214444
-0.1530039
-0.1720288
-0.1614449
-0.1370197
-0.1320503
-0.1593214
-0.1942758
-0.2002915
-0.1680839
-0.1250852
-0.1060034
-0.1191873
-0.1440943
-0.1566958
-0.1510909
-0.1374516
-0.1268365
-0.1231902
-0.1262051
-0.1337821
-0.1391369
-0.1314450
-0.1064785
-0.0766029
-0.0636975
-0.0774169
-0.1028995
-0.1154637
-0.1081218
-0.0995730
-0.1114928
-0.1410031
-0.1613920
-0.1512286
-0.1183939
-0.0917258
-0.0909132
-0.1091947
-0.1259714
-0.1308378
-0.1303419
-0.1338241
-0.1405782
-0.1446049
-0.1465593
-0.1531488
-0.1642989
-0.1681977
-0.1547296
-0.1312796
-0.1184885
-0.1279678
-0.1483273
-0.1577327
-0.1492059
-0.1385532
-0.1451031
-0.1679968
-0.1858841
-0.1798059
-0.1526068
-0.1244426
-0.1123764
-0.1172379
-0.1281349
-0.1346370
-0.1332198
-0.1263804
-0.1204719
-0.1236786
-0.1403749
-0.1634979
-0.1750441
-0.1603746
-0.1249988
-0.0940195
-0.0900636
-0.1108606
-0.1315744
-0.1310452
-0.1137971
-0.1036557
-0.1164197
-0.1418731
-0.1538914
-0.1361064
-0.0955351
-0.0527044
-0.0226875
-0.0071668
-0.0004035
0.0034136
0.0093022
0.0214121
0.0377123
0.0462816
0.0340235
0.0032806
-0.0234379
-0.0215657
0.0101778
0.0449767
0.0514711
0.0224605
-0.0206635
-0.0508936
-0.0605017
-0.0632876
-0.0762566
-0.1027291
-0.1319813
-0.1503904
-0.1507717
-0.1345610
-0.1101188
-0.0896026
-0.0833087
-0.0927878
-0.1087182
-0.1174378
-0.1115810
-0.0954555
-0.0807248
-0.0770265
-0.0855102
-0.0986649
-0.1036514
-0.0846088
-0.0219873
0.1087374
0.3323535
0.6566174
1.0463685
1.4104856
1.6273580
1.6087721
1.3615442
0.9933636
0.6483286
0.4188122
0.3035508
0.2404230
0.1752265
0.1011499
0.0415545
0.0079928
-0.0162966
-0.0539434
-0.1042619
-0.1431848
-0.1508089
-0.1333645
-0.1155807
-0.1146940
-0.1262459
-0.1348890
-0.1339063
-0.1301711
-0.1321618
-0.1391630
-0.1448831
-0.1475417
-0.1505405
-0.1530836
-0.1461390
-0.1226689
-0.0903254
-0.0685303
-0.0700611
-0.0873725
-0.0999184
-0.0948115
-0.0781454
-0.0657903
-0.0657108
-0.0711970
-0.0695042
-0.0536876
-0.0260418
0.0058546
0.0333979
0.0496575
0.0529708
0.0496760
0.0503379
0.0601417
0.0737501
0.0825226
0.0871164
0.0995809
0.1300066
0.1723661
0.2075189
0.2218970
0.2209477
0.2219309
0.2352023
0.2559174
0.2733976
0.2834601
0.2885453
0.2898231
0.2860161
0.2808391
0.2847363
0.3027940
0.3227033
0.3223391
0.2932257
0.2523044
0.2244125
0.2137147
0.1988351
0.1593154
0.1021290
0.0559361
0.0399104
0.0440748
0.0422303
0.0192287
-0.0185911
-0.0557359
-0.0823749
-0.0963815
-0.0994363
-0.0984440
-0.1069461
-0.1344449
-0.1702791
-0.1857715
-0.1619352
-0.1148659
-0.0854269
-0.0990718
-0.1397352
-0.1682224
-0.1639622
-0.1426183
-0.1328637
-0.1436421
-0.1595383
-0.1633850
-0.1540768
-0.1405857
-0.1270917
-0.1120086
-0.0988222
-0.0978305
-0.1124717
-0.1297229
-0.1319344
-0.1180291
-0.1060932
-0.1113553
-0.1260767
-0.1275446
-0.1058013
-0.0773735
-0.0675314
-0.0817373
-0.1000836
-0.1009189
-0.0854628
-0.0751521
-0.0863367
-0.1123064
-0.1315712
-0.1301663
-0.1126562
-0.0936156
-0.0836496
-0.0848866
-0.0947587
-0.1082690
-0.1172311
-0.1139541
-0.1005064
-0.0917564
-0.1026601
-0.1299643
-0.1506000
-0.1433363
-0.1120202
-0.0834557
-0.0805629
-0.1001144
-0.1190445
-0.1203727
-0.1089883
-0.1022209
-0.1097479
-0.1260635
-0.1398582
-0.1451488
-0.1419633
-0.1311872
-0.1141471
-0.0965871
-0.0875360
-0.0908278
-0.0998699
-0.1044474
-0.1025809
-0.1024507
-0.1113134
-0.1250343
-0.1312539
-0.1222183
-0.1020920
-0.0816604
-0.0686841
-0.0648310
-0.0689553
-0.0788013
-0.0891628
-0.0930323
-0.0883970
-0.0820141
-0.0816012
-0.0832335
-0.0708776
-0.0327354
0.0226655
0.0703237
0.0901015
0.0828724
0.0654359
0.0525905
0.0466769
0.0421402
0.0346313
0.0235496
0.0099479
-0.0030032
-0.0086461
-0.0020801
0.0103435
0.0113302
-0.0112404
-0.0484371
-0.0762244
-0.0807383
-0.0743359
-0.0813987
-0.1086895
-0.1354750
-0.1362842
-0.1099889
-0.0811503
-0.0729777
-0.0842375
-0.0950066
-0.0902378
-0.0721511
-0.0520815
-0.0390306
-0.0397486
-0.0616157
-0.1026798
-0.1347854
-0.1042666
0.0394752
0.3086582
0.6647557
1.0343484
1.3340431
1.4901220
1.4581176
1.2468387
0.9288549
0.6127246
0.3839784
0.2601172
0.1990108
0.1491545
0.0907632
0.0338311
-0.0100851
-0.0429232
-0.0698992
-0.0877054
-0.0919964
-0.0920641
-0.1064328
-0.1391665
-0.1674972
-0.1624169
-0.1226760
-0.0816277
-0.0752636
-0.1054823
-0.1394234
-0.1448939
-0.1220935
-0.0986756
-0.0975738
-0.1145133
-0.1265223
-0.1172770
-0.0910312
-0.0647652
-0.0518667
-0.0539855
-0.0637925
-0.0712629
-0.0687796
-0.0554099
-0.0387539
-0.0298765
-0.0325289
-0.0371049
-0.0282128
-0.0003657
0.0345692
0.0572934
0.0590227
0.0493300
0.0465695
0.0613590
0.0890307
0.1161729
0.1330290
0.1407074
0.1489813
0.1677594
0.1984520
0.2315772
0.2538698
0.2605154
0.2610258
0.2706498
0.2938425
0.3172199
0.3216714
0.3025858
0.2766329
0.2668798
0.2812766
0.3063528
0.3208358
0.3132296
0.2864277
0.2494444
0.2089994
0.1686171
0.1309003
0.0969144
0.0647175
0.0322053
0.0020604
-0.0192111
-0.0294509
-0.0362521
-0.0507152
-0.0752516
-0.1005186
-0.1165938
-0.1252611
-0.1375903
-0.1589339
-0.1798880
-0.1852008
-0.1707379
-0.1488426
-0.1364324
-0.1397158
-0.1511519
-0.1589747
-0.1576035
-0.1503899
-0.1457712
-0.1513125
-0.1679243
-0.1867336
-0.1931765
-0.1787366
-0.1508381
-0.1289327
-0.1276469
-0.1432750
-0.1581039
-0.1580062
-0.1446746
-0.1312573
-0.1286507
-0.1369860
-0.1476383
-0.1503854
-0.1398259
-0.1193170
-0.1005442
-0.0959005
-0.1071644
-0.1221468
-0.1264065
-0.1196203
-0.1169446
-0.1308555
-0.1535656
-0.1625552
-0.1452500
-0.1145837
-0.0964997
-0.1033550
-0.1233539
-0.1361747
-0.1347060
-0.1289073
-0.1314764
-0.1444135
-0.1593795
-0.1665082
-0.1606926
-0.1432732
-0.1226244
-0.1119292
-0.1198403
-0.1396415
-0.1515058
-0.1417244
-0.1202097
-0.1134101
-0.1357880
-0.1706822
-0.1845799
-0.1617392
-0.1217024
-0.1002276
-0.1141369
-0.1469199
-0.1679291
-0.1627492
-0.1439460
-0.1348013
-0.1454715
-0.1647454
-0.1724058
-0.1582234
-0.1302970
-0.1070020
-0.1011390
-0.1105070
-0.1224474
-0.1269668
-0.1254498
-0.1269978
-0.1370230
-0.1500066
-0.1534671
-0.1391972
-0.1116298
-0.0860222
-0.0771915
-0.0869803
-0.1009929
-0.0993691
-0.0741948
-0.0375896
-0.0108110
-0.0034953
-0.0043904
0.0055111
0.0309720
0.0560462
0.0606071
0.0412850
0.0138340
-0.0039589
-0.0084019
-0.0088492
-0.0148292
-0.0277517
-0.0435023
-0.0582454
-0.0699858
-0.0779309
-0.0838149
-0.0923486
-0.1062092
-0.1202565
-0.1253944
-0.1214465
-0.1225830
-0.1430203
-0.1758432
-0.1925972
-0.1710385
-0.1227021
-0.0860374
-0.0880063
-0.1158065
-0.1322166
-0.1188025
-0.0977958
-0.1062098
-0.1491461
-0.1819067
-0.1383011
0.0248181
0.3058952
0.6663837
1.0451732
1.3651707
1.5442118
1.5255811
1.3150157
0.9888568
0.6559845
0.3991346
0.2413899
0.1581621
0.1127885
0.0803089
0.0479682
0.0085613
-0.0380562
-0.0810523
-0.1063130
-0.1129459
-0.1184442
-0.1416181
-0.1798226
-0.2075857
-0.2012818
-0.1642041
-0.1247532
-0.1100432
-0.1233713
-0.1472102
-0.1640656
-0.1708862
-0.1750529
-0.1820654
-0.1901474
-0.1940113
-0.1895303
-0.1747954
-0.1507455
-0.1232255
-0.1020142
-0.0939176
-0.0962492
-0.0996214
-0.0983592
-0.0960772
-0.0988189
-0.1040853
-0.1004424
-0.0797443
-0.0477612
-0.0199954
-0.0067970
-0.0041806
0.0004130
0.0149529
0.0363160
0.0553937
0.0666841
0.0729428
0.0821618
0.1008493
0.1291222
0.1607529
0.1877050
0.2055196
0.2152754
0.2210799
0.2263597
0.2325443
0.2397502
0.2467566
0.2505882
0.2490225
0.2453982
0.2484650
0.2628070
0.2786007
0.2758974
0.2442864
0.1971772
0.1605015
0.1443483
0.1302126
0.0923640
0.0311464
-0.0220000
-0.0371596
-0.0200380
-0.0072046
-0.0269704
-0.0708134
-0.1070007
-0.1177715
-0.1158796
-0.1246675
-0.1498805
-0.1766604
-0.1899326
-0.1892737
-0.1827441
-0.1744232
-0.1647885
-0.1592360
-0.1659626
-0.1820925
-0.1898470
-0.1756030
-0.1515348
-0.1484523
-0.1809805
-0.2245086
-0.2355838
-0.1974138
-0.1396718
-0.1088937
-0.1219393
-0.1533658
-0.1671284
-0.1535876
-0.1321419
-0.1237791
-0.1300286
-0.1392623
-0.1442457
-0.1454955
-0.1408567
-0.1229292
-0.0924021
-0.0676315
-0.0707155
-0.1017033
-0.1335755
-0.1393257
-0.1221490
-0.1120346
-0.1303327
-0.1630960
-0.1752905
-0.1502169
-0.1087858
-0.0871331
-0.0991695
-0.1258263
-0.1395330
-0.1330783
-0.1219264
-0.1230729
-0.1378381
-0.1549813
-0.1642001
-0.1624428
-0.1506800
-0.1316433
-0.1127269
-0.1056939
-0.1171227
-0.1386260
-0.1512816
-0.1435976
-0.1242904
-0.1142401
-0.1248584
-0.1461172
-0.1572107
-0.1478644
-0.1272986
-0.1125987
-0.1108775
-0.1146431
-0.1132887
-0.1058949
-0.1012138
-0.1068314
-0.1211171
-0.1361883
-0.1462490
-0.1506952
-0.1500694
-0.1427911
-0.1285599
-0.1134613
-0.1072372
-0.1125281
-0.1183643
-0.1087044
-0.0799545
-0.0480037
-0.0336446
-0.0393492
-0.0432962
-0.0205830
0.0285699
0.0743829
0.0841658
0.0538132
0.0115606
-0.0095858
-0.0016504
0.0158027
0.0191122
0.0023625
-0.0232640
-0.0455510
-0.0611325
-0.0710785
-0.0743089
-0.0708286
-0.0687180
-0.0800695
-0.1058392
-0.1285980
-0.1274166
-0.1023212
-0.0795844
-0.0870554
-0.1231804
-0.1539542
-0.1439219
-0.0906297
-0.0276389
0.0059888
-0.0017436
-0.0316733
-0.0568325
-0.0653894
-0.0594740
-0.0333669
0.0440555
0.2207767
0.5272985
0.9390354
1.3645857
1.6755408
1.7668795
1.6133614
1.2847509
0.9073344
0.5957353
0.3995211
0.2966764
0.2308659
0.1598998
0.0804668
0.0170770
-0.0089963
-0.0027103
0.0078901
-0.0039404
-0.0408333
-0.0811394
-0.1015105
-0.1001386
-0.0970724
-0.1109905
-0.1371061
-0.1508379
-0.1343275
-0.0970757
-0.0676095
-0.0651438
-0.0823606
-0.0969382
-0.0964039
-0.0875020
-0.0823690
-0.0819569
-0.0775846
-0.0658326
-0.0548335
-0.0531603
-0.0569926
-0.0536830
-0.0374227
-0.0162871
-0.0016804
0.0053601
0.0132576
0.0270993
0.0420903
0.0511867
0.0546520
0.0579396
0.0626953
0.0661120
0.0705313
0.0876038
0.1266140
0.1794699
0.2232184
0.2407146
0.2366426
