-0.1041726
-0.1384599
-0.0772009
-0.0769122
-0.1417098
-0.1555061
-0.0907372
-0.0373274
-0.0479439
-0.0816251
-0.0979004
-0.1034552
-0.1020187
-0.0829220
-0.0644652
-0.0798932
-0.1188330
-0.1395298
-0.1334961
-0.1257278
-0.1213816
-0.1046440
-0.0817673
-0.0765559
-0.0894052
-0.1015160
-0.1101435
-0.1225027
-0.1272634
-0.1096161
-0.0848047
-0.0827852
-0.1064286
-0.1310017
-0.1361928
-0.1185716
-0.0860253
-0.0586642
-0.0596802
-0.0876982
-0.1136142
-0.1182159
-0.1138753
-0.1168352
-0.1214095
-0.1176293
-0.1126249
-0.1165503
-0.1242326
-0.1257370
-0.1207480
-0.1119169
-0.0988914
-0.0873759
-0.0889111
-0.1039436
-0.1181589
-0.1202881
-0.1118552
-0.0993148
-0.0900426
-0.0932816
-0.1086841
-0.1170042
-0.1004028
-0.0702188
-0.0564721
-0.0702941
-0.0930416
-0.1019714
-0.0921417
-0.0744733
-0.0655676
-0.0771502
-0.1030604
-0.1189432
-0.1052636
-0.0678594
-0.0287643
-0.0034442
0.0059318
0.0047671
0.0037913
0.0140164
0.0338220
0.0475768
0.0442127
0.0295301
0.0147525
0.0029577
-0.0067919
-0.0120865
-0.0113330
-0.0076017
-0.0037884
-0.0018351
-0.0083720
-0.0298463
-0.0589044
-0.0774578
-0.0784805
-0.0752474
-0.0840075
-0.1046309
-0.1216242
-0.1191174
-0.0950769
-0.0663755
-0.0570241
-0.0737538
-0.0959659
-0.0973684
-0.0742391
-0.0459066
-0.0339853
-0.0496867
-0.0917517
-0.1394423
-0.1477026
-0.0638426
0.1421971
0.4606045
0.8443882
1.2204820
1.5063163
1.6346894
1.5777916
1.3574311
1.0388112
0.7082607
0.4371682
0.2521936
0.1385798
0.0705541
0.0315191
0.0084353
-0.0150501
-0.0487322
-0.0864701
-0.1148253
-0.1275605
-0.1282062
-0.1237728
-0.1201110
-0.1200391
-0.1234020
-0.1300987
-0.1407994
-0.1514077
-0.1519816
-0.1388910
-0.1244898
-0.1250916
-0.1400162
-0.1510507
-0.1435299
-0.1220197
-0.1050697
-0.1085468
-0.1319470
-0.1564935
-0.1594726
-0.1353920
-0.1009034
-0.0761185
-0.0658722
-0.0627355
-0.0610442
-0.0602276
-0.0584878
-0.0513658
-0.0365993
-0.0167440
0.0025071
0.0163520
0.0266808
0.0433999
0.0737754
0.1096066
0.1324483
0.1348179
0.1303949
0.1396483
0.1691550
0.2067263
0.2330341
0.2377450
0.2291367
0.2284155
0.2499576
0.2867335
0.3186307
0.3333045
0.3341526
0.3307434
0.3287781
0.3286397
0.3263528
0.3144785
0.2872995
0.2473444
0.2050676
0.1721570
0.1548426
0.1491547
0.1404324
0.1133492
0.0680110
0.0228722
-0.0033652
-0.0109548
-0.0173504
-0.0390441
-0.0772444
-0.1174530
-0.1403123
-0.1370478
-0.1180623
-0.1040132
-0.1063855
-0.1191246
-0.1292080
-0.1304767
-0.1260089
-0.1225224
-0.1254483
-0.1357944
-0.1489332
-0.1577565
-0.1572731
-0.1453712
-0.1229798
-0.0982812
-0.0868554
-0.0986056
-0.1234397
-0.1372464
-0.1259366
-0.1004990
-0.0857880
-0.0951663
-0.1162967
-0.1220013
-0.0976305
-0.0583983
-0.0355535
-0.0435983
-0.0663191
-0.0782546
-0.0735997
-0.0676635
-0.0743665
-0.0906125
-0.1024907
-0.1004707
-0.0865956
-0.0702839
-0.0599776
-0.0590618
-0.0676761
-0.0836655
-0.0991728
-0.1021347
-0.0895081
-0.0770282
-0.0853494
-0.1134704
-0.1345902
-0.1246129
-0.0902197
-0.0626253
-0.0648598
-0.0894394
-0.1087858
-0.1054014
-0.0896750
-0.0867748
-0.1076779
-0.1374985
-0.1529188
-0.1450905
-0.1223080
-0.0974223
-0.0802289
-0.0774225
-0.0892138
-0.1047589
-0.1091279
-0.0991216
-0.0884447
-0.0932379
-0.1129663
-0.1280739
-0.1187013
-0.0864757
-0.0554624
-0.0485422
-0.0645321
-0.0828039
-0.0883956
-0.0853520
-0.0851137
-0.0908637
-0.0979873
-0.1028412
-0.1036074
-0.0958287
-0.0751822
-0.0462012
-0.0231440
-0.0175194
-0.0241924
-0.0233517
-0.0010224
0.0322576
0.0494327
0.0375997
0.0152708
0.0118469
0.0327123
0.0535024
0.0498523
0.0247405
0.0018243
-0.0038249
-0.0023543
-0.0157223
-0.0505476
-0.0878816
-0.1021827
-0.0885870
-0.0670619
-0.0597384
-0.0697874
-0.0845482
-0.0930091
-0.0946819
-0.0949607
-0.0982053
-0.1050012
-0.1114801
-0.1102577
-0.0950846
-0.0673704
-0.0392409
-0.0289212
-0.0478576
-0.0862663
-0.1108535
-0.0811341
0.0297006
0.2293810
0.5147606
0.8720074
1.2605064
1.6013002
1.7955800
1.7721644
1.5336009
1.1644281
0.7882740
0.4999379
0.3225449
0.2197425
0.1437264
0.0729710
0.0139408
-0.0214549
-0.0356720
-0.0462958
-0.0700608
-0.1064455
-0.1380389
-0.1483263
-0.1383909
-0.1254811
-0.1265956
-0.1438081
-0.1631418
-0.1668547
-0.1498021
-0.1256133
-0.1144703
-0.1231450
-0.1391511
-0.1456039
-0.1389228
-0.1300788
-0.1310252
-0.1422572
-0.1522209
-0.1473095
-0.1237947
-0.0915660
-0.0658732
-0.0549379
-0.0552225
-0.0567032
-0.0511622
-0.0377461
-0.0236632
-0.0178023
-0.0198115
-0.0165905
0.0055433
0.0442637
0.0805762
0.0970496
0.0955479
0.0956008
0.1149803
0.1513788
0.1836790
0.1935271
0.1861516
0.1867015
0.2139320
0.2600305
0.2989254
0.3124132
0.3053887
0.2971503
0.3012579
0.3141262
0.3212326
0.3132447
0.2954164
0.2806951
0.2750857
0.2721322
0.2608996
0.2361669
0.2009689
0.1628798
0.1286953
0.0994196
0.0690905
0.0314159
-0.0107483
-0.0448817
-0.0600158
-0.0579769
-0.0526804
-0.0585544
-0.0791483
-0.1057457
-0.1267186
-0.1382422
-0.1452148
-0.1525128
-0.1585374
-0.1585247
-0.1509238
-0.1382789
-0.1249844
-0.1171504
-0.1211349
-0.1367988
-0.1532663
-0.1570852
-0.1466247
-0.1351045
-0.1364476
-0.1489488
-0.1556536
-0.1426344
-0.1158930
-0.0967897
-0.0989427
-0.1128121
-0.1173321
-0.1051525
-0.0907350
-0.0925701
-0.1123466
-0.1340682
-0.1400513
-0.1251503
-0.0986526
-0.0765970
-0.0714399
-0.0847626
-0.1068534
-0.1234659
-0.1257912
-0.1173466
-0.1117231
-0.1202237
-0.1390550
-0.1506920
-0.1411001
-0.1151171
-0.0926779
-0.0903739
-0.1079442
-0.1307926
-0.1428898
-0.1385862
-0.1257396
-0.1183711
-0.1242517
-0.1382374
-0.1476167
-0.1437888
-0.1291874
-0.1144502
-0.1093883
-0.1151904
-0.1244561
-0.1294446
-0.1299636
-0.1317193
-0.1377520
-0.1444313
-0.1461523
-0.1410102
-0.1310828
-0.1202482
-0.1133185
-0.1143211
-0.1224414
-0.1305203
-0.1305711
-0.1223355
-0.1156423
-0.1218873
-0.1406775
-0.1555509
-0.1473728
-0.1150599
-0.0805254
-0.0689848
-0.0846005
-0.1081555
-0.1177698
-0.1084894
-0.0918170
-0.0805057
-0.0766025
-0.0724520
-0.0597681
-0.0362778
-0.0054955
0.0260506
0.0496804
0.0565925
0.0448678
0.0246000
0.0104044
0.0060062
0.0003115
-0.0173948
-0.0412550
-0.0531038
-0.0431960
-0.0227259
-0.0134240
-0.0261049
-0.0516085
-0.0726900
-0.0820706
-0.0865475
-0.0954820
-0.1104602
-0.1272859
-0.1419220
-0.1494241
-0.1419219
-0.1168498
-0.0874339
-0.0754814
-0.0875487
-0.1032787
-0.0959830
-0.0657503
-0.0450741
-0.0654180
-0.1189549
-0.1576515
-0.1295703
-0.0096582
0.2055800
0.5166858
0.9091955
1.3147985
1.6052031
1.6577008
1.4471867
1.0744212
0.6963646
0.4212176
0.2606761
0.1669743
0.0991501
0.0493944
0.0199551
-0.0024306
-0.0376700
-0.0861827
-0.1261886
-0.1404398
-0.1374774
-0.1407842
-0.1612365
-0.1865940
-0.1974402
-0.1881522
-0.1702008
-0.1582398
-0.1570450
-0.1619702
-0.1674954
-0.1709467
-0.1695642
-0.1606815
-0.1480440
-0.1429105
-0.1522633
-0.1665967
-0.1657255
-0.1399539
-0.1027965
-0.0792337
-0.0811545
-0.0960991
-0.1009801
-0.0857686
-0.0617898
-0.0467196
-0.0446980
-0.0442953
-0.0339508
-0.0139122
0.0081997
0.0282655
0.0477851
0.0677739
0.0858432
0.1002417
0.1133556
0.1286824
0.1454117
0.1588766
0.1678331
0.1794437
0.2033433
0.2395419
0.2752475
0.2966014
0.3020842
0.3015739
0.3038044
0.3089074
0.3129978
0.3147827
0.3144863
0.3092744
0.2946050
0.2712030
0.2478220
0.2338208
0.2283412
0.2190591
0.1939521
0.1536255
0.1097165
0.0717489
0.0391854
0.0072580
-0.0238251
-0.0492984
-0.0672042
-0.0806861
-0.0925312
-0.1011433
-0.1042982
-0.1051838
-0.1112409
-0.1254097
-0.1405337
-0.1463872
-0.1434853
-0.1459411
-0.1657729
-0.1950956
-0.2094072
-0.1918095
-0.1520286
-0.1186567
-0.1126723
-0.1296883
-0.1475117
-0.1492287
-0.1378810
-0.1293283
-0.1331546
-0.1430537
-0.1456436
-0.1353232
-0.1182590
-0.1041024
-0.0975387
-0.0978276
-0.1028294
-0.1107203
-0.1184653
-0.1213179
-0.1164188
-0.1076696
-0.1048264
-0.1142357
-0.1298050
-0.1363209
-0.1243867
-0.1011276
-0.0841588
-0.0852428
-0.1008733
-0.1178495
-0.1260398
-0.1255619
-0.1234427
-0.1252253
-0.1303069
-0.1341566
-0.1330426
-0.1262910
-0.1163085
-0.1082338
-0.1075728
-0.1148638
-0.1231329
-0.1242140
-0.1187449
-0.1170651
-0.1278493
-0.1470170
-0.1601919
-0.1564969
-0.1388542
-0.1203140
-0.1113328
-0.1120542
-0.1165361
-0.1210598
-0.1250776
-0.1260715
-0.1199066
-0.1091419
-0.1059028
-0.1196547
-0.1421615
-0.1509737
-0.1325023
-0.0998657
-0.0828335
-0.0975080
-0.1279936
-0.1419180
-0.1249565
-0.0965415
-0.0883050
-0.1091224
-0.1363298
-0.1418820
-0.1220624
-0.0979229
-0.0896062
-0.0957466
-0.0989244
-0.0868712
-0.0641335
-0.0437119
-0.0320830
-0.0257932
-0.0201354
-0.0149258
-0.0097635
0.0006697
0.0200159
0.0400709
0.0443429
0.0257406
-0.0025654
-0.0190722
-0.0172619
-0.0132127
-0.0270227
-0.0583278
-0.0849278
-0.0876189
-0.0723765
-0.0627192
-0.0714431
-0.0872415
-0.0926174
-0.0884447
-0.0918815
-0.1103348
-0.1272720
-0.1214825
-0.0970725
-0.0839211
-0.1025595
-0.1340191
-0.1353293
-0.0889529
-0.0298202
-0.0142714
-0.0612962
-0.1290755
-0.1487961
-0.0740951
0.1043929
0.3786621
0.7343238
1.1300717
1.4761838
1.6583942
1.6062972
1.3480629
0.9956456
0.6700932
0.4337616
0.2821714
0.1833890
0.1135086
0.0603015
0.0123985
-0.0392937
-0.0898392
-0.1208314
-0.1205845
-0.1022389
-0.0953666
-0.1166934
-0.1525091
-0.1742486
-0.1702352
-0.1570841
-0.1585134
-0.1776398
-0.1945548
-0.1895670
-0.1640492
-0.1371111
-0.1251598
-0.1279636
-0.1337015
-0.1333532
-0.1273548
-0.1204372
-0.1151646
-0.1123384
-0.1133483
-0.1170136
-0.1152955
-0.0982524
-0.0663720
-0.0347536
-0.0204210
-0.0248514
-0.0315732
-0.0225617
0.0038386
0.0322430
0.0464471
0.0445376
0.0383063
0.0412090
0.0596165
0.0930321
0.1361419
0.1779983
0.2046327
0.2098098
0.2040591
0.2077883
0.2314275
0.2637007
0.2829835
0.2809685
0.2725445
0.2799825
0.3083485
0.3396097
0.3518728
0.3414220
0.3231193
0.3114362
0.3060786
0.2968802
0.2775429
0.2501408
0.2183625
0.1823737
0.1428418
0.1063537
0.0813890
0.0675060
0.0522637
0.0232264
-0.0171509
-0.0526559
-0.0713481
-0.0794452
-0.0935378
-0.1200993
-0.1471181
-0.1575342
-0.1478971
-0.1310107
-0.1217187
-0.1236732
-0.1307092
-0.1375376
-0.1449540
-0.1547303
-0.1639333
-0.1678451
-0.1667057
-0.1651481
-0.1643600
-0.1590099
-0.1449719
-0.1277946
-0.1193010
-0.1250676
-0.1378494
-0.1450512
-0.1416692
-0.1343117
-0.1326498
-0.1384901
-0.1442517
-0.1414131
-0.1290000
-0.1138646
-0.1043879
-0.1045383
-0.1119525
-0.1196022
-0.1204816
-0.1138554
-0.1076869
-0.1122692
-0.1290209
-0.1462123
-0.1482447
-0.1307319
-0.1061392
-0.0932768
-0.1002751
-0.1178797
-0.1296947
-0.1283766
-0.1209854
-0.1194615
-0.1283096
-0.1421709
-0.1526458
-0.1547489
-0.1479611
-0.1350328
-0.1217208
-0.1152914
-0.1193201
-0.1287247
-0.1325591
-0.1251452
-0.1145667
-0.1166197
-0.1375158
-0.1640896
-0.1747911
-0.1612140
-0.1364318
-0.1210773
-0.1234514
-0.1349472
-0.1424634
-0.1411977
-0.1350578
-0.1290220
-0.1251237
-0.1246285
-0.1289098
-0.1353084
-0.1353705
-0.1226980
-0.1033692
-0.0937699
-0.1040844
-0.1255903
-0.1383807
-0.1321839
-0.1166146
-0.1095959
-0.1179252
-0.1311709
-0.1330714
-0.1160641
-0.0850264
-0.0508218
-0.0231806
-0.0076378
-0.0038552
-0.0045351
0.0002085
0.0123939
0.0206584
0.0105912
-0.0166353
-0.0396224
-0.0361000
-0.0076815
0.0182971
0.0144301
-0.0198620
-0.0585334
-0.0753953
-0.0685970
-0.0589047
-0.0667184
-0.0933937
-0.1235284
-0.1408164
-0.1396679
-0.1252883
-0.1079391
-0.0976215
-0.0995968
-0.1109649
-0.1220293
-0.1237840
-0.1153608
-0.1036724
-0.0959183
-0.0940447
-0.0972447
-0.1068705
-0.1227182
-0.1296157
-0.0885855
0.0515909
0.3234943
0.7104875
1.1380204
1.4947402
1.6756516
1.6292101
1.3846375
1.0394945
0.7083028
0.4627699
0.3058308
0.1967957
0.1010973
0.0178681
-0.0355755
-0.0572049
-0.0701285
-0.0983057
-0.1392461
-0.1675490
-0.1649688
-0.1413333
-0.1234028
-0.1271641
-0.1454813
-0.1611835
-0.1663524
-0.1664135
-0.1695625
-0.1775612
-0.1866556
-0.1924072
-0.1909489
-0.1793112
-0.1597747
-0.1430628
-0.1409489
-0.1523771
-0.1610181
-0.1522899
-0.1321432
-0.1228836
-0.1370644
-0.1591466
-0.1586879
-0.1226399
-0.0708454
-0.0368829
-0.0351773
-0.0495644
-0.0530020
-0.0343904
-0.0048715
0.0178898
0.0270291
0.0297134
0.0388393
0.0635632
0.1036672
0.1484564
0.1823243
0.1967443
0.1993357
0.2080739
0.2325972
0.2619498
0.2753754
0.2675126
0.2593115
0.2783200
0.3269113
0.3742930
0.3843016
0.3509823
0.3040067
0.2783603
0.2807843
0.2871651
0.2707669
0.2298665
0.1870538
0.1638278
0.1585930
0.1500192
0.1202751
0.0731973
0.0293883
0.0043762
-0.0073954
-0.0262983
-0.0649798
-0.1125583
-0.1430440
-0.1411329
-0.1190891
-0.1058213
-0.1182991
-0.1452842
-0.1607132
-0.1518557
-0.1317695
-0.1239995
-0.1380881
-0.1623162
-0.1782756
-0.1780348
-0.1661720
-0.1501401
-0.1343975
-0.1231384
-0.1217320
-0.1305333
-0.1402162
-0.1396865
-0.1299826
-0.1252399
-0.1356042
-0.1516135
-0.1514864
-0.1258883
-0.0915370
-0.0759114
-0.0888874
-0.1129393
-0.1223864
-0.1096253
-0.0904465
-0.0856279
-0.1004834
-0.1218677
-0.1315476
-0.1213026
-0.0984047
-0.0798124
-0.0796082
-0.0976537
-0.1187907
-0.1257523
-0.1155649
-0.1025426
-0.1029636
-0.1170707
-0.1286605
-0.1231662
-0.1037298
-0.0874332
-0.0873643
-0.1013774
-0.1178312
-0.1281501
-0.1317106
-0.1318205
-0.1313710
-0.1318757
-0.1323809
-0.1279860
-0.1136261
-0.0930345
-0.0811917
-0.0914679
-0.1184578
-0.1386522
-0.1334579
-0.1104253
-0.0964423
-0.1083354
-0.1342928
-0.1475751
-0.1356017
-0.1104745
-0.0917824
-0.0859594
-0.0863044
-0.0878729
-0.0937257
-0.1053672
-0.1147378
-0.1124768
-0.1019121
-0.0972609
-0.1049121
-0.1113496
-0.0957256
-0.0544986
-0.0088753
0.0150280
0.0116810
-0.0002980
0.0012742
0.0206696
0.0428800
0.0501919
0.0382526
0.0180442
0.0055083
0.0092744
0.0249267
0.0383399
0.0358240
0.0148285
-0.0131665
-0.0317476
-0.0343455
-0.0310374
-0.0393957
