-0.0760529
-0.0614203
-0.0613629
-0.0539687
-0.0406456
-0.0342803
-0.0298419
-0.0106595
0.0219226
0.0473735
0.0545051
0.0535372
0.0573143
0.0645915
0.0665271
0.0608706
0.0557394
0.0628367
0.0857870
0.1118700
0.1202936
0.1048999
0.0837023
0.0782043
0.0876848
0.0929486
0.0824244
0.0641479
0.0512077
0.0438276
0.0297154
-0.0010527
-0.0437876
-0.0818918
-0.1031708
-0.1132670
-0.1288938
-0.1566790
-0.1842304
-0.1955237
-0.1900782
-0.1816475
-0.1809376
-0.1853731
-0.1859391
-0.1802981
-0.1768935
-0.1851748
-0.2017655
-0.2099358
-0.1974895
-0.1734327
-0.1599168
-0.1661539
-0.1770461
-0.1720766
-0.1509336
-0.1341441
-0.1387052
-0.1580930
-0.1694518
-0.1592480
-0.1377206
-0.1250711
-0.1263831
-0.1276371
-0.1184226
-0.1097832
-0.1204425
-0.1485515
-0.1681926
-0.1578109
-0.1254221
-0.0996108
-0.0980180
-0.1107417
-0.1161611
-0.1081978
-0.1018747
-0.1112660
-0.1284108
-0.1309554
-0.1094324
-0.0793045
-0.0629168
-0.0651354
-0.0718923
-0.0693425
-0.0578542
-0.0466890
-0.0401980
-0.0329962
-0.0178612
0.0045089
0.0255962
0.0386589
0.0458399
0.0537435
0.0633206
0.0674231
0.0593608
0.0421582
0.0281090
0.0288806
0.0446506
0.0616905
0.0624835
0.0414317
0.0105742
-0.0127139
-0.0237183
-0.0333689
-0.0525034
-0.0760439
-0.0858316
-0.0695744
-0.0357005
-0.0080264
-0.0047544
-0.0227272
-0.0428882
-0.0504424
-0.0477519
-0.0474912
-0.0559116
-0.0647320
-0.0586855
-0.0307607
0.0079444
0.0328298
0.0239473
-0.0157697
-0.0590710
-0.0715601
-0.0292332
0.0811825
0.2728464
0.5562963
0.9134564
1.2716429
1.5158845
1.5490434
1.3586600
1.0309730
0.6945257
0.4403861
0.2846228
0.1922390
0.1245968
0.0644695
0.0101801
-0.0383784
-0.0832479
-0.1241908
-0.1577148
-0.1810701
-0.1942830
-0.1973842
-0.1888122
-0.1696228
-0.1475987
-0.1327351
-0.1277373
-0.1265170
-0.1235861
-0.1208953
-0.1217086
-0.1208595
-0.1076735
-0.0801696
-0.0516117
-0.0385644
-0.0433574
-0.0521877
-0.0517365
-0.0443385
-0.0427913
-0.0510264
-0.0557324
-0.0413775
-0.0108290
0.0151159
0.0202752
0.0108078
0.0070461
0.0198676
0.0395378
0.0488327
0.0439748
0.0391679
0.0501877
0.0764204
0.1020902
0.1146234
0.1178168
0.1244515
0.1387598
0.1512259
0.1517803
0.1442289
0.1436171
0.1592130
0.1830036
0.1974889
0.1944504
0.1831881
0.1782638
0.1811730
0.1785569
0.1597589
0.1320160
0.1136035
0.1122079
0.1143512
0.0991973
0.0617896
0.0194991
-0.0063300
-0.0138020
-0.0224490
-0.0503488
-0.0915849
-0.1202351
-0.1174219
-0.0914828
-0.0691989
-0.0686400
-0.0835135
-0.0943134
-0.0915190
-0.0842665
-0.0860893
-0.0962383
-0.0998273
-0.0866503
-0.0649539
-0.0524524
-0.0556481
-0.0633499
-0.0620369
-0.0531433
-0.0505488
-0.0618344
-0.0770298
-0.0792342
-0.0645834
-0.0472351
-0.0429610
-0.0512455
-0.0577895
-0.0536448
-0.0462162
-0.0483563
-0.0603402
-0.0682865
-0.0609305
-0.0434812
-0.0316149
-0.0334283
-0.0412809
-0.0427579
-0.0367034
-0.0343664
-0.0442462
-0.0597102
-0.0652977
-0.0542569
-0.0357230
-0.0229778
-0.0176494
-0.0092368
0.0096948
0.0312720
0.0386508
0.0253324
0.0058299
0.0035363
0.0264536
0.0569570
0.0685191
0.0527072
0.0273216
0.0168516
0.0269402
0.0405230
0.0384069
0.0199499
0.0006911
-0.0085892
-0.0151402
-0.0338331
-0.0671411
-0.1016789
-0.1254259
-0.1421138
-0.1631131
-0.1878160
-0.1997875
-0.1856985
-0.1538836
-0.1287829
-0.1272028
-0.1442841
-0.1639145
-0.1776818
-0.1879520
-0.1946644
-0.1888462
-0.1657246
-0.1398346
-0.1369657
-0.1663415
-0.2036160
-0.2039357
-0.1295196
0.0357659
0.2882918
0.6032628
0.9224499
1.1541811
1.2106407
1.0672340
0.7909520
0.5013559
0.2908089
0.1730159
0.1013164
0.0292904
-0.0491366
-0.1110203
-0.1412344
-0.1500079
-0.1575900
-0.1709254
-0.1807329
-0.1788608
-0.1720037
-0.1748638
-0.1920350
-0.2110689
-0.2150046
-0.1998124
-0.1776742
-0.1639583
-0.1630276
-0.1672612
-0.1681713
-0.1659407
-0.1667683
-0.1721042
-0.1737959
-0.1623533
-0.1391125
-0.1170731
-0.1081607
-0.1112829
-0.1149998
-0.1112702
-0.1037225
-0.1008952
-0.1033538
-0.1012703
-0.0862124
-0.0625408
-0.0431472
-0.0337918
-0.0259944
-0.0087374
0.0151712
0.0297675
0.0247502
0.0101201
0.0078902
0.0290786
0.0620818
0.0857861
0.0922356
0.0927892
0.1014791
0.1164652
0.1223603
0.1102951
0.0907120
0.0829712
0.0941410
0.1117895
0.1181065
0.1079353
0.0905914
0.0758264
0.0623902
0.0426285
0.0157980
-0.0080639
-0.0195728
-0.0225618
-0.0312766
-0.0543827
-0.0843683
-0.1048044
-0.1072675
-0.0992992
-0.0955186
-0.1023422
-0.1125329
-0.1141969
-0.1034503
-0.0873236
-0.0754834
-0.0715643
-0.0733073
-0.0785887
-0.0877626
-0.0993938
-0.1066635
-0.1016790
-0.0844586
-0.0656745
-0.0577684
-0.0627778
-0.0709524
-0.0729674
-0.0716513
-0.0779666
-0.0947905
-0.1087554
-0.1024747
-0.0745923
-0.0439441
-0.0317397
-0.0413987
-0.0583332
-0.0682499
-0.0711766
-0.0752759
-0.0808201
-0.0771228
-0.0574514
-0.0318410
-0.0189790
-0.0255580
-0.0389532
-0.0427891
-0.0356287
-0.0291718
-0.0292526
-0.0255873
-0.0049897
0.0283735
0.0531124
0.0539730
0.0409278
0.0393513
0.0611677
0.0908192
0.1027193
0.0892570
0.0667812
0.0546411
0.0539119
0.0500004
0.0327714
0.0080106
-0.0125557
-0.0278298
-0.0483072
-0.0801554
-0.1133089
-0.1299068
-0.1237626
-0.1072435
-0.0971946
-0.0972215
-0.0976047
-0.0917359
-0.0872755
-0.0967652
-0.1184586
-0.1321458
-0.1185952
-0.0822563
-0.0497279
-0.0426508
-0.0545793
-0.0593224
-0.0426943
-0.0213645
-0.0259134
-0.0655960
-0.1125684
-0.1204491
-0.0545005
0.0967907
0.3298107
0.6284172
0.9483785
1.2069561
1.3100462
1.2110752
0.9516982
0.6406006
0.3834083
0.2233678
0.1385765
0.0849181
0.0366137
-0.0075969
-0.0424157
-0.0688236
-0.0903682
-0.1059180
-0.1121743
-0.1111098
-0.1096420
-0.1113918
-0.1130462
-0.1112872
-0.1100789
-0.1163691
-0.1284660
-0.1333052
-0.1191636
-0.0903358
-0.0655996
-0.0603432
-0.0719311
-0.0847759
-0.0883698
-0.0863093
-0.0863846
-0.0862151
-0.0744582
-0.0468652
-0.0161219
-0.0010623
-0.0065822
-0.0181134
-0.0178588
-0.0041205
0.0087487
0.0091997
0.0032874
0.0078469
0.0307216
0.0617599
0.0842559
0.0919190
0.0918698
0.0932133
0.0975376
0.1019491
0.1072902
0.1185191
0.1368556
0.1556401
0.1668777
0.1702432
0.1722434
0.1765600
0.1790959
0.1748498
0.1666900
0.1627984
0.1656442
0.1681432
0.1629817
0.1519928
0.1417015
0.1310647
0.1100752
0.0738342
0.0337786
0.0084139
0.0022318
-0.0006146
-0.0178673
-0.0478184
-0.0721166
-0.0793987
-0.0793145
-0.0889087
-0.1094396
-0.1239222
-0.1182995
-0.0989203
-0.0849778
-0.0869236
-0.0977441
-0.1051065
-0.1061843
-0.1070830
-0.1114010
-0.1153693
-0.1147255
-0.1111391
-0.1085166
-0.1062885
-0.1015476
-0.0972830
-0.1024833
-0.1203533
-0.1395532
-0.1427555
-0.1253150
-0.1022932
-0.0944010
-0.1079997
-0.1309526
-0.1472474
-0.1524033
-0.1533314
-0.1564509
-0.1605385
-0.1615803
-0.1601574
-0.1602034
-0.1618609
-0.1599659
-0.1511366
-0.1393696
-0.1314926
-0.1280831
-0.1225364
-0.1102813
-0.0956521
-0.0859796
-0.0799834
-0.0673515
-0.0430919
-0.0190719
-0.0150345
-0.0361488
-0.0636003
-0.0719552
-0.0553168
-0.0327304
-0.0271439
-0.0427290
-0.0656022
-0.0837962
-0.1002379
-0.1237866
-0.1523227
-0.1714872
-0.1714019
-0.1595757
-0.1526603
-0.1570252
-0.1627581
-0.1585450
-0.1480517
-0.1464161
-0.1607985
-0.1795022
-0.1840921
-0.1706123
-0.1543161
-0.1518173
-0.1617706
-0.1670578
-0.1556742
-0.1354761
-0.1260699
-0.1382626
-0.1638650
-0.1828729
-0.1737845
-0.1139141
0.0231159
0.2553462
0.5656703
0.8857938
1.1173029
1.1842814
1.0784567
0.8599688
0.6149838
0.4070155
0.2571723
0.1563288
0.0864383
0.0319151
-0.0182102
-0.0680891
-0.1123502
-0.1404536
-0.1484564
-0.1459460
-0.1480161
-0.1598725
-0.1724618
-0.1750077
-0.1687829
-0.1643739
-0.1663167
-0.1662117
-0.1544822
-0.1353059
-0.1232881
-0.1237846
-0.1220607
-0.0982364
-0.0530584
-0.0133286
-0.0075157
-0.0372751
-0.0765372
-0.0983345
-0.0983296
-0.0904092
-0.0843663
-0.0751934
-0.0553383
-0.0306957
-0.0172105
-0.0213493
-0.0297057
-0.0224871
0.0041981
0.0339844
0.0491525
0.0499504
0.0514576
0.0631343
0.0772231
0.0802102
0.0721284
0.0686484
0.0827154
0.1084558
0.1277717
0.1320239
0.1319444
0.1428063
0.1628606
0.1728454
0.1592382
0.1334894
0.1220958
0.1369620
0.1605361
0.1640685
0.1383184
0.1011774
0.0743595
0.0582229
0.0351435
-0.0039229
-0.0439235
-0.0614942
-0.0526757
-0.0376869
-0.0365908
-0.0465973
-0.0496974
-0.0403445
-0.0364889
-0.0577119
-0.0965899
-0.1203916
-0.1046923
-0.0610431
-0.0259430
-0.0230027
-0.0412694
-0.0530400
-0.0479236
-0.0422532
-0.0544106
-0.0780962
-0.0871597
-0.0666175
-0.0325464
-0.0164025
-0.0310544
-0.0572888
-0.0661161
-0.0513049
-0.0352240
-0.0418967
-0.0684578
-0.0874511
-0.0770142
-0.0449055
-0.0201652
-0.0225865
-0.0436974
-0.0587203
-0.0546385
-0.0431731
-0.0455102
-0.0666507
-0.0875161
-0.0829696
-0.0466701
0.0022475
0.0362546
0.0427827
0.0321472
0.0246966
0.0313029
0.0457534
0.0543749
0.0511801
0.0427575
0.0392814
0.0428738
0.0461470
0.0412244
0.0277465
0.0107256
-0.0078235
-0.0317756
-0.0638229
-0.0975237
-0.1202760
-0.1260963
-0.1236050
-0.1281346
-0.1450058
-0.1626333
-0.1644552
-0.1477482
-0.1288210
-0.1279011
-0.1486018
-0.1732150
-0.1793389
-0.1615464
-0.1362651
-0.1248224
-0.1319589
-0.1420500
-0.1370715
-0.1172866
-0.1020831
-0.1092303
-0.1343969
-0.1525186
-0.1373064
-0.0740420
0.0486752
0.2506655
0.5460370
0.9044473
1.2303211
1.4001042
1.3420973
1.0914592
0.7667216
0.4862671
0.2990643
0.1841535
0.1017657
0.0347900
-0.0143149
-0.0486812
-0.0830732
-0.1248372
-0.1610822
-0.1741120
-0.1666492
-0.1623592
-0.1778068
-0.2000779
-0.2001819
-0.1690138
-0.1328476
-0.1269378
-0.1550813
-0.1817723
-0.1682879
-0.1142897
-0.0593687
-0.0427930
-0.0650174
-0.0911473
-0.0898969
-0.0644166
-0.0434301
-0.0462382
-0.0620252
-0.0645191
-0.0423049
-0.0098341
0.0107814
0.0136121
0.0114799
0.0177459
0.0312440
0.0413366
0.0442681
0.0494454
0.0682771
0.0997327
0.1299402
0.1458791
0.1474067
0.1453581
0.1498667
0.1622136
0.1768325
0.1883435
0.1954830
0.1999241
0.2035418
0.2071360
0.2104701
0.2125705
0.2122221
0.2086731
0.2017385
0.1910181
0.1756569
0.1559190
0.1348818
0.1168663
0.1026862
0.0870976
0.0630852
0.0296236
-0.0061126
-0.0356977
-0.0579197
-0.0783882
-0.1004460
-0.1188089
-0.1247055
-0.1171166
-0.1063908
-0.1049246
-0.1150215
-0.1276638
-0.1331091
-0.1305605
-0.1262162
-0.1236933
-0.1195765
-0.1093155
-0.0951745
-0.0855401
-0.0860134
-0.0930904
-0.0982528
-0.0977712
-0.0964685
-0.1005925
-0.1081008
-0.1086988
-0.0952282
-0.0739379
-0.0605297
-0.0642349
-0.0771031
-0.0819703
-0.0720492
-0.0601548
-0.0651234
-0.0889214
-0.1110265
-0.1091593
-0.0847143
-0.0632139
-0.0670835
-0.0906002
-0.1060260
-0.0945285
-0.0663277
-0.0468258
-0.0456320
-0.0456782
-0.0253127
0.0136788
0.0463032
0.0524500
0.0385040
0.0267013
0.0267548
0.0258484
0.0089571
-0.0176715
-0.0313392
-0.0212911
-0.0050048
-0.0105126
-0.0447556
-0.0858554
-0.1086410
-0.1128361
-0.1207335
-0.1483451
-0.1850300
-0.2048253
-0.1946749
-0.1669929
-0.1450301
-0.1405519
-0.1478657
-0.1558410
-0.1605155
-0.1653320
-0.1729485
-0.1798960
-0.1785888
-0.1631001
-0.1344240
-0.1030133
-0.0857869
-0.0958096
-0.1299838
-0.1657506
-0.1708447
-0.1159223
0.0218819
0.2597600
0.5971519
0.9890062
1.3333846
1.5063372
1.4355191
1.1555720
0.7911025
0.4748701
0.2692796
0.1540071
0.0767668
0.0082428
-0.0478858
-0.0825231
-0.1030898
-0.1256382
-0.1546766
-0.1799577
-0.1927433
-0.1980061
-0.2064701
-0.2183276
-0.2213065
-0.2065435
-0.1822862
-0.1676236
-0.1728419
-0.1891061
-0.1988563
-0.1941982
-0.1825012
-0.1746103
-0.1711613
-0.1631974
-0.1452343
-0.1241148
-0.1124521
-0.1141576
-0.1192992
-0.1147905
-0.0987285
-0.0817226
-0.0738793
-0.0730779
-0.0683300
-0.0535181
-0.0342562
-0.0195545
-0.0094012
0.0051361
0.0286057
0.0517516
0.0597227
0.0500215
0.0387403
0.0458773
0.0749235
0.1092949
0.1294411
0.1315774
0.1282838
0.1323025
0.1427629
0.1484332
0.1427187
0.1328595
0.1332025
0.1497500
0.1719934
0.1805761
0.1639578
0.1285629
0.0926339
0.0692441
0.0548843
0.0353195
0.0028215
-0.0340371
-0.0595344
-0.0688026
-0.0732762
-0.0864157
-0.1069180
-0.1208464
-0.1208513
-0.1178891
-0.1285723
-0.1521471
-0.1666559
-0.1523097
-0.1160849
-0.0875374
-0.0887796
-0.1123493
-0.1316729
-0.1307159
-0.1182340
-0.1123308
-0.1166765
-0.1175987
-0.1038474
-0.0831511
-0.0747630
-0.0870856
-0.1073702
-0.1157916
-0.1074493
-0.0969418
-0.1005982
-0.1169349
-0.1275114
-0.1171577
-0.0910977
-0.0703175
-0.0705397
-0.0875646
-0.1039113
-0.1080633
-0.1045546
-0.1046145
-0.1096170
-0.1075057
-0.0868907
-0.0525126
-0.0234271
-0.0145109
-0.0210708
-0.0236741
-0.0085040
0.0183091
0.0372520
0.0351865
0.0171909
-0.0006841
-0.0078878
-0.0069985
-0.0068261
-0.0120430
-0.0217782
-0.0359659
-0.0580661
-0.0888243
-0.1194700
-0.1357026
-0.1311627
-0.1159677
-0.1091035
-0.1207967
-0.1430579
-0.1589276
-0.1609198
-0.1585136
-0.1658122
-0.1826300
-0.1911712
-0.1745534
-0.1380999
-0.1080630
-0.1055875
-0.1230889
-0.1312256
-0.1118079
-0.0805397
-0.0718779
-0.1005139
-0.1415822
-0.1502326
-0.0951722
0.0328189
0.2393160
0.5334208
0.8982534
1.2547380
1.4758609
1.4632937
1.2247855
0.8758607
0.5581395
0.3473662
0.2294371
0.1499404
0.0745937
0.0041776
-0.0513686
-0.0949418
-0.1354298
-0.1704707
-0.1874473
-0.1819633
-0.1678333
-0.1641438
-0.1752028
-0.1879863
-0.1893295
-0.1813876
-0.1775493
-0.1851780
-0.1961167
-0.1953686
-0.1774648
-0.1526611
-0.1371100
-0.1376275
-0.1460014
-0.1476576
-0.1358449
-0.1176625
-0.1061550
-0.1063029
-0.1093402
-0.1019211
-0.0808649
-0.0572340
-0.0445706
-0.0442260
-0.0447166
-0.0357892
-0.0200011
-0.0074740
-0.0006853
0.0105000
0.0357586
0.0690948
0.0920100
0.0935125
0.0833581
0.0814882
0.0953645
0.1124509
0.1171208
0.1111203
0.1119223
0.1305669
0.1564098
0.1682245
