-0.0227417
-0.0305339
-0.0524076
-0.0732492
-0.0762772
-0.0622805
-0.0491019
-0.0518302
-0.0669262
-0.0783892
-0.0776149
-0.0729286
-0.0781614
-0.0949339
-0.1099848
-0.1101260
-0.0968224
-0.0840220
-0.0829688
-0.0916748
-0.0995499
-0.1000108
-0.0965454
-0.0969952
-0.1040024
-0.1121654
-0.1139005
-0.1070991
-0.0969912
-0.0910340
-0.0921359
-0.0966680
-0.0990546
-0.0982584
-0.0990631
-0.1059587
-0.1158770
-0.1188335
-0.1077745
-0.0876822
-0.0726940
-0.0723983
-0.0816248
-0.0857469
-0.0765466
-0.0611444
-0.0537904
-0.0597941
-0.0698047
-0.0704670
-0.0587588
-0.0440751
-0.0372050
-0.0398591
-0.0456519
-0.0487763
-0.0488194
-0.0474201
-0.0435447
-0.0347524
-0.0226269
-0.0144960
-0.0181043
-0.0345605
-0.0569855
-0.0761937
-0.0878730
-0.0947833
-0.1022826
-0.1114639
-0.1167701
-0.1115005
-0.0965518
-0.0823140
-0.0789597
-0.0840719
-0.0832595
-0.0671021
-0.0467530
-0.0468720
-0.0781139
-0.1175944
-0.1210326
-0.0557017
0.0808637
0.2736146
0.5114542
0.7834808
1.0511689
1.2367539
1.2586875
1.0920165
0.7959888
0.4779387
0.2245354
0.0606568
-0.0369928
-0.0989993
-0.1391951
-0.1606615
-0.1700558
-0.1782055
-0.1899867
-0.2005712
-0.2035084
-0.1992727
-0.1938813
-0.1916178
-0.1923747
-0.1953199
-0.2011225
-0.2085503
-0.2114372
-0.2029104
-0.1834366
-0.1624341
-0.1501914
-0.1488701
-0.1525447
-0.1550585
-0.1555435
-0.1557813
-0.1546041
-0.1477055
-0.1332220
-0.1154548
-0.1014018
-0.0938016
-0.0885489
-0.0790725
-0.0626703
-0.0425325
-0.0243673
-0.0115635
-0.0031147
0.0046352
0.0144844
0.0262336
0.0377362
0.0478943
0.0579807
0.0690745
0.0782482
0.0790267
0.0677539
0.0498873
0.0381034
0.0418119
0.0577638
0.0719063
0.0715408
0.0559283
0.0351056
0.0191447
0.0095007
0.0005535
-0.0120023
-0.0256355
-0.0335577
-0.0317772
-0.0233553
-0.0162975
-0.0173283
-0.0265375
-0.0368988
-0.0395263
-0.0314201
-0.0192863
-0.0145665
-0.0223927
-0.0347751
-0.0364859
-0.0197349
0.0069988
0.0262694
0.0284431
0.0202111
0.0156878
0.0205281
0.0273616
0.0271610
0.0219406
0.0227803
0.0355921
0.0526385
0.0609414
0.0575886
0.0529597
0.0576723
0.0693616
0.0758162
0.0707672
0.0628182
0.0661912
0.0840552
0.1042099
0.1121681
0.1063175
0.0980413
0.0976536
0.1028711
0.1023608
0.0891338
0.0683849
0.0520653
0.0472813
0.0507061
0.0530511
0.0472767
0.0325061
0.0119252
-0.0111403
-0.0347708
-0.0572749
-0.0757209
-0.0863426
-0.0870030
-0.0799282
-0.0719318
-0.0705012
-0.0777876
-0.0878889
-0.0912063
-0.0828620
-0.0670768
-0.0529705
-0.0466013
-0.0481333
-0.0560202
-0.0703559
-0.0881286
-0.0945286
-0.0622874
0.0360591
0.2124883
0.4574665
0.7445832
1.0352345
1.2778741
1.4116277
1.3867645
1.1960124
0.8909172
0.5624700
0.2946367
0.1242481
0.0353762
-0.0133608
-0.0548382
-0.0978567
-0.1342943
-0.1552800
-0.1610823
-0.1597911
-0.1598280
-0.1639187
-0.1687921
-0.1698378
-0.1663763
-0.1628813
-0.1648547
-0.1728959
-0.1806605
-0.1793846
-0.1656146
-0.1451973
-0.1293014
-0.1254735
-0.1317939
-0.1396061
-0.1419026
-0.1387142
-0.1342338
-0.1296534
-0.1205325
-0.1021575
-0.0766660
-0.0529992
-0.0386671
-0.0320426
-0.0240402
-0.0079609
0.0128132
0.0274828
0.0282035
0.0178124
0.0076881
0.0082182
0.0205218
0.0359259
0.0428496
0.0354979
0.0180505
0.0012560
-0.0063475
-0.0057238
-0.0062745
-0.0162822
-0.0336316
-0.0470894
-0.0482997
-0.0420420
-0.0422797
-0.0568263
-0.0777062
-0.0894013
-0.0865914
-0.0805751
-0.0857114
-0.1011333
-0.1099966
-0.0987275
-0.0746197
-0.0606724
-0.0720987
-0.0999981
-0.1199200
-0.1157963
-0.0940666
-0.0748908
-0.0716095
-0.0795495
-0.0831552
-0.0719657
-0.0496504
-0.0291847
-0.0203858
-0.0217746
-0.0237412
-0.0193425
-0.0118086
-0.0107794
-0.0206874
-0.0337261
-0.0360785
-0.0218932
-0.0000028
0.0146602
0.0161612
0.0127164
0.0163503
0.0288538
0.0397645
0.0383638
0.0261748
0.0162747
0.0202395
0.0364828
0.0518526
0.0545365
0.0451393
0.0351082
0.0345270
0.0416749
0.0445844
0.0326700
0.0066996
-0.0223792
-0.0437448
-0.0554644
-0.0637586
-0.0750413
-0.0895248
-0.1020986
-0.1083214
-0.1091268
-0.1099292
-0.1149225
-0.1215754
-0.1212531
-0.1075122
-0.0851831
-0.0691585
-0.0704115
-0.0827818
-0.0879848
-0.0775228
-0.0668725
-0.0803429
-0.1177833
-0.1403473
-0.0961056
0.0387521
0.2473099
0.4986011
0.7755391
1.0643759
1.3180595
1.4483177
1.3764287
1.1034215
0.7277826
0.3850662
0.1607281
0.0516287
0.0000433
-0.0440432
-0.0913095
-0.1277395
-0.1446412
-0.1496980
-0.1555523
-0.1662655
-0.1768026
-0.1815551
-0.1799048
-0.1746438
-0.1684202
-0.1630800
-0.1606457
-0.1624781
-0.1670854
-0.1704155
-0.1698292
-0.1674154
-0.1676989
-0.1712232
-0.1715937
-0.1608893
-0.1386543
-0.1142683
-0.0988621
-0.0947094
-0.0934859
-0.0853040
-0.0685605
-0.0500330
-0.0359399
-0.0246663
-0.0092740
0.0135977
0.0387522
0.0567865
0.0629291
0.0612259
0.0601372
0.0640987
0.0692551
0.0676013
0.0558227
0.0401254
0.0314143
0.0345489
0.0422880
0.0409605
0.0231962
-0.0048634
-0.0294405
-0.0422684
-0.0476164
-0.0563386
-0.0737157
-0.0938898
-0.1061294
-0.1057965
-0.0988057
-0.0957532
-0.1021003
-0.1138213
-0.1220562
-0.1219113
-0.1171238
-0.1163788
-0.1248093
-0.1386677
-0.1482143
-0.1462247
-0.1343755
-0.1218248
-0.1173440
-0.1218908
-0.1279459
-0.1261243
-0.1134510
-0.0962069
-0.0847122
-0.0843894
-0.0910568
-0.0950117
-0.0904092
-0.0810239
-0.0765299
-0.0827977
-0.0960523
-0.1070160
-0.1108139
-0.1123475
-0.1214839
-0.1427943
-0.1700656
-0.1911710
-0.1988369
-0.1969158
-0.1957781
-0.2012254
-0.2086020
-0.2091412
-0.2021572
-0.1985767
-0.2093340
-0.2297773
-0.2386265
-0.2161382
-0.1642879
-0.1072527
-0.0706708
-0.0610775
-0.0657399
-0.0693634
-0.0668580
-0.0605954
-0.0519222
-0.0411264
-0.0334865
-0.0371761
-0.0502159
-0.0523942
-0.0154891
0.0781301
0.2302423
0.4375919
0.6960109
0.9815201
1.2284168
1.3432333
1.2616467
1.0029481
0.6668308
0.3688385
0.1703262
0.0611608
-0.0019596
-0.0491600
-0.0850594
-0.1068529
-0.1198554
-0.1323782
-0.1435012
-0.1444851
-0.1328466
-0.1195743
-0.1186551
-0.1311406
-0.1433675
-0.1419998
-0.1287040
-0.1179166
-0.1205071
-0.1315429
-0.1353123
-0.1218991
-0.0976407
-0.0788454
-0.0758464
-0.0839341
-0.0896338
-0.0846445
-0.0726811
-0.0630428
-0.0589437
-0.0535214
-0.0376356
-0.0108712
0.0162171
0.0314077
0.0324073
0.0289731
0.0332903
0.0480517
0.0639126
0.0687582
0.0597299
0.0462904
0.0412686
0.0485247
0.0592605
0.0605800
0.0478399
0.0286165
0.0145116
0.0091676
0.0047290
-0.0093620
-0.0339756
-0.0574280
-0.0662184
-0.0591476
-0.0498730
-0.0541075
-0.0740479
-0.0964337
-0.1066169
-0.1037289
-0.1006216
-0.1088347
-0.1253166
-0.1356079
-0.1298486
-0.1138560
-0.1032988
-0.1077087
-0.1215661
-0.1310892
-0.1284215
-0.1182892
-0.1114394
-0.1128870
-0.1171135
-0.1142653
-0.1003471
-0.0811502
-0.0665755
-0.0616586
-0.0632676
-0.0648826
-0.0635159
-0.0615833
-0.0629173
-0.0682915
-0.0751236
-0.0804374
-0.0830139
-0.0830854
-0.0815391
-0.0801898
-0.0816817
-0.0874647
-0.0957445
-0.1026327
-0.1058264
-0.1062835
-0.1057854
-0.1041025
-0.1001212
-0.0952845
-0.0936446
-0.0971693
-0.1021304
-0.1022219
-0.0958127
-0.0888199
-0.0890641
-0.0977930
-0.1076369
-0.1093786
-0.1006044
-0.0877148
-0.0797872
-0.0804160
-0.0848920
-0.0849464
-0.0766881
-0.0644055
-0.0562651
-0.0557288
-0.0576472
-0.0539267
-0.0431644
-0.0332459
-0.0330033
-0.0415258
-0.0472207
-0.0386441
-0.0164311
0.0057721
0.0125196
-0.0004275
-0.0225817
-0.0370298
-0.0334142
-0.0157409
0.0006176
0.0007856
-0.0177684
-0.0436643
-0.0627498
-0.0717531
-0.0798506
-0.0953383
-0.1121717
-0.1136960
-0.0921543
-0.0622874
-0.0507871
-0.0699919
-0.1043506
-0.1261462
-0.1238672
-0.1110456
-0.1059944
-0.1082073
-0.1015225
-0.0800888
-0.0622426
-0.0701393
-0.0961264
-0.0967767
-0.0250655
0.1336995
0.3598476
0.6256322
0.9095110
1.1778547
1.3638463
1.3874584
1.2140712
0.8959611
0.5480637
0.2739651
0.1078697
0.0186605
-0.0410507
-0.0940447
-0.1362825
-0.1587263
-0.1624842
-0.1565386
-0.1495406
-0.1467141
-0.1502444
-0.1583571
-0.1654144
-0.1669486
-0.1652870
-0.1673845
-0.1757056
-0.1835366
-0.1818361
-0.1698841
-0.1564583
-0.1499576
-0.1496393
-0.1482318
-0.1416710
-0.1334233
-0.1286285
-0.1262717
-0.1193537
-0.1024750
-0.0775210
-0.0515332
-0.0304449
-0.0156801
-0.0053254
0.0035783
0.0140004
0.0281452
0.0461296
0.0657343
0.0843616
0.1010682
0.1158469
0.1271477
0.1317433
0.1282968
0.1203067
0.1135484
0.1098188
0.1045463
0.0921411
0.0732982
0.0552431
0.0441474
0.0386171
0.0318338
0.0193440
0.0031142
-0.0121696
-0.0250066
-0.0377684
-0.0519648
-0.0645985
-0.0703899
-0.0673326
-0.0592365
-0.0526988
-0.0520863
-0.0574193
-0.0660535
-0.0753001
-0.0833749
-0.0886574
-0.0889249
-0.0820484
-0.0681912
-0.0515591
-0.0389661
-0.0349130
-0.0371887
-0.0380761
-0.0312527
-0.0179292
-0.0054458
0.0008425
0.0037179
0.0108776
0.0252352
0.0398873
0.0446054
0.0374121
0.0278373
0.0271674
0.0360992
0.0438282
0.0398939
0.0256150
0.0124475
0.0094549
0.0142252
0.0172118
0.0137853
0.0094798
0.0123046
0.0216998
0.0279705
0.0235897
0.0133088
0.0107068
0.0240034
0.0463858
0.0617708
0.0604328
0.0480851
0.0387378
0.0391001
0.0415180
0.0329418
0.0095286
-0.0195286
-0.0426631
-0.0582134
-0.0741287
-0.0960224
-0.1182236
-0.1289155
-0.1238583
-0.1128544
-0.1110313
-0.1239944
-0.1424659
-0.1513915
-0.1437037
-0.1258800
-0.1117647
-0.1111087
-0.1218753
-0.1319544
-0.1298712
-0.1167038
-0.1073747
-0.1162989
-0.1383989
-0.1452707
-0.1033853
0.0031906
0.1697473
0.3878336
0.6543253
0.9515443
1.2181266
1.3560750
1.2893141
1.0285441
0.6769583
0.3630250
0.1582310
0.0508659
-0.0119926
-0.0666985
-0.1145051
-0.1447135
-0.1594551
-0.1711792
-0.1845737
-0.1915136
-0.1851794
-0.1725397
-0.1679703
-0.1766324
-0.1889919
-0.1927806
-0.1871836
-0.1826127
-0.1874221
-0.1975400
-0.2004741
-0.1887034
-0.1677996
-0.1510382
-0.1466316
-0.1507611
-0.1527916
-0.1463812
-0.1347768
-0.1253461
-0.1199124
-0.1118738
-0.0936645
-0.0663445
-0.0399724
-0.0234562
-0.0150590
-0.0047096
0.0141359
0.0365100
0.0508782
0.0514130
0.0441561
0.0408352
0.0473151
0.0584929
0.0639537
0.0579076
0.0437450
0.0298047
0.0212525
0.0156343
0.0057648
-0.0126627
-0.0354821
-0.0522702
-0.0556068
-0.0489916
-0.0446874
-0.0524349
-0.0703036
-0.0874562
-0.0957980
-0.0977468
-0.1019838
-0.1126059
-0.1241528
-0.1279664
-0.1224686
-0.1155862
-0.1163852
-0.1250769
-0.1324375
-0.1294095
-0.1166929
-0.1041713
-0.1005574
-0.1036969
-0.1017086
-0.0846751
-0.0556632
-0.0295335
-0.0198624
-0.0268027
-0.0380810
-0.0415637
-0.0359835
-0.0294242
-0.0288379
-0.0326806
-0.0339669
-0.0291945
-0.0228071
-0.0225701
-0.0313752
-0.0444074
-0.0542272
-0.0579479
-0.0593069
-0.0642445
-0.0746100
-0.0856369
-0.0894056
-0.0817445
-0.0668997
-0.0553916
-0.0559820
-0.0682797
-0.0826418
-0.0880113
-0.0813935
-0.0707554
-0.0681410
-0.0783327
-0.0933736
-0.0989931
-0.0878513
-0.0670595
-0.0521373
-0.0527149
-0.0638453
-0.0716324
-0.0674962
-0.0561378
-0.0485042
-0.0473849
-0.0421056
-0.0191396
0.0226563
0.0690900
0.1031398
0.1190767
0.1235692
0.1244654
0.1211495
0.1070898
0.0803753
0.0489771
0.0241248
0.0093449
-0.0022765
-0.0197519
-0.0444253
-0.0692119
-0.0866092
-0.0962044
-0.1042083
-0.1164236
-0.1321548
-0.1447479
-0.1476255
-0.1397878
-0.1262638
-0.1144278
-0.1098930
-0.1137558
-0.1211878
-0.1231118
-0.1132106
-0.0966277
-0.0900686
-0.1074520
-0.1411362
-0.1588792
-0.1245999
-0.0246744
0.1289089
0.3230143
0.5635819
0.8573755
1.1660501
1.3883223
1.4107350
1.1960495
0.8268703
0.4549629
0.1965837
0.0666979
0.0038125
-0.0525567
-0.1126527
-0.1529713
-0.1623394
-0.1596446
-0.1699696
-0.1958062
-0.2181237
-0.2207377
-0.2063983
-0.1896705
-0.1809651
-0.1808793
-0.1856013
-0.1914910
-0.1941557
-0.1888642
-0.1763547
-0.1661061
-0.1682701
-0.1805155
-0.1867509
-0.1729925
-0.1435704
-0.1177475
-0.1093814
-0.1129614
-0.1117405
-0.0972549
-0.0770505
-0.0629871
-0.0556871
-0.0438248
-0.0180769
0.0175933
0.0501714
0.0710751
0.0827617
0.0925873
0.1035772
0.1130032
0.1178068
0.1184062
0.1173580
0.1167853
0.1179747
0.1214935
0.1256339
0.1252474
0.1145969
0.0931522
0.0679330
0.0479791
0.0354731
0.0236273
0.0049677
-0.0189388
-0.0381301
-0.0451023
-0.0432855
-0.0434302
-0.0525118
-0.0677032
-0.0810188
-0.0881135
-0.0913842
-0.0952456
-0.1003700
-0.1037244
-0.1031755
-0.0998640
-0.0956284
-0.0902093
-0.0827161
-0.0746105
-0.0688154
-0.0657696
-0.0624556
-0.0563136
-0.0486088
-0.0421765
-0.0362351
-0.0256322
-0.0069780
0.0149440
0.0292051
0.0289464
0.0188832
0.0106403
0.0103261
0.0125189
0.0075121
-0.0069507
-0.0227550
-0.0296647
-0.0251270
-0.0158850
-0.0109130
-0.0131595
-0.0176900
-0.0171772
-0.0087244
0.0046163
0.0182446
0.0311721
0.0469377
0.0696405
0.0983988
0.1251060
0.1385837
0.1326310
0.1105205
0.0812241
0.0515019
0.0221174
-0.0091739
-0.0424885
-0.0736160
-0.0958245
-0.1042176
-0.1002048
-0.0924933
-0.0921738
-0.1045600
-0.1247030
-0.1413897
-0.1469883
-0.1443460
-0.1434887
-0.1506496
-0.1612154
-0.1647415
-0.1559587
-0.1385714
-0.1191514
-0.1018938
-0.0914540
-0.0961733
-0.1211804
-0.1555245
-0.1687163
-0.1235293
0.0054360
0.2221171
0.5098180
0.8317435
1.1268901
1.3151336
1.3274816
1.1505114
0.8460880
0.5193430
0.2559975
0.0815532
-0.0279328
-0.1044333
-0.1594561
-0.1886604
-0.1930744
-0.1886305
-0.1943933
-0.2148872
-0.2371768
-0.2454908
-0.2369621
-0.2230101
-0.2176407
-0.2251694
-0.2370153
-0.2391872
-0.2252346
-0.2036119
-0.1901417
-0.1912095
-0.1966056
-0.1915718
-0.1740017
-0.1562256
-0.1501490
-0.1536495
-0.1527870
-0.1364116
-0.1076126
-0.0800841
-0.0632480
-0.0531576
-0.0399472
-0.0212858
-0.0035857
0.0087612
0.0189361
0.0315331
0.0468418
0.0633382
0.0801550
0.0939216
0.0982306
0.0906075
0.0772586
0.0679714
0.0679985
0.0745073
0.0759605
0.0553369
0.0030463
-0.0686053
