0.2226428
0.2141811
0.2102896
0.2094216
0.2012993
0.1833810
0.1654367
0.1538101
0.1383227
0.1040520
0.0553990
0.0186881
0.0144150
0.0311874
0.0354123
0.0078342
-0.0361663
-0.0665600
-0.0738511
-0.0767795
-0.0951551
-0.1233110
-0.1369325
-0.1233017
-0.0969421
-0.0827076
-0.0887520
-0.1018169
-0.1071978
-0.1058598
-0.1081638
-0.1155477
-0.1161513
-0.1003996
-0.0756168
-0.0599594
-0.0628291
-0.0760524
-0.0857476
-0.0884409
-0.0910175
-0.0967248
-0.0979111
-0.0860667
-0.0653770
-0.0507139
-0.0518298
-0.0639266
-0.0758060
-0.0832913
-0.0900023
-0.0968320
-0.0976506
-0.0887069
-0.0776337
-0.0768000
-0.0880126
-0.0996999
-0.1019477
-0.0996250
-0.1050345
-0.1192610
-0.1279600
-0.1187681
-0.0980608
-0.0847228
-0.0886821
-0.1016973
-0.1108397
-0.1149502
-0.1220091
-0.1329755
-0.1364688
-0.1229635
-0.0992869
-0.0829756
-0.0830487
-0.0918067
-0.0970050
-0.0967497
-0.0975547
-0.1005262
-0.0968263
-0.0794356
-0.0544729
-0.0354618
-0.0276200
-0.0233102
-0.0145459
-0.0048808
-0.0037952
-0.0111749
-0.0141837
-0.0028865
0.0149220
0.0200302
0.0030734
-0.0249436
-0.0453516
-0.0514464
-0.0515468
-0.0545953
-0.0591606
-0.0595688
-0.0582249
-0.0650820
-0.0840898
-0.1056474
-0.1167381
-0.1162684
-0.1153219
-0.1218201
-0.1300312
-0.1289551
-0.1181863
-0.1096629
-0.1126137
-0.1216842
-0.1242603
-0.1175731
-0.1129156
-0.1207487
-0.1354034
-0.1394193
-0.1233626
-0.0974031
-0.0802992
-0.0784693
-0.0799577
-0.0706822
-0.0537948
-0.0484557
-0.0675635
-0.0985884
-0.1089788
-0.0697636
0.0299876
0.1930270
0.4301659
0.7515020
1.1297190
1.4746318
1.6615858
1.6070170
1.3307838
0.9477211
0.5928183
0.3430840
0.1956947
0.1051222
0.0333643
-0.0291408
-0.0752185
-0.1005754
-0.1112378
-0.1182367
-0.1290354
-0.1428952
-0.1529355
-0.1541231
-0.1508091
-0.1544341
-0.1705283
-0.1886669
-0.1900281
-0.1678141
-0.1375737
-0.1229561
-0.1311708
-0.1464725
-0.1496299
-0.1399537
-0.1332795
-0.1393081
-0.1476033
-0.1403456
-0.1155354
-0.0906666
-0.0817037
-0.0839044
-0.0789364
-0.0592866
-0.0387189
-0.0348692
-0.0453444
-0.0476238
-0.0242106
0.0166915
0.0498043
0.0604800
0.0588573
0.0650403
0.0849130
0.1060072
0.1164809
0.1216141
0.1367721
0.1665345
0.1972435
0.2127979
0.2136993
0.2150271
0.2258018
0.2363456
0.2307840
0.2097777
0.1941482
0.2025579
0.2288882
0.2468897
0.2376649
0.2083326
0.1809610
0.1662588
0.1535953
0.1277896
0.0904610
0.0593137
0.0468439
0.0452440
0.0358606
0.0108585
-0.0196117
-0.0422540
-0.0573359
-0.0758716
-0.1017483
-0.1229107
-0.1243364
-0.1075408
-0.0918916
-0.0944027
-0.1112035
-0.1229143
-0.1179480
-0.1060027
-0.1055040
-0.1202193
-0.1335998
-0.1280682
-0.1061659
-0.0880907
-0.0886154
-0.1011228
-0.1075265
-0.1012121
-0.0944488
-0.1012534
-0.1174885
-0.1238487
-0.1090687
-0.0850703
-0.0749075
-0.0872858
-0.1076571
-0.1157906
-0.1083310
-0.1001053
-0.1043481
-0.1167493
-0.1220437
-0.1137144
-0.1020218
-0.1009428
-0.1109075
-0.1189489
-0.1157990
-0.1083246
-0.1114918
-0.1292551
-0.1475286
-0.1483518
-0.1295639
-0.1078089
-0.1015693
-0.1130477
-0.1281177
-0.1327510
-0.1267407
-0.1206360
-0.1219232
-0.1274065
-0.1291028
-0.1244156
-0.1179645
-0.1143982
-0.1126635
-0.1091479
-0.1047914
-0.1056564
-0.1147857
-0.1252107
-0.1241891
-0.1057108
-0.0774831
-0.0539074
-0.0424926
-0.0387197
-0.0342803
-0.0278993
-0.0254093
-0.0294057
-0.0322869
-0.0232007
-0.0023467
0.0147169
0.0104795
-0.0162025
-0.0472061
-0.0622902
-0.0587408
-0.0525856
-0.0602442
-0.0806145
-0.0967815
-0.0949357
-0.0796076
-0.0690262
-0.0765415
-0.0986319
-0.1212252
-0.1351115
-0.1426378
-0.1501884
-0.1578077
-0.1588633
-0.1491063
-0.1334150
-0.1221875
-0.1217174
-0.1291164
-0.1364748
-0.1389058
-0.1380468
-0.1384188
-0.1412134
-0.1415722
-0.1317023
-0.1077021
-0.0752607
-0.0490888
-0.0443931
-0.0652556
-0.0986077
-0.1180974
-0.0932089
0.0039208
0.1944757
0.4847023
0.8505067
1.2259781
1.5141639
1.6255455
1.5244013
1.2502907
0.8973633
0.5659965
0.3199567
0.1723562
0.0987886
0.0608682
0.0262417
-0.0197284
-0.0719419
-0.1144543
-0.1364997
-0.1435798
-0.1522370
-0.1720621
-0.1938686
-0.1988860
-0.1806527
-0.1547676
-0.1437978
-0.1536593
-0.1688686
-0.1721467
-0.1645969
-0.1620739
-0.1727875
-0.1846384
-0.1789746
-0.1543929
-0.1307811
-0.1274122
-0.1409972
-0.1502276
-0.1412343
-0.1231397
-0.1154586
-0.1233706
-0.1307626
-0.1188041
-0.0876703
-0.0563460
-0.0415128
-0.0399720
-0.0338526
-0.0116050
0.0192241
0.0410345
0.0459718
0.0444206
0.0537467
0.0803737
0.1141500
0.1395848
0.1508595
0.1550088
0.1615269
0.1712288
0.1769198
0.1741776
0.1687107
0.1709388
0.1837007
0.1974619
0.1992391
0.1859940
0.1677828
0.1566787
0.1531750
0.1454345
0.1232499
0.0915281
0.0670436
0.0604295
0.0632450
0.0558115
0.0282311
-0.0089544
-0.0370218
-0.0503399
-0.0615780
-0.0842413
-0.1134988
-0.1296427
-0.1215928
-0.1021543
-0.0950382
-0.1079815
-0.1245580
-0.1252653
-0.1122545
-0.1068971
-0.1226051
-0.1462643
-0.1517997
-0.1303460
-0.1009508
-0.0890597
-0.0987858
-0.1116549
-0.1113926
-0.1030389
-0.1037093
-0.1186787
-0.1336867
-0.1323277
-0.1159444
-0.1017394
-0.1025326
-0.1130556
-0.1180982
-0.1113194
-0.1023074
-0.1048037
-0.1207398
-0.1378393
-0.1420183
-0.1304705
-0.1129956
-0.1024203
-0.1042419
-0.1139881
-0.1230265
-0.1267942
-0.1277728
-0.1304944
-0.1343068
-0.1329564
-0.1226598
-0.1092433
-0.1041302
-0.1117439
-0.1229586
-0.1244077
-0.1147490
-0.1082091
-0.1185547
-0.1407345
-0.1532919
-0.1416471
-0.1160932
-0.1021061
-0.1124954
-0.1332513
-0.1398033
-0.1250422
-0.1067579
-0.1062323
-0.1232220
-0.1364508
-0.1286828
-0.1066682
-0.0925750
-0.0975261
-0.1090265
-0.1069730
-0.0883401
-0.0704541
-0.0690596
-0.0780562
-0.0758734
-0.0513430
-0.0181075
0.0001069
-0.0040098
-0.0150100
-0.0159420
-0.0103546
-0.0169657
-0.0432770
-0.0717113
-0.0772438
-0.0565544
-0.0336722
-0.0345536
-0.0597034
-0.0859831
-0.0943249
-0.0903292
-0.0943819
-0.1146788
-0.1362448
-0.1387160
-0.1207756
-0.1019672
-0.1005750
-0.1143781
-0.1261411
-0.1255688
-0.1208591
-0.1267516
-0.1443800
-0.1576586
-0.1509524
-0.1274121
-0.1065482
-0.1038458
-0.1153227
-0.1229093
-0.1128057
-0.0870525
-0.0592996
-0.0428173
-0.0428378
-0.0563784
-0.0745136
-0.0827769
-0.0606543
0.0164678
0.1710983
0.4132855
0.7277895
1.0647078
1.3446369
1.4859186
1.4445717
1.2405608
0.9482042
0.6554740
0.4217579
0.2617239
0.1581802
0.0855371
0.0254975
-0.0291399
-0.0766853
-0.1105326
-0.1253371
-0.1238886
-0.1180786
-0.1201927
-0.1320146
-0.1444162
-0.1491691
-0.1492803
-0.1547578
-0.1685366
-0.1803158
-0.1770855
-0.1585246
-0.1386167
-0.1307448
-0.1335483
-0.1345184
-0.1269741
-0.1191621
-0.1233844
-0.1381472
-0.1460893
-0.1317830
-0.0991689
-0.0684100
-0.0557871
-0.0588766
-0.0618776
-0.0532240
-0.0358159
-0.0205610
-0.0126490
-0.0062099
0.0082296
0.0332812
0.0624834
0.0870777
0.1035323
0.1148177
0.1258079
0.1382786
0.1503602
0.1605191
0.1711246
0.1865293
0.2069817
0.2258968
0.2352255
0.2337424
0.2284503
0.2268392
0.2287408
0.2273294
0.2180714
0.2047982
0.1953036
0.1916330
0.1871375
0.1741223
0.1523095
0.1273296
0.1020721
0.0736212
0.0404935
0.0096124
-0.0085665
-0.0126321
-0.0144755
-0.0277740
-0.0527986
-0.0758639
-0.0853028
-0.0853108
-0.0902016
-0.1053660
-0.1189151
-0.1157562
-0.0972822
-0.0815153
-0.0825682
-0.0946638
-0.1006532
-0.0942752
-0.0880033
-0.0962167
-0.1145811
-0.1222015
-0.1055134
-0.0754411
-0.0565208
-0.0605365
-0.0758951
-0.0840954
-0.0816317
-0.0808804
-0.0912093
-0.1054284
-0.1081173
-0.0946225
-0.0773933
-0.0725811
-0.0831145
-0.0974014
-0.1036074
-0.1018955
-0.1013018
-0.1071269
-0.1147575
-0.1160076
-0.1087841
-0.0988062
-0.0930401
-0.0934871
-0.0976686
-0.1035482
-0.1119789
-0.1235421
-0.1342349
-0.1367730
-0.1275658
-0.1114102
-0.0976092
-0.0915814
-0.0917361
-0.0945593
-0.1003075
-0.1112779
-0.1248896
-0.1316732
-0.1232589
-0.1025776
-0.0834112
-0.0773954
-0.0822860
-0.0857215
-0.0807289
-0.0742055
-0.0775510
-0.0907261
-0.0995570
-0.0902215
-0.0642617
-0.0369788
-0.0215891
-0.0175472
-0.0154024
-0.0101861
-0.0057032
-0.0053400
-0.0038530
0.0066057
0.0234361
0.0322792
0.0216845
-0.0036900
-0.0279553
-0.0408595
-0.0459838
-0.0518020
-0.0592574
-0.0625283
-0.0604760
-0.0612238
-0.0721547
-0.0890382
-0.1005659
-0.1032043
-0.1057012
-0.1162533
-0.1299699
-0.1344332
-0.1258966
-0.1139439
-0.1090255
-0.1109439
-0.1135470
-0.1167150
-0.1264108
-0.1418854
-0.1498004
-0.1374600
-0.1099993
-0.0873381
-0.0816823
-0.0836931
-0.0764103
-0.0597297
-0.0530318
-0.0713165
-0.1042382
-0.1222683
-0.0982285
-0.0153939
0.1427272
0.3955249
0.7423915
1.1322252
1.4644216
1.6349021
1.5948483
1.3748151
1.0589836
0.7368209
0.4686564
0.2774386
0.1562959
0.0812427
0.0265517
-0.0212648
-0.0603136
-0.0840776
-0.0944835
-0.1023472
-0.1152239
-0.1286145
-0.1328810
-0.1280609
-0.1270597
-0.1411005
-0.1646420
-0.1795459
-0.1746135
-0.1568634
-0.1416231
-0.1354905
-0.1335367
-0.1313262
-0.1328057
-0.1426046
-0.1541925
-0.1522868
-0.1294508
-0.0969153
-0.0747187
-0.0712866
-0.0761518
-0.0736284
-0.0599298
-0.0439351
-0.0339191
-0.0284879
-0.0206237
-0.0059698
0.0151068
0.0400786
0.0648078
0.0828904
0.0895274
0.0885216
0.0926786
0.1130638
0.1471276
0.1801500
0.1999509
0.2080693
0.2144037
0.2233744
0.2299679
0.2292400
0.2242917
0.2218788
0.2239469
0.2279664
0.2333361
0.2412430
0.2472364
0.2403166
0.2150131
0.1821663
0.1608984
0.1573825
0.1562958
0.1382791
0.1035356
0.0713633
0.0552459
0.0458533
0.0247045
-0.0098613
-0.0395564
-0.0498504
-0.0483132
-0.0536826
-0.0716433
-0.0896527
-0.0957189
-0.0942556
-0.0981664
-0.1094615
-0.1154500
-0.1054176
-0.0850298
-0.0698086
-0.0677394
-0.0738738
-0.0805422
-0.0856205
-0.0886142
-0.0855886
-0.0744173
-0.0619298
-0.0583392
-0.0638564
-0.0673249
-0.0615476
-0.0549240
-0.0614322
-0.0803246
-0.0932747
-0.0855217
-0.0650090
-0.0538353
-0.0618257
-0.0762255
-0.0803629
-0.0751679
-0.0745756
-0.0832499
-0.0894982
-0.0831166
-0.0714758
-0.0701025
-0.0811638
-0.0907120
-0.0888526
-0.0843629
-0.0924125
-0.1113360
-0.1209156
-0.1068916
-0.0805531
-0.0669194
-0.0756386
-0.0914421
-0.0950062
-0.0857304
-0.0781031
-0.0801382
-0.0840012
-0.0788209
-0.0657550
-0.0558533
-0.0563506
-0.0642547
-0.0729314
-0.0796385
-0.0835922
-0.0801978
-0.0634574
-0.0356966
-0.0102160
0.0004219
-0.0022527
-0.0048583
0.0020535
0.0139881
0.0193778
0.0130285
0.0000107
-0.0117847
-0.0192439
-0.0239403
-0.0277439
-0.0312812
-0.0361014
-0.0450916
-0.0583966
-0.0704855
-0.0751470
-0.0743641
-0.0784786
-0.0942397
-0.1148581
-0.1265773
-0.1254175
-0.1228708
-0.1320084
-0.1504733
-0.1618532
-0.1548099
-0.1369814
-0.1260619
-0.1285752
-0.1333625
-0.1286727
-0.1199153
-0.1226113
-0.1386573
-0.1489384
-0.1347741
-0.1009820
-0.0701088
-0.0562047
-0.0535698
-0.0535916
-0.0623746
-0.0898509
-0.1216393
-0.1131289
-0.0199419
0.1693434
0.4370100
0.7646093
1.1360500
1.5005216
1.7491069
1.7631540
1.5099763
1.0897654
0.6737648
0.3849433
0.2315902
0.1451094
0.0665388
-0.0096288
-0.0619500
-0.0868378
-0.1043350
-0.1289316
-0.1524707
-0.1608235
-0.1564412
-0.1547843
-0.1631273
-0.1735655
-0.1780067
-0.1808136
-0.1903868
-0.2028928
-0.2031986
-0.1842503
-0.1595221
-0.1498855
-0.1592168
-0.1698350
-0.1650736
-0.1505119
-0.1456837
-0.1566443
-0.1656800
-0.1521907
-0.1181680
-0.0865078
-0.0753236
-0.0798167
-0.0814237
-0.0703691
-0.0538951
-0.0424453
-0.0337798
-0.0162971
0.0134962
0.0438269
0.0611763
0.0662894
0.0714332
0.0840130
0.0994756
0.1116115
0.1239003
0.1454073
0.1767833
0.2055276
0.2180954
0.2148984
0.2093769
0.2113165
0.2152629
0.2096297
0.1947743
0.1849418
0.1900710
0.2014458
0.2008366
0.1817170
0.1557522
0.1373213
0.1260489
0.1085033
0.0763992
0.0389591
0.0139052
0.0072518
0.0064933
-0.0042357
-0.0263010
-0.0483219
-0.0632746
-0.0768798
-0.0968468
-0.1190908
-0.1301695
-0.1231737
-0.1073076
-0.0992059
-0.1056570
-0.1178462
-0.1240552
-0.1247758
-0.1300168
-0.1419320
-0.1474757
-0.1337553
-0.1068998
-0.0882692
-0.0910418
-0.1060986
-0.1143286
-0.1096461
-0.1046879
-0.1127473
-0.1284708
-0.1322286
-0.1145216
-0.0901315
-0.0821926
-0.0946764
-0.1084431
-0.1062221
-0.0941433
-0.0925500
-0.1089207
-0.1273164
-0.1266960
-0.1056012
-0.0844187
-0.0829507
-0.0993140
-0.1145869
-0.1167984
-0.1139010
-0.1198444
-0.1336088
-0.1398932
-0.1298150
-0.1131997
-0.1068628
-0.1151121
-0.1265872
-0.1293803
-0.1248972
-0.1240911
-0.1314174
-0.1372778
-0.1299580
-0.1123242
-0.0999888
-0.1017088
-0.1084549
-0.1066952
-0.0974780
-0.0946395
-0.1046111
-0.1151595
-0.1081982
-0.0812341
-0.0515780
-0.0375542
-0.0381325
-0.0359157
-0.0210442
-0.0054857
-0.0070301
-0.0228863
-0.0297362
-0.0129829
0.0122982
0.0165984
-0.0107130
-0.0494998
-0.0709302
-0.0675258
-0.0583202
-0.0648366
-0.0861685
-0.1024825
-0.1018683
-0.0955872
-0.1018997
-0.1210387
-0.1352856
-0.1328794
-0.1231913
-0.1245309
-0.1413526
-0.1582286
-0.1568179
-0.1369362
-0.1181186
-0.1183046
-0.1334651
-0.1437745
-0.1394726
-0.1325358
-0.1387188
-0.1549570
-0.1621394
-0.1477587
-0.1189181
-0.0925020
-0.0776306
-0.0709628
-0.0679372
-0.0737147
-0.0960909
-0.1247530
-0.1239006
-0.0532661
0.1054819
0.3479763
0.6624978
1.0242362
1.3666441
1.5782406
1.5587090
1.2980477
0.9028553
0.5337881
0.2992662
0.1950196
0.1405024
0.0703936
-0.0136098
-0.0741180
-0.0983741
-0.1109983
-0.1359522
-0.1671573
-0.1824589
-0.1748191
-0.1607067
-0.1600153
-0.1732360
-0.1822585
-0.1750883
-0.1642156
-0.1710980
-0.1942133
-0.2068542
-0.1917451
-0.1642518
-0.1512831
-0.1573042
-0.1633428
-0.1543988
-0.1371162
-0.1307493
-0.1448777
-0.1651646
-0.1637521
-0.1307722
-0.0911157
-0.0768266
-0.0862603
-0.0888108
-0.0694283
-0.0457959
-0.0363549
-0.0341925
-0.0227029
0.0017770
0.0326340
0.0615706
0.0784112
0.0809692
0.0880260
0.1171910
0.1452649
0.1235776
0.0460155
