0.1248427
0.1015587
0.0788270
0.0563438
0.0339279
0.0137762
-0.0014935
-0.0130277
-0.0260371
-0.0446224
-0.0668552
-0.0862882
-0.0987352
-0.1068293
-0.1170965
-0.1325309
-0.1486028
-0.1569264
-0.1528124
-0.1393742
-0.1250063
-0.1175553
-0.1202120
-0.1306511
-0.1420506
-0.1457894
-0.1369377
-0.1202599
-0.1097356
-0.1175866
-0.1404895
-0.1581761
-0.1502434
-0.1169807
-0.0819712
-0.0709621
-0.0872935
-0.1096764
-0.1148982
-0.1010121
-0.0865272
-0.0883219
-0.1040579
-0.1175586
-0.1179463
-0.1088949
-0.0993347
-0.0908867
-0.0795162
-0.0675434
-0.0664789
-0.0832797
-0.1073106
-0.1183536
-0.1098703
-0.0988986
-0.1068409
-0.1317207
-0.1465936
-0.1293431
-0.0899753
-0.0621145
-0.0673456
-0.0935256
-0.1110424
-0.1058192
-0.0904982
-0.0848976
-0.0935474
-0.1064232
-0.1157923
-0.1234519
-0.1307901
-0.1303062
-0.1142378
-0.0892655
-0.0746257
-0.0818330
-0.0999590
-0.1060826
-0.0905214
-0.0682303
-0.0634595
-0.0847397
-0.1165808
-0.1346890
-0.1274538
-0.1032986
-0.0803751
-0.0712737
-0.0759681
-0.0852631
-0.0882872
-0.0780488
-0.0541761
-0.0239102
-0.0000449
0.0063249
-0.0045865
-0.0181411
-0.0150956
0.0114957
0.0481147
0.0713200
0.0683824
0.0478068
0.0292469
0.0237861
0.0249500
0.0180078
-0.0043988
-0.0365419
-0.0666497
-0.0862727
-0.0929603
-0.0879864
-0.0755593
-0.0640483
-0.0637959
-0.0797014
-0.1053151
-0.1263986
-0.1325114
-0.1257061
-0.1173816
-0.1163476
-0.1202833
-0.1191161
-0.1063906
-0.0868331
-0.0730688
-0.0757715
-0.0964962
-0.1265176
-0.1473012
-0.1295963
-0.0364423
0.1624567
0.4680476
0.8367697
1.1879945
1.4333605
1.5117136
1.4117268
1.1741213
0.8749134
0.5957271
0.3917220
0.2727664
0.2100853
0.1639441
0.1108499
0.0504090
-0.0072204
-0.0549356
-0.0900325
-0.1088651
-0.1080832
-0.0932363
-0.0813133
-0.0886334
-0.1145028
-0.1395846
-0.1434823
-0.1246065
-0.1020091
-0.0974973
-0.1160833
-0.1429896
-0.1579417
-0.1518999
-0.1320434
-0.1136227
-0.1079374
-0.1158061
-0.1290613
-0.1369772
-0.1334190
-0.1213033
-0.1113858
-0.1143526
-0.1306294
-0.1471103
-0.1465566
-0.1234472
-0.0911598
-0.0714846
-0.0749637
-0.0911120
-0.0984665
-0.0844660
-0.0557502
-0.0301661
-0.0200079
-0.0225815
-0.0246616
-0.0142361
0.0111230
0.0444125
0.0757307
0.0994501
0.1168390
0.1326679
0.1494632
0.1652767
0.1768377
0.1835601
0.1872391
0.1887200
0.1873925
0.1848798
0.1867465
0.1972790
0.2123909
0.2206627
0.2136347
0.1940828
0.1721040
0.1535158
0.1346817
0.1094744
0.0784874
0.0483900
0.0231817
0.0000482
-0.0242530
-0.0456528
-0.0555194
-0.0519324
-0.0453231
-0.0500329
-0.0703009
-0.0964213
-0.1153311
-0.1234614
-0.1276454
-0.1341918
-0.1398151
-0.1353630
-0.1178818
-0.0965801
-0.0850864
-0.0880903
-0.0971570
-0.1005900
-0.0966573
-0.0955354
-0.1075110
-0.1300729
-0.1480138
-0.1468733
-0.1260432
-0.0986076
-0.0790929
-0.0720656
-0.0718992
-0.0713330
-0.0682733
-0.0647036
-0.0618345
-0.0591227
-0.0580245
-0.0637215
-0.0799579
-0.1017364
-0.1155999
-0.1100853
-0.0870344
-0.0618135
-0.0510136
-0.0588072
-0.0745403
-0.0833299
-0.0796095
-0.0716030
-0.0732216
-0.0907209
-0.1158182
-0.1316272
-0.1266802
-0.1045573
-0.0801194
-0.0663034
-0.0650728
-0.0708706
-0.0798207
-0.0916056
-0.1025789
-0.1031759
-0.0884008
-0.0698678
-0.0695638
-0.0956451
-0.1270667
-0.1300445
-0.0935056
-0.0444695
-0.0231200
-0.0427355
-0.0780954
-0.0941255
-0.0815306
-0.0607629
-0.0541468
-0.0609051
-0.0617810
-0.0433358
-0.0122034
0.0139831
0.0246521
0.0230919
0.0189863
0.0191330
0.0257204
0.0390137
0.0572297
0.0738777
0.0792557
0.0684000
0.0481034
0.0336331
0.0355662
0.0486689
0.0548153
0.0389063
0.0031848
-0.0342617
-0.0558098
-0.0595270
-0.0587493
-0.0678248
-0.0894155
-0.1149892
-0.1347108
-0.1443132
-0.1433923
-0.1313362
-0.1085963
-0.0815928
-0.0625592
-0.0607865
-0.0731182
-0.0851064
-0.0843762
-0.0741801
-0.0726865
-0.0962779
-0.1409251
-0.1781274
-0.1678726
-0.0756830
0.1186198
0.4177810
0.7983246
1.1973363
1.5156763
1.6551267
1.5740174
1.3170171
0.9886107
0.6893637
0.4677736
0.3208571
0.2266325
0.1679138
0.1310105
0.0982796
0.0550944
0.0036589
-0.0388382
-0.0603883
-0.0689087
-0.0826737
-0.1083675
-0.1343917
-0.1466617
-0.1451825
-0.1405065
-0.1373731
-0.1296038
-0.1134331
-0.0995581
-0.1043435
-0.1285781
-0.1512722
-0.1499344
-0.1260007
-0.1052830
-0.1108020
-0.1374015
-0.1562610
-0.1441629
-0.1056777
-0.0661163
-0.0459960
-0.0453889
-0.0511630
-0.0534293
-0.0514040
-0.0468141
-0.0389088
-0.0288808
-0.0242729
-0.0317647
-0.0442497
-0.0409718
-0.0068817
0.0478486
0.0923811
0.1029669
0.0856911
0.0696154
0.0775087
0.1051381
0.1293497
0.1335441
0.1226991
0.1149091
0.1224894
0.1433626
0.1678089
0.1885515
0.2028754
0.2088722
0.2046884
0.1924907
0.1798219
0.1734655
0.1716371
0.1645206
0.1443669
0.1148148
0.0889162
0.0771951
0.0775083
0.0762903
0.0594739
0.0234056
-0.0222833
-0.0611082
-0.0812087
-0.0846850
-0.0872352
-0.1056294
-0.1413264
-0.1757054
-0.1847779
-0.1620829
-0.1273086
-0.1100581
-0.1233473
-0.1529355
-0.1726450
-0.1691982
-0.1518424
-0.1399912
-0.1445387
-0.1610707
-0.1770651
-0.1819296
-0.1715328
-0.1486375
-0.1225748
-0.1061644
-0.1075036
-0.1221658
-0.1356076
-0.1364080
-0.1273138
-0.1212134
-0.1258450
-0.1348213
-0.1354377
-0.1235247
-0.1075203
-0.0980625
-0.0971540
-0.0995847
-0.1020656
-0.1064036
-0.1135145
-0.1190275
-0.1184183
-0.1144155
-0.1145371
-0.1203764
-0.1236098
-0.1162874
-0.1030071
-0.0977052
-0.1070005
-0.1209035
-0.1239471
-0.1138698
-0.1046200
-0.1098597
-0.1273714
-0.1426175
-0.1450361
-0.1363260
-0.1234000
-0.1095087
-0.0964119
-0.0910058
-0.1013002
-0.1232035
-0.1378161
-0.1295028
-0.1061562
-0.0940275
-0.1078891
-0.1304169
-0.1282297
-0.0892568
-0.0383665
-0.0116705
-0.0182696
-0.0331790
-0.0283670
-0.0045950
0.0123000
0.0038204
-0.0194209
-0.0304454
-0.0156321
0.0130166
0.0334774
0.0358015
0.0268929
0.0180500
0.0130604
0.0081201
-0.0015616
-0.0180860
-0.0413350
-0.0689581
-0.0952384
-0.1129145
-0.1185033
-0.1152967
-0.1098485
-0.1061457
-0.1044778
-0.1047346
-0.1074834
-0.1108647
-0.1099610
-0.1031171
-0.0977602
-0.1045891
-0.1227866
-0.1340222
-0.1171700
-0.0717819
-0.0247341
-0.0099732
-0.0397466
-0.0939882
-0.1335436
-0.1190280
-0.0187278
0.1894915
0.5069795
0.8945408
1.2662573
1.5159160
1.5669515
1.4130399
1.1211744
0.7960507
0.5290421
0.3606899
0.2745911
0.2224929
0.1630668
0.0881856
0.0191341
-0.0206867
-0.0297279
-0.0270937
-0.0314615
-0.0452944
-0.0597460
-0.0694962
-0.0773284
-0.0856883
-0.0910089
-0.0904886
-0.0901667
-0.0990087
-0.1141299
-0.1186449
-0.1000050
-0.0682222
-0.0490015
-0.0563624
-0.0766425
-0.0840784
-0.0700141
-0.0510757
-0.0477100
-0.0601075
-0.0694601
-0.0601500
-0.0351889
-0.0096273
0.0057326
0.0108432
0.0108608
0.0104805
0.0140116
0.0249102
0.0408651
0.0524426
0.0527929
0.0495691
0.0616299
0.0991934
0.1489931
0.1840522
0.1896347
0.1768701
0.1693494
0.1789853
0.1978399
0.2116659
0.2163425
0.2191673
0.2279095
0.2432013
0.2609926
0.2775191
0.2894019
0.2923961
0.2849426
0.2726197
0.2639540
0.2589326
0.2452032
0.2113116
0.1642107
0.1281177
0.1208653
0.1322620
0.1310185
0.0961024
0.0391486
-0.0075663
-0.0249719
-0.0255859
-0.0369846
-0.0704254
-0.1097565
-0.1305005
-0.1252839
-0.1084346
-0.0991709
-0.1048128
-0.1195715
-0.1339779
-0.1419609
-0.1420381
-0.1376703
-0.1375089
-0.1498788
-0.1720898
-0.1871395
-0.1773993
-0.1445507
-0.1125089
-0.1058548
-0.1251126
-0.1464403
-0.1468332
-0.1272491
-0.1091733
-0.1105446
-0.1283664
-0.1445721
-0.1448248
-0.1291026
-0.1069731
-0.0880334
-0.0781486
-0.0799657
-0.0914702
-0.1041506
-0.1076242
-0.0996230
-0.0899338
-0.0911213
-0.1047909
-0.1191477
-0.1211803
-0.1097139
-0.0951254
-0.0878395
-0.0899139
-0.0975661
-0.1076995
-0.1186464
-0.1267443
-0.1278119
-0.1241351
-0.1258955
-0.1404961
-0.1605825
-0.1675679
-0.1506177
-0.1207626
-0.1026284
-0.1108955
-0.1362900
-0.1557604
-0.1553976
-0.1421758
-0.1341887
-0.1417256
-0.1586126
-0.1700463
-0.1665857
-0.1507899
-0.1327778
-0.1212455
-0.1181867
-0.1200466
-0.1221447
-0.1219214
-0.1196296
-0.1179897
-0.1214535
-0.1333497
-0.1507887
-0.1624279
-0.1549004
-0.1251648
-0.0866898
-0.0604624
-0.0571736
-0.0679852
-0.0738415
-0.0640021
-0.0447089
-0.0300621
-0.0266106
-0.0286447
-0.0272724
-0.0205706
-0.0129982
-0.0070065
0.0008195
0.0137118
0.0268878
0.0290663
0.0133861
-0.0141940
-0.0394924
-0.0541038
-0.0639393
-0.0823898
-0.1148390
-0.1510624
-0.1736221
-0.1733434
-0.1565466
-0.1386663
-0.1321758
-0.1392800
-0.1526493
-0.1613336
-0.1584532
-0.1472776
-0.1402868
-0.1481738
-0.1664802
-0.1756627
-0.1602352
-0.1292928
-0.1123928
-0.1285905
-0.1592050
-0.1554241
-0.0746062
0.0925836
0.3284574
0.6100827
0.9123321
1.1893130
1.3689741
1.3871339
1.2378783
0.9877656
0.7323959
0.5334109
0.3934037
0.2837803
0.1868082
0.1078321
0.0555644
0.0231353
-0.0069586
-0.0444800
-0.0839855
-0.1148859
-0.1339136
-0.1455636
-0.1535198
-0.1559733
-0.1499755
-0.1377635
-0.1268855
-0.1244501
-0.1316251
-0.1426602
-0.1487102
-0.1446595
-0.1348157
-0.1312019
-0.1424776
-0.1624100
-0.1716652
-0.1550462
-0.1180841
-0.0843202
-0.0740055
-0.0856371
-0.0993488
-0.0975624
-0.0804461
-0.0615732
-0.0520117
-0.0514474
-0.0528941
-0.0510667
-0.0440612
-0.0303037
-0.0086848
0.0175411
0.0402522
0.0526658
0.0559468
0.0582623
0.0669126
0.0819405
0.0974852
0.1085344
0.1157356
0.1241458
0.1383436
0.1589602
0.1829241
0.2058734
0.2241288
0.2351740
0.2375402
0.2315306
0.2206072
0.2108525
0.2065423
0.2049431
0.1971183
0.1765678
0.1474735
0.1223222
0.1098764
0.1062119
0.0986043
0.0774463
0.0431993
0.0029502
-0.0366022
-0.0715823
-0.0995824
-0.1201203
-0.1366822
-0.1544288
-0.1732508
-0.1854113
-0.1838663
-0.1723982
-0.1632875
-0.1636198
-0.1680397
-0.1685909
-0.1684014
-0.1787784
-0.2015403
-0.2210006
-0.2200535
-0.2025111
-0.1920014
-0.2050566
-0.2296525
-0.2365500
-0.2118940
-0.1733681
-0.1514969
-0.1583321
-0.1782854
-0.1879227
-0.1799115
-0.1667965
-0.1656318
-0.1819139
-0.2060697
-0.2216144
-0.2169884
-0.1935629
-0.1648661
-0.1468921
-0.1466989
-0.1592542
-0.1745668
-0.1860722
-0.1914436
-0.1889840
-0.1791792
-0.1707340
-0.1781347
-0.2056839
-0.2351099
-0.2377544
-0.2045838
-0.1602368
-0.1405307
-0.1558119
-0.1819355
-0.1891959
-0.1746913
-0.1610761
-0.1666752
-0.1851246
-0.1970973
-0.1952920
-0.1901156
-0.1918654
-0.1956551
-0.1887948
-0.1690787
-0.1494263
-0.1440313
-0.1541359
-0.1687658
-0.1760603
-0.1718305
-0.1602387
-0.1501729
-0.1498460
-0.1599962
-0.1702993
-0.1657813
-0.1408187
-0.1066635
-0.0821367
-0.0758840
-0.0797443
-0.0802314
-0.0733918
-0.0654767
-0.0615008
-0.0588390
-0.0534053
-0.0468812
-0.0430090
-0.0389509
-0.0265775
-0.0044444
0.0156485
0.0184970
0.0015512
-0.0220599
-0.0376839
-0.0444109
-0.0547146
-0.0801542
-0.1193885
-0.1596605
-0.1873014
-0.1959696
-0.1878356
-0.1707406
-0.1545243
-0.1467259
-0.1485729
-0.1544856
-0.1566914
-0.1518647
-0.1443632
-0.1427991
-0.1516975
-0.1651081
-0.1697887
-0.1579745
-0.1382351
-0.1308211
-0.1477462
-0.1748729
-0.1734779
-0.1002420
0.0717435
0.3439143
0.6908470
1.0573821
1.3602284
1.5113371
1.4631247
1.2436158
0.9450210
0.6678607
0.4657241
0.3338253
0.2399091
0.1598003
0.0880066
0.0274089
-0.0209734
-0.0587859
-0.0882559
-0.1128914
-0.1370507
-0.1609692
-0.1776801
-0.1794792
-0.1686019
-0.1578884
-0.1582125
-0.1674737
-0.1752642
-0.1771135
-0.1797430
-0.1911244
-0.2089988
-0.2224075
-0.2233420
-0.2138952
-0.2016825
-0.1907604
-0.1788477
-0.1627155
-0.1445674
-0.1323271
-0.1334412
-0.1474808
-0.1638972
-0.1683283
-0.1544845
-0.1314258
-0.1163314
-0.1163409
-0.1183759
-0.1016130
-0.0618408
-0.0194889
0.0006346
-0.0039699
-0.0115185
-0.0010080
0.0253359
0.0477069
0.0536399
0.0515506
0.0583418
0.0787179
0.1020702
0.1186846
0.1327650
0.1556815
0.1891728
0.2202273
0.2336889
0.2275326
0.2143793
0.2088520
0.2137876
0.2178731
0.2068969
0.1791031
0.1500295
0.1397903
0.1527599
0.1699786
0.1644307
0.1260215
0.0712719
0.0273296
0.0068364
-0.0002534
-0.0113332
-0.0320886
-0.0553330
-0.0751745
-0.0953949
-0.1212841
-0.1477708
-0.1613973
-0.1548567
-0.1366077
-0.1241862
-0.1282731
-0.1434705
-0.1539950
-0.1484943
-0.1308435
-0.1177480
-0.1249820
-0.1533630
-0.1861199
-0.2005899
-0.1853842
-0.1487798
-0.1112457
-0.0896245
-0.0876057
-0.0983720
-0.1119249
-0.1189129
-0.1129237
-0.0958450
-0.0810317
-0.0845576
-0.1080460
-0.1316333
-0.1292511
-0.0941629
-0.0487482
-0.0266535
-0.0433610
-0.0831650
-0.1140883
-0.1152693
-0.0917143
-0.0662561
-0.0593213
-0.0737900
-0.0946331
-0.1021458
-0.0889517
-0.0667454
-0.0553274
-0.0635727
-0.0821734
-0.0956707
-0.0987418
-0.0975254
-0.0969208
-0.0928858
-0.0809755
-0.0689636
-0.0733081
-0.0988933
-0.1259017
-0.1244489
-0.0858954
-0.0364054
-0.0147540
-0.0360790
-0.0791394
-0.1083091
-0.1055086
-0.0813917
-0.0598488
-0.0546194
-0.0594505
-0.0574467
-0.0380728
-0.0057755
0.0254975
0.0439393
0.0466489
0.0385804
0.0281563
0.0235135
0.0295988
0.0455468
0.0636556
0.0725681
0.0653255
0.0470665
0.0329885
0.0342294
0.0445210
0.0441001
0.0194065
-0.0224031
-0.0601188
-0.0783203
-0.0793047
-0.0773584
-0.0845606
-0.1026525
-0.1254946
-0.1450192
-0.1531032
-0.1416615
-0.1086215
-0.0672244
-0.0433043
-0.0537617
-0.0856263
-0.1034449
-0.0844150
-0.0460018
-0.0333083
-0.0742051
-0.1456703
-0.1859523
-0.1406347
0.0053523
0.2400727
0.5551769
0.9425998
1.3514007
1.6649837
1.7536364
1.5728103
1.2121124
0.8375203
0.5738966
0.4335366
0.3480325
0.2579265
0.1646841
0.1020917
0.0772663
0.0577703
0.0145892
-0.0404054
-0.0706631
-0.0611890
-0.0371919
-0.0361980
-0.0681125
-0.1057359
-0.1134808
-0.0843197
-0.0471183
-0.0364927
-0.0581553
-0.0874631
-0.0984668
-0.0871329
-0.0678974
-0.0572340
-0.0622638
-0.0763780
-0.0828701
-0.0708873
-0.0505236
-0.0432136
-0.0540961
