-0.1429736
-0.1512796
-0.1339670
-0.1098029
-0.0966624
-0.0948536
-0.0945216
-0.0924144
-0.0939479
-0.1002732
-0.1022035
-0.0924248
-0.0793920
-0.0806816
-0.1002874
-0.1184634
-0.1104480
-0.0748406
-0.0382411
-0.0291548
-0.0497893
-0.0764006
-0.0857335
-0.0769646
-0.0670155
-0.0687738
-0.0782331
-0.0819451
-0.0722408
-0.0528574
-0.0328145
-0.0192195
-0.0158988
-0.0240775
-0.0402980
-0.0551604
-0.0593626
-0.0540512
-0.0529855
-0.0698296
-0.1013074
-0.1252618
-0.1192662
-0.0831113
-0.0421768
-0.0267911
-0.0466454
-0.0840355
-0.1108717
-0.1122042
-0.0953255
-0.0794166
-0.0781835
-0.0908419
-0.1061017
-0.1125573
-0.1065337
-0.0932219
-0.0820763
-0.0798487
-0.0855545
-0.0913872
-0.0901113
-0.0832555
-0.0815100
-0.0946929
-0.1198275
-0.1402619
-0.1391513
-0.1153487
-0.0856481
-0.0704472
-0.0767341
-0.0943745
-0.1072234
-0.1065112
-0.0950598
-0.0826474
-0.0795105
-0.0911564
-0.1135804
-0.1317726
-0.1281242
-0.0990962
-0.0642601
-0.0527366
-0.0750305
-0.1093852
-0.1215935
-0.1009274
-0.0731893
-0.0740320
-0.1100290
-0.1503695
-0.1586613
-0.1296611
-0.0914979
-0.0741346
-0.0813842
-0.0951234
-0.1004874
-0.0994691
-0.1004496
-0.1031171
-0.1006365
-0.0938110
-0.0939566
-0.1071289
-0.1204471
-0.1124151
-0.0790827
-0.0444516
-0.0387283
-0.0661061
-0.0987175
-0.1053334
-0.0838728
-0.0619675
-0.0655444
-0.0905614
-0.1080971
-0.0952327
-0.0572738
-0.0194672
-0.0009786
-0.0003068
-0.0039602
-0.0031876
0.0012640
0.0072277
0.0167442
0.0307243
0.0423220
0.0422113
0.0321325
0.0284592
0.0465796
0.0809301
0.1047350
0.0937849
0.0508550
0.0043183
-0.0185272
-0.0157107
-0.0081040
-0.0155837
-0.0389307
-0.0645853
-0.0819499
-0.0914175
-0.0970968
-0.0984044
-0.0931218
-0.0856134
-0.0853613
-0.0953523
-0.1067008
-0.1097236
-0.1085664
-0.1182741
-0.1442671
-0.1689658
-0.1650846
-0.1236861
-0.0661965
-0.0271847
-0.0268236
-0.0597649
-0.1047788
-0.1381332
-0.1377276
-0.0822593
0.0458655
0.2551891
0.5426032
0.8895244
1.2501959
1.5424489
1.6665146
1.5595434
1.2502943
0.8597659
0.5323670
0.3469536
0.2801547
0.2484875
0.1860757
0.0897139
0.0016940
-0.0410083
-0.0403988
-0.0292992
-0.0378772
-0.0692063
-0.1031486
-0.1197827
-0.1182727
-0.1149539
-0.1254553
-0.1497671
-0.1738824
-0.1837824
-0.1763142
-0.1579443
-0.1369801
-0.1195907
-0.1109522
-0.1145127
-0.1270039
-0.1370100
-0.1337606
-0.1189818
-0.1066830
-0.1076577
-0.1151020
-0.1096208
-0.0804041
-0.0390734
-0.0093562
-0.0031383
-0.0093129
-0.0071296
0.0118846
0.0374230
0.0539774
0.0570671
0.0551164
0.0590168
0.0739693
0.1007360
0.1390130
0.1845552
0.2244111
0.2419184
0.2322207
0.2122358
0.2094808
0.2361399
0.2745720
0.2926669
0.2764987
0.2466670
0.2391777
0.2688760
0.3133579
0.3347389
0.3167197
0.2784551
0.2521156
0.2493664
0.2515890
0.2312995
0.1801210
0.1157098
0.0648124
0.0420170
0.0422513
0.0479539
0.0409438
0.0118060
-0.0347461
-0.0807688
-0.1057846
-0.1035429
-0.0905574
-0.0943135
-0.1278747
-0.1745653
-0.2001052
-0.1831031
-0.1353560
-0.0924044
-0.0834245
-0.1084539
-0.1421235
-0.1575621
-0.1477105
-0.1271902
-0.1166916
-0.1251434
-0.1436803
-0.1543365
-0.1453204
-0.1205903
-0.0961702
-0.0862792
-0.0912566
-0.0982804
-0.0944139
-0.0795770
-0.0666825
-0.0686695
-0.0853120
-0.1028822
-0.1065480
-0.0926695
-0.0694171
-0.0473981
-0.0318619
-0.0236456
-0.0239969
-0.0345077
-0.0522113
-0.0686501
-0.0772727
-0.0808913
-0.0880052
-0.1001276
-0.1058889
-0.0921924
-0.0618708
-0.0365248
-0.0381404
-0.0676888
-0.1036213
-0.1216845
-0.1151398
-0.0966169
-0.0841379
-0.0876905
-0.1059934
-0.1297178
-0.1454774
-0.1418277
-0.1186079
-0.0917457
-0.0833365
-0.1013987
-0.1297768
-0.1424925
-0.1302688
-0.1105594
-0.1087365
-0.1305017
-0.1559382
-0.1610003
-0.1417272
-0.1155552
-0.1016968
-0.1043708
-0.1147885
-0.1240688
-0.1300456
-0.1338692
-0.1361636
-0.1388642
-0.1464863
-0.1602474
-0.1714304
-0.1661341
-0.1402954
-0.1078761
-0.0898790
-0.0943906
-0.1100092
-0.1199850
-0.1200648
-0.1196801
-0.1273912
-0.1399480
-0.1473362
-0.1448409
-0.1360893
-0.1257709
-0.1148833
-0.1050587
-0.1024600
-0.1111844
-0.1233532
-0.1224507
-0.1009959
-0.0719737
-0.0567944
-0.0607882
-0.0652403
-0.0474836
-0.0070314
0.0324438
0.0475034
0.0377958
0.0230712
0.0208752
0.0310054
0.0403632
0.0374127
0.0196039
-0.0085289
-0.0381549
-0.0572826
-0.0562719
-0.0382353
-0.0223972
-0.0304131
-0.0651185
-0.1048061
-0.1231217
-0.1161742
-0.1074603
-0.1231610
-0.1627037
-0.1961052
-0.1922403
-0.1499283
-0.1007043
-0.0807274
-0.0993613
-0.1337572
-0.1523784
-0.1432357
-0.1206486
-0.1073786
-0.1126173
-0.1273872
-0.1383733
-0.1418855
-0.1415919
-0.1331899
-0.0940090
0.0100175
0.2055689
0.4962165
0.8567626
1.2333901
1.5475772
1.7126869
1.6700549
1.4287653
1.0743342
0.7266539
0.4716779
0.3205068
0.2280279
0.1483142
0.0719257
0.0148813
-0.0174677
-0.0451661
-0.0909182
-0.1500933
-0.1917521
-0.1913882
-0.1585671
-0.1286483
-0.1284300
-0.1530782
-0.1765744
-0.1805958
-0.1699955
-0.1621195
-0.1663198
-0.1764592
-0.1804798
-0.1727997
-0.1570661
-0.1409329
-0.1311183
-0.1311986
-0.1393805
-0.1473971
-0.1458444
-0.1346619
-0.1267320
-0.1355409
-0.1566927
-0.1656304
-0.1398916
-0.0850975
-0.0345431
-0.0186297
-0.0351386
-0.0529224
-0.0453361
-0.0166403
0.0066439
0.0075067
-0.0029065
0.0015882
0.0346851
0.0855298
0.1311232
0.1564028
0.1626706
0.1618294
0.1662917
0.1818476
0.2042594
0.2207183
0.2189223
0.1999221
0.1820681
0.1877232
0.2222693
0.2662263
0.2901572
0.2789532
0.2425979
0.2046167
0.1809273
0.1686253
0.1524424
0.1206168
0.0760883
0.0348227
0.0132707
0.0145253
0.0241546
0.0203883
-0.0082313
-0.0526285
-0.0904592
-0.1052424
-0.1000144
-0.0930683
-0.1004869
-0.1221711
-0.1434262
-0.1489342
-0.1356017
-0.1138829
-0.0984884
-0.0975220
-0.1081388
-0.1202746
-0.1246151
-0.1194739
-0.1120708
-0.1122207
-0.1218021
-0.1292444
-0.1171732
-0.0796721
-0.0328864
-0.0049185
-0.0109118
-0.0375714
-0.0552233
-0.0470945
-0.0251100
-0.0146487
-0.0251832
-0.0400043
-0.0361086
-0.0104603
0.0172814
0.0266485
0.0162685
0.0009276
-0.0066207
-0.0067197
-0.0076965
-0.0152228
-0.0282473
-0.0410351
-0.0454675
-0.0343625
-0.0090205
0.0154011
0.0184318
-0.0058271
-0.0391967
-0.0561507
-0.0516418
-0.0468719
-0.0629721
-0.0924688
-0.1043682
-0.0795292
-0.0353724
-0.0100730
-0.0236244
-0.0594092
-0.0847296
-0.0845696
-0.0720470
-0.0695564
-0.0857516
-0.1109593
-0.1288125
-0.1285273
-0.1100390
-0.0839527
-0.0667772
-0.0697630
-0.0878755
-0.1024886
-0.1000850
-0.0881795
-0.0878018
-0.1079294
-0.1314637
-0.1317739
-0.1027504
-0.0675935
-0.0556059
-0.0733728
-0.1016692
-0.1178891
-0.1163002
-0.1067108
-0.1002331
-0.1012383
-0.1093012
-0.1209641
-0.1278013
-0.1195438
-0.0956965
-0.0722290
-0.0693875
-0.0895280
-0.1113050
-0.1112414
-0.0903393
-0.0740577
-0.0837069
-0.1114709
-0.1277406
-0.1121495
-0.0736566
-0.0396785
-0.0291872
-0.0386090
-0.0509294
-0.0538609
-0.0487969
-0.0461119
-0.0543772
-0.0719199
-0.0854458
-0.0778570
-0.0424284
0.0077246
0.0468897
0.0582516
0.0495596
0.0450717
0.0604760
0.0874151
0.1041824
0.0995423
0.0827778
0.0709579
0.0707763
0.0752517
0.0747981
0.0663747
0.0519248
0.0336950
0.0151643
0.0030285
0.0010855
0.0006517
-0.0163044
-0.0576132
-0.1055981
-0.1285457
-0.1119865
-0.0761309
-0.0577108
-0.0741459
-0.1084564
-0.1297812
-0.1249861
-0.1076767
-0.0995952
-0.1089264
-0.1271992
-0.1410306
-0.1416178
-0.1261154
-0.0986233
-0.0734276
-0.0703858
-0.0967107
-0.1297193
-0.1223094
-0.0312723
0.1578708
0.4318763
0.7667425
1.1312825
1.4696902
1.6934592
1.7153892
1.5125349
1.1605944
0.7964931
0.5321631
0.3916866
0.3219592
0.2570099
0.1717247
0.0832240
0.0154570
-0.0279409
-0.0591107
-0.0856531
-0.1028119
-0.1049958
-0.0988134
-0.0999823
-0.1173634
-0.1428244
-0.1590393
-0.1574955
-0.1476757
-0.1472307
-0.1628393
-0.1819045
-0.1846111
-0.1643360
-0.1349875
-0.1175976
-0.1205889
-0.1339797
-0.1416901
-0.1373375
-0.1278394
-0.1240744
-0.1302708
-0.1416924
-0.1496833
-0.1473186
-0.1318978
-0.1055351
-0.0753760
-0.0519082
-0.0434212
-0.0488859
-0.0557363
-0.0473807
-0.0170889
0.0234005
0.0512739
0.0532966
0.0413009
0.0443694
0.0813271
0.1401950
0.1877448
0.2013675
0.1902490
0.1836024
0.1997480
0.2299114
0.2520297
0.2556801
0.2496784
0.2476763
0.2528652
0.2597132
0.2658939
0.2750728
0.2864648
0.2878378
0.2656137
0.2220605
0.1769107
0.1476670
0.1299183
0.1021577
0.0523988
-0.0031351
-0.0330310
-0.0242258
0.0004460
0.0023564
-0.0343879
-0.0868235
-0.1170801
-0.1109287
-0.0901579
-0.0872034
-0.1111085
-0.1411949
-0.1522866
-0.1408294
-0.1233553
-0.1130914
-0.1056130
-0.0907351
-0.0731126
-0.0720184
-0.0973551
-0.1314562
-0.1429021
-0.1207239
-0.0898150
-0.0863317
-0.1173320
-0.1495366
-0.1420083
-0.0891391
-0.0282495
-0.0040506
-0.0273764
-0.0689445
-0.0903962
-0.0788463
-0.0531461
-0.0412998
-0.0539561
-0.0773411
-0.0882401
-0.0750460
-0.0464088
-0.0217349
-0.0139052
-0.0204539
-0.0300349
-0.0354603
-0.0390073
-0.0460821
-0.0572865
-0.0691983
-0.0807810
-0.0940434
-0.1067762
-0.1091099
-0.0928140
-0.0641855
-0.0430612
-0.0457530
-0.0699862
-0.0984329
-0.1157756
-0.1199847
-0.1181726
-0.1161904
-0.1151028
-0.1150842
-0.1175506
-0.1217351
-0.1222799
-0.1138745
-0.0986203
-0.0867523
-0.0885856
-0.1052088
-0.1262151
-0.1362168
-0.1260715
-0.1018753
-0.0838090
-0.0915809
-0.1256445
-0.1625081
-0.1730062
-0.1487417
-0.1101976
-0.0872894
-0.0922883
-0.1125328
-0.1274119
-0.1283200
-0.1213385
-0.1156013
-0.1147839
-0.1191245
-0.1289124
-0.1414181
-0.1475650
-0.1381308
-0.1151835
-0.0937957
-0.0891236
-0.1022360
-0.1201244
-0.1288208
-0.1250334
-0.1162029
-0.1123031
-0.1182023
-0.1308356
-0.1409334
-0.1388572
-0.1224597
-0.1002554
-0.0844131
-0.0792949
-0.0792342
-0.0792564
-0.0840574
-0.1004800
-0.1219940
-0.1293832
-0.1132035
-0.0909738
-0.0917687
-0.1206212
-0.1460328
-0.1314600
-0.0782061
-0.0288886
-0.0241442
-0.0603273
-0.0957398
-0.0968566
-0.0712525
-0.0526216
-0.0598429
-0.0781161
-0.0792509
-0.0527440
-0.0126103
0.0220710
0.0461249
0.0663684
0.0861859
0.0984291
0.0953970
0.0821031
0.0740019
0.0789352
0.0840489
0.0663034
0.0193830
-0.0319019
-0.0495417
-0.0186363
0.0345468
0.0637523
0.0439735
-0.0081601
-0.0541497
-0.0710478
-0.0680706
-0.0696513
-0.0879087
-0.1137071
-0.1305199
-0.1315547
-0.1224546
-0.1111636
-0.0992913
-0.0843151
-0.0680028
-0.0590610
-0.0646274
-0.0792661
-0.0862558
-0.0746458
-0.0558567
-0.0579507
-0.0957325
-0.1432800
-0.1397261
-0.0285680
0.2042924
0.5272554
0.8892739
1.2402293
1.5261836
1.6817048
1.6516102
1.4353847
1.1074817
0.7806449
0.5371956
0.3889188
0.2973535
0.2251301
0.1638073
0.1189764
0.0839393
0.0400074
-0.0186782
-0.0718725
-0.0931893
-0.0818986
-0.0679707
-0.0820026
-0.1228226
-0.1588922
-0.1616809
-0.1341009
-0.1043583
-0.0952531
-0.1044649
-0.1146228
-0.1159167
-0.1130590
-0.1127911
-0.1131567
-0.1093247
-0.1049161
-0.1095978
-0.1238648
-0.1318752
-0.1151066
-0.0732488
-0.0278928
-0.0034032
-0.0051785
-0.0176711
-0.0218388
-0.0119676
0.0036770
0.0145508
0.0177990
0.0189881
0.0267623
0.0473841
0.0817797
0.1250029
0.1675963
0.1986151
0.2104091
0.2043199
0.1932235
0.1953825
0.2204432
0.2591581
0.2897147
0.2984425
0.2949288
0.3034101
0.3365714
0.3794220
0.4027419
0.3931474
0.3666646
0.3504399
0.3535232
0.3592765
0.3455339
0.3075496
0.2596838
0.2191568
0.1929133
0.1784648
0.1703457
0.1614016
0.1415778
0.1036276
0.0539019
0.0131359
-0.0009798
0.0055932
0.0047533
-0.0258168
-0.0756902
-0.1070146
-0.0907897
-0.0381478
0.0068131
0.0073787
-0.0321289
-0.0731503
-0.0825740
-0.0639918
-0.0490494
-0.0605887
-0.0885487
-0.1031123
-0.0876330
-0.0544962
-0.0295711
-0.0259754
-0.0356469
-0.0432554
-0.0426199
-0.0381088
-0.0349938
-0.0342923
-0.0365738
-0.0442558
-0.0556733
-0.0603217
-0.0469462
-0.0182371
0.0070649
0.0109562
-0.0056245
-0.0240060
-0.0271342
-0.0156453
-0.0046580
-0.0075669
-0.0250663
-0.0477406
-0.0645577
-0.0676898
-0.0544541
-0.0310275
-0.0136988
-0.0189069
-0.0464888
-0.0755568
-0.0835056
-0.0706700
-0.0615685
-0.0779368
-0.1126207
-0.1351045
-0.1242007
-0.0914271
-0.0682650
-0.0720054
-0.0896440
-0.0971135
-0.0886769
-0.0808978
-0.0893203
-0.1096201
-0.1259555
-0.1320696
-0.1355650
-0.1411168
-0.1385349
-0.1156998
-0.0815597
-0.0662830
-0.0909016
-0.1392909
-0.1693464
-0.1566845
-0.1225942
-0.1115950
-0.1413678
-0.1816624
-0.1871073
-0.1475712
-0.0999038
-0.0886356
-0.1198544
-0.1583761
-0.1685103
-0.1508464
-0.1355624
-0.1448721
-0.1703001
-0.1873068
-0.1836800
-0.1672236
-0.1503723
-0.1373436
-0.1286742
-0.1296964
-0.1453907
-0.1679120
-0.1785738
-0.1683943
-0.1524598
-0.1549341
-0.1779651
-0.1936564
-0.1745990
-0.1293642
-0.0982184
-0.1103566
-0.1515677
-0.1800082
-0.1713481
-0.1420716
-0.1276188
-0.1432681
-0.1706757
-0.1801367
-0.1602915
-0.1250443
-0.0969633
-0.0887248
-0.0975678
-0.1100567
-0.1104683
-0.0915754
-0.0632202
-0.0468113
-0.0538800
-0.0694794
-0.0634818
-0.0228318
0.0300837
0.0559864
0.0364627
-0.0091493
-0.0454499
-0.0569182
-0.0592002
-0.0757145
-0.1083249
-0.1349662
-0.1341592
-0.1075368
-0.0782653
-0.0707932
-0.0920933
-0.1280249
-0.1555203
-0.1615859
-0.1542841
-0.1546498
-0.1752623
-0.2062420
-0.2236019
-0.2122733
-0.1811083
-0.1549692
-0.1510623
-0.1623110
-0.1649739
-0.1442503
-0.1124730
-0.1006073
-0.1296082
-0.1868960
-0.2283657
-0.2055602
-0.0969357
0.0844853
0.3158839
0.5941782
0.9284452
1.2922535
1.5904073
1.6962335
1.5443128
1.1950072
0.8027377
0.5091431
0.3541195
0.2792938
0.2083432
0.1182700
0.0371975
-0.0099434
-0.0358447
-0.0710535
-0.1246843
-0.1747041
-0.1931837
-0.1748922
-0.1426608
-0.1279627
-0.1439438
-0.1747224
-0.1929542
-0.1888073
-0.1782953
-0.1824260
-0.2031315
-0.2220496
-0.2192551
-0.1919043
-0.1583491
-0.1435795
-0.1544904
-0.1695509
-0.1608209
-0.1268691
