-0.0265403
-0.0682850
-0.0509550
-0.0423652
-0.0761327
-0.1179056
-0.1375734
-0.1438401
-0.1463946
-0.1408015
-0.1352022
-0.1472662
-0.1720609
-0.1886555
-0.1954588
-0.2054835
-0.2129964
-0.1997528
-0.1702033
-0.1479998
-0.1400557
-0.1328855
-0.1216835
-0.1157446
-0.1161193
-0.1117479
-0.0983591
-0.0832724
-0.0728022
-0.0685415
-0.0712274
-0.0761617
-0.0721947
-0.0566402
-0.0419347
-0.0364272
-0.0295551
-0.0082447
0.0227089
0.0490751
0.0662887
0.0784270
0.0869880
0.0918202
0.0962970
0.1029689
0.1104806
0.1203302
0.1383551
0.1640237
0.1861832
0.1937008
0.1825905
0.1503856
0.0933582
0.0137181
-0.0766697
-0.1602784
-0.2155712
-0.2204238
-0.1696479
-0.0915702
-0.0340607
-0.0270730
-0.0627443
-0.1104371
-0.1427452
-0.1485344
-0.1330324
-0.1109183
-0.0949543
-0.0886183
-0.0897718
-0.0973976
-0.1118618
-0.1330960
-0.1591403
-0.1746478
-0.1337275
0.0304265
0.3538498
0.7885427
1.2046166
1.4549346
1.4553158
1.2277572
0.8831475
0.5555548
0.3307784
0.2165426
0.1660553
0.1242672
0.0617407
-0.0158204
-0.0809689
-0.1136468
-0.1233792
-0.1393450
-0.1765446
-0.2178936
-0.2337173
-0.2147282
-0.1819846
-0.1660143
-0.1773562
-0.1966604
-0.1952141
-0.1664341
-0.1323728
-0.1152842
-0.1096812
-0.0920316
-0.0549287
-0.0201956
-0.0154440
-0.0447203
-0.0853579
-0.1092907
-0.1047404
-0.0799198
-0.0497884
-0.0225480
0.0001799
0.0162593
0.0257915
0.0401692
0.0750490
0.1261095
0.1605183
0.1453651
0.0852114
0.0236688
0.0042324
0.0311457
0.0695123
0.0828283
0.0690772
0.0578738
0.0724808
0.1015214
0.1147829
0.1020643
0.0846259
0.0862780
0.1033070
0.1093558
0.0846497
0.0340631
-0.0212089
-0.0633329
-0.0872780
-0.0949150
-0.0874464
-0.0696475
-0.0583695
-0.0748425
-0.1212331
-0.1712178
-0.1934107
-0.1829944
-0.1630297
-0.1551456
-0.1565927
-0.1486424
-0.1219987
-0.0886757
-0.0688315
-0.0688878
-0.0759437
-0.0747322
-0.0658940
-0.0619340
-0.0669806
-0.0691271
-0.0560513
-0.0315315
-0.0105477
-0.0010077
0.0041551
0.0168280
0.0390584
0.0602197
0.0694374
0.0706038
0.0814311
0.1135004
0.1553492
0.1816207
0.1800502
0.1642263
0.1572981
0.1670505
0.1805089
0.1811211
0.1669414
0.1493609
0.1345540
0.1107713
0.0599744
-0.0175213
-0.0963957
-0.1481045
-0.1651449
-0.1605341
-0.1497069
-0.1407333
-0.1384209
-0.1460736
-0.1588103
-0.1628396
-0.1499741
-0.1322698
-0.1342560
-0.1645261
-0.1981345
-0.1971745
-0.1538775
-0.1058681
-0.0982817
-0.1321840
-0.1600101
-0.1311806
-0.0284095
0.1458606
0.3989590
0.7351029
1.1047391
1.3873508
1.4560694
1.2780793
0.9496256
0.6218538
0.3879149
0.2421172
0.1368069
0.0531631
0.0026670
-0.0210446
-0.0564346
-0.1286354
-0.2104125
-0.2511743
-0.2418902
-0.2299784
-0.2592251
-0.3086594
-0.3123167
-0.2422626
-0.1522268
-0.1217587
-0.1654498
-0.2197508
-0.2234016
-0.1886831
-0.1755619
-0.2084418
-0.2457886
-0.2374791
-0.1892454
-0.1495311
-0.1404513
-0.1286095
-0.0771406
-0.0088683
0.0106483
-0.0420729
-0.1048626
-0.0936997
-0.0031574
0.0810474
0.0769385
-0.0038843
-0.0754450
-0.0759044
-0.0269452
0.0063422
-0.0052913
-0.0322268
-0.0342173
-0.0092860
0.0149995
0.0238565
0.0286555
0.0399061
0.0488304
0.0475310
0.0519379
0.0826864
0.1241562
0.1239264
0.0466138
-0.0794837
-0.1830318
-0.2179196
-0.2022923
-0.1871142
-0.1957661
-0.2057128
-0.1874423
-0.1469405
-0.1203876
-0.1337639
-0.1790502
-0.2281948
-0.2580325
-0.2586615
-0.2306091
-0.1856517
-0.1456966
-0.1279787
-0.1278932
-0.1239379
-0.1046150
-0.0850326
-0.0884216
-0.1116893
-0.1199759
-0.0842212
-0.0197529
0.0250776
0.0227242
-0.0011143
0.0018596
0.0448242
0.0908615
0.0967303
0.0605744
0.0191736
0.0044406
0.0133274
0.0214551
0.0162164
0.0071743
0.0062810
0.0095707
0.0056890
-0.0036278
-0.0031576
0.0140184
0.0335234
0.0344288
0.0118360
-0.0218310
-0.0548390
-0.0867778
-0.1195009
-0.1451054
-0.1506219
-0.1344956
-0.1122538
-0.1016433
-0.1048383
-0.1107456
-0.1139818
-0.1231076
-0.1448826
-0.1669530
-0.1668681
-0.1391842
-0.1050355
-0.0904310
-0.1009163
-0.1235738
-0.1487798
-0.1768055
-0.1952085
-0.1561090
0.0071393
0.3243332
0.7422440
1.1361575
1.3756742
1.3937344
1.2124384
0.9203462
0.6246046
0.4022602
0.2705495
0.1934009
0.1229661
0.0432254
-0.0246839
-0.0583448
-0.0685219
-0.0904333
-0.1404687
-0.1901707
-0.1927060
-0.1359374
-0.0616562
-0.0271190
-0.0515468
-0.1056206
-0.1486165
-0.1650851
-0.1643711
-0.1576299
-0.1478694
-0.1397550
-0.1454873
-0.1721305
-0.2065725
-0.2220396
-0.2035721
-0.1636350
-0.1284003
-0.1104319
-0.0996681
-0.0801834
-0.0482800
-0.0109483
0.0259780
0.0596244
0.0830611
0.0873776
0.0750492
0.0641243
0.0709953
0.0903821
0.1006687
0.0928800
0.0876573
0.1130594
0.1639862
0.1943968
0.1612992
0.0756578
-0.0008559
-0.0153967
0.0244934
0.0636319
0.0591907
0.0199394
-0.0145958
-0.0244507
-0.0285741
-0.0532702
-0.0911614
-0.1033973
-0.0657146
-0.0041793
0.0246525
-0.0097918
-0.0814349
-0.1361642
-0.1466685
-0.1334645
-0.1326717
-0.1507915
-0.1590416
-0.1323340
-0.0847584
-0.0567416
-0.0676517
-0.0920857
-0.0912106
-0.0621168
-0.0430909
-0.0646626
-0.1034708
-0.0970897
-0.0099804
0.1192820
0.2034456
0.1827729
0.0763535
-0.0402471
-0.1029553
-0.1033055
-0.0743211
-0.0473875
-0.0288087
-0.0098312
0.0138208
0.0370807
0.0545557
0.0674290
0.0797059
0.0904905
0.0931560
0.0826982
0.0624214
0.0425898
0.0330850
0.0366612
0.0462733
0.0473270
0.0256277
-0.0222100
-0.0850747
-0.1456756
-0.1928004
-0.2244406
-0.2407693
-0.2391349
-0.2193834
-0.1923820
-0.1779634
-0.1894431
-0.2186695
-0.2393360
-0.2298195
-0.1946412
-0.1611953
-0.1529019
-0.1662277
-0.1759605
-0.1622877
-0.1284815
-0.0868514
-0.0255483
0.1044857
0.3549404
0.7176867
1.0937357
1.3368948
1.3478552
1.1409186
0.8261606
0.5271217
0.3086382
0.1680962
0.0757878
0.0104839
-0.0393435
-0.0882600
-0.1481975
-0.2090740
-0.2410104
-0.2290735
-0.2011352
-0.2061117
-0.2587297
-0.3156279
-0.3179155
-0.2568817
-0.1875303
-0.1714849
-0.2121222
-0.2548493
-0.2509582
-0.2110301
-0.1885471
-0.2174007
-0.2776118
-0.3234856
-0.3328420
-0.3190247
-0.3016640
-0.2813048
-0.2480505
-0.2047752
-0.1690917
-0.1512571
-0.1393736
-0.1138939
-0.0744310
-0.0444054
-0.0459060
-0.0741405
-0.1009783
-0.1013561
-0.0713207
-0.0218547
0.0358920
0.0922354
0.1290570
0.1193900
0.0476612
-0.0661481
-0.1682329
-0.2074606
-0.1775409
-0.1222843
-0.0944819
-0.1082146
-0.1335378
-0.1367169
-0.1192193
-0.1126123
-0.1391044
-0.1859805
-0.2221070
-0.2326474
-0.2288380
-0.2257912
-0.2237402
-0.2188787
-0.2220192
-0.2474800
-0.2798674
-0.2704754
-0.1865783
-0.0628356
0.0153972
-0.0068801
-0.0951736
-0.1593919
-0.1484438
-0.1016529
-0.1003606
-0.1759612
-0.2773727
-0.3288940
-0.3071203
-0.2528984
-0.2170045
-0.2097735
-0.2056956
-0.1828682
-0.1457116
-0.1129849
-0.0958670
-0.0918037
-0.0920977
-0.0878239
-0.0706634
-0.0365834
0.0074374
0.0447957
0.0624089
0.0610298
0.0486049
0.0259579
-0.0129514
-0.0644165
-0.1071917
-0.1204788
-0.1085045
-0.0990256
-0.1143553
-0.1491872
-0.1815145
-0.2011571
-0.2190794
-0.2468664
-0.2750926
-0.2809739
-0.2573059
-0.2257652
-0.2161058
-0.2352348
-0.2621181
-0.2721264
-0.2609086
-0.2434298
-0.2352274
-0.2389769
-0.2469386
-0.2513097
-0.2501128
-0.2429806
-0.2190571
-0.1465341
0.0213148
0.3149334
0.7062515
1.0923666
1.3351492
1.3423141
1.1299357
0.8112698
0.5181229
0.3208213
0.2088796
0.1330002
0.0573732
-0.0219125
-0.0917902
-0.1416436
-0.1687819
-0.1754412
-0.1686631
-0.1615911
-0.1671239
-0.1857646
-0.2029768
-0.2042511
-0.1930494
-0.1887325
-0.2037361
-0.2260975
-0.2296052
-0.2018069
-0.1584383
-0.1277611
-0.1222262
-0.1286834
-0.1267431
-0.1127815
-0.1014445
-0.1041098
-0.1118402
-0.1045585
-0.0754784
-0.0408320
-0.0227860
-0.0253135
-0.0303656
-0.0178807
0.0131687
0.0454783
0.0639534
0.0723899
0.0874715
0.1174045
0.1502832
0.1659294
0.1577963
0.1404083
0.1346473
0.1472964
0.1660400
0.1736678
0.1655782
0.1526804
0.1482055
0.1537853
0.1593401
0.1546349
0.1380868
0.1143907
0.0871199
0.0566651
0.0246077
-0.0031308
-0.0197066
-0.0238545
-0.0216979
-0.0210230
-0.0238806
-0.0259459
-0.0235013
-0.0194723
-0.0207319
-0.0296625
-0.0401382
-0.0428015
-0.0340497
-0.0197391
-0.0102638
-0.0113360
-0.0183758
-0.0199485
-0.0082138
0.0127964
0.0296427
0.0316640
0.0218772
0.0154514
0.0257608
0.0509205
0.0751899
0.0853137
0.0846956
0.0887123
0.1055313
0.1250265
0.1301645
0.1185053
0.1082460
0.1200771
0.1538026
0.1856800
0.1908203
0.1679816
0.1407223
0.1334073
0.1470471
0.1595576
0.1484704
0.1114153
0.0649367
0.0266121
0.0007895
-0.0194897
-0.0404746
-0.0606112
-0.0752378
-0.0854627
-0.0990539
-0.1212245
-0.1458984
-0.1584132
-0.1484471
-0.1210413
-0.0948207
-0.0876734
-0.1014876
-0.1200720
-0.1240935
-0.1099873
-0.0932224
-0.0909896
-0.1019299
-0.1039258
-0.0692791
0.0231999
0.1908036
0.4492039
0.7932208
1.1650565
1.4512962
1.5364830
1.3830526
1.0665820
0.7264321
0.4710307
0.3202720
0.2271680
0.1428758
0.0576230
-0.0103398
-0.0489589
-0.0681282
-0.0873938
-0.1172932
-0.1546172
-0.1901911
-0.2163120
-0.2286692
-0.2272311
-0.2179844
-0.2105369
-0.2098615
-0.2104491
-0.2014605
-0.1788562
-0.1510957
-0.1316328
-0.1260397
-0.1270346
-0.1219562
-0.1047495
-0.0807504
-0.0602708
-0.0481128
-0.0395689
-0.0260781
-0.0039083
0.0226861
0.0459045
0.0615274
0.0722090
0.0839981
0.0991520
0.1127217
0.1180357
0.1166286
0.1207233
0.1419302
0.1756316
0.1994333
0.1927404
0.1609302
0.1368856
0.1515913
0.1995486
0.2367171
0.2190062
0.1453714
0.0609327
0.0158692
0.0221498
0.0506752
0.0663122
0.0593109
0.0414743
0.0197603
-0.0146579
-0.0671394
-0.1179036
-0.1329145
-0.1016371
-0.0564634
-0.0432446
-0.0696790
-0.0906451
-0.0536452
0.0400497
0.1251646
0.1282706
0.0347441
-0.0998138
-0.2012618
-0.2357670
-0.2205941
-0.1893894
-0.1591137
-0.1304002
-0.1064458
-0.0979889
-0.1085722
-0.1237875
-0.1224723
-0.0983332
-0.0667165
-0.0488774
-0.0515885
-0.0632915
-0.0680114
-0.0599406
-0.0443866
-0.0278777
-0.0107697
0.0099272
0.0326059
0.0490937
0.0533024
0.0519240
0.0619496
0.0911140
0.1203455
0.1149795
0.0646355
0.0120119
0.0280048
0.1421112
0.2941278
0.3665593
0.2807033
0.0691061
-0.1474023
-0.2581296
-0.2436822
-0.1703306
-0.1182340
-0.1211443
-0.1645483
-0.2199602
-0.2682005
-0.2986023
-0.3056280
-0.2950827
-0.2845055
-0.2853857
-0.2861111
-0.2637373
-0.2173076
-0.1801060
-0.1871048
-0.2309670
-0.2607024
-0.2270202
-0.1184795
0.0550178
0.3004934
0.6343437
1.0211093
1.3368441
1.4299452
1.2441306
0.8810023
0.5264423
0.3049278
0.2027294
0.1258285
0.0160850
-0.1003641
-0.1675740
-0.1756225
-0.1676699
-0.1829110
-0.2143164
-0.2296160
-0.2198019
-0.2103301
-0.2247506
-0.2518845
-0.2591058
-0.2330305
-0.1957593
-0.1785193
-0.1875842
-0.2026575
-0.2042265
-0.1932339
-0.1826909
-0.1785159
-0.1755390
-0.1689425
-0.1610468
-0.1543066
-0.1437647
-0.1229413
-0.0961833
-0.0785095
-0.0789836
-0.0866149
-0.0778776
-0.0401623
0.0140412
0.0576139
0.0723079
0.0614264
0.0423043
0.0305295
0.0320465
0.0460991
0.0700577
0.0991872
0.1244733
0.1355904
0.1289472
0.1119240
0.0963550
0.0866108
0.0756577
0.0547269
0.0261805
0.0040112
-0.0002843
0.0085790
0.0123802
-0.0031196
-0.0344617
-0.0655410
-0.0853719
-0.0979862
-0.1135004
-0.1322834
-0.1425120
-0.1345629
-0.1142247
-0.0973738
-0.0913181
-0.0853727
-0.0639030
-0.0286205
-0.0035696
-0.0130937
-0.0536817
-0.0909398
-0.0888414
-0.0438736
0.0104111
0.0333994
0.0119693
-0.0334376
-0.0731716
-0.0945833
-0.1039054
-0.1077176
-0.1001938
-0.0720020
-0.0279424
0.0111447
0.0270626
0.0223122
0.0161725
0.0232715
0.0392732
0.0491228
0.0467745
0.0429335
0.0523981
0.0763588
0.1000667
0.1079479
0.0986848
0.0842501
0.0759683
0.0740428
0.0703066
0.0579558
0.0365869
0.0099731
-0.0166446
-0.0355108
-0.0364516
-0.0143704
0.0199196
0.0387948
0.0140110
-0.0608507
-0.1624980
-0.2538211
-0.3100816
-0.3322339
-0.3376988
-0.3405975
-0.3410092
-0.3307745
-0.3063953
-0.2748583
-0.2481531
-0.2343330
-0.2340717
-0.2421620
-0.2462399
-0.2204129
-0.1238363
0.0828450
0.4050821
0.7886005
1.1271473
1.3092360
1.2772760
1.0586049
0.7467309
0.4473900
0.2269783
0.0937164
0.0151474
-0.0473953
-0.1121310
-0.1724698
-0.2125780
-0.2269959
-0.2269752
-0.2291577
-0.2394965
-0.2499331
-0.2511231
-0.2459540
-0.2471435
-0.2609711
-0.2767656
-0.2761916
-0.2529032
-0.2199570
-0.1963569
-0.1886047
-0.1881150
-0.1852592
-0.1812254
-0.1835736
-0.1928525
-0.1983787
-0.1888931
-0.1650351
-0.1386917
-0.1204554
-0.1100697
-0.0999293
-0.0858249
-0.0717846
-0.0643234
-0.0637474
-0.0621800
-0.0497634
-0.0227408
0.0132687
0.0467774
0.0678810
0.0743190
0.0716269
0.0674025
0.0651555
0.0638321
0.0628314
0.0654776
0.0753016
0.0889207
0.0954632
0.0859634
0.0631006
0.0387906
0.0206416
0.0030098
-0.0252471
-0.0642920
-0.0984956
-0.1113572
-0.1041851
-0.0961663
-0.1043240
-0.1260782
-0.1448409
-0.1516020
-0.1557788
-0.1717367
-0.1980394
-0.2162481
-0.2117236
-0.1907582
-0.1726991
-0.1674048
-0.1665804
-0.1586956
-0.1463149
-0.1425357
-0.1521483
-0.1637012
-0.1630133
-0.1487402
-0.1283915
-0.1022436
-0.0614936
-0.0068607
0.0388456
0.0480610
0.0201908
-0.0122642
-0.0160617
0.0068989
0.0223572
0.0024320
-0.0444678
-0.0850524
-0.0967444
-0.0852738
-0.0690840
-0.0560089
-0.0411964
-0.0228742
-0.0102061
-0.0124430
-0.0264161
-0.0412478
-0.0542201
-0.0754928
-0.1139954
-0.1624353
-0.2017709
-0.2211536
-0.2292454
-0.2425982
-0.2647121
-0.2811441
-0.2769567
-0.2557749
-0.2375012
-0.2371479
-0.2495728
-0.2572423
-0.2503681
-0.2352395
-0.2232254
-0.2174343
-0.2147781
-0.2181496
-0.2378896
-0.2748441
-0.3022116
-0.2681519
-0.1209061
0.1609653
0.5494528
0.9650364
1.2960677
1.4435506
1.3767108
1.1585509
0.9073469
0.7137370
0.5837481
0.4608401
0.3011323
0.1205604
