-0.0988466
-0.1086957
-0.1219804
-0.1396534
-0.1562617
-0.1660588
-0.1704370
-0.1755472
-0.1835001
-0.1896016
-0.1886137
-0.1808787
-0.1713024
-0.1641485
-0.1597148
-0.1548064
-0.1454509
-0.1295632
-0.1076064
-0.0813450
-0.0531922
-0.0271362
-0.0083484
0.0004594
0.0021750
0.0030329
0.0066547
0.0111800
0.0126158
0.0102351
0.0079371
0.0101164
0.0163494
0.0207682
0.0174817
0.0064605
-0.0070030
-0.0187033
-0.0297430
-0.0433897
-0.0592377
-0.0727461
-0.0807321
-0.0854993
-0.0922013
-0.1026810
-0.1134519
-0.1204928
-0.1249866
-0.1323329
-0.1448415
-0.1572568
-0.1618138
-0.1575283
-0.1521724
-0.1539501
-0.1627275
-0.1711781
-0.1739434
-0.1735305
-0.1762416
-0.1835739
-0.1896516
-0.1877457
-0.1778817
-0.1661724
-0.1568379
-0.1473176
-0.1330649
-0.1157845
-0.1035994
-0.1014575
-0.1030681
-0.0952611
-0.0715071
-0.0398383
-0.0155688
-0.0062367
-0.0057301
-0.0042183
-0.0012264
-0.0048587
-0.0180606
-0.0308774
-0.0309152
-0.0193834
-0.0103527
-0.0120379
-0.0148729
-0.0053470
0.0099633
0.0049239
-0.0326388
-0.0702343
-0.0437749
0.0921052
0.3283434
0.6166082
0.9104733
1.1780778
1.3744551
1.4236019
1.2576165
0.8881238
0.4310325
0.0424887
-0.1834807
-0.2621029
-0.2730933
-0.2793868
-0.2901729
-0.2877611
-0.2684777
-0.2476864
-0.2347816
-0.2197164
-0.1893095
-0.1486826
-0.1181811
-0.1104399
-0.1174010
-0.1221720
-0.1187188
-0.1150169
-0.1187206
-0.1260405
-0.1276608
-0.1219862
-0.1173636
-0.1208387
-0.1288720
-0.1320807
-0.1273827
-0.1218089
-0.1234585
-0.1311517
-0.1353322
-0.1287142
-0.1138589
-0.0992873
-0.0895870
-0.0814369
-0.0694500
-0.0536505
-0.0391123
-0.0287645
-0.0190272
-0.0040931
0.0162812
0.0349248
0.0437105
0.0412731
0.0340436
0.0303839
0.0344977
0.0454669
0.0600517
0.0745514
0.0844701
0.0850976
0.0746710
0.0567005
0.0373649
0.0197452
0.0014943
-0.0207776
-0.0452575
-0.0645777
-0.0725991
-0.0709367
-0.0675096
-0.0684381
-0.0725801
-0.0748937
-0.0738872
-0.0732803
-0.0756995
-0.0772097
-0.0710781
-0.0569865
-0.0435294
-0.0391819
-0.0419580
-0.0413476
-0.0315387
-0.0193797
-0.0150954
-0.0158715
-0.0048350
0.0286989
0.0707570
0.0930434
0.0874023
0.0873816
0.1486486
0.3045990
0.5424369
0.8215623
1.1063672
1.3705310
1.5705207
1.6329900
1.4921237
1.1525625
0.7122062
0.3108439
0.0444698
-0.0804851
-0.1208618
-0.1356361
-0.1494001
-0.1605269
-0.1662324
-0.1717006
-0.1813397
-0.1921493
-0.1992992
-0.2036454
-0.2095520
-0.2172632
-0.2220051
-0.2212603
-0.2192659
-0.2218490
-0.2286957
-0.2337427
-0.2329323
-0.2286064
-0.2249599
-0.2214659
-0.2136702
-0.2002595
-0.1864753
-0.1787635
-0.1773647
-0.1764241
-0.1713198
-0.1635516
-0.1570961
-0.1515633
-0.1414464
-0.1223850
-0.0962548
-0.0689186
-0.0441246
-0.0212822
0.0011911
0.0226791
0.0419617
0.0607557
0.0831510
0.1104987
0.1381174
0.1586323
0.1684730
0.1699315
0.1667888
0.1594603
0.1455781
0.1245403
0.0998887
0.0769455
0.0592123
0.0474885
0.0410360
0.0376809
0.0328148
0.0209134
0.0016227
-0.0130286
0.0032798
0.0837952
0.2529151
0.5069096
0.8000972
1.0487583
1.1607720
1.0820961
0.8319188
0.4977724
0.1885222
-0.0230852
-0.1277626
-0.1624048
-0.1702084
-0.1731965
-0.1729519
-0.1671159
-0.1598601
-0.1582103
-0.1633891
-0.1690282
-0.1676049
-0.1573416
-0.1430070
-0.1313204
-0.1261421
-0.1272022
-0.1320825
-0.1387177
-0.1462220
-0.1540967
-0.1614771
-0.1675774
-0.1726707
-0.1780896
-0.1849519
-0.1930650
-0.2013949
-0.2094826
-0.2177780
-0.2261544
-0.2325166
-0.2338324
-0.2289723
-0.2200072
-0.2100856
-0.2002704
-0.1891962
-0.1758020
-0.1613100
-0.1475669
-0.1337636
-0.1160312
-0.0911038
-0.0601842
-0.0286333
-0.0018075
0.0184148
0.0331469
0.0436740
0.0502015
0.0532250
0.0548290
0.0575953
0.0623580
0.0676737
0.0716238
0.0738002
0.0754778
0.0781592
0.0820062
0.0854015
0.0861983
0.0842665
0.0832316
0.0884549
0.1012480
0.1148843
0.1192859
0.1135565
0.1151475
0.1544653
0.2573576
0.4306404
0.6613754
0.9233917
1.1773119
1.3648498
1.4161438
1.2825208
0.9767323
0.5825951
0.2152246
-0.0424075
-0.1769032
-0.2295925
-0.2503554
-0.2638955
-0.2709728
-0.2694068
-0.2660718
-0.2700635
-0.2812399
-0.2902984
-0.2893871
-0.2797113
-0.2683148
-0.2599991
-0.2544414
-0.2499266
-0.2466447
-0.2449209
-0.2422214
-0.2348297
-0.2229141
-0.2118212
-0.2067564
-0.2071254
-0.2080031
-0.2070663
-0.2078061
-0.2143428
-0.2243536
-0.2297784
-0.2253904
-0.2149790
-0.2073001
-0.2064791
-0.2084085
-0.2070964
-0.2025612
-0.2003835
-0.2039421
-0.2094801
-0.2101231
-0.2034947
-0.1933473
-0.1835668
-0.1726271
-0.1558657
-0.1328480
-0.1102436
-0.0958107
-0.0902387
-0.0868638
-0.0799759
-0.0716735
-0.0687603
-0.0737024
-0.0813479
-0.0855087
-0.0860843
-0.0864120
-0.0844685
-0.0718050
-0.0447177
-0.0134842
0.0061499
0.0128646
0.0255461
0.0621802
0.1134781
0.1461018
0.1399953
0.1221198
0.1566225
0.2963788
0.5424222
0.8473528
1.1496107
1.3970573
1.5428441
1.5391871
1.3583168
1.0285502
0.6410218
0.3048351
0.0834587
-0.0314239
-0.0894314
-0.1307673
-0.1643173
-0.1843896
-0.1944655
-0.2081087
-0.2320555
-0.2579599
-0.2740457
-0.2804288
-0.2882039
-0.3045489
-0.3235248
-0.3335386
-0.3310146
-0.3234253
-0.3195483
-0.3201727
-0.3199163
-0.3159404
-0.3117368
-0.3118632
-0.3151565
-0.3151826
-0.3073225
-0.2940863
-0.2827299
-0.2780227
-0.2777149
-0.2745324
-0.2617132
-0.2367564
-0.2014515
-0.1602786
-0.1193276
-0.0851548
-0.0621504
-0.0496522
-0.0422386
-0.0341403
-0.0236652
-0.0127743
-0.0026451
0.0086810
0.0231217
0.0381310
0.0475992
0.0477125
0.0403664
0.0296331
0.0162103
-0.0022595
-0.0252764
-0.0466311
-0.0598373
-0.0656920
-0.0718972
-0.0843181
-0.1003635
-0.1125062
-0.1171144
-0.1174592
-0.1180273
-0.1185717
-0.1156757
-0.1087659
-0.1017734
-0.0983143
-0.0973500
-0.0952181
-0.0908104
-0.0865260
-0.0839249
-0.0805996
-0.0730559
-0.0619085
-0.0522554
-0.0483634
-0.0491492
-0.0496686
-0.0461508
-0.0384507
-0.0282109
-0.0165237
-0.0041663
0.0071737
0.0154545
0.0198728
0.0206043
0.0167556
0.0061022
-0.0117399
-0.0324733
-0.0493639
-0.0593049
-0.0658406
-0.0751327
-0.0893098
-0.1049306
-0.1178715
-0.1280263
-0.1380217
-0.1483615
-0.1559648
-0.1581430
-0.1565718
-0.1558161
-0.1582213
-0.1617245
-0.1631957
-0.1627146
-0.1632029
-0.1661397
-0.1692011
-0.1689471
-0.1649680
-0.1601460
-0.1570110
-0.1553106
-0.1540423
-0.1548618
-0.1613750
-0.1738211
-0.1851900
-0.1847188
-0.1671086
-0.1385829
-0.1125153
-0.0974936
-0.0893882
-0.0762033
-0.0513678
-0.0210726
0.0033642
0.0200150
0.0397678
0.0719349
0.1076929
0.1238678
0.1086651
0.0835199
0.0950664
0.1825680
0.3534941
0.5888639
0.8625779
1.1429363
1.3734001
1.4680625
1.3516429
1.0219812
0.5743869
0.1534152
-0.1333021
-0.2671449
-0.2995995
-0.2930960
-0.2801384
-0.2657128
-0.2499507
-0.2384718
-0.2355762
-0.2381164
-0.2404556
-0.2417023
-0.2442256
-0.2471032
-0.2458731
-0.2397828
-0.2355771
-0.2408932
-0.2549308
-0.2685982
-0.2743244
-0.2734111
-0.2723838
-0.2739111
-0.2738631
-0.2672002
-0.2543204
-0.2401682
-0.2283075
-0.2177058
-0.2051524
-0.1889225
-0.1690745
-0.1454663
-0.1175405
-0.0865058
-0.0563328
-0.0312188
-0.0120794
0.0036848
0.0187971
0.0331153
0.0444006
0.0516121
0.0567328
0.0631629
0.0726896
0.0843666
0.0962539
0.1078119
0.1201836
0.1340465
0.1474952
0.1565514
0.1581262
0.1524710
0.1424516
0.1302868
0.1151989
0.0945032
0.0668801
0.0342102
0.0002259
-0.0319487
-0.0603473
-0.0828825
-0.0971952
-0.1030301
-0.1043186
-0.1071912
-0.1146243
-0.1232489
-0.1265809
-0.1220604
-0.1144269
-0.1112289
-0.1147353
-0.1189159
-0.1151064
-0.1005804
-0.0809029
-0.0636847
-0.0508643
-0.0380950
-0.0213823
-0.0025321
0.0134248
0.0254417
0.0385181
0.0569555
0.0770742
0.0899778
0.0928514
0.0947811
0.1073730
0.1291126
0.1431781
0.1355375
0.1162245
0.1202219
0.1851464
0.3275762
0.5388842
0.7962006
1.0669721
1.2996416
1.4208181
1.3622814
1.1086819
0.7242564
0.3259994
0.0181103
-0.1604161
-0.2361607
-0.2596046
-0.2649264
-0.2620203
-0.2529544
-0.2446919
-0.2445031
-0.2500088
-0.2507401
-0.2405155
-0.2249669
-0.2147427
-0.2128640
-0.2114701
-0.2012778
-0.1819610
-0.1613974
-0.1455787
-0.1317813
-0.1129542
-0.0875334
-0.0625874
-0.0464518
-0.0396604
-0.0350118
-0.0267286
-0.0177911
-0.0165136
-0.0260792
-0.0393242
-0.0453893
-0.0412140
-0.0349766
-0.0374874
-0.0511346
-0.0685558
-0.0817941
-0.0907576
-0.1013103
-0.1161203
-0.1299260
-0.1350517
-0.1303097
-0.1224505
-0.1186530
-0.1193686
-0.1198430
-0.1174684
-0.1150731
-0.1161338
-0.1188422
-0.1175934
-0.1105402
-0.1033237
-0.1034285
-0.1115940
-0.1209155
-0.1249010
-0.1244824
-0.1251828
-0.1279850
-0.1254893
-0.1086340
-0.0765274
-0.0384052
-0.0060461
0.0149267
0.0271749
0.0380259
0.0553868
0.0849452
0.1268191
0.1727581
0.2093214
0.2290567
0.2421185
0.2769633
0.3670839
0.5324531
0.7665768
1.0327438
1.2680704
1.3971139
1.3586401
1.1388567
0.7894499
0.4099177
0.0985706
-0.0954717
-0.1852027
-0.2184271
-0.2373343
-0.2573054
-0.2740146
-0.2821772
-0.2850873
-0.2898617
-0.2988052
-0.3078250
-0.3122345
-0.3122480
-0.3122787
-0.3155473
-0.3200624
-0.3200341
-0.3111406
-0.2943577
-0.2746561
-0.2561783
-0.2391809
-0.2219373
-0.2049121
-0.1915455
-0.1838745
-0.1778566
-0.1646548
-0.1379500
-0.1002922
-0.0618173
-0.0323660
-0.0146959
-0.0048422
0.0020400
0.0071245
0.0088011
0.0066073
0.0029442
0.0007169
0.0001150
-0.0013758
-0.0056134
-0.0110584
-0.0141211
-0.0134386
-0.0122716
-0.0158992
-0.0264460
-0.0408132
-0.0541887
-0.0652167
-0.0768405
-0.0919597
-0.1094539
-0.1257182
-0.1396822
-0.1543305
-0.1719401
-0.1888364
-0.1971473
-0.1926735
-0.1797811
-0.1671605
-0.1592753
-0.1534223
-0.1449246
-0.1329002
-0.1194560
-0.1047843
-0.0857812
-0.0596868
-0.0265711
0.0129329
0.0594123
0.1103115
0.1546135
0.1780908
0.1796910
0.1827951
0.2259811
0.3393738
0.5287525
0.7784259
1.0593147
1.3249493
1.5031182
1.5109123
1.3022586
0.9143828
0.4646185
0.0877407
-0.1396678
-0.2278328
-0.2398539
-0.2345561
-0.2357946
-0.2411985
-0.2453174
-0.2498863
-0.2584937
-0.2701415
-0.2805927
-0.2870314
-0.2892043
-0.2876855
-0.2836561
-0.2801743
-0.2811084
-0.2873236
-0.2948665
-0.2983193
-0.2957959
-0.2896393
-0.2823244
-0.2730346
-0.2589894
-0.2391939
-0.2156436
-0.1911556
-0.1675461
-0.1465131
-0.1308006
-0.1223600
-0.1189300
-0.1141133
-0.1027579
-0.0865813
-0.0733442
-0.0695255
-0.0740045
-0.0795393
-0.0802127
-0.0764449
-0.0723527
-0.0693275
-0.0638706
-0.0521918
-0.0357107
-0.0205667
-0.0116413
-0.0082987
-0.0068559
-0.0064661
-0.0109248
-0.0240062
-0.0439747
-0.0640244
-0.0783771
-0.0872655
-0.0956204
-0.1074573
-0.1220754
-0.1352720
-0.1433645
-0.1459833
-0.1458514
-0.1463632
-0.1487333
-0.1507123
-0.1484369
-0.1403670
-0.1289185
-0.1165650
-0.1002727
-0.0729146
-0.0335489
0.0049775
0.0249163
0.0256889
0.0366382
0.1024980
0.2518368
0.4787184
0.7530768
1.0414203
1.3091056
1.5043507
1.5566075
1.4124777
1.0858380
0.6702977
0.2911128
0.0328117
-0.0970381
-0.1446370
-0.1599366
-0.1675273
-0.1722895
-0.1764723
-0.1841794
-0.1950615
-0.2032785
-0.2057719
-0.2077019
-0.2163409
-0.2313398
-0.2447024
-0.2506211
-0.2521033
-0.2558980
-0.2628863
-0.2667633
-0.2625736
-0.2538454
-0.2491848
-0.2527602
-0.2603926
-0.2653052
-0.2655077
-0.2636170
-0.2603560
-0.2512254
-0.2314956
-0.2035194
-0.1766640
-0.1587324
-0.1482086
-0.1362530
-0.1163834
-0.0910942
-0.0683426
-0.0523917
-0.0395244
-0.0230274
-0.0011694
0.0209670
0.0372419
0.0465284
0.0521808
0.0563385
0.0565455
0.0489179
0.0338650
0.0171288
0.0043806
-0.0047086
-0.0160979
-0.0347954
-0.0591113
-0.0819592
-0.0977443
-0.1073469
-0.1159743
-0.1266126
-0.1365867
-0.1410307
-0.1391158
-0.1357090
-0.1364064
-0.1416058
-0.1464888
-0.1468793
-0.1439172
-0.1418113
-0.1414116
-0.1379117
-0.1264062
-0.1091051
-0.0947547
-0.0892855
-0.0878457
-0.0785636
-0.0556311
-0.0273275
-0.0080433
-0.0002440
0.0155729
0.0718220
0.1937220
0.3861997
0.6356253
0.9165673
1.1908309
1.4019888
1.4829892
1.3860669
1.1182624
0.7509943
0.3884968
0.1146158
-0.0434925
-0.1116227
-0.1354705
-0.1486874
-0.1629060
-0.1767436
-0.1875542
-0.1954405
-0.2014760
-0.2064844
-0.2119251
-0.2199244
-0.2311762
-0.2434340
-0.2531530
-0.2587201
-0.2614727
-0.2634641
-0.2649535
-0.2646274
-0.2618101
-0.2575043
-0.2530689
-0.2487465
-0.2443153
-0.2407884
-0.2401138
-0.2423981
-0.2441350
-0.2406393
-0.2308431
-0.2189330
-0.2102456
-0.2055829
-0.2004564
-0.1902742
-0.1753818
-0.1599034
-0.1458321
-0.1297572
-0.1065167
-0.0755084
-0.0419232
-0.0112915
0.0159987
0.0434919
0.0724324
0.0985842
0.1164308
0.1256801
0.1317139
0.1388031
0.1439265
0.1387758
0.1181151
0.0852787
0.0489412
0.0152452
-0.0158295
-0.0466088
-0.0760903
-0.0998658
-0.1156220
-0.1270251
-0.1404580
-0.1577870
-0.1737070
-0.1814452
-0.1807144
-0.1784927
-0.1811575
-0.1870039
-0.1883798
-0.1813001
-0.1708145
-0.1651428
-0.1657887
-0.1664998
-0.1625605
-0.1574646
-0.1565561
-0.1554812
-0.1411754
-0.1084096
-0.0719950
-0.0548982
-0.0603111
-0.0582553
-0.0039876
0.1301628
0.3417850
0.6104729
0.9092688
1.1952357
1.3962491
1.4291264
1.2524387
0.9097911
0.5160028
0.1901933
-0.0088003
-0.0943056
-0.1139783
-0.1069861
-0.0912251
-0.0755740
-0.0705002
-0.0841243
-0.1140832
-0.1489160
-0.1779785
-0.1985867
-0.2143391
-0.2291229
-0.2437756
-0.2569346
-0.2672140
-0.2744658
-0.2799175
-0.2853328
-0.2913769
-0.2965212
-0.2981340
-0.2951811
-0.2896090
-0.2845870
-0.2815103
-0.2792566
-0.2763947
-0.2733384
-0.2715469
-0.2706648
-0.2672851
-0.2573670
-0.2401250
-0.2192489
-0.1999147
-0.1844588
-0.1709787
-0.1558391
-0.1367574
-0.1129156
-0.0828101
-0.0439157
0.0041177
0.0565166
0.1054962
0.1462498
0.1798894
0.2093845
0.2336925
0.2485092
0.2536141
0.2567679
0.2668473
0.2829466
0.2935951
0.2892783
0.2741332
0.2617325
0.2589137
0.2577906
0.2477793
0.2351472
0.2471334
