-0.1385575
-0.1412265
-0.1100878
-0.0838743
-0.0757584
-0.0693137
-0.0569343
-0.0479341
-0.0441920
-0.0377192
-0.0314493
-0.0380586
-0.0579033
-0.0782614
-0.0943552
-0.1135365
-0.1389727
-0.1649075
-0.1878533
-0.2088804
-0.2256179
-0.2342490
-0.2384652
-0.2456512
-0.2554795
-0.2615867
-0.2624670
-0.2621629
-0.2625327
-0.2623574
-0.2612483
-0.2578900
-0.2482821
-0.2322944
-0.2178959
-0.2122819
-0.2123252
-0.2094677
-0.2003299
-0.1873391
-0.1728292
-0.1577167
-0.1428870
-0.1277864
-0.1104459
-0.0913419
-0.0734508
-0.0567115
-0.0374757
-0.0158664
0.0014792
0.0092329
0.0100635
0.0108123
0.0147219
0.0186048
0.0151914
-0.0009551
-0.0260011
-0.0468293
-0.0540346
-0.0538524
-0.0600166
-0.0732665
-0.0775113
-0.0615886
-0.0397915
-0.0422238
-0.0800450
-0.1202126
-0.0987401
0.0346827
0.2815846
0.6022993
0.9500323
1.2826372
1.5382551
1.6229975
1.4575522
1.0543015
0.5422736
0.0985203
-0.1622717
-0.2458113
-0.2401256
-0.2264120
-0.2238520
-0.2085743
-0.1675823
-0.1211336
-0.0966581
-0.0965316
-0.0997024
-0.0885665
-0.0659730
-0.0472386
-0.0417671
-0.0445324
-0.0434942
-0.0334564
-0.0214336
-0.0179073
-0.0247118
-0.0341062
-0.0388388
-0.0398807
-0.0438033
-0.0546782
-0.0688628
-0.0767233
-0.0708767
-0.0547956
-0.0415913
-0.0411028
-0.0489575
-0.0515050
-0.0413087
-0.0248024
-0.0141088
-0.0133208
-0.0137576
-0.0024736
0.0240442
0.0546085
0.0734764
0.0765128
0.0752865
0.0840231
0.1047331
0.1269723
0.1404030
0.1454332
0.1522605
0.1705689
0.1991304
0.2248085
0.2332125
0.2213782
0.1993358
0.1794973
0.1661684
0.1551068
0.1405403
0.1213891
0.1021770
0.0887212
0.0819699
0.0760281
0.0635131
0.0427565
0.0185414
-0.0036430
-0.0222866
-0.0391727
-0.0559525
-0.0717732
-0.0835909
-0.0894832
-0.0924257
-0.0992064
-0.1136292
-0.1316541
-0.1452716
-0.1508558
-0.1521214
-0.1551160
-0.1616734
-0.1678923
-0.1685060
-0.1629515
-0.1569030
-0.1565806
-0.1615947
-0.1653493
-0.1630580
-0.1572311
-0.1539667
-0.1554619
-0.1576841
-0.1544668
-0.1428092
-0.1249660
-0.1062953
-0.0906608
-0.0774938
-0.0634874
-0.0466777
-0.0282192
-0.0111384
0.0012638
0.0067578
0.0060712
0.0030667
0.0008500
-0.0023713
-0.0114076
-0.0274815
-0.0452646
-0.0576382
-0.0626508
-0.0648475
-0.0696917
-0.0770948
-0.0811804
-0.0768986
-0.0657105
-0.0530530
-0.0415553
-0.0307510
-0.0239094
-0.0289668
-0.0459494
-0.0531501
-0.0104861
0.1192802
0.3493873
0.6625505
1.0157871
1.3454615
1.5724305
1.6201138
1.4509696
1.1006891
0.6752037
0.2997779
0.0543212
-0.0552387
-0.0738843
-0.0532136
-0.0249456
-0.0016793
0.0126015
0.0180500
0.0192132
0.0217221
0.0255042
0.0234083
0.0095129
-0.0119319
-0.0294577
-0.0375382
-0.0436740
-0.0593691
-0.0855404
-0.1102654
-0.1212983
-0.1185127
-0.1131588
-0.1161817
-0.1279891
-0.1388947
-0.1388559
-0.1268742
-0.1113486
-0.1019623
-0.1016526
-0.1055249
-0.1058867
-0.0983192
-0.0846469
-0.0708197
-0.0607983
-0.0519752
-0.0377753
-0.0153582
0.0105171
0.0323101
0.0477031
0.0619069
0.0819924
0.1089098
0.1348375
0.1490332
0.1476390
0.1380729
0.1329091
0.1387265
0.1505719
0.1566643
0.1484478
0.1275876
0.1045689
0.0896078
0.0831540
0.0753645
0.0562892
0.0267304
-0.0020683
-0.0198306
-0.0276802
-0.0369009
-0.0575237
-0.0882526
-0.1178991
-0.1370311
-0.1475484
-0.1595917
-0.1793756
-0.2020327
-0.2171560
-0.2197246
-0.2142970
-0.2096159
-0.2107082
-0.2159359
-0.2203065
-0.2209712
-0.2196324
-0.2198741
-0.2226173
-0.2245876
-0.2209190
-0.2088756
-0.1897698
-0.1683175
-0.1497106
-0.1359010
-0.1242909
-0.1105382
-0.0925379
-0.0713660
-0.0493438
-0.0286237
-0.0112765
0.0010364
0.0081083
0.0109030
0.0096027
0.0026449
-0.0113481
-0.0305499
-0.0496884
-0.0642057
-0.0751367
-0.0880676
-0.1049204
-0.1177619
-0.1152519
-0.0979404
-0.0840461
-0.0938243
-0.1244061
-0.1404322
-0.0919735
0.0548569
0.2992149
0.6083062
0.9297897
1.1990303
1.3440653
1.3043301
1.0653896
0.6837667
0.2709481
-0.0618456
-0.2586786
-0.3330158
-0.3369718
-0.3177284
-0.2954160
-0.2700012
-0.2391061
-0.2064924
-0.1778137
-0.1544677
-0.1340315
-0.1145717
-0.0962627
-0.0797060
-0.0648476
-0.0516427
-0.0402598
-0.0301798
-0.0200444
-0.0090433
0.0016272
0.0087460
0.0087656
0.0004635
-0.0133934
-0.0274694
-0.0377489
-0.0441787
-0.0493552
-0.0548274
-0.0588441
-0.0576339
-0.0491625
-0.0360926
-0.0246318
-0.0193756
-0.0190475
-0.0180610
-0.0124496
-0.0035648
0.0041738
0.0083567
0.0111120
0.0171566
0.0294666
0.0461549
0.0612259
0.0688303
0.0673205
0.0595735
0.0499730
0.0412947
0.0336711
0.0256219
0.0163699
0.0080165
0.0052605
0.0118096
0.0262573
0.0415216
0.0489042
0.0438118
0.0287575
0.0109678
-0.0038956
-0.0161515
-0.0297526
-0.0456276
-0.0589668
-0.0644292
-0.0632587
-0.0634705
-0.0723896
-0.0896659
-0.1082050
-0.1217794
-0.1310921
-0.1419319
-0.1578202
-0.1757296
-0.1896000
-0.1969013
-0.2003802
-0.2040145
-0.2091237
-0.2147152
-0.2198939
-0.2247154
-0.2293918
-0.2338282
-0.2379767
-0.2419431
-0.2453236
-0.2466254
-0.2440265
-0.2374167
-0.2295518
-0.2241621
-0.2222991
-0.2210289
-0.2161546
-0.2057018
-0.1904097
-0.1717733
-0.1507117
-0.1278592
-0.1041462
-0.0809049
-0.0598622
-0.0429835
-0.0317444
-0.0261939
-0.0247187
-0.0248800
-0.0248951
-0.0247165
-0.0255719
-0.0282587
-0.0324491
-0.0383248
-0.0481040
-0.0641671
-0.0851738
-0.1054854
-0.1198691
-0.1286871
-0.1375731
-0.1515682
-0.1696582
-0.1852950
-0.1925208
-0.1916075
-0.1884801
-0.1888116
-0.1934278
-0.1995303
-0.2049911
-0.2101430
-0.2160001
-0.2223909
-0.2282260
-0.2325090
-0.2344210
-0.2331170
-0.2284704
-0.2220444
-0.2161762
-0.2108085
-0.2014253
-0.1822541
-0.1533702
-0.1234698
-0.1023914
-0.0898722
-0.0745863
-0.0473012
-0.0137353
0.0102668
0.0197770
0.0367638
0.1025316
0.2513405
0.4878745
0.7845687
1.0929818
1.3535330
1.5011309
1.4799118
1.2724222
0.9231933
0.5283182
0.1890592
-0.0374343
-0.1533089
-0.1960529
-0.2032917
-0.1956762
-0.1818414
-0.1682908
-0.1603888
-0.1579536
-0.1561591
-0.1525477
-0.1505103
-0.1541052
-0.1614601
-0.1660287
-0.1640815
-0.1586836
-0.1555403
-0.1562982
-0.1569363
-0.1520118
-0.1394093
-0.1211957
-0.1012610
-0.0830970
-0.0690633
-0.0597252
-0.0527261
-0.0434376
-0.0286631
-0.0099511
0.0080879
0.0232397
0.0382598
0.0569731
0.0784337
0.0963342
0.1048129
0.1045017
0.1021939
0.1041118
0.1096122
0.1121219
0.1065720
0.0953788
0.0864512
0.0854113
0.0901654
0.0929235
0.0871532
0.0728410
0.0555958
0.0407467
0.0281299
0.0128122
-0.0088801
-0.0344583
-0.0569549
-0.0715278
-0.0800549
-0.0890319
-0.1029548
-0.1197821
-0.1330135
-0.1383143
-0.1377855
-0.1373307
-0.1401437
-0.1434778
-0.1416407
-0.1312204
-0.1133261
-0.0920641
-0.0718239
-0.0552509
-0.0422297
-0.0302535
-0.0166099
-0.0012529
0.0123285
0.0198782
0.0206821
0.0186333
0.0178463
0.0172377
0.0111406
-0.0036227
-0.0226662
-0.0381341
-0.0476517
-0.0568854
-0.0720483
-0.0915157
-0.1071386
-0.1138380
-0.1157180
-0.1211630
-0.1329689
-0.1455859
-0.1522985
-0.1524850
-0.1498756
-0.1459699
-0.1396149
-0.1336060
-0.1363961
-0.1513363
-0.1631826
-0.1381637
-0.0398951
0.1527368
0.4370624
0.7836678
1.1316512
1.3900882
1.4643356
1.3074131
0.9618461
0.5489221
0.2018875
-0.0074710
-0.0908965
-0.1048641
-0.0957825
-0.0781743
-0.0511767
-0.0205289
0.0009666
0.0080407
0.0086769
0.0126475
0.0186033
0.0166224
0.0021404
-0.0173417
-0.0311624
-0.0381029
-0.0468229
-0.0642814
-0.0866840
-0.1032681
-0.1077860
-0.1048008
-0.1048164
-0.1141557
-0.1298136
-0.1434254
-0.1493688
-0.1489150
-0.1472930
-0.1475249
-0.1471381
-0.1404782
-0.1242989
-0.1015090
-0.0793421
-0.0633178
-0.0529727
-0.0439119
-0.0336692
-0.0242674
-0.0183902
-0.0140785
-0.0049433
0.0135286
0.0383374
0.0606405
0.0737454
0.0793154
0.0850083
0.0958951
0.1090715
0.1173826
0.1177439
0.1144084
0.1136405
0.1160858
0.1154219
0.1046838
0.0833020
0.0572597
0.0324654
0.0091552
-0.0160635
-0.0432753
-0.0665809
-0.0798111
-0.0840667
-0.0876850
-0.0980792
-0.1145648
-0.1301016
-0.1395476
-0.1447830
-0.1511304
-0.1598786
-0.1661461
-0.1645433
-0.1555301
-0.1449354
-0.1379081
-0.1348552
-0.1332208
-0.1315301
-0.1307049
-0.1320681
-0.1345293
-0.1328835
-0.1186474
-0.0851440
-0.0356049
0.0130352
0.0390175
0.0354768
0.0254110
0.0556187
0.1709363
0.3888896
0.6926798
1.0391558
1.3655042
1.5916429
1.6355728
1.4525924
1.0760994
0.6183342
0.2159353
-0.0436343
-0.1575606
-0.1818490
-0.1755853
-0.1660962
-0.1548058
-0.1410308
-0.1321752
-0.1350117
-0.1465943
-0.1582957
-0.1658877
-0.1717776
-0.1783009
-0.1829918
-0.1823524
-0.1780762
-0.1765337
-0.1817788
-0.1910449
-0.1984077
-0.2017034
-0.2038141
-0.2071326
-0.2090599
-0.2047340
-0.1932518
-0.1789708
-0.1661874
-0.1542280
-0.1391536
-0.1194570
-0.0980480
-0.0777981
-0.0564393
-0.0279336
0.0104001
0.0533196
0.0916069
0.1203626
0.1420652
0.1612605
0.1780224
0.1883136
0.1901606
0.1872998
0.1855743
0.1865992
0.1863972
0.1804386
0.1688173
0.1554078
0.1424406
0.1276204
0.1075294
0.0828206
0.0582683
0.0373760
0.0183220
-0.0036034
-0.0299896
-0.0569963
-0.0795670
-0.0972765
-0.1148429
-0.1363037
-0.1593927
-0.1770528
-0.1849943
-0.1866458
-0.1892659
-0.1953979
-0.1998311
-0.1960056
-0.1844203
-0.1727919
-0.1671902
-0.1643050
-0.1543369
-0.1318590
-0.1022835
-0.0763208
-0.0590277
-0.0464255
-0.0329686
-0.0195521
-0.0117169
-0.0110384
-0.0117317
-0.0075185
-0.0000979
0.0019937
-0.0066352
-0.0215860
-0.0337845
-0.0401591
-0.0464818
-0.0587186
-0.0739689
-0.0828514
-0.0806704
-0.0734333
-0.0712402
-0.0772675
-0.0855779
-0.0895935
-0.0901550
-0.0934315
-0.1020538
-0.1111123
-0.1141484
-0.1114581
-0.1101153
-0.1157222
-0.1263478
-0.1359604
-0.1422269
-0.1482549
-0.1563637
-0.1627348
-0.1606586
-0.1487420
-0.1336023
-0.1230594
-0.1177305
-0.1113478
-0.0995644
-0.0861814
-0.0785146
-0.0773193
-0.0742567
-0.0611249
-0.0403602
-0.0240124
-0.0217027
-0.0309942
-0.0408410
-0.0438250
-0.0431956
-0.0471575
-0.0576870
-0.0672242
-0.0670405
-0.0572778
-0.0469197
-0.0440432
-0.0479087
-0.0516564
-0.0516092
-0.0517618
-0.0581755
-0.0700633
-0.0784655
-0.0749346
-0.0610014
-0.0476161
-0.0445518
-0.0510350
-0.0576764
-0.0572539
-0.0522260
-0.0508315
-0.0565192
-0.0628482
-0.0598879
-0.0452038
-0.0269921
-0.0153866
-0.0115726
-0.0074770
0.0031139
0.0149482
0.0152957
-0.0018606
-0.0272907
-0.0441150
-0.0442156
-0.0359459
-0.0348638
-0.0478369
-0.0678122
-0.0838679
-0.0937289
-0.1041964
-0.1203133
-0.1374363
-0.1458785
-0.1420326
-0.1324758
-0.1265786
-0.1267178
-0.1272794
-0.1227938
-0.1150507
-0.1108056
-0.1130715
-0.1165544
-0.1128628
-0.0995378
-0.0822569
-0.0673901
-0.0537465
-0.0342745
-0.0072472
0.0164217
0.0221244
0.0121816
0.0174777
0.0842056
0.2440001
0.4936596
0.8004328
1.1209576
1.4098112
1.6129730
1.6682309
1.5322276
1.2200966
0.8174818
0.4419059
0.1782006
0.0402229
-0.0131886
-0.0308343
-0.0366701
-0.0336964
-0.0252377
-0.0233667
-0.0379281
-0.0648019
-0.0900845
-0.1051402
-0.1145182
-0.1283429
-0.1490957
-0.1680842
-0.1749259
-0.1690120
-0.1606157
-0.1608593
-0.1710885
-0.1822723
-0.1847449
-0.1782496
-0.1718189
-0.1734032
-0.1803644
-0.1816967
-0.1700377
-0.1499204
-0.1323753
-0.1217995
-0.1105279
-0.0879163
-0.0536651
-0.0197902
0.0014262
0.0100555
0.0177280
0.0348803
0.0607065
0.0863757
0.1063278
0.1239557
0.1458739
0.1726704
0.1972893
0.2124308
0.2179807
0.2201063
0.2235275
0.2260070
0.2212168
0.2064621
0.1862001
0.1671190
0.1502897
0.1294332
0.0975520
0.0547994
0.0090784
-0.0311307
-0.0638833
-0.0934123
-0.1232968
-0.1511312
-0.1706331
-0.1786621
-0.1793454
-0.1809949
-0.1892643
-0.2033256
-0.2179754
-0.2285751
-0.2337738
-0.2340739
-0.2287994
-0.2155997
-0.1937381
-0.1676671
-0.1458338
-0.1339763
-0.1287196
-0.1187454
-0.0942096
-0.0562809
-0.0172058
0.0100224
0.0226641
0.0290167
0.0385019
0.0517693
0.0611589
0.0602392
0.0513141
0.0426609
0.0391344
0.0370771
0.0292898
0.0143001
-0.0007786
-0.0074033
-0.0050547
-0.0023963
-0.0086262
-0.0244963
-0.0428440
-0.0576730
-0.0711809
-0.0906681
-0.1189718
-0.1495218
-0.1719071
-0.1819935
-0.1855773
-0.1918907
-0.2044919
-0.2193985
-0.2315195
-0.2410799
-0.2525085
-0.2676068
-0.2815439
-0.2868817
-0.2816081
-0.2723067
-0.2682753
-0.2717682
-0.2740628
-0.2619509
-0.2292473
-0.1827507
-0.1370312
-0.1028547
-0.0799438
-0.0604240
-0.0388932
-0.0187486
-0.0085152
-0.0123752
-0.0250937
-0.0366468
-0.0413714
-0.0418688
-0.0440985
-0.0498434
-0.0550637
-0.0554007
-0.0519016
-0.0501954
-0.0542923
-0.0624533
-0.0699042
-0.0748775
-0.0805403
-0.0904809
-0.1033308
-0.1132623
-0.1162177
-0.1149858
-0.1173711
-0.1292041
-0.1493751
-0.1717411
-0.1914903
-0.2091606
-0.2283949
-0.2503431
-0.2711080
-0.2852554
-0.2917993
-0.2960834
-0.3047650
-0.3181718
-0.3277362
-0.3221071
-0.2971097
-0.2601383
-0.2241625
-0.1966300
-0.1740230
-0.1474812
-0.1136463
-0.0793477
-0.0551015
-0.0443427
-0.0401413
-0.0331751
-0.0221727
-0.0148905
-0.0182042
-0.0286569
-0.0348582
-0.0296002
-0.0178694
-0.0112655
-0.0151829
-0.0236687
-0.0275007
-0.0249926
-0.0222959
-0.0239756
-0.0271317
-0.0266754
-0.0232603
-0.0215146
-0.0210457
-0.0153860
-0.0042049
-0.0024120
-0.0273441
-0.0711420
-0.0892412
-0.0239968
0.1556088
0.4357408
0.7729132
1.1160800
1.4075223
1.5725930
1.5345697
1.2646062
0.8252025
0.3546027
-0.0088123
-0.2024465
-0.2544553
-0.2357105
-0.2014368
-0.1705868
-0.1425463
-0.1174606
-0.0984141
-0.0841591
-0.0694833
-0.0531587
-0.0402983
-0.0347955
-0.0328464
-0.0273030
-0.0170929
-0.0086358
-0.0072114
-0.0099832
-0.0100261
-0.0058363
-0.0036010
-0.0092906
-0.0210263
-0.0316391
-0.0380121
-0.0451739
-0.0599431
-0.0820580
-0.1036100
-0.1172242
-0.1230907
-0.1269845
-0.1324930
-0.1370525
-0.1360117
-0.1290656
-0.1209814
-0.1159031
-0.1124281
-0.1056205
-0.0935445
-0.0800961
-0.0700260
-0.0616216
-0.0462868
-0.0170934
0.0222747
0.0585594
0.0801160
0.0869126
