-0.1913389
-0.2079018
-0.2036921
-0.1769979
-0.1429008
-0.1191254
-0.1107010
-0.1095433
-0.1068903
-0.1030133
-0.1042639
-0.1129397
-0.1224504
-0.1230678
-0.1117973
-0.0959174
-0.0865103
-0.0884190
-0.0964674
-0.1013668
-0.0990667
-0.0940826
-0.0936497
-0.0990012
-0.1031409
-0.0978929
-0.0831183
-0.0680581
-0.0625751
-0.0670501
-0.0718227
-0.0672090
-0.0535671
-0.0405775
-0.0365651
-0.0394965
-0.0392558
-0.0283776
-0.0095043
0.0079988
0.0177916
0.0218847
0.0266141
0.0349593
0.0441511
0.0505238
0.0551266
0.0633116
0.0789242
0.0998556
0.1199139
0.1348686
0.1461944
0.1588417
0.1757592
0.1950077
0.2122119
0.2254262
0.2371853
0.2517056
0.2703467
0.2901609
0.3069648
0.3195134
0.3302359
0.3418353
0.3536921
0.3622359
0.3648819
0.3629000
0.3596659
0.3560946
0.3485307
0.3318096
0.3043794
0.2699726
0.2341492
0.1997081
0.1659752
0.1322500
0.1008226
0.0756287
0.0579607
0.0443910
0.0297665
0.0123678
-0.0043623
-0.0155784
-0.0203972
-0.0231225
-0.0288989
-0.0383052
-0.0466377
-0.0487874
-0.0447340
-0.0399565
-0.0403350
-0.0468432
-0.0554155
-0.0617198
-0.0653450
-0.0688946
-0.0735328
-0.0766853
-0.0749391
-0.0687501
-0.0630581
-0.0625840
-0.0670400
-0.0718766
-0.0737571
-0.0743071
-0.0777332
-0.0852846
-0.0933128
-0.0972628
-0.0967564
-0.0957526
-0.0978488
-0.1024968
-0.1063858
-0.1077894
-0.1084074
-0.1108138
-0.1150779
-0.1187061
-0.1196347
-0.1184849
-0.1176810
-0.1188965
-0.1217303
-0.1245371
-0.1260672
-0.1264675
-0.1272449
-0.1302171
-0.1356324
-0.1407014
-0.1406600
-0.1328012
-0.1202325
-0.1108003
-0.1106701
-0.1180866
-0.1238922
-0.1191593
-0.1028753
-0.0822093
-0.0653240
-0.0541129
-0.0437605
-0.0285254
-0.0070834
0.0175269
0.0415680
0.0624904
0.0771503
0.0802207
0.0670785
0.0395045
0.0074987
-0.0166756
-0.0276656
-0.0304578
-0.0345304
-0.0449409
-0.0595466
-0.0742624
-0.0891732
-0.1080383
-0.1322173
-0.1568611
-0.1743151
-0.1810267
-0.1803780
-0.1788584
-0.1802195
-0.1834355
-0.1853385
-0.1843443
-0.1819302
-0.1812962
-0.1843932
-0.1891783
-0.1896531
-0.1802467
-0.1617230
-0.1419763
-0.1286850
-0.1207570
-0.1098256
-0.0926826
-0.0797344
-0.0841186
-0.0971771
-0.0767684
0.0320319
0.2567986
0.5742449
0.9243787
1.2447333
1.4889642
1.6182356
1.5910199
1.3804273
1.0109714
0.5728467
0.1852100
-0.0695340
-0.1858036
-0.2170164
-0.2217767
-0.2249609
-0.2214199
-0.2045032
-0.1829113
-0.1714922
-0.1734786
-0.1775675
-0.1719371
-0.1574130
-0.1453713
-0.1448062
-0.1538356
-0.1634258
-0.1669656
-0.1649713
-0.1618942
-0.1605712
-0.1602289
-0.1584343
-0.1537399
-0.1468134
-0.1400928
-0.1364252
-0.1369548
-0.1395996
-0.1402307
-0.1365194
-0.1307845
-0.1279714
-0.1298626
-0.1316406
-0.1254863
-0.1084902
-0.0867650
-0.0708113
-0.0661222
-0.0682656
-0.0674489
-0.0580586
-0.0436281
-0.0323197
-0.0276709
-0.0242837
-0.0131697
0.0085831
0.0339831
0.0525326
0.0604706
0.0641571
0.0730591
0.0900119
0.1093032
0.1242561
0.1352970
0.1491958
0.1705794
0.1958029
0.2164116
0.2282335
0.2357277
0.2467969
0.2640506
0.2821241
0.2935598
0.2964963
0.2960982
0.2988230
0.3058275
0.3118300
0.3097213
0.2960030
0.2723701
0.2430299
0.2109863
0.1766274
0.1393062
0.0999233
0.0618838
0.0293995
0.0045183
-0.0144694
-0.0315870
-0.0496409
-0.0676489
-0.0818139
-0.0895646
-0.0929819
-0.0978211
-0.1082091
-0.1217940
-0.1307148
-0.1285966
-0.1173211
-0.1065055
-0.1053522
-0.1144724
-0.1258335
-0.1308861
-0.1285169
-0.1248632
-0.1258478
-0.1308432
-0.1340234
-0.1312312
-0.1245080
-0.1196901
-0.1202961
-0.1244714
-0.1277681
-0.1281903
-0.1280799
-0.1312299
-0.1384455
-0.1459278
-0.1479761
-0.1417087
-0.1298859
-0.1193894
-0.1162867
-0.1212859
-0.1294116
-0.1343720
-0.1338877
-0.1311516
-0.1311108
-0.1352641
-0.1401432
-0.1409237
-0.1364358
-0.1305141
-0.1284099
-0.1319210
-0.1379936
-0.1419626
-0.1420759
-0.1408886
-0.1422947
-0.1471588
-0.1517740
-0.1506353
-0.1409458
-0.1247044
-0.1066347
-0.0902253
-0.0757799
-0.0619585
-0.0484160
-0.0360638
-0.0245439
-0.0103868
0.0106227
0.0378657
0.0626457
0.0720585
0.0583580
0.0260803
-0.0100747
-0.0357228
-0.0468629
-0.0508024
-0.0576850
-0.0711422
-0.0868558
-0.0993431
-0.1089507
-0.1215018
-0.1413851
-0.1658734
-0.1867958
-0.1977715
-0.1997344
-0.1996484
-0.2040099
-0.2131462
-0.2210911
-0.2209722
-0.2113698
-0.1980517
-0.1889804
-0.1867114
-0.1858588
-0.1791145
-0.1658209
-0.1527998
-0.1452965
-0.1389186
-0.1245540
-0.1025462
-0.0873118
-0.0905436
-0.0967113
-0.0592641
0.0716511
0.3125793
0.6345160
0.9820456
1.2983212
1.5308768
1.6252797
1.5346384
1.2529660
0.8421276
0.4152699
0.0786933
-0.1225010
-0.2113582
-0.2403554
-0.2480575
-0.2461264
-0.2341166
-0.2152537
-0.1968462
-0.1828215
-0.1723223
-0.1650109
-0.1632328
-0.1673497
-0.1720714
-0.1709190
-0.1641290
-0.1592787
-0.1625335
-0.1705943
-0.1733080
-0.1644185
-0.1483952
-0.1358989
-0.1332287
-0.1371569
-0.1398196
-0.1373544
-0.1328962
-0.1316063
-0.1340176
-0.1350470
-0.1293690
-0.1171307
-0.1040533
-0.0960773
-0.0941485
-0.0941015
-0.0911545
-0.0842161
-0.0761064
-0.0701926
-0.0669870
-0.0635025
-0.0554141
-0.0402332
-0.0194957
0.0015404
0.0171137
0.0253931
0.0304467
0.0391135
0.0547630
0.0738809
0.0895622
0.0989869
0.1070862
0.1219632
0.1463712
0.1741965
0.1959226
0.2075995
0.2141652
0.2239510
0.2402481
0.2584170
0.2710177
0.2755040
0.2769549
0.2833870
0.2980531
0.3156516
0.3258373
0.3211322
0.3025119
0.2778254
0.2544672
0.2330540
0.2080844
0.1748738
0.1357123
0.0988239
0.0710384
0.0516098
0.0334027
0.0100884
-0.0178477
-0.0437957
-0.0611530
-0.0689714
-0.0724560
-0.0784498
-0.0897847
-0.1028504
-0.1104226
-0.1080026
-0.0986404
-0.0913996
-0.0937074
-0.1042350
-0.1137701
-0.1141899
-0.1067899
-0.1009363
-0.1039409
-0.1129078
-0.1176581
-0.1118039
-0.0998937
-0.0927872
-0.0963950
-0.1060171
-0.1119791
-0.1098616
-0.1042647
-0.1028849
-0.1081648
-0.1153906
-0.1182395
-0.1150495
-0.1095499
-0.1065041
-0.1075157
-0.1107415
-0.1135819
-0.1151025
-0.1163714
-0.1192160
-0.1246338
-0.1316822
-0.1375018
-0.1389608
-0.1352367
-0.1291548
-0.1254549
-0.1269467
-0.1320465
-0.1363146
-0.1367164
-0.1344600
-0.1336235
-0.1370203
-0.1433793
-0.1483794
-0.1482829
-0.1428033
-0.1350596
-0.1291610
-0.1274624
-0.1291368
-0.1306213
-0.1276781
-0.1181034
-0.1033864
-0.0877422
-0.0747442
-0.0641560
-0.0519730
-0.0340369
-0.0101402
0.0150964
0.0352046
0.0456813
0.0452675
0.0345179
0.0144620
-0.0125316
-0.0410470
-0.0634171
-0.0741197
-0.0744804
-0.0728037
-0.0786611
-0.0957676
-0.1198184
-0.1432644
-0.1622050
-0.1783962
-0.1946246
-0.2091561
-0.2162548
-0.2127694
-0.2031242
-0.1961165
-0.1963617
-0.2000595
-0.2001222
-0.1945320
-0.1878723
-0.1846497
-0.1834186
-0.1791466
-0.1697250
-0.1570295
-0.1417162
-0.1216052
-0.0990380
-0.0867642
-0.0977157
-0.1225784
-0.1197697
-0.0357423
0.1583595
0.4476984
0.7875346
1.1280206
1.4196587
1.6013225
1.6042009
1.3907255
0.9995084
0.5450098
0.1580699
-0.0868113
-0.1968733
-0.2260314
-0.2223335
-0.2060039
-0.1828375
-0.1614434
-0.1514571
-0.1524067
-0.1542717
-0.1506772
-0.1462555
-0.1480591
-0.1536260
-0.1529818
-0.1423228
-0.1305934
-0.1292735
-0.1381099
-0.1452665
-0.1418732
-0.1325239
-0.1286675
-0.1336857
-0.1386468
-0.1337718
-0.1208157
-0.1107989
-0.1101669
-0.1128358
-0.1080743
-0.0945152
-0.0829690
-0.0841491
-0.0955243
-0.1027717
-0.0945053
-0.0738867
-0.0545645
-0.0461635
-0.0456401
-0.0431069
-0.0339591
-0.0228616
-0.0159116
-0.0116216
-0.0022190
0.0163694
0.0384017
0.0540868
0.0607699
0.0662122
0.0797826
0.1017074
0.1229392
0.1358070
0.1430481
0.1548280
0.1773362
0.2060149
0.2306693
0.2459826
0.2554712
0.2654589
0.2773583
0.2875579
0.2940776
0.3007441
0.3130852
0.3307933
0.3461596
0.3507960
0.3430511
0.3278774
0.3100616
0.2893169
0.2627028
0.2304367
0.1972610
0.1676569
0.1411759
0.1138671
0.0838876
0.0541784
0.0290564
0.0093396
-0.0078085
-0.0244483
-0.0388154
-0.0475831
-0.0504188
-0.0510051
-0.0533356
-0.0579567
-0.0625278
-0.0654482
-0.0677278
-0.0710028
-0.0746902
-0.0761997
-0.0740506
-0.0700421
-0.0677935
-0.0692760
-0.0731505
-0.0765264
-0.0780526
-0.0791201
-0.0821499
-0.0877969
-0.0937562
-0.0963368
-0.0935937
-0.0873702
-0.0822450
-0.0819339
-0.0862528
-0.0916432
-0.0948966
-0.0961954
-0.0980686
-0.1014630
-0.1037987
-0.1018360
-0.0962437
-0.0920441
-0.0935717
-0.0994036
-0.1034952
-0.1018395
-0.0972214
-0.0963473
-0.1022530
-0.1104999
-0.1135917
-0.1088680
-0.1012859
-0.0982130
-0.1020004
-0.1081843
-0.1108225
-0.1089525
-0.1073323
-0.1108641
-0.1186472
-0.1239692
-0.1206083
-0.1094367
-0.0985778
-0.0962016
-0.1022651
-0.1072673
-0.1000856
-0.0782609
-0.0510314
-0.0316625
-0.0257419
-0.0262591
-0.0200162
0.0007514
0.0321414
0.0624338
0.0810384
0.0840352
0.0730720
0.0515414
0.0231586
-0.0067707
-0.0311941
-0.0445211
-0.0467503
-0.0442178
-0.0457209
-0.0570128
-0.0777581
-0.1026806
-0.1256047
-0.1434521
-0.1573609
-0.1699856
-0.1813292
-0.1875901
-0.1851426
-0.1758589
-0.1671385
-0.1652196
-0.1688146
-0.1710091
-0.1677792
-0.1626326
-0.1610736
-0.1618934
-0.1572759
-0.1423888
-0.1218040
-0.1037549
-0.0903735
-0.0786060
-0.0707826
-0.0763210
-0.0942674
-0.0944040
-0.0250710
0.1512316
0.4280183
0.7606555
1.0961581
1.3880733
1.5828975
1.6113477
1.4209969
1.0332431
0.5616330
0.1548677
-0.0945376
-0.1943875
-0.2146730
-0.2144673
-0.2072549
-0.1843689
-0.1514149
-0.1303739
-0.1325754
-0.1441085
-0.1439212
-0.1300779
-0.1204220
-0.1283617
-0.1454433
-0.1516601
-0.1391139
-0.1200367
-0.1115206
-0.1169968
-0.1253717
-0.1257559
-0.1189392
-0.1139088
-0.1161692
-0.1218439
-0.1224320
-0.1133660
-0.0977371
-0.0832113
-0.0761324
-0.0775104
-0.0831336
-0.0872566
-0.0869912
-0.0836996
-0.0800868
-0.0761528
-0.0688054
-0.0559067
-0.0399512
-0.0265133
-0.0187824
-0.0145116
-0.0090188
-0.0005604
0.0084360
0.0155361
0.0223745
0.0333536
0.0504416
0.0703941
0.0878208
0.1006604
0.1120192
0.1265992
0.1457124
0.1659010
0.1821813
0.1926387
0.2003416
0.2110645
0.2286109
0.2514317
0.2735624
0.2895676
0.2993145
0.3078056
0.3196862
0.3337421
0.3433651
0.3429202
0.3333253
0.3206192
0.3089183
0.2955565
0.2739604
0.2412486
0.2022580
0.1655642
0.1357135
0.1098039
0.0817644
0.0496207
0.0182121
-0.0052014
-0.0177563
-0.0234034
-0.0288777
-0.0376756
-0.0480874
-0.0566524
-0.0626124
-0.0682851
-0.0753349
-0.0818393
-0.0840820
-0.0811887
-0.0769754
-0.0763943
-0.0803715
-0.0849809
-0.0860174
-0.0837826
-0.0826761
-0.0862014
-0.0931156
-0.0988206
-0.1000129
-0.0973514
-0.0938401
-0.0916388
-0.0910867
-0.0922284
-0.0959512
-0.1028405
-0.1112979
-0.1177158
-0.1190683
-0.1153493
-0.1094429
-0.1048056
-0.1033165
-0.1048245
-0.1079181
-0.1108302
-0.1122722
-0.1123664
-0.1129729
-0.1163144
-0.1224269
-0.1280443
-0.1289159
-0.1239741
-0.1170900
-0.1140569
-0.1174597
-0.1246197
-0.1306588
-0.1332470
-0.1339861
-0.1354263
-0.1376150
-0.1381992
-0.1355994
-0.1311773
-0.1277963
-0.1266750
-0.1264265
-0.1253342
-0.1237927
-0.1235052
-0.1240462
-0.1210678
-0.1092079
-0.0875454
-0.0619347
-0.0410006
-0.0289012
-0.0216425
-0.0106775
0.0093204
0.0354005
0.0580865
0.0679042
0.0612311
0.0416677
0.0170857
-0.0049949
-0.0209313
-0.0316834
-0.0406375
-0.0504327
-0.0617107
-0.0748260
-0.0918733
-0.1153744
-0.1440078
-0.1706116
-0.1865392
-0.1891831
-0.1846145
-0.1818065
-0.1844144
-0.1890009
-0.1909123
-0.1900807
-0.1899980
-0.1922728
-0.1943336
-0.1926917
-0.1866038
-0.1775063
-0.1664613
-0.1541352
-0.1422989
-0.1322471
-0.1212348
-0.1045261
-0.0846705
-0.0755956
-0.0882703
-0.1058409
-0.0765941
0.0573971
0.3153307
0.6580827
1.0123850
1.3115901
1.5116941
1.5769451
1.4708341
1.1814171
0.7599577
0.3212419
-0.0138574
-0.1900918
-0.2394821
-0.2362024
-0.2322176
-0.2325759
-0.2206428
-0.1933927
-0.1676254
-0.1590458
-0.1651783
-0.1712280
-0.1676973
-0.1579987
-0.1507133
-0.1493133
-0.1509893
-0.1523517
-0.1529325
-0.1535065
-0.1537831
-0.1530002
-0.1513462
-0.1491999
-0.1454846
-0.1384889
-0.1288348
-0.1204134
-0.1171168
-0.1187523
-0.1210957
-0.1202777
-0.1165462
-0.1132582
-0.1125301
-0.1125513
-0.1093255
-0.1007078
-0.0885694
-0.0772710
-0.0701488
-0.0670109
-0.0643514
-0.0579385
-0.0460012
-0.0307914
-0.0170793
-0.0082781
-0.0031912
0.0034824
0.0167845
0.0370106
0.0594408
0.0787358
0.0936855
0.1075071
0.1235583
0.1413004
0.1570887
0.1689623
0.1799697
0.1959393
0.2196113
0.2471495
0.2708057
0.2853622
0.2923301
0.2981883
0.3084858
0.3230156
0.3358905
0.3401221
0.3329065
0.3175290
0.3004444
0.2858196
0.2720241
0.2532238
0.2248983
0.1883240
0.1497532
0.1150761
0.0853070
0.0573401
0.0287919
0.0014554
-0.0202972
-0.0340662
-0.0417533
-0.0474331
-0.0536586
-0.0603032
-0.0663976
-0.0719209
-0.0773799
-0.0824814
-0.0862896
-0.0887039
-0.0908287
-0.0932948
-0.0947864
-0.0932346
-0.0886653
-0.0840981
-0.0829182
-0.0854610
-0.0887125
-0.0895235
-0.0878550
-0.0867555
-0.0893295
-0.0956682
-0.1022814
-0.1043930
-0.0996147
-0.0904754
-0.0833327
-0.0834447
-0.0899562
-0.0961733
-0.0961781
-0.0915979
-0.0906534
-0.0992550
-0.1133773
-0.1217513
-0.1169157
-0.1029762
-0.0916397
-0.0908993
-0.0984404
-0.1058662
-0.1078307
-0.1060574
-0.1054515
-0.1082519
-0.1125574
-0.1151730
-0.1144873
-0.1110221
-0.1068212
-0.1048720
-0.1077429
-0.1151252
-0.1227731
-0.1254648
-0.1221476
-0.1175826
-0.1174951
-0.1215552
-0.1219658
-0.1101770
-0.0855437
-0.0571750
-0.0367759
-0.0290188
-0.0280795
-0.0229282
-0.0063007
0.0200243
0.0469780
0.0645224
0.0673778
0.0565991
0.0371557
0.0143782
-0.0078988
-0.0269866
-0.0406224
-0.0478071
-0.0507883
-0.0554935
-0.0684112
-0.0915532
-0.1200388
-0.1452976
-0.1616035
-0.1699491
-0.1755954
-0.1820945
-0.1882049
-0.1906110
-0.1886288
-0.1851534
-0.1832638
-0.1833876
-0.1844460
-0.1861658
-0.1880339
-0.1863603
-0.1758158
-0.1565089
-0.1376395
