-0.0599604
-0.2717355
-0.0271562
0.0904402
-0.0431190
-0.0975276
0.0285090
0.1012090
0.0398154
0.0191270
0.0961114
0.1315537
0.0915107
0.0974226
0.1682736
0.1929739
0.1604769
0.1737086
0.2414357
0.2713548
0.2551535
0.2686271
0.3107663
0.3156191
0.2944994
0.3101110
0.3447968
0.3357805
0.3001498
0.2966253
0.3093079
0.2859073
0.2412562
0.2174856
0.1955525
0.1417699
0.0848047
0.0603475
0.0395744
-0.0100516
-0.0561400
-0.0635642
-0.0605971
-0.0801154
-0.0997757
-0.0962992
-0.0942157
-0.1120240
-0.1243275
-0.1181180
-0.1217486
-0.1444173
-0.1525556
-0.1342655
-0.1220575
-0.1297595
-0.1318259
-0.1215789
-0.1247266
-0.1423577
-0.1442579
-0.1280172
-0.1240839
-0.1377173
-0.1437986
-0.1384442
-0.1400269
-0.1446737
-0.1348078
-0.1221190
-0.1299646
-0.1464906
-0.1450604
-0.1342147
-0.1392530
-0.1537570
-0.1553496
-0.1484448
-0.1489528
-0.1499624
-0.1413745
-0.1374315
-0.1490230
-0.1571580
-0.1467373
-0.1361387
-0.1432670
-0.1543592
-0.1537010
-0.1509375
-0.1545038
-0.1523090
-0.1405556
-0.1371820
-0.1481232
-0.1547984
-0.1497823
-0.1494168
-0.1593296
-0.1635054
-0.1568475
-0.1530286
-0.1540565
-0.1476244
-0.1374897
-0.1402387
-0.1506081
-0.1454293
-0.1217430
-0.0979930
-0.0812285
-0.0651035
-0.0530254
-0.0507436
-0.0443933
-0.0171792
0.0212829
0.0497800
0.0663409
0.0779787
0.0766540
0.0533372
0.0200767
-0.0070121
-0.0298505
-0.0521737
-0.0623591
-0.0547867
-0.0476625
-0.0586227
-0.0819091
-0.1059122
-0.1313361
-0.1576417
-0.1751887
-0.1841135
-0.1973750
-0.2146457
-0.2182796
-0.2041010
-0.1903184
-0.1880866
-0.1888219
-0.1865689
-0.1870280
-0.1895656
-0.1853366
-0.1765862
-0.1741680
-0.1749054
-0.1639707
-0.1387413
-0.1104192
-0.0878198
-0.0783561
-0.0908000
-0.1092399
-0.0751518
0.0730469
0.3427359
0.6860912
1.0434894
1.3643615
1.5958103
1.6798493
1.5711293
1.2608883
0.8031251
0.3215383
-0.0439890
-0.2291330
-0.2779869
-0.2771095
-0.2747838
-0.2707045
-0.2532541
-0.2218468
-0.1867660
-0.1643628
-0.1640767
-0.1745304
-0.1757949
-0.1669733
-0.1641605
-0.1713913
-0.1752490
-0.1694255
-0.1622555
-0.1577658
-0.1506521
-0.1419961
-0.1399961
-0.1439490
-0.1452990
-0.1432530
-0.1426740
-0.1407783
-0.1330441
-0.1262790
-0.1281917
-0.1307297
-0.1212213
-0.1031051
-0.0894262
-0.0835273
-0.0808051
-0.0802599
-0.0804527
-0.0743584
-0.0609935
-0.0508131
-0.0482631
-0.0421328
-0.0242337
-0.0034626
0.0097442
0.0189231
0.0314148
0.0463749
0.0615539
0.0786242
0.0953438
0.1065065
0.1172551
0.1401067
0.1748074
0.2065854
0.2272034
0.2423135
0.2568408
0.2695367
0.2828050
0.3014522
0.3210212
0.3325985
0.3384897
0.3486664
0.3638981
0.3762599
0.3823598
0.3822843
0.3709559
0.3448922
0.3120292
0.2815272
0.2501891
0.2112137
0.1685929
0.1307546
0.0981310
0.0679484
0.0420625
0.0199483
-0.0055509
-0.0355020
-0.0587250
-0.0677453
-0.0702683
-0.0767349
-0.0873992
-0.0982711
-0.1079845
-0.1130308
-0.1086178
-0.0994252
-0.0972652
-0.1042229
-0.1104727
-0.1110384
-0.1113805
-0.1146604
-0.1171523
-0.1177978
-0.1193127
-0.1194149
-0.1136313
-0.1060799
-0.1050162
-0.1093927
-0.1118366
-0.1119301
-0.1146054
-0.1193663
-0.1228481
-0.1271200
-0.1338198
-0.1358255
-0.1266661
-0.1128333
-0.1059660
-0.1082481
-0.1142972
-0.1203610
-0.1235511
-0.1204728
-0.1145478
-0.1156198
-0.1250192
-0.1308927
-0.1252471
-0.1152248
-0.1108517
-0.1121181
-0.1143548
-0.1160540
-0.1159172
-0.1120579
-0.1081454
-0.1104005
-0.1160160
-0.1151207
-0.1058146
-0.0963239
-0.0913291
-0.0870127
-0.0796097
-0.0681162
-0.0499736
-0.0255604
-0.0049323
0.0022169
0.0021261
0.0114396
0.0374533
0.0727490
0.1055442
0.1259516
0.1270393
0.1102835
0.0865289
0.0637425
0.0392440
0.0108023
-0.0130569
-0.0230372
-0.0223998
-0.0221244
-0.0292753
-0.0461878
-0.0726181
-0.1019104
-0.1232490
-0.1340212
-0.1425439
-0.1545432
-0.1658108
-0.1715414
-0.1728054
-0.1702695
-0.1620290
-0.1515126
-0.1474243
-0.1517022
-0.1559607
-0.1527602
-0.1433302
-0.1332809
-0.1267583
-0.1227213
-0.1113222
-0.0815065
-0.0426065
-0.0282054
-0.0578816
-0.0941153
-0.0542248
0.1262166
0.4437938
0.8343699
1.2161153
1.5232979
1.7084459
1.7263391
1.5367402
1.1455576
0.6451493
0.1875344
-0.1087550
-0.2304030
-0.2494047
-0.2444799
-0.2475375
-0.2488796
-0.2316531
-0.1972238
-0.1650492
-0.1521815
-0.1558422
-0.1603981
-0.1580175
-0.1536104
-0.1519185
-0.1517748
-0.1533359
-0.1587401
-0.1636054
-0.1590842
-0.1451377
-0.1323652
-0.1285377
-0.1313455
-0.1350382
-0.1362699
-0.1334774
-0.1280250
-0.1252967
-0.1280948
-0.1309777
-0.1271761
-0.1175571
-0.1067650
-0.0956770
-0.0844604
-0.0770842
-0.0749639
-0.0717970
-0.0625998
-0.0523786
-0.0479350
-0.0460529
-0.0375032
-0.0191616
0.0035212
0.0225631
0.0326870
0.0355852
0.0411226
0.0579087
0.0812367
0.0982126
0.1061109
0.1163153
0.1378174
0.1663314
0.1928039
0.2138112
0.2302085
0.2433651
0.2559211
0.2700996
0.2837621
0.2936604
0.3021316
0.3144505
0.3307391
0.3463656
0.3577359
0.3614469
0.3518299
0.3273473
0.2960527
0.2667115
0.2375485
0.2012696
0.1579584
0.1155732
0.0803512
0.0528402
0.0302829
0.0077913
-0.0189473
-0.0476016
-0.0702252
-0.0838881
-0.0947105
-0.1079585
-0.1206287
-0.1275996
-0.1286693
-0.1260476
-0.1214507
-0.1186868
-0.1221596
-0.1297221
-0.1336868
-0.1316578
-0.1300502
-0.1346733
-0.1436651
-0.1510595
-0.1519855
-0.1446403
-0.1331447
-0.1272838
-0.1325867
-0.1418762
-0.1435327
-0.1365781
-0.1305813
-0.1323828
-0.1398943
-0.1472176
-0.1492253
-0.1431171
-0.1319046
-0.1244688
-0.1265616
-0.1338251
-0.1380013
-0.1367599
-0.1336042
-0.1325540
-0.1367261
-0.1467690
-0.1565200
-0.1560404
-0.1437330
-0.1302902
-0.1264396
-0.1317041
-0.1384204
-0.1411295
-0.1387867
-0.1335121
-0.1305000
-0.1341216
-0.1416330
-0.1453380
-0.1421034
-0.1358838
-0.1309723
-0.1285781
-0.1295833
-0.1341209
-0.1385146
-0.1385888
-0.1350338
-0.1294512
-0.1173064
-0.0927897
-0.0601248
-0.0325034
-0.0186086
-0.0145325
-0.0082982
0.0107997
0.0438155
0.0780422
0.0944021
0.0842574
0.0570463
0.0286773
0.0068723
-0.0091173
-0.0211071
-0.0304114
-0.0392605
-0.0484458
-0.0567663
-0.0660794
-0.0823552
-0.1080039
-0.1369468
-0.1599683
-0.1716113
-0.1715667
-0.1650224
-0.1622241
-0.1704705
-0.1842354
-0.1895194
-0.1806264
-0.1674403
-0.1637586
-0.1723385
-0.1826867
-0.1807300
-0.1613620
-0.1341813
-0.1142177
-0.1043047
-0.0928893
-0.0753129
-0.0685456
-0.0897812
-0.1191857
-0.0956800
0.0425216
0.3124666
0.6763950
1.0661697
1.4113878
1.6472103
1.7094758
1.5479707
1.1694368
0.6702050
0.2037955
-0.1083858
-0.2445188
-0.2672954
-0.2530895
-0.2393614
-0.2259398
-0.2056916
-0.1843126
-0.1741533
-0.1770386
-0.1807488
-0.1750796
-0.1655303
-0.1642784
-0.1714527
-0.1748251
-0.1674803
-0.1563320
-0.1511053
-0.1525485
-0.1545939
-0.1527403
-0.1475697
-0.1432731
-0.1436886
-0.1474106
-0.1478515
-0.1408701
-0.1301131
-0.1216731
-0.1166589
-0.1128644
-0.1099614
-0.1081332
-0.1049222
-0.0986361
-0.0921874
-0.0887410
-0.0858671
-0.0782446
-0.0642614
-0.0469779
-0.0308979
-0.0196681
-0.0135017
-0.0071393
0.0054695
0.0227630
0.0366005
0.0436998
0.0510650
0.0673349
0.0927560
0.1199890
0.1416171
0.1558498
0.1681007
0.1868053
0.2138035
0.2398744
0.2548859
0.2615497
0.2731861
0.2975380
0.3280543
0.3518537
0.3620893
0.3622174
0.3615189
0.3659622
0.3707673
0.3637661
0.3390414
0.3045651
0.2728446
0.2469535
0.2197491
0.1841015
0.1398798
0.0932773
0.0527656
0.0232569
0.0012667
-0.0215503
-0.0478409
-0.0709093
-0.0837451
-0.0876800
-0.0894195
-0.0932331
-0.0988754
-0.1041682
-0.1073602
-0.1092286
-0.1134306
-0.1216702
-0.1288233
-0.1273782
-0.1171893
-0.1065630
-0.1032456
-0.1081241
-0.1172431
-0.1253389
-0.1277302
-0.1238509
-0.1194682
-0.1211778
-0.1282118
-0.1330355
-0.1299920
-0.1207116
-0.1119422
-0.1103643
-0.1175312
-0.1273129
-0.1309316
-0.1272989
-0.1251179
-0.1313927
-0.1413875
-0.1443161
-0.1364740
-0.1246574
-0.1182680
-0.1210867
-0.1291980
-0.1348612
-0.1341632
-0.1317752
-0.1353487
-0.1447644
-0.1511109
-0.1476626
-0.1377608
-0.1300980
-0.1297741
-0.1354067
-0.1416762
-0.1435852
-0.1411797
-0.1403464
-0.1457841
-0.1536880
-0.1554411
-0.1483924
-0.1388196
-0.1339083
-0.1342224
-0.1340372
-0.1261886
-0.1074933
-0.0826247
-0.0616415
-0.0504532
-0.0444855
-0.0340067
-0.0139436
0.0134958
0.0423926
0.0654180
0.0752503
0.0684312
0.0477245
0.0191067
-0.0116134
-0.0381557
-0.0540772
-0.0577288
-0.0553492
-0.0566557
-0.0679684
-0.0894537
-0.1160366
-0.1404859
-0.1589534
-0.1740640
-0.1893540
-0.2013811
-0.2028083
-0.1941902
-0.1866822
-0.1896721
-0.1994755
-0.2038902
-0.1963779
-0.1831608
-0.1761032
-0.1791569
-0.1830183
-0.1754190
-0.1559319
-0.1355249
-0.1206526
-0.1062419
-0.0903727
-0.0868113
-0.1076964
-0.1312278
-0.0980818
0.0495525
0.3231429
0.6805902
1.0570032
1.3944195
1.6401309
1.7297342
1.5995476
1.2403850
0.7408746
0.2576169
-0.0784784
-0.2363841
-0.2744866
-0.2691474
-0.2584470
-0.2425307
-0.2164719
-0.1897430
-0.1763743
-0.1770874
-0.1796402
-0.1762206
-0.1728019
-0.1771553
-0.1840220
-0.1807182
-0.1656127
-0.1521456
-0.1522738
-0.1621857
-0.1680807
-0.1626959
-0.1526286
-0.1499148
-0.1578524
-0.1660299
-0.1610197
-0.1422392
-0.1240017
-0.1197478
-0.1272981
-0.1328257
-0.1269716
-0.1134043
-0.1028240
-0.1016254
-0.1058516
-0.1045844
-0.0905279
-0.0683741
-0.0506782
-0.0443274
-0.0436199
-0.0380389
-0.0239808
-0.0068408
0.0061730
0.0133118
0.0198556
0.0333760
0.0559885
0.0813690
0.1015031
0.1157543
0.1303010
0.1492326
0.1701369
0.1889350
0.2053787
0.2224395
0.2426514
0.2658797
0.2890141
0.3079104
0.3212779
0.3320828
0.3435505
0.3549922
0.3633363
0.3670060
0.3659070
0.3592450
0.3460395
0.3266261
0.3014882
0.2700784
0.2329358
0.1933514
0.1546171
0.1169065
0.0789162
0.0415558
0.0084538
-0.0164480
-0.0315261
-0.0395347
-0.0471384
-0.0595557
-0.0747950
-0.0858442
-0.0894782
-0.0901872
-0.0942845
-0.1026692
-0.1107271
-0.1134668
-0.1098716
-0.1038027
-0.1009555
-0.1034282
-0.1076054
-0.1090679
-0.1085505
-0.1104404
-0.1160370
-0.1212318
-0.1210951
-0.1148511
-0.1065292
-0.1020958
-0.1048675
-0.1120040
-0.1167778
-0.1161358
-0.1144892
-0.1178767
-0.1258550
-0.1316840
-0.1298049
-0.1212710
-0.1124526
-0.1095758
-0.1135002
-0.1189752
-0.1203154
-0.1182279
-0.1189678
-0.1260263
-0.1350447
-0.1382925
-0.1324848
-0.1214135
-0.1126920
-0.1123234
-0.1200753
-0.1291805
-0.1323947
-0.1291229
-0.1252447
-0.1260184
-0.1310021
-0.1357408
-0.1362652
-0.1319171
-0.1258138
-0.1226214
-0.1241240
-0.1271504
-0.1274398
-0.1249760
-0.1235976
-0.1254897
-0.1273517
-0.1217724
-0.1023872
-0.0701338
-0.0359379
-0.0142726
-0.0101834
-0.0128656
-0.0046233
0.0229252
0.0613479
0.0924044
0.1018893
0.0890511
0.0650333
0.0421403
0.0240431
0.0066599
-0.0127525
-0.0304932
-0.0410959
-0.0446238
-0.0479065
-0.0596153
-0.0839531
-0.1167816
-0.1472266
-0.1653443
-0.1698657
-0.1680927
-0.1684502
-0.1740788
-0.1825335
-0.1892175
-0.1910628
-0.1889314
-0.1867531
-0.1868779
-0.1864547
-0.1800876
-0.1662582
-0.1498444
-0.1377148
-0.1317355
-0.1258302
-0.1113758
-0.0885155
-0.0715144
-0.0762476
-0.0961222
-0.0914643
-0.0089605
0.1831169
0.4747043
0.8220587
1.1686099
1.4560869
1.6232828
1.6114114
1.3913949
0.9987219
0.5379959
0.1368083
-0.1224556
-0.2376708
-0.2635399
-0.2584384
-0.2498162
-0.2376533
-0.2173786
-0.1939599
-0.1773955
-0.1714343
-0.1711057
-0.1704735
-0.1688083
-0.1677173
-0.1659866
-0.1612102
-0.1550429
-0.1525559
-0.1556615
-0.1599910
-0.1595986
-0.1533522
-0.1457006
-0.1416389
-0.1413047
-0.1396708
-0.1321620
-0.1205036
-0.1116324
-0.1102486
-0.1137778
-0.1154367
-0.1110143
-0.1019785
-0.0933765
-0.0894800
-0.0898799
-0.0886895
-0.0790375
-0.0599913
-0.0385636
-0.0238025
-0.0188308
-0.0185472
-0.0144192
-0.0017694
0.0164070
0.0325939
0.0425117
0.0496221
0.0611745
0.0805057
0.1045771
0.1282961
0.1491554
0.1677041
0.1856321
0.2042391
0.2235593
0.2421975
0.2585639
0.2727045
0.2868659
0.3042518
0.3265798
0.3514516
0.3721178
0.3820786
0.3813917
0.3769218
0.3744684
0.3713903
0.3588255
0.3312522
0.2928542
0.2543771
0.2239714
0.2005007
0.1752302
0.1404594
0.0969937
0.0532684
0.0177278
-0.0073516
-0.0256744
-0.0426690
-0.0613328
-0.0801029
-0.0938705
-0.0984440
-0.0951207
-0.0903448
-0.0902781
-0.0958366
-0.1028130
-0.1062546
-0.1050386
-0.1030012
-0.1053235
-0.1128849
-0.1203591
-0.1208992
-0.1129584
-0.1021300
-0.0963682
-0.0994125
-0.1080032
-0.1148834
-0.1152432
-0.1110474
-0.1086853
-0.1119947
-0.1182904
-0.1216229
-0.1189127
-0.1121972
-0.1059825
-0.1036233
-0.1056458
-0.1100940
-0.1141367
-0.1160272
-0.1161524
-0.1164865
-0.1188785
-0.1230582
-0.1258383
-0.1233814
-0.1157510
-0.1086711
-0.1086383
-0.1155844
-0.1219598
-0.1205024
-0.1124904
-0.1071219
-0.1121626
-0.1253100
-0.1353776
-0.1328513
-0.1194929
-0.1067687
-0.1044399
-0.1116107
-0.1195046
-0.1215032
-0.1185217
-0.1149230
-0.1114645
-0.1037214
-0.0870182
-0.0619651
-0.0348113
-0.0124709
0.0028006
0.0144180
0.0282851
0.0487122
0.0753421
0.1013714
0.1149537
0.1059803
0.0749350
0.0352022
0.0043778
-0.0086864
-0.0091690
-0.0093600
-0.0170297
-0.0305540
-0.0444691
-0.0579400
-0.0760199
-0.1025660
-0.1338144
-0.1605218
-0.1758963
-0.1801912
-0.1781793
-0.1742726
-0.1707597
-0.1688623
-0.1692202
-0.1710411
-0.1721133
-0.1707133
-0.1673018
-0.1635966
-0.1599292
-0.1542694
-0.1441287
-0.1285716
-0.1080872
-0.0845616
-0.0636902
-0.0552788
-0.0639732
-0.0735737
-0.0419458
0.0801703
0.3163163
0.6447595
1.0084671
1.3415679
1.5858566
1.6898598
1.6104121
1.3354320
0.9139098
0.4551813
0.0801692
-0.1439397
-0.2315481
-0.2472740
-0.2479069
-0.2496646
-0.2405570
-0.2125733
-0.1769470
-0.1524740
-0.1466713
-0.1516289
-0.1554757
-0.1540366
-0.1513355
-0.1521047
-0.1562107
-0.1595737
-0.1584633
-0.1523994
-0.1440097
-0.1369430
-0.1335161
-0.1334700
-0.1346306
-0.1349906
