-0.1357192
-0.1556174
-0.1416703
-0.1299611
-0.1358247
-0.1438520
-0.1417366
-0.1323088
-0.1167106
-0.0930456
-0.0704328
-0.0619529
-0.0645618
-0.0649004
-0.0626446
-0.0694418
-0.0862918
-0.1003461
-0.1052380
-0.1091444
-0.1203567
-0.1367455
-0.1515660
-0.1610205
-0.1653596
-0.1684982
-0.1747595
-0.1812843
-0.1784957
-0.1637821
-0.1483221
-0.1427796
-0.1421783
-0.1335221
-0.1136607
-0.0908265
-0.0716765
-0.0551338
-0.0379763
-0.0205090
-0.0069185
-0.0027402
-0.0100179
-0.0234423
-0.0346790
-0.0414959
-0.0479358
-0.0547795
-0.0564432
-0.0497514
-0.0393030
-0.0302918
-0.0210606
-0.0068739
0.0122958
0.0309835
0.0431326
0.0463464
0.0434333
0.0400964
0.0388182
0.0356880
0.0258422
0.0102086
-0.0067979
-0.0239388
-0.0423015
-0.0592710
-0.0694797
-0.0723855
-0.0741595
-0.0808361
-0.0927865
-0.1066055
-0.1197775
-0.1325936
-0.1465128
-0.1605166
-0.1694936
-0.1690366
-0.1626220
-0.1601761
-0.1671082
-0.1780438
-0.1842556
-0.1842719
-0.1836513
-0.1863713
-0.1901422
-0.1898729
-0.1837010
-0.1755379
-0.1716221
-0.1731907
-0.1732206
-0.1633094
-0.1435663
-0.1217030
-0.1011875
-0.0744633
-0.0315053
0.0257506
0.0798992
0.1110015
0.1163631
0.1205064
0.1641804
0.2789526
0.4691972
0.7152710
0.9863987
1.2431098
1.4303256
1.4829462
1.3554086
1.0572387
0.6629894
0.2814714
0.0011018
-0.1505887
-0.2047084
-0.2133365
-0.2124571
-0.2129404
-0.2140330
-0.2163416
-0.2229748
-0.2347869
-0.2483038
-0.2583669
-0.2627669
-0.2643757
-0.2679044
-0.2745130
-0.2810431
-0.2847165
-0.2866592
-0.2900821
-0.2965897
-0.3048964
-0.3117228
-0.3135822
-0.3092113
-0.3006152
-0.2905312
-0.2792036
-0.2653334
-0.2495964
-0.2346060
-0.2210656
-0.2063472
-0.1879263
-0.1667225
-0.1458940
-0.1266728
-0.1058523
-0.0781150
-0.0423912
-0.0060013
0.0203510
0.0338593
0.0439806
0.0627218
0.0914540
0.1201412
0.1393902
0.1502732
0.1608594
0.1747627
0.1857313
0.1848870
0.1722351
0.1578103
0.1495353
0.1428482
0.1270184
0.1010517
0.0772786
0.0663215
0.0633391
0.0552141
0.0412870
0.0428976
0.0911275
0.2075632
0.3974092
0.6541281
0.9574257
1.2573592
1.4667899
1.4918714
1.2938232
0.9303092
0.5300417
0.2146269
0.0328251
-0.0425990
-0.0669812
-0.0769839
-0.0810395
-0.0782935
-0.0738793
-0.0744408
-0.0773677
-0.0733882
-0.0603590
-0.0483376
-0.0477499
-0.0566560
-0.0646470
-0.0677330
-0.0737770
-0.0912590
-0.1161517
-0.1340000
-0.1356700
-0.1286275
-0.1298795
-0.1474924
-0.1717458
-0.1865935
-0.1877741
-0.1858160
-0.1914649
-0.2026792
-0.2084876
-0.2028818
-0.1911154
-0.1823111
-0.1787153
-0.1741961
-0.1627706
-0.1463262
-0.1318784
-0.1217030
-0.1092398
-0.0867074
-0.0548561
-0.0221567
0.0054135
0.0309548
0.0619116
0.1002256
0.1385500
0.1662857
0.1791765
0.1829287
0.1872292
0.1964673
0.2069180
0.2122831
0.2098961
0.2010532
0.1878064
0.1717082
0.1547592
0.1393208
0.1266206
0.1161510
0.1064906
0.0960655
0.0833526
0.0673942
0.0489079
0.0308637
0.0169247
0.0079096
0.0001057
-0.0103221
-0.0200447
-0.0191516
-0.0036587
0.0134717
0.0103780
-0.0194664
-0.0514541
-0.0407981
0.0498819
0.2321586
0.4931190
0.8019371
1.1057133
1.3235576
1.3656408
1.1837337
0.8171861
0.3855922
0.0223246
-0.1994017
-0.2888084
-0.3004340
-0.2822395
-0.2538201
-0.2184310
-0.1810516
-0.1510123
-0.1334101
-0.1253374
-0.1217528
-0.1212025
-0.1235725
-0.1255405
-0.1231026
-0.1186071
-0.1208465
-0.1356269
-0.1583815
-0.1788076
-0.1921188
-0.2033338
-0.2199315
-0.2418539
-0.2603934
-0.2674181
-0.2649135
-0.2639614
-0.2736136
-0.2917488
-0.3081022
-0.3158127
-0.3185095
-0.3256874
-0.3419250
-0.3611646
-0.3717526
-0.3676704
-0.3550354
-0.3465288
-0.3484528
-0.3538632
-0.3494194
-0.3285062
-0.2965740
-0.2640790
-0.2358415
-0.2080821
-0.1751009
-0.1375284
-0.1030359
-0.0789208
-0.0651860
-0.0559995
-0.0469708
-0.0386038
-0.0320248
-0.0237126
-0.0071349
0.0199071
0.0506045
0.0728720
0.0787737
0.0710660
0.0602060
0.0541591
0.0513587
0.0444528
0.0303203
0.0144939
0.0051358
0.0042784
0.0065203
0.0057200
0.0010950
-0.0039886
-0.0075663
-0.0106851
-0.0129798
-0.0100913
0.0005097
0.0125508
0.0169930
0.0203958
0.0544956
0.1598862
0.3555050
0.6237500
0.9233696
1.2100639
1.4395589
1.5572215
1.5039091
1.2527822
0.8489684
0.4054731
0.0444959
-0.1708646
-0.2570657
-0.2724861
-0.2654154
-0.2538480
-0.2397659
-0.2268241
-0.2200604
-0.2166405
-0.2067246
-0.1857489
-0.1616349
-0.1463283
-0.1417838
-0.1382870
-0.1273272
-0.1125001
-0.1048073
-0.1090857
-0.1189628
-0.1256311
-0.1282987
-0.1336556
-0.1463523
-0.1627346
-0.1749457
-0.1799997
-0.1830682
-0.1912365
-0.2050997
-0.2179736
-0.2232972
-0.2213258
-0.2180297
-0.2188418
-0.2246436
-0.2328021
-0.2401566
-0.2445227
-0.2444141
-0.2385251
-0.2260955
-0.2078736
-0.1863019
-0.1642231
-0.1435073
-0.1253418
-0.1113340
-0.1029873
-0.0995668
-0.0973319
-0.0919349
-0.0821056
-0.0713279
-0.0658805
-0.0701697
-0.0825587
-0.0955751
-0.1012516
-0.0970551
-0.0866513
-0.0750578
-0.0635517
-0.0494222
-0.0303841
-0.0089961
0.0076439
0.0134016
0.0087680
0.0004039
-0.0056781
-0.0099764
-0.0175483
-0.0303826
-0.0432073
-0.0482834
-0.0444781
-0.0402599
-0.0458983
-0.0623046
-0.0794610
-0.0876713
-0.0888217
-0.0928089
-0.1022873
-0.1057537
-0.0908034
-0.0631822
-0.0459997
-0.0544005
-0.0712267
-0.0517907
0.0447976
0.2292094
0.4837267
0.7796811
1.0801604
1.3240064
1.4245809
1.3110318
0.9883030
0.5558776
0.1551412
-0.1152909
-0.2443994
-0.2825335
-0.2813453
-0.2602940
-0.2197868
-0.1687918
-0.1285037
-0.1120706
-0.1112615
-0.1083703
-0.0974201
-0.0885101
-0.0926008
-0.1076377
-0.1220392
-0.1287264
-0.1319056
-0.1400778
-0.1554110
-0.1721106
-0.1843057
-0.1929447
-0.2036577
-0.2190707
-0.2351165
-0.2451333
-0.2464710
-0.2426722
-0.2399000
-0.2415656
-0.2458314
-0.2479293
-0.2451218
-0.2393556
-0.2346655
-0.2323426
-0.2298422
-0.2248550
-0.2192340
-0.2173118
-0.2200493
-0.2220863
-0.2161817
-0.2009977
-0.1832121
-0.1704229
-0.1624202
-0.1515365
-0.1321457
-0.1073672
-0.0841175
-0.0630623
-0.0373602
-0.0027299
0.0341660
0.0609789
0.0734491
0.0809485
0.0962294
0.1213125
0.1467839
0.1649759
0.1792979
0.1970346
0.2161946
0.2272756
0.2320921
0.2573251
0.3431634
0.5152184
0.7658596
1.0579041
1.3385641
1.5474510
1.6219243
1.5159348
1.2323509
0.8410600
0.4544548
0.1682822
0.0124707
-0.0492185
-0.0763067
-0.1070047
-0.1458525
-0.1812474
-0.2065300
-0.2254841
-0.2446490
-0.2657021
-0.2853491
-0.2998067
-0.3079206
-0.3110066
-0.3111246
-0.3092415
-0.3039164
-0.2919968
-0.2721540
-0.2481744
-0.2271649
-0.2130093
-0.2020763
-0.1867234
-0.1632318
-0.1354947
-0.1106975
-0.0922037
-0.0774758
-0.0626832
-0.0479387
-0.0366043
-0.0296258
-0.0226380
-0.0106480
0.0048392
0.0156947
0.0156319
0.0080229
0.0036150
0.0098934
0.0235451
0.0345400
0.0376580
0.0385649
0.0470238
0.0644910
0.0805817
0.0831113
0.0703805
0.0516207
0.0357663
0.0224102
0.0053198
-0.0168463
-0.0365738
-0.0456918
-0.0459326
-0.0483347
-0.0607411
-0.0774171
-0.0836076
-0.0709365
-0.0466215
-0.0262282
-0.0181776
-0.0167791
-0.0102738
0.0058420
0.0243354
0.0342076
0.0316680
0.0225214
0.0145094
0.0090547
0.0015304
-0.0114339
-0.0270918
-0.0398830
-0.0485093
-0.0582245
-0.0756450
-0.1018171
-0.1310315
-0.1564707
-0.1762414
-0.1930870
-0.2087609
-0.2206818
-0.2254801
-0.2247969
-0.2252460
-0.2316513
-0.2414064
-0.2469659
-0.2440514
-0.2363812
-0.2314285
-0.2318002
-0.2320007
-0.2244099
-0.2076741
-0.1879545
-0.1721362
-0.1614118
-0.1520917
-0.1409679
-0.1278501
-0.1130803
-0.0946714
-0.0693063
-0.0357175
0.0037453
0.0443415
0.0802824
0.1050510
0.1138406
0.1104554
0.1136546
0.1537422
0.2579080
0.4353116
0.6735998
0.9448052
1.2084833
1.4087816
1.4791013
1.3678510
1.0754651
0.6712286
0.2668619
-0.0404131
-0.2139509
-0.2800808
-0.2921046
-0.2907804
-0.2903299
-0.2894737
-0.2869647
-0.2863622
-0.2915200
-0.3020772
-0.3136487
-0.3208560
-0.3201085
-0.3110898
-0.2968818
-0.2823714
-0.2713138
-0.2641861
-0.2589209
-0.2535831
-0.2475627
-0.2399598
-0.2282378
-0.2102524
-0.1875230
-0.1647124
-0.1449127
-0.1265079
-0.1059445
-0.0829686
-0.0612560
-0.0431029
-0.0248677
0.0001969
0.0337966
0.0684013
0.0927391
0.1016993
0.0998792
0.0952629
0.0909901
0.0846283
0.0743493
0.0630948
0.0554481
0.0518594
0.0480642
0.0404777
0.0304994
0.0219548
0.0148051
0.0036439
-0.0160590
-0.0412995
-0.0634859
-0.0777023
-0.0882925
-0.1036485
-0.1262796
-0.1499988
-0.1671208
-0.1764255
-0.1824308
-0.1878893
-0.1897632
-0.1839129
-0.1720163
-0.1610736
-0.1555818
-0.1523937
-0.1449094
-0.1308887
-0.1136712
-0.0960891
-0.0764378
-0.0524260
-0.0271502
-0.0077302
0.0027561
0.0095918
0.0205651
0.0366683
0.0512687
0.0593034
0.0647157
0.0756575
0.0925650
0.1044066
0.0990756
0.0760364
0.0459342
0.0178436
-0.0099913
-0.0448644
-0.0871545
-0.1269298
-0.1542165
-0.1702332
-0.1855356
-0.2073411
-0.2317562
-0.2500726
-0.2601989
-0.2682880
-0.2793528
-0.2903441
-0.2950365
-0.2933986
-0.2921620
-0.2959377
-0.3015298
-0.3035045
-0.3029490
-0.3062243
-0.3142779
-0.3174644
-0.3051598
-0.2794617
-0.2546380
-0.2410529
-0.2331090
-0.2169770
-0.1886968
-0.1592718
-0.1398940
-0.1264723
-0.1040197
-0.0659236
-0.0236932
0.0053101
0.0167706
0.0217728
0.0315267
0.0457588
0.0589007
0.0719725
0.0901562
0.1088210
0.1119503
0.0934685
0.0786726
0.1159461
0.2420576
0.4564917
0.7284725
1.0191079
1.2856615
1.4673528
1.4883820
1.3002140
0.9320218
0.4929767
0.1116620
-0.1374518
-0.2580735
-0.2974211
-0.2985794
-0.2831468
-0.2621599
-0.2458687
-0.2392652
-0.2370943
-0.2311208
-0.2211372
-0.2142501
-0.2139226
-0.2147482
-0.2097759
-0.1987648
-0.1853981
-0.1690265
-0.1450275
-0.1141554
-0.0858928
-0.0678885
-0.0543233
-0.0303961
0.0100343
0.0547836
0.0841680
0.0900726
0.0816476
0.0729990
0.0692051
0.0663516
0.0620707
0.0607995
0.0671643
0.0777063
0.0830782
0.0782610
0.0674986
0.0578343
0.0501420
0.0393433
0.0229747
0.0063419
-0.0027814
-0.0032127
-0.0016113
-0.0044659
-0.0111806
-0.0167324
-0.0193641
-0.0222711
-0.0272858
-0.0305761
-0.0279097
-0.0228059
-0.0251898
-0.0403400
-0.0619383
-0.0789260
-0.0879731
-0.0955659
-0.1071224
-0.1178036
-0.1176335
-0.1044297
-0.0872897
-0.0757440
-0.0688202
-0.0581994
-0.0403782
-0.0208044
-0.0048373
0.0107152
0.0326326
0.0596927
0.0818300
0.0931191
0.1013875
0.1194682
0.1470005
0.1667610
0.1646314
0.1537743
0.1759975
0.2764801
0.4747011
0.7541710
1.0703941
1.3615257
1.5561450
1.5888244
1.4296449
1.1107980
0.7223875
0.3701975
0.1226678
-0.0139592
-0.0779425
-0.1133326
-0.1436653
-0.1718582
-0.1941096
-0.2094520
-0.2196865
-0.2264732
-0.2311829
-0.2359365
-0.2426993
-0.2514316
-0.2602055
-0.2671911
-0.2717871
-0.2739185
-0.2735190
-0.2715669
-0.2707095
-0.2730469
-0.2766727
-0.2755932
-0.2645038
-0.2438239
-0.2194486
-0.1975591
-0.1801446
-0.1652299
-0.1501650
-0.1340170
-0.1176458
-0.1027156
-0.0906491
-0.0815333
-0.0736054
-0.0645614
-0.0541269
-0.0448299
-0.0390392
-0.0351542
-0.0282538
-0.0158156
-0.0019429
0.0061426
0.0062430
0.0038986
0.0054056
0.0093612
0.0077490
-0.0041684
-0.0214878
-0.0351335
-0.0424331
-0.0494549
-0.0623158
-0.0787622
-0.0906863
-0.0939223
-0.0926559
-0.0935815
-0.0983399
-0.1036099
-0.1066130
-0.1070785
-0.1039677
-0.0942583
-0.0774213
-0.0585954
-0.0434261
-0.0300994
-0.0107535
0.0171055
0.0442486
0.0602846
0.0718597
0.1069715
0.1982336
0.3619134
0.5922031
0.8683197
1.1562821
1.4008100
1.5275380
1.4740264
1.2345899
0.8778265
0.5130634
0.2287796
0.0523138
-0.0420183
-0.0943616
-0.1290735
-0.1523811
-0.1661717
-0.1764805
-0.1900649
-0.2082694
-0.2271133
-0.2424215
-0.2536885
-0.2636955
-0.2754489
-0.2891126
-0.3010854
-0.3065419
-0.3040533
-0.2976982
-0.2934801
-0.2933769
-0.2940787
-0.2921487
-0.2888258
-0.2877192
-0.2883033
-0.2845530
-0.2715853
-0.2519145
-0.2327872
-0.2180554
-0.2054859
-0.1923503
-0.1800252
-0.1702007
-0.1587829
-0.1382933
-0.1072550
-0.0733322
-0.0443033
-0.0183026
0.0129811
0.0520701
0.0914449
0.1234350
0.1500903
0.1783781
0.2072900
0.2262803
0.2290784
0.2239168
0.2242008
0.2305876
0.2289921
0.2085688
0.1762466
0.1482363
0.1297085
0.1095323
0.0761932
0.0327406
-0.0085578
-0.0425045
-0.0749012
-0.1100263
-0.1413712
-0.1598227
-0.1674603
-0.1765522
-0.1944428
-0.2151930
-0.2291152
-0.2360526
-0.2437609
-0.2548778
-0.2622470
-0.2595969
-0.2519326
-0.2503071
-0.2579501
-0.2667255
-0.2680425
-0.2626904
-0.2570997
-0.2531425
-0.2460133
-0.2312203
-0.2093380
-0.1837147
-0.1586592
-0.1420500
-0.1427605
-0.1555468
-0.1471856
-0.0670154
0.1182687
0.3964991
0.7158122
1.0141233
1.2386691
1.3436018
1.2897423
1.0686403
0.7320126
0.3838230
0.1248237
-0.0061062
-0.0405742
-0.0366281
-0.0306981
-0.0281621
-0.0256081
-0.0276165
-0.0405134
-0.0606116
-0.0779679
-0.0903214
-0.1063554
-0.1332678
-0.1660492
-0.1931304
-0.2103072
-0.2241805
-0.2414049
-0.2590524
-0.2688211
-0.2686264
-0.2658016
-0.2681421
-0.2749592
-0.2792380
-0.2769303
-0.2710122
-0.2660781
-0.2616730
-0.2531147
-0.2380055
-0.2195911
-0.2029839
-0.1895362
-0.1762752
-0.1601654
-0.1410460
-0.1197749
-0.0951004
-0.0644929
-0.0284816
0.0073083
0.0359839
0.0554668
0.0701404
0.0862937
0.1064804
0.1284977
0.1487455
0.1649881
0.1757013
0.1786538
0.1723327
0.1588877
0.1436808
0.1302020
0.1158794
0.0946951
0.0646812
0.0316684
0.0041875
-0.0152339
-0.0324470
-0.0549006
-0.0835195
-0.1124597
-0.1364402
-0.1564858
-0.1773152
-0.2000532
-0.2195892
-0.2300590
-0.2319634
-0.2323972
-0.2379648
-0.2483970
-0.2578544
-0.2619485
-0.2621931
-0.2630339
-0.2655000
-0.2653955
-0.2583530
-0.2456520
-0.2335430
-0.2264910
-0.2221949
-0.2143360
-0.1997488
-0.1812907
-0.1630588
-0.1443523
-0.1205493
-0.0901082
-0.0584393
-0.0328101
-0.0140773
0.0041084
0.0269921
0.0514843
0.0693076
0.0768145
0.0793743
0.0854110
