-0.1027973
-0.1073975
-0.1085460
-0.1094024
-0.1133583
-0.1205491
-0.1270531
-0.1279145
-0.1216036
-0.1118992
-0.1050782
-0.1044742
-0.1072827
-0.1069231
-0.0991579
-0.0862135
-0.0746321
-0.0686421
-0.0655651
-0.0580239
-0.0409223
-0.0163477
0.0082086
0.0261298
0.0362215
0.0418447
0.0466340
0.0514227
0.0546134
0.0544412
0.0505194
0.0438163
0.0358079
0.0274415
0.0181598
0.0058615
-0.0111817
-0.0315271
-0.0502403
-0.0627634
-0.0695076
-0.0754553
-0.0841965
-0.0932480
-0.0972241
-0.0959160
-0.0968195
-0.1071205
-0.1237807
-0.1348341
-0.1322242
-0.1209475
-0.1120653
-0.1075592
-0.0973704
-0.0745229
-0.0488331
-0.0373045
-0.0374050
-0.0146369
0.0762519
0.2554537
0.5045520
0.7852476
1.0614019
1.2951623
1.4288913
1.3932594
1.1552497
0.7649147
0.3453256
0.0215274
-0.1526759
-0.2079917
-0.2108848
-0.2068666
-0.2044494
-0.1970475
-0.1853573
-0.1770111
-0.1748458
-0.1748754
-0.1750770
-0.1794967
-0.1910262
-0.2043256
-0.2105552
-0.2083291
-0.2058786
-0.2110260
-0.2218699
-0.2299969
-0.2316211
-0.2321921
-0.2388883
-0.2508015
-0.2590828
-0.2566722
-0.2457632
-0.2344752
-0.2272081
-0.2198630
-0.2046057
-0.1781161
-0.1445683
-0.1112776
-0.0823515
-0.0565105
-0.0302515
-0.0024079
0.0245839
0.0476442
0.0667097
0.0848858
0.1047209
0.1245582
0.1390999
0.1440811
0.1406011
0.1346102
0.1316539
0.1319166
0.1306754
0.1238385
0.1128054
0.1034890
0.1004807
0.1023292
0.1025938
0.0954890
0.0805863
0.0621896
0.0443582
0.0269443
0.0069078
-0.0166185
-0.0393822
-0.0549032
-0.0604623
-0.0598704
-0.0599714
-0.0643375
-0.0704849
-0.0731957
-0.0700938
-0.0633857
-0.0563043
-0.0490469
-0.0393162
-0.0265062
-0.0138772
-0.0057506
-0.0031671
-0.0033310
-0.0034211
-0.0040994
-0.0084972
-0.0178145
-0.0287150
-0.0358185
-0.0368215
-0.0346432
-0.0342365
-0.0376268
-0.0425075
-0.0455454
-0.0464440
-0.0482277
-0.0533867
-0.0600967
-0.0630614
-0.0586899
-0.0489285
-0.0388088
-0.0302560
-0.0202211
-0.0064706
0.0062953
0.0101802
0.0072208
0.0186867
0.0783049
0.2125135
0.4237980
0.6888205
0.9668488
1.2062779
1.3476527
1.3353366
1.1446480
0.8085825
0.4160475
0.0722006
-0.1542675
-0.2580761
-0.2815402
-0.2747464
-0.2656503
-0.2578253
-0.2464054
-0.2314668
-0.2186209
-0.2124477
-0.2126222
-0.2154846
-0.2173435
-0.2163270
-0.2127749
-0.2088485
-0.2072463
-0.2093773
-0.2143014
-0.2192589
-0.2212629
-0.2186457
-0.2117476
-0.2024790
-0.1931299
-0.1852491
-0.1791373
-0.1738612
-0.1676092
-0.1584971
-0.1457553
-0.1306362
-0.1161056
-0.1048161
-0.0962137
-0.0853883
-0.0661086
-0.0365882
-0.0022616
0.0284261
0.0515616
0.0703850
0.0899322
0.1099843
0.1246392
0.1289781
0.1249773
0.1196745
0.1175054
0.1155365
0.1071663
0.0900977
0.0693285
0.0517519
0.0387898
0.0254929
0.0067887
-0.0163334
-0.0373102
-0.0504352
-0.0565484
-0.0621747
-0.0728485
-0.0874302
-0.0994637
-0.1041052
-0.1029008
-0.1011662
-0.1011722
-0.0988246
-0.0873226
-0.0639164
-0.0333004
-0.0049086
0.0132727
0.0196532
0.0198078
0.0229683
0.0359622
0.0580084
0.0813958
0.1006451
0.1242120
0.1762468
0.2826740
0.4524746
0.6719624
0.9157076
1.1580603
1.3695627
1.5050192
1.5072863
1.3382530
1.0159181
0.6206543
0.2568700
-0.0024286
-0.1446326
-0.2028686
-0.2197571
-0.2229801
-0.2239649
-0.2265778
-0.2315004
-0.2362744
-0.2378385
-0.2374146
-0.2407627
-0.2515711
-0.2656648
-0.2743579
-0.2741837
-0.2711848
-0.2736335
-0.2814291
-0.2851233
-0.2759771
-0.2552404
-0.2324193
-0.2156471
-0.2054284
-0.1974939
-0.1897067
-0.1844556
-0.1842966
-0.1867381
-0.1849940
-0.1743857
-0.1571654
-0.1401654
-0.1279531
-0.1190264
-0.1086237
-0.0943897
-0.0787029
-0.0654973
-0.0551471
-0.0431517
-0.0247404
-0.0009008
0.0212509
0.0351535
0.0415454
0.0474635
0.0581662
0.0707316
0.0765011
0.0701146
0.0556035
0.0425588
0.0358465
0.0300720
0.0155522
-0.0104815
-0.0402844
-0.0637519
-0.0785941
-0.0907296
-0.1050775
-0.1181084
-0.1209758
-0.1095413
-0.0897189
-0.0720167
-0.0615523
-0.0547043
-0.0450937
-0.0305010
-0.0128372
0.0061722
0.0258070
0.0431248
0.0531724
0.0564068
0.0665496
0.1093602
0.2114103
0.3866646
0.6277547
0.9021895
1.1524212
1.3048330
1.2947153
1.1016006
0.7711353
0.3999041
0.0868809
-0.1146909
-0.2107415
-0.2418097
-0.2473552
-0.2471075
-0.2449430
-0.2409462
-0.2372420
-0.2361588
-0.2379531
-0.2420601
-0.2486755
-0.2574254
-0.2657730
-0.2711508
-0.2746422
-0.2802420
-0.2893687
-0.2976740
-0.2991170
-0.2929702
-0.2852823
-0.2826176
-0.2848601
-0.2852205
-0.2778016
-0.2644190
-0.2526578
-0.2470583
-0.2437442
-0.2350075
-0.2184509
-0.2000125
-0.1877456
-0.1836651
-0.1822512
-0.1764507
-0.1645096
-0.1507596
-0.1399888
-0.1318178
-0.1214157
-0.1055286
-0.0865826
-0.0701976
-0.0593538
-0.0517918
-0.0429743
-0.0311816
-0.0197848
-0.0145160
-0.0180080
-0.0268183
-0.0343395
-0.0370457
-0.0377290
-0.0425124
-0.0548350
-0.0721388
-0.0879712
-0.0973942
-0.1007206
-0.1018475
-0.1028851
-0.1014801
-0.0945602
-0.0838503
-0.0752533
-0.0716184
-0.0676131
-0.0541384
-0.0286890
-0.0000598
0.0192799
0.0260867
0.0298321
0.0413147
0.0589768
0.0703875
0.0686443
0.0632527
0.0697939
0.0895250
0.1054965
0.1040488
0.0992732
0.1312240
0.2363890
0.4199731
0.6570533
0.9151726
1.1658512
1.3699959
1.4629174
1.3753288
1.0870335
0.6639358
0.2340805
-0.0855692
-0.2523104
-0.3021009
-0.3015783
-0.2965630
-0.2974390
-0.2987842
-0.3007665
-0.3097183
-0.3255246
-0.3367315
-0.3301315
-0.3029759
-0.2650393
-0.2305206
-0.2087233
-0.2005675
-0.2013062
-0.2053981
-0.2095172
-0.2127799
-0.2159062
-0.2204308
-0.2273248
-0.2352549
-0.2407515
-0.2412037
-0.2377847
-0.2348429
-0.2361049
-0.2412919
-0.2462232
-0.2465453
-0.2419937
-0.2366553
-0.2339022
-0.2311082
-0.2210502
-0.1997116
-0.1720014
-0.1484683
-0.1358841
-0.1311171
-0.1244132
-0.1091103
-0.0883487
-0.0715555
-0.0636745
-0.0587368
-0.0455661
-0.0197095
0.0118508
0.0382953
0.0558466
0.0698514
0.0866637
0.1054389
0.1196295
0.1262457
0.1308642
0.1408364
0.1547838
0.1636279
0.1651429
0.1756619
0.2240072
0.3333241
0.5090981
0.7401834
1.0015911
1.2492035
1.4162698
1.4316340
1.2609977
0.9412410
0.5713518
0.2576461
0.0549064
-0.0493187
-0.1014409
-0.1376442
-0.1674545
-0.1873647
-0.1983911
-0.2077317
-0.2191863
-0.2286565
-0.2308442
-0.2276928
-0.2272380
-0.2342318
-0.2445292
-0.2501799
-0.2484108
-0.2434909
-0.2404022
-0.2389538
-0.2347353
-0.2246218
-0.2106381
-0.1988125
-0.1943059
-0.1971690
-0.2027217
-0.2060934
-0.2060053
-0.2041735
-0.2021513
-0.1995774
-0.1948322
-0.1864913
-0.1744025
-0.1599064
-0.1447099
-0.1291835
-0.1121558
-0.0926354
-0.0712428
-0.0496974
-0.0292612
-0.0096240
0.0111599
0.0351193
0.0615097
0.0856524
0.1022574
0.1106058
0.1153835
0.1215689
0.1289811
0.1323290
0.1263304
0.1107412
0.0909401
0.0738469
0.0629928
0.0572412
0.0536040
0.0501575
0.0462301
0.0416084
0.0368353
0.0330492
0.0301034
0.0260442
0.0203790
0.0168132
0.0196438
0.0267330
0.0290923
0.0205887
0.0075219
0.0045595
0.0177676
0.0332490
0.0288995
0.0022985
-0.0149285
0.0239430
0.1452434
0.3390441
0.5743884
0.8188289
1.0347626
1.1638097
1.1362831
0.9173227
0.5514836
0.1545163
-0.1531594
-0.3178591
-0.3681636
-0.3684939
-0.3623762
-0.3561484
-0.3421467
-0.3221373
-0.3058070
-0.2965738
-0.2883206
-0.2757996
-0.2624719
-0.2554738
-0.2556368
-0.2562443
-0.2518360
-0.2449000
-0.2413310
-0.2411914
-0.2381974
-0.2291726
-0.2202373
-0.2205956
-0.2316933
-0.2454358
-0.2530713
-0.2538407
-0.2544775
-0.2615621
-0.2751851
-0.2896619
-0.2995595
-0.3041913
-0.3061724
-0.3070254
-0.3057907
-0.3014000
-0.2945060
-0.2867237
-0.2795211
-0.2740116
-0.2701361
-0.2653663
-0.2556299
-0.2387503
-0.2167097
-0.1940522
-0.1740896
-0.1564599
-0.1381308
-0.1172305
-0.0961236
-0.0796823
-0.0696973
-0.0620064
-0.0504467
-0.0332091
-0.0143946
0.0001878
0.0082706
0.0134938
0.0235037
0.0438321
0.0712278
0.0939182
0.1018239
0.0980289
0.0980020
0.1140844
0.1397837
0.1527657
0.1391044
0.1171752
0.1337802
0.2306678
0.4130664
0.6519192
0.9124429
1.1701049
1.3937402
1.5232317
1.4844085
1.2433175
0.8510836
0.4290542
0.0976882
-0.0927195
-0.1728556
-0.2064874
-0.2354997
-0.2645423
-0.2832343
-0.2901243
-0.2948185
-0.3059364
-0.3234472
-0.3413000
-0.3534961
-0.3569214
-0.3508850
-0.3366793
-0.3182696
-0.3015020
-0.2900112
-0.2816315
-0.2709431
-0.2562533
-0.2422120
-0.2341283
-0.2310842
-0.2264270
-0.2146994
-0.1971194
-0.1805412
-0.1714189
-0.1701555
-0.1710724
-0.1684894
-0.1626001
-0.1583099
-0.1587021
-0.1614549
-0.1619072
-0.1578630
-0.1506764
-0.1429858
-0.1362808
-0.1299874
-0.1223839
-0.1126153
-0.1015814
-0.0905889
-0.0800778
-0.0704586
-0.0629370
-0.0580409
-0.0544031
-0.0508935
-0.0492827
-0.0526368
-0.0609589
-0.0701315
-0.0757740
-0.0772740
-0.0774076
-0.0779448
-0.0758516
-0.0651050
-0.0439462
-0.0196629
-0.0032295
0.0018207
0.0028592
0.0091896
0.0219089
0.0347581
0.0431069
0.0487776
0.0558842
0.0649099
0.0733488
0.0815617
0.0944254
0.1137491
0.1305415
0.1319056
0.1212619
0.1289949
0.1954570
0.3402079
0.5499219
0.7949608
1.0488704
1.2835618
1.4487144
1.4716746
1.2971412
0.9394210
0.4950678
0.0931828
-0.1799461
-0.3183827
-0.3704038
-0.3842251
-0.3789389
-0.3555778
-0.3202436
-0.2894311
-0.2767222
-0.2807465
-0.2886430
-0.2900648
-0.2857561
-0.2822352
-0.2809516
-0.2761595
-0.2632948
-0.2459544
-0.2327647
-0.2288842
-0.2316640
-0.2333745
-0.2275706
-0.2144418
-0.2010854
-0.1956796
-0.2006540
-0.2116782
-0.2224407
-0.2291178
-0.2313375
-0.2315195
-0.2335629
-0.2399231
-0.2489747
-0.2562433
-0.2585096
-0.2560286
-0.2511921
-0.2460054
-0.2402865
-0.2313834
-0.2165182
-0.1964006
-0.1753361
-0.1565024
-0.1383800
-0.1173672
-0.0928717
-0.0683907
-0.0484904
-0.0357484
-0.0292024
-0.0243103
-0.0157712
-0.0023439
0.0114434
0.0195099
0.0200674
0.0171764
0.0171787
0.0233785
0.0332133
0.0411525
0.0456279
0.0518158
0.0651107
0.0830502
0.0975776
0.1053825
0.1114970
0.1205491
0.1284045
0.1277216
0.1232576
0.1398039
0.2118811
0.3618920
0.5846846
0.8498763
1.1146121
1.3308615
1.4458889
1.4120434
1.2130092
0.8860766
0.5133440
0.1825438
-0.0528140
-0.1866798
-0.2454718
-0.2630800
-0.2643479
-0.2626278
-0.2642210
-0.2708147
-0.2797606
-0.2871877
-0.2925403
-0.2976945
-0.3013379
-0.2979727
-0.2844930
-0.2651238
-0.2475464
-0.2355756
-0.2272018
-0.2185468
-0.2083651
-0.1993030
-0.1951791
-0.1963096
-0.1978468
-0.1940081
-0.1836222
-0.1705188
-0.1597658
-0.1552766
-0.1593113
-0.1709950
-0.1855974
-0.1980254
-0.2072425
-0.2154548
-0.2233758
-0.2282629
-0.2264668
-0.2166825
-0.2014570
-0.1864969
-0.1768296
-0.1718295
-0.1652868
-0.1521298
-0.1341052
-0.1175916
-0.1070260
-0.1014726
-0.0962358
-0.0871123
-0.0747730
-0.0654393
-0.0649825
-0.0717058
-0.0774470
-0.0765667
-0.0710962
-0.0659521
-0.0620279
-0.0559483
-0.0446830
-0.0285555
-0.0106879
0.0055029
0.0189237
0.0314089
0.0458045
0.0643685
0.0885692
0.1168828
0.1414892
0.1530615
0.1556792
0.1752932
0.2458586
0.3839053
0.5787837
0.8064892
1.0453648
1.2716220
1.4412813
1.4878531
1.3547309
1.0440303
0.6356492
0.2480976
-0.0320076
-0.1908792
-0.2683746
-0.3087094
-0.3314819
-0.3386768
-0.3341728
-0.3298632
-0.3356425
-0.3484630
-0.3547927
-0.3452939
-0.3253983
-0.3088976
-0.3024102
-0.2997991
-0.2914964
-0.2752692
-0.2569976
-0.2440112
-0.2384139
-0.2344645
-0.2225094
-0.1983593
-0.1690595
-0.1470657
-0.1387909
-0.1405909
-0.1445441
-0.1453544
-0.1428783
-0.1412274
-0.1449434
-0.1535431
-0.1605934
-0.1602674
-0.1535851
-0.1462693
-0.1421989
-0.1410597
-0.1405234
-0.1384624
-0.1345123
-0.1308624
-0.1294079
-0.1271423
-0.1176064
-0.0987955
-0.0768075
-0.0598514
-0.0511946
-0.0491371
-0.0505695
-0.0527715
-0.0545797
-0.0574512
-0.0630750
-0.0691640
-0.0702972
-0.0636156
-0.0512508
-0.0370479
-0.0234071
-0.0108513
0.0021535
0.0182370
0.0372590
0.0549251
0.0684201
0.0811474
0.0975270
0.1151823
0.1278073
0.1349991
0.1434979
0.1574477
0.1717181
0.1781422
0.1793204
0.1971195
0.2658649
0.4114023
0.6324232
0.9013089
1.1789207
1.4206600
1.5700463
1.5648815
1.3706604
1.0156884
0.5898111
0.2016507
-0.0742281
-0.2245196
-0.2851368
-0.3043303
-0.3120039
-0.3161466
-0.3171784
-0.3165959
-0.3142748
-0.3073839
-0.2951781
-0.2799498
-0.2622557
-0.2404496
-0.2161843
-0.1956774
-0.1839294
-0.1805496
-0.1811695
-0.1803498
-0.1748701
-0.1677106
-0.1665567
-0.1742317
-0.1829465
-0.1825284
-0.1723657
-0.1612241
-0.1575268
-0.1633681
-0.1751565
-0.1863972
-0.1926879
-0.1969870
-0.2063410
-0.2207557
-0.2302074
-0.2264127
-0.2131119
-0.2009069
-0.1957328
-0.1953233
-0.1929695
-0.1822404
-0.1619399
-0.1380574
-0.1168516
-0.0960036
-0.0682744
-0.0338605
-0.0021251
0.0199369
0.0342164
0.0452738
0.0539569
0.0587194
0.0584114
0.0536079
0.0493275
0.0540970
0.0703581
0.0882475
0.0956965
0.0927245
0.0893181
0.0916069
0.0966997
0.0988141
0.0945016
0.0845065
0.0754973
0.0758261
0.0843273
0.0883009
0.0783216
0.0600824
0.0461840
0.0414042
0.0409698
0.0379109
0.0282158
0.0150173
0.0103106
0.0237308
0.0459676
0.0535874
0.0371622
0.0181497
0.0339254
0.1125609
0.2629667
0.4775625
0.7354036
1.0032096
1.2323788
1.3556676
1.3054798
1.0622610
0.6900293
0.3076915
0.0145979
-0.1574823
-0.2327572
-0.2529193
-0.2497169
-0.2359787
-0.2124148
-0.1835968
-0.1626214
-0.1560263
-0.1549666
-0.1510032
-0.1495733
-0.1563120
-0.1625179
-0.1590188
-0.1536583
-0.1597155
-0.1762865
-0.1938364
-0.2095378
-0.2248809
-0.2385599
-0.2520403
-0.2700620
-0.2877044
-0.2925790
-0.2867856
-0.2871403
-0.2963000
-0.2966669
-0.2816608
-0.2678467
-0.2658921
-0.2651874
-0.2567807
-0.2448031
-0.2278011
-0.1985214
-0.1677388
-0.1545278
-0.1491101
-0.1243143
-0.0859766
-0.0655064
-0.0602551
-0.0366240
0.0033436
0.0240939
0.0332279
0.0755406
0.1280525
0.0928520
-0.0561360
