-0.0900002
-0.0910284
-0.0871583
-0.0808316
-0.0764231
-0.0751339
-0.0738779
-0.0684461
-0.0572191
-0.0423393
-0.0281256
-0.0181953
-0.0130281
-0.0096197
-0.0039171
0.0056711
0.0170947
0.0273456
0.0362463
0.0469293
0.0622025
0.0809451
0.0988771
0.1130062
0.1247727
0.1384353
0.1565711
0.1774622
0.1967683
0.2114955
0.2225200
0.2337521
0.2489111
0.2684865
0.2892262
0.3067147
0.3190788
0.3284503
0.3384556
0.3499218
0.3592915
0.3618355
0.3565888
0.3476319
0.3399151
0.3337304
0.3236713
0.3033958
0.2715337
0.2329840
0.1945838
0.1595849
0.1261694
0.0910163
0.0540904
0.0198926
-0.0060081
-0.0217951
-0.0310041
-0.0395152
-0.0508911
-0.0642516
-0.0760815
-0.0837146
-0.0873257
-0.0893270
-0.0923592
-0.0974831
-0.1033644
-0.1068279
-0.1050187
-0.0982441
-0.0909144
-0.0886102
-0.0931209
-0.1004811
-0.1048337
-0.1045552
-0.1038141
-0.1073673
-0.1142987
-0.1181742
-0.1140068
-0.1044010
-0.0977525
-0.1001089
-0.1093299
-0.1175949
-0.1192809
-0.1159707
-0.1140932
-0.1184040
-0.1277921
-0.1365303
-0.1389248
-0.1333702
-0.1233059
-0.1149293
-0.1131926
-0.1185553
-0.1268128
-0.1324164
-0.1328385
-0.1302819
-0.1291447
-0.1315917
-0.1354975
-0.1367514
-0.1335710
-0.1284982
-0.1261135
-0.1287356
-0.1342953
-0.1384462
-0.1388909
-0.1376325
-0.1386810
-0.1432717
-0.1475932
-0.1459721
-0.1368589
-0.1254466
-0.1194961
-0.1217594
-0.1264005
-0.1235214
-0.1080870
-0.0849045
-0.0647226
-0.0548487
-0.0528012
-0.0485461
-0.0330656
-0.0058905
0.0241547
0.0448370
0.0480868
0.0339113
0.0087653
-0.0192683
-0.0443725
-0.0636921
-0.0760115
-0.0811884
-0.0813650
-0.0819868
-0.0900040
-0.1094118
-0.1376884
-0.1667750
-0.1883838
-0.1993807
-0.2029110
-0.2047719
-0.2083878
-0.2123851
-0.2124014
-0.2055486
-0.1938293
-0.1832631
-0.1789478
-0.1804294
-0.1821423
-0.1788127
-0.1703009
-0.1607945
-0.1535748
-0.1474635
-0.1385979
-0.1246384
-0.1063600
-0.0862101
-0.0675730
-0.0554952
-0.0540268
-0.0573625
-0.0418217
0.0297367
0.1894090
0.4446558
0.7718175
1.1227064
1.4333334
1.6308607
1.6487120
1.4567753
1.0910580
0.6522936
0.2611987
-0.0026425
-0.1321613
-0.1731754
-0.1774712
-0.1713173
-0.1584734
-0.1402138
-0.1247830
-0.1196914
-0.1225624
-0.1245773
-0.1218389
-0.1197066
-0.1248071
-0.1350887
-0.1404454
-0.1334895
-0.1181798
-0.1066553
-0.1076597
-0.1184686
-0.1279847
-0.1273779
-0.1178666
-0.1086309
-0.1073843
-0.1129093
-0.1167552
-0.1122123
-0.1013367
-0.0927351
-0.0923824
-0.0971469
-0.0980214
-0.0898605
-0.0772764
-0.0700137
-0.0722123
-0.0769443
-0.0724540
-0.0542864
-0.0308037
-0.0158923
-0.0157137
-0.0226939
-0.0229284
-0.0097529
0.0101090
0.0240193
0.0267554
0.0257935
0.0331420
0.0526801
0.0765811
0.0941863
0.1031063
0.1104580
0.1236436
0.1416704
0.1568621
0.1646597
0.1699901
0.1826763
0.2068171
0.2358178
0.2584293
0.2692761
0.2730785
0.2789493
0.2912123
0.3058578
0.3154443
0.3170276
0.3152208
0.3174984
0.3263459
0.3358552
0.3361172
0.3213928
0.2945488
0.2638349
0.2352650
0.2079015
0.1764235
0.1381590
0.0973149
0.0620379
0.0372720
0.0205281
0.0045395
-0.0159768
-0.0397886
-0.0607002
-0.0734453
-0.0784733
-0.0813340
-0.0873409
-0.0966207
-0.1042991
-0.1055699
-0.1006242
-0.0946309
-0.0929176
-0.0962563
-0.1009558
-0.1034018
-0.1039278
-0.1056978
-0.1100426
-0.1139330
-0.1128859
-0.1062227
-0.0986757
-0.0962165
-0.1002638
-0.1063024
-0.1085032
-0.1057455
-0.1027888
-0.1051738
-0.1130356
-0.1203901
-0.1208379
-0.1139012
-0.1055703
-0.1026454
-0.1066392
-0.1131481
-0.1168705
-0.1168403
-0.1165945
-0.1195901
-0.1251253
-0.1290166
-0.1278461
-0.1221264
-0.1156263
-0.1122469
-0.1134955
-0.1180979
-0.1233027
-0.1267597
-0.1279924
-0.1286326
-0.1309685
-0.1355038
-0.1395961
-0.1391224
-0.1325064
-0.1233531
-0.1183038
-0.1213601
-0.1301449
-0.1380867
-0.1404618
-0.1382474
-0.1361635
-0.1372663
-0.1396860
-0.1385649
-0.1308767
-0.1181206
-0.1044948
-0.0930045
-0.0836613
-0.0749445
-0.0659957
-0.0568414
-0.0468148
-0.0335926
-0.0147024
0.0091519
0.0318637
0.0437435
0.0373710
0.0134423
-0.0185732
-0.0463799
-0.0630041
-0.0703986
-0.0756241
-0.0836236
-0.0938384
-0.1036358
-0.1137304
-0.1283671
-0.1495710
-0.1727193
-0.1897466
-0.1969246
-0.1980719
-0.1993586
-0.2021600
-0.2026403
-0.1979992
-0.1907814
-0.1854990
-0.1824401
-0.1775872
-0.1689571
-0.1600513
-0.1547831
-0.1510778
-0.1434489
-0.1317712
-0.1224478
-0.1176883
-0.1080137
-0.0832185
-0.0517599
-0.0398483
-0.0602281
-0.0807345
-0.0334766
0.1347997
0.4192359
0.7643715
1.1093648
1.4150428
1.6443155
1.7333699
1.6107444
1.2636962
0.7832351
0.3270465
0.0215000
-0.1109675
-0.1378367
-0.1405452
-0.1537749
-0.1663814
-0.1611415
-0.1411615
-0.1221800
-0.1129606
-0.1106459
-0.1106162
-0.1128829
-0.1179168
-0.1221117
-0.1217020
-0.1192130
-0.1215643
-0.1306731
-0.1388306
-0.1361385
-0.1220474
-0.1071853
-0.1028149
-0.1096958
-0.1184420
-0.1200445
-0.1145501
-0.1094556
-0.1110852
-0.1183713
-0.1242904
-0.1223375
-0.1117897
-0.0977693
-0.0868549
-0.0821790
-0.0816763
-0.0803274
-0.0743266
-0.0639592
-0.0529890
-0.0450203
-0.0400326
-0.0344653
-0.0248845
-0.0114936
0.0021279
0.0126446
0.0201582
0.0278958
0.0388874
0.0529238
0.0667696
0.0775105
0.0857266
0.0951762
0.1092319
0.1277049
0.1471130
0.1638048
0.1768091
0.1880912
0.2004862
0.2153364
0.2316401
0.2469652
0.2590957
0.2674558
0.2739364
0.2824666
0.2964602
0.3151762
0.3326153
0.3414300
0.3389801
0.3293039
0.3185251
0.3084175
0.2950099
0.2735102
0.2438700
0.2108970
0.1792566
0.1494385
0.1190784
0.0872286
0.0559598
0.0278872
0.0036408
-0.0174949
-0.0356361
-0.0503900
-0.0624338
-0.0733194
-0.0830502
-0.0889968
-0.0886793
-0.0837785
-0.0802523
-0.0833503
-0.0924358
-0.1014625
-0.1049802
-0.1033029
-0.1014629
-0.1036289
-0.1092359
-0.1142361
-0.1151549
-0.1118185
-0.1071289
-0.1048354
-0.1069109
-0.1120808
-0.1167336
-0.1179561
-0.1163522
-0.1158800
-0.1202776
-0.1290090
-0.1367929
-0.1378698
-0.1313414
-0.1222960
-0.1174548
-0.1196226
-0.1260707
-0.1316372
-0.1331484
-0.1315671
-0.1307140
-0.1337621
-0.1401132
-0.1453077
-0.1445306
-0.1370479
-0.1276118
-0.1231672
-0.1272634
-0.1368955
-0.1448294
-0.1456802
-0.1402791
-0.1343240
-0.1329599
-0.1366768
-0.1418001
-0.1440483
-0.1416713
-0.1363099
-0.1317204
-0.1312525
-0.1354302
-0.1413827
-0.1450066
-0.1444900
-0.1421078
-0.1421058
-0.1461010
-0.1506491
-0.1503068
-0.1436109
-0.1353121
-0.1318165
-0.1346764
-0.1393999
-0.1405900
-0.1373157
-0.1331234
-0.1316989
-0.1335451
-0.1367046
-0.1393015
-0.1400621
-0.1366563
-0.1255897
-0.1057065
-0.0816690
-0.0620058
-0.0521699
-0.0496377
-0.0465221
-0.0368706
-0.0209262
-0.0027764
0.0145139
0.0300515
0.0417224
0.0437395
0.0301023
0.0015932
-0.0316983
-0.0566383
-0.0668656
-0.0668362
-0.0669639
-0.0754575
-0.0939520
-0.1185605
-0.1432564
-0.1627245
-0.1742119
-0.1786079
-0.1799556
-0.1825923
-0.1874420
-0.1911611
-0.1899198
-0.1842462
-0.1790730
-0.1782441
-0.1797561
-0.1776001
-0.1681453
-0.1536882
-0.1396806
-0.1296472
-0.1233127
-0.1181983
-0.1109944
-0.0977668
-0.0764749
-0.0525940
-0.0400878
-0.0489482
-0.0649836
-0.0433834
0.0689009
0.2958483
0.6135252
0.9662054
1.2969096
1.5590329
1.7044450
1.6787176
1.4494438
1.0497147
0.5874332
0.1951850
-0.0453483
-0.1407350
-0.1562714
-0.1538494
-0.1550927
-0.1519740
-0.1377085
-0.1204756
-0.1125643
-0.1160498
-0.1231677
-0.1271253
-0.1278136
-0.1272676
-0.1243014
-0.1169941
-0.1086335
-0.1066820
-0.1140486
-0.1238096
-0.1255893
-0.1172190
-0.1079002
-0.1084608
-0.1191412
-0.1284287
-0.1246004
-0.1079332
-0.0906565
-0.0847210
-0.0904273
-0.0976039
-0.0970069
-0.0891073
-0.0818022
-0.0812080
-0.0857316
-0.0882674
-0.0828166
-0.0690135
-0.0516044
-0.0366484
-0.0278156
-0.0246719
-0.0231630
-0.0181977
-0.0075638
0.0057149
0.0158065
0.0200714
0.0224611
0.0300144
0.0459125
0.0665916
0.0855611
0.0992232
0.1088632
0.1180727
0.1293445
0.1430468
0.1584403
0.1744869
0.1897970
0.2032493
0.2157637
0.2306568
0.2504588
0.2729931
0.2920506
0.3031397
0.3081433
0.3133548
0.3228783
0.3344653
0.3419114
0.3411852
0.3340030
0.3255005
0.3186812
0.3113385
0.2981275
0.2750404
0.2420251
0.2026514
0.1623377
0.1260162
0.0955008
0.0683924
0.0406663
0.0115067
-0.0145504
-0.0312218
-0.0369194
-0.0375396
-0.0420561
-0.0544579
-0.0699702
-0.0799152
-0.0806128
-0.0770630
-0.0776935
-0.0860471
-0.0978617
-0.1055526
-0.1049442
-0.0982093
-0.0912964
-0.0888044
-0.0909313
-0.0947989
-0.0980614
-0.1007424
-0.1039524
-0.1078678
-0.1114262
-0.1134469
-0.1135211
-0.1120405
-0.1098357
-0.1078955
-0.1072341
-0.1086061
-0.1118148
-0.1153005
-0.1172734
-0.1179066
-0.1197463
-0.1247858
-0.1311079
-0.1335211
-0.1283643
-0.1177511
-0.1087935
-0.1080418
-0.1157560
-0.1252936
-0.1289960
-0.1256713
-0.1220157
-0.1256397
-0.1364123
-0.1453883
-0.1430433
-0.1288757
-0.1127899
-0.1065406
-0.1132412
-0.1251115
-0.1315371
-0.1289438
-0.1225450
-0.1195045
-0.1220343
-0.1270911
-0.1307136
-0.1311392
-0.1285991
-0.1240705
-0.1190175
-0.1155536
-0.1155974
-0.1191711
-0.1238247
-0.1266715
-0.1273809
-0.1283720
-0.1312295
-0.1334377
-0.1298237
-0.1174780
-0.0987187
-0.0791830
-0.0634572
-0.0523547
-0.0435077
-0.0339311
-0.0220142
-0.0074910
0.0094897
0.0279297
0.0443303
0.0528437
0.0487638
0.0324036
0.0092472
-0.0138222
-0.0325757
-0.0465748
-0.0574684
-0.0669982
-0.0769105
-0.0900071
-0.1092113
-0.1338220
-0.1573980
-0.1719547
-0.1755838
-0.1746670
-0.1770768
-0.1837436
-0.1884171
-0.1857677
-0.1780807
-0.1726178
-0.1729124
-0.1745441
-0.1704722
-0.1591035
-0.1450200
-0.1324750
-0.1214794
-0.1112293
-0.1032907
-0.0973786
-0.0866868
-0.0646588
-0.0386030
-0.0290809
-0.0454710
-0.0596276
-0.0113792
0.1498821
0.4247544
0.7648113
1.1106013
1.4203008
1.6572492
1.7621380
1.6636742
1.3378553
0.8586142
0.3759814
0.0274852
-0.1418322
-0.1832403
-0.1793544
-0.1779076
-0.1787372
-0.1665356
-0.1418835
-0.1205610
-0.1140230
-0.1196606
-0.1283981
-0.1346489
-0.1369846
-0.1343663
-0.1265303
-0.1169580
-0.1114934
-0.1125628
-0.1162774
-0.1166973
-0.1126295
-0.1089974
-0.1109963
-0.1176807
-0.1223860
-0.1193923
-0.1092584
-0.0976925
-0.0904775
-0.0897026
-0.0930896
-0.0955529
-0.0925392
-0.0838295
-0.0741913
-0.0689771
-0.0685186
-0.0673925
-0.0596579
-0.0448561
-0.0288559
-0.0186388
-0.0159431
-0.0160660
-0.0130441
-0.0054465
0.0035688
0.0111699
0.0182937
0.0281057
0.0423905
0.0599720
0.0777217
0.0925938
0.1035569
0.1124092
0.1225071
0.1361194
0.1527072
0.1695534
0.1841589
0.1967093
0.2105012
0.2290576
0.2519919
0.2743762
0.2912730
0.3026381
0.3128414
0.3254815
0.3394370
0.3500304
0.3536687
0.3515633
0.3491792
0.3514546
0.3578244
0.3619666
0.3566727
0.3389652
0.3110429
0.2774930
0.2418990
0.2050551
0.1657271
0.1236670
0.0821526
0.0466936
0.0205630
0.0019713
-0.0140426
-0.0312136
-0.0493814
-0.0654346
-0.0767626
-0.0842424
-0.0915962
-0.1011291
-0.1104687
-0.1146436
-0.1115496
-0.1046335
-0.1000663
-0.1016442
-0.1080449
-0.1143145
-0.1163082
-0.1144747
-0.1131969
-0.1159328
-0.1213491
-0.1247536
-0.1229539
-0.1172909
-0.1124174
-0.1124028
-0.1171849
-0.1223411
-0.1233301
-0.1206858
-0.1199670
-0.1253818
-0.1340917
-0.1382481
-0.1330405
-0.1222549
-0.1154378
-0.1190362
-0.1299272
-0.1382703
-0.1376223
-0.1316939
-0.1298431
-0.1363323
-0.1458490
-0.1498614
-0.1456060
-0.1379176
-0.1334382
-0.1342852
-0.1372426
-0.1384502
-0.1382373
-0.1405410
-0.1474229
-0.1554778
-0.1588686
-0.1552444
-0.1475665
-0.1407736
-0.1379199
-0.1389594
-0.1415852
-0.1429919
-0.1419236
-0.1395854
-0.1384198
-0.1399640
-0.1435359
-0.1462000
-0.1443077
-0.1366952
-0.1268134
-0.1199611
-0.1171878
-0.1130989
-0.1012039
-0.0812684
-0.0606358
-0.0480490
-0.0454026
-0.0443933
-0.0319955
-0.0020679
0.0366236
0.0648056
0.0670476
0.0433440
0.0079777
-0.0223179
-0.0404470
-0.0517017
-0.0653933
-0.0835088
-0.0984661
-0.1030596
-0.1011754
-0.1059088
-0.1264312
-0.1581455
-0.1864805
-0.1999202
-0.1994954
-0.1963087
-0.1999513
-0.2093851
-0.2155614
-0.2122051
-0.2019486
-0.1917118
-0.1850124
-0.1806840
-0.1767813
-0.1726129
-0.1675555
-0.1606404
-0.1518552
-0.1420195
-0.1303793
-0.1137115
-0.0904054
-0.0665935
-0.0549309
-0.0598940
-0.0594591
-0.0055035
0.1477819
0.4093497
0.7432726
1.0916341
1.3992814
1.6162933
1.6897605
1.5745506
1.2683902
0.8389229
0.4055990
0.0781317
-0.1018606
-0.1676916
-0.1823432
-0.1878581
-0.1918114
-0.1875906
-0.1750185
-0.1616583
-0.1536566
-0.1514756
-0.1527785
-0.1557857
-0.1594020
-0.1620817
-0.1624914
-0.1616182
-0.1624276
-0.1654851
-0.1661196
-0.1591862
-0.1468027
-0.1378327
-0.1381605
-0.1441207
-0.1472999
-0.1437687
-0.1369005
-0.1327491
-0.1341820
-0.1383910
-0.1391509
-0.1325401
-0.1209815
-0.1107309
-0.1054736
-0.1034920
-0.1004479
-0.0933253
-0.0825030
-0.0719913
-0.0667462
-0.0673752
-0.0681463
-0.0625136
-0.0499421
-0.0352154
-0.0222206
-0.0110835
-0.0004933
0.0101500
0.0208869
0.0314288
0.0412857
0.0507821
0.0612162
0.0733771
0.0874126
0.1044746
0.1257098
0.1485861
0.1675208
0.1801513
0.1901891
0.2020319
0.2152352
0.2264924
0.2347884
0.2425473
0.2533642
0.2696038
0.2900247
0.3089454
0.3201491
0.3224641
0.3197499
0.3158167
0.3116177
0.3059225
0.2950988
0.2737576
0.2405756
0.2030298
0.1713590
0.1473364
0.1230194
0.0908565
0.0517100
0.0133596
-0.0157869
-0.0326999
-0.0428672
-0.0560934
-0.0761206
-0.0962639
-0.1078083
-0.1095335
-0.1061736
-0.1020189
-0.1001729
-0.1035209
-0.1111707
-0.1173520
-0.1183615
-0.1173635
-0.1189360
-0.1230273
-0.1272891
-0.1303251
-0.1298400
-0.1235880
-0.1151313
-0.1121736
-0.1163466
-0.1214108
-0.1234604
-0.1248096
-0.1263705
-0.1260845
-0.1266650
-0.1335806
-0.1429642
-0.1437356
-0.1346105
-0.1264446
-0.1254720
-0.1280382
-0.1330846
-0.1429611
-0.1504036
-0.1451042
-0.1361463
-0.1434956
-0.1607161
-0.1542635
-0.1132254
