0.5420151
0.2203182
0.0290424
-0.0466231
-0.0631754
-0.0684620
-0.0770085
-0.0815724
-0.0777811
-0.0737889
-0.0799308
-0.0960052
-0.1126673
-0.1237549
-0.1331545
-0.1479523
-0.1675447
-0.1832320
-0.1888848
-0.1888854
-0.1932418
-0.2062893
-0.2230275
-0.2365903
-0.2462503
-0.2559566
-0.2666806
-0.2736412
-0.2721539
-0.2641121
-0.2567259
-0.2557816
-0.2622736
-0.2751949
-0.2942108
-0.3174067
-0.3386173
-0.3510532
-0.3545494
-0.3564198
-0.3627134
-0.3697342
-0.3670914
-0.3499115
-0.3257083
-0.3065736
-0.2948335
-0.2793546
-0.2482352
-0.2040026
-0.1633073
-0.1407016
-0.1348663
-0.1326319
-0.1249616
-0.1156552
-0.1136015
-0.1195977
-0.1244247
-0.1201011
-0.1098193
-0.1040676
-0.1080783
-0.1166100
-0.1220501
-0.1239882
-0.1268460
-0.1293410
-0.1218334
-0.0974173
-0.0632909
-0.0367361
-0.0285771
-0.0328780
-0.0349874
-0.0287521
-0.0229559
-0.0295448
-0.0476638
-0.0627576
-0.0622820
-0.0496624
-0.0399615
-0.0421098
-0.0481320
-0.0419272
-0.0184575
0.0077227
0.0157462
0.0026421
-0.0049842
0.0352953
0.1541667
0.3535628
0.6109761
0.8920684
1.1536049
1.3383303
1.3817368
1.2421460
0.9365233
0.5475715
0.1860420
-0.0679051
-0.1990531
-0.2434584
-0.2466249
-0.2337011
-0.2106279
-0.1809342
-0.1536823
-0.1369394
-0.1299809
-0.1256862
-0.1197284
-0.1150021
-0.1164779
-0.1237298
-0.1309343
-0.1342142
-0.1365804
-0.1440126
-0.1577953
-0.1725696
-0.1819274
-0.1848240
-0.1863838
-0.1929898
-0.2064099
-0.2221852
-0.2339064
-0.2393316
-0.2419571
-0.2464940
-0.2536105
-0.2595833
-0.2604267
-0.2558017
-0.2493441
-0.2455206
-0.2456374
-0.2465923
-0.2439891
-0.2366701
-0.2277867
-0.2214443
-0.2187286
-0.2167175
-0.2107686
-0.1983266
-0.1814962
-0.1653288
-0.1522249
-0.1385020
-0.1184251
-0.0919324
-0.0665624
-0.0506875
-0.0459100
-0.0472578
-0.0500849
-0.0547116
-0.0630320
-0.0718988
-0.0734440
-0.0641749
-0.0510737
-0.0436167
-0.0394982
-0.0244229
0.0094397
0.0488923
0.0716948
0.0757314
0.0919052
0.1637791
0.3149087
0.5374755
0.8077730
1.1004399
1.3778121
1.5709337
1.5932034
1.3967955
1.0250434
0.6020822
0.2579454
0.0523147
-0.0401342
-0.0822401
-0.1179010
-0.1536584
-0.1784335
-0.1883939
-0.1917352
-0.1974165
-0.2068397
-0.2165025
-0.2233660
-0.2252182
-0.2198453
-0.2082875
-0.1974130
-0.1946710
-0.1993345
-0.2018399
-0.1935495
-0.1761627
-0.1604834
-0.1562496
-0.1636555
-0.1749321
-0.1839240
-0.1926633
-0.2066510
-0.2242976
-0.2347132
-0.2287310
-0.2110566
-0.1986794
-0.2057825
-0.2300919
-0.2544165
-0.2625065
-0.2540340
-0.2430650
-0.2410740
-0.2437384
-0.2375377
-0.2180267
-0.1965027
-0.1864768
-0.1869352
-0.1827969
-0.1616909
-0.1277443
-0.0975146
-0.0829744
-0.0799985
-0.0744791
-0.0584425
-0.0374409
-0.0220168
-0.0158223
-0.0149706
-0.0162955
-0.0213994
-0.0320194
-0.0448196
-0.0529912
-0.0524575
-0.0455368
-0.0381733
-0.0335654
-0.0293322
-0.0218779
-0.0120749
-0.0035360
0.0045477
0.0183859
0.0409723
0.0663647
0.0883184
0.1157349
0.1759262
0.2984322
0.4931842
0.7432405
1.0168084
1.2817381
1.5035430
1.6324922
1.6083603
1.3972774
1.0325221
0.6132682
0.2517726
0.0115608
-0.1127650
-0.1657925
-0.1872699
-0.1925552
-0.1837895
-0.1675395
-0.1557889
-0.1536186
-0.1544006
-0.1504694
-0.1440414
-0.1433282
-0.1505889
-0.1592085
-0.1625498
-0.1617339
-0.1632818
-0.1710960
-0.1821656
-0.1897549
-0.1903163
-0.1870138
-0.1862737
-0.1917601
-0.2028315
-0.2174380
-0.2335307
-0.2478145
-0.2566529
-0.2595945
-0.2596024
-0.2585811
-0.2549212
-0.2469377
-0.2369016
-0.2298193
-0.2286673
-0.2314536
-0.2326655
-0.2280064
-0.2184561
-0.2087464
-0.2007461
-0.1899996
-0.1711164
-0.1455124
-0.1210178
-0.1038264
-0.0928024
-0.0817084
-0.0656994
-0.0460881
-0.0298157
-0.0232716
-0.0255608
-0.0292818
-0.0291459
-0.0278318
-0.0312993
-0.0400092
-0.0475128
-0.0474979
-0.0406339
-0.0344269
-0.0365457
-0.0472399
-0.0580577
-0.0594497
-0.0501131
-0.0378916
-0.0319432
-0.0352445
-0.0428633
-0.0443341
-0.0297718
-0.0000520
0.0277851
0.0325143
0.0136092
0.0044900
0.0562432
0.2035081
0.4427186
0.7395839
1.0522000
1.3409963
1.5559555
1.6275233
1.4946505
1.1606993
0.7207451
0.3177098
0.0552309
-0.0575316
-0.0851463
-0.0979078
-0.1216548
-0.1417032
-0.1413960
-0.1283245
-0.1237447
-0.1351037
-0.1480313
-0.1458503
-0.1298933
-0.1165408
-0.1181340
-0.1313724
-0.1432122
-0.1448302
-0.1397304
-0.1395527
-0.1518434
-0.1719427
-0.1877880
-0.1919412
-0.1870584
-0.1807463
-0.1784416
-0.1812474
-0.1870732
-0.1925499
-0.1959324
-0.1987568
-0.2030102
-0.2070391
-0.2066607
-0.2005223
-0.1925750
-0.1891917
-0.1946121
-0.2076709
-0.2214072
-0.2278966
-0.2259346
-0.2223166
-0.2229070
-0.2239192
-0.2149937
-0.1904014
-0.1552759
-0.1213993
-0.0978218
-0.0839669
-0.0706787
-0.0498081
-0.0239198
-0.0046240
-0.0004751
-0.0089525
-0.0212611
-0.0319127
-0.0416708
-0.0535403
-0.0682049
-0.0825585
-0.0919893
-0.0950353
-0.0951500
-0.0958779
-0.0953361
-0.0885691
-0.0747532
-0.0585234
-0.0442316
-0.0324006
-0.0221579
-0.0137822
-0.0078750
-0.0043657
-0.0030191
-0.0034184
-0.0045264
-0.0054004
-0.0055850
-0.0041978
-0.0008328
0.0015251
-0.0020904
-0.0116181
-0.0194446
-0.0185887
-0.0115340
-0.0074128
-0.0115085
-0.0204242
-0.0269711
-0.0277035
-0.0259385
-0.0281105
-0.0363589
-0.0453413
-0.0489161
-0.0494559
-0.0564935
-0.0751656
-0.0996415
-0.1194716
-0.1295249
-0.1326003
-0.1352010
-0.1419292
-0.1516024
-0.1580894
-0.1568990
-0.1505900
-0.1450720
-0.1411541
-0.1330427
-0.1153504
-0.0890903
-0.0610264
-0.0392236
-0.0281088
-0.0252373
-0.0236844
-0.0195402
-0.0154121
-0.0146956
-0.0153463
-0.0128343
-0.0072841
-0.0040200
-0.0078730
-0.0192756
-0.0346320
-0.0486390
-0.0580504
-0.0649888
-0.0746905
-0.0885914
-0.1018848
-0.1091691
-0.1101238
-0.1086885
-0.1092995
-0.1144683
-0.1227804
-0.1285434
-0.1267982
-0.1193561
-0.1124212
-0.1079466
-0.1017165
-0.0912773
-0.0815977
-0.0802648
-0.0889654
-0.1011290
-0.1071573
-0.1023412
-0.0906323
-0.0792514
-0.0688952
-0.0528617
-0.0280182
-0.0015589
0.0181949
0.0334342
0.0518331
0.0715818
0.0804763
0.0745446
0.0747669
0.1211223
0.2469917
0.4558537
0.7197661
0.9975190
1.2492862
1.4316174
1.4896110
1.3764042
1.0951439
0.7184140
0.3547942
0.0877755
-0.0609593
-0.1209396
-0.1355829
-0.1330128
-0.1228015
-0.1096954
-0.1019849
-0.1048492
-0.1127044
-0.1159908
-0.1139996
-0.1144438
-0.1210162
-0.1283213
-0.1304757
-0.1291304
-0.1306201
-0.1385999
-0.1511913
-0.1633951
-0.1717305
-0.1774066
-0.1837390
-0.1897958
-0.1899691
-0.1818858
-0.1706019
-0.1613778
-0.1521193
-0.1376901
-0.1191786
-0.1041400
-0.0985211
-0.1011544
-0.1050181
-0.1024258
-0.0913305
-0.0779042
-0.0701844
-0.0684166
-0.0654363
-0.0575317
-0.0503330
-0.0519356
-0.0638940
-0.0805620
-0.0938316
-0.0976893
-0.0922725
-0.0848072
-0.0829728
-0.0862128
-0.0864154
-0.0771843
-0.0594610
-0.0387843
-0.0204509
-0.0063535
0.0068140
0.0244341
0.0451135
0.0572560
0.0497753
0.0254196
-0.0009546
-0.0167926
-0.0213197
-0.0222611
-0.0266777
-0.0341065
-0.0368315
-0.0291219
-0.0173323
-0.0162752
-0.0325103
-0.0554842
-0.0691434
-0.0690303
-0.0642521
-0.0653592
-0.0737213
-0.0812025
-0.0784532
-0.0650291
-0.0511350
-0.0465981
-0.0496261
-0.0512581
-0.0490848
-0.0490089
-0.0531025
-0.0541710
-0.0458232
-0.0315678
-0.0192244
-0.0098409
0.0034901
0.0263331
0.0549210
0.0805049
0.1059354
0.1579980
0.2755387
0.4784804
0.7498516
1.0483528
1.3281538
1.5384932
1.6167184
1.5084181
1.2118087
0.8020023
0.4017970
0.1149460
-0.0278342
-0.0691524
-0.0750166
-0.0822499
-0.0896046
-0.0879677
-0.0838908
-0.0906942
-0.1091173
-0.1269811
-0.1344752
-0.1334782
-0.1334439
-0.1416766
-0.1564182
-0.1683575
-0.1708562
-0.1679493
-0.1688084
-0.1758423
-0.1833074
-0.1863061
-0.1849889
-0.1804008
-0.1726475
-0.1637504
-0.1568301
-0.1516962
-0.1453015
-0.1361374
-0.1244437
-0.1095606
-0.0911869
-0.0716676
-0.0534033
-0.0361992
-0.0202344
-0.0079784
0.0005514
0.0100055
0.0224144
0.0318037
0.0314573
0.0235376
0.0166992
0.0164445
0.0213509
0.0264075
0.0275794
0.0255724
0.0258610
0.0311470
0.0342050
0.0247537
0.0045395
-0.0116144
-0.0127211
-0.0040158
-0.0000303
-0.0101286
-0.0323590
-0.0565141
-0.0716096
-0.0745123
-0.0721731
-0.0725958
-0.0755635
-0.0765791
-0.0766198
-0.0808917
-0.0892808
-0.0948303
-0.0916236
-0.0795251
-0.0626825
-0.0479500
-0.0424180
-0.0474051
-0.0566455
-0.0639893
-0.0696489
-0.0754292
-0.0787089
-0.0762398
-0.0698401
-0.0632606
-0.0566862
-0.0484054
-0.0386660
-0.0288514
-0.0203675
-0.0160223
-0.0176572
-0.0211174
-0.0197388
-0.0146547
-0.0149848
-0.0252880
-0.0391388
-0.0479590
-0.0508624
-0.0535930
-0.0623871
-0.0798103
-0.1019872
-0.1200945
-0.1295383
-0.1364633
-0.1495482
-0.1671575
-0.1792283
-0.1805214
-0.1754112
-0.1705297
-0.1683868
-0.1668449
-0.1601255
-0.1432970
-0.1209487
-0.1073947
-0.1115716
-0.1244044
-0.1271260
-0.1102513
-0.0806119
-0.0533580
-0.0407542
-0.0442544
-0.0533111
-0.0557406
-0.0516731
-0.0519968
-0.0612514
-0.0696148
-0.0655502
-0.0495964
-0.0316869
-0.0208006
-0.0204786
-0.0285303
-0.0379282
-0.0429882
-0.0465951
-0.0566040
-0.0747581
-0.0944278
-0.1086167
-0.1145226
-0.1123551
-0.1070895
-0.1093498
-0.1256590
-0.1479206
-0.1600037
-0.1546464
-0.1380800
-0.1200435
-0.1059267
-0.0968708
-0.0909974
-0.0854329
-0.0810097
-0.0817238
-0.0863137
-0.0864730
-0.0785608
-0.0707495
-0.0722884
-0.0812333
-0.0888500
-0.0908726
-0.0887509
-0.0849197
-0.0821313
-0.0827656
-0.0842978
-0.0795541
-0.0644381
-0.0418086
-0.0178232
0.0002411
0.0058400
0.0044894
0.0245054
0.1046271
0.2649182
0.4941946
0.7638222
1.0416085
1.2881748
1.4507846
1.4738113
1.3248351
1.0218405
0.6410350
0.2868541
0.0350317
-0.1037571
-0.1662586
-0.1911543
-0.1960006
-0.1862603
-0.1684802
-0.1515466
-0.1426340
-0.1430064
-0.1453058
-0.1396212
-0.1264040
-0.1177276
-0.1214690
-0.1310312
-0.1355471
-0.1330526
-0.1284244
-0.1255104
-0.1266161
-0.1332219
-0.1426089
-0.1495724
-0.1539620
-0.1598239
-0.1662346
-0.1679268
-0.1664225
-0.1707067
-0.1841660
-0.1994156
-0.2080678
-0.2077531
-0.1989476
-0.1835607
-0.1676005
-0.1575407
-0.1536388
-0.1526326
-0.1542633
-0.1582922
-0.1596257
-0.1550799
-0.1505045
-0.1518937
-0.1538212
-0.1464655
-0.1304913
-0.1157946
-0.1084831
-0.1065311
-0.1045630
-0.0966598
-0.0791906
-0.0563009
-0.0369862
-0.0226134
-0.0050250
0.0187373
0.0391293
0.0470581
0.0454874
0.0429219
0.0436074
0.0482562
0.0554479
0.0583594
0.0492027
0.0306742
0.0146364
0.0070274
0.0024511
-0.0053004
-0.0164348
-0.0290328
-0.0402229
-0.0438934
-0.0369759
-0.0273741
-0.0263472
-0.0341391
-0.0410351
-0.0390033
-0.0242141
0.0050581
0.0412808
0.0647724
0.0632882
0.0546648
0.0805511
0.1781123
0.3610897
0.6180787
0.9154865
1.2028336
1.4228045
1.5199064
1.4510274
1.2113615
0.8602057
0.5037263
0.2320202
0.0699829
-0.0125674
-0.0569040
-0.0867862
-0.1068524
-0.1134578
-0.1080750
-0.1027955
-0.1083805
-0.1198205
-0.1241615
-0.1204336
-0.1189882
-0.1226179
-0.1229739
-0.1162426
-0.1086466
-0.1052718
-0.1054919
-0.1095390
-0.1182801
-0.1272198
-0.1309850
-0.1317209
-0.1340281
-0.1360821
-0.1349343
-0.1341066
-0.1359196
-0.1339111
-0.1237327
-0.1136248
-0.1127250
-0.1165076
-0.1146363
-0.1060226
-0.0965864
-0.0896008
-0.0862015
-0.0870833
-0.0872060
-0.0785125
-0.0633330
-0.0539911
-0.0543357
-0.0540435
-0.0457076
-0.0341870
-0.0245297
-0.0145199
-0.0039359
0.0021972
0.0038891
0.0073611
0.0131254
0.0144436
0.0083080
-0.0034768
-0.0220771
-0.0475998
-0.0707287
-0.0826780
-0.0898288
-0.1038443
-0.1213747
-0.1285634
-0.1217499
-0.1095546
-0.0988597
-0.0917196
-0.0905526
-0.0940312
-0.0940871
-0.0877298
-0.0837482
-0.0879523
-0.0920389
-0.0869000
-0.0756323
-0.0642563
-0.0525650
-0.0430661
-0.0441093
-0.0540161
-0.0568583
-0.0444794
-0.0289448
-0.0234304
-0.0235306
-0.0160047
0.0047510
0.0337828
0.0590330
0.0692207
0.0735499
0.1115852
0.2251831
0.4202242
0.6697735
0.9444138
1.2115517
1.4075766
1.4461588
1.2760698
0.9281509
0.5064068
0.1365585
-0.0959315
-0.1864058
-0.1960498
-0.1882030
-0.1829594
-0.1740981
-0.1642920
-0.1625444
-0.1647052
-0.1613832
-0.1561244
-0.1574787
-0.1627145
-0.1647206
-0.1647841
-0.1663615
-0.1680827
-0.1721248
-0.1845967
-0.1996393
-0.2005629
-0.1845119
-0.1676599
-0.1595863
-0.1524818
-0.1412147
-0.1324261
-0.1279990
-0.1209680
-0.1125503
-0.1120707
-0.1170332
-0.1146051
-0.1041966
-0.0972413
-0.0951476
-0.0889580
-0.0786813
-0.0718776
-0.0675120
-0.0620031
-0.0638852
-0.0805329
-0.0990803
-0.1027104
-0.0961834
-0.0940437
-0.0955130
-0.0922943
-0.0877860
-0.0875377
-0.0849371
-0.0759913
-0.0725112
-0.0824432
-0.0945821
-0.0992843
-0.1046963
-0.1172546
-0.1279126
-0.1320343
-0.1396021
-0.1525897
-0.1569647
-0.1489210
-0.1431932
-0.1452618
-0.1422769
-0.1297569
-0.1190998
-0.1121238
-0.0973178
-0.0763430
-0.0650561
-0.0655316
-0.0658625
-0.0664861
-0.0764663
-0.0877248
-0.0846809
-0.0735746
-0.0705318
-0.0697773
-0.0568687
-0.0421072
-0.0459770
-0.0625539
-0.0706335
-0.0688838
-0.0694507
-0.0718109
-0.0706933
-0.0709640
-0.0702547
-0.0526350
-0.0235140
-0.0171119
-0.0391811
-0.0351750
0.0535617
0.2317816
0.4716151
0.7519596
1.0447668
1.2936937
1.4347362
1.4193185
1.2194474
0.8589560
0.4474624
0.1257609
-0.0470675
-0.1166861
-0.1450373
-0.1518196
-0.1431242
-0.1328655
-0.1207703
-0.0990589
-0.0858600
-0.1047005
-0.1372171
-0.1479450
-0.1437124
-0.1539393
-0.1707406
-0.1676670
-0.1558982
-0.1606589
-0.1671539
-0.1514906
-0.1355643
-0.1495464
-0.1737881
-0.1776136
-0.1750446
-0.1838795
-0.1790538
-0.1461882
-0.1254622
-0.1425711
-0.1576789
-0.1401697
-0.1243938
-0.1359380
-0.1413791
-0.1253308
-0.1297188
-0.1639756
-0.1724474
-0.1405415
-0.1274808
-0.1486871
-0.1437761
-0.1026259
-0.0917399
-0.1176724
-0.1094689
-0.0687614
-0.0746232
-0.1129656
-0.0853261
-0.0095658
-0.0034941
-0.0511844
-0.0243602
0.0498151
0.0225417
-0.0595407
-0.0065609
0.1126756
0.0325969
-0.1502024
0.0383443
0.6816081
