-0.1025708
-0.0977663
-0.0960315
-0.0934790
-0.0850267
-0.0690560
-0.0487604
-0.0294025
-0.0144242
-0.0035641
0.0061897
0.0180476
0.0331515
0.0500668
0.0663381
0.0807982
0.0945248
0.1095833
0.1269875
0.1460290
0.1653234
0.1839006
0.2010355
0.2155656
0.2261665
0.2324709
0.2354699
0.2365547
0.2364699
0.2354093
0.2335098
0.2302345
0.2231511
0.2085513
0.1847232
0.1548022
0.1252531
0.1003987
0.0783979
0.0533581
0.0219138
-0.0123765
-0.0413412
-0.0588702
-0.0655392
-0.0674087
-0.0709883
-0.0790833
-0.0901739
-0.1005348
-0.1069688
-0.1087369
-0.1080047
-0.1084012
-0.1122285
-0.1183787
-0.1231047
-0.1233455
-0.1195440
-0.1151264
-0.1132000
-0.1139158
-0.1150936
-0.1151339
-0.1149412
-0.1168895
-0.1220695
-0.1287088
-0.1333468
-0.1337054
-0.1307063
-0.1278226
-0.1281487
-0.1315987
-0.1348526
-0.1344430
-0.1302187
-0.1254844
-0.1231273
-0.1215242
-0.1150011
-0.0992037
-0.0761659
-0.0534328
-0.0374027
-0.0272352
-0.0155471
0.0044206
0.0317460
0.0572497
0.0696762
0.0632064
0.0405612
0.0102919
-0.0187356
-0.0415481
-0.0578405
-0.0700277
-0.0808984
-0.0927424
-0.1078349
-0.1284776
-0.1553350
-0.1852973
-0.2117155
-0.2280712
-0.2323401
-0.2279380
-0.2204309
-0.2136477
-0.2089150
-0.2066553
-0.2066721
-0.2064603
-0.2014641
-0.1895511
-0.1748408
-0.1640272
-0.1574097
-0.1466719
-0.1261457
-0.1056995
-0.1046713
-0.1245168
-0.1269746
-0.0480824
0.1557469
0.4706656
0.8335401
1.1748868
1.4499533
1.6295055
1.6743264
1.5400382
1.2209903
0.7870363
0.3628707
0.0562619
-0.1032202
-0.1619591
-0.1861595
-0.2093897
-0.2267640
-0.2253451
-0.2091694
-0.1953167
-0.1944964
-0.2021935
-0.2076888
-0.2068546
-0.2043881
-0.2062406
-0.2127193
-0.2186944
-0.2185912
-0.2107782
-0.1986326
-0.1884047
-0.1851089
-0.1887774
-0.1942297
-0.1953945
-0.1906927
-0.1841316
-0.1807615
-0.1811453
-0.1806213
-0.1740472
-0.1611181
-0.1470765
-0.1383196
-0.1370254
-0.1394814
-0.1394552
-0.1336556
-0.1244255
-0.1170161
-0.1137538
-0.1108481
-0.1016005
-0.0834030
-0.0613860
-0.0443140
-0.0363320
-0.0330214
-0.0260796
-0.0117662
0.0058843
0.0203818
0.0305860
0.0423167
0.0619811
0.0891539
0.1161457
0.1350933
0.1451958
0.1527611
0.1643923
0.1806148
0.1962802
0.2066751
0.2125757
0.2192314
0.2308332
0.2462017
0.2594688
0.2644493
0.2585999
0.2438381
0.2244764
0.2041359
0.1834808
0.1601689
0.1315318
0.0983538
0.0660792
0.0410881
0.0247072
0.0112388
-0.0068414
-0.0311403
-0.0553453
-0.0716198
-0.0787268
-0.0829480
-0.0907690
-0.1015843
-0.1085943
-0.1066936
-0.0984042
-0.0915632
-0.0918988
-0.0986174
-0.1066605
-0.1117848
-0.1129475
-0.1111153
-0.1076202
-0.1040239
-0.1021730
-0.1029073
-0.1046881
-0.1045752
-0.1012520
-0.0966999
-0.0942409
-0.0950446
-0.0972252
-0.0984598
-0.0986434
-0.0992169
-0.1002911
-0.0995897
-0.0947435
-0.0859572
-0.0755201
-0.0648115
-0.0528660
-0.0386202
-0.0239155
-0.0127268
-0.0065024
-0.0008594
0.0116916
0.0348063
0.0639590
0.0890429
0.1012049
0.0975811
0.0808965
0.0563594
0.0295215
0.0055244
-0.0122772
-0.0245858
-0.0365618
-0.0542413
-0.0792747
-0.1070661
-0.1305499
-0.1461482
-0.1562579
-0.1661608
-0.1785178
-0.1905028
-0.1961140
-0.1918359
-0.1807663
-0.1709010
-0.1680884
-0.1699765
-0.1677837
-0.1552469
-0.1354502
-0.1173169
-0.1054701
-0.0963207
-0.0862214
-0.0803752
-0.0862343
-0.0932571
-0.0627149
0.0531580
0.2749090
0.5775755
0.9085783
1.2197807
1.4768563
1.6406848
1.6560285
1.4791164
1.1268444
0.6936157
0.3058914
0.0474713
-0.0795484
-0.1287267
-0.1519465
-0.1669841
-0.1693988
-0.1600270
-0.1525593
-0.1584737
-0.1739526
-0.1857396
-0.1867859
-0.1823347
-0.1815010
-0.1866161
-0.1922709
-0.1925548
-0.1868171
-0.1788706
-0.1727780
-0.1700765
-0.1696084
-0.1687945
-0.1657125
-0.1611712
-0.1585876
-0.1605365
-0.1649293
-0.1656253
-0.1580610
-0.1443835
-0.1322485
-0.1279998
-0.1310592
-0.1350464
-0.1340405
-0.1274761
-0.1193515
-0.1134908
-0.1098623
-0.1049390
-0.0950569
-0.0796483
-0.0619190
-0.0465654
-0.0362398
-0.0295824
-0.0225729
-0.0120609
0.0017556
0.0160639
0.0283847
0.0388458
0.0499754
0.0645916
0.0835957
0.1050474
0.1249960
0.1398354
0.1490034
0.1558354
0.1650060
0.1780849
0.1915834
0.2002935
0.2030445
0.2044748
0.2101495
0.2199159
0.2268950
0.2235554
0.2085685
0.1874590
0.1669028
0.1489041
0.1302938
0.1069420
0.0779281
0.0463451
0.0172680
-0.0049879
-0.0190933
-0.0277032
-0.0360821
-0.0482692
-0.0635931
-0.0772732
-0.0851811
-0.0880717
-0.0906954
-0.0966625
-0.1045838
-0.1095303
-0.1080703
-0.1016109
-0.0950205
-0.0924510
-0.0944652
-0.0984475
-0.1010761
-0.1006397
-0.0979455
-0.0955469
-0.0956499
-0.0980468
-0.0999836
-0.0984826
-0.0931241
-0.0866047
-0.0826008
-0.0830210
-0.0868741
-0.0911630
-0.0928629
-0.0909594
-0.0875501
-0.0867314
-0.0908909
-0.0968458
-0.0962510
-0.0819738
-0.0556355
-0.0282961
-0.0118359
-0.0085002
-0.0090988
-0.0018702
0.0170627
0.0418425
0.0639568
0.0793850
0.0886195
0.0917209
0.0859067
0.0687819
0.0426567
0.0142058
-0.0102465
-0.0285744
-0.0426463
-0.0560338
-0.0725495
-0.0951412
-0.1234427
-0.1517458
-0.1715205
-0.1784127
-0.1770285
-0.1771678
-0.1841696
-0.1936134
-0.1966652
-0.1902370
-0.1802139
-0.1742367
-0.1732047
-0.1716212
-0.1648157
-0.1523982
-0.1343872
-0.1091201
-0.0802895
-0.0637983
-0.0775302
-0.1153834
-0.1326317
-0.0670611
0.1163023
0.3994853
0.7306751
1.0635930
1.3688220
1.6056705
1.6996583
1.5741919
1.2221341
0.7444030
0.3026028
0.0170190
-0.1010134
-0.1265546
-0.1401420
-0.1686881
-0.1925477
-0.1913771
-0.1723906
-0.1586715
-0.1625423
-0.1769432
-0.1886045
-0.1924811
-0.1925021
-0.1936093
-0.1972091
-0.2027845
-0.2096424
-0.2156147
-0.2165276
-0.2098073
-0.1986997
-0.1908922
-0.1915337
-0.1979838
-0.2024199
-0.1997266
-0.1922533
-0.1866964
-0.1868781
-0.1900022
-0.1897094
-0.1822909
-0.1698785
-0.1580477
-0.1508103
-0.1479320
-0.1464495
-0.1439233
-0.1399850
-0.1354471
-0.1308168
-0.1257607
-0.1193434
-0.1103671
-0.0978982
-0.0821908
-0.0652763
-0.0501044
-0.0383973
-0.0290824
-0.0191105
-0.0062018
0.0091185
0.0243058
0.0375795
0.0498000
0.0635999
0.0807054
0.0998939
0.1173215
0.1291962
0.1350375
0.1387674
0.1458942
0.1584629
0.1724154
0.1806490
0.1795494
0.1726081
0.1669741
0.1659165
0.1648569
0.1554135
0.1336080
0.1038614
0.0748049
0.0515179
0.0320982
0.0113100
-0.0132120
-0.0383979
-0.0585619
-0.0703032
-0.0750853
-0.0777527
-0.0826823
-0.0908223
-0.0997411
-0.1061872
-0.1087905
-0.1088093
-0.1087100
-0.1100904
-0.1126656
-0.1147937
-0.1147235
-0.1116787
-0.1065985
-0.1023262
-0.1023895
-0.1082078
-0.1169264
-0.1228790
-0.1224262
-0.1175930
-0.1142108
-0.1159009
-0.1201331
-0.1208485
-0.1151701
-0.1070101
-0.1033461
-0.1068295
-0.1127491
-0.1139851
-0.1088079
-0.1028595
-0.1026493
-0.1071518
-0.1067077
-0.0914329
-0.0615547
-0.0292606
-0.0091157
-0.0052812
-0.0076560
-0.0010138
0.0212996
0.0517966
0.0757825
0.0832140
0.0745287
0.0569903
0.0373850
0.0184503
0.0003208
-0.0171720
-0.0343550
-0.0522132
-0.0712803
-0.0903906
-0.1082617
-0.1266029
-0.1495644
-0.1780844
-0.2054422
-0.2210148
-0.2200002
-0.2086987
-0.1989126
-0.1972159
-0.2005284
-0.2017051
-0.1974943
-0.1900797
-0.1825912
-0.1755309
-0.1673018
-0.1556644
-0.1382290
-0.1151117
-0.0939014
-0.0879166
-0.1002916
-0.1047418
-0.0476886
0.1186137
0.3966201
0.7358390
1.0655778
1.3338285
1.5130957
1.5762409
1.4850447
1.2198820
0.8237821
0.4050933
0.0801973
-0.0975418
-0.1583525
-0.1719429
-0.1864820
-0.2061207
-0.2145386
-0.2067211
-0.1946629
-0.1904330
-0.1934915
-0.1961350
-0.1954342
-0.1951209
-0.1977638
-0.2003053
-0.1989616
-0.1953893
-0.1948484
-0.1988166
-0.2020825
-0.1982748
-0.1871343
-0.1751574
-0.1693880
-0.1713975
-0.1770324
-0.1806988
-0.1792893
-0.1731760
-0.1652543
-0.1593382
-0.1578829
-0.1597169
-0.1601772
-0.1547249
-0.1430863
-0.1295809
-0.1191539
-0.1132668
-0.1096193
-0.1052401
-0.0992184
-0.0925244
-0.0858771
-0.0783573
-0.0680395
-0.0536072
-0.0353923
-0.0153987
0.0034524
0.0188241
0.0307081
0.0417035
0.0547015
0.0698498
0.0843477
0.0958193
0.1056024
0.1179960
0.1360131
0.1581092
0.1791993
0.1947243
0.2037348
0.2085512
0.2121871
0.2162945
0.2207470
0.2239718
0.2233814
0.2164883
0.2027171
0.1841635
0.1639008
0.1432609
0.1210571
0.0955850
0.0670799
0.0380153
0.0111842
-0.0122508
-0.0328321
-0.0511886
-0.0665888
-0.0772387
-0.0820785
-0.0824113
-0.0818872
-0.0845571
-0.0919397
-0.1011984
-0.1067705
-0.1053962
-0.1003260
-0.0995136
-0.1080022
-0.1217244
-0.1299579
-0.1251611
-0.1106312
-0.0978800
-0.0960020
-0.1037497
-0.1122158
-0.1146950
-0.1128852
-0.1133401
-0.1192028
-0.1267545
-0.1297922
-0.1260696
-0.1189810
-0.1138298
-0.1132867
-0.1161329
-0.1194350
-0.1214866
-0.1229466
-0.1254515
-0.1288856
-0.1295662
-0.1214876
-0.1009313
-0.0714010
-0.0437013
-0.0288036
-0.0282036
-0.0307835
-0.0206800
0.0094252
0.0508081
0.0836733
0.0909256
0.0700815
0.0343598
0.0025329
-0.0143127
-0.0190292
-0.0236785
-0.0386634
-0.0649049
-0.0949664
-0.1211399
-0.1425059
-0.1641885
-0.1899003
-0.2159589
-0.2334747
-0.2365184
-0.2277126
-0.2158651
-0.2086786
-0.2075911
-0.2083378
-0.2053140
-0.1958907
-0.1822379
-0.1697618
-0.1624366
-0.1579347
-0.1481795
-0.1281032
-0.1054177
-0.0973582
-0.1099012
-0.1165902
-0.0629872
0.0983877
0.3708885
0.7090980
1.0492250
1.3407742
1.5485083
1.6336755
1.5523007
1.2883228
0.8913627
0.4711820
0.1398117
-0.0524686
-0.1319751
-0.1600048
-0.1796000
-0.1972903
-0.2030687
-0.1956388
-0.1860086
-0.1839180
-0.1885952
-0.1936496
-0.1964187
-0.1993077
-0.2038103
-0.2072070
-0.2063079
-0.2020666
-0.1983384
-0.1968705
-0.1955673
-0.1919232
-0.1864996
-0.1819552
-0.1794452
-0.1772931
-0.1734207
-0.1681957
-0.1640150
-0.1620849
-0.1604103
-0.1557010
-0.1471556
-0.1376570
-0.1308982
-0.1276750
-0.1253345
-0.1207046
-0.1133324
-0.1059131
-0.1015637
-0.1004288
-0.0988285
-0.0919986
-0.0780528
-0.0595611
-0.0415046
-0.0275988
-0.0178480
-0.0088334
0.0034912
0.0203090
0.0386851
0.0543396
0.0663942
0.0791657
0.0982689
0.1242569
0.1505310
0.1687738
0.1772280
0.1829417
0.1944824
0.2122932
0.2276941
0.2324517
0.2284015
0.2259641
0.2329786
0.2461852
0.2542688
0.2484297
0.2291287
0.2031386
0.1758257
0.1475500
0.1169349
0.0855752
0.0580200
0.0374428
0.0225078
0.0088078
-0.0071680
-0.0254471
-0.0429955
-0.0563144
-0.0644066
-0.0699137
-0.0769663
-0.0871414
-0.0974577
-0.1028757
-0.1011441
-0.0951660
-0.0904404
-0.0901202
-0.0927032
-0.0946415
-0.0947967
-0.0955768
-0.0995362
-0.1056811
-0.1099084
-0.1089220
-0.1032519
-0.0966452
-0.0929645
-0.0933853
-0.0958392
-0.0970149
-0.0954181
-0.0928089
-0.0924588
-0.0957408
-0.1003814
-0.1021793
-0.0987177
-0.0916988
-0.0856578
-0.0841644
-0.0871210
-0.0914715
-0.0937343
-0.0912866
-0.0821940
-0.0659370
-0.0453332
-0.0264991
-0.0148212
-0.0099041
-0.0047499
0.0091698
0.0347914
0.0660691
0.0910669
0.0992148
0.0875338
0.0619896
0.0337521
0.0127288
0.0017275
-0.0050333
-0.0169972
-0.0390399
-0.0674658
-0.0945286
-0.1165420
-0.1363977
-0.1580397
-0.1800795
-0.1963353
-0.2023651
-0.2000711
-0.1953164
-0.1920485
-0.1899311
-0.1870448
-0.1826601
-0.1765390
-0.1677661
-0.1566017
-0.1459215
-0.1371053
-0.1249481
-0.1026975
-0.0761780
-0.0672519
-0.0911888
-0.1241582
-0.0996779
0.0489048
0.3330558
0.6953001
1.0520816
1.3473550
1.5604420
1.6686366
1.6233462
1.3841959
0.9809758
0.5285804
0.1636849
-0.0434646
-0.1203528
-0.1438236
-0.1674721
-0.1935628
-0.2012894
-0.1859903
-0.1658224
-0.1590188
-0.1659368
-0.1750093
-0.1789752
-0.1799753
-0.1819197
-0.1843001
-0.1848824
-0.1843609
-0.1850167
-0.1859389
-0.1827569
-0.1732981
-0.1619615
-0.1563930
-0.1594232
-0.1656591
-0.1672368
-0.1623643
-0.1567639
-0.1565099
-0.1606707
-0.1618827
-0.1539540
-0.1385682
-0.1244792
-0.1196940
-0.1237501
-0.1278011
-0.1231609
-0.1100361
-0.0972645
-0.0931701
-0.0970505
-0.0998177
-0.0926474
-0.0748759
-0.0538549
-0.0376146
-0.0279581
-0.0204767
-0.0101886
0.0040560
0.0202433
0.0360728
0.0500887
0.0615770
0.0714768
0.0832041
0.1005896
0.1238265
0.1479261
0.1661554
0.1756424
0.1798179
0.1850686
0.1945201
0.2051304
0.2112182
0.2105239
0.2060428
0.2020382
0.1992379
0.1942250
0.1828272
0.1638402
0.1400540
0.1158947
0.0935800
0.0714501
0.0464999
0.0185473
-0.0085255
-0.0295630
-0.0418930
-0.0470138
-0.0496113
-0.0546451
-0.0640257
-0.0753912
-0.0843876
-0.0884547
-0.0886324
-0.0882913
-0.0904432
-0.0956224
-0.1015897
-0.1052177
-0.1050960
-0.1023130
-0.0989815
-0.0967789
-0.0967532
-0.0990303
-0.1019946
-0.1030549
-0.1014676
-0.0997041
-0.1007307
-0.1040523
-0.1054552
-0.1011421
-0.0920612
-0.0839468
-0.0824886
-0.0878904
-0.0945902
-0.0970714
-0.0955127
-0.0948083
-0.0986146
-0.1057404
-0.1120246
-0.1140280
-0.1107895
-0.1039150
-0.0969755
-0.0934961
-0.0937851
-0.0934127
-0.0857809
-0.0678013
-0.0443037
-0.0260883
-0.0208851
-0.0245894
-0.0229190
-0.0040382
0.0300425
0.0648040
0.0849007
0.0842762
0.0673600
0.0434680
0.0201619
-0.0002383
-0.0194853
-0.0394441
-0.0595374
-0.0777741
-0.0933523
-0.1079034
-0.1245123
-0.1450354
-0.1674070
-0.1861665
-0.1971582
-0.2013724
-0.2027088
-0.2029218
-0.2012752
-0.1983798
-0.1963680
-0.1941510
-0.1863505
-0.1700611
-0.1506826
-0.1371375
-0.1308684
-0.1232313
-0.1075676
-0.0928432
-0.0978330
-0.1233823
-0.1306379
-0.0569673
0.1370060
0.4351966
0.7811470
1.1176669
1.4022914
1.5883474
1.6129328
1.4283786
1.0566830
0.6064618
0.2194172
-0.0165170
-0.1113257
-0.1370179
-0.1536780
-0.1719187
-0.1760069
-0.1634040
-0.1515843
-0.1550268
-0.1691464
-0.1789428
-0.1770170
-0.1699201
-0.1688328
-0.1763897
-0.1841917
-0.1836473
-0.1761876
-0.1694115
-0.1663511
-0.1647390
-0.1646538
-0.1682732
-0.1720534
-0.1686653
-0.1589114
-0.1526809
-0.1549037
-0.1593124
-0.1594878
-0.1564327
-0.1507952
-0.1384829
-0.1212630
