0.0557579
0.0709490
0.0759912
0.0671931
0.0426358
0.0063458
-0.0302343
-0.0537103
-0.0586653
-0.0531612
-0.0530343
-0.0687685
-0.0971756
-0.1261581
-0.1473230
-0.1628060
-0.1794514
-0.1981390
-0.2113961
-0.2120326
-0.2020920
-0.1913668
-0.1876718
-0.1904602
-0.1939807
-0.1942225
-0.1911490
-0.1860794
-0.1802537
-0.1761609
-0.1766543
-0.1800614
-0.1782252
-0.1635252
-0.1383248
-0.1137427
-0.0970986
-0.0844033
-0.0700576
-0.0612576
-0.0723324
-0.0969105
-0.0893936
0.0140760
0.2473781
0.5855813
0.9631451
1.3141402
1.5884897
1.7364888
1.7018222
1.4552857
1.0427241
0.5862504
0.2183109
0.0017913
-0.0909732
-0.1273082
-0.1497200
-0.1593606
-0.1474841
-0.1249375
-0.1149088
-0.1258656
-0.1432060
-0.1490355
-0.1430323
-0.1392833
-0.1464658
-0.1577182
-0.1608222
-0.1532518
-0.1434441
-0.1393702
-0.1402767
-0.1403949
-0.1372960
-0.1338272
-0.1331101
-0.1347380
-0.1366029
-0.1381644
-0.1398892
-0.1402891
-0.1360000
-0.1259336
-0.1141515
-0.1068645
-0.1062049
-0.1078604
-0.1055490
-0.0975778
-0.0884515
-0.0840080
-0.0853416
-0.0876154
-0.0845520
-0.0738948
-0.0587653
-0.0442803
-0.0332308
-0.0248563
-0.0170730
-0.0090672
-0.0014215
0.0058306
0.0144589
0.0268875
0.0439007
0.0637962
0.0838597
0.1024580
0.1196779
0.1364131
0.1534130
0.1711276
0.1896273
0.2079688
0.2239797
0.2357790
0.2442308
0.2534777
0.2679082
0.2877404
0.3076324
0.3203557
0.3225600
0.3171575
0.3098353
0.3030004
0.2932175
0.2748421
0.2462922
0.2126058
0.1815376
0.1568662
0.1353920
0.1105141
0.0788757
0.0437149
0.0119773
-0.0116800
-0.0282540
-0.0424794
-0.0580719
-0.0745909
-0.0881638
-0.0948662
-0.0939693
-0.0889214
-0.0854855
-0.0880234
-0.0962357
-0.1050188
-0.1083503
-0.1046395
-0.0987367
-0.0979557
-0.1051245
-0.1153209
-0.1199487
-0.1145349
-0.1027103
-0.0926924
-0.0900701
-0.0938408
-0.0986837
-0.1002923
-0.0986001
-0.0968404
-0.0982946
-0.1035755
-0.1098955
-0.1125067
-0.1079136
-0.0972532
-0.0868491
-0.0840925
-0.0911474
-0.1023402
-0.1086890
-0.1060745
-0.0992266
-0.0972110
-0.1044652
-0.1161407
-0.1225124
-0.1182876
-0.1077296
-0.1006251
-0.1031518
-0.1125538
-0.1205000
-0.1214189
-0.1175792
-0.1162883
-0.1223597
-0.1332961
-0.1416062
-0.1416284
-0.1342110
-0.1252974
-0.1205914
-0.1215887
-0.1258030
-0.1296108
-0.1305976
-0.1281977
-0.1234839
-0.1188090
-0.1167812
-0.1182232
-0.1204740
-0.1181977
-0.1069934
-0.0871339
-0.0640574
-0.0448760
-0.0335380
-0.0282480
-0.0228735
-0.0112659
0.0084594
0.0326293
0.0544879
0.0681639
0.0707970
0.0619287
0.0425062
0.0156522
-0.0122894
-0.0338649
-0.0458187
-0.0524991
-0.0625435
-0.0809644
-0.1046561
-0.1262989
-0.1422409
-0.1553153
-0.1697544
-0.1849459
-0.1957926
-0.1988577
-0.1964647
-0.1940684
-0.1946433
-0.1966033
-0.1964405
-0.1919268
-0.1828474
-0.1705128
-0.1578309
-0.1486714
-0.1449188
-0.1437568
-0.1396091
-0.1298305
-0.1171123
-0.1048782
-0.0922488
-0.0774055
-0.0659144
-0.0691616
-0.0867264
-0.0892151
-0.0255744
0.1440424
0.4185056
0.7569051
1.1047669
1.4128075
1.6309828
1.6995304
1.5693669
1.2470479
0.8177935
0.4097847
0.1206562
-0.0312171
-0.0915870
-0.1152870
-0.1276657
-0.1296020
-0.1226947
-0.1180068
-0.1228879
-0.1304610
-0.1289178
-0.1182092
-0.1113502
-0.1184299
-0.1340231
-0.1436442
-0.1405012
-0.1320631
-0.1299798
-0.1368111
-0.1445587
-0.1443821
-0.1351108
-0.1225501
-0.1132195
-0.1101760
-0.1130258
-0.1190726
-0.1240213
-0.1239525
-0.1187587
-0.1131534
-0.1123019
-0.1157265
-0.1167550
-0.1092946
-0.0949269
-0.0821714
-0.0782331
-0.0819053
-0.0850256
-0.0806490
-0.0692849
-0.0572212
-0.0495592
-0.0455472
-0.0403591
-0.0303511
-0.0160401
-0.0006300
0.0132815
0.0253748
0.0369608
0.0496046
0.0643159
0.0811954
0.0991392
0.1161046
0.1306608
0.1439721
0.1597557
0.1810146
0.2061555
0.2290091
0.2438792
0.2510192
0.2566243
0.2668013
0.2815088
0.2948171
0.3012763
0.3015863
0.3013708
0.3043169
0.3072171
0.3024421
0.2851865
0.2577356
0.2266368
0.1964662
0.1669295
0.1355761
0.1022238
0.0700845
0.0428982
0.0216932
0.0045278
-0.0111983
-0.0267310
-0.0417932
-0.0552668
-0.0656031
-0.0715277
-0.0736297
-0.0752467
-0.0803893
-0.0895828
-0.0980499
-0.0994424
-0.0924534
-0.0834159
-0.0810730
-0.0879762
-0.0975916
-0.1009543
-0.0962314
-0.0906178
-0.0920575
-0.0998369
-0.1047557
-0.0990335
-0.0852113
-0.0743030
-0.0750559
-0.0855284
-0.0954289
-0.0963191
-0.0892075
-0.0826431
-0.0842658
-0.0942276
-0.1056454
-0.1104217
-0.1052357
-0.0936624
-0.0834873
-0.0811929
-0.0874430
-0.0969766
-0.1030920
-0.1030575
-0.0999039
-0.0992102
-0.1038856
-0.1116162
-0.1170976
-0.1167773
-0.1117199
-0.1062720
-0.1041762
-0.1057559
-0.1083788
-0.1094470
-0.1091503
-0.1104069
-0.1157618
-0.1239711
-0.1298299
-0.1280719
-0.1181765
-0.1057098
-0.0986970
-0.1017264
-0.1124191
-0.1231677
-0.1269891
-0.1229078
-0.1163920
-0.1143549
-0.1189549
-0.1256602
-0.1274542
-0.1215268
-0.1121656
-0.1067110
-0.1081202
-0.1115135
-0.1084755
-0.0950139
-0.0752735
-0.0575401
-0.0467541
-0.0405913
-0.0320224
-0.0152410
0.0102248
0.0396327
0.0658838
0.0823752
0.0847262
0.0718664
0.0466400
0.0151264
-0.0155649
-0.0398096
-0.0549337
-0.0615455
-0.0632956
-0.0659352
-0.0751689
-0.0938335
-0.1201415
-0.1484627
-0.1723959
-0.1881329
-0.1958061
-0.1980797
-0.1975005
-0.1949783
-0.1903815
-0.1841277
-0.1778935
-0.1736003
-0.1716133
-0.1701514
-0.1670101
-0.1620886
-0.1576372
-0.1553293
-0.1533741
-0.1474939
-0.1350645
-0.1176341
-0.0991246
-0.0827209
-0.0707716
-0.0665804
-0.0722080
-0.0802916
-0.0673825
0.0008557
0.1522931
0.3914210
0.6953564
1.0213175
1.3141941
1.5105113
1.5494285
1.3992416
1.0860958
0.6961555
0.3377796
0.0862325
-0.0472552
-0.1005448
-0.1188986
-0.1253615
-0.1226844
-0.1120713
-0.1023538
-0.1020897
-0.1096517
-0.1160457
-0.1165420
-0.1158771
-0.1208626
-0.1303610
-0.1354428
-0.1296775
-0.1172302
-0.1091194
-0.1118373
-0.1210954
-0.1271952
-0.1253969
-0.1198875
-0.1179818
-0.1217991
-0.1262728
-0.1247711
-0.1159499
-0.1050523
-0.0988556
-0.0994740
-0.1028322
-0.1028541
-0.0971694
-0.0891868
-0.0849130
-0.0873001
-0.0928546
-0.0936755
-0.0838444
-0.0649642
-0.0455695
-0.0343188
-0.0328801
-0.0349951
-0.0324568
-0.0222987
-0.0085354
0.0029245
0.0109719
0.0207015
0.0379043
0.0623366
0.0870619
0.1048740
0.1152160
0.1243850
0.1388239
0.1584979
0.1772723
0.1899025
0.1981405
0.2091898
0.2279856
0.2516645
0.2721697
0.2839069
0.2882191
0.2906830
0.2951149
0.3006912
0.3041221
0.3034100
0.2990115
0.2918853
0.2813455
0.2653250
0.2425311
0.2139686
0.1824353
0.1508191
0.1206555
0.0916813
0.0626257
0.0330555
0.0049334
-0.0179770
-0.0329336
-0.0407321
-0.0452992
-0.0505866
-0.0576191
-0.0643346
-0.0682396
-0.0693098
-0.0702567
-0.0737912
-0.0796415
-0.0844901
-0.0850273
-0.0811572
-0.0763296
-0.0747137
-0.0777323
-0.0830568
-0.0870407
-0.0882590
-0.0884950
-0.0901315
-0.0929613
-0.0941223
-0.0912508
-0.0853774
-0.0805460
-0.0805508
-0.0857848
-0.0928963
-0.0974987
-0.0976559
-0.0952743
-0.0943439
-0.0975064
-0.1036079
-0.1082277
-0.1072290
-0.1007976
-0.0940383
-0.0925903
-0.0970361
-0.1022380
-0.1029982
-0.1000959
-0.0996940
-0.1062980
-0.1169110
-0.1231509
-0.1195765
-0.1095261
-0.1021286
-0.1035376
-0.1115604
-0.1188551
-0.1205371
-0.1181299
-0.1168540
-0.1201880
-0.1269771
-0.1327097
-0.1331456
-0.1275718
-0.1195528
-0.1144910
-0.1155969
-0.1214886
-0.1276247
-0.1304462
-0.1303859
-0.1306736
-0.1330289
-0.1349797
-0.1322454
-0.1239212
-0.1144899
-0.1097986
-0.1108365
-0.1117746
-0.1046068
-0.0864539
-0.0629933
-0.0444383
-0.0367578
-0.0356293
-0.0291895
-0.0080360
0.0261326
0.0610180
0.0828069
0.0856321
0.0735126
0.0544208
0.0332935
0.0105964
-0.0138548
-0.0377157
-0.0574465
-0.0716985
-0.0822547
-0.0922066
-0.1045052
-0.1218637
-0.1456698
-0.1732205
-0.1969854
-0.2092345
-0.2089798
-0.2036227
-0.2020665
-0.2057591
-0.2076922
-0.2010442
-0.1876589
-0.1762586
-0.1726373
-0.1738645
-0.1730299
-0.1676055
-0.1609007
-0.1562063
-0.1523955
-0.1460023
-0.1351255
-0.1194202
-0.0986198
-0.0754806
-0.0603181
-0.0657416
-0.0885203
-0.0954070
-0.0344910
0.1303813
0.3928969
0.7113242
1.0379749
1.3345788
1.5584850
1.6480812
1.5443843
1.2426387
0.8222486
0.4135825
0.1211625
-0.0314725
-0.0908139
-0.1165103
-0.1367095
-0.1487946
-0.1466722
-0.1364427
-0.1284604
-0.1248517
-0.1208358
-0.1150732
-0.1128588
-0.1182978
-0.1274157
-0.1322230
-0.1304776
-0.1282840
-0.1321150
-0.1403613
-0.1447283
-0.1393027
-0.1264656
-0.1139846
-0.1080592
-0.1095706
-0.1150287
-0.1193393
-0.1185768
-0.1125236
-0.1054780
-0.1032583
-0.1077075
-0.1139170
-0.1140075
-0.1046504
-0.0906808
-0.0804801
-0.0776701
-0.0780037
-0.0745117
-0.0647387
-0.0523869
-0.0428578
-0.0383309
-0.0366366
-0.0333641
-0.0247866
-0.0101692
0.0075219
0.0234727
0.0347694
0.0430655
0.0533792
0.0696006
0.0907430
0.1117432
0.1282513
0.1405767
0.1528385
0.1687782
0.1890235
0.2118418
0.2349624
0.2560526
0.2727556
0.2839887
0.2914435
0.2987467
0.3082092
0.3183285
0.3249966
0.3256126
0.3218719
0.3178661
0.3151422
0.3101496
0.2970950
0.2730975
0.2403216
0.2038257
0.1682256
0.1358451
0.1063585
0.0774699
0.0470015
0.0157044
-0.0118380
-0.0300612
-0.0372214
-0.0377461
-0.0393960
-0.0473190
-0.0603919
-0.0732029
-0.0813097
-0.0844427
-0.0854219
-0.0872585
-0.0913819
-0.0972040
-0.1022763
-0.1034913
-0.0994833
-0.0923404
-0.0865498
-0.0857018
-0.0896760
-0.0946294
-0.0960453
-0.0927614
-0.0884875
-0.0887458
-0.0954715
-0.1045064
-0.1088657
-0.1049285
-0.0957332
-0.0883460
-0.0878638
-0.0936300
-0.1008112
-0.1050089
-0.1050425
-0.1022422
-0.0988593
-0.0975882
-0.1006801
-0.1074923
-0.1134025
-0.1132914
-0.1070351
-0.1006154
-0.1007854
-0.1086342
-0.1186829
-0.1241906
-0.1232201
-0.1197965
-0.1196279
-0.1249066
-0.1328556
-0.1384680
-0.1383421
-0.1328439
-0.1258752
-0.1224515
-0.1250465
-0.1313672
-0.1361760
-0.1360310
-0.1323443
-0.1297745
-0.1318093
-0.1376993
-0.1430945
-0.1436482
-0.1387218
-0.1319798
-0.1280439
-0.1283000
-0.1300739
-0.1297168
-0.1259148
-0.1198208
-0.1125497
-0.1033404
-0.0906875
-0.0752537
-0.0607515
-0.0504852
-0.0424982
-0.0294143
-0.0048836
0.0291651
0.0620502
0.0814979
0.0818477
0.0663701
0.0427746
0.0169497
-0.0092128
-0.0348813
-0.0570243
-0.0717712
-0.0790607
-0.0844042
-0.0949182
-0.1138111
-0.1388125
-0.1647809
-0.1867689
-0.2013890
-0.2073969
-0.2064605
-0.2031087
-0.2023763
-0.2059160
-0.2100548
-0.2087122
-0.1993351
-0.1859228
-0.1756026
-0.1721491
-0.1729693
-0.1720033
-0.1653103
-0.1544630
-0.1448082
-0.1393283
-0.1336329
-0.1192291
-0.0948105
-0.0734437
-0.0727067
-0.0915811
-0.0960914
-0.0325519
0.1380940
0.4133484
0.7517496
1.0973242
1.3980347
1.6039720
1.6624058
1.5348987
1.2320912
0.8298008
0.4390209
0.1470643
-0.0224203
-0.1008601
-0.1336764
-0.1474916
-0.1485901
-0.1401488
-0.1316974
-0.1318491
-0.1386490
-0.1425934
-0.1385146
-0.1310786
-0.1283135
-0.1327313
-0.1402472
-0.1456804
-0.1470208
-0.1450677
-0.1414333
-0.1379986
-0.1369919
-0.1395132
-0.1433184
-0.1434870
-0.1371288
-0.1273744
-0.1209314
-0.1209306
-0.1235638
-0.1228545
-0.1175276
-0.1115871
-0.1088127
-0.1086624
-0.1079609
-0.1050533
-0.1009819
-0.0968551
-0.0913996
-0.0823357
-0.0702126
-0.0594324
-0.0539693
-0.0523775
-0.0486482
-0.0385712
-0.0242827
-0.0119490
-0.0055364
-0.0030767
0.0017204
0.0145082
0.0360214
0.0617053
0.0854177
0.1038051
0.1176920
0.1303527
0.1450794
0.1633946
0.1839931
0.2033025
0.2183050
0.2294972
0.2408059
0.2563076
0.2767220
0.2983625
0.3152373
0.3232614
0.3236317
0.3218585
0.3224974
0.3244891
0.3217752
0.3084089
0.2834484
0.2518944
0.2211248
0.1952888
0.1722873
0.1466020
0.1154464
0.0816819
0.0507058
0.0255208
0.0052552
-0.0126310
-0.0297492
-0.0459632
-0.0601664
-0.0713864
-0.0790215
-0.0824229
-0.0815331
-0.0787134
-0.0785907
-0.0840376
-0.0923916
-0.0975658
-0.0966650
-0.0934147
-0.0942313
-0.1013439
-0.1102714
-0.1140070
-0.1096704
-0.1010838
-0.0946674
-0.0931987
-0.0944683
-0.0955438
-0.0961254
-0.0968372
-0.0965434
-0.0938280
-0.0902970
-0.0897910
-0.0935949
-0.0978465
-0.0969012
-0.0893492
-0.0802926
-0.0770331
-0.0820360
-0.0905893
-0.0960293
-0.0965191
-0.0954698
-0.0962127
-0.0986434
-0.1012690
-0.1039419
-0.1070012
-0.1091726
-0.1082664
-0.1040716
-0.0997439
-0.0997023
-0.1054703
-0.1133371
-0.1172258
-0.1150449
-0.1114814
-0.1130220
-0.1204395
-0.1275369
-0.1274382
-0.1194170
-0.1097838
-0.1064843
-0.1119036
-0.1201436
-0.1224746
-0.1166945
-0.1100682
-0.1112926
-0.1198667
-0.1248755
-0.1147088
-0.0879423
-0.0553608
-0.0315324
-0.0230220
-0.0233683
-0.0192904
-0.0019237
0.0273052
0.0591060
0.0817369
0.0856211
0.0680800
0.0366264
0.0054788
-0.0144576
-0.0230824
-0.0288015
-0.0397314
-0.0572336
-0.0766213
-0.0931885
-0.1076361
-0.1252848
-0.1494873
-0.1766651
-0.1988597
-0.2103892
-0.2111338
-0.2049243
-0.1967965
-0.1909448
-0.1890077
-0.1898913
-0.1916615
-0.1926695
-0.1907594
-0.1842257
-0.1753629
-0.1701354
-0.1708594
-0.1708554
-0.1605083
-0.1388730
-0.1158046
-0.1009235
-0.0928172
-0.0826792
-0.0692738
-0.0653123
-0.0801438
-0.0918287
-0.0436019
0.1191345
0.4025339
0.7567570
1.1125471
1.4168119
1.6304472
1.7069547
1.5980229
1.2961694
0.8707360
0.4480459
0.1392995
-0.0236668
-0.0870581
-0.1150773
-0.1357448
-0.1415669
-0.1263754
-0.1051777
-0.0983966
-0.1094726
-0.1248392
-0.1313862
-0.1288297
-0.1262437
-0.1301204
-0.1376485
-0.1416684
-0.1398588
-0.1356258
-0.1309882
-0.1244137
-0.1171448
-0.1151799
-0.1208783
-0.1276022
-0.1274799
-0.1209389
-0.1145085
-0.1125039
-0.1144035
-0.1170952
-0.1166334
-0.1110592
-0.1036492
-0.0996643
-0.0988280
-0.0959734
-0.0896915
-0.0839977
-0.0808859
-0.0786257
-0.0776687
-0.0791584
-0.0770669
-0.0627973
-0.0396089
-0.0211232
-0.0130551
-0.0081867
-0.0010257
0.0071035
0.0197404
0.0433033
0.0667527
0.0633807
0.0256548
