-0.0842717
-0.0884095
-0.0858034
-0.0798892
-0.0773492
-0.0822705
-0.0918843
-0.0991001
-0.0996540
-0.0961449
-0.0945997
-0.0976715
-0.1020565
-0.1024326
-0.0970028
-0.0888765
-0.0828968
-0.0819397
-0.0857382
-0.0917918
-0.0967689
-0.0981219
-0.0959546
-0.0936019
-0.0951492
-0.1012021
-0.1073014
-0.1076343
-0.1009453
-0.0923969
-0.0889942
-0.0931467
-0.1009846
-0.1067727
-0.1083416
-0.1080795
-0.1094176
-0.1131921
-0.1172498
-0.1186595
-0.1159804
-0.1102516
-0.1047022
-0.1030650
-0.1067162
-0.1127841
-0.1160513
-0.1140769
-0.1103782
-0.1111729
-0.1181536
-0.1253500
-0.1246070
-0.1144347
-0.1023729
-0.0977648
-0.1026104
-0.1103371
-0.1132652
-0.1099383
-0.1044075
-0.0993655
-0.0918791
-0.0767672
-0.0534517
-0.0282018
-0.0089849
0.0018448
0.0096760
0.0225631
0.0437258
0.0682274
0.0863081
0.0901619
0.0786810
0.0571350
0.0330635
0.0120314
-0.0040864
-0.0162262
-0.0262717
-0.0357065
-0.0453368
-0.0558865
-0.0687599
-0.0859367
-0.1083968
-0.1340087
-0.1571470
-0.1714706
-0.1743630
-0.1693315
-0.1638160
-0.1637014
-0.1689012
-0.1738570
-0.1728753
-0.1658239
-0.1586384
-0.1573160
-0.1608630
-0.1610935
-0.1507651
-0.1316002
-0.1122976
-0.0980338
-0.0848373
-0.0678356
-0.0534484
-0.0555731
-0.0722293
-0.0667174
0.0192079
0.2243003
0.5360519
0.8981340
1.2444574
1.5202738
1.6741907
1.6498489
1.4118589
0.9935895
0.5113288
0.1102873
-0.1220720
-0.1995234
-0.2006347
-0.1934315
-0.1937192
-0.1845041
-0.1584600
-0.1319994
-0.1236072
-0.1314275
-0.1384003
-0.1346418
-0.1274424
-0.1288320
-0.1392078
-0.1473560
-0.1444579
-0.1335268
-0.1242121
-0.1216144
-0.1227678
-0.1226388
-0.1202852
-0.1182259
-0.1179839
-0.1184218
-0.1179906
-0.1165606
-0.1142125
-0.1095408
-0.1008456
-0.0891342
-0.0786316
-0.0731718
-0.0721546
-0.0708778
-0.0653133
-0.0562720
-0.0484021
-0.0450347
-0.0443364
-0.0407908
-0.0304730
-0.0148058
0.0008076
0.0119148
0.0186273
0.0246964
0.0334912
0.0451049
0.0571304
0.0676988
0.0774480
0.0887781
0.1036470
0.1221201
0.1425410
0.1626164
0.1805038
0.1955975
0.2088473
0.2221579
0.2368511
0.2523933
0.2669249
0.2794134
0.2911241
0.3044231
0.3198868
0.3348891
0.3453729
0.3488944
0.3455799
0.3361760
0.3198979
0.2950843
0.2622681
0.2260300
0.1927439
0.1655789
0.1415127
0.1138557
0.0786989
0.0395365
0.0053308
-0.0168995
-0.0283805
-0.0375212
-0.0519331
-0.0710034
-0.0865052
-0.0909162
-0.0851800
-0.0780837
-0.0780120
-0.0855132
-0.0938760
-0.0965229
-0.0934980
-0.0909399
-0.0946881
-0.1044913
-0.1140942
-0.1168067
-0.1114392
-0.1034034
-0.0999650
-0.1037292
-0.1103171
-0.1127561
-0.1087045
-0.1033022
-0.1043285
-0.1142395
-0.1272490
-0.1345627
-0.1324133
-0.1248693
-0.1191866
-0.1190692
-0.1225054
-0.1253043
-0.1257690
-0.1258542
-0.1285736
-0.1348874
-0.1427769
-0.1486162
-0.1494625
-0.1450206
-0.1382985
-0.1340995
-0.1356512
-0.1417405
-0.1473115
-0.1478536
-0.1439298
-0.1411439
-0.1447470
-0.1537568
-0.1609003
-0.1593768
-0.1500730
-0.1414677
-0.1415805
-0.1499649
-0.1582817
-0.1590831
-0.1534845
-0.1494576
-0.1526874
-0.1600354
-0.1625495
-0.1543115
-0.1374352
-0.1186770
-0.1026788
-0.0894612
-0.0773657
-0.0661410
-0.0561566
-0.0459219
-0.0324102
-0.0144526
0.0050254
0.0207579
0.0286454
0.0270691
0.0157610
-0.0045320
-0.0302684
-0.0544476
-0.0703487
-0.0772828
-0.0818643
-0.0921588
-0.1101584
-0.1305107
-0.1467447
-0.1579746
-0.1688080
-0.1830605
-0.1987274
-0.2098669
-0.2130472
-0.2109956
-0.2094889
-0.2111731
-0.2131862
-0.2108487
-0.2028674
-0.1922594
-0.1826243
-0.1747357
-0.1672919
-0.1597484
-0.1524274
-0.1436732
-0.1296661
-0.1102311
-0.0942606
-0.0940601
-0.1084244
-0.1101576
-0.0547028
0.0930315
0.3362815
0.6468290
0.9815476
1.2927272
1.5238106
1.6088063
1.4966464
1.1917053
0.7723025
0.3592434
0.0516011
-0.1201025
-0.1888404
-0.2074800
-0.2097917
-0.2041316
-0.1906760
-0.1751295
-0.1659803
-0.1651321
-0.1664928
-0.1637403
-0.1570141
-0.1513906
-0.1505435
-0.1532238
-0.1552526
-0.1536791
-0.1490765
-0.1448454
-0.1445055
-0.1486070
-0.1534154
-0.1531599
-0.1448929
-0.1317940
-0.1212227
-0.1186480
-0.1229835
-0.1278345
-0.1274425
-0.1215934
-0.1150037
-0.1122097
-0.1130529
-0.1128199
-0.1065853
-0.0937599
-0.0789494
-0.0683228
-0.0643595
-0.0634773
-0.0590222
-0.0473841
-0.0316104
-0.0186869
-0.0126744
-0.0103074
-0.0036258
0.0126308
0.0359553
0.0582259
0.0729289
0.0805218
0.0872097
0.0989712
0.1167769
0.1369397
0.1552995
0.1708880
0.1860554
0.2036237
0.2240097
0.2448027
0.2628363
0.2766661
0.2873578
0.2972649
0.3080793
0.3195475
0.3294595
0.3348729
0.3340579
0.3279015
0.3192189
0.3097801
0.2974242
0.2766771
0.2436145
0.2009682
0.1578044
0.1226807
0.0963129
0.0714773
0.0409982
0.0059502
-0.0245329
-0.0418244
-0.0459998
-0.0455433
-0.0494408
-0.0599347
-0.0724992
-0.0815993
-0.0856371
-0.0869595
-0.0886966
-0.0924463
-0.0981198
-0.1044353
-0.1091123
-0.1096823
-0.1054241
-0.0987909
-0.0943188
-0.0954175
-0.1017795
-0.1096678
-0.1147479
-0.1151566
-0.1126358
-0.1111009
-0.1136090
-0.1196992
-0.1252100
-0.1253519
-0.1190952
-0.1109298
-0.1076066
-0.1122289
-0.1213327
-0.1281507
-0.1290277
-0.1265888
-0.1265817
-0.1317856
-0.1391531
-0.1427853
-0.1394476
-0.1312264
-0.1233501
-0.1200224
-0.1221986
-0.1281881
-0.1351548
-0.1401265
-0.1410787
-0.1384703
-0.1356238
-0.1363010
-0.1409582
-0.1456967
-0.1458171
-0.1407302
-0.1348233
-0.1329939
-0.1356755
-0.1389560
-0.1394469
-0.1379692
-0.1378291
-0.1403042
-0.1431250
-0.1433605
-0.1403025
-0.1344746
-0.1247666
-0.1086840
-0.0864585
-0.0637329
-0.0480208
-0.0414505
-0.0377009
-0.0273126
-0.0063988
0.0200657
0.0430912
0.0566559
0.0597091
0.0530156
0.0365371
0.0110895
-0.0183873
-0.0432308
-0.0563823
-0.0581872
-0.0571106
-0.0641510
-0.0850544
-0.1161428
-0.1468257
-0.1670791
-0.1744768
-0.1752490
-0.1782718
-0.1871928
-0.1980773
-0.2045381
-0.2043438
-0.2003403
-0.1959750
-0.1921928
-0.1892256
-0.1886142
-0.1902516
-0.1882580
-0.1745252
-0.1493736
-0.1256378
-0.1164096
-0.1181227
-0.1123277
-0.0897448
-0.0681285
-0.0746155
-0.1040571
-0.1011731
0.0043409
0.2399918
0.5694439
0.9266347
1.2592826
1.5296133
1.6821185
1.6395534
1.3581750
0.8927572
0.3919491
0.0101565
-0.1880566
-0.2452262
-0.2454265
-0.2402388
-0.2327094
-0.2123502
-0.1856365
-0.1696733
-0.1691564
-0.1717289
-0.1656526
-0.1542071
-0.1492857
-0.1552313
-0.1640374
-0.1656404
-0.1585468
-0.1489537
-0.1425541
-0.1400522
-0.1394512
-0.1394311
-0.1395222
-0.1390068
-0.1374791
-0.1359137
-0.1355912
-0.1357088
-0.1332402
-0.1260492
-0.1157491
-0.1066096
-0.1014688
-0.0992080
-0.0963918
-0.0908208
-0.0831031
-0.0753593
-0.0692778
-0.0652229
-0.0619737
-0.0566701
-0.0460211
-0.0291907
-0.0099088
0.0054312
0.0131728
0.0162421
0.0219470
0.0352735
0.0543301
0.0726590
0.0858531
0.0954697
0.1066887
0.1231561
0.1446400
0.1686937
0.1929338
0.2153432
0.2338518
0.2473975
0.2577225
0.2689978
0.2844604
0.3031538
0.3204990
0.3325507
0.3396672
0.3457746
0.3540088
0.3631035
0.3677839
0.3624410
0.3448483
0.3172660
0.2844618
0.2502741
0.2154645
0.1787381
0.1398853
0.1016311
0.0680041
0.0409586
0.0190241
-0.0006445
-0.0193547
-0.0363157
-0.0504753
-0.0620080
-0.0717831
-0.0802704
-0.0878595
-0.0957011
-0.1046040
-0.1125209
-0.1147103
-0.1084867
-0.0979816
-0.0923536
-0.0976335
-0.1104025
-0.1205464
-0.1207406
-0.1130235
-0.1060660
-0.1065804
-0.1137579
-0.1213988
-0.1241597
-0.1213051
-0.1156073
-0.1103145
-0.1075115
-0.1080167
-0.1113241
-0.1154509
-0.1177821
-0.1169512
-0.1141229
-0.1122090
-0.1134589
-0.1174641
-0.1213533
-0.1220738
-0.1188389
-0.1137520
-0.1102744
-0.1108608
-0.1153962
-0.1213664
-0.1257215
-0.1272877
-0.1277878
-0.1302827
-0.1361485
-0.1433418
-0.1476915
-0.1462317
-0.1398344
-0.1329689
-0.1305839
-0.1343143
-0.1410054
-0.1450943
-0.1433406
-0.1380400
-0.1354497
-0.1399124
-0.1484377
-0.1512368
-0.1390307
-0.1113214
-0.0779864
-0.0522680
-0.0410652
-0.0404953
-0.0395541
-0.0282117
-0.0040292
0.0264564
0.0517222
0.0618647
0.0538141
0.0321817
0.0057012
-0.0179052
-0.0351721
-0.0467318
-0.0550086
-0.0622600
-0.0702833
-0.0810246
-0.0965573
-0.1179226
-0.1437087
-0.1697059
-0.1904227
-0.2019752
-0.2044616
-0.2018302
-0.1992012
-0.1997747
-0.2033628
-0.2068743
-0.2063459
-0.2001668
-0.1916139
-0.1870904
-0.1893986
-0.1923696
-0.1848503
-0.1624480
-0.1340801
-0.1135747
-0.1044944
-0.0973929
-0.0849741
-0.0753470
-0.0805187
-0.0870942
-0.0450669
0.1023124
0.3711479
0.7201714
1.0806273
1.3956019
1.6245402
1.7191953
1.6211008
1.3069320
0.8405084
0.3636955
0.0146151
-0.1583990
-0.2079676
-0.2194014
-0.2358243
-0.2454968
-0.2261089
-0.1846716
-0.1510474
-0.1436816
-0.1531174
-0.1588513
-0.1536983
-0.1468453
-0.1476661
-0.1540319
-0.1577076
-0.1557240
-0.1519103
-0.1491131
-0.1450570
-0.1374864
-0.1298689
-0.1282782
-0.1330919
-0.1370125
-0.1329727
-0.1226203
-0.1149717
-0.1164776
-0.1236996
-0.1266314
-0.1187491
-0.1029885
-0.0881402
-0.0806300
-0.0802643
-0.0824856
-0.0826874
-0.0781935
-0.0682889
-0.0545629
-0.0411081
-0.0322997
-0.0286598
-0.0250947
-0.0147312
0.0043485
0.0263849
0.0428981
0.0508216
0.0553119
0.0641610
0.0799002
0.0980394
0.1128352
0.1238848
0.1365697
0.1563142
0.1828213
0.2099749
0.2312091
0.2449420
0.2550452
0.2665485
0.2812305
0.2969832
0.3104950
0.3200422
0.3262194
0.3308397
0.3352681
0.3391245
0.3398635
0.3335729
0.3169787
0.2897972
0.2556413
0.2200248
0.1864469
0.1541271
0.1200926
0.0838135
0.0493834
0.0225571
0.0054627
-0.0056674
-0.0174364
-0.0337282
-0.0527154
-0.0689558
-0.0783830
-0.0815502
-0.0825504
-0.0852245
-0.0902420
-0.0951292
-0.0967321
-0.0941530
-0.0899530
-0.0883407
-0.0914682
-0.0972319
-0.1011154
-0.1006188
-0.0978615
-0.0975195
-0.1018940
-0.1079600
-0.1096559
-0.1036799
-0.0932467
-0.0857905
-0.0865328
-0.0941051
-0.1023055
-0.1059214
-0.1049407
-0.1035930
-0.1056951
-0.1109190
-0.1154092
-0.1158723
-0.1128447
-0.1098633
-0.1097674
-0.1122397
-0.1148046
-0.1155922
-0.1148812
-0.1143984
-0.1155879
-0.1184652
-0.1216779
-0.1233494
-0.1220403
-0.1176074
-0.1118338
-0.1080067
-0.1086883
-0.1130394
-0.1168685
-0.1165210
-0.1130290
-0.1115658
-0.1159503
-0.1237881
-0.1278729
-0.1231180
-0.1121066
-0.1031721
-0.1025327
-0.1085360
-0.1138891
-0.1128472
-0.1052097
-0.0937781
-0.0800764
-0.0640155
-0.0465679
-0.0302485
-0.0159869
-0.0009685
0.0184952
0.0416599
0.0621782
0.0731611
0.0727449
0.0635351
0.0473650
0.0234545
-0.0065720
-0.0339789
-0.0473846
-0.0439330
-0.0344933
-0.0352713
-0.0534955
-0.0820153
-0.1080244
-0.1258481
-0.1400863
-0.1569987
-0.1752577
-0.1870161
-0.1873781
-0.1804537
-0.1748919
-0.1746716
-0.1760357
-0.1734030
-0.1665511
-0.1606464
-0.1595494
-0.1605695
-0.1569405
-0.1450923
-0.1279128
-0.1101758
-0.0927728
-0.0745816
-0.0599840
-0.0593622
-0.0754250
-0.0865484
-0.0475405
0.0859422
0.3276027
0.6507414
1.0037067
1.3303123
1.5749032
1.6781609
1.5886681
1.2979331
0.8696087
0.4242026
0.0780388
-0.1177868
-0.1891706
-0.1979300
-0.1907506
-0.1810607
-0.1662499
-0.1491139
-0.1389904
-0.1391496
-0.1423149
-0.1407935
-0.1363863
-0.1366156
-0.1432942
-0.1492411
-0.1470683
-0.1381119
-0.1304305
-0.1292774
-0.1320831
-0.1331344
-0.1309924
-0.1293372
-0.1310551
-0.1337752
-0.1324493
-0.1252276
-0.1152828
-0.1071870
-0.1029056
-0.1013327
-0.1001451
-0.0973437
-0.0921761
-0.0858266
-0.0807300
-0.0778837
-0.0746672
-0.0665599
-0.0521199
-0.0358896
-0.0248603
-0.0211480
-0.0190955
-0.0112902
0.0026128
0.0151490
0.0204100
0.0226024
0.0326660
0.0559197
0.0850001
0.1067115
0.1155398
0.1190469
0.1293696
0.1502194
0.1735506
0.1892821
0.1969449
0.2061803
0.2259063
0.2546057
0.2821291
0.3001132
0.3094509
0.3176787
0.3300434
0.3438065
0.3514186
0.3490133
0.3410701
0.3359429
0.3367265
0.3371048
0.3265690
0.2997512
0.2609545
0.2200762
0.1841264
0.1522870
0.1190070
0.0817640
0.0452264
0.0172904
0.0013423
-0.0069726
-0.0154732
-0.0284721
-0.0438561
-0.0563648
-0.0633995
-0.0675513
-0.0732640
-0.0812483
-0.0871445
-0.0863886
-0.0799027
-0.0740480
-0.0747412
-0.0819303
-0.0899786
-0.0934414
-0.0924406
-0.0920694
-0.0962226
-0.1025832
-0.1048320
-0.0999742
-0.0923916
-0.0898475
-0.0958058
-0.1061399
-0.1132572
-0.1133387
-0.1097561
-0.1093445
-0.1150355
-0.1224570
-0.1244781
-0.1190342
-0.1116484
-0.1099006
-0.1158571
-0.1242845
-0.1282192
-0.1261686
-0.1235616
-0.1266137
-0.1349350
-0.1413940
-0.1399411
-0.1324597
-0.1265423
-0.1269698
-0.1309192
-0.1319493
-0.1277006
-0.1227817
-0.1239332
-0.1325499
-0.1424059
-0.1453057
-0.1389892
-0.1290324
-0.1231292
-0.1241878
-0.1287854
-0.1311902
-0.1286482
-0.1238599
-0.1227073
-0.1284075
-0.1371653
-0.1405623
-0.1333559
-0.1186305
-0.1044060
-0.0951354
-0.0872397
-0.0737365
-0.0534126
-0.0342383
-0.0255056
-0.0257951
-0.0210496
0.0022416
0.0413694
0.0765885
0.0871541
0.0684400
0.0340485
0.0024125
-0.0184100
-0.0338085
-0.0520929
-0.0725778
-0.0858551
-0.0860123
-0.0801819
-0.0834314
-0.1040678
-0.1353344
-0.1620500
-0.1748731
-0.1777594
-0.1816693
-0.1916989
-0.2017680
-0.2025942
-0.1930277
-0.1810185
-0.1742241
-0.1730556
-0.1734755
-0.1728196
-0.1703583
-0.1648743
-0.1556413
-0.1452599
-0.1375338
-0.1308400
-0.1169690
-0.0915593
-0.0659001
-0.0607556
-0.0786994
-0.0813227
-0.0039351
0.1960147
0.5025963
0.8544064
1.1883633
1.4618343
1.6343107
1.6480712
1.4530671
1.0640359
0.5867915
0.1701807
-0.0853758
-0.1824791
-0.1971582
-0.2008598
-0.2121310
-0.2129666
-0.1924289
-0.1635065
-0.1451131
-0.1417239
-0.1442438
-0.1440647
-0.1412236
-0.1406351
-0.1444564
-0.1500814
-0.1545342
-0.1575923
-0.1587948
-0.1546929
-0.1437100
-0.1319789
-0.1281752
-0.1321376
-0.1346064
-0.1297554
-0.1222801
-0.1197989
-0.1233815
-0.1281174
-0.1285658
-0.1216819
-0.1089151
-0.0968406
-0.0908611
-0.0879102
-0.0817951
-0.0755726
-0.0790415
-0.0918275
