-0.1185784
-0.3687481
-0.1294305
-0.0147996
-0.1652067
-0.2466410
-0.1463403
-0.0891899
-0.1546332
-0.1769356
-0.1124697
-0.1026158
-0.1668421
-0.1691737
-0.0944420
-0.0704887
-0.1167995
-0.1223839
-0.0661424
-0.0369190
-0.0479040
-0.0280006
0.0226282
0.0429754
0.0473719
0.0948038
0.1601263
0.1780630
0.1710264
0.2026625
0.2535552
0.2632097
0.2433906
0.2404804
0.2401305
0.2081671
0.1690625
0.1552740
0.1382149
0.0880228
0.0391625
0.0263159
0.0198090
-0.0126778
-0.0463456
-0.0560480
-0.0653610
-0.0908871
-0.1051420
-0.0961492
-0.0961776
-0.1163723
-0.1210780
-0.0969742
-0.0803878
-0.0909323
-0.1028941
-0.1010278
-0.1012812
-0.1038232
-0.0883490
-0.0635401
-0.0599250
-0.0708958
-0.0602679
-0.0264896
-0.0017250
0.0065729
0.0175465
0.0313258
0.0355776
0.0431552
0.0702838
0.0934378
0.0790447
0.0408069
0.0243270
0.0561670
0.1477362
0.3202169
0.5787303
0.8800827
1.1574579
1.3522625
1.4033597
1.2560105
0.9263505
0.5252841
0.1795623
-0.0530547
-0.1800349
-0.2307659
-0.2424749
-0.2497646
-0.2583981
-0.2524442
-0.2359249
-0.2336013
-0.2457035
-0.2434570
-0.2180865
-0.1942374
-0.1869432
-0.1835430
-0.1743335
-0.1650678
-0.1557506
-0.1408298
-0.1298133
-0.1352158
-0.1447539
-0.1378445
-0.1219979
-0.1206090
-0.1344527
-0.1469249
-0.1558998
-0.1695742
-0.1833778
-0.1900698
-0.1989192
-0.2184113
-0.2359333
-0.2391088
-0.2392263
-0.2505989
-0.2662215
-0.2748302
-0.2808578
-0.2880960
-0.2860965
-0.2707584
-0.2553182
-0.2448990
-0.2239113
-0.1830204
-0.1350594
-0.0927306
-0.0546058
-0.0217274
-0.0022717
0.0077461
0.0227150
0.0409916
0.0457916
0.0355469
0.0271162
0.0266523
0.0230470
0.0114833
-0.0005998
-0.0098844
-0.0169688
-0.0143482
0.0027932
0.0205138
0.0233531
0.0193068
0.0257627
0.0409217
0.0512318
0.0558230
0.0615815
0.0654966
0.0628565
0.0614443
0.0685347
0.0756532
0.0729865
0.0665474
0.0672212
0.0761906
0.0911319
0.1100383
0.1214908
0.1138263
0.1053260
0.1438245
0.2642056
0.4635308
0.7218259
1.0188015
1.3146394
1.5355882
1.5998214
1.4600487
1.1315762
0.6984922
0.2847396
-0.0132607
-0.1793695
-0.2577005
-0.2901520
-0.2914387
-0.2714617
-0.2485148
-0.2356706
-0.2339503
-0.2403549
-0.2488743
-0.2490350
-0.2385449
-0.2304999
-0.2342310
-0.2387297
-0.2292470
-0.2091245
-0.1907431
-0.1766572
-0.1637724
-0.1539366
-0.1467947
-0.1342005
-0.1137771
-0.0957792
-0.0865387
-0.0784855
-0.0651547
-0.0516658
-0.0429147
-0.0367151
-0.0350455
-0.0456705
-0.0662156
-0.0827758
-0.0901862
-0.0985832
-0.1156710
-0.1369632
-0.1556772
-0.1678972
-0.1681388
-0.1551725
-0.1410986
-0.1391538
-0.1445933
-0.1426683
-0.1316068
-0.1219265
-0.1176246
-0.1143720
-0.1121179
-0.1140078
-0.1167846
-0.1155991
-0.1131142
-0.1122923
-0.1075959
-0.0945674
-0.0794831
-0.0687997
-0.0586287
-0.0446151
-0.0314557
-0.0229807
-0.0142855
-0.0030504
0.0030041
-0.0013428
-0.0102055
-0.0175542
-0.0248651
-0.0322334
-0.0349571
-0.0344520
-0.0395814
-0.0521989
-0.0636001
-0.0686661
-0.0714961
-0.0755161
-0.0804338
-0.0889646
-0.1034636
-0.1169169
-0.1207908
-0.1197417
-0.1242577
-0.1311718
-0.1266310
-0.1070943
-0.0831728
-0.0629080
-0.0428282
-0.0153870
0.0216151
0.0588389
0.0749797
0.0556507
0.0234967
0.0374647
0.1475493
0.3556607
0.6265821
0.9202138
1.1953961
1.3930137
1.4413104
1.2929475
0.9645386
0.5470571
0.1696637
-0.0722685
-0.1712985
-0.1905317
-0.1942112
-0.2032131
-0.2093628
-0.2067067
-0.1986692
-0.1908245
-0.1885295
-0.1946369
-0.2048791
-0.2121205
-0.2155714
-0.2182623
-0.2182095
-0.2120458
-0.2040274
-0.2004191
-0.1985194
-0.1925518
-0.1864364
-0.1888940
-0.1992280
-0.2086943
-0.2123359
-0.2101947
-0.2021207
-0.1908621
-0.1846337
-0.1875126
-0.1929421
-0.1943883
-0.1953545
-0.2012972
-0.2091969
-0.2124639
-0.2088679
-0.1978429
-0.1784127
-0.1551091
-0.1367159
-0.1238264
-0.1066416
-0.0795813
-0.0490039
-0.0228867
-0.0021444
0.0150921
0.0300080
0.0457203
0.0637424
0.0769388
0.0759517
0.0630293
0.0495947
0.0404819
0.0305841
0.0161231
-0.0009855
-0.0189604
-0.0368211
-0.0508536
-0.0591449
-0.0671086
-0.0803880
-0.0958972
-0.1075926
-0.1161479
-0.1248698
-0.1315546
-0.1326342
-0.1299873
-0.1261894
-0.1190334
-0.1078225
-0.0985940
-0.0961636
-0.0971727
-0.0967885
-0.0956462
-0.0952983
-0.0940450
-0.0915092
-0.0898099
-0.0870494
-0.0781769
-0.0652000
-0.0573420
-0.0579120
-0.0598418
-0.0570229
-0.0517504
-0.0489528
-0.0509206
-0.0584782
-0.0694370
-0.0762992
-0.0739250
-0.0686269
-0.0713250
-0.0832365
-0.0965885
-0.1069815
-0.1161877
-0.1251613
-0.1330404
-0.1408871
-0.1487350
-0.1518104
-0.1467564
-0.1381436
-0.1324878
-0.1299953
-0.1276314
-0.1247151
-0.1200697
-0.1103585
-0.0971955
-0.0889875
-0.0895295
-0.0913888
-0.0864582
-0.0765646
-0.0678826
-0.0605563
-0.0490100
-0.0287054
-0.0008913
0.0247205
0.0341708
0.0262794
0.0266578
0.0751356
0.1965317
0.3894039
0.6384393
0.9207375
1.1932606
1.3863317
1.4253772
1.2707789
0.9489808
0.5517201
0.1939983
-0.0479530
-0.1696451
-0.2150473
-0.2284519
-0.2312088
-0.2301012
-0.2292339
-0.2318482
-0.2397910
-0.2529804
-0.2660875
-0.2694633
-0.2586157
-0.2398169
-0.2229541
-0.2131274
-0.2112177
-0.2153950
-0.2184448
-0.2112903
-0.1938562
-0.1758343
-0.1629893
-0.1499435
-0.1304121
-0.1073116
-0.0881616
-0.0761140
-0.0689614
-0.0623923
-0.0526836
-0.0406291
-0.0321469
-0.0295413
-0.0246015
-0.0081565
0.0155811
0.0333133
0.0405124
0.0460212
0.0584952
0.0760556
0.0902915
0.0947997
0.0899563
0.0835383
0.0845250
0.0921708
0.0947610
0.0834761
0.0627938
0.0424734
0.0249234
0.0062264
-0.0158885
-0.0413677
-0.0701821
-0.0992986
-0.1215745
-0.1330701
-0.1379288
-0.1422003
-0.1467873
-0.1491898
-0.1475286
-0.1407034
-0.1295708
-0.1191879
-0.1141137
-0.1107777
-0.1010621
-0.0840326
-0.0670128
-0.0544318
-0.0432619
-0.0308488
-0.0200734
-0.0147736
-0.0153994
-0.0198202
-0.0238198
-0.0220467
-0.0139733
-0.0073324
-0.0099228
-0.0196594
-0.0280409
-0.0311920
-0.0322140
-0.0352452
-0.0422494
-0.0527481
-0.0622130
-0.0645239
-0.0606053
-0.0602908
-0.0708042
-0.0878163
-0.1027207
-0.1141618
-0.1269950
-0.1431678
-0.1579837
-0.1631390
-0.1520817
-0.1268112
-0.1004837
-0.0874076
-0.0884691
-0.0917848
-0.0887033
-0.0826349
-0.0806548
-0.0834859
-0.0867680
-0.0870708
-0.0843159
-0.0817162
-0.0833290
-0.0880546
-0.0881752
-0.0790955
-0.0677902
-0.0645389
-0.0680771
-0.0667147
-0.0540702
-0.0368391
-0.0258511
-0.0240661
-0.0244068
-0.0175927
-0.0031933
0.0074142
0.0051824
0.0034610
0.0375497
0.1391718
0.3153273
0.5528570
0.8303336
1.1117656
1.3330413
1.4133762
1.2982954
1.0034338
0.6206049
0.2725929
0.0437809
-0.0595578
-0.0872503
-0.0896436
-0.0866229
-0.0801550
-0.0760963
-0.0837589
-0.1027079
-0.1209852
-0.1275405
-0.1238535
-0.1229950
-0.1362542
-0.1597529
-0.1777432
-0.1819391
-0.1823050
-0.1927452
-0.2108747
-0.2206352
-0.2131191
-0.1962270
-0.1828280
-0.1756601
-0.1659588
-0.1441233
-0.1110925
-0.0795310
-0.0611993
-0.0528481
-0.0398492
-0.0155594
0.0096482
0.0227021
0.0248748
0.0285705
0.0411400
0.0578175
0.0692308
0.0722322
0.0738625
0.0850630
0.1081653
0.1315589
0.1411777
0.1363928
0.1286841
0.1249717
0.1195494
0.1041841
0.0796461
0.0541265
0.0343754
0.0205626
0.0071037
-0.0120720
-0.0368293
-0.0603934
-0.0778261
-0.0918292
-0.1061316
-0.1167369
-0.1159134
-0.1032406
-0.0870289
-0.0752240
-0.0688230
-0.0632596
-0.0532943
-0.0383408
-0.0252278
-0.0224802
-0.0291952
-0.0336067
-0.0263496
-0.0116514
-0.0016093
-0.0022969
-0.0089696
-0.0127672
-0.0096714
-0.0046302
-0.0074260
-0.0215431
-0.0375131
-0.0419439
-0.0332199
-0.0228453
-0.0207060
-0.0251774
-0.0296543
-0.0329951
-0.0399001
-0.0539921
-0.0728837
-0.0888099
-0.0945491
-0.0909144
-0.0870278
-0.0904406
-0.0989546
-0.1051499
-0.1058329
-0.1027141
-0.0969172
-0.0883303
-0.0782982
-0.0674958
-0.0526694
-0.0311486
-0.0084993
0.0030889
-0.0037564
-0.0211857
-0.0243810
0.0206909
0.1425004
0.3495769
0.6248642
0.9268940
1.1909454
1.3373748
1.3018490
1.0774873
0.7310312
0.3705240
0.0877621
-0.0806210
-0.1521216
-0.1690167
-0.1669613
-0.1621279
-0.1584434
-0.1581602
-0.1618251
-0.1643309
-0.1600507
-0.1518340
-0.1485182
-0.1529640
-0.1581895
-0.1567784
-0.1498553
-0.1450690
-0.1480735
-0.1566502
-0.1622449
-0.1586740
-0.1502773
-0.1480813
-0.1554349
-0.1613698
-0.1523269
-0.1276925
-0.0994830
-0.0786189
-0.0654162
-0.0523968
-0.0332892
-0.0096204
0.0104837
0.0213523
0.0273112
0.0377247
0.0543069
0.0681797
0.0713938
0.0670762
0.0654355
0.0724922
0.0846378
0.0921926
0.0878086
0.0740296
0.0625064
0.0624679
0.0700504
0.0724525
0.0623047
0.0440856
0.0265489
0.0131678
0.0011677
-0.0128705
-0.0274022
-0.0348680
-0.0276580
-0.0070316
0.0158727
0.0301402
0.0337691
0.0300811
0.0195143
-0.0000267
-0.0264410
-0.0519802
-0.0691191
-0.0761262
-0.0777354
-0.0814401
-0.0910916
-0.1028262
-0.1095105
-0.1099782
-0.1106052
-0.1164405
-0.1243962
-0.1273766
-0.1223822
-0.1127244
-0.1046238
-0.1028670
-0.1073893
-0.1130771
-0.1147974
-0.1124431
-0.1086296
-0.1026265
-0.0908518
-0.0735871
-0.0571268
-0.0479519
-0.0470787
-0.0503373
-0.0520885
-0.0492527
-0.0440407
-0.0419073
-0.0446729
-0.0472796
-0.0441341
-0.0370946
-0.0339849
-0.0400461
-0.0533118
-0.0673925
-0.0768264
-0.0810240
-0.0845754
-0.0919736
-0.1009598
-0.1039334
-0.0976830
-0.0885201
-0.0850892
-0.0885008
-0.0922910
-0.0904913
-0.0834213
-0.0762967
-0.0732074
-0.0720103
-0.0661847
-0.0539340
-0.0438972
-0.0473902
-0.0646696
-0.0831795
-0.0909381
-0.0885998
-0.0868689
-0.0942560
-0.1084245
-0.1181928
-0.1140960
-0.0983046
-0.0831262
-0.0780714
-0.0802500
-0.0800488
-0.0740642
-0.0683683
-0.0696654
-0.0770214
-0.0831028
-0.0816904
-0.0735761
-0.0654310
-0.0618640
-0.0589839
-0.0490640
-0.0323758
-0.0197955
-0.0201972
-0.0283935
-0.0301707
-0.0186203
-0.0019306
0.0059012
0.0004861
-0.0082628
-0.0077645
0.0016885
0.0069733
0.0002905
-0.0076763
-0.0004721
0.0195257
0.0296538
0.0165370
0.0027221
0.0369074
0.1568042
0.3635290
0.6292384
0.9196754
1.1986133
1.4099990
1.4730561
1.3225401
0.9717237
0.5315805
0.1506457
-0.0786128
-0.1639345
-0.1763153
-0.1786623
-0.1872566
-0.1870955
-0.1686673
-0.1437558
-0.1301972
-0.1307481
-0.1328237
-0.1262773
-0.1145991
-0.1074659
-0.1081697
-0.1121160
-0.1142914
-0.1141667
-0.1144588
-0.1177509
-0.1238394
-0.1291940
-0.1300017
-0.1264642
-0.1228540
-0.1228730
-0.1262290
-0.1297607
-0.1302902
-0.1264335
-0.1192495
-0.1108417
-0.1008523
-0.0854502
-0.0621504
-0.0346947
-0.0101920
0.0084695
0.0248590
0.0436655
0.0653318
0.0861909
0.1022698
0.1127392
0.1203765
0.1281866
0.1354387
0.1388390
0.1381908
0.1379982
0.1412846
0.1440484
0.1387592
0.1225034
0.0995087
0.0761341
0.0550098
0.0339382
0.0096833
-0.0172748
-0.0424393
-0.0627946
-0.0811605
-0.1019726
-0.1229241
-0.1346731
-0.1307460
-0.1155096
-0.1003793
-0.0929313
-0.0904608
-0.0835143
-0.0658433
-0.0418995
-0.0238934
-0.0198911
-0.0255135
-0.0293390
-0.0258812
-0.0207786
-0.0229289
-0.0334246
-0.0431280
-0.0409735
-0.0253083
-0.0072711
-0.0011433
-0.0100844
-0.0230905
-0.0275686
-0.0229891
-0.0197953
-0.0262428
-0.0393654
-0.0492762
-0.0505371
-0.0481599
-0.0522032
-0.0666206
-0.0848654
-0.0981291
-0.1064647
-0.1180828
-0.1372052
-0.1566153
-0.1648945
-0.1588564
-0.1457511
-0.1335381
-0.1215034
-0.1021149
-0.0721233
-0.0402256
-0.0211020
-0.0208243
-0.0302673
-0.0346590
-0.0274385
-0.0122840
0.0053777
0.0229418
0.0365432
0.0391893
0.0292642
0.0215655
0.0470462
0.1386662
0.3143130
0.5683449
0.8718891
1.1738418
1.4020383
1.4779400
1.3531220
1.0474586
0.6514557
0.2801198
0.0118875
-0.1395516
-0.2064166
-0.2285943
-0.2305968
-0.2227949
-0.2115836
-0.2025314
-0.1967730
-0.1911249
-0.1846777
-0.1819321
-0.1857247
-0.1895098
-0.1825921
-0.1642596
-0.1479629
-0.1477628
-0.1622701
-0.1753411
-0.1731541
-0.1587386
-0.1481255
-0.1522603
-0.1644623
-0.1677590
-0.1541531
-0.1334001
-0.1209741
-0.1201192
-0.1194883
-0.1078878
-0.0874672
-0.0704615
-0.0646132
-0.0642129
-0.0563737
-0.0353839
-0.0090759
0.0102201
0.0196413
0.0279089
0.0433578
0.0632201
0.0772694
0.0804828
0.0790620
0.0832714
0.0956888
0.1076494
0.1076466
0.0930496
0.0725483
0.0563205
0.0450218
0.0304815
0.0069078
-0.0211717
-0.0432879
-0.0539021
-0.0575299
-0.0633830
-0.0758388
-0.0906911
-0.1009442
-0.1056193
-0.1112166
-0.1238773
-0.1418260
-0.1572302
-0.1644955
-0.1647945
-0.1630600
-0.1630099
-0.1657327
-0.1709683
-0.1774724
-0.1819047
-0.1790851
-0.1657295
-0.1450894
-0.1264207
-0.1171510
-0.1150163
-0.1100762
-0.0959293
-0.0776465
-0.0669915
-0.0702865
-0.0823191
-0.0922021
-0.0943025
-0.0930392
-0.0973119
-0.1108960
-0.1290630
-0.1445373
-0.1551332
-0.1640204
-0.1734978
-0.1811968
-0.1834297
-0.1807378
-0.1785418
-0.1823873
-0.1932626
-0.2076582
-0.2216557
-0.2341680
-0.2457625
-0.2552444
-0.2593498
-0.2564608
-0.2488928
-0.2398172
-0.2288187
-0.2126661
-0.1908390
-0.1685648
-0.1528663
-0.1455264
-0.1406862
-0.1301379
-0.1113681
-0.0900851
-0.0743282
-0.0664470
-0.0618489
-0.0555376
-0.0482978
-0.0452004
-0.0485793
-0.0540833
-0.0547502
-0.0488514
-0.0423875
-0.0423046
-0.0475718
-0.0497125
-0.0440450
-0.0378241
-0.0423002
-0.0558889
-0.0608499
-0.0427650
-0.0123909
-0.0004730
-0.0242263
-0.0596170
-0.0522400
0.0419111
0.2286626
0.4866781
0.7929076
1.1195438
1.4023797
1.5329031
1.4142399
1.0461140
0.5532628
0.1143692
-0.1535608
-0.2540747
-0.2693909
-0.2718053
-0.2764288
-0.2648288
-0.2321244
-0.1991061
-0.1855726
-0.1874224
-0.1864203
-0.1755347
-0.1657907
-0.1686541
-0.1794663
-0.1830191
-0.1723821
-0.1566082
-0.1489683
-0.1517095
-0.1556563
-0.1530503
-0.1464465
-0.1435587
-0.1463344
-0.1485028
-0.1436920
-0.1330403
-0.1230826
-0.1174013
-0.1126256
-0.1031626
-0.0882407
-0.0724775
-0.0594330
-0.0462971
-0.0266759
0.0011917
0.0302269
0.0496513
0.0544328
0.0491027
0.0421049
