-0.0562575
-0.0518805
0.0110849
0.1644931
0.4101599
0.7158909
1.0254657
1.2713548
1.3873623
1.3276507
1.0917046
0.7380400
0.3667829
0.0734044
-0.0965944
-0.1592725
-0.1646961
-0.1564223
-0.1500796
-0.1407724
-0.1231800
-0.1026237
-0.0901457
-0.0912426
-0.1010873
-0.1099011
-0.1120830
-0.1104918
-0.1127448
-0.1236128
-0.1406344
-0.1567953
-0.1673893
-0.1741004
-0.1821570
-0.1937212
-0.2048864
-0.2098496
-0.2077895
-0.2046582
-0.2075222
-0.2174081
-0.2284303
-0.2341032
-0.2338198
-0.2324000
-0.2334593
-0.2343120
-0.2284152
-0.2128450
-0.1924619
-0.1758047
-0.1667729
-0.1609398
-0.1505433
-0.1329076
-0.1133195
-0.0993061
-0.0924798
-0.0866925
-0.0744438
-0.0546848
-0.0337888
-0.0188405
-0.0104974
-0.0028914
0.0096319
0.0263044
0.0407379
0.0475643
0.0477137
0.0469607
0.0496173
0.0540289
0.0542238
0.0457711
0.0301727
0.0139255
0.0032162
-0.0012239
-0.0045551
-0.0124973
-0.0243864
-0.0317257
-0.0256200
-0.0071057
0.0113169
0.0174509
0.0133414
0.0142660
0.0306328
0.0527342
0.0598346
0.0487611
0.0511823
0.1165419
0.2745550
0.5145328
0.7986706
1.0862036
1.3361425
1.4916682
1.4834100
1.2723609
0.8995420
0.4848216
0.1597498
-0.0127558
-0.0620861
-0.0623319
-0.0658480
-0.0785235
-0.0848314
-0.0812697
-0.0810391
-0.0945830
-0.1161925
-0.1319753
-0.1357791
-0.1334266
-0.1336136
-0.1390788
-0.1470952
-0.1548797
-0.1618004
-0.1676715
-0.1718255
-0.1743716
-0.1764197
-0.1779818
-0.1770813
-0.1727091
-0.1681059
-0.1688079
-0.1763216
-0.1851156
-0.1878059
-0.1833006
-0.1780306
-0.1780489
-0.1809857
-0.1776864
-0.1622009
-0.1387973
-0.1178894
-0.1054861
-0.0980169
-0.0878966
-0.0729052
-0.0586525
-0.0518664
-0.0525827
-0.0538542
-0.0486786
-0.0362734
-0.0215924
-0.0097998
-0.0020172
0.0040963
0.0109578
0.0188749
0.0264912
0.0323155
0.0356059
0.0364223
0.0353371
0.0328077
0.0282881
0.0201562
0.0075062
-0.0073427
-0.0188091
-0.0220481
-0.0177619
-0.0121026
-0.0101734
-0.0093668
-0.0009493
0.0197075
0.0447892
0.0589685
0.0560985
0.0521762
0.0803952
0.1713203
0.3359147
0.5641953
0.8332548
1.1089014
1.3384000
1.4519643
1.3896774
1.1432546
0.7770704
0.4020321
0.1157840
-0.0456198
-0.1092497
-0.1265674
-0.1328436
-0.1359053
-0.1318656
-0.1225663
-0.1167878
-0.1200315
-0.1286459
-0.1348774
-0.1353030
-0.1329004
-0.1322166
-0.1345527
-0.1379476
-0.1401621
-0.1405981
-0.1401351
-0.1404841
-0.1436509
-0.1505764
-0.1593646
-0.1656357
-0.1661134
-0.1622320
-0.1591843
-0.1605015
-0.1639469
-0.1637635
-0.1571434
-0.1475926
-0.1412836
-0.1406806
-0.1427737
-0.1434919
-0.1424522
-0.1421963
-0.1431897
-0.1411638
-0.1305206
-0.1102356
-0.0856997
-0.0644000
-0.0497974
-0.0392239
-0.0272357
-0.0107655
0.0085309
0.0261109
0.0381958
0.0439147
0.0447204
0.0425515
0.0387838
0.0342084
0.0287461
0.0206954
0.0075046
-0.0107262
-0.0281153
-0.0355940
-0.0295423
-0.0183674
-0.0179191
-0.0370622
-0.0660362
-0.0784214
-0.0436343
0.0621224
0.2511859
0.5179921
0.8252563
1.0957843
1.2325605
1.1694129
0.9191213
0.5755416
0.2602486
0.0529415
-0.0409384
-0.0671479
-0.0740909
-0.0827054
-0.0908664
-0.0937371
-0.0946463
-0.1004914
-0.1136013
-0.1305889
-0.1466195
-0.1583288
-0.1637434
-0.1624407
-0.1569754
-0.1525489
-0.1533640
-0.1591299
-0.1660102
-0.1711202
-0.1752712
-0.1809011
-0.1880580
-0.1934631
-0.1937733
-0.1893253
-0.1843652
-0.1836226
-0.1884990
-0.1960830
-0.2015872
-0.2021292
-0.1987850
-0.1951461
-0.1935952
-0.1928454
-0.1893067
-0.1808914
-0.1690840
-0.1570026
-0.1458493
-0.1339756
-0.1194669
-0.1028637
-0.0867650
-0.0731428
-0.0617507
-0.0510059
-0.0394879
-0.0262746
-0.0109981
0.0049311
0.0172152
0.0205347
0.0131354
-0.0004926
-0.0126784
-0.0190304
-0.0216863
-0.0260570
-0.0349218
-0.0461861
-0.0558515
-0.0620657
-0.0660760
-0.0702477
-0.0759454
-0.0827125
-0.0883286
-0.0898041
-0.0859711
-0.0802407
-0.0797988
-0.0898840
-0.1078604
-0.1239360
-0.1291872
-0.1232459
-0.1137965
-0.1088719
-0.1105090
-0.1157336
-0.1218695
-0.1290709
-0.1379824
-0.1469891
-0.1530953
-0.1547478
-0.1524475
-0.1468478
-0.1379287
-0.1267705
-0.1166505
-0.1103873
-0.1065943
-0.1005430
-0.0901522
-0.0801511
-0.0781287
-0.0856563
-0.0946863
-0.0945113
-0.0825890
-0.0675369
-0.0608187
-0.0658507
-0.0756834
-0.0808729
-0.0787811
-0.0752310
-0.0780088
-0.0891676
-0.1027842
-0.1092351
-0.1023005
-0.0841560
-0.0646546
-0.0545768
-0.0572751
-0.0660133
-0.0705540
-0.0673026
-0.0621000
-0.0617282
-0.0638099
-0.0586770
-0.0432407
-0.0298696
-0.0349103
-0.0541119
-0.0511291
0.0240471
0.2002198
0.4646173
0.7717980
1.0659319
1.2923324
1.3969372
1.3346459
1.0969681
0.7368885
0.3570880
0.0580418
-0.1153529
-0.1846353
-0.2020012
-0.2058848
-0.2060843
-0.1996550
-0.1891500
-0.1823639
-0.1810606
-0.1782487
-0.1683127
-0.1556452
-0.1498930
-0.1541228
-0.1611738
-0.1624104
-0.1575309
-0.1537501
-0.1564823
-0.1633415
-0.1678200
-0.1670052
-0.1642040
-0.1647884
-0.1711205
-0.1815235
-0.1924300
-0.2004342
-0.2034539
-0.2019679
-0.1994718
-0.2000123
-0.2038043
-0.2058720
-0.2006740
-0.1885084
-0.1761237
-0.1700071
-0.1697909
-0.1696866
-0.1663537
-0.1635371
-0.1674757
-0.1783929
-0.1884633
-0.1891236
-0.1795445
-0.1667469
-0.1574833
-0.1509931
-0.1401103
-0.1189086
-0.0888803
-0.0581557
-0.0351923
-0.0225484
-0.0154636
-0.0061892
0.0090333
0.0258740
0.0348301
0.0295123
0.0128262
-0.0055341
-0.0183140
-0.0269771
-0.0379847
-0.0532427
-0.0660229
-0.0676845
-0.0577895
-0.0457921
-0.0419794
-0.0476891
-0.0554791
-0.0583490
-0.0571516
-0.0582952
-0.0653858
-0.0747390
-0.0792024
-0.0751043
-0.0647357
-0.0530127
-0.0431619
-0.0355262
-0.0287628
-0.0209600
-0.0106739
0.0008995
0.0083589
0.0050373
-0.0099266
-0.0277160
-0.0358503
-0.0300081
-0.0186375
-0.0133921
-0.0152269
-0.0132779
0.0003458
0.0175268
0.0218720
0.0130559
0.0217331
0.0955927
0.2665112
0.5274562
0.8351066
1.1275729
1.3388675
1.4086713
1.2998154
1.0239281
0.6525670
0.2914810
0.0274392
-0.1129525
-0.1607456
-0.1663048
-0.1624488
-0.1566981
-0.1468616
-0.1352478
-0.1279467
-0.1269612
-0.1284044
-0.1281465
-0.1262193
-0.1249194
-0.1248325
-0.1245121
-0.1230452
-0.1208278
-0.1176802
-0.1122021
-0.1044258
-0.0981496
-0.0985243
-0.1064438
-0.1162430
-0.1201956
-0.1155746
-0.1068731
-0.1009327
-0.1001895
-0.1008235
-0.0971756
-0.0876017
-0.0760858
-0.0684183
-0.0667417
-0.0674307
-0.0641539
-0.0534213
-0.0376823
-0.0230889
-0.0139138
-0.0089465
-0.0034296
0.0054711
0.0154420
0.0215771
0.0220785
0.0209308
0.0244023
0.0347131
0.0473014
0.0545670
0.0524674
0.0435485
0.0336343
0.0256978
0.0171238
0.0030929
-0.0173527
-0.0388078
-0.0534316
-0.0577969
-0.0560791
-0.0564486
-0.0641379
-0.0777480
-0.0918414
-0.1025750
-0.1105743
-0.1186836
-0.1275734
-0.1339600
-0.1331598
-0.1234375
-0.1081557
-0.0938857
-0.0860341
-0.0854226
-0.0884188
-0.0903725
-0.0893212
-0.0866172
-0.0840634
-0.0809185
-0.0745904
-0.0647105
-0.0557060
-0.0537348
-0.0601704
-0.0688385
-0.0712492
-0.0652633
-0.0577765
-0.0576209
-0.0657156
-0.0733366
-0.0710006
-0.0586119
-0.0457229
-0.0415773
-0.0459694
-0.0508211
-0.0500570
-0.0461926
-0.0465066
-0.0540794
-0.0645351
-0.0718352
-0.0754546
-0.0800703
-0.0885120
-0.0970705
-0.0992208
-0.0934522
-0.0859396
-0.0848775
-0.0927004
-0.1041728
-0.1113985
-0.1099925
-0.1010922
-0.0892094
-0.0791267
-0.0737702
-0.0729931
-0.0735764
-0.0714741
-0.0654356
-0.0584292
-0.0545227
-0.0541133
-0.0532290
-0.0483158
-0.0409463
-0.0363530
-0.0371775
-0.0401100
-0.0396537
-0.0340707
-0.0258006
-0.0164468
-0.0043935
0.0104212
0.0215129
0.0211003
0.0144282
0.0282163
0.1006802
0.2586020
0.4999710
0.7934597
1.0884254
1.3237929
1.4362972
1.3784854
1.1464958
0.7969531
0.4297622
0.1397031
-0.0298504
-0.0965649
-0.1091971
-0.1078039
-0.1059581
-0.1004468
-0.0892036
-0.0779921
-0.0741835
-0.0792250
-0.0885336
-0.0968800
-0.1023934
-0.1060817
-0.1091446
-0.1113891
-0.1116830
-0.1094132
-0.1056436
-0.1030456
-0.1042981
-0.1099122
-0.1174972
-0.1235862
-0.1265286
-0.1275181
-0.1286488
-0.1301357
-0.1297371
-0.1249166
-0.1153240
-0.1030308
-0.0905159
-0.0787053
-0.0670772
-0.0554795
-0.0453945
-0.0388816
-0.0359608
-0.0333029
-0.0263431
-0.0134889
0.0017616
0.0136752
0.0199205
0.0240870
0.0317580
0.0439411
0.0554424
0.0608665
0.0619494
0.0673944
0.0842506
0.1097253
0.1325458
0.1427106
0.1392723
0.1282871
0.1143083
0.0957186
0.0689945
0.0361650
0.0060403
-0.0127942
-0.0196888
-0.0220776
-0.0281629
-0.0399341
-0.0532083
-0.0634996
-0.0707679
-0.0781720
-0.0869269
-0.0935844
-0.0931826
-0.0850104
-0.0745114
-0.0688028
-0.0702818
-0.0750693
-0.0777754
-0.0770218
-0.0754844
-0.0749037
-0.0726842
-0.0647591
-0.0514471
-0.0388617
-0.0335111
-0.0360394
-0.0412619
-0.0441137
-0.0442059
-0.0439034
-0.0431778
-0.0383304
-0.0264142
-0.0097434
0.0053427
0.0142561
0.0178668
0.0201757
0.0230440
0.0240405
0.0194474
0.0087371
-0.0043136
-0.0148876
-0.0214820
-0.0271391
-0.0361651
-0.0492515
-0.0621330
-0.0701098
-0.0741986
-0.0812102
-0.0957107
-0.1123415
-0.1192814
-0.1115304
-0.0986653
-0.0951093
-0.1020574
-0.1040956
-0.0887528
-0.0671125
-0.0661854
-0.0943900
-0.1171001
-0.0740110
0.0752322
0.3233903
0.6306079
0.9556322
1.2608089
1.4895694
1.5612005
1.4149445
1.0723215
0.6493623
0.2913057
0.0813566
0.0038264
-0.0127402
-0.0240491
-0.0387423
-0.0422212
-0.0329096
-0.0277436
-0.0393273
-0.0595922
-0.0704013
-0.0657448
-0.0580923
-0.0632025
-0.0829798
-0.1054919
-0.1195768
-0.1259945
-0.1337261
-0.1478664
-0.1635736
-0.1718592
-0.1695138
-0.1620453
-0.1572962
-0.1575855
-0.1588988
-0.1570361
-0.1528698
-0.1505112
-0.1509103
-0.1489340
-0.1379168
-0.1168733
-0.0922598
-0.0721365
-0.0589048
-0.0481280
-0.0341073
-0.0158059
0.0029460
0.0182781
0.0301851
0.0413023
0.0524726
0.0604676
0.0605613
0.0512654
0.0362885
0.0217584
0.0115496
0.0052177
0.0000410
-0.0055996
-0.0112127
-0.0160743
-0.0210822
-0.0280527
-0.0374415
-0.0476047
-0.0567169
-0.0648874
-0.0735548
-0.0827446
-0.0898724
-0.0922075
-0.0903859
-0.0884424
-0.0896979
-0.0931400
-0.0948598
-0.0931307
-0.0909603
-0.0926255
-0.0980302
-0.1018011
-0.0987215
-0.0894687
-0.0799655
-0.0750762
-0.0740451
-0.0727880
-0.0696248
-0.0669125
-0.0666141
-0.0660627
-0.0603239
-0.0490110
-0.0389210
-0.0381396
-0.0476298
-0.0600695
-0.0677161
-0.0704748
-0.0748553
-0.0850694
-0.0968774
-0.1017592
-0.0968815
-0.0892660
-0.0889325
-0.0983895
-0.1101805
-0.1152374
-0.1126609
-0.1099878
-0.1138144
-0.1216408
-0.1244325
-0.1170748
-0.1046854
-0.0974332
-0.0998259
-0.1068110
-0.1108869
-0.1113613
-0.1145238
-0.1246808
-0.1372790
-0.1430095
-0.1384586
-0.1305666
-0.1291239
-0.1357335
-0.1421250
-0.1398386
-0.1298490
-0.1206927
-0.1172968
-0.1139710
-0.1005024
-0.0749090
-0.0479743
-0.0334371
-0.0341798
-0.0399586
-0.0393459
-0.0319454
-0.0263966
-0.0269135
-0.0258750
-0.0133860
0.0069418
0.0172427
0.0054097
-0.0134963
0.0015414
0.0925211
0.2767814
0.5410029
0.8502981
1.1536505
1.3819088
1.4572019
1.3280465
1.0113829
0.6006170
0.2205590
-0.0410063
-0.1712156
-0.2136400
-0.2188771
-0.2113608
-0.1934871
-0.1677468
-0.1462071
-0.1399764
-0.1467830
-0.1538175
-0.1518606
-0.1435101
-0.1371925
-0.1359596
-0.1346205
-0.1272282
-0.1147681
-0.1039627
-0.0994155
-0.0987787
-0.0962463
-0.0896241
-0.0824665
-0.0790819
-0.0787032
-0.0759407
-0.0671428
-0.0552857
-0.0475070
-0.0477092
-0.0523971
-0.0544546
-0.0506242
-0.0442380
-0.0403369
-0.0393228
-0.0369627
-0.0306824
-0.0240888
-0.0234701
-0.0298252
-0.0360187
-0.0333066
-0.0205565
-0.0058011
0.0019622
0.0018139
0.0009111
0.0058984
0.0158604
0.0246852
0.0293389
0.0336062
0.0425268
0.0542387
0.0595611
0.0509060
0.0309621
0.0110709
0.0004071
-0.0025535
-0.0072018
-0.0201261
-0.0384974
-0.0541194
-0.0624926
-0.0664248
-0.0711483
-0.0777613
-0.0825007
-0.0814604
-0.0744591
-0.0642926
-0.0536766
-0.0436179
-0.0335549
-0.0218407
-0.0070996
0.0087529
0.0192330
0.0186833
0.0114106
0.0124110
0.0329212
0.0636818
0.0788494
0.0647298
0.0461052
0.0779652
0.2050049
0.4285440
0.7136792
1.0222357
1.3262908
1.5846035
1.7197380
1.6452683
1.3366895
0.8779669
0.4254190
0.1098097
-0.0387429
-0.0809304
-0.0949745
-0.1155565
-0.1332790
-0.1340455
-0.1251534
-0.1248171
-0.1385221
-0.1544390
-0.1600318
-0.1561584
-0.1525177
-0.1534654
-0.1528586
-0.1425306
-0.1223931
-0.1005926
-0.0853921
-0.0788181
-0.0776503
-0.0783163
-0.0796538
-0.0820504
-0.0857139
-0.0901788
-0.0944614
-0.0969898
-0.0960767
-0.0916223
-0.0864731
-0.0850455
-0.0895938
-0.0977934
-0.1046393
-0.1071023
-0.1066374
-0.1067022
-0.1080769
-0.1075339
-0.1016243
-0.0911018
-0.0804538
-0.0729184
-0.0670982
-0.0594570
-0.0496068
-0.0415698
-0.0389239
-0.0392862
-0.0348845
-0.0193958
0.0057525
0.0320488
0.0507929
0.0594007
0.0614941
0.0616629
0.0605507
0.0547995
0.0414830
0.0226427
0.0053198
-0.0037921
-0.0046865
-0.0048590
-0.0125080
-0.0280094
-0.0426119
-0.0466646
-0.0394356
-0.0300711
-0.0282138
-0.0340265
-0.0383721
-0.0330201
-0.0197786
-0.0087495
-0.0080358
-0.0163076
-0.0256286
-0.0303306
-0.0320613
-0.0366573
-0.0474326
-0.0619576
-0.0745009
-0.0806651
-0.0798467
-0.0743688
-0.0672404
-0.0607291
-0.0562168
-0.0546098
-0.0566743
-0.0629843
-0.0732763
-0.0856786
-0.0971171
-0.1054033
-0.1112085
-0.1174365
-0.1261216
-0.1360395
-0.1437537
-0.1471350
-0.1475985
-0.1484589
-0.1508551
-0.1516719
-0.1463312
-0.1340806
-0.1199707
-0.1106985
-0.1082848
-0.1083245
-0.1047730
-0.0962045
-0.0869521
-0.0819959
-0.0811124
-0.0787695
-0.0701880
-0.0569471
-0.0455755
-0.0404934
-0.0394242
-0.0365304
-0.0293535
-0.0213578
-0.0173185
-0.0170553
-0.0148328
-0.0056311
0.0081418
0.0172205
0.0138327
-0.0006060
-0.0170498
-0.0281121
-0.0347568
-0.0434143
-0.0576359
-0.0736501
-0.0838536
-0.0841733
-0.0783615
-0.0752486
-0.0809235
-0.0930261
-0.1034156
-0.1068450
-0.1057034
-0.1049992
