-0.0207476
-0.0185869
-0.0507904
-0.0756512
-0.0746341
-0.0611957
-0.0489253
-0.0405916
-0.0408919
-0.0524197
-0.0614346
-0.0510084
-0.0281294
-0.0178294
-0.0290042
-0.0425734
-0.0361407
-0.0083958
0.0225955
0.0379663
0.0385526
0.0556595
0.1353263
0.2982275
0.5142830
0.7228145
0.8731253
0.9392199
0.9067189
0.7667007
0.5291793
0.2342491
-0.0573784
-0.2891412
-0.4329428
-0.4977124
-0.5139270
-0.5060388
-0.4798286
-0.4341892
-0.3765715
-0.3223470
-0.2845057
-0.2681203
-0.2699153
-0.2791364
-0.2835131
-0.2790427
-0.2713056
-0.2650470
-0.2568747
-0.2413681
-0.2205206
-0.2032167
-0.1966877
-0.1999059
-0.2039194
-0.1989727
-0.1839044
-0.1678493
-0.1595269
-0.1560353
-0.1463425
-0.1249853
-0.0976491
-0.0732558
-0.0549339
-0.0393969
-0.0217140
0.0000240
0.0225895
0.0407362
0.0547389
0.0733771
0.1058957
0.1509889
0.1958154
0.2254674
0.2324866
0.2195745
0.1958800
0.1697080
0.1429250
0.1131579
0.0816819
0.0562275
0.0441822
0.0450478
0.0508792
0.0520183
0.0420398
0.0213628
-0.0010885
-0.0128339
-0.0086071
0.0038845
0.0111011
0.0070506
-0.0009712
-0.0003371
0.0124849
0.0257772
0.0239383
0.0069413
-0.0056016
0.0045727
0.0310626
0.0485248
0.0459526
0.0504334
0.1114601
0.2576180
0.4661178
0.6729581
0.8133578
0.8557271
0.8025288
0.6675824
0.4621676
0.2051573
-0.0621632
-0.2831299
-0.4138189
-0.4468301
-0.4108299
-0.3488179
-0.2929010
-0.2524177
-0.2207623
-0.1915442
-0.1678774
-0.1574662
-0.1616403
-0.1712068
-0.1730779
-0.1611369
-0.1414224
-0.1259981
-0.1202281
-0.1169866
-0.1058468
-0.0872623
-0.0738034
-0.0757808
-0.0880390
-0.0930416
-0.0766200
-0.0406841
-0.0018998
0.0221262
0.0277543
0.0284140
0.0425108
0.0769543
0.1214944
0.1583067
0.1774214
0.1847808
0.1964659
0.2237347
0.2622681
0.2967741
0.3166303
0.3250760
0.3317102
0.3383615
0.3355674
0.3127282
0.2694829
0.2167625
0.1679516
0.1291256
0.0967766
0.0641814
0.0293661
-0.0035493
-0.0297724
-0.0485870
-0.0624703
-0.0732697
-0.0802175
-0.0809918
-0.0745434
-0.0636744
-0.0543660
-0.0508087
-0.0508250
-0.0477221
-0.0372405
-0.0218320
-0.0081156
-0.0010394
0.0000136
0.0010111
0.0089073
0.0252046
0.0429276
0.0516048
0.0469423
0.0354186
0.0279188
0.0277090
0.0256354
0.0112882
-0.0066943
0.0073565
0.0955053
0.2683478
0.4842846
0.6686866
0.7578865
0.7301978
0.6024136
0.4047492
0.1629091
-0.0990617
-0.3472678
-0.5390696
-0.6422438
-0.6550373
-0.6065209
-0.5362511
-0.4716551
-0.4200699
-0.3762771
-0.3351426
-0.2991781
-0.2763085
-0.2701691
-0.2723432
-0.2661491
-0.2407174
-0.2021584
-0.1698606
-0.1601176
-0.1718514
-0.1879392
-0.1913575
-0.1806067
-0.1687706
-0.1675983
-0.1746425
-0.1776906
-0.1703091
-0.1600303
-0.1602670
-0.1752481
-0.1937815
-0.1982266
-0.1804945
-0.1498664
-0.1243493
-0.1133069
-0.1086333
-0.0933058
-0.0581958
-0.0104193
0.0336484
0.0626061
0.0780496
0.0899684
0.1051133
0.1203797
0.1276258
0.1237595
0.1145302
0.1085736
0.1091864
0.1121337
0.1102190
0.0997125
0.0836280
0.0692897
0.0615627
0.0576477
0.0493123
0.0314031
0.0083821
-0.0081385
-0.0094430
0.0014763
0.0110541
0.0066026
-0.0121841
-0.0337674
-0.0474624
-0.0543677
-0.0641076
-0.0815750
-0.0994558
-0.1051120
-0.0939639
-0.0747909
-0.0614317
-0.0597366
-0.0635845
-0.0639157
-0.0599983
-0.0594634
-0.0672250
-0.0770444
-0.0762066
-0.0581867
-0.0296519
-0.0051664
0.0045218
-0.0003277
-0.0114789
-0.0219844
-0.0320362
-0.0457285
-0.0631510
-0.0773324
-0.0797889
-0.0689462
-0.0529744
-0.0440360
-0.0485380
-0.0619509
-0.0737581
-0.0786542
-0.0824151
-0.0951703
-0.1187233
-0.1422147
-0.1519384
-0.1458679
-0.1380905
-0.1477831
-0.1819726
-0.2278128
-0.2621849
-0.2702731
-0.2558585
-0.2343797
-0.2171331
-0.2029075
-0.1841809
-0.1591966
-0.1346719
-0.1132742
-0.0779206
0.0061054
0.1639826
0.3795860
0.5915532
0.7272417
0.7476425
0.6644816
0.5178468
0.3400734
0.1408849
-0.0771468
-0.2957960
-0.4790706
-0.5949299
-0.6378746
-0.6299794
-0.6012955
-0.5690416
-0.5318114
-0.4796207
-0.4096493
-0.3354251
-0.2812752
-0.2640745
-0.2770043
-0.2923234
-0.2842517
-0.2519205
-0.2193620
-0.2112010
-0.2281794
-0.2480001
-0.2502808
-0.2375765
-0.2288997
-0.2346696
-0.2441533
-0.2403437
-0.2225157
-0.2072331
-0.2061044
-0.2080088
-0.1883059
-0.1348109
-0.0601868
0.0130970
0.0760362
0.1359444
0.1966552
0.2438109
0.2576961
0.2402704
0.2219637
0.2360004
0.2871324
0.3492367
0.3930508
0.4118359
0.4181080
0.4203774
0.4113424
0.3818057
0.3398048
0.3064488
0.2905275
0.2747421
0.2354064
0.1749235
0.1257721
0.1156581
0.1314497
0.1261908
0.0673549
-0.0238216
-0.0867810
-0.0784075
-0.0139985
0.0499436
0.0712741
0.0568464
0.0437432
0.0544554
0.0771007
0.0868334
0.0773111
0.0657694
0.0709817
0.0931671
0.1165522
0.1259917
0.1172312
0.0957466
0.0744024
0.0730932
0.1095575
0.1788375
0.2433960
0.2573506
0.2115346
0.1521464
0.1437937
0.2068244
0.2930782
0.3300944
0.2941089
0.2407876
0.2629650
0.4141599
0.6648781
0.9225425
1.0888414
1.1068258
0.9737229
0.7280552
0.4293944
0.1394305
-0.0946952
-0.2515212
-0.3346805
-0.3602289
-0.3421224
-0.2888242
-0.2125369
-0.1371449
-0.0902791
-0.0832270
-0.0998237
-0.1095016
-0.0943863
-0.0639847
-0.0429607
-0.0452424
-0.0612502
-0.0701949
-0.0626373
-0.0487779
-0.0450610
-0.0554850
-0.0678301
-0.0667089
-0.0479075
-0.0203220
0.0034169
0.0169525
0.0228307
0.0277664
0.0359547
0.0462370
0.0551722
0.0626233
0.0737799
0.0946718
0.1249244
0.1554722
0.1754122
0.1828845
0.1886530
0.2065865
0.2393547
0.2747145
0.2973216
0.3034951
0.3026220
0.3040327
0.3046271
0.2914937
0.2568620
0.2088513
0.1656456
0.1386388
0.1225122
0.1029691
0.0734084
0.0421639
0.0231140
0.0209962
0.0273548
0.0300769
0.0250522
0.0178880
0.0154374
0.0174729
0.0174680
0.0106220
-0.0005824
-0.0091865
-0.0107040
-0.0061410
0.0009864
0.0088876
0.0185845
0.0320733
0.0499035
0.0695862
0.0858423
0.0939888
0.0959061
0.1042691
0.1395867
0.2193834
0.3464684
0.5054211
0.6688833
0.8054630
0.8819878
0.8648597
0.7314428
0.4901310
0.1898663
-0.0980613
-0.3173702
-0.4527801
-0.5229017
-0.5506711
-0.5431016
-0.4987498
-0.4286582
-0.3618099
-0.3258718
-0.3244001
-0.3364628
-0.3388322
-0.3261416
-0.3091932
-0.2976630
-0.2891189
-0.2756438
-0.2576373
-0.2466327
-0.2524475
-0.2688132
-0.2749052
-0.2537534
-0.2096964
-0.1665368
-0.1471634
-0.1541027
-0.1693039
-0.1720809
-0.1566285
-0.1324446
-0.1098895
-0.0886558
-0.0617370
-0.0275158
0.0076259
0.0404455
0.0797055
0.1372009
0.2086451
0.2689979
0.2931043
0.2816476
0.2620277
0.2601031
0.2735708
0.2784699
0.2619411
0.2411394
0.2430155
0.2682089
0.2850030
0.2645702
0.2166853
0.1809438
0.1806925
0.1935692
0.1759554
0.1159695
0.0540391
0.0445987
0.0986691
0.1693786
0.1958053
0.1584519
0.0908125
0.0412446
0.0291608
0.0378897
0.0430824
0.0409429
0.0475064
0.0746113
0.1119434
0.1354347
0.1326671
0.1172968
0.1160184
0.1409440
0.1764146
0.1946390
0.1840005
0.1598118
0.1457577
0.1464875
0.1423401
0.1127202
0.0617405
0.0166240
0.0004552
0.0098420
0.0212366
0.0166954
0.0000993
-0.0110966
-0.0055750
0.0131026
0.0351362
0.0572713
0.0848350
0.1225759
0.1658344
0.2015430
0.2185841
0.2203794
0.2314300
0.2904421
0.4275161
0.6352796
0.8559865
1.0020508
1.0028380
0.8461130
0.5832497
0.2950816
0.0457712
-0.1414336
-0.2743981
-0.3650955
-0.4127599
-0.4096608
-0.3584484
-0.2805493
-0.2063458
-0.1565854
-0.1324083
-0.1220898
-0.1159669
-0.1138137
-0.1186586
-0.1270411
-0.1294088
-0.1210448
-0.1098628
-0.1104089
-0.1300379
-0.1628777
-0.1979609
-0.2311360
-0.2664345
-0.3061506
-0.3433654
-0.3678187
-0.3786989
-0.3877365
-0.4069631
-0.4348583
-0.4575889
-0.4639262
-0.4557052
-0.4415322
-0.4225332
-0.3888404
-0.3319502
-0.2578307
-0.1838386
-0.1219765
-0.0682986
-0.0115114
0.0496646
0.1020562
0.1324634
0.1432429
0.1494966
0.1608417
0.1697652
0.1608057
0.1299206
0.0913036
0.0636733
0.0519757
0.0454158
0.0330943
0.0177631
0.0111443
0.0171206
0.0239105
0.0152541
-0.0123668
-0.0465002
-0.0728510
-0.0901447
-0.1089809
-0.1370195
-0.1686171
-0.1912662
-0.2007497
-0.2061843
-0.2183924
-0.2358308
-0.2459424
-0.2411088
-0.2299071
-0.2290291
-0.2441108
-0.2617855
-0.2633560
-0.2456014
-0.2250415
-0.2199690
-0.2299298
-0.2357479
-0.2200827
-0.1854197
-0.1499716
-0.1273496
-0.1132942
-0.0933344
-0.0613806
-0.0278600
-0.0078755
-0.0007072
0.0194933
0.0920683
0.2444135
0.4688271
0.7153284
0.9061573
0.9681346
0.8683101
0.6315661
0.3263288
0.0268932
-0.2199292
-0.4007905
-0.5178174
-0.5716325
-0.5640189
-0.5121047
-0.4500380
-0.4087179
-0.3928758
-0.3823272
-0.3586107
-0.3282212
-0.3159737
-0.3358796
-0.3728642
-0.3959781
-0.3877950
-0.3578320
-0.3283409
-0.3122638
-0.3080937
-0.3117386
-0.3244297
-0.3447839
-0.3584967
-0.3453103
-0.3001545
-0.2436308
-0.2064026
-0.2023477
-0.2188175
-0.2326042
-0.2321092
-0.2227514
-0.2145687
-0.2096027
-0.2018756
-0.1853255
-0.1583114
-0.1223246
-0.0811237
-0.0424961
-0.0168383
-0.0093615
-0.0133860
-0.0143782
-0.0025868
0.0188057
0.0384403
0.0483438
0.0497951
0.0491116
0.0500414
0.0507737
0.0464480
0.0329220
0.0091911
-0.0210607
-0.0493019
-0.0659885
-0.0678811
-0.0620738
-0.0603593
-0.0677324
-0.0774294
-0.0793237
-0.0730189
-0.0699933
-0.0806593
-0.1002034
-0.1104929
-0.0985270
-0.0724061
-0.0560086
-0.0655855
-0.0923747
-0.1108916
-0.1054135
-0.0865668
-0.0796856
-0.0971289
-0.1245032
-0.1357153
-0.1202943
-0.0932299
-0.0773057
-0.0784577
-0.0816337
-0.0703423
-0.0459938
-0.0247263
-0.0169349
-0.0147898
-0.0022524
0.0252790
0.0552927
0.0724097
0.0748731
0.0741614
0.0797491
0.0882859
0.0893916
0.0790690
0.0635835
0.0508310
0.0426543
0.0381309
0.0404405
0.0542504
0.0760733
0.0950789
0.1118795
0.1558047
0.2720001
0.4772407
0.7222170
0.9029453
0.9223782
0.7546757
0.4595471
0.1383882
-0.1275399
-0.3096021
-0.4214493
-0.4880802
-0.5233323
-0.5270979
-0.4953376
-0.4311542
-0.3494550
-0.2726888
-0.2195834
-0.1941819
-0.1845893
-0.1739459
-0.1542307
-0.1298292
-0.1086154
-0.0920538
-0.0757878
-0.0582574
-0.0447938
-0.0412338
-0.0454987
-0.0487982
-0.0457689
-0.0408844
-0.0426599
-0.0526621
-0.0632614
-0.0669905
-0.0652539
-0.0649918
-0.0680944
-0.0683475
-0.0605498
-0.0493725
-0.0448167
-0.0485570
-0.0483354
-0.0286384
0.0138596
0.0673867
0.1170423
0.1573152
0.1921755
0.2254491
0.2539822
0.2700803
0.2685167
0.2508711
0.2250534
0.2010634
0.1840833
0.1688604
0.1428678
0.0996909
0.0499801
0.0143485
0.0018596
-0.0009934
-0.0138496
-0.0359425
-0.0449696
-0.0287089
-0.0113266
-0.0339873
-0.1032079
-0.1683606
-0.1655897
-0.0878235
-0.0014720
0.0156607
-0.0488486
-0.1337222
-0.1705010
-0.1484544
-0.1093868
-0.0892244
-0.0812206
-0.0597232
-0.0243343
-0.0020559
-0.0037424
0.0070130
0.0878233
0.2594229
0.4792197
0.6724779
0.7833472
0.7946367
0.7106671
0.5394508
0.2996850
0.0363162
-0.1870774
-0.3219858
-0.3634369
-0.3451306
-0.3081201
-0.2744657
-0.2460821
-0.2201692
-0.1998893
-0.1912713
-0.1948873
-0.2039899
-0.2107533
-0.2131567
-0.2154191
-0.2219302
-0.2309296
-0.2346351
-0.2265492
-0.2090154
-0.1924196
-0.1851870
-0.1842191
-0.1767463
-0.1531850
-0.1178942
-0.0858315
-0.0682903
-0.0631221
-0.0593630
-0.0494526
-0.0346495
-0.0193084
-0.0033563
0.0177926
0.0482202
0.0894551
0.1421322
0.2045017
0.2664445
0.3090748
0.3180397
0.3005225
0.2844074
0.2933985
0.3211468
0.3345762
0.3072555
0.2485575
0.1959693
0.1777028
0.1858431
0.1880954
0.1630678
0.1199101
0.0838892
0.0680946
0.0630749
0.0515294
0.0272734
-0.0017889
-0.0245620
-0.0358014
-0.0361056
-0.0292010
-0.0220984
-0.0238769
-0.0384427
-0.0577173
-0.0664453
-0.0574719
-0.0412480
-0.0368165
-0.0522388
-0.0757768
-0.0879427
-0.0812120
-0.0660088
-0.0575949
-0.0593952
-0.0606158
-0.0491765
-0.0251900
-0.0013215
0.0098187
0.0097947
0.0185606
0.0657338
0.1746563
0.3485167
0.5650959
0.7809883
0.9424710
1.0004788
0.9276633
0.7320767
0.4578656
0.1674123
-0.0865068
-0.2786418
-0.4063988
-0.4716288
-0.4722133
-0.4134210
-0.3221237
-0.2395554
-0.1929476
-0.1752235
-0.1577594
-0.1248447
-0.0918357
-0.0858744
-0.1111825
-0.1401050
-0.1423459
-0.1202031
-0.1086759
-0.1374107
-0.1944821
-0.2322502
-0.2124153
-0.1464171
-0.0903142
-0.0964470
-0.1653224
-0.2420188
-0.2617451
-0.2047779
-0.1118478
-0.0464474
-0.0391727
-0.0654613
-0.0752493
-0.0425993
0.0141232
0.0579770
0.0737630
0.0800717
0.1049288
0.1564470
0.2199553
0.2779262
0.3237952
0.3547479
0.3599729
0.3269741
0.2614923
0.1933240
0.1538623
0.1466661
0.1447356
0.1195236
0.0702332
0.0217154
-0.0042892
-0.0104763
-0.0155383
-0.0299130
-0.0457841
-0.0503884
-0.0427931
-0.0333003
-0.0291977
-0.0270270
-0.0202510
-0.0099233
-0.0034223
-0.0039614
-0.0060708
-0.0028863
0.0063233
0.0209683
0.0516168
0.1226564
0.2563273
0.4493714
0.6620308
0.8287044
0.8838912
0.7902830
0.5574768
0.2426258
-0.0710083
-0.3102786
-0.4427127
-0.4811603
-0.4616020
-0.4154089
-0.3590587
-0.3029979
-0.2608653
-0.2439818
-0.2483703
-0.2542162
-0.2438370
-0.2201321
-0.2035108
-0.2086971
-0.2271228
-0.2359984
-0.2246779
-0.2074415
-0.2061081
-0.2216143
-0.2292055
-0.2063082
-0.1626643
-0.1356207
-0.1510934
-0.1918493
-0.2107108
-0.1779405
-0.1124427
-0.0618413
-0.0521063
-0.0615323
-0.0473504
0.0050235
0.0649389
0.0902295
0.0740504
0.0537647
0.0735985
0.1423663
0.2294610
0.2978797
0.3346835
0.3484472
0.3448063
0.3146997
0.2498295
0.1634116
0.0865128
0.0400490
0.0134688
-0.0240413
-0.0897155
-0.1660297
-0.2143483
-0.2093449
-0.1603220
-0.1010886
-0.0614391
-0.0476701
-0.0461901
-0.0412021
-0.0278784
-0.0114843
0.0023494
0.0146312
0.0307965
0.0526433
0.0735813
0.0832591
0.0780108
0.0663771
0.0625780
0.0732231
0.0908142
0.1012766
