0.6932912
0.7560083
0.6381310
0.5745079
0.6042118
0.5902139
0.4958742
0.4237707
0.4180682
0.4175638
0.3970666
0.3996662
0.4261281
0.4217371
0.3791837
0.3488686
0.3460873
0.3386982
0.3213772
0.3188316
0.3225423
0.2999787
0.2591722
0.2381803
0.2411203
0.2430204
0.2427399
0.2558984
0.2717646
0.2685696
0.2561321
0.2587945
0.2733796
0.2829776
0.2929257
0.3195022
0.3661664
0.4412436
0.5701961
0.7547685
0.9413604
1.0590329
1.0710956
0.9741117
0.7789907
0.5187651
0.2483875
0.0106560
-0.1826304
-0.3274091
-0.4128406
-0.4414667
-0.4357983
-0.4116445
-0.3682360
-0.3121507
-0.2647698
-0.2376084
-0.2234227
-0.2167423
-0.2206566
-0.2312845
-0.2386584
-0.2439466
-0.2541699
-0.2621852
-0.2547848
-0.2376272
-0.2289447
-0.2308904
-0.2284305
-0.2137704
-0.1927123
-0.1706453
-0.1488748
-0.1291801
-0.1079584
-0.0749615
-0.0313205
0.0034566
0.0174439
0.0264725
0.0525358
0.0935503
0.1293647
0.1473876
0.1500811
0.1483461
0.1583166
0.1928185
0.2456301
0.2942177
0.3240958
0.3385159
0.3410859
0.3258304
0.2909603
0.2469849
0.2040866
0.1638117
0.1267510
0.0951141
0.0652557
0.0310781
-0.0035669
-0.0286486
-0.0438281
-0.0573713
-0.0705106
-0.0765931
-0.0746420
-0.0708948
-0.0684026
-0.0664010
-0.0665475
-0.0686009
-0.0646663
-0.0493064
-0.0305065
-0.0195484
-0.0149486
-0.0063278
0.0112684
0.0352737
0.0608068
0.0806404
0.0896995
0.0995050
0.1401850
0.2375911
0.3905319
0.5704493
0.7314068
0.8178386
0.7821980
0.6142507
0.3538954
0.0711489
-0.1661709
-0.3145945
-0.3662497
-0.3475994
-0.2982019
-0.2440733
-0.1936727
-0.1534206
-0.1326130
-0.1319245
-0.1395072
-0.1422739
-0.1345925
-0.1179673
-0.1013250
-0.0989873
-0.1173141
-0.1437204
-0.1578527
-0.1530990
-0.1404765
-0.1340976
-0.1391466
-0.1499928
-0.1539180
-0.1419732
-0.1221021
-0.1145054
-0.1268601
-0.1414876
-0.1355829
-0.1082711
-0.0795351
-0.0669621
-0.0702000
-0.0744507
-0.0645668
-0.0394871
-0.0147567
-0.0052866
-0.0053418
0.0059569
0.0380367
0.0771496
0.1033203
0.1096292
0.1019259
0.0885475
0.0742946
0.0578769
0.0326198
-0.0051831
-0.0486269
-0.0866803
-0.1169511
-0.1453498
-0.1749522
-0.2026532
-0.2255046
-0.2435440
-0.2578616
-0.2714075
-0.2883256
-0.3063620
-0.3143682
-0.3050341
-0.2869815
-0.2770662
-0.2828268
-0.2976195
-0.3096722
-0.3112682
-0.3031774
-0.2947169
-0.2953832
-0.3027465
-0.3034756
-0.2897424
-0.2693457
-0.2564677
-0.2577172
-0.2695188
-0.2830236
-0.2893479
-0.2866865
-0.2847354
-0.2953918
-0.3164530
-0.3309207
-0.3254037
-0.3043162
-0.2842008
-0.2783239
-0.2868878
-0.2975845
-0.2963556
-0.2823001
-0.2702223
-0.2733991
-0.2868271
-0.2940204
-0.2875848
-0.2755770
-0.2690868
-0.2706237
-0.2743158
-0.2722758
-0.2616535
-0.2491170
-0.2457490
-0.2536711
-0.2611205
-0.2549038
-0.2343408
-0.2092772
-0.1883668
-0.1731753
-0.1599287
-0.1433142
-0.1217478
-0.1011711
-0.0898453
-0.0880043
-0.0868475
-0.0769625
-0.0497777
0.0101488
0.1222622
0.2884181
0.4738251
0.6137382
0.6440817
0.5362991
0.3154671
0.0475071
-0.1995648
-0.3904352
-0.5250636
-0.6154013
-0.6662365
-0.6746670
-0.6388831
-0.5660669
-0.4761190
-0.3958090
-0.3425485
-0.3128492
-0.2899890
-0.2621787
-0.2310302
-0.2058331
-0.1940407
-0.1950301
-0.1992864
-0.1957276
-0.1824730
-0.1675470
-0.1571381
-0.1477127
-0.1325184
-0.1111192
-0.0888940
-0.0709528
-0.0595654
-0.0538425
-0.0492717
-0.0411229
-0.0304695
-0.0234529
-0.0231449
-0.0255945
-0.0246422
-0.0169665
-0.0024844
0.0156559
0.0314601
0.0414369
0.0501283
0.0660225
0.0917008
0.1217363
0.1496458
0.1728247
0.1914275
0.2064627
0.2182956
0.2238941
0.2176053
0.1983650
0.1735787
0.1513218
0.1307480
0.1049456
0.0721797
0.0404028
0.0209271
0.0190230
0.0283986
0.0337280
0.0227223
-0.0014754
-0.0229744
-0.0302064
-0.0269202
-0.0247629
-0.0296996
-0.0386218
-0.0454113
-0.0470622
-0.0461150
-0.0487275
-0.0581135
-0.0697577
-0.0764700
-0.0778456
-0.0801057
-0.0861254
-0.0905499
-0.0866542
-0.0749041
-0.0634011
-0.0613345
-0.0709488
-0.0838391
-0.0875461
-0.0791529
-0.0696108
-0.0701294
-0.0768118
-0.0744143
-0.0543398
-0.0237063
0.0034880
0.0201427
0.0305347
0.0436559
0.0625524
0.0799340
0.0859375
0.0801837
0.0729876
0.0750026
0.0915260
0.1287728
0.1980298
0.3053261
0.4362447
0.5532800
0.6091871
0.5676571
0.4215484
0.1990472
-0.0486011
-0.2707955
-0.4357089
-0.5340700
-0.5735759
-0.5701170
-0.5383190
-0.4869292
-0.4235813
-0.3613501
-0.3152244
-0.2912836
-0.2827461
-0.2772521
-0.2661748
-0.2486887
-0.2308246
-0.2201666
-0.2181605
-0.2177815
-0.2107913
-0.1957220
-0.1762256
-0.1537028
-0.1252243
-0.0882281
-0.0452334
-0.0046412
0.0230220
0.0331983
0.0333865
0.0374256
0.0509272
0.0653658
0.0693078
0.0626398
0.0565999
0.0615557
0.0771931
0.0936579
0.1011732
0.0997255
0.0994061
0.1096361
0.1289900
0.1480811
0.1605424
0.1666649
0.1673695
0.1607016
0.1458577
0.1260761
0.1050235
0.0826880
0.0562590
0.0235439
-0.0147297
-0.0545453
-0.0908224
-0.1209864
-0.1450923
-0.1620125
-0.1691089
-0.1680629
-0.1671301
-0.1731284
-0.1832348
-0.1890247
-0.1876164
-0.1849026
-0.1875017
-0.1937799
-0.1934005
-0.1760569
-0.1426381
-0.1079263
-0.0890532
-0.0897004
-0.0977725
-0.0991042
-0.0905132
-0.0790369
-0.0725130
-0.0727880
-0.0748381
-0.0702347
-0.0533442
-0.0248981
0.0133763
0.0687465
0.1583166
0.2946495
0.4663433
0.6299908
0.7235400
0.6978963
0.5473525
0.3131635
0.0547515
-0.1845829
-0.3861246
-0.5393775
-0.6293653
-0.6450718
-0.5964326
-0.5167917
-0.4441487
-0.3966591
-0.3650787
-0.3300007
-0.2862123
-0.2479917
-0.2314222
-0.2366353
-0.2495222
-0.2564060
-0.2534237
-0.2448018
-0.2366933
-0.2322059
-0.2294039
-0.2235916
-0.2121203
-0.1962665
-0.1784295
-0.1590501
-0.1363445
-0.1076218
-0.0717307
-0.0325482
0.0012208
0.0236279
0.0390982
0.0589715
0.0894907
0.1256191
0.1570821
0.1780346
0.1903638
0.1997852
0.2096704
0.2181108
0.2216676
0.2223790
0.2283486
0.2447154
0.2655425
0.2773584
0.2700700
0.2430319
0.2026462
0.1569747
0.1116135
0.0679286
0.0249046
-0.0167162
-0.0532494
-0.0815408
-0.1018998
-0.1170297
-0.1301430
-0.1444845
-0.1615216
-0.1778948
-0.1865991
-0.1832144
-0.1697184
-0.1512813
-0.1309805
-0.1085310
-0.0827281
-0.0543490
-0.0271331
-0.0048619
0.0139440
0.0362254
0.0655461
0.0939285
0.1074964
0.1029526
0.0973918
0.1208200
0.1980679
0.3335223
0.5066170
0.6783358
0.8033672
0.8412756
0.7656739
0.5750702
0.3021625
0.0088387
-0.2384474
-0.3981289
-0.4664128
-0.4677160
-0.4343668
-0.3904676
-0.3476980
-0.3114597
-0.2877159
-0.2813606
-0.2890545
-0.2986169
-0.2987101
-0.2880182
-0.2738726
-0.2638368
-0.2600162
-0.2596839
-0.2591522
-0.2567267
-0.2520835
-0.2431459
-0.2258476
-0.1992778
-0.1695769
-0.1452752
-0.1285569
-0.1135044
-0.0929436
-0.0649794
-0.0334458
-0.0046761
0.0163644
0.0298325
0.0419719
0.0604543
0.0874190
0.1172413
0.1410994
0.1539945
0.1586971
0.1631379
0.1721707
0.1815972
0.1829676
0.1751836
0.1677040
0.1691543
0.1748068
0.1689910
0.1402043
0.0923660
0.0412405
0.0003112
-0.0305110
-0.0625305
-0.1039744
-0.1486768
-0.1811535
-0.1931455
-0.1928576
-0.1967553
-0.2133673
-0.2354608
-0.2472466
-0.2399982
-0.2221779
-0.2130031
-0.2231440
-0.2418993
-0.2462712
-0.2235143
-0.1830974
-0.1464254
-0.1268215
-0.1200488
-0.1124659
-0.0965564
-0.0775967
-0.0650259
-0.0593258
-0.0511320
-0.0341489
-0.0150533
-0.0072895
-0.0167106
-0.0362302
-0.0537163
-0.0626206
-0.0653732
-0.0689248
-0.0778314
-0.0907905
-0.1030596
-0.1113328
-0.1155548
-0.1173111
-0.1188628
-0.1234423
-0.1335602
-0.1480442
-0.1627124
-0.1746981
-0.1843791
-0.1926657
-0.1985051
-0.1999855
-0.1963378
-0.1880903
-0.1766006
-0.1642690
-0.1544350
-0.1502344
-0.1527375
-0.1587285
-0.1603908
-0.1503694
-0.1292104
-0.1042302
-0.0755455
-0.0236350
0.0818750
0.2527351
0.4569584
0.6240901
0.6824709
0.6023295
0.4113759
0.1713773
-0.0620037
-0.2612273
-0.4188689
-0.5295685
-0.5857684
-0.5874808
-0.5487446
-0.4906887
-0.4284716
-0.3655444
-0.3001209
-0.2357444
-0.1831351
-0.1504186
-0.1339330
-0.1224594
-0.1104778
-0.1034150
-0.1079277
-0.1196242
-0.1237916
-0.1092037
-0.0804953
-0.0556105
-0.0492925
-0.0584418
-0.0653465
-0.0564800
-0.0362338
-0.0202029
-0.0169449
-0.0197250
-0.0156272
0.0008955
0.0247037
0.0474314
0.0654885
0.0803923
0.0929595
0.1001047
0.0996978
0.0975465
0.1056048
0.1308715
0.1673326
0.2005292
0.2196638
0.2250707
0.2256048
0.2297899
0.2381716
0.2432746
0.2380768
0.2250340
0.2150289
0.2159788
0.2234049
0.2237905
0.2076284
0.1790311
0.1523004
0.1383077
0.1340345
0.1268821
0.1099266
0.0904658
0.0809521
0.0833475
0.0867810
0.0814200
0.0709659
0.0683723
0.0798183
0.0954060
0.0977898
0.0808158
0.0584087
0.0524155
0.0706303
0.0985198
0.1138637
0.1080936
0.0919657
0.0821580
0.0850277
0.0935014
0.0978729
0.0982147
0.1054061
0.1292180
0.1658070
0.1987250
0.2132895
0.2096118
0.2017298
0.2049722
0.2235188
0.2479742
0.2645347
0.2690321
0.2746633
0.3063670
0.3858916
0.5181311
0.6851083
0.8477617
0.9556792
0.9652182
0.8598708
0.6602118
0.4151693
0.1794572
-0.0082366
-0.1331568
-0.1969539
-0.2061962
-0.1698782
-0.1051839
-0.0378269
0.0104275
0.0357773
0.0513950
0.0713394
0.0963350
0.1154645
0.1201979
0.1150215
0.1134173
0.1235707
0.1395473
0.1482185
0.1444584
0.1374745
0.1417271
0.1633052
0.1957443
0.2272580
0.2506530
0.2673135
0.2832621
0.3019312
0.3210686
0.3370120
0.3509449
0.3689320
0.3951805
0.4263798
0.4534682
0.4689739
0.4731699
0.4738025
0.4792836
0.4911243
0.5033068
0.5097923
0.5118479
0.5166151
0.5286996
0.5443542
0.5540933
0.5506855
0.5351929
0.5157825
0.4998850
0.4867849
0.4686830
0.4398245
0.4037130
0.3702781
0.3465246
0.3309969
0.3170613
0.3004782
0.2832229
0.2699210
0.2611267
0.2517367
0.2374353
0.2216615
0.2136263
0.2187756
0.2328248
0.2457998
0.2504993
0.2465356
0.2382595
0.2308716
0.2279766
0.2304935
0.2360770
0.2396198
0.2362489
0.2261008
0.2160776
0.2142486
0.2212086
0.2298623
0.2376454
0.2586289
0.3189386
0.4354347
0.5959897
0.7589640
0.8719592
0.8948363
0.8122488
0.6329970
0.3840075
0.1055472
-0.1548566
-0.3550624
-0.4734854
-0.5146103
-0.4996153
-0.4515022
-0.3874828
-0.3204469
-0.2616510
-0.2190197
-0.1934973
-0.1790531
-0.1679452
-0.1568799
-0.1481576
-0.1450435
-0.1470412
-0.1502496
-0.1511644
-0.1489020
-0.1447917
-0.1417563
-0.1435414
-0.1519587
-0.1641300
-0.1745800
-0.1818513
-0.1921476
-0.2141072
-0.2485496
-0.2838609
-0.3036226
-0.3010335
-0.2859850
-0.2759494
-0.2785496
-0.2840285
-0.2759631
-0.2484564
-0.2113338
-0.1788875
-0.1552054
-0.1313071
-0.0962836
-0.0506747
-0.0082324
0.0161447
0.0199161
0.0134156
0.0070897
0.0000044
-0.0176772
-0.0515769
-0.0942232
-0.1303860
-0.1515547
-0.1645868
-0.1846222
-0.2185321
-0.2563407
-0.2805697
-0.2838274
-0.2757009
-0.2722756
-0.2804490
-0.2931054
-0.2982684
-0.2916463
-0.2805385
-0.2765839
-0.2852222
-0.3018223
-0.3170084
-0.3249184
-0.3269335
-0.3292018
-0.3372623
-0.3517640
-0.3681818
-0.3812115
-0.3901157
-0.3989210
-0.4105577
-0.4220822
-0.4276247
-0.4257614
-0.4215274
-0.4194294
-0.4154440
-0.3987193
-0.3630176
-0.3147145
-0.2646003
-0.2085498
-0.1196934
0.0312875
0.2400789
0.4509895
0.5796924
0.5625890
0.3948003
0.1290537
-0.1594967
-0.4125959
-0.6051196
-0.7350578
-0.8055846
-0.8178418
-0.7765483
-0.6971695
-0.6048356
-0.5249849
-0.4724089
-0.4458889
-0.4321576
-0.4168532
-0.3944492
-0.3695762
-0.3497863
-0.3373925
-0.3280051
-0.3163737
-0.3029862
-0.2940334
-0.2940857
-0.2991759
-0.2985445
-0.2841667
-0.2584549
-0.2325646
-0.2174465
-0.2157109
-0.2201038
-0.2190321
-0.2055036
-0.1832724
-0.1644366
-0.1588126
-0.1636882
-0.1642043
-0.1457871
-0.1080061
-0.0661691
-0.0378491
-0.0271007
-0.0225889
-0.0112528
0.0081394
0.0263006
0.0360162
0.0396778
0.0436301
0.0482739
0.0468024
0.0332531
0.0092932
-0.0179462
-0.0431846
-0.0663637
-0.0893547
-0.1119916
-0.1329042
-0.1523761
-0.1711204
-0.1859383
-0.1899311
-0.1798023
-0.1619572
-0.1485142
-0.1462361
-0.1504829
-0.1508549
-0.1421648
-0.1290863
-0.1203283
-0.1192988
-0.1210597
-0.1178308
-0.1063926
-0.0901340
-0.0754050
-0.0670086
-0.0661939
-0.0709809
-0.0780256
-0.0855424
-0.0950929
-0.1093814
-0.1271094
-0.1405586
-0.1400351
-0.1220940
-0.0935973
-0.0669550
-0.0504619
-0.0428842
-0.0374750
-0.0307915
-0.0265411
-0.0304437
-0.0423401
-0.0545284
-0.0579430
-0.0496018
-0.0344403
-0.0208237
-0.0144010
-0.0151938
-0.0190960
-0.0213408
-0.0190938
-0.0124372
-0.0040676
0.0028604
0.0085765
0.0184387
0.0381594
0.0652615
0.0876618
0.0965719
0.1045308
0.1474199
0.2592024
0.4354438
0.6195733
0.7313564
0.7188608
0.5905145
0.4006373
0.2052642
0.0304611
-0.1228254
-0.2529401
-0.3440631
-0.3787646
-0.3588614
-0.3088482
-0.2573735
-0.2166431
-0.1804534
-0.1400025
-0.0981875
-0.0673989
-0.0555309
-0.0568779
-0.0574036
-0.0480936
-0.0328714
-0.0240877
-0.0304711
-0.0485900
-0.0650914
-0.0674496
-0.0539118
-0.0343185
-0.0212709
-0.0192413
-0.0212199
-0.0162365
-0.0009897
0.0160253
0.0228922
0.0172360
0.0102502
0.0171237
0.0434051
0.0807503
0.1152243
0.1387844
0.1530574
0.1640088
0.1750527
0.1854964
0.1938154
0.2006503
0.2087290
0.2210621
0.2391298
0.2610178
0.2801972
0.2876600
0.2780518
0.2547928
0.2278174
0.2046166
0.1834530
0.1564531
0.1198179
0.0801468
0.0495183
0.0339885
0.0275359
0.0180572
-0.0004962
-0.0221177
-0.0348910
-0.0331165
-0.0234090
-0.0186290
-0.0252812
-0.0366395
-0.0388402
-0.0245767
-0.0008446
0.0175216
0.0223007
0.0194268
0.0217903
0.0351802
0.0524619
0.0618035
0.0594110
0.0528617
0.0521371
0.0589759
0.0661464
0.0664570
0.0607929
0.0565891
0.0592514
0.0661681
0.0692465
0.0628462
0.0493072
0.0373929
0.0354375
0.0448587
0.0588115
0.0668253
0.0621100
