-0.0634398
-0.0701583
-0.0777750
-0.0812139
-0.0798329
-0.0771062
-0.0766222
-0.0771572
-0.0701495
-0.0418990
0.0194656
0.1151408
0.2298451
0.3334805
0.3912341
0.3781404
0.2905534
0.1477976
-0.0170015
-0.1709672
-0.2919362
-0.3708819
-0.4084202
-0.4105584
-0.3864519
-0.3470513
-0.3028268
-0.2611971
-0.2257362
-0.1974135
-0.1758099
-0.1590521
-0.1439405
-0.1279081
-0.1113387
-0.0971342
-0.0874488
-0.0814407
-0.0769549
-0.0739507
-0.0749359
-0.0813440
-0.0901842
-0.0954233
-0.0929812
-0.0838144
-0.0718959
-0.0600546
-0.0487308
-0.0382147
-0.0301375
-0.0254391
-0.0215720
-0.0135174
0.0014182
0.0201707
0.0361021
0.0450120
0.0488676
0.0533843
0.0621658
0.0738923
0.0855341
0.0973280
0.1128185
0.1331565
0.1524794
0.1611082
0.1546912
0.1397584
0.1286404
0.1277117
0.1308968
0.1258538
0.1069092
0.0810829
0.0607711
0.0512759
0.0466904
0.0377307
0.0219017
0.0049210
-0.0068558
-0.0133615
-0.0192171
-0.0261830
-0.0291735
-0.0210711
-0.0011453
0.0225977
0.0400804
0.0477078
0.0498819
0.0526114
0.0567305
0.0579823
0.0533266
0.0459886
0.0431452
0.0485050
0.0583500
0.0660152
0.0695665
0.0730476
0.0796992
0.0867314
0.0907520
0.0995819
0.1353524
0.2197598
0.3510332
0.4940555
0.5958588
0.6158018
0.5462335
0.4094973
0.2394895
0.0665721
-0.0854521
-0.1973074
-0.2568876
-0.2657827
-0.2403913
-0.2025205
-0.1660597
-0.1317675
-0.0945956
-0.0549381
-0.0212024
-0.0012120
0.0071144
0.0146396
0.0304040
0.0531583
0.0739324
0.0862564
0.0926349
0.1005174
0.1129835
0.1253203
0.1315355
0.1326581
0.1363531
0.1482110
0.1654976
0.1809121
0.1914469
0.2015669
0.2172532
0.2383486
0.2583645
0.2720764
0.2820655
0.2962577
0.3188319
0.3449579
0.3657552
0.3780152
0.3877413
0.4037794
0.4287166
0.4564630
0.4782344
0.4901491
0.4947573
0.4957875
0.4928602
0.4826265
0.4646127
0.4437500
0.4256223
0.4100967
0.3915724
0.3660584
0.3368801
0.3122560
0.2971793
0.2884348
0.2783237
0.2631768
0.2472187
0.2374656
0.2357969
0.2375878
0.2380355
0.2379944
0.2423550
0.2534078
0.2672189
0.2771102
0.2804818
0.2817392
0.2879174
0.3011059
0.3156884
0.3238473
0.3237942
0.3218606
0.3261030
0.3380527
0.3509880
0.3564564
0.3526294
0.3459543
0.3440521
0.3476460
0.3517752
0.3566014
0.3756056
0.4294049
0.5280417
0.6573569
0.7820042
0.8627659
0.8744795
0.8128309
0.6897552
0.5261140
0.3482202
0.1857828
0.0654036
0.0007131
-0.0124018
0.0097384
0.0495163
0.0950751
0.1400103
0.1798411
0.2108695
0.2324764
0.2488824
0.2662477
0.2865187
0.3047433
0.3140825
0.3138361
0.3113888
0.3153692
0.3270862
0.3390927
0.3422927
0.3346535
0.3230937
0.3166550
0.3179122
0.3217155
0.3222927
0.3201027
0.3205170
0.3266332
0.3352218
0.3403188
0.3400358
0.3390973
0.3443418
0.3574929
0.3726165
0.3815364
0.3821094
0.3805479
0.3851190
0.3978757
0.4127172
0.4210173
0.4189726
0.4101302
0.4012367
0.3954501
0.3895811
0.3781564
0.3596459
0.3378341
0.3174540
0.2998771
0.2834946
0.2672457
0.2528492
0.2435795
0.2408931
0.2420844
0.2416614
0.2357704
0.2253324
0.2144817
0.2061837
0.1998924
0.1932771
0.1856964
0.1799361
0.1803893
0.1886432
0.2003755
0.2075454
0.2049852
0.1955814
0.1899955
0.2026248
0.2467151
0.3280590
0.4368857
0.5432618
0.6038692
0.5811786
0.4650445
0.2818480
0.0829003
-0.0815524
-0.1850416
-0.2297152
-0.2342628
-0.2182407
-0.1939982
-0.1671079
-0.1403143
-0.1168316
-0.1009215
-0.0954687
-0.0990510
-0.1062426
-0.1117614
-0.1148055
-0.1194879
-0.1305356
-0.1473613
-0.1620359
-0.1647954
-0.1533674
-0.1364160
-0.1260537
-0.1265582
-0.1313057
-0.1308483
-0.1229981
-0.1143698
-0.1122542
-0.1156066
-0.1150775
-0.1028684
-0.0819556
-0.0636881
-0.0556626
-0.0535716
-0.0462723
-0.0279444
-0.0038874
0.0154224
0.0250928
0.0306658
0.0425575
0.0653726
0.0924719
0.1112834
0.1138521
0.1020330
0.0833699
0.0633688
0.0416498
0.0141984
-0.0210065
-0.0597314
-0.0928819
-0.1134948
-0.1230053
-0.1299654
-0.1420854
-0.1595532
-0.1758046
-0.1844059
-0.1855419
-0.1861216
-0.1929158
-0.2052206
-0.2152868
-0.2167598
-0.2116710
-0.2079752
-0.2110156
-0.2187564
-0.2249718
-0.2257577
-0.2227805
-0.2209366
-0.2230824
-0.2268719
-0.2267734
-0.2190707
-0.2048374
-0.1888853
-0.1764410
-0.1688193
-0.1587561
-0.1295188
-0.0630538
0.0453032
0.1770523
0.2951309
0.3606044
0.3503703
0.2656759
0.1283424
-0.0307974
-0.1831916
-0.3086634
-0.3973577
-0.4497412
-0.4734702
-0.4765635
-0.4620332
-0.4298249
-0.3837007
-0.3343523
-0.2944755
-0.2706157
-0.2596037
-0.2528238
-0.2446008
-0.2368355
-0.2349263
-0.2393582
-0.2431458
-0.2387544
-0.2263702
-0.2138569
-0.2088885
-0.2119016
-0.2162905
-0.2149079
-0.2068808
-0.1984244
-0.1963408
-0.2005214
-0.2036623
-0.1985580
-0.1849114
-0.1691015
-0.1583893
-0.1552541
-0.1559359
-0.1541283
-0.1470378
-0.1377201
-0.1302620
-0.1230640
-0.1091374
-0.0841956
-0.0533489
-0.0283509
-0.0176663
-0.0191495
-0.0230310
-0.0232328
-0.0255478
-0.0423657
-0.0779894
-0.1212079
-0.1549975
-0.1730142
-0.1843426
-0.2020485
-0.2290544
-0.2560405
-0.2721357
-0.2764362
-0.2783421
-0.2865612
-0.2991197
-0.3059627
-0.3009439
-0.2887818
-0.2794374
-0.2777679
-0.2801505
-0.2798481
-0.2740375
-0.2660430
-0.2616979
-0.2634264
-0.2675772
-0.2672912
-0.2564776
-0.2292678
-0.1770308
-0.0908960
0.0279422
0.1583443
0.2604607
0.2913454
0.2277060
0.0813108
-0.1053891
-0.2818386
-0.4131810
-0.4887472
-0.5150068
-0.5050825
-0.4731581
-0.4325515
-0.3940214
-0.3641199
-0.3447232
-0.3340762
-0.3290279
-0.3270799
-0.3266081
-0.3261153
-0.3248999
-0.3242382
-0.3257418
-0.3280988
-0.3278076
-0.3242889
-0.3219611
-0.3250562
-0.3314321
-0.3335892
-0.3260205
-0.3108503
-0.2961186
-0.2882970
-0.2859819
-0.2814096
-0.2689191
-0.2509050
-0.2338490
-0.2195027
-0.2026410
-0.1777738
-0.1458471
-0.1133685
-0.0860589
-0.0639008
-0.0418432
-0.0155443
0.0130141
0.0363313
0.0486564
0.0515151
0.0508162
0.0493908
0.0438240
0.0281091
-0.0005967
-0.0390096
-0.0794271
-0.1153165
-0.1463083
-0.1768493
-0.2092175
-0.2392352
-0.2600896
-0.2693661
-0.2711720
-0.2720539
-0.2756149
-0.2805197
-0.2833619
-0.2838617
-0.2864007
-0.2946673
-0.3053260
-0.3097783
-0.3031326
-0.2895422
-0.2776248
-0.2718280
-0.2689848
-0.2624197
-0.2490567
-0.2329795
-0.2214111
-0.2162345
-0.2106244
-0.1960477
-0.1721781
-0.1479478
-0.1326764
-0.1274158
-0.1249433
-0.1174089
-0.1043704
-0.0936626
-0.0930213
-0.1002674
-0.1040891
-0.0965442
-0.0830235
-0.0769338
-0.0847063
-0.0983800
-0.1041306
-0.0977208
-0.0901729
-0.0950941
-0.1072982
-0.0958184
-0.0256358
0.1066585
0.2574111
0.3589376
0.3630891
0.2693873
0.1176991
-0.0439116
-0.1874477
-0.3079028
-0.4051412
-0.4694807
-0.4883226
-0.4634673
-0.4152432
-0.3671238
-0.3285976
-0.2941785
-0.2565607
-0.2181402
-0.1895792
-0.1781511
-0.1788002
-0.1782284
-0.1679162
-0.1511288
-0.1363913
-0.1268186
-0.1181653
-0.1054810
-0.0887784
-0.0725822
-0.0616915
-0.0569060
-0.0538525
-0.0471331
-0.0367845
-0.0292747
-0.0306234
-0.0395239
-0.0486443
-0.0522579
-0.0519339
-0.0550170
-0.0670068
-0.0843387
-0.0958942
-0.0942908
-0.0851753
-0.0819515
-0.0905712
-0.1025133
-0.1041778
-0.0909697
-0.0705861
-0.0540298
-0.0452601
-0.0397993
-0.0329237
-0.0278664
-0.0333062
-0.0517724
-0.0736665
-0.0861706
-0.0869211
-0.0856776
-0.0926363
-0.1074915
-0.1200929
-0.1202892
-0.1074048
-0.0912406
-0.0831401
-0.0851661
-0.0890293
-0.0861157
-0.0764705
-0.0666343
-0.0608846
-0.0569780
-0.0496767
-0.0368213
-0.0220973
-0.0120009
-0.0092825
-0.0101218
-0.0097589
-0.0098585
-0.0164134
-0.0296763
-0.0402888
-0.0384253
-0.0253503
-0.0135910
-0.0152345
-0.0299295
-0.0443249
-0.0448598
-0.0322486
-0.0206432
-0.0186741
-0.0122391
0.0290702
0.1251449
0.2635646
0.4020309
0.4911167
0.4992869
0.4245429
0.2886752
0.1228353
-0.0426423
-0.1808851
-0.2715358
-0.3080999
-0.3011560
-0.2701710
-0.2308459
-0.1899546
-0.1491711
-0.1105136
-0.0782104
-0.0566041
-0.0459188
-0.0403349
-0.0325076
-0.0209242
-0.0110589
-0.0086976
-0.0139975
-0.0223884
-0.0289659
-0.0314024
-0.0307393
-0.0300339
-0.0306590
-0.0300832
-0.0251544
-0.0168712
-0.0093590
-0.0047395
-0.0019763
-0.0004517
-0.0012407
-0.0039977
-0.0050832
-0.0002091
0.0114940
0.0258316
0.0359842
0.0386950
0.0391761
0.0473661
0.0672627
0.0921256
0.1123173
0.1253734
0.1354982
0.1453402
0.1520684
0.1512836
0.1423594
0.1296717
0.1192472
0.1134874
0.1090868
0.1015556
0.0913625
0.0830680
0.0785665
0.0745648
0.0674693
0.0575904
0.0474116
0.0384655
0.0310743
0.0249490
0.0193121
0.0143739
0.0126931
0.0167435
0.0252413
0.0343212
0.0421116
0.0495262
0.0566579
0.0611088
0.0606064
0.0561429
0.0527657
0.0572413
0.0720739
0.0902041
0.0994770
0.0969900
0.0981602
0.1279963
0.2022041
0.3154775
0.4431503
0.5504295
0.6039189
0.5829968
0.4870552
0.3355330
0.1618063
0.0025448
-0.1155818
-0.1844360
-0.2103209
-0.2023686
-0.1678559
-0.1175018
-0.0680511
-0.0343953
-0.0202561
-0.0186166
-0.0203124
-0.0216113
-0.0249773
-0.0331666
-0.0425504
-0.0445294
-0.0357044
-0.0238684
-0.0197002
-0.0240554
-0.0281761
-0.0259094
-0.0207687
-0.0198038
-0.0241001
-0.0273530
-0.0228005
-0.0109334
0.0000530
0.0031028
0.0014273
0.0054474
0.0198090
0.0379703
0.0522240
0.0645219
0.0829105
0.1100721
0.1401935
0.1663840
0.1877023
0.2085382
0.2324390
0.2566442
0.2734239
0.2784563
0.2765176
0.2755001
0.2757991
0.2702623
0.2546256
0.2327827
0.2103529
0.1877889
0.1624649
0.1345803
0.1084933
0.0891898
0.0779703
0.0710097
0.0635167
0.0564707
0.0561827
0.0642652
0.0716018
0.0675978
0.0538906
0.0435270
0.0464036
0.0597262
0.0741281
0.0875002
0.1123955
0.1690027
0.2668043
0.3902249
0.5040575
0.5746622
0.5847979
0.5307740
0.4154049
0.2513715
0.0680726
-0.0935042
-0.1984419
-0.2346924
-0.2171191
-0.1756288
-0.1347093
-0.1009633
-0.0698163
-0.0408651
-0.0211704
-0.0144520
-0.0142932
-0.0111094
-0.0020301
0.0083139
0.0141024
0.0139584
0.0119673
0.0132243
0.0173957
0.0188546
0.0153497
0.0131704
0.0196686
0.0335114
0.0472835
0.0577061
0.0680268
0.0812986
0.0961797
0.1095791
0.1202737
0.1298257
0.1413748
0.1563310
0.1716565
0.1831847
0.1922600
0.2050375
0.2240082
0.2450819
0.2649899
0.2860465
0.3099896
0.3315906
0.3427429
0.3405970
0.3288643
0.3129781
0.2955669
0.2749317
0.2475543
0.2137947
0.1796467
0.1498777
0.1220242
0.0922188
0.0646610
0.0483506
0.0445689
0.0441395
0.0383795
0.0277747
0.0185138
0.0143495
0.0133055
0.0105413
0.0045231
0.0008271
0.0068874
0.0215254
0.0342063
0.0376886
0.0365748
0.0391554
0.0455737
0.0496401
0.0489534
0.0473797
0.0489538
0.0535483
0.0577977
0.0581727
0.0546019
0.0516806
0.0535809
0.0579650
0.0590698
0.0563405
0.0543590
0.0541322
0.0511916
0.0438269
0.0367966
0.0345145
0.0358805
0.0380102
0.0403173
0.0428701
0.0449872
0.0483950
0.0608475
0.0963375
0.1698392
0.2836824
0.4125659
0.5077071
0.5271709
0.4657363
0.3531976
0.2263895
0.1066424
-0.0009650
-0.0962012
-0.1741483
-0.2242837
-0.2392708
-0.2249380
-0.1972533
-0.1674868
-0.1354291
-0.0994736
-0.0663908
-0.0457325
-0.0390137
-0.0392615
-0.0384351
-0.0327397
-0.0243110
-0.0195893
-0.0221793
-0.0266153
-0.0241069
-0.0146597
-0.0073457
-0.0078282
-0.0120915
-0.0138467
-0.0120856
-0.0096216
-0.0088859
-0.0099373
-0.0090725
-0.0010756
0.0126457
0.0212588
0.0161566
0.0027485
-0.0062715
-0.0070858
-0.0067900
-0.0105944
-0.0139517
-0.0076345
0.0135123
0.0457357
0.0776049
0.0991947
0.1123796
0.1272431
0.1461352
0.1584908
0.1555989
0.1429503
0.1319210
0.1253465
0.1176463
0.1046847
0.0880250
0.0724339
0.0621931
0.0566862
0.0491182
0.0346912
0.0195995
0.0148101
0.0209067
0.0271354
0.0260990
0.0211094
0.0178470
0.0169110
0.0166102
0.0165599
0.0171336
0.0201481
0.0289737
0.0428598
0.0540195
0.0564157
0.0538111
0.0527287
0.0528961
0.0539105
0.0674468
0.1120479
0.1945176
0.3002044
0.3981184
0.4521739
0.4357020
0.3456289
0.2031320
0.0389618
-0.1176736
-0.2381682
-0.2982149
-0.2931948
-0.2438736
-0.1794995
-0.1184405
-0.0662061
-0.0226214
0.0145925
0.0466785
0.0704358
0.0832688
0.0914399
0.1045830
0.1215848
0.1314411
0.1289288
0.1199263
0.1105935
0.1008191
0.0891508
0.0757094
0.0603693
0.0454323
0.0375316
0.0387079
0.0396425
0.0313897
0.0199101
0.0189765
0.0322214
0.0514982
0.0690823
0.0829587
0.0946580
0.1096267
0.1341853
0.1652434
0.1901694
0.2035832
0.2156022
0.2359157
0.2586556
0.2711132
0.2694075
0.2586318
0.2452652
0.2343753
0.2256481
0.2089551
0.1742964
0.1286753
0.0910875
0.0683135
0.0488260
0.0234965
-0.0014362
-0.0158867
-0.0182525
-0.0133635
-0.0086725
-0.0126641
-0.0262889
-0.0380339
-0.0390298
-0.0388193
-0.0525947
-0.0773893
-0.0956978
-0.0988257
-0.0926394
-0.0846858
-0.0790729
-0.0789308
-0.0814031
-0.0763227
-0.0607498
-0.0461740
-0.0408262
-0.0362749
-0.0230867
-0.0064419
0.0080828
0.0331606
0.0906016
0.1909378
0.3268056
0.4711393
0.5758518
0.5931980
0.5129648
0.3675634
0.1959291
0.0188667
-0.1484000
-0.2847154
-0.3755611
-0.4208438
-0.4250797
-0.3964488
-0.3555374
-0.3235216
-0.3002077
-0.2735508
-0.2480476
-0.2406416
-0.2520035
-0.2665581
-0.2777038
-0.2892731
-0.2976283
-0.2966671
-0.2936099
-0.2961890
-0.2940486
-0.2767083
-0.2571393
-0.2525618
-0.2563086
-0.2534055
-0.2471908
-0.2461373
-0.2438404
-0.2359490
-0.2343542
-0.2415032
-0.2373099
-0.2149828
-0.1995643
-0.2067008
-0.2157101
-0.2074289
-0.1936173
-0.1863186
-0.1764318
-0.1632859
-0.1631020
-0.1699087
-0.1556989
-0.1254374
-0.1182333
-0.1399600
-0.1555397
-0.1602106
-0.1888102
-0.2420927
-0.2813092
-0.3073441
-0.3589703
-0.4234459
-0.4479060
-0.4476193
-0.4872085
-0.5455698
-0.5393119
-0.4975330
-0.5399754
-0.6323260
-0.5602110
-0.2510573
