-0.0465154
-0.0258791
-0.0166804
-0.0086534
0.0112921
0.0515204
0.1217978
0.2345153
0.3951157
0.5956129
0.8175536
1.0356719
1.2171700
1.3212341
1.3031820
1.1271328
0.7913147
0.3541531
-0.0710492
-0.3689860
-0.4886355
-0.4657651
-0.3838707
-0.3125878
-0.2744004
-0.2551470
-0.2356840
-0.2127291
-0.1953026
-0.1890754
-0.1898055
-0.1908185
-0.1903799
-0.1888298
-0.1834870
-0.1716896
-0.1568962
-0.1466273
-0.1437827
-0.1430697
-0.1371801
-0.1253119
-0.1148954
-0.1146338
-0.1250174
-0.1358717
-0.1348862
-0.1190013
-0.0961356
-0.0759974
-0.0615862
-0.0500924
-0.0390873
-0.0295490
-0.0239864
-0.0234629
-0.0264555
-0.0300370
-0.0321956
-0.0327355
-0.0316761
-0.0280826
-0.0219846
-0.0162830
-0.0140282
-0.0134809
-0.0082044
0.0064912
0.0279561
0.0480179
0.0607116
0.0686630
0.0818695
0.1089534
0.1485281
0.1897340
0.2220715
0.2441909
0.2627941
0.2845911
0.3107688
0.3379930
0.3623918
0.3822493
0.3983671
0.4127942
0.4270226
0.4408359
0.4520313
0.4564963
0.4492922
0.4277271
0.3943983
0.3562936
0.3198886
0.2871479
0.2561511
0.2247042
0.1930844
0.1640559
0.1404538
0.1219918
0.1041981
0.0812766
0.0506179
0.0146318
-0.0213048
-0.0522603
-0.0762387
-0.0951342
-0.1134032
-0.1342078
-0.1557781
-0.1720677
-0.1780663
-0.1752190
-0.1717635
-0.1767465
-0.1919130
-0.2088790
-0.2158963
-0.2091772
-0.1972840
-0.1930190
-0.2007534
-0.2124152
-0.2159388
-0.2070074
-0.1924244
-0.1826747
-0.1819264
-0.1855513
-0.1867275
-0.1838249
-0.1803321
-0.1789739
-0.1785037
-0.1766783
-0.1740052
-0.1727163
-0.1730616
-0.1726880
-0.1700415
-0.1669801
-0.1666775
-0.1688491
-0.1682290
-0.1592942
-0.1428738
-0.1268492
-0.1191463
-0.1205250
-0.1253194
-0.1287547
-0.1319594
-0.1395476
-0.1537789
-0.1721744
-0.1901594
-0.2045985
-0.2143237
-0.2184797
-0.2165381
-0.2110010
-0.2084510
-0.2148270
-0.2284316
-0.2394286
-0.2384945
-0.2260869
-0.2121312
-0.2065136
-0.2105382
-0.2173998
-0.2197151
-0.2158759
-0.2097681
-0.2057670
-0.2049823
-0.2058830
-0.2068089
-0.2065984
-0.2036460
-0.1965305
-0.1864998
-0.1781208
-0.1757424
-0.1787072
-0.1807052
-0.1751638
-0.1623798
-0.1509810
-0.1503470
-0.1599929
-0.1673123
-0.1580787
-0.1300093
-0.0949006
-0.0667111
-0.0483903
-0.0309986
-0.0040270
0.0366377
0.0924445
0.1713800
0.2884319
0.4531078
0.6561909
0.8697867
1.0587736
1.1888884
1.2250528
1.1322720
0.8930708
0.5335474
0.1307350
-0.2161167
-0.4349324
-0.5137356
-0.4930113
-0.4287182
-0.3593584
-0.2992674
-0.2513059
-0.2176963
-0.1992509
-0.1911531
-0.1853548
-0.1776242
-0.1701562
-0.1668656
-0.1677139
-0.1685925
-0.1657432
-0.1587875
-0.1495043
-0.1393851
-0.1296454
-0.1225010
-0.1199986
-0.1209853
-0.1213350
-0.1189663
-0.1173618
-0.1213771
-0.1291195
-0.1304835
-0.1161132
-0.0876870
-0.0577082
-0.0384032
-0.0315767
-0.0299483
-0.0271610
-0.0241390
-0.0251134
-0.0300461
-0.0340263
-0.0338284
-0.0317925
-0.0313782
-0.0308715
-0.0245552
-0.0103365
0.0063062
0.0178646
0.0235941
0.0308879
0.0471760
0.0715639
0.0958699
0.1137585
0.1273795
0.1443768
0.1695659
0.2007571
0.2318885
0.2583513
0.2790886
0.2955455
0.3102603
0.3257861
0.3429457
0.3591907
0.3697231
0.3719074
0.3688691
0.3671663
0.3692523
0.3686263
0.3545623
0.3229743
0.2818364
0.2445937
0.2183089
0.1990650
0.1785728
0.1536335
0.1282424
0.1075080
0.0914378
0.0754084
0.0555608
0.0321201
0.0074403
-0.0173590
-0.0424140
-0.0667689
-0.0881351
-0.1055244
-0.1206613
-0.1356392
-0.1498209
-0.1602438
-0.1650988
-0.1659637
-0.1663086
-0.1683386
-0.1716618
-0.1745091
-0.1753777
-0.1734905
-0.1688686
-0.1630496
-0.1591214
-0.1592468
-0.1614655
-0.1603367
-0.1523604
-0.1405894
-0.1325543
-0.1331064
-0.1398326
-0.1457184
-0.1457318
-0.1405191
-0.1344442
-0.1310972
-0.1308468
-0.1317602
-0.1317983
-0.1300699
-0.1269290
-0.1235343
-0.1208100
-0.1180424
-0.1128732
-0.1039328
-0.0938918
-0.0888709
-0.0936084
-0.1069239
-0.1222638
-0.1330123
-0.1376772
-0.1405236
-0.1474514
-0.1607838
-0.1772912
-0.1909802
-0.1981691
-0.2004598
-0.2030601
-0.2098758
-0.2196097
-0.2264695
-0.2251849
-0.2159152
-0.2044078
-0.1972891
-0.1970224
-0.2008184
-0.2035675
-0.2018695
-0.1965480
-0.1922834
-0.1939616
-0.2016031
-0.2085416
-0.2062779
-0.1928455
-0.1761992
-0.1676899
-0.1711085
-0.1787287
-0.1792246
-0.1693155
-0.1563968
-0.1495662
-0.1498079
-0.1502998
-0.1447909
-0.1328133
-0.1166428
-0.0967594
-0.0732511
-0.0500800
-0.0336803
-0.0256785
-0.0196791
-0.0081180
0.0093485
0.0293725
0.0593244
0.1243966
0.2535515
0.4548267
0.7052757
0.9649540
1.1958036
1.3622303
1.4182796
1.3110060
1.0154801
0.5756573
0.1056565
-0.2638888
-0.4574988
-0.4878679
-0.4277256
-0.3510749
-0.2938597
-0.2561744
-0.2276034
-0.2049121
-0.1908324
-0.1852862
-0.1828849
-0.1778675
-0.1687362
-0.1578295
-0.1481586
-0.1414974
-0.1381645
-0.1367936
-0.1342930
-0.1278062
-0.1179536
-0.1093499
-0.1063717
-0.1082183
-0.1092737
-0.1048752
-0.0958593
-0.0865041
-0.0784759
-0.0682730
-0.0515754
-0.0297132
-0.0106208
-0.0024089
-0.0057860
-0.0131342
-0.0153313
-0.0097004
-0.0017566
0.0002936
-0.0070104
-0.0192661
-0.0276742
-0.0261450
-0.0161723
-0.0051191
0.0009046
0.0031743
0.0095315
0.0270435
0.0549455
0.0846726
0.1072086
0.1209448
0.1325499
0.1500475
0.1750145
0.2016078
0.2230291
0.2385405
0.2540321
0.2759469
0.3047624
0.3342630
0.3571310
0.3714369
0.3817513
0.3937448
0.4076015
0.4169429
0.4145802
0.3995526
0.3784325
0.3593424
0.3443815
0.3281445
0.3042113
0.2730491
0.2426298
0.2205123
0.2057000
0.1893145
0.1636463
0.1299959
0.0971600
0.0725598
0.0554668
0.0388446
0.0169352
-0.0096642
-0.0358612
-0.0575303
-0.0744867
-0.0890521
-0.1031218
-0.1166991
-0.1280873
-0.1349045
-0.1358278
-0.1324224
-0.1289430
-0.1291160
-0.1326563
-0.1356854
-0.1352440
-0.1328951
-0.1328005
-0.1360924
-0.1384291
-0.1344946
-0.1247720
-0.1163799
-0.1162221
-0.1238665
-0.1321578
-0.1346879
-0.1316556
-0.1281107
-0.1274296
-0.1276386
-0.1242772
-0.1161420
-0.1074246
-0.1038127
-0.1064963
-0.1102425
-0.1077072
-0.0960470
-0.0796927
-0.0667451
-0.0622625
-0.0644635
-0.0672159
-0.0663837
-0.0638874
-0.0655441
-0.0750576
-0.0904080
-0.1061093
-0.1184947
-0.1283248
-0.1383543
-0.1490272
-0.1573227
-0.1602242
-0.1590168
-0.1592122
-0.1653332
-0.1757708
-0.1836355
-0.1834306
-0.1768183
-0.1712052
-0.1722666
-0.1780467
-0.1808692
-0.1752284
-0.1635208
-0.1537608
-0.1519483
-0.1571493
-0.1637331
-0.1672190
-0.1672030
-0.1654247
-0.1626109
-0.1578573
-0.1503376
-0.1407514
-0.1312000
-0.1241663
-0.1213688
-0.1225314
-0.1246393
-0.1231655
-0.1153926
-0.1027820
-0.0890472
-0.0754749
-0.0596060
-0.0400971
-0.0217901
-0.0127177
-0.0145351
-0.0181694
-0.0119452
0.0068714
0.0331904
0.0694469
0.1365407
0.2627445
0.4579651
0.7003412
0.9495110
1.1686245
1.3264955
1.3800382
1.2713106
0.9649983
0.5019691
0.0100359
-0.3574765
-0.5144356
-0.4882376
-0.3817106
-0.2893782
-0.2425742
-0.2201481
-0.1958140
-0.1681012
-0.1513468
-0.1511981
-0.1567933
-0.1542753
-0.1413437
-0.1265096
-0.1175829
-0.1142595
-0.1111582
-0.1049967
-0.0975267
-0.0929202
-0.0937543
-0.0988768
-0.1035449
-0.1015962
-0.0893678
-0.0690536
-0.0477819
-0.0320245
-0.0225850
-0.0157271
-0.0090862
-0.0050293
-0.0071698
-0.0144548
-0.0206228
-0.0204076
-0.0154906
-0.0130965
-0.0184254
-0.0290256
-0.0369200
-0.0358840
-0.0263916
-0.0140849
-0.0042941
0.0021411
0.0089307
0.0209975
0.0402959
0.0637760
0.0855447
0.1020759
0.1157135
0.1323008
0.1546648
0.1789500
0.1985514
0.2119506
0.2255202
0.2472410
0.2776839
0.3085803
0.3312953
0.3460407
0.3612577
0.3835714
0.4095781
0.4287478
0.4341611
0.4291400
0.4227172
0.4194128
0.4147938
0.4014377
0.3781966
0.3521867
0.3313092
0.3156679
0.2972225
0.2678441
0.2272007
0.1827737
0.1428030
0.1096108
0.0793581
0.0473987
0.0133100
-0.0190669
-0.0457140
-0.0659631
-0.0822386
-0.0971742
-0.1114470
-0.1239107
-0.1329128
-0.1373034
-0.1370559
-0.1339015
-0.1312458
-0.1322325
-0.1368463
-0.1412748
-0.1414418
-0.1377478
-0.1353283
-0.1383678
-0.1444258
-0.1459761
-0.1384633
-0.1259658
-0.1174931
-0.1175348
-0.1213582
-0.1204235
-0.1119519
-0.1020749
-0.0991634
-0.1046814
-0.1114226
-0.1108499
-0.1016097
-0.0903630
-0.0843539
-0.0836365
-0.0810515
-0.0700594
-0.0524471
-0.0377456
-0.0344802
-0.0420802
-0.0520701
-0.0574459
-0.0600975
-0.0681378
-0.0861894
-0.1094364
-0.1278269
-0.1356068
-0.1361081
-0.1375415
-0.1450021
-0.1566703
-0.1666713
-0.1705506
-0.1683373
-0.1637580
-0.1612570
-0.1629631
-0.1673029
-0.1704572
-0.1700115
-0.1675073
-0.1667873
-0.1694032
-0.1722739
-0.1707897
-0.1642514
-0.1574109
-0.1560152
-0.1609717
-0.1673132
-0.1689411
-0.1641700
-0.1567314
-0.1518623
-0.1516582
-0.1537537
-0.1538563
-0.1496094
-0.1426692
-0.1372533
-0.1359652
-0.1363617
-0.1320681
-0.1185331
-0.0984096
-0.0807694
-0.0739635
-0.0786234
-0.0876842
-0.0934584
-0.0947167
-0.0968962
-0.1057160
-0.1209626
-0.1363808
-0.1450556
-0.1447383
-0.1387268
-0.1324814
-0.1291146
-0.1268305
-0.1200626
-0.1040903
-0.0798214
-0.0532873
-0.0274552
0.0078752
0.0769393
0.2043452
0.3958663
0.6305971
0.8716761
1.0835692
1.2372123
1.3005885
1.2342254
1.0104774
0.6478798
0.2265557
-0.1404934
-0.3662374
-0.4340836
-0.3939575
-0.3178081
-0.2540403
-0.2133870
-0.1854599
-0.1612640
-0.1415382
-0.1309479
-0.1300534
-0.1332346
-0.1321353
-0.1209149
-0.1004905
-0.0791441
-0.0674139
-0.0695395
-0.0789173
-0.0834310
-0.0770269
-0.0662048
-0.0640837
-0.0774821
-0.1001603
-0.1190257
-0.1264964
-0.1262961
-0.1276329
-0.1348431
-0.1432397
-0.1444798
-0.1351214
-0.1197831
-0.1064813
-0.0993497
-0.0957804
-0.0900618
-0.0792816
-0.0657139
-0.0539993
-0.0464717
-0.0411310
-0.0336645
-0.0212089
-0.0045253
0.0129027
0.0278003
0.0397412
0.0515858
0.0672972
0.0885588
0.1129161
0.1355264
0.1535981
0.1694937
0.1889325
0.2153590
0.2459241
0.2735964
0.2940004
0.3105279
0.3323412
0.3663342
0.4099985
0.4519040
0.4799573
0.4904138
0.4895335
0.4863207
0.4831798
0.4734530
0.4482716
0.4060380
0.3551928
0.3075368
0.2687095
0.2349534
0.1986290
0.1563559
0.1119755
0.0725570
0.0422507
0.0195980
-0.0003047
-0.0214951
-0.0442042
-0.0650787
-0.0801064
-0.0880901
-0.0919903
-0.0967711
-0.1052332
-0.1154746
-0.1226031
-0.1234199
-0.1196829
-0.1167266
-0.1187384
-0.1252001
-0.1316367
-0.1336219
-0.1302938
-0.1246051
-0.1205691
-0.1200496
-0.1216550
-0.1223684
-0.1202631
-0.1158554
-0.1110469
-0.1069130
-0.1025958
-0.0963684
-0.0878078
-0.0789710
-0.0733773
-0.0735276
-0.0789831
-0.0866749
-0.0934021
-0.0985931
-0.1047939
-0.1149576
-0.1287364
-0.1417446
-0.1494299
-0.1521115
-0.1554645
-0.1649637
-0.1796577
-0.1921285
-0.1951515
-0.1883521
-0.1782985
-0.1725660
-0.1740134
-0.1799837
-0.1855125
-0.1868404
-0.1833082
-0.1777689
-0.1751993
-0.1789651
-0.1869379
-0.1920297
-0.1883954
-0.1776186
-0.1676274
-0.1647201
-0.1674331
-0.1691845
-0.1662038
-0.1611775
-0.1588978
-0.1601802
-0.1615505
-0.1598887
-0.1550974
-0.1478437
-0.1369943
-0.1213579
-0.1031061
-0.0869809
-0.0754835
-0.0667752
-0.0586498
-0.0527967
-0.0523246
-0.0552208
-0.0535911
-0.0415140
-0.0212593
0.0029272
0.0387743
0.1102461
0.2426950
0.4408700
0.6810124
0.9233020
1.1291369
1.2654358
1.2979170
1.1923486
0.9349651
0.5582194
0.1444908
-0.2047580
-0.4170703
-0.4810430
-0.4413091
-0.3637023
-0.2974462
-0.2581392
-0.2360076
-0.2160010
-0.1924336
-0.1701475
-0.1563354
-0.1526127
-0.1537195
-0.1522912
-0.1446904
-0.1333336
-0.1243604
-0.1227185
-0.1281319
-0.1347959
-0.1352468
-0.1257179
-0.1087513
-0.0908454
-0.0772269
-0.0684354
-0.0615501
-0.0543543
-0.0480247
-0.0456754
-0.0484374
-0.0533686
-0.0557241
-0.0535939
-0.0501276
-0.0505913
-0.0567214
-0.0640511
-0.0653953
-0.0575035
-0.0442969
-0.0332340
-0.0283134
-0.0266474
-0.0216782
-0.0092811
0.0093181
0.0297749
0.0488009
0.0663348
0.0848043
0.1069283
0.1334555
0.1618559
0.1873754
0.2069595
0.2232550
0.2439041
0.2749791
0.3143195
0.3523811
0.3809028
0.4005265
0.4187692
0.4404211
0.4613779
0.4730759
0.4722639
0.4646729
0.4585348
0.4557267
0.4505043
0.4364724
0.4132872
0.3859345
0.3584401
0.3294890
0.2941933
0.2493538
0.1969216
0.1432718
0.0956740
0.0584931
0.0310212
0.0081418
-0.0161207
-0.0442593
-0.0735491
-0.0985862
-0.1160168
-0.1273600
-0.1375745
-0.1506975
-0.1661995
-0.1790910
-0.1840003
-0.1801883
-0.1730576
-0.1700625
-0.1741056
-0.1808277
-0.1831652
-0.1789922
-0.1736417
-0.1741038
-0.1810166
-0.1874636
-0.1861500
-0.1770886
-0.1674518
-0.1640655
-0.1667667
-0.1691801
-0.1653607
-0.1554763
-0.1457038
-0.1431058
-0.1498430
-0.1609546
-0.1674281
-0.1627258
-0.1478893
-0.1306027
-0.1185333
-0.1130762
-0.1097485
-0.1046205
-0.0995234
-0.1002281
-0.1099249
-0.1255641
-0.1408942
-0.1522602
-0.1607649
-0.1693842
-0.1792404
-0.1890258
-0.1970859
-0.2030783
-0.2078013
-0.2123192
-0.2174788
-0.2234120
-0.2287059
-0.2304826
-0.2265734
-0.2183298
-0.2106997
-0.2083707
-0.2113052
-0.2144854
-0.2127184
-0.2058934
-0.1992234
-0.1979883
-0.2019818
-0.2052859
-0.2017211
-0.1907448
-0.1781832
-0.1711082
-0.1715139
-0.1744265
-0.1721895
-0.1613928
-0.1464566
-0.1362621
-0.1360518
-0.1416283
-0.1418341
-0.1279550
-0.1013706
-0.0715504
-0.0459777
-0.0221875
0.0102345
0.0611841
0.1356224
0.2375204
0.3744819
0.5531639
0.7669083
0.9878152
1.1718610
1.2723524
1.2514816
1.0881660
0.7884107
0.3974196
-0.0015113
-0.3147843
-0.4828475
-0.5090411
-0.4485735
-0.3670467
-0.3034836
-0.2637641
-0.2386942
-0.2216667
-0.2110039
-0.2039133
-0.1955703
-0.1846803
-0.1757961
-0.1734036
-0.1750690
-0.1731003
-0.1633032
-0.1501124
-0.1416892
-0.1408016
-0.1421366
-0.1387706
-0.1299779
-0.1217091
-0.1198829
-0.1242807
-0.1292032
-0.1292227
-0.1234862
-0.1146178
-0.1044411
-0.0916888
-0.0741348
-0.0526412
-0.0325541
-0.0204868
-0.0190849
-0.0244880
-0.0289208
-0.0263344
-0.0164652
