-0.1382714
-0.1439189
-0.1462873
-0.1453197
-0.1393874
-0.1304623
-0.1233042
-0.1188740
-0.1124932
-0.1011877
-0.0903107
-0.0885942
-0.0963038
-0.1021467
-0.0948739
-0.0766629
-0.0618948
-0.0621268
-0.0746436
-0.0872997
-0.0925999
-0.0938971
-0.0979134
-0.1049633
-0.1095351
-0.1091678
-0.1089613
-0.1156928
-0.1294161
-0.1432753
-0.1513579
-0.1545668
-0.1577612
-0.1625848
-0.1651847
-0.1613164
-0.1521898
-0.1438498
-0.1408583
-0.1417018
-0.1411110
-0.1363589
-0.1300377
-0.1259600
-0.1230170
-0.1146668
-0.0954271
-0.0668619
-0.0346196
0.0023041
0.0586211
0.1562208
0.3077835
0.5053864
0.7239783
0.9330746
1.1015612
1.1918428
1.1582189
0.9658196
0.6239360
0.2040226
-0.1828897
-0.4411296
-0.5386048
-0.5127442
-0.4338621
-0.3586370
-0.3077311
-0.2749445
-0.2493059
-0.2281264
-0.2147213
-0.2099331
-0.2086687
-0.2040962
-0.1938231
-0.1814482
-0.1723450
-0.1683856
-0.1670247
-0.1651906
-0.1630017
-0.1626828
-0.1641960
-0.1636549
-0.1573567
-0.1467580
-0.1377261
-0.1342573
-0.1341335
-0.1319376
-0.1256246
-0.1183480
-0.1134836
-0.1096555
-0.1023495
-0.0898126
-0.0753227
-0.0629835
-0.0528679
-0.0418532
-0.0284184
-0.0143298
-0.0008786
0.0145708
0.0360148
0.0630099
0.0897081
0.1110888
0.1290460
0.1502989
0.1781205
0.2081005
0.2336672
0.2549439
0.2798628
0.3154999
0.3594679
0.4013611
0.4325531
0.4533789
0.4706476
0.4898446
0.5111447
0.5318669
0.5499320
0.5635333
0.5691905
0.5630077
0.5446300
0.5182832
0.4884437
0.4552419
0.4158522
0.3704231
0.3245982
0.2845672
0.2503577
0.2159189
0.1763392
0.1336165
0.0942127
0.0618429
0.0345352
0.0090807
-0.0135349
-0.0290792
-0.0362254
-0.0398458
-0.0468672
-0.0593925
-0.0731709
-0.0829409
-0.0880118
-0.0916857
-0.0960442
-0.0991714
-0.0983122
-0.0945869
-0.0927744
-0.0960136
-0.1019790
-0.1055369
-0.1048424
-0.1034121
-0.1056013
-0.1110717
-0.1150127
-0.1136965
-0.1085537
-0.1042265
-0.1036102
-0.1059324
-0.1091468
-0.1123916
-0.1153090
-0.1163880
-0.1139994
-0.1092342
-0.1059774
-0.1069062
-0.1102284
-0.1119580
-0.1113650
-0.1123332
-0.1181063
-0.1258424
-0.1285887
-0.1232401
-0.1149541
-0.1121627
-0.1177248
-0.1266111
-0.1324710
-0.1345813
-0.1367401
-0.1403778
-0.1415428
-0.1359559
-0.1253064
-0.1160232
-0.1116322
-0.1086226
-0.1016301
-0.0915889
-0.0860106
-0.0900897
-0.0993045
-0.1032701
-0.0971891
-0.0875420
-0.0849262
-0.0921373
-0.1014635
-0.1043842
-0.1020786
-0.1040687
-0.1164244
-0.1335718
-0.1437515
-0.1421233
-0.1363445
-0.1380989
-0.1503723
-0.1649991
-0.1726838
-0.1731769
-0.1738241
-0.1791882
-0.1849742
-0.1834791
-0.1732706
-0.1609934
-0.1535916
-0.1510916
-0.1484728
-0.1429655
-0.1366629
-0.1316002
-0.1248718
-0.1105621
-0.0847972
-0.0452962
0.0149952
0.1104548
0.2545810
0.4472836
0.6699103
0.8904972
1.0696728
1.1610587
1.1152872
0.9008633
0.5361204
0.1036469
-0.2774993
-0.5118097
-0.5769004
-0.5245356
-0.4350610
-0.3645006
-0.3236531
-0.2953987
-0.2646861
-0.2329514
-0.2106685
-0.2027343
-0.2031604
-0.2020018
-0.1950556
-0.1863626
-0.1823067
-0.1842287
-0.1869437
-0.1841317
-0.1747849
-0.1640795
-0.1579245
-0.1570992
-0.1572723
-0.1545906
-0.1501518
-0.1479980
-0.1490785
-0.1487598
-0.1414395
-0.1271315
-0.1120655
-0.1022073
-0.0971275
-0.0913905
-0.0816370
-0.0705953
-0.0629728
-0.0582261
-0.0493883
-0.0301133
-0.0021052
0.0258686
0.0467155
0.0619286
0.0791272
0.1033069
0.1318262
0.1585513
0.1819231
0.2073149
0.2408306
0.2817139
0.3222377
0.3554059
0.3818440
0.4081690
0.4388777
0.4711795
0.4986670
0.5192759
0.5377886
0.5594609
0.5820480
0.5959375
0.5929789
0.5743187
0.5483508
0.5212206
0.4909855
0.4521162
0.4045773
0.3561003
0.3144392
0.2787334
0.2406606
0.1946013
0.1450642
0.1024496
0.0718363
0.0478410
0.0216220
-0.0081914
-0.0336137
-0.0468696
-0.0502330
-0.0543822
-0.0668506
-0.0838883
-0.0953136
-0.0968136
-0.0952711
-0.1006526
-0.1137740
-0.1244168
-0.1225099
-0.1098848
-0.0991582
-0.1008223
-0.1128675
-0.1240685
-0.1264658
-0.1227544
-0.1211297
-0.1248692
-0.1291505
-0.1279664
-0.1218443
-0.1169362
-0.1172530
-0.1201298
-0.1204436
-0.1178516
-0.1175768
-0.1235382
-0.1324520
-0.1366203
-0.1325323
-0.1251280
-0.1225470
-0.1274348
-0.1348502
-0.1388350
-0.1394794
-0.1420500
-0.1495260
-0.1578516
-0.1599013
-0.1537060
-0.1453232
-0.1428458
-0.1481493
-0.1554347
-0.1578506
-0.1545844
-0.1506947
-0.1503280
-0.1511983
-0.1465330
-0.1324094
-0.1126787
-0.0963094
-0.0897799
-0.0919364
-0.0959911
-0.0962476
-0.0928608
-0.0903866
-0.0922484
-0.0970673
-0.1004429
-0.0999067
-0.0975956
-0.0979229
-0.1030455
-0.1111548
-0.1191773
-0.1263780
-0.1344900
-0.1443553
-0.1534976
-0.1581429
-0.1577287
-0.1563385
-0.1585573
-0.1640213
-0.1673900
-0.1646804
-0.1588002
-0.1568016
-0.1608792
-0.1639396
-0.1567393
-0.1395064
-0.1234428
-0.1181272
-0.1189375
-0.1110109
-0.0866382
-0.0539978
-0.0229689
0.0172536
0.0994948
0.2516013
0.4685667
0.7145123
0.9492999
1.1435113
1.2623282
1.2464552
1.0342269
0.6236387
0.1141944
-0.3292673
-0.5759458
-0.6089523
-0.5165162
-0.4089647
-0.3415071
-0.3047931
-0.2708319
-0.2340958
-0.2097971
-0.2062810
-0.2115408
-0.2076439
-0.1912194
-0.1749289
-0.1709499
-0.1776286
-0.1832446
-0.1797479
-0.1701911
-0.1634774
-0.1642547
-0.1688201
-0.1697109
-0.1630457
-0.1515306
-0.1412112
-0.1356951
-0.1332683
-0.1293409
-0.1215838
-0.1123953
-0.1059410
-0.1028693
-0.0987483
-0.0884582
-0.0719105
-0.0544542
-0.0411005
-0.0309901
-0.0186430
-0.0007753
0.0193652
0.0357258
0.0473354
0.0609103
0.0842406
0.1172547
0.1511935
0.1776485
0.1977227
0.2207569
0.2536431
0.2927290
0.3277087
0.3532002
0.3747322
0.4022670
0.4388178
0.4771991
0.5081296
0.5296807
0.5471758
0.5646643
0.5790544
0.5839513
0.5777723
0.5654834
0.5515995
0.5333063
0.5027297
0.4563188
0.4005035
0.3467955
0.3014902
0.2611544
0.2185099
0.1719000
0.1279411
0.0946711
0.0727846
0.0544581
0.0311345
0.0021551
-0.0248435
-0.0422635
-0.0508117
-0.0587387
-0.0726460
-0.0898062
-0.1007346
-0.0996699
-0.0915744
-0.0876394
-0.0939155
-0.1055330
-0.1128627
-0.1125059
-0.1105724
-0.1146863
-0.1242549
-0.1305290
-0.1265390
-0.1154570
-0.1077199
-0.1101546
-0.1193170
-0.1261178
-0.1259057
-0.1225385
-0.1225726
-0.1270835
-0.1306186
-0.1278841
-0.1199862
-0.1132786
-0.1127260
-0.1174679
-0.1229355
-0.1262650
-0.1287127
-0.1329266
-0.1388038
-0.1428292
-0.1416565
-0.1360647
-0.1309733
-0.1311664
-0.1368201
-0.1434360
-0.1465067
-0.1461414
-0.1465091
-0.1504341
-0.1552522
-0.1551489
-0.1477958
-0.1375068
-0.1306336
-0.1281831
-0.1246094
-0.1148472
-0.1015337
-0.0933957
-0.0958462
-0.1043369
-0.1084315
-0.1025142
-0.0914666
-0.0852567
-0.0886221
-0.0969942
-0.1024264
-0.1024080
-0.1020287
-0.1077801
-0.1201667
-0.1329538
-0.1394651
-0.1391179
-0.1375588
-0.1406297
-0.1486902
-0.1571485
-0.1621948
-0.1650024
-0.1694791
-0.1762962
-0.1806750
-0.1772294
-0.1664743
-0.1550121
-0.1487422
-0.1470685
-0.1449352
-0.1396172
-0.1332090
-0.1277852
-0.1203319
-0.1047631
-0.0778700
-0.0395570
0.0145488
0.0977455
0.2248088
0.3981089
0.6021159
0.8104095
0.9922392
1.1076639
1.1024800
0.9263086
0.5753147
0.1241177
-0.2943256
-0.5595290
-0.6324428
-0.5662704
-0.4542505
-0.3639961
-0.3111362
-0.2795789
-0.2539689
-0.2318335
-0.2152565
-0.2025380
-0.1907138
-0.1808344
-0.1759676
-0.1752072
-0.1736027
-0.1686679
-0.1637796
-0.1629876
-0.1644443
-0.1622497
-0.1547447
-0.1475805
-0.1464233
-0.1486719
-0.1460008
-0.1355146
-0.1249769
-0.1240472
-0.1314557
-0.1344533
-0.1225309
-0.0996188
-0.0801000
-0.0730702
-0.0731256
-0.0678495
-0.0523604
-0.0337240
-0.0210242
-0.0138752
-0.0029647
0.0188542
0.0485219
0.0767595
0.0985521
0.1177574
0.1413037
0.1706159
0.2003040
0.2250972
0.2466306
0.2722953
0.3074515
0.3495065
0.3901499
0.4232664
0.4501671
0.4768394
0.5064894
0.5355957
0.5576972
0.5705106
0.5781987
0.5860488
0.5935210
0.5936888
0.5799217
0.5523767
0.5171023
0.4791605
0.4380654
0.3908632
0.3388182
0.2890976
0.2486570
0.2169931
0.1863495
0.1497952
0.1085777
0.0706733
0.0421280
0.0208075
-0.0004996
-0.0251733
-0.0482062
-0.0614231
-0.0629170
-0.0601558
-0.0629793
-0.0739145
-0.0863714
-0.0926020
-0.0924007
-0.0927605
-0.0991128
-0.1085249
-0.1129662
-0.1089239
-0.1020104
-0.1009032
-0.1075315
-0.1150555
-0.1161375
-0.1117673
-0.1100495
-0.1161965
-0.1256072
-0.1285574
-0.1213593
-0.1109797
-0.1075318
-0.1131829
-0.1202125
-0.1202586
-0.1138549
-0.1093322
-0.1127879
-0.1210202
-0.1253588
-0.1214454
-0.1136082
-0.1094860
-0.1118908
-0.1171651
-0.1207731
-0.1225551
-0.1255913
-0.1310491
-0.1359670
-0.1366255
-0.1330350
-0.1289810
-0.1277906
-0.1290774
-0.1301094
-0.1295670
-0.1287105
-0.1285826
-0.1271850
-0.1209155
-0.1092579
-0.0970787
-0.0908352
-0.0919545
-0.0947260
-0.0919034
-0.0826746
-0.0742435
-0.0745904
-0.0837390
-0.0931383
-0.0943323
-0.0878409
-0.0826315
-0.0867312
-0.0992120
-0.1120699
-0.1193516
-0.1229818
-0.1290379
-0.1394941
-0.1494748
-0.1530993
-0.1505739
-0.1478635
-0.1495313
-0.1537222
-0.1553519
-0.1530040
-0.1503171
-0.1500394
-0.1490410
-0.1417906
-0.1283697
-0.1159349
-0.1102443
-0.1074569
-0.0974977
-0.0754918
-0.0456709
-0.0103686
0.0429245
0.1374751
0.2863400
0.4766602
0.6768714
0.8563351
0.9907700
1.0469564
0.9740363
0.7304722
0.3344758
-0.1135532
-0.4737806
-0.6505338
-0.6474178
-0.5474590
-0.4410940
-0.3688175
-0.3212120
-0.2782920
-0.2387357
-0.2141033
-0.2070252
-0.2048939
-0.1947360
-0.1777504
-0.1653878
-0.1637481
-0.1665119
-0.1639820
-0.1554775
-0.1495148
-0.1523659
-0.1595770
-0.1605918
-0.1506285
-0.1359117
-0.1267531
-0.1268820
-0.1308096
-0.1310649
-0.1261368
-0.1202492
-0.1164054
-0.1119207
-0.1020026
-0.0866619
-0.0719325
-0.0633704
-0.0595833
-0.0539201
-0.0425166
-0.0287631
-0.0183781
-0.0110643
0.0004917
0.0222823
0.0512008
0.0777173
0.0963899
0.1117912
0.1327118
0.1616633
0.1923548
0.2179627
0.2398391
0.2659837
0.3012799
0.3413872
0.3773736
0.4050949
0.4281591
0.4518311
0.4762424
0.4972007
0.5125640
0.5250286
0.5372083
0.5454086
0.5409569
0.5188631
0.4839812
0.4468323
0.4130905
0.3785620
0.3356638
0.2841942
0.2338603
0.1951354
0.1684429
0.1439329
0.1123207
0.0747191
0.0406026
0.0167126
-0.0000008
-0.0174266
-0.0378280
-0.0548944
-0.0620178
-0.0615413
-0.0632224
-0.0732550
-0.0870488
-0.0948177
-0.0935348
-0.0908162
-0.0958143
-0.1079265
-0.1169463
-0.1146836
-0.1044444
-0.0973914
-0.1002804
-0.1088039
-0.1136464
-0.1114868
-0.1081455
-0.1109325
-0.1196753
-0.1266918
-0.1252600
-0.1168039
-0.1091308
-0.1082527
-0.1129145
-0.1172827
-0.1180781
-0.1179172
-0.1213183
-0.1282946
-0.1333001
-0.1312173
-0.1237178
-0.1183409
-0.1207350
-0.1287329
-0.1352978
-0.1370593
-0.1381558
-0.1443975
-0.1546783
-0.1605849
-0.1556060
-0.1433038
-0.1342825
-0.1349101
-0.1408024
-0.1425474
-0.1365789
-0.1282837
-0.1243407
-0.1243907
-0.1222570
-0.1144941
-0.1050500
-0.1003248
-0.1013043
-0.1028585
-0.1008676
-0.0979400
-0.1004610
-0.1105697
-0.1227434
-0.1290112
-0.1268534
-0.1212935
-0.1195799
-0.1245694
-0.1332977
-0.1411278
-0.1464986
-0.1516467
-0.1592711
-0.1689774
-0.1771093
-0.1799916
-0.1772660
-0.1720714
-0.1681055
-0.1666406
-0.1662159
-0.1646845
-0.1611743
-0.1563489
-0.1513799
-0.1467026
-0.1411135
-0.1318020
-0.1160398
-0.0935257
-0.0659829
-0.0320992
0.0179043
0.1002125
0.2262819
0.3921364
0.5789329
0.7623870
0.9165383
1.0052670
0.9772170
0.7866144
0.4365071
0.0061741
-0.3751506
-0.6001847
-0.6455335
-0.5719772
-0.4670669
-0.3845341
-0.3292499
-0.2854131
-0.2470487
-0.2208224
-0.2098739
-0.2058660
-0.1987015
-0.1882168
-0.1817311
-0.1819842
-0.1823477
-0.1753046
-0.1624107
-0.1526585
-0.1516208
-0.1551675
-0.1550741
-0.1489293
-0.1422245
-0.1408059
-0.1433549
-0.1427074
-0.1339559
-0.1198474
-0.1078368
-0.1026100
-0.1021122
-0.1005136
-0.0942391
-0.0848321
-0.0763942
-0.0707709
-0.0653686
-0.0555379
-0.0390471
-0.0182937
0.0018762
0.0185942
0.0332495
0.0493942
0.0686591
0.0892591
0.1087948
0.1280345
0.1509428
0.1804009
0.2143080
0.2468433
0.2740438
0.2977215
0.3232076
0.3532020
0.3845475
0.4116663
0.4328794
0.4523580
0.4752132
0.5010497
0.5232607
0.5349623
0.5349454
0.5270920
0.5144300
0.4952985
0.4663851
0.4287889
0.3892207
0.3541271
0.3232867
0.2905497
0.2512342
0.2078745
0.1678765
0.1359271
0.1097543
0.0836100
0.0550886
0.0277241
0.0070868
-0.0049622
-0.0120549
-0.0199969
-0.0319054
-0.0459885
-0.0574541
-0.0628808
-0.0635358
-0.0645297
-0.0698904
-0.0779229
-0.0821211
-0.0778204
-0.0679944
-0.0612605
-0.0633043
-0.0709657
-0.0760186
-0.0746234
-0.0714130
-0.0732776
-0.0803799
-0.0855330
-0.0829202
-0.0754951
-0.0717938
-0.0759010
-0.0828659
-0.0852346
-0.0825978
-0.0821991
-0.0895711
-0.1005839
-0.1049925
-0.0979705
-0.0863803
-0.0822022
-0.0900684
-0.1025612
-0.1083692
-0.1043322
-0.0983816
-0.1004557
-0.1114049
-0.1218117
-0.1218412
-0.1114932
-0.1004075
-0.0977150
-0.1030270
-0.1081184
-0.1069090
-0.1021813
-0.1013527
-0.1063358
-0.1096611
-0.1021279
-0.0837988
-0.0655874
-0.0587935
-0.0636494
-0.0695724
-0.0670509
-0.0580668
-0.0534656
-0.0602343
-0.0729788
-0.0792434
-0.0728930
-0.0608273
-0.0557325
-0.0629765
-0.0759427
-0.0844270
-0.0862177
-0.0888013
-0.0995664
-0.1159260
-0.1268790
-0.1246623
-0.1136600
-0.1064528
-0.1109210
-0.1222736
-0.1286455
-0.1240245
-0.1141570
-0.1090273
-0.1108832
-0.1119771
-0.1046779
-0.0914560
-0.0819293
-0.0800968
-0.0779107
-0.0640947
-0.0370792
-0.0037541
0.0368018
0.1036718
0.2210275
0.3923940
0.5914281
0.7803521
0.9321974
1.0271108
1.0291687
0.8847125
0.5659926
0.1258348
-0.3013610
-0.5738265
-0.6354601
-0.5446601
-0.4146977
-0.3249349
-0.2824301
-0.2539267
-0.2187211
-0.1859772
-0.1715147
-0.1730159
-0.1734954
-0.1626855
-0.1470164
-0.1384125
-0.1392463
-0.1418842
-0.1401764
-0.1365328
-0.1368242
-0.1415751
-0.1448777
