0.4591798
0.4465155
0.4371515
0.4168641
0.3810704
0.3414043
0.3080869
0.2804894
0.2554343
0.2329180
0.2121237
0.1906892
0.1691072
0.1494197
0.1303068
0.1097165
0.0906430
0.0774659
0.0679663
0.0557722
0.0397760
0.0246276
0.0123884
-0.0000493
-0.0146546
-0.0283061
-0.0362594
-0.0368265
-0.0327622
-0.0299894
-0.0336167
-0.0431366
-0.0531662
-0.0603143
-0.0663137
-0.0724496
-0.0751478
-0.0712397
-0.0647235
-0.0633587
-0.0693196
-0.0771749
-0.0815678
-0.0843385
-0.0926626
-0.1100379
-0.1292510
-0.1360010
-0.1219937
-0.0939860
-0.0673114
-0.0510797
-0.0429924
-0.0378318
-0.0354422
-0.0380729
-0.0442880
-0.0499155
-0.0540028
-0.0607054
-0.0745727
-0.0949073
-0.1153468
-0.1293496
-0.1360545
-0.1398166
-0.1439728
-0.1472500
-0.1474851
-0.1462079
-0.1466930
-0.1491317
-0.1511738
-0.1527397
-0.1568598
-0.1649293
-0.1735668
-0.1777074
-0.1760258
-0.1724016
-0.1719642
-0.1758226
-0.1802189
-0.1815618
-0.1814590
-0.1848011
-0.1929421
-0.2012679
-0.2043680
-0.2012163
-0.1936345
-0.1816486
-0.1629288
-0.1366125
-0.1062476
-0.0787056
-0.0601007
-0.0515123
-0.0477215
-0.0407524
-0.0256800
-0.0031213
0.0244237
0.0595003
0.1139558
0.2056859
0.3479316
0.5383913
0.7574133
0.9748755
1.1541551
1.2475201
1.1970053
0.9593582
0.5478883
0.0543195
-0.3812505
-0.6419849
-0.6972338
-0.6088115
-0.4780312
-0.3786669
-0.3270901
-0.3015919
-0.2798546
-0.2580057
-0.2434196
-0.2394219
-0.2399139
-0.2358573
-0.2241592
-0.2099492
-0.2008263
-0.1993090
-0.2011025
-0.2002979
-0.1952716
-0.1892462
-0.1859661
-0.1855622
-0.1845892
-0.1799648
-0.1726649
-0.1666984
-0.1639534
-0.1613395
-0.1546249
-0.1442784
-0.1350244
-0.1290559
-0.1219032
-0.1070017
-0.0839799
-0.0608765
-0.0471926
-0.0447341
-0.0459831
-0.0421953
-0.0326664
-0.0245852
-0.0235085
-0.0258985
-0.0226783
-0.0091599
0.0105365
0.0289286
0.0433304
0.0576693
0.0767642
0.0998429
0.1206201
0.1342289
0.1434135
0.1565014
0.1788571
0.2072937
0.2334880
0.2521387
0.2650711
0.2778716
0.2934439
0.3092099
0.3205382
0.3264269
0.3306483
0.3364584
0.3411497
0.3377609
0.3225848
0.2996212
0.2767697
0.2583914
0.2424668
0.2246611
0.2040439
0.1839923
0.1674722
0.1524625
0.1334915
0.1079525
0.0794590
0.0537935
0.0323974
0.0114728
-0.0124361
-0.0373074
-0.0568565
-0.0666177
-0.0684196
-0.0686570
-0.0721467
-0.0781558
-0.0829702
-0.0856013
-0.0891066
-0.0956599
-0.1021244
-0.1027279
-0.0963017
-0.0892391
-0.0897993
-0.0992971
-0.1098958
-0.1122969
-0.1056811
-0.0986627
-0.0994033
-0.1059784
-0.1086096
-0.1013677
-0.0893271
-0.0827106
-0.0853170
-0.0909823
-0.0918399
-0.0882533
-0.0884884
-0.0982423
-0.1124099
-0.1195389
-0.1145266
-0.1046436
-0.1015145
-0.1086841
-0.1195164
-0.1270205
-0.1327145
-0.1436424
-0.1616904
-0.1787681
-0.1844802
-0.1779616
-0.1698496
-0.1711330
-0.1811895
-0.1890231
-0.1863453
-0.1769277
-0.1713342
-0.1739151
-0.1777819
-0.1732795
-0.1595187
-0.1455482
-0.1401758
-0.1424819
-0.1439959
-0.1395910
-0.1336479
-0.1339014
-0.1408377
-0.1461465
-0.1422531
-0.1311460
-0.1219519
-0.1205920
-0.1238384
-0.1242119
-0.1194413
-0.1152873
-0.1184202
-0.1276939
-0.1342977
-0.1310596
-0.1203788
-0.1118692
-0.1127418
-0.1216697
-0.1318919
-0.1387748
-0.1431639
-0.1476437
-0.1510505
-0.1485247
-0.1378890
-0.1249289
-0.1201222
-0.1290201
-0.1468013
-0.1634510
-0.1736288
-0.1797761
-0.1853567
-0.1872251
-0.1773640
-0.1528942
-0.1223648
-0.0992533
-0.0883509
-0.0802314
-0.0604230
-0.0222519
0.0322196
0.1033973
0.2018027
0.3406773
0.5208949
0.7245087
0.9214102
1.0774330
1.1539166
1.1067177
0.9018804
0.5480369
0.1177565
-0.2729060
-0.5231042
-0.6012047
-0.5508603
-0.4482864
-0.3513193
-0.2799260
-0.2309063
-0.1991556
-0.1827298
-0.1756101
-0.1662254
-0.1474954
-0.1251345
-0.1113976
-0.1105311
-0.1138928
-0.1108035
-0.1011538
-0.0939411
-0.0942959
-0.0960473
-0.0894032
-0.0741124
-0.0615856
-0.0628586
-0.0764271
-0.0902232
-0.0951083
-0.0937398
-0.0949859
-0.1019991
-0.1089252
-0.1091412
-0.1034694
-0.0982786
-0.0971706
-0.0974070
-0.0948873
-0.0902075
-0.0875590
-0.0880888
-0.0867810
-0.0773913
-0.0593537
-0.0378863
-0.0175774
0.0016896
0.0214615
0.0398898
0.0533623
0.0628486
0.0754565
0.0973988
0.1264456
0.1538217
0.1740672
0.1908384
0.2110180
0.2344082
0.2529020
0.2614140
0.2666754
0.2810871
0.3078150
0.3359749
0.3531373
0.3602648
0.3703381
0.3920107
0.4183046
0.4340269
0.4324545
0.4209313
0.4095387
0.3981702
0.3783759
0.3464809
0.3099333
0.2785607
0.2528837
0.2251972
0.1915004
0.1579652
0.1335200
0.1187302
0.1054729
0.0872836
0.0667097
0.0506961
0.0408443
0.0316198
0.0186205
0.0054988
-0.0001451
0.0031739
0.0080586
0.0065899
-0.0008658
-0.0074656
-0.0094897
-0.0112159
-0.0191157
-0.0330117
-0.0452849
-0.0490149
-0.0451726
-0.0405547
-0.0396132
-0.0403788
-0.0387434
-0.0344361
-0.0304694
-0.0274187
-0.0213379
-0.0091837
0.0049737
0.0116984
0.0052375
-0.0100436
-0.0235996
-0.0293855
-0.0316794
-0.0392538
-0.0541256
-0.0678477
-0.0701797
-0.0605500
-0.0489738
-0.0450830
-0.0478411
-0.0478218
-0.0391541
-0.0265906
-0.0187051
-0.0151949
-0.0044668
0.0241721
0.0683177
0.1168828
0.1680270
0.2393664
0.3561392
0.5276511
0.7346224
0.9358555
1.0817964
1.1222165
1.0135257
0.7393896
0.3394908
-0.0835711
-0.4035880
-0.5396530
-0.5023195
-0.3770620
-0.2588638
-0.1934776
-0.1690589
-0.1520264
-0.1254283
-0.0974260
-0.0832664
-0.0866109
-0.0980314
-0.1063830
-0.1080097
-0.1061208
-0.1047639
-0.1048962
-0.1047598
-0.1022475
-0.0970207
-0.0912839
-0.0882661
-0.0888773
-0.0898794
-0.0867174
-0.0790101
-0.0723198
-0.0727834
-0.0793973
-0.0827376
-0.0729606
-0.0496467
-0.0229994
-0.0045504
0.0030932
0.0068491
0.0142586
0.0253791
0.0338847
0.0350709
0.0316058
0.0314211
0.0405658
0.0581286
0.0775270
0.0924543
0.1020550
0.1110356
0.1249094
0.1446164
0.1653142
0.1807528
0.1895771
0.1973413
0.2113976
0.2332681
0.2567897
0.2746945
0.2866202
0.2993926
0.3191109
0.3440136
0.3660847
0.3793134
0.3853229
0.3905673
0.3988112
0.4072870
0.4101110
0.4044290
0.3925538
0.3786127
0.3639634
0.3458538
0.3199764
0.2845778
0.2431463
0.2033167
0.1717931
0.1489276
0.1284583
0.1038139
0.0752005
0.0497682
0.0340679
0.0267270
0.0196176
0.0065767
-0.0099620
-0.0219479
-0.0248331
-0.0223428
-0.0219160
-0.0270004
-0.0352840
-0.0435798
-0.0519299
-0.0617921
-0.0717787
-0.0775501
-0.0765980
-0.0720207
-0.0704005
-0.0758577
-0.0866012
-0.0971254
-0.1030727
-0.1039841
-0.1025960
-0.1024917
-0.1054869
-0.1092453
-0.1071726
-0.0931495
-0.0689743
-0.0467597
-0.0409792
-0.0556857
-0.0797200
-0.0962550
-0.0981059
-0.0933039
-0.0952193
-0.1080099
-0.1229890
-0.1289560
-0.1240635
-0.1162722
-0.1136373
-0.1168144
-0.1215127
-0.1256952
-0.1317200
-0.1416198
-0.1526648
-0.1591849
-0.1581892
-0.1519005
-0.1447890
-0.1394361
-0.1360066
-0.1346655
-0.1367960
-0.1435042
-0.1539143
-0.1653642
-0.1744803
-0.1777492
-0.1725546
-0.1595928
-0.1442329
-0.1334891
-0.1300214
-0.1294151
-0.1246418
-0.1136637
-0.1019490
-0.0967990
-0.0994505
-0.1035343
-0.1014857
-0.0918419
-0.0798084
-0.0711604
-0.0663078
-0.0601719
-0.0469673
-0.0245201
0.0060875
0.0451601
0.0989631
0.1794985
0.2986307
0.4607403
0.6589030
0.8748008
1.0781793
1.2247029
1.2593133
1.1342813
0.8394670
0.4250196
-0.0070644
-0.3464730
-0.5278136
-0.5567703
-0.4923435
-0.4026142
-0.3287865
-0.2789161
-0.2448970
-0.2207010
-0.2069190
-0.2042140
-0.2078095
-0.2100070
-0.2066750
-0.1994546
-0.1914998
-0.1827084
-0.1707917
-0.1569238
-0.1482742
-0.1524797
-0.1686893
-0.1854498
-0.1897586
-0.1791575
-0.1638466
-0.1558282
-0.1569078
-0.1592222
-0.1572464
-0.1560635
-0.1648705
-0.1830551
-0.1964309
-0.1901076
-0.1644965
-0.1359985
-0.1207063
-0.1188673
-0.1170932
-0.1049953
-0.0868166
-0.0753401
-0.0761915
-0.0808561
-0.0754889
-0.0546685
-0.0253043
0.0016681
0.0212833
0.0361449
0.0503049
0.0638465
0.0738452
0.0793649
0.0844529
0.0962539
0.1201169
0.1552326
0.1936207
0.2240694
0.2399176
0.2452062
0.2524624
0.2717853
0.3005484
0.3247193
0.3320415
0.3242672
0.3152746
0.3164222
0.3246864
0.3265042
0.3127288
0.2875847
0.2620043
0.2404886
0.2178631
0.1892165
0.1594566
0.1394751
0.1330379
0.1306559
0.1186412
0.0932080
0.0633479
0.0396985
0.0231490
0.0064197
-0.0145181
-0.0340218
-0.0432162
-0.0410871
-0.0368690
-0.0412654
-0.0565544
-0.0754310
-0.0880280
-0.0892105
-0.0806011
-0.0682147
-0.0590116
-0.0577339
-0.0642229
-0.0729268
-0.0766193
-0.0726210
-0.0659063
-0.0653392
-0.0760524
-0.0950160
-0.1134142
-0.1228787
-0.1201905
-0.1079859
-0.0925385
-0.0804235
-0.0751762
-0.0752997
-0.0754561
-0.0710553
-0.0629643
-0.0575228
-0.0606310
-0.0710129
-0.0799345
-0.0789010
-0.0682752
-0.0578658
-0.0582849
-0.0714254
-0.0894131
-0.1025824
-0.1078077
-0.1088415
-0.1096677
-0.1095699
-0.1056846
-0.0989432
-0.0948681
-0.0974928
-0.1040785
-0.1079284
-0.1065122
-0.1050171
-0.1105341
-0.1233120
-0.1352332
-0.1374409
-0.1287205
-0.1157753
-0.1059379
-0.1007876
-0.0969208
-0.0915445
-0.0860612
-0.0843942
-0.0887393
-0.0970884
-0.1042670
-0.1053730
-0.0993116
-0.0900359
-0.0841921
-0.0865343
-0.0968053
-0.1107483
-0.1238582
-0.1338443
-0.1398731
-0.1409610
-0.1367343
-0.1297817
-0.1254132
-0.1272408
-0.1330017
-0.1361809
-0.1325180
-0.1241454
-0.1165129
-0.1119479
-0.1077309
-0.1007799
-0.0928183
-0.0894704
-0.0942333
-0.1042890
-0.1127617
-0.1148140
-0.1114720
-0.1082609
-0.1106830
-0.1200149
-0.1314745
-0.1358395
-0.1248502
-0.0978232
-0.0637778
-0.0356197
-0.0206408
-0.0162370
-0.0145005
-0.0096461
0.0000041
0.0158849
0.0420370
0.0830749
0.1418415
0.2222330
0.3336491
0.4874989
0.6841019
0.9018984
1.1014676
1.2411449
1.2885745
1.2207781
1.0240609
0.7072935
0.3206316
-0.0469803
-0.3054076
-0.4135906
-0.4001996
-0.3351368
-0.2769600
-0.2415695
-0.2131523
-0.1770344
-0.1387315
-0.1152233
-0.1147678
-0.1285817
-0.1401583
-0.1396300
-0.1293811
-0.1187449
-0.1150943
-0.1188063
-0.1243998
-0.1256458
-0.1205145
-0.1122332
-0.1056706
-0.1025529
-0.1005671
-0.0973735
-0.0945657
-0.0961497
-0.1028226
-0.1092880
-0.1088607
-0.1005847
-0.0903664
-0.0844771
-0.0830118
-0.0809913
-0.0755102
-0.0700188
-0.0703424
-0.0770279
-0.0830583
-0.0797766
-0.0646493
-0.0429512
-0.0225660
-0.0078811
0.0019427
0.0105614
0.0212713
0.0351395
0.0506023
0.0646822
0.0758345
0.0864542
0.1018870
0.1256485
0.1553124
0.1840285
0.2068408
0.2250953
0.2438735
0.2654853
0.2869262
0.3043543
0.3187214
0.3350209
0.3556151
0.3758068
0.3874643
0.3869184
0.3782306
0.3682781
0.3593333
0.3472455
0.3267237
0.2975423
0.2651121
0.2353479
0.2095067
0.1840123
0.1549833
0.1229447
0.0933657
0.0723247
0.0608133
0.0528923
0.0401630
0.0191520
-0.0054240
-0.0252646
-0.0367363
-0.0442342
-0.0549215
-0.0704496
-0.0848087
-0.0908417
-0.0882821
-0.0843535
-0.0861858
-0.0932814
-0.0979918
-0.0931557
-0.0788666
-0.0621445
-0.0509257
-0.0485810
-0.0531450
-0.0603095
-0.0666388
-0.0708504
-0.0735388
-0.0764987
-0.0818713
-0.0908054
-0.1021797
-0.1127600
-0.1192374
-0.1206044
-0.1187137
-0.1166289
-0.1165253
-0.1189971
-0.1237404
-0.1301519
-0.1370720
-0.1426025
-0.1451638
-0.1451522
-0.1451010
-0.1474946
-0.1522480
-0.1567003
-0.1583564
-0.1574845
-0.1567732
-0.1583944
-0.1614053
-0.1619184
-0.1558741
-0.1421779
-0.1238719
-0.1065175
-0.0949079
-0.0903875
-0.0906412
-0.0919826
-0.0922000
-0.0915983
-0.0915638
-0.0923464
-0.0924647
-0.0903573
-0.0864739
-0.0835218
-0.0844994
-0.0903381
-0.0992444
-0.1081329
-0.1146919
-0.1183318
-0.1196233
-0.1193060
-0.1180020
-0.1165773
-0.1163406
-0.1187909
-0.1252648
-0.1364378
-0.1512394
-0.1658620
-0.1749086
-0.1753274
-0.1699132
-0.1657699
-0.1676962
-0.1728505
-0.1730931
-0.1634015
-0.1474079
-0.1337944
-0.1276786
-0.1268666
-0.1266875
-0.1266507
-0.1304930
-0.1400710
-0.1513202
-0.1575144
-0.1558569
-0.1498684
-0.1456203
-0.1465771
-0.1518580
-0.1579714
-0.1613877
-0.1605899
-0.1574313
-0.1565453
-0.1614988
-0.1699949
-0.1737495
-0.1655449
-0.1477698
-0.1329944
-0.1340154
-0.1521668
-0.1757544
-0.1907702
-0.1933146
-0.1911564
-0.1932038
-0.1985509
-0.1972346
-0.1818777
-0.1569657
-0.1348727
-0.1229433
-0.1165861
-0.1063591
-0.0901376
-0.0751648
-0.0673552
-0.0612771
-0.0433631
-0.0039911
0.0569410
0.1370243
0.2400358
0.3738789
0.5407469
0.7322159
0.9315636
1.1116349
1.2242055
1.2000488
0.9820269
0.5793046
0.0933090
-0.3237756
-0.5573696
-0.5953146
-0.5158673
-0.4157585
-0.3460088
-0.3044942
-0.2724335
-0.2456026
-0.2321092
-0.2327718
-0.2349885
-0.2267890
-0.2106830
-0.1993661
-0.1994814
-0.2035721
-0.1990469
-0.1827112
-0.1642416
-0.1556439
-0.1589462
-0.1648798
-0.1627150
-0.1504282
-0.1355708
-0.1274116
-0.1288526
-0.1352175
-0.1394219
-0.1376412
-0.1308783
-0.1227263
-0.1163457
-0.1125760
-0.1093920
-0.1030206
-0.0911411
-0.0763553
-0.0658425
-0.0654749
-0.0730784
-0.0784845
-0.0721082
-0.0541673
-0.0346310
-0.0232861
-0.0201913
-0.0166289
-0.0050898
0.0131448
0.0311731
0.0461920
0.0640658
0.0931255
0.1340628
0.1774140
0.2118513
0.2347604
0.2541995
0.2804887
0.3162001
0.3542944
0.3853317
0.4058410
0.4198748
0.4334407
0.4482677
0.4608362
0.4666042
0.4645960
0.4580227
0.4507627
0.4431067
0.4306104
0.4073626
0.3713431
0.3273188
0.2841218
0.2479430
0.2175760
0.1865447
0.1504968
0.1123938
0.0797012
0.0561816
0.0371426
0.0137024
-0.0181312
-0.0532069
-0.0822593
-0.1005557
-0.1108109
-0.1178166
-0.1216417
-0.1175718
-0.1028497
-0.0821736
-0.0651123
-0.0577138
-0.0572659
-0.0558922
-0.0491488
-0.0405368
-0.0374041
-0.0428181
-0.0518936
-0.0561268
-0.0512114
-0.0408045
-0.0330118
-0.0331514
-0.0393787
-0.0449474
-0.0450015
-0.0416193
-0.0419753
-0.0507327
-0.0640700
-0.0723596
-0.0701163
-0.0631867
-0.0644757
-0.0813105
-0.1075369
-0.1293911
-0.1392192
-0.1420461
-0.1479705
-0.1596480
