-0.1396130
-0.1469120
-0.1165009
-0.0950345
-0.0952933
-0.0942491
-0.0813403
-0.0700934
-0.0678380
-0.0666000
-0.0631122
-0.0621191
-0.0606375
-0.0507423
-0.0368785
-0.0315041
-0.0354035
-0.0392916
-0.0418502
-0.0491016
-0.0582099
-0.0586844
-0.0497885
-0.0430267
-0.0466693
-0.0581959
-0.0714223
-0.0823521
-0.0894260
-0.0950500
-0.1042415
-0.1162298
-0.1222751
-0.1177016
-0.1100582
-0.1085355
-0.1112831
-0.1106997
-0.1060304
-0.1027874
-0.1029392
-0.1021371
-0.0946738
-0.0774555
-0.0517944
-0.0228643
0.0079245
0.0525094
0.1322715
0.2604948
0.4316692
0.6278838
0.8273518
1.0010279
1.1053521
1.0868403
0.9030651
0.5531148
0.1003509
-0.3378459
-0.6426148
-0.7569122
-0.7092492
-0.5814958
-0.4530155
-0.3636811
-0.3121621
-0.2788517
-0.2510169
-0.2305108
-0.2223813
-0.2227994
-0.2218982
-0.2145594
-0.2033541
-0.1928165
-0.1853031
-0.1812204
-0.1794583
-0.1782397
-0.1778073
-0.1804121
-0.1853821
-0.1868753
-0.1797890
-0.1662561
-0.1536229
-0.1472144
-0.1466439
-0.1473937
-0.1445665
-0.1369422
-0.1283556
-0.1231855
-0.1203399
-0.1145229
-0.1035772
-0.0909489
-0.0801051
-0.0702685
-0.0592218
-0.0471365
-0.0355566
-0.0244904
-0.0120086
0.0041573
0.0247311
0.0476509
0.0695665
0.0897986
0.1110178
0.1341125
0.1551156
0.1709475
0.1862879
0.2097648
0.2429926
0.2773520
0.3031727
0.3199170
0.3357324
0.3574900
0.3822411
0.3998698
0.4054801
0.4074706
0.4192690
0.4425536
0.4631997
0.4663511
0.4519321
0.4318908
0.4148598
0.3981090
0.3743785
0.3427740
0.3105551
0.2846265
0.2631791
0.2380326
0.2056105
0.1723657
0.1463797
0.1261236
0.1026921
0.0730566
0.0456903
0.0304629
0.0262931
0.0222511
0.0100370
-0.0072349
-0.0195566
-0.0224045
-0.0226496
-0.0302270
-0.0448615
-0.0551243
-0.0525566
-0.0430382
-0.0400627
-0.0484593
-0.0594039
-0.0620645
-0.0565383
-0.0530273
-0.0593696
-0.0714298
-0.0770639
-0.0696949
-0.0563358
-0.0501651
-0.0559950
-0.0661419
-0.0709767
-0.0699665
-0.0701484
-0.0760949
-0.0843378
-0.0874184
-0.0819320
-0.0724573
-0.0676817
-0.0720462
-0.0814166
-0.0880232
-0.0891485
-0.0891525
-0.0929974
-0.0998678
-0.1040885
-0.1013423
-0.0934289
-0.0871257
-0.0878130
-0.0937331
-0.0978180
-0.0963134
-0.0938977
-0.0979574
-0.1087392
-0.1180224
-0.1180705
-0.1100781
-0.1028495
-0.1037188
-0.1111543
-0.1164114
-0.1128299
-0.1029335
-0.0947498
-0.0912173
-0.0859848
-0.0715318
-0.0498066
-0.0322847
-0.0291064
-0.0389412
-0.0498076
-0.0502290
-0.0403107
-0.0313925
-0.0335302
-0.0438497
-0.0493679
-0.0415136
-0.0256068
-0.0149859
-0.0175628
-0.0296710
-0.0421336
-0.0504339
-0.0580112
-0.0698345
-0.0842653
-0.0936552
-0.0937413
-0.0899696
-0.0917904
-0.1015082
-0.1116505
-0.1139257
-0.1086573
-0.1038642
-0.1055563
-0.1102086
-0.1079801
-0.0939117
-0.0746490
-0.0616487
-0.0576345
-0.0528872
-0.0366102
-0.0085985
0.0251858
0.0689672
0.1447014
0.2786039
0.4776639
0.7180676
0.9543236
1.1360773
1.2150755
1.1444797
0.8913720
0.4702803
-0.0305272
-0.4703056
-0.7266316
-0.7651171
-0.6505753
-0.4921323
-0.3707454
-0.3055709
-0.2735869
-0.2500760
-0.2294451
-0.2167782
-0.2119878
-0.2078029
-0.1990713
-0.1878320
-0.1789346
-0.1744839
-0.1736674
-0.1751527
-0.1775930
-0.1790627
-0.1780787
-0.1754087
-0.1736376
-0.1738736
-0.1731097
-0.1664805
-0.1534660
-0.1407285
-0.1362276
-0.1401457
-0.1440705
-0.1405161
-0.1313245
-0.1244747
-0.1234075
-0.1219632
-0.1108793
-0.0884709
-0.0636342
-0.0474240
-0.0417223
-0.0374527
-0.0248442
-0.0041776
0.0155759
0.0282778
0.0382479
0.0553615
0.0840501
0.1186459
0.1493825
0.1720557
0.1912458
0.2140010
0.2411512
0.2663865
0.2843967
0.2982348
0.3167465
0.3449734
0.3784993
0.4075227
0.4258549
0.4359240
0.4453149
0.4581545
0.4698017
0.4708764
0.4570956
0.4343154
0.4129704
0.3979104
0.3843295
0.3632920
0.3306823
0.2910156
0.2529927
0.2214048
0.1935357
0.1636370
0.1301920
0.0977552
0.0720395
0.0545210
0.0418422
0.0290759
0.0132192
-0.0051109
-0.0224359
-0.0354288
-0.0438868
-0.0505646
-0.0578849
-0.0651321
-0.0691316
-0.0677413
-0.0628141
-0.0594601
-0.0614772
-0.0672624
-0.0713623
-0.0707904
-0.0686535
-0.0702408
-0.0763179
-0.0820146
-0.0824567
-0.0781933
-0.0744353
-0.0754829
-0.0805411
-0.0852475
-0.0871088
-0.0885237
-0.0934395
-0.1014234
-0.1067586
-0.1043508
-0.0957774
-0.0885767
-0.0895362
-0.0986790
-0.1094277
-0.1147659
-0.1138826
-0.1126683
-0.1168856
-0.1250102
-0.1290673
-0.1230736
-0.1098534
-0.0988277
-0.0972452
-0.1037538
-0.1103760
-0.1107540
-0.1064761
-0.1048928
-0.1105202
-0.1194196
-0.1229627
-0.1168661
-0.1057442
-0.0988161
-0.1015178
-0.1109364
-0.1188258
-0.1191918
-0.1132207
-0.1065589
-0.1019112
-0.0955194
-0.0818737
-0.0613132
-0.0417836
-0.0325860
-0.0362133
-0.0459270
-0.0514186
-0.0477553
-0.0394205
-0.0352914
-0.0393203
-0.0463901
-0.0474942
-0.0388187
-0.0258729
-0.0189906
-0.0243193
-0.0383911
-0.0516406
-0.0579799
-0.0607257
-0.0682013
-0.0836633
-0.1008976
-0.1103736
-0.1089205
-0.1024516
-0.0993351
-0.1019537
-0.1055008
-0.1048912
-0.1013355
-0.1003454
-0.1035482
-0.1050278
-0.0974607
-0.0805172
-0.0610238
-0.0451508
-0.0324729
-0.0177440
0.0046197
0.0409796
0.1029260
0.2069276
0.3642275
0.5680622
0.7904137
0.9905914
1.1248526
1.1489274
1.0220120
0.7264935
0.2976935
-0.1662429
-0.5382847
-0.7265467
-0.7226574
-0.5971633
-0.4472810
-0.3391175
-0.2849642
-0.2617742
-0.2443602
-0.2241363
-0.2061324
-0.1966898
-0.1955943
-0.1966531
-0.1933280
-0.1842232
-0.1740723
-0.1691524
-0.1712027
-0.1758683
-0.1771851
-0.1733671
-0.1680851
-0.1661889
-0.1682691
-0.1696172
-0.1648959
-0.1538601
-0.1420600
-0.1357335
-0.1362022
-0.1390616
-0.1382600
-0.1311584
-0.1206330
-0.1125248
-0.1100582
-0.1100992
-0.1054948
-0.0917575
-0.0711748
-0.0500626
-0.0325857
-0.0179385
-0.0031579
0.0125413
0.0272025
0.0398977
0.0539899
0.0750811
0.1050588
0.1390822
0.1695626
0.1929469
0.2119341
0.2315808
0.2544663
0.2796471
0.3049259
0.3291667
0.3527316
0.3764025
0.4001686
0.4229435
0.4431550
0.4593509
0.4704564
0.4759886
0.4760432
0.4705647
0.4587523
0.4401015
0.4162040
0.3902984
0.3640958
0.3357606
0.3022801
0.2638530
0.2249348
0.1903336
0.1606047
0.1320597
0.1017693
0.0720725
0.0488989
0.0350193
0.0260053
0.0143242
-0.0027474
-0.0207033
-0.0335734
-0.0407080
-0.0467366
-0.0554606
-0.0652829
-0.0713485
-0.0715987
-0.0695448
-0.0704579
-0.0754977
-0.0808809
-0.0829744
-0.0827669
-0.0842192
-0.0890043
-0.0943506
-0.0961956
-0.0934760
-0.0889141
-0.0861390
-0.0864902
-0.0884945
-0.0901163
-0.0911985
-0.0934692
-0.0982492
-0.1044916
-0.1091929
-0.1096954
-0.1059482
-0.1009548
-0.0986371
-0.1003927
-0.1037421
-0.1052083
-0.1046445
-0.1056545
-0.1110619
-0.1187129
-0.1228919
-0.1200914
-0.1128400
-0.1073841
-0.1075574
-0.1112174
-0.1130577
-0.1108082
-0.1079718
-0.1099773
-0.1179667
-0.1268828
-0.1296938
-0.1235739
-0.1125876
-0.1046465
-0.1049767
-0.1114933
-0.1166874
-0.1148393
-0.1073789
-0.1004548
-0.0972289
-0.0936780
-0.0831043
-0.0647984
-0.0470702
-0.0402254
-0.0460536
-0.0553359
-0.0570785
-0.0499358
-0.0429475
-0.0445131
-0.0522556
-0.0555612
-0.0479340
-0.0350537
-0.0292887
-0.0365964
-0.0504114
-0.0596256
-0.0618028
-0.0660936
-0.0816895
-0.1050189
-0.1214130
-0.1204183
-0.1075195
-0.0986115
-0.1031586
-0.1148234
-0.1198294
-0.1132556
-0.1044584
-0.1052743
-0.1148451
-0.1193341
-0.1074209
-0.0834571
-0.0627114
-0.0543327
-0.0516073
-0.0392762
-0.0071584
0.0466932
0.1252473
0.2395030
0.4008684
0.6049826
0.8246173
1.0187690
1.1457843
1.1667421
1.0449220
0.7600964
0.3391139
-0.1264774
-0.5080197
-0.7065728
-0.7100886
-0.5926233
-0.4559052
-0.3633068
-0.3179412
-0.2910183
-0.2623662
-0.2347316
-0.2192344
-0.2175751
-0.2207271
-0.2197788
-0.2132890
-0.2048640
-0.1974215
-0.1915236
-0.1874428
-0.1862117
-0.1880529
-0.1911289
-0.1929500
-0.1925451
-0.1902947
-0.1860506
-0.1789651
-0.1696511
-0.1610781
-0.1559247
-0.1534928
-0.1506411
-0.1460068
-0.1420612
-0.1418050
-0.1435758
-0.1404726
-0.1264200
-0.1032601
-0.0808565
-0.0687618
-0.0673038
-0.0673519
-0.0591207
-0.0409505
-0.0195521
-0.0023803
0.0098026
0.0232948
0.0450498
0.0758657
0.1095654
0.1387821
0.1615853
0.1824126
0.2066054
0.2343789
0.2606064
0.2807983
0.2969659
0.3164888
0.3442157
0.3762119
0.4030397
0.4198273
0.4313975
0.4455890
0.4622693
0.4717156
0.4653082
0.4462868
0.4273537
0.4169316
0.4094817
0.3913205
0.3558569
0.3111232
0.2711013
0.2409711
0.2131658
0.1781205
0.1366597
0.0998929
0.0773442
0.0668436
0.0568669
0.0382722
0.0129200
-0.0094259
-0.0220159
-0.0279227
-0.0356336
-0.0488335
-0.0621243
-0.0674636
-0.0638275
-0.0589796
-0.0612122
-0.0703690
-0.0785114
-0.0797005
-0.0774653
-0.0806392
-0.0919836
-0.1033700
-0.1041008
-0.0931376
-0.0808989
-0.0783869
-0.0860081
-0.0943259
-0.0951014
-0.0898935
-0.0871841
-0.0921847
-0.1010748
-0.1055787
-0.1020001
-0.0946491
-0.0908427
-0.0938281
-0.1008202
-0.1067715
-0.1090834
-0.1089893
-0.1092325
-0.1107632
-0.1116916
-0.1095800
-0.1047226
-0.1006070
-0.1005242
-0.1038063
-0.1061793
-0.1044619
-0.1006256
-0.1001420
-0.1056580
-0.1131090
-0.1156029
-0.1113161
-0.1058596
-0.1056074
-0.1099829
-0.1127010
-0.1106805
-0.1088835
-0.1138693
-0.1234719
-0.1261817
-0.1128210
-0.0876043
-0.0649732
-0.0548555
-0.0532567
-0.0493040
-0.0399808
-0.0341400
-0.0405978
-0.0551675
-0.0632272
-0.0554860
-0.0384270
-0.0270933
-0.0286467
-0.0356634
-0.0364282
-0.0296282
-0.0260150
-0.0352696
-0.0538990
-0.0686556
-0.0714017
-0.0678677
-0.0702859
-0.0829533
-0.0976567
-0.1038563
-0.1012172
-0.0995852
-0.1064944
-0.1172619
-0.1199314
-0.1095196
-0.0943506
-0.0864766
-0.0876555
-0.0880146
-0.0789190
-0.0638998
-0.0537956
-0.0516855
-0.0457393
-0.0184336
0.0392748
0.1256846
0.2391507
0.3858759
0.5717804
0.7853505
0.9899122
1.1332595
1.1650399
1.0502902
0.7798909
0.3834391
-0.0627310
-0.4510668
-0.6875769
-0.7410121
-0.6573282
-0.5242411
-0.4133888
-0.3462273
-0.3049487
-0.2677868
-0.2317334
-0.2070685
-0.1991147
-0.2004660
-0.1994926
-0.1923022
-0.1846416
-0.1834827
-0.1885956
-0.1926665
-0.1888490
-0.1776030
-0.1662193
-0.1618515
-0.1648877
-0.1689700
-0.1676282
-0.1609364
-0.1551514
-0.1553455
-0.1590123
-0.1582518
-0.1485420
-0.1340399
-0.1230820
-0.1191666
-0.1180074
-0.1136552
-0.1056752
-0.0984802
-0.0939918
-0.0873225
-0.0716268
-0.0467804
-0.0211387
-0.0033977
0.0064475
0.0165697
0.0338828
0.0567595
0.0780621
0.0943795
0.1104426
0.1337498
0.1658107
0.2000689
0.2287529
0.2507235
0.2713800
0.2950545
0.3192437
0.3378688
0.3498132
0.3622222
0.3837201
0.4144490
0.4441354
0.4610397
0.4626178
0.4564159
0.4502927
0.4431946
0.4273215
0.3992017
0.3661842
0.3397466
0.3227506
0.3056661
0.2769263
0.2361132
0.1949092
0.1644499
0.1433746
0.1203299
0.0880981
0.0528902
0.0277985
0.0179109
0.0143853
0.0042730
-0.0153561
-0.0349966
-0.0441757
-0.0433729
-0.0431736
-0.0522485
-0.0679026
-0.0793068
-0.0791490
-0.0707879
-0.0639941
-0.0650525
-0.0719056
-0.0780954
-0.0798426
-0.0788348
-0.0791036
-0.0822462
-0.0858450
-0.0861666
-0.0822190
-0.0772026
-0.0758598
-0.0800778
-0.0869536
-0.0914767
-0.0915075
-0.0899948
-0.0916629
-0.0972835
-0.1020149
-0.1004084
-0.0928767
-0.0859238
-0.0852685
-0.0896174
-0.0925349
-0.0904186
-0.0871816
-0.0898905
-0.1001397
-0.1110838
-0.1138248
-0.1063803
-0.0956246
-0.0904135
-0.0934685
-0.1001633
-0.1043715
-0.1045655
-0.1043448
-0.1078782
-0.1152228
-0.1218011
-0.1223606
-0.1159412
-0.1072874
-0.1029188
-0.1050515
-0.1092497
-0.1085837
-0.1004471
-0.0889274
-0.0800083
-0.0748859
-0.0692400
-0.0595699
-0.0488794
-0.0440805
-0.0474806
-0.0527999
-0.0515908
-0.0432722
-0.0366710
-0.0402417
-0.0516196
-0.0588128
-0.0526205
-0.0370036
-0.0258822
-0.0295299
-0.0449979
-0.0603161
-0.0671741
-0.0683504
-0.0729920
-0.0861518
-0.1038794
-0.1177542
-0.1227214
-0.1201792
-0.1147940
-0.1100039
-0.1068309
-0.1054179
-0.1057965
-0.1069169
-0.1064612
-0.1028866
-0.0970683
-0.0904852
-0.0818423
-0.0673919
-0.0457342
-0.0202093
0.0075190
0.0479302
0.1244307
0.2579254
0.4472732
0.6655337
0.8757030
1.0461974
1.1464639
1.1317919
0.9495613
0.5815320
0.0901075
-0.3854836
-0.6996422
-0.7883361
-0.7009121
-0.5497772
-0.4257571
-0.3521756
-0.3049040
-0.2612123
-0.2237119
-0.2053425
-0.2054758
-0.2084311
-0.2020312
-0.1901883
-0.1848947
-0.1897711
-0.1956898
-0.1921469
-0.1793770
-0.1673469
-0.1643442
-0.1688608
-0.1727320
-0.1703538
-0.1636511
-0.1588184
-0.1595210
-0.1633759
-0.1641974
-0.1573522
-0.1436469
-0.1287740
-0.1188410
-0.1156183
-0.1155083
-0.1130960
-0.1059170
-0.0958352
-0.0858300
-0.0758918
-0.0627972
-0.0441537
-0.0219492
-0.0011084
0.0156158
0.0305175
0.0481030
0.0698196
0.0925972
0.1129789
0.1319548
0.1546358
0.1847754
0.2201028
0.2536892
0.2800581
0.2997818
0.3181261
0.3395079
0.3633980
0.3853699
0.4018853
0.4140809
0.4268498
0.4437992
0.4627196
0.4763193
0.4782477
0.4687838
0.4540949
0.4393181
0.4227504
0.3979864
0.3622936
0.3219023
0.2874358
0.2636064
0.2444491
0.2198457
0.1864428
0.1508445
0.1216874
0.0999746
0.0788606
0.0528061
0.0250289
0.0043636
-0.0047937
-0.0077322
-0.0138432
-0.0266774
-0.0408357
-0.0487894
-0.0495665
-0.0496799
-0.0557535
-0.0672763
-0.0771464
-0.0789690
-0.0732741
-0.0665934
-0.0649452
-0.0686204
-0.0732266
-0.0752229
-0.0756753
-0.0782168
-0.0837499
-0.0882196
-0.0865241
-0.0785989
-0.0707029
-0.0697516
-0.0763374
-0.0841110
-0.0866170
-0.0843450
-0.0840878
-0.0909340
-0.1015242
-0.1063077
-0.0991080
-0.0843078
-0.0739217
-0.0768573
-0.0906359
-0.1037221
-0.1063644
-0.0994882
-0.0929976
-0.0952900
-0.1046161
-0.1110873
-0.1071670
-0.0955685
-0.0862463
-0.0859894
-0.0921757
-0.0973066
-0.0983973
-0.0997373
-0.1058133
-0.1135936
-0.1146301
-0.1053728
-0.0931641
-0.0895048
-0.0972886
-0.1067345
-0.1053849
-0.0912501
-0.0742837
-0.0648021
