0.1604698
0.1863196
0.2069989
0.2172052
0.2217245
0.2298174
0.2449057
0.2606549
0.2674115
0.2618307
0.2495481
0.2385464
0.2305604
0.2193817
0.1974666
0.1639437
0.1260636
0.0928150
0.0671479
0.0446534
0.0201518
-0.0046821
-0.0213375
-0.0232829
-0.0148155
-0.0097582
-0.0197912
-0.0436843
-0.0687731
-0.0835950
-0.0887151
-0.0945745
-0.1090153
-0.1280680
-0.1398229
-0.1370132
-0.1247587
-0.1154519
-0.1165989
-0.1245227
-0.1299748
-0.1288366
-0.1261265
-0.1293568
-0.1390565
-0.1472395
-0.1456808
-0.1349204
-0.1240544
-0.1215497
-0.1271139
-0.1331438
-0.1335257
-0.1298932
-0.1290098
-0.1348859
-0.1443143
-0.1500137
-0.1474635
-0.1385423
-0.1292654
-0.1247270
-0.1259228
-0.1302672
-0.1343548
-0.1365334
-0.1375638
-0.1389204
-0.1401398
-0.1381849
-0.1306026
-0.1199540
-0.1140589
-0.1198132
-0.1357150
-0.1514288
-0.1565249
-0.1503689
-0.1425197
-0.1423743
-0.1488592
-0.1517661
-0.1437141
-0.1294640
-0.1218198
-0.1283111
-0.1432180
-0.1535280
-0.1521477
-0.1442569
-0.1406966
-0.1462082
-0.1550920
-0.1581128
-0.1524403
-0.1440049
-0.1406197
-0.1440406
-0.1493059
-0.1510716
-0.1493533
-0.1485945
-0.1517501
-0.1563653
-0.1570721
-0.1516874
-0.1441540
-0.1411031
-0.1456552
-0.1545970
-0.1611366
-0.1601874
-0.1517898
-0.1405659
-0.1318242
-0.1269295
-0.1217475
-0.1105597
-0.0927569
-0.0751752
-0.0657975
-0.0642135
-0.0600347
-0.0429965
-0.0136690
0.0201273
0.0602044
0.1280017
0.2509244
0.4354583
0.6567059
0.8773508
1.0724888
1.2267776
1.3057566
1.2442568
0.9862135
0.5514596
0.0605482
-0.3235009
-0.4977072
-0.4785630
-0.3689343
-0.2694274
-0.2163603
-0.1901216
-0.1644846
-0.1380931
-0.1246032
-0.1273928
-0.1334563
-0.1297652
-0.1180442
-0.1104000
-0.1139352
-0.1238365
-0.1310203
-0.1325717
-0.1325264
-0.1342982
-0.1352665
-0.1293282
-0.1133960
-0.0908029
-0.0691029
-0.0548522
-0.0494613
-0.0489198
-0.0475662
-0.0429980
-0.0378392
-0.0364981
-0.0398874
-0.0435936
-0.0418926
-0.0337770
-0.0244169
-0.0200088
-0.0213258
-0.0229694
-0.0190452
-0.0090493
0.0019998
0.0088177
0.0111386
0.0143388
0.0250329
0.0453284
0.0706566
0.0934357
0.1095981
0.1217927
0.1358764
0.1541663
0.1727259
0.1860062
0.1939945
0.2035062
0.2212772
0.2462830
0.2706114
0.2886064
0.3036496
0.3240758
0.3526209
0.3817972
0.4007511
0.4058723
0.4034570
0.4019995
0.4029460
0.3996483
0.3847766
0.3576359
0.3240204
0.2900920
0.2576849
0.2253909
0.1927534
0.1623294
0.1377560
0.1201943
0.1066764
0.0921387
0.0738025
0.0539492
0.0378288
0.0281839
0.0221120
0.0141480
0.0025863
-0.0081050
-0.0120550
-0.0090125
-0.0053868
-0.0073484
-0.0136963
-0.0175719
-0.0159107
-0.0152124
-0.0254039
-0.0478089
-0.0711967
-0.0811712
-0.0730161
-0.0545285
-0.0369102
-0.0244804
-0.0138143
-0.0013491
0.0106591
0.0166594
0.0147363
0.0088476
0.0037975
-0.0004569
-0.0082447
-0.0224147
-0.0402512
-0.0554722
-0.0640548
-0.0680051
-0.0732613
-0.0834294
-0.0954254
-0.1019283
-0.0988905
-0.0905770
-0.0864783
-0.0926764
-0.1062130
-0.1182320
-0.1227868
-0.1221993
-0.1233310
-0.1290355
-0.1346380
-0.1335324
-0.1252311
-0.1165125
-0.1148186
-0.1217469
-0.1330506
-0.1433250
-0.1492970
-0.1491458
-0.1406596
-0.1218133
-0.0935856
-0.0615182
-0.0335711
-0.0159063
-0.0103105
-0.0147095
-0.0251153
-0.0373450
-0.0484864
-0.0578456
-0.0661225
-0.0731772
-0.0773193
-0.0776861
-0.0767234
-0.0786890
-0.0849869
-0.0919114
-0.0943482
-0.0918982
-0.0901061
-0.0943149
-0.1025516
-0.1062071
-0.0988303
-0.0833764
-0.0695544
-0.0645531
-0.0676571
-0.0732929
-0.0768815
-0.0766634
-0.0715583
-0.0591036
-0.0347097
0.0092034
0.0833791
0.1981957
0.3571005
0.5530646
0.7715006
0.9928133
1.1848508
1.2908201
1.2367154
0.9739589
0.5338746
0.0411833
-0.3430164
-0.5147489
-0.4834742
-0.3471878
-0.2135351
-0.1357604
-0.1070880
-0.0982320
-0.0917599
-0.0869597
-0.0866674
-0.0895975
-0.0938029
-0.0999880
-0.1082230
-0.1148320
-0.1160285
-0.1133728
-0.1124191
-0.1156132
-0.1189388
-0.1170004
-0.1101799
-0.1049358
-0.1070516
-0.1162305
-0.1281321
-0.1399703
-0.1513636
-0.1593895
-0.1559721
-0.1337076
-0.0949571
-0.0533891
-0.0246830
-0.0146207
-0.0153995
-0.0131925
-0.0001639
0.0194491
0.0344378
0.0381484
0.0354760
0.0385475
0.0553919
0.0827017
0.1095443
0.1280953
0.1406126
0.1555651
0.1770849
0.1995716
0.2140161
0.2189418
0.2228447
0.2349249
0.2550041
0.2743035
0.2856315
0.2909022
0.2978534
0.3105952
0.3252706
0.3355759
0.3409020
0.3465083
0.3550390
0.3601947
0.3516037
0.3262395
0.2931226
0.2653355
0.2476395
0.2327432
0.2101190
0.1784111
0.1485631
0.1336874
0.1353897
0.1408481
0.1343005
0.1112955
0.0811937
0.0562842
0.0397997
0.0251259
0.0057966
-0.0155039
-0.0291634
-0.0296407
-0.0225173
-0.0190375
-0.0242480
-0.0325898
-0.0356818
-0.0323823
-0.0292470
-0.0317475
-0.0373310
-0.0384923
-0.0321864
-0.0246807
-0.0258470
-0.0387288
-0.0561103
-0.0683394
-0.0736168
-0.0789564
-0.0910550
-0.1079523
-0.1209258
-0.1242889
-0.1224093
-0.1263879
-0.1432971
-0.1685139
-0.1890673
-0.1949168
-0.1868506
-0.1736433
-0.1628182
-0.1551191
-0.1469972
-0.1364963
-0.1258046
-0.1186471
-0.1162057
-0.1163564
-0.1170534
-0.1195450
-0.1268734
-0.1390483
-0.1511440
-0.1574248
-0.1571616
-0.1555953
-0.1588235
-0.1676126
-0.1762315
-0.1780083
-0.1727625
-0.1681420
-0.1720266
-0.1832702
-0.1915170
-0.1875669
-0.1735088
-0.1612540
-0.1604127
-0.1681770
-0.1723855
-0.1652663
-0.1530899
-0.1500197
-0.1618036
-0.1778739
-0.1820807
-0.1705682
-0.1562077
-0.1542635
-0.1654644
-0.1751938
-0.1690691
-0.1472512
-0.1219641
-0.1020271
-0.0829236
-0.0536784
-0.0105064
0.0417127
0.1030270
0.1889890
0.3221717
0.5116671
0.7417908
0.9787877
1.1827780
1.3100999
1.3111076
1.1431862
0.8045196
0.3623163
-0.0614407
-0.3512432
-0.4631622
-0.4402686
-0.3676441
-0.3092547
-0.2785566
-0.2563735
-0.2269696
-0.1958905
-0.1794236
-0.1840529
-0.1991023
-0.2077969
-0.2028330
-0.1907963
-0.1833039
-0.1851342
-0.1902140
-0.1882157
-0.1755355
-0.1602150
-0.1548455
-0.1633742
-0.1756841
-0.1767297
-0.1609642
-0.1367396
-0.1168052
-0.1060706
-0.0994497
-0.0905702
-0.0804451
-0.0759900
-0.0803789
-0.0873231
-0.0871050
-0.0775964
-0.0666447
-0.0626019
-0.0644115
-0.0629365
-0.0515476
-0.0336531
-0.0189803
-0.0129240
-0.0106825
-0.0028613
0.0135405
0.0316873
0.0435940
0.0505192
0.0618831
0.0836654
0.1105157
0.1312744
0.1414007
0.1478558
0.1608849
0.1820997
0.2027581
0.2148330
0.2220964
0.2372039
0.2671088
0.3039908
0.3327841
0.3462556
0.3499715
0.3525790
0.3541262
0.3460828
0.3222875
0.2877353
0.2548035
0.2307391
0.2105254
0.1835065
0.1460818
0.1056479
0.0719058
0.0466861
0.0238947
-0.0017903
-0.0282405
-0.0483136
-0.0581631
-0.0622522
-0.0693619
-0.0835241
-0.0999884
-0.1110811
-0.1150686
-0.1175302
-0.1242495
-0.1347163
-0.1434253
-0.1463389
-0.1448286
-0.1434205
-0.1446975
-0.1474579
-0.1501270
-0.1544566
-0.1634089
-0.1749992
-0.1809379
-0.1739110
-0.1556602
-0.1359517
-0.1234447
-0.1187918
-0.1167284
-0.1134359
-0.1105898
-0.1121240
-0.1180881
-0.1234511
-0.1239308
-0.1216454
-0.1226833
-0.1290951
-0.1358157
-0.1369536
-0.1336270
-0.1335387
-0.1426292
-0.1581089
-0.1703756
-0.1720870
-0.1653075
-0.1591784
-0.1605159
-0.1679905
-0.1762805
-0.1839296
-0.1942067
-0.2083055
-0.2207247
-0.2235882
-0.2151538
-0.2027368
-0.1964851
-0.2000456
-0.2076250
-0.2107571
-0.2075593
-0.2039876
-0.2059405
-0.2122099
-0.2165765
-0.2152880
-0.2102490
-0.2050797
-0.2000352
-0.1920053
-0.1794130
-0.1664275
-0.1609979
-0.1672581
-0.1800108
-0.1884143
-0.1859289
-0.1758133
-0.1666451
-0.1638713
-0.1665519
-0.1710426
-0.1759826
-0.1829787
-0.1927450
-0.2017081
-0.2042844
-0.1994437
-0.1934582
-0.1939928
-0.2018304
-0.2104588
-0.2139822
-0.2134830
-0.2146761
-0.2205803
-0.2278670
-0.2304988
-0.2263815
-0.2196977
-0.2160822
-0.2160496
-0.2147693
-0.2086338
-0.2002033
-0.1953429
-0.1964563
-0.1995237
-0.1968725
-0.1823462
-0.1558249
-0.1247358
-0.0998561
-0.0866155
-0.0796484
-0.0675011
-0.0438299
-0.0127001
0.0199514
0.0617115
0.1384004
0.2780270
0.4860641
0.7369708
0.9904222
1.2106560
1.3638861
1.4020687
1.2689176
0.9433063
0.4845304
0.0253966
-0.2979562
-0.4274294
-0.4071162
-0.3324475
-0.2745226
-0.2461951
-0.2268456
-0.2041308
-0.1862117
-0.1828554
-0.1886266
-0.1893678
-0.1797175
-0.1685019
-0.1672048
-0.1766794
-0.1868777
-0.1882254
-0.1808395
-0.1719384
-0.1663752
-0.1621826
-0.1547178
-0.1422577
-0.1268481
-0.1120613
-0.1011779
-0.0957151
-0.0941327
-0.0929783
-0.0904111
-0.0877246
-0.0865338
-0.0854203
-0.0805798
-0.0697664
-0.0552213
-0.0425259
-0.0358667
-0.0337970
-0.0303847
-0.0214311
-0.0086969
0.0031949
0.0129599
0.0238502
0.0390793
0.0578985
0.0763753
0.0908798
0.1008731
0.1092087
0.1194228
0.1319652
0.1437042
0.1519918
0.1583695
0.1669989
0.1798375
0.1944513
0.2066964
0.2154971
0.2254133
0.2438561
0.2738457
0.3090803
0.3380136
0.3538513
0.3593875
0.3615884
0.3632474
0.3610704
0.3504122
0.3302131
0.3036711
0.2751196
0.2465552
0.2174912
0.1883044
0.1624105
0.1436146
0.1318983
0.1233547
0.1138492
0.1013747
0.0857408
0.0682661
0.0517835
0.0388819
0.0294776
0.0211838
0.0122816
0.0035243
-0.0029518
-0.0060067
-0.0071885
-0.0102352
-0.0177548
-0.0279570
-0.0362239
-0.0407365
-0.0447219
-0.0516689
-0.0599425
-0.0643519
-0.0627463
-0.0595389
-0.0621568
-0.0736079
-0.0877397
-0.0925472
-0.0805387
-0.0567224
-0.0348149
-0.0246425
-0.0241296
-0.0236569
-0.0166325
-0.0053201
0.0022082
0.0001037
-0.0094660
-0.0183963
-0.0211295
-0.0203347
-0.0228688
-0.0310480
-0.0400220
-0.0435488
-0.0404244
-0.0351006
-0.0335174
-0.0385267
-0.0482568
-0.0586607
-0.0677928
-0.0768383
-0.0868918
-0.0965759
-0.1037947
-0.1080004
-0.1094220
-0.1079998
-0.1049521
-0.1037442
-0.1070957
-0.1136551
-0.1195395
-0.1229928
-0.1262107
-0.1324396
-0.1418212
-0.1504054
-0.1540341
-0.1536532
-0.1549206
-0.1602017
-0.1623625
-0.1505441
-0.1230104
-0.0912433
-0.0696151
-0.0625774
-0.0628621
-0.0604884
-0.0522511
-0.0433092
-0.0405928
-0.0450751
-0.0512518
-0.0542438
-0.0553594
-0.0591246
-0.0666624
-0.0744424
-0.0786746
-0.0788124
-0.0774255
-0.0784693
-0.0847987
-0.0952759
-0.1047170
-0.1084881
-0.1072249
-0.1061677
-0.1100413
-0.1185691
-0.1259204
-0.1249177
-0.1141761
-0.1015982
-0.0981567
-0.1068823
-0.1201074
-0.1287692
-0.1319782
-0.1352798
-0.1410178
-0.1430382
-0.1317092
-0.1040359
-0.0684180
-0.0379204
-0.0179447
-0.0025459
0.0153446
0.0332059
0.0429860
0.0445152
0.0490187
0.0675513
0.1005934
0.1432792
0.1998407
0.2890788
0.4325374
0.6352675
0.8762635
1.1145309
1.2997043
1.3760758
1.2888216
1.0101659
0.5772364
0.1013542
-0.2788454
-0.4738320
-0.4882247
-0.4000286
-0.2974328
-0.2272092
-0.1890464
-0.1652146
-0.1478330
-0.1396217
-0.1392992
-0.1372037
-0.1260016
-0.1085434
-0.0918742
-0.0779727
-0.0642351
-0.0504494
-0.0409943
-0.0396541
-0.0439750
-0.0459240
-0.0392228
-0.0265377
-0.0177596
-0.0196127
-0.0286373
-0.0363937
-0.0393764
-0.0406068
-0.0431563
-0.0462103
-0.0473514
-0.0453799
-0.0405063
-0.0341306
-0.0286536
-0.0257544
-0.0247036
-0.0231538
-0.0190091
-0.0113805
-0.0014436
0.0075149
0.0137919
0.0218409
0.0396466
0.0695341
0.1045564
0.1363039
0.1636494
0.1910950
0.2204480
0.2471836
0.2651080
0.2737509
0.2811427
0.2979330
0.3265351
0.3569720
0.3764121
0.3824488
0.3841170
0.3905767
0.4024456
0.4140202
0.4199816
0.4190286
0.4139582
0.4091433
0.4059508
0.4004240
0.3870129
0.3640249
0.3341150
0.3011152
0.2683836
0.2383114
0.2108416
0.1839346
0.1575319
0.1349293
0.1178188
0.1022388
0.0825088
0.0580645
0.0344716
0.0189136
0.0154082
0.0217436
0.0297519
0.0315293
0.0272087
0.0241976
0.0275776
0.0340991
0.0368477
0.0328487
0.0246644
0.0170446
0.0130371
0.0112493
0.0068636
-0.0021781
-0.0107561
-0.0118506
-0.0058559
-0.0008829
-0.0037449
-0.0139513
-0.0263933
-0.0366509
-0.0437842
-0.0506697
-0.0610309
-0.0738749
-0.0825364
-0.0821300
-0.0762868
-0.0736178
-0.0791799
-0.0916688
-0.1060581
-0.1156977
-0.1146579
-0.1022367
-0.0840282
-0.0660524
-0.0495742
-0.0334452
-0.0187353
-0.0086645
-0.0060343
-0.0119215
-0.0242372
-0.0371818
-0.0460171
-0.0529448
-0.0636630
-0.0772846
-0.0851468
-0.0818867
-0.0731871
-0.0698476
-0.0770132
-0.0905878
-0.1017372
-0.1047319
-0.1029242
-0.1060285
-0.1184877
-0.1326396
-0.1376694
-0.1331561
-0.1285987
-0.1312212
-0.1396963
-0.1488697
-0.1555493
-0.1601380
-0.1664830
-0.1788854
-0.1956552
-0.2072746
-0.2042479
-0.1851885
-0.1555407
-0.1222375
-0.0920987
-0.0705420
-0.0577162
-0.0493261
-0.0440469
-0.0458594
-0.0564546
-0.0703664
-0.0809536
-0.0869632
-0.0907312
-0.0944541
-0.1002532
-0.1090338
-0.1174765
-0.1210684
-0.1214295
-0.1254505
-0.1359460
-0.1479908
-0.1551153
-0.1547821
-0.1486892
-0.1427052
-0.1445167
-0.1551427
-0.1648912
-0.1645318
-0.1581651
-0.1574238
-0.1648371
-0.1711286
-0.1684985
-0.1594887
-0.1523108
-0.1519093
-0.1547352
-0.1497633
-0.1282267
-0.0947942
-0.0634811
-0.0397448
-0.0141345
0.0232185
0.0724986
0.1354598
0.2264050
0.3608506
0.5374464
0.7374602
0.9349928
1.0975484
1.1787279
1.1214844
0.8825257
0.4720884
-0.0175897
-0.4360559
-0.6587140
-0.6676824
-0.5498284
-0.4157714
-0.3251367
-0.2782376
-0.2522820
-0.2322257
-0.2177401
-0.2134163
-0.2154595
-0.2116045
-0.1971497
-0.1827337
-0.1778353
-0.1757290
-0.1665989
-0.1563900
-0.1576053
-0.1680111
-0.1733392
-0.1660355
-0.1487184
-0.1256257
-0.1028954
-0.0898256
-0.0878860
-0.0861459
-0.0774802
-0.0693574
-0.0697206
-0.0748607
-0.0800524
-0.0873053
-0.0940259
-0.0914736
-0.0833738
-0.0863394
-0.1022752
-0.1116511
-0.1037993
-0.0910403
-0.0834746
-0.0745463
-0.0606902
-0.0490756
-0.0380150
-0.0176566
0.0050034
0.0140609
0.0198532
0.0474678
0.0886874
0.1113590
0.1184571
0.1431433
0.1815211
0.1964760
0.1976469
0.2368026
0.2980268
0.2818414
0.1497004
