1.0298454
0.8026841
0.4559613
0.0521491
-0.3100334
-0.5441862
-0.6246117
-0.5921247
-0.5140863
-0.4373605
-0.3732754
-0.3160615
-0.2648878
-0.2261781
-0.2023259
-0.1871608
-0.1741938
-0.1643605
-0.1617525
-0.1638908
-0.1612807
-0.1481517
-0.1303981
-0.1196168
-0.1200678
-0.1245770
-0.1239383
-0.1175087
-0.1121417
-0.1121522
-0.1138786
-0.1111831
-0.1035956
-0.0961979
-0.0922124
-0.0889579
-0.0825792
-0.0744988
-0.0700643
-0.0707217
-0.0704202
-0.0619158
-0.0455437
-0.0291581
-0.0187394
-0.0110277
0.0026316
0.0256638
0.0515892
0.0710000
0.0821682
0.0931298
0.1130450
0.1427449
0.1747860
0.2021919
0.2255223
0.2505641
0.2800740
0.3096703
0.3328507
0.3493096
0.3665323
0.3919720
0.4240506
0.4523478
0.4675181
0.4702368
0.4689783
0.4689965
0.4653530
0.4485294
0.4163936
0.3783196
0.3460099
0.3212377
0.2947573
0.2577911
0.2127224
0.1705626
0.1384897
0.1124399
0.0833760
0.0493408
0.0187090
0.0008237
-0.0049443
-0.0091816
-0.0217026
-0.0420667
-0.0611630
-0.0712268
-0.0731374
-0.0738665
-0.0780043
-0.0831003
-0.0835354
-0.0780025
-0.0718888
-0.0716190
-0.0770438
-0.0806409
-0.0753891
-0.0633860
-0.0552788
-0.0597815
-0.0738728
-0.0847578
-0.0824621
-0.0700078
-0.0602555
-0.0628317
-0.0751744
-0.0867815
-0.0910519
-0.0912754
-0.0948204
-0.1033113
-0.1106724
-0.1109924
-0.1063600
-0.1051399
-0.1128082
-0.1262186
-0.1377725
-0.1441466
-0.1491684
-0.1577775
-0.1687478
-0.1752589
-0.1728667
-0.1652699
-0.1605945
-0.1622169
-0.1649193
-0.1610750
-0.1497958
-0.1385340
-0.1353571
-0.1405410
-0.1465127
-0.1458141
-0.1384475
-0.1313135
-0.1311046
-0.1383677
-0.1482696
-0.1561548
-0.1615466
-0.1668805
-0.1732277
-0.1781473
-0.1781785
-0.1733936
-0.1688883
-0.1708479
-0.1806616
-0.1934018
-0.2028116
-0.2075522
-0.2115267
-0.2177882
-0.2234144
-0.2220364
-0.2115896
-0.1980022
-0.1896660
-0.1884791
-0.1879943
-0.1812242
-0.1688307
-0.1574478
-0.1498349
-0.1389169
-0.1130713
-0.0657940
0.0026385
0.0932139
0.2143175
0.3757439
0.5752233
0.7916045
0.9907194
1.1348819
1.1855955
1.1042291
0.8656698
0.4862600
0.0417379
-0.3531621
-0.6009330
-0.6736399
-0.6194128
-0.5196755
-0.4350158
-0.3814050
-0.3451322
-0.3112653
-0.2777921
-0.2504723
-0.2326323
-0.2222420
-0.2154031
-0.2093891
-0.2030360
-0.1967986
-0.1928756
-0.1932170
-0.1959818
-0.1950506
-0.1851142
-0.1678807
-0.1520606
-0.1457359
-0.1484033
-0.1512926
-0.1461946
-0.1337106
-0.1220923
-0.1179159
-0.1187310
-0.1156130
-0.1027512
-0.0837358
-0.0678660
-0.0603715
-0.0568328
-0.0477601
-0.0285889
-0.0043978
0.0158331
0.0292153
0.0422576
0.0638801
0.0957115
0.1299585
0.1569457
0.1744965
0.1897985
0.2122360
0.2446857
0.2819021
0.3168967
0.3479310
0.3787881
0.4129069
0.4485649
0.4804607
0.5055088
0.5260085
0.5463976
0.5670678
0.5823653
0.5856152
0.5759953
0.5594375
0.5421536
0.5238422
0.4981799
0.4601230
0.4121491
0.3628802
0.3195685
0.2820756
0.2443207
0.2016493
0.1566346
0.1173728
0.0899021
0.0723023
0.0563669
0.0353200
0.0101438
-0.0117988
-0.0248341
-0.0316537
-0.0410404
-0.0581784
-0.0779178
-0.0892769
-0.0871893
-0.0786548
-0.0759984
-0.0842353
-0.0963291
-0.1015307
-0.0974931
-0.0926213
-0.0960438
-0.1066486
-0.1138218
-0.1091682
-0.0959275
-0.0856375
-0.0861933
-0.0945911
-0.1015136
-0.1017101
-0.0987793
-0.1000577
-0.1080037
-0.1174559
-0.1211807
-0.1173079
-0.1109298
-0.1089209
-0.1137964
-0.1222950
-0.1290664
-0.1315863
-0.1321870
-0.1356259
-0.1440968
-0.1541764
-0.1591424
-0.1550098
-0.1442696
-0.1331308
-0.1249249
-0.1168275
-0.1038536
-0.0860689
-0.0706633
-0.0654386
-0.0700704
-0.0751924
-0.0714301
-0.0591191
-0.0480430
-0.0473585
-0.0565813
-0.0670068
-0.0714153
-0.0712555
-0.0736729
-0.0820136
-0.0907857
-0.0913412
-0.0823559
-0.0730951
-0.0750182
-0.0903805
-0.1100859
-0.1229771
-0.1264549
-0.1272788
-0.1323388
-0.1400774
-0.1422788
-0.1339918
-0.1197661
-0.1086713
-0.1041815
-0.1012960
-0.0940471
-0.0833445
-0.0748105
-0.0692195
-0.0577918
-0.0286872
0.0230642
0.0946113
0.1845778
0.3002283
0.4514812
0.6365737
0.8347676
1.0127246
1.1346292
1.1649261
1.0689055
0.8261361
0.4567620
0.0362879
-0.3266456
-0.5441554
-0.5961198
-0.5327041
-0.4320983
-0.3503683
-0.3012950
-0.2714927
-0.2462031
-0.2215449
-0.2006709
-0.1861845
-0.1776120
-0.1728469
-0.1697669
-0.1673225
-0.1664410
-0.1693743
-0.1766553
-0.1844355
-0.1863141
-0.1792992
-0.1676947
-0.1594784
-0.1580291
-0.1584075
-0.1529540
-0.1400747
-0.1261441
-0.1185131
-0.1176699
-0.1169222
-0.1093640
-0.0946416
-0.0789441
-0.0685923
-0.0637313
-0.0584159
-0.0468487
-0.0291061
-0.0104208
0.0047117
0.0169066
0.0303252
0.0475762
0.0671294
0.0861354
0.1051585
0.1287075
0.1601092
0.1965448
0.2309161
0.2594035
0.2862342
0.3197983
0.3639709
0.4137002
0.4591073
0.4936683
0.5185995
0.5398337
0.5612700
0.5813027
0.5957029
0.6027846
0.6044934
0.6023209
0.5933623
0.5717835
0.5348362
0.4872931
0.4391123
0.3975430
0.3610582
0.3218415
0.2751129
0.2255377
0.1832621
0.1534815
0.1310056
0.1059348
0.0742989
0.0420820
0.0182586
0.0045432
-0.0064355
-0.0219508
-0.0394619
-0.0485600
-0.0435161
-0.0319935
-0.0287954
-0.0406312
-0.0587202
-0.0677568
-0.0618470
-0.0504435
-0.0480475
-0.0587927
-0.0723928
-0.0754129
-0.0651662
-0.0514559
-0.0457368
-0.0506806
-0.0605494
-0.0694055
-0.0766857
-0.0849744
-0.0944659
-0.1015278
-0.1030860
-0.1013063
-0.1023648
-0.1100408
-0.1215299
-0.1307413
-0.1353554
-0.1391489
-0.1466706
-0.1565457
-0.1616332
-0.1567976
-0.1461967
-0.1412373
-0.1496389
-0.1666143
-0.1786496
-0.1770263
-0.1664544
-0.1589032
-0.1596171
-0.1614180
-0.1537467
-0.1359306
-0.1194088
-0.1161172
-0.1258531
-0.1368373
-0.1389290
-0.1343963
-0.1339633
-0.1432396
-0.1557890
-0.1606103
-0.1545961
-0.1454859
-0.1427043
-0.1471892
-0.1516620
-0.1505745
-0.1479176
-0.1531874
-0.1693351
-0.1867285
-0.1913989
-0.1794777
-0.1617900
-0.1531004
-0.1575523
-0.1658273
-0.1663060
-0.1572127
-0.1463026
-0.1395033
-0.1330637
-0.1191571
-0.0972999
-0.0757207
-0.0598652
-0.0429455
-0.0112698
0.0429448
0.1189258
0.2181266
0.3516976
0.5300628
0.7430192
0.9530886
1.1109005
1.1759132
1.1220988
0.9324430
0.6052803
0.1788429
-0.2549619
-0.5810151
-0.7260885
-0.7044011
-0.5995365
-0.4981127
-0.4356148
-0.3973748
-0.3598153
-0.3222086
-0.3002370
-0.2994695
-0.3053269
-0.3000368
-0.2827776
-0.2681420
-0.2671235
-0.2750876
-0.2795321
-0.2754615
-0.2693314
-0.2686952
-0.2717156
-0.2692860
-0.2565639
-0.2395555
-0.2286301
-0.2268449
-0.2273140
-0.2224957
-0.2133896
-0.2071677
-0.2066977
-0.2054683
-0.1944611
-0.1728821
-0.1499816
-0.1354563
-0.1292130
-0.1223014
-0.1077785
-0.0881980
-0.0706493
-0.0562494
-0.0380799
-0.0101767
0.0243895
0.0567208
0.0822203
0.1051053
0.1326005
0.1666520
0.2029587
0.2374125
0.2711015
0.3075828
0.3466658
0.3836173
0.4148981
0.4419925
0.4675699
0.4896806
0.5030605
0.5064841
0.5058482
0.5075983
0.5098082
0.5021174
0.4758200
0.4333471
0.3862988
0.3438627
0.3047872
0.2620532
0.2138774
0.1669881
0.1285204
0.0976302
0.0674695
0.0340805
0.0005335
-0.0279512
-0.0505094
-0.0704403
-0.0894142
-0.1043397
-0.1114038
-0.1121009
-0.1129295
-0.1185867
-0.1274585
-0.1352153
-0.1410047
-0.1473537
-0.1544985
-0.1581718
-0.1547055
-0.1465756
-0.1406485
-0.1410093
-0.1450546
-0.1472999
-0.1460353
-0.1447653
-0.1468921
-0.1506133
-0.1508091
-0.1454826
-0.1381903
-0.1335433
-0.1323132
-0.1323730
-0.1327978
-0.1345605
-0.1373461
-0.1380197
-0.1336451
-0.1253610
-0.1180385
-0.1157340
-0.1180454
-0.1216081
-0.1247407
-0.1290004
-0.1353914
-0.1407919
-0.1404992
-0.1339920
-0.1256615
-0.1190134
-0.1123230
-0.1020405
-0.0896396
-0.0826215
-0.0873117
-0.1010664
-0.1130029
-0.1137076
-0.1044446
-0.0960712
-0.0985672
-0.1121701
-0.1286266
-0.1394957
-0.1422690
-0.1399991
-0.1373298
-0.1371337
-0.1395242
-0.1432657
-0.1481937
-0.1559365
-0.1677343
-0.1818897
-0.1942218
-0.2013141
-0.2031695
-0.2027726
-0.2032041
-0.2051231
-0.2070736
-0.2080382
-0.2087021
-0.2094912
-0.2085329
-0.2034194
-0.1945904
-0.1845596
-0.1730466
-0.1551029
-0.1258638
-0.0855037
-0.0359449
0.0289343
0.1276181
0.2806042
0.4908178
0.7319254
0.9562828
1.1149429
1.1706605
1.0970393
0.8785012
0.5259738
0.0973134
-0.3076113
-0.5898109
-0.7049934
-0.6835640
-0.5991353
-0.5141985
-0.4499091
-0.3985873
-0.3538255
-0.3218648
-0.3082185
-0.3048566
-0.2973515
-0.2810596
-0.2638135
-0.2529520
-0.2456646
-0.2350438
-0.2216995
-0.2138165
-0.2151954
-0.2178872
-0.2106755
-0.1934428
-0.1783060
-0.1748451
-0.1781255
-0.1752263
-0.1615669
-0.1456018
-0.1366824
-0.1330088
-0.1248512
-0.1073052
-0.0858217
-0.0688412
-0.0580461
-0.0480418
-0.0344682
-0.0193756
-0.0070799
0.0033941
0.0185700
0.0428191
0.0730506
0.1026223
0.1286272
0.1532458
0.1792874
0.2073250
0.2374604
0.2714065
0.3109749
0.3548660
0.3982510
0.4364205
0.4688606
0.4989353
0.5291249
0.5577484
0.5817388
0.6015527
0.6206093
0.6394269
0.6528679
0.6548672
0.6444370
0.6251705
0.5995711
0.5660986
0.5227424
0.4724393
0.4230138
0.3804822
0.3430336
0.3035229
0.2582773
0.2112528
0.1681229
0.1287036
0.0885943
0.0477017
0.0132669
-0.0075555
-0.0164568
-0.0232455
-0.0364657
-0.0560170
-0.0755322
-0.0907773
-0.1033745
-0.1153959
-0.1231191
-0.1204217
-0.1088595
-0.1001993
-0.1055483
-0.1232177
-0.1401296
-0.1450426
-0.1383247
-0.1287375
-0.1232006
-0.1216882
-0.1212078
-0.1215347
-0.1243577
-0.1277122
-0.1254791
-0.1150907
-0.1032961
-0.1000366
-0.1065024
-0.1129153
-0.1096919
-0.0983354
-0.0892007
-0.0898185
-0.0976420
-0.1042509
-0.1048874
-0.1024932
-0.1026071
-0.1060479
-0.1083801
-0.1060763
-0.1006432
-0.0955815
-0.0913748
-0.0855317
-0.0765374
-0.0657731
-0.0558788
-0.0487653
-0.0451100
-0.0445186
-0.0458747
-0.0479976
-0.0500920
-0.0519902
-0.0549255
-0.0617912
-0.0746828
-0.0911620
-0.1042994
-0.1080388
-0.1027217
-0.0951621
-0.0934586
-0.1010925
-0.1148074
-0.1281599
-0.1380096
-0.1472108
-0.1598496
-0.1745983
-0.1849695
-0.1865645
-0.1823494
-0.1797798
-0.1833568
-0.1904018
-0.1937750
-0.1887765
-0.1775477
-0.1661094
-0.1570135
-0.1464738
-0.1296031
-0.1064614
-0.0803951
-0.0505757
-0.0077001
0.0629948
0.1749395
0.3342397
0.5359767
0.7624708
0.9827774
1.1535982
1.2246405
1.1521563
0.9186509
0.5492400
0.1138625
-0.2903049
-0.5737757
-0.6932122
-0.6699236
-0.5717996
-0.4690586
-0.3972121
-0.3531905
-0.3194013
-0.2883061
-0.2664136
-0.2602733
-0.2639243
-0.2628531
-0.2494539
-0.2310388
-0.2204829
-0.2211594
-0.2243144
-0.2206003
-0.2107749
-0.2038596
-0.2064684
-0.2151333
-0.2188828
-0.2095045
-0.1897190
-0.1707871
-0.1617459
-0.1618944
-0.1639290
-0.1622284
-0.1564032
-0.1483585
-0.1385651
-0.1257204
-0.1091560
-0.0910911
-0.0757402
-0.0649283
-0.0550143
-0.0403323
-0.0200709
0.0005869
0.0173224
0.0327492
0.0539030
0.0844323
0.1204484
0.1540984
0.1813278
0.2064881
0.2383233
0.2800759
0.3245194
0.3608661
0.3862316
0.4082211
0.4363175
0.4726542
0.5111210
0.5432164
0.5639300
0.5733107
0.5736132
0.5656804
0.5490725
0.5253210
0.4983119
0.4697655
0.4363597
0.3938049
0.3429171
0.2896728
0.2397854
0.1947403
0.1526367
0.1115515
0.0721353
0.0373101
0.0090311
-0.0141717
-0.0350254
-0.0535931
-0.0681687
-0.0800895
-0.0940719
-0.1118374
-0.1278598
-0.1342052
-0.1292870
-0.1204964
-0.1178899
-0.1249747
-0.1352764
-0.1388969
-0.1333853
-0.1265976
-0.1270303
-0.1331997
-0.1358167
-0.1296763
-0.1197359
-0.1147718
-0.1177873
-0.1240085
-0.1269292
-0.1251518
-0.1231572
-0.1251535
-0.1289675
-0.1283254
-0.1215467
-0.1147245
-0.1141376
-0.1181063
-0.1195122
-0.1151953
-0.1099371
-0.1110159
-0.1202467
-0.1315272
-0.1362797
-0.1323115
-0.1268158
-0.1284566
-0.1367529
-0.1424759
-0.1392442
-0.1312141
-0.1270757
-0.1286514
-0.1281464
-0.1167802
-0.0955181
-0.0768483
-0.0741234
-0.0875386
-0.1025946
-0.1053220
-0.0975277
-0.0932514
-0.1009733
-0.1139197
-0.1191054
-0.1124482
-0.1025830
-0.1008797
-0.1093619
-0.1193180
-0.1222808
-0.1207662
-0.1246996
-0.1372057
-0.1492167
-0.1513446
-0.1468045
-0.1472820
-0.1576552
-0.1700021
-0.1735452
-0.1672686
-0.1606802
-0.1624222
-0.1693631
-0.1692368
-0.1555669
-0.1369903
-0.1270688
-0.1260440
-0.1188687
-0.0923037
-0.0471431
0.0109465
0.0881876
0.2033649
0.3698645
0.5784081
0.7978213
0.9909624
1.1262212
1.1711464
1.0824518
0.8225541
0.4048507
-0.0771577
-0.4828635
-0.7056353
-0.7342705
-0.6435862
-0.5289887
-0.4445562
-0.3905794
-0.3465140
-0.3065474
-0.2817686
-0.2765684
-0.2766372
-0.2652857
-0.2438340
-0.2280258
-0.2272103
-0.2339377
-0.2340783
-0.2226802
-0.2085379
-0.2043026
-0.2121020
-0.2197123
-0.2132568
-0.1928697
-0.1720030
-0.1617265
-0.1607434
-0.1613414
-0.1592351
-0.1548346
-0.1490189
-0.1408715
-0.1281898
-0.1098762
-0.0894973
-0.0745163
-0.0680579
-0.0630928
-0.0497494
-0.0274615
-0.0048409
0.0119888
0.0261203
0.0451044
0.0734544
0.1095006
0.1465867
0.1785158
0.2062508
0.2369089
0.2739677
0.3124700
0.3470428
0.3797656
0.4153952
0.4529915
0.4875309
0.5168012
0.5421615
0.5649040
0.5851485
0.6017886
0.6116467
0.6121510
0.6056898
0.5963267
0.5815306
0.5536607
0.5112694
0.4623007
0.4140821
0.3665821
0.3174844
0.2675630
0.2190209
0.1739792
0.1354444
0.1043785
0.0762809
0.0466097
0.0181467
-0.0037120
-0.0208161
-0.0395963
-0.0603251
-0.0768411
-0.0854555
-0.0873738
-0.0850287
-0.0826048
-0.0861040
-0.0958286
-0.1036044
-0.1043815
-0.1042769
-0.1094158
-0.1142757
-0.1105493
-0.1010402
-0.0953373
-0.0971551
-0.1034779
-0.1101487
-0.1126949
-0.1094789
-0.1080159
-0.1173992
-0.1310345
-0.1312563
-0.1160122
-0.1044952
-0.1094256
-0.1207357
-0.1246173
-0.1217271
-0.1184934
-0.1170309
-0.1202405
-0.1298137
-0.1354808
-0.1259715
-0.1117620
-0.1128485
-0.1246304
-0.1260012
-0.1200328
-0.1284216
-0.1441865
-0.1367239
-0.1113785
-0.1087211
-0.1254777
-0.0960906
0.0106937
