-0.1611690
-0.1624331
-0.1588633
-0.1546683
-0.1548147
-0.1598536
-0.1656152
-0.1683214
-0.1693163
-0.1736227
-0.1835317
-0.1946068
-0.1992603
-0.1944538
-0.1850600
-0.1791431
-0.1804890
-0.1864530
-0.1925681
-0.1976680
-0.2036944
-0.2115887
-0.2191781
-0.2234551
-0.2235776
-0.2205565
-0.2148328
-0.2059216
-0.1947605
-0.1847629
-0.1790416
-0.1771237
-0.1760722
-0.1750690
-0.1769945
-0.1838420
-0.1916368
-0.1927786
-0.1847453
-0.1746006
-0.1721139
-0.1782152
-0.1827825
-0.1756834
-0.1586284
-0.1433013
-0.1372838
-0.1342174
-0.1195426
-0.0839804
-0.0277905
0.0486045
0.1539680
0.3016135
0.4943701
0.7149735
0.9293251
1.0942467
1.1612808
1.0834234
0.8370988
0.4524075
0.0217689
-0.3354473
-0.5355705
-0.5729262
-0.5081894
-0.4167480
-0.3432867
-0.2945243
-0.2612243
-0.2382117
-0.2253697
-0.2193009
-0.2123418
-0.2004242
-0.1878223
-0.1817647
-0.1838193
-0.1886949
-0.1911005
-0.1915981
-0.1946741
-0.2021340
-0.2098487
-0.2111624
-0.2028747
-0.1879337
-0.1731391
-0.1645155
-0.1637970
-0.1678423
-0.1711250
-0.1699348
-0.1653357
-0.1619820
-0.1631786
-0.1667712
-0.1665400
-0.1583436
-0.1446672
-0.1322527
-0.1249277
-0.1195286
-0.1098062
-0.0941529
-0.0782106
-0.0689400
-0.0665528
-0.0634015
-0.0512670
-0.0293481
-0.0048807
0.0136171
0.0234204
0.0288162
0.0365778
0.0503948
0.0685343
0.0857855
0.0978883
0.1052333
0.1128768
0.1264230
0.1471377
0.1710574
0.1931680
0.2121031
0.2299930
0.2478720
0.2626901
0.2701417
0.2700945
0.2676828
0.2680280
0.2702293
0.2675005
0.2537050
0.2296866
0.2030271
0.1814729
0.1662590
0.1514058
0.1295228
0.0989582
0.0659897
0.0399641
0.0254620
0.0184839
0.0102687
-0.0047748
-0.0245826
-0.0424406
-0.0539230
-0.0606380
-0.0676508
-0.0780664
-0.0903102
-0.1000121
-0.1039442
-0.1024558
-0.0989178
-0.0970652
-0.0982699
-0.1007117
-0.1012133
-0.0983777
-0.0940889
-0.0915285
-0.0914229
-0.0906843
-0.0855165
-0.0759849
-0.0668004
-0.0628677
-0.0641187
-0.0653820
-0.0618451
-0.0546204
-0.0505256
-0.0558765
-0.0701171
-0.0855370
-0.0936659
-0.0925796
-0.0884079
-0.0897236
-0.1000053
-0.1149162
-0.1265796
-0.1307588
-0.1303877
-0.1322464
-0.1398915
-0.1496988
-0.1542436
-0.1500839
-0.1420941
-0.1393329
-0.1459915
-0.1566687
-0.1614201
-0.1558167
-0.1453967
-0.1395031
-0.1411075
-0.1437882
-0.1389391
-0.1248018
-0.1074804
-0.0939419
-0.0857829
-0.0801479
-0.0748949
-0.0709600
-0.0699197
-0.0710990
-0.0719958
-0.0704481
-0.0651397
-0.0547959
-0.0389331
-0.0194296
0.0019122
0.0307801
0.0848132
0.1862069
0.3454262
0.5504509
0.7711082
0.9709728
1.1119172
1.1502544
1.0416004
0.7672920
0.3671647
-0.0567494
-0.3839700
-0.5413788
-0.5398382
-0.4526162
-0.3571095
-0.2899329
-0.2458409
-0.2073531
-0.1694693
-0.1396105
-0.1230283
-0.1151574
-0.1081399
-0.1004136
-0.0968615
-0.1005802
-0.1074056
-0.1097266
-0.1044236
-0.0955836
-0.0896332
-0.0890585
-0.0913077
-0.0928308
-0.0929056
-0.0932630
-0.0948264
-0.0958165
-0.0932858
-0.0860363
-0.0756593
-0.0649652
-0.0558249
-0.0484002
-0.0418201
-0.0352043
-0.0282168
-0.0209130
-0.0130032
-0.0032206
0.0101324
0.0272543
0.0451709
0.0586408
0.0638795
0.0620114
0.0584172
0.0579350
0.0607870
0.0640467
0.0672020
0.0748414
0.0922098
0.1181697
0.1443022
0.1624240
0.1727253
0.1832547
0.2009939
0.2244559
0.2461207
0.2616432
0.2748453
0.2925323
0.3153587
0.3357383
0.3453873
0.3436829
0.3372463
0.3316068
0.3248795
0.3107597
0.2872866
0.2611559
0.2421441
0.2331844
0.2268497
0.2125063
0.1868920
0.1569295
0.1318980
0.1137215
0.0961020
0.0731225
0.0470317
0.0258037
0.0132125
0.0036287
-0.0113782
-0.0321496
-0.0495755
-0.0559834
-0.0552203
-0.0587080
-0.0713959
-0.0849884
-0.0877309
-0.0793987
-0.0727314
-0.0786658
-0.0930815
-0.1017471
-0.0979751
-0.0912609
-0.0956991
-0.1119477
-0.1249277
-0.1204443
-0.1010156
-0.0825938
-0.0770658
-0.0813568
-0.0842448
-0.0804975
-0.0751721
-0.0749720
-0.0791842
-0.0812509
-0.0775677
-0.0717595
-0.0697326
-0.0725731
-0.0759227
-0.0755461
-0.0718428
-0.0687277
-0.0692268
-0.0726437
-0.0753537
-0.0740009
-0.0686255
-0.0632430
-0.0626984
-0.0679210
-0.0744439
-0.0768098
-0.0748799
-0.0745145
-0.0805075
-0.0892715
-0.0907558
-0.0789713
-0.0593153
-0.0433119
-0.0362619
-0.0324414
-0.0232168
-0.0066271
0.0153530
0.0493182
0.1157297
0.2368947
0.4181398
0.6411144
0.8731666
1.0774259
1.2108213
1.2201477
1.0585454
0.7242364
0.2892043
-0.1196352
-0.3856749
-0.4671589
-0.4099010
-0.3017184
-0.2110290
-0.1581182
-0.1301369
-0.1118390
-0.1002110
-0.0977277
-0.1018846
-0.1055900
-0.1048755
-0.1020000
-0.1006970
-0.1011473
-0.1010751
-0.1000584
-0.1002367
-0.1024106
-0.1032937
-0.0983690
-0.0873857
-0.0756564
-0.0690632
-0.0683427
-0.0692281
-0.0679614
-0.0653047
-0.0643763
-0.0654280
-0.0643018
-0.0566542
-0.0431187
-0.0294675
-0.0214272
-0.0196074
-0.0196819
-0.0170643
-0.0105875
-0.0015364
0.0096968
0.0245347
0.0437096
0.0650970
0.0851185
0.1021372
0.1176336
0.1337253
0.1501746
0.1647819
0.1769245
0.1897438
0.2075239
0.2306042
0.2538966
0.2714948
0.2826518
0.2923405
0.3056118
0.3220549
0.3365721
0.3455345
0.3512255
0.3591755
0.3709442
0.3805275
0.3791207
0.3636059
0.3394522
0.3147045
0.2918485
0.2667328
0.2355164
0.2013388
0.1727051
0.1550628
0.1450217
0.1339722
0.1171492
0.0976885
0.0810551
0.0669764
0.0493250
0.0245921
-0.0015367
-0.0184434
-0.0217796
-0.0188676
-0.0215127
-0.0336832
-0.0477743
-0.0538445
-0.0514202
-0.0502234
-0.0587915
-0.0740904
-0.0842104
-0.0811956
-0.0696305
-0.0617275
-0.0647284
-0.0742971
-0.0803332
-0.0781260
-0.0726631
-0.0720430
-0.0779139
-0.0835528
-0.0812077
-0.0702879
-0.0579262
-0.0522294
-0.0556148
-0.0641180
-0.0718152
-0.0752531
-0.0743363
-0.0704883
-0.0650944
-0.0595204
-0.0553576
-0.0536527
-0.0541691
-0.0562154
-0.0601591
-0.0672281
-0.0773744
-0.0879745
-0.0955371
-0.0989532
-0.1007426
-0.1047130
-0.1121840
-0.1205498
-0.1257816
-0.1265159
-0.1256113
-0.1275329
-0.1341313
-0.1428593
-0.1489889
-0.1497849
-0.1469991
-0.1453755
-0.1482303
-0.1542389
-0.1590011
-0.1601132
-0.1601368
-0.1636708
-0.1714182
-0.1780103
-0.1766049
-0.1658728
-0.1520189
-0.1432919
-0.1422942
-0.1440837
-0.1421680
-0.1358654
-0.1308017
-0.1319278
-0.1369720
-0.1379727
-0.1297227
-0.1161959
-0.1075807
-0.1101571
-0.1193856
-0.1241897
-0.1185623
-0.1076677
-0.1009417
-0.0998526
-0.0951268
-0.0772431
-0.0469752
-0.0111571
0.0332658
0.1070352
0.2346960
0.4204446
0.6394462
0.8539302
1.0333911
1.1529031
1.1741764
1.0443237
0.7341800
0.2886096
-0.1676115
-0.4918954
-0.6107237
-0.5581425
-0.4346199
-0.3274752
-0.2633592
-0.2230217
-0.1861590
-0.1550322
-0.1415140
-0.1449188
-0.1504397
-0.1465141
-0.1368598
-0.1332674
-0.1400974
-0.1494556
-0.1510310
-0.1435013
-0.1347395
-0.1324612
-0.1369824
-0.1430786
-0.1466669
-0.1481253
-0.1499464
-0.1528869
-0.1548529
-0.1529098
-0.1462240
-0.1374803
-0.1312859
-0.1303282
-0.1326610
-0.1332511
-0.1287743
-0.1207876
-0.1136693
-0.1092912
-0.1043292
-0.0937429
-0.0771161
-0.0605522
-0.0510234
-0.0487249
-0.0460319
-0.0346996
-0.0137309
0.0103723
0.0308899
0.0478072
0.0672795
0.0943914
0.1268573
0.1565281
0.1774731
0.1919530
0.2073647
0.2273359
0.2472954
0.2600940
0.2654785
0.2721217
0.2888701
0.3143503
0.3368841
0.3457338
0.3415849
0.3343417
0.3308003
0.3268537
0.3134105
0.2883984
0.2599650
0.2371957
0.2199505
0.1999586
0.1713282
0.1376566
0.1076569
0.0851690
0.0657422
0.0434764
0.0191809
-0.0003128
-0.0105201
-0.0149000
-0.0212604
-0.0337126
-0.0490763
-0.0604283
-0.0631486
-0.0580899
-0.0504270
-0.0458924
-0.0469285
-0.0511053
-0.0532079
-0.0500078
-0.0439350
-0.0416838
-0.0480492
-0.0608285
-0.0727188
-0.0787896
-0.0811786
-0.0854943
-0.0934824
-0.1010511
-0.1037528
-0.1024824
-0.1023623
-0.1065346
-0.1125603
-0.1155866
-0.1143387
-0.1128502
-0.1159554
-0.1238344
-0.1318482
-0.1355453
-0.1349385
-0.1337014
-0.1350146
-0.1387438
-0.1422127
-0.1432321
-0.1425872
-0.1437092
-0.1493169
-0.1579261
-0.1642899
-0.1642989
-0.1595823
-0.1565055
-0.1599894
-0.1684572
-0.1755240
-0.1769825
-0.1754625
-0.1770977
-0.1835998
-0.1892418
-0.1870729
-0.1773866
-0.1681175
-0.1663599
-0.1709506
-0.1746908
-0.1732437
-0.1700905
-0.1718006
-0.1792539
-0.1853912
-0.1828083
-0.1728452
-0.1653005
-0.1683276
-0.1796590
-0.1890722
-0.1892353
-0.1829045
-0.1790375
-0.1825994
-0.1891198
-0.1895865
-0.1803674
-0.1676349
-0.1615639
-0.1664719
-0.1772900
-0.1855882
-0.1881356
-0.1890398
-0.1940078
-0.2033089
-0.2108146
-0.2102073
-0.2020995
-0.1942629
-0.1938631
-0.1996052
-0.2027956
-0.1969088
-0.1853681
-0.1785145
-0.1823070
-0.1907083
-0.1906706
-0.1755791
-0.1530977
-0.1380988
-0.1374636
-0.1434434
-0.1431362
-0.1329528
-0.1212571
-0.1169168
-0.1182412
-0.1153513
-0.1021740
-0.0831169
-0.0668479
-0.0554698
-0.0421279
-0.0183950
0.0198892
0.0764139
0.1610872
0.2872570
0.4592664
0.6632194
0.8692328
1.0385081
1.1261601
1.0848134
0.8820846
0.5301509
0.1025279
-0.2872232
-0.5399046
-0.6206849
-0.5673730
-0.4546904
-0.3471688
-0.2746012
-0.2364502
-0.2185247
-0.2062888
-0.1919307
-0.1769502
-0.1687825
-0.1716454
-0.1794170
-0.1794453
-0.1652386
-0.1446711
-0.1333841
-0.1390712
-0.1535990
-0.1621863
-0.1595236
-0.1543696
-0.1576756
-0.1687728
-0.1759047
-0.1698609
-0.1544795
-0.1423851
-0.1414264
-0.1469815
-0.1480838
-0.1400452
-0.1293536
-0.1254412
-0.1289014
-0.1298331
-0.1182600
-0.0948116
-0.0700709
-0.0539409
-0.0466357
-0.0400950
-0.0273528
-0.0096570
0.0058986
0.0150967
0.0216210
0.0327410
0.0509089
0.0709267
0.0853145
0.0913829
0.0928643
0.0956776
0.1028126
0.1129141
0.1230603
0.1324784
0.1434082
0.1584780
0.1776169
0.1976721
0.2148490
0.2276728
0.2380511
0.2491869
0.2614678
0.2704487
0.2705002
0.2614312
0.2501901
0.2440868
0.2423309
0.2359046
0.2168165
0.1869426
0.1566707
0.1345172
0.1188935
0.1011615
0.0765088
0.0499006
0.0300419
0.0189497
0.0101160
-0.0028225
-0.0181646
-0.0287676
-0.0316546
-0.0328607
-0.0416607
-0.0603894
-0.0809965
-0.0924560
-0.0914796
-0.0851432
-0.0828866
-0.0871905
-0.0930384
-0.0953921
-0.0950657
-0.0966000
-0.1015850
-0.1056287
-0.1027222
-0.0925316
-0.0823531
-0.0805268
-0.0878111
-0.0966136
-0.0995185
-0.0974743
-0.0981753
-0.1066874
-0.1191757
-0.1267803
-0.1254296
-0.1209586
-0.1235815
-0.1370541
-0.1542654
-0.1645814
-0.1649166
-0.1619151
-0.1630868
-0.1676089
-0.1672001
-0.1554576
-0.1351584
-0.1161197
-0.1062540
-0.1050252
-0.1057503
-0.1037877
-0.1012436
-0.1030602
-0.1097442
-0.1157923
-0.1155136
-0.1091512
-0.1024344
-0.1003786
-0.1021207
-0.1022502
-0.0971414
-0.0889679
-0.0823091
-0.0774337
-0.0691129
-0.0523438
-0.0259542
0.0126767
0.0752759
0.1805582
0.3411889
0.5522075
0.7911884
1.0252485
1.2122789
1.2960778
1.2136443
0.9297698
0.4821287
-0.0081504
-0.3888030
-0.5631584
-0.5430464
-0.4243824
-0.3099361
-0.2464241
-0.2206839
-0.2010626
-0.1753708
-0.1536596
-0.1463293
-0.1491982
-0.1503209
-0.1448364
-0.1382317
-0.1367346
-0.1388994
-0.1376014
-0.1279372
-0.1119245
-0.0966267
-0.0885430
-0.0889614
-0.0936828
-0.0971315
-0.0970879
-0.0957398
-0.0963353
-0.0987284
-0.0981942
-0.0894968
-0.0731735
-0.0571231
-0.0499710
-0.0524056
-0.0567950
-0.0561721
-0.0517777
-0.0499692
-0.0527515
-0.0539190
-0.0456091
-0.0275821
-0.0082627
0.0042593
0.0112418
0.0212268
0.0385764
0.0568459
0.0664682
0.0679608
0.0736299
0.0944850
0.1274535
0.1577008
0.1732816
0.1761418
0.1785254
0.1898536
0.2087278
0.2280319
0.2455234
0.2660559
0.2929483
0.3205881
0.3385053
0.3416565
0.3340310
0.3222467
0.3081452
0.2889677
0.2634949
0.2358438
0.2119207
0.1924613
0.1714782
0.1432462
0.1099201
0.0797893
0.0576824
0.0395444
0.0180199
-0.0080636
-0.0316473
-0.0447268
-0.0467565
-0.0456290
-0.0503786
-0.0628688
-0.0770965
-0.0867738
-0.0920753
-0.0973766
-0.1036126
-0.1059632
-0.1001663
-0.0893122
-0.0824563
-0.0860672
-0.0971785
-0.1057192
-0.1045815
-0.0972075
-0.0936163
-0.0986124
-0.1063032
-0.1079478
-0.1030747
-0.0997077
-0.1040714
-0.1132693
-0.1195692
-0.1202599
-0.1209502
-0.1282817
-0.1405565
-0.1481618
-0.1447684
-0.1361104
-0.1342988
-0.1436081
-0.1555865
-0.1597122
-0.1556655
-0.1519364
-0.1536690
-0.1555705
-0.1484511
-0.1314990
-0.1156762
-0.1131806
-0.1240656
-0.1360057
-0.1385807
-0.1349596
-0.1362478
-0.1461009
-0.1558241
-0.1557484
-0.1474820
-0.1417651
-0.1455394
-0.1542536
-0.1580604
-0.1539621
-0.1489319
-0.1498299
-0.1531737
-0.1494041
-0.1370001
-0.1265777
-0.1276537
-0.1355292
-0.1367116
-0.1258590
-0.1114680
-0.1030885
-0.0972370
-0.0801914
-0.0438388
0.0062910
0.0630651
0.1366561
0.2548275
0.4384599
0.6766372
0.9272434
1.1375335
1.2579205
1.2415513
1.0518825
0.6927464
0.2367888
-0.1881479
-0.4617757
-0.5402594
-0.4747927
-0.3636778
-0.2800321
-0.2366283
-0.2087530
-0.1785143
-0.1522920
-0.1436806
-0.1526141
-0.1655974
-0.1710937
-0.1695268
-0.1684955
-0.1709996
-0.1706924
-0.1598318
-0.1403859
-0.1236538
-0.1179029
-0.1197581
-0.1199804
-0.1148831
-0.1090138
-0.1081858
-0.1126394
-0.1166618
-0.1137883
-0.1032361
-0.0914105
-0.0853550
-0.0850034
-0.0846367
-0.0816214
-0.0795032
-0.0813556
-0.0841518
-0.0821960
-0.0738307
-0.0629175
-0.0548848
-0.0515719
-0.0486051
-0.0388477
-0.0205548
-0.0002979
0.0154613
0.0297095
0.0512771
0.0828803
0.1172971
0.1452492
0.1633294
0.1744656
0.1839732
0.1950756
0.2063789
0.2151378
0.2240563
0.2406930
0.2670152
0.2938866
0.3104215
0.3154580
0.3155486
0.3150541
0.3128008
0.3058850
0.2930232
0.2763063
0.2612026
0.2507291
0.2386190
0.2145740
0.1783979
0.1419565
0.1143651
0.0924049
0.0685021
0.0407422
0.0121827
-0.0120813
-0.0250983
-0.0240521
-0.0179323
-0.0197787
-0.0301631
-0.0390976
-0.0441946
-0.0528735
-0.0656081
-0.0733761
-0.0742878
-0.0751857
-0.0743351
-0.0642624
-0.0570506
-0.0805566
-0.1361847
