0.0587093
0.1639708
0.3197500
0.5085490
0.6993466
0.8659356
0.9862718
1.0235152
0.9209532
0.6369417
0.1997557
-0.2743031
-0.6340812
-0.7852298
-0.7441794
-0.6089541
-0.4777417
-0.3896767
-0.3305644
-0.2784528
-0.2334636
-0.2081136
-0.2031712
-0.2035579
-0.1963201
-0.1842902
-0.1782643
-0.1802495
-0.1805143
-0.1710675
-0.1564894
-0.1477793
-0.1479705
-0.1486828
-0.1417540
-0.1302473
-0.1243191
-0.1274366
-0.1309968
-0.1245204
-0.1085842
-0.0941425
-0.0891242
-0.0891226
-0.0836061
-0.0694750
-0.0547935
-0.0481827
-0.0474107
-0.0414861
-0.0234860
0.0018075
0.0243691
0.0406763
0.0560751
0.0759044
0.0979102
0.1160407
0.1302165
0.1486068
0.1786664
0.2178861
0.2558947
0.2855083
0.3095170
0.3357300
0.3672336
0.3997967
0.4285412
0.4545633
0.4832180
0.5168306
0.5512313
0.5800765
0.6012167
0.6174845
0.6315980
0.6417593
0.6430638
0.6327202
0.6129832
0.5887116
0.5624712
0.5324603
0.4952494
0.4502198
0.4009184
0.3519149
0.3047087
0.2574935
0.2093480
0.1639279
0.1275201
0.1026166
0.0841931
0.0638618
0.0381780
0.0118556
-0.0081002
-0.0207020
-0.0318821
-0.0468645
-0.0633199
-0.0738381
-0.0748667
-0.0712075
-0.0705640
-0.0749205
-0.0793817
-0.0796153
-0.0781234
-0.0810665
-0.0895462
-0.0967376
-0.0953245
-0.0866407
-0.0800963
-0.0828534
-0.0917475
-0.0972652
-0.0951195
-0.0915774
-0.0957821
-0.1078872
-0.1173542
-0.1142209
-0.1007694
-0.0900076
-0.0922743
-0.1048639
-0.1160166
-0.1181513
-0.1150605
-0.1155065
-0.1217684
-0.1270982
-0.1247508
-0.1171320
-0.1136417
-0.1197182
-0.1304066
-0.1363477
-0.1349712
-0.1332430
-0.1384872
-0.1484437
-0.1530475
-0.1464384
-0.1349845
-0.1311826
-0.1398876
-0.1528066
-0.1578653
-0.1525952
-0.1458931
-0.1463354
-0.1512275
-0.1495244
-0.1349894
-0.1138113
-0.0979200
-0.0925083
-0.0925701
-0.0913534
-0.0889338
-0.0900590
-0.0951924
-0.0977761
-0.0922340
-0.0823330
-0.0781015
-0.0840927
-0.0936838
-0.0973337
-0.0950669
-0.0972759
-0.1118853
-0.1332159
-0.1467954
-0.1453824
-0.1374931
-0.1380796
-0.1520067
-0.1693889
-0.1776267
-0.1754234
-0.1725294
-0.1766404
-0.1839500
-0.1844770
-0.1748625
-0.1626374
-0.1570853
-0.1584194
-0.1585344
-0.1516978
-0.1412044
-0.1336227
-0.1284023
-0.1165375
-0.0899776
-0.0489099
0.0039507
0.0759430
0.1869045
0.3541413
0.5721334
0.8054840
0.9996808
1.0979119
1.0532071
0.8393482
0.4684031
0.0072200
-0.4305404
-0.7293515
-0.8314292
-0.7659024
-0.6216307
-0.4851416
-0.3942028
-0.3388920
-0.2961180
-0.2578427
-0.2302542
-0.2164458
-0.2086958
-0.1980495
-0.1855374
-0.1793400
-0.1821524
-0.1858046
-0.1803413
-0.1660909
-0.1535828
-0.1514152
-0.1568169
-0.1598503
-0.1553871
-0.1480871
-0.1449810
-0.1456581
-0.1425029
-0.1304869
-0.1140875
-0.1025541
-0.0991539
-0.0974535
-0.0891836
-0.0741866
-0.0603503
-0.0534857
-0.0494057
-0.0381024
-0.0154444
0.0115103
0.0322118
0.0444789
0.0565704
0.0770954
0.1048902
0.1309396
0.1498519
0.1669059
0.1921329
0.2285803
0.2687206
0.3028499
0.3290080
0.3529793
0.3798035
0.4082728
0.4348012
0.4602506
0.4897054
0.5251078
0.5606628
0.5877029
0.6034121
0.6124767
0.6194950
0.6218003
0.6120745
0.5878059
0.5556991
0.5249926
0.4972533
0.4648288
0.4200340
0.3645722
0.3085933
0.2608980
0.2215545
0.1845818
0.1464232
0.1099672
0.0802020
0.0577895
0.0385622
0.0188488
-0.0007109
-0.0175895
-0.0321281
-0.0475354
-0.0645939
-0.0783036
-0.0821918
-0.0763440
-0.0693765
-0.0706783
-0.0808378
-0.0911870
-0.0933735
-0.0882325
-0.0840070
-0.0864935
-0.0929126
-0.0962091
-0.0937094
-0.0894568
-0.0882665
-0.0899774
-0.0912521
-0.0916281
-0.0946957
-0.1021704
-0.1090996
-0.1080470
-0.0983762
-0.0888136
-0.0886928
-0.0975713
-0.1059781
-0.1069127
-0.1041896
-0.1071136
-0.1178161
-0.1271787
-0.1251829
-0.1136042
-0.1053186
-0.1102207
-0.1241127
-0.1338026
-0.1324198
-0.1267967
-0.1284336
-0.1392917
-0.1495372
-0.1495423
-0.1412711
-0.1354356
-0.1385153
-0.1458918
-0.1491148
-0.1472484
-0.1472275
-0.1527396
-0.1567522
-0.1488237
-0.1289471
-0.1097898
-0.1028348
-0.1048728
-0.1023545
-0.0892294
-0.0759620
-0.0771574
-0.0920773
-0.1027738
-0.0939999
-0.0717634
-0.0576283
-0.0646452
-0.0831883
-0.0931638
-0.0873964
-0.0783578
-0.0816228
-0.0974505
-0.1124292
-0.1172273
-0.1173937
-0.1246422
-0.1410996
-0.1567048
-0.1620475
-0.1594751
-0.1586749
-0.1634184
-0.1669398
-0.1615085
-0.1494071
-0.1411024
-0.1428737
-0.1493142
-0.1499479
-0.1418823
-0.1330972
-0.1321109
-0.1360502
-0.1315400
-0.1082570
-0.0697279
-0.0277063
0.0154222
0.0766989
0.1814007
0.3391645
0.5307396
0.7179213
0.8634640
0.9373861
0.9062191
0.7299293
0.3894305
-0.0703312
-0.5295285
-0.8451888
-0.9363318
-0.8327667
-0.6442905
-0.4782252
-0.3771234
-0.3217664
-0.2791254
-0.2397973
-0.2145081
-0.2082482
-0.2084954
-0.1987903
-0.1771110
-0.1564261
-0.1488565
-0.1531654
-0.1584766
-0.1572661
-0.1518890
-0.1488239
-0.1494321
-0.1485582
-0.1416208
-0.1306388
-0.1217088
-0.1174948
-0.1144598
-0.1082717
-0.1000818
-0.0950669
-0.0947815
-0.0935200
-0.0842864
-0.0673805
-0.0504682
-0.0395564
-0.0322486
-0.0218969
-0.0067784
0.0084144
0.0208762
0.0358755
0.0611005
0.0957035
0.1289279
0.1514753
0.1659407
0.1832305
0.2095629
0.2404070
0.2682984
0.2934942
0.3234272
0.3622220
0.4044904
0.4414068
0.4707050
0.4976881
0.5268906
0.5561067
0.5802604
0.5988419
0.6163404
0.6353036
0.6517016
0.6587109
0.6534902
0.6380115
0.6138816
0.5795830
0.5347239
0.4850472
0.4396107
0.4018928
0.3659274
0.3234381
0.2739687
0.2255325
0.1849727
0.1503687
0.1151822
0.0785052
0.0476345
0.0290985
0.0195649
0.0087312
-0.0089608
-0.0284721
-0.0414556
-0.0470434
-0.0521783
-0.0615252
-0.0707399
-0.0721789
-0.0654542
-0.0588469
-0.0597418
-0.0664948
-0.0717800
-0.0722297
-0.0715547
-0.0738905
-0.0773807
-0.0770576
-0.0726984
-0.0701726
-0.0738505
-0.0804499
-0.0833053
-0.0818044
-0.0829886
-0.0922015
-0.1045770
-0.1091233
-0.1014582
-0.0897877
-0.0864067
-0.0945379
-0.1059157
-0.1112902
-0.1105844
-0.1108221
-0.1157911
-0.1212900
-0.1215661
-0.1176093
-0.1159850
-0.1199713
-0.1251840
-0.1258006
-0.1231128
-0.1246176
-0.1341093
-0.1454653
-0.1488482
-0.1423710
-0.1347657
-0.1353406
-0.1433772
-0.1499465
-0.1495345
-0.1465409
-0.1484368
-0.1546004
-0.1555392
-0.1440122
-0.1242632
-0.1076755
-0.1001309
-0.0967491
-0.0902211
-0.0815232
-0.0787394
-0.0852845
-0.0931378
-0.0909084
-0.0775202
-0.0644054
-0.0629068
-0.0719155
-0.0805049
-0.0818469
-0.0811207
-0.0880321
-0.1037016
-0.1183563
-0.1227074
-0.1191524
-0.1193240
-0.1309827
-0.1495715
-0.1636684
-0.1673080
-0.1650938
-0.1653397
-0.1701580
-0.1738501
-0.1705816
-0.1617130
-0.1541577
-0.1520851
-0.1523295
-0.1493400
-0.1434011
-0.1409161
-0.1449584
-0.1474948
-0.1346117
-0.1005507
-0.0533758
-0.0024894
0.0597560
0.1593268
0.3179259
0.5269025
0.7437973
0.9135814
0.9909899
0.9449170
0.7543581
0.4189795
-0.0154819
-0.4487931
-0.7627033
-0.8860735
-0.8355382
-0.6945383
-0.5498598
-0.4421704
-0.3666588
-0.3072236
-0.2610804
-0.2336835
-0.2222946
-0.2144615
-0.2021308
-0.1903121
-0.1880578
-0.1940263
-0.1959374
-0.1848437
-0.1661394
-0.1535627
-0.1536455
-0.1592859
-0.1592753
-0.1513641
-0.1433217
-0.1419441
-0.1442154
-0.1411229
-0.1289009
-0.1140294
-0.1062235
-0.1076216
-0.1104042
-0.1053576
-0.0917707
-0.0777583
-0.0707421
-0.0686338
-0.0614595
-0.0417434
-0.0124600
0.0159223
0.0359716
0.0500311
0.0662055
0.0886144
0.1132257
0.1339783
0.1516926
0.1746776
0.2096291
0.2532078
0.2943945
0.3253811
0.3488863
0.3739969
0.4057950
0.4407105
0.4722691
0.4996046
0.5282766
0.5626209
0.5991984
0.6293850
0.6478455
0.6565898
0.6600778
0.6579755
0.6448288
0.6171078
0.5788184
0.5384338
0.5003291
0.4607352
0.4132065
0.3574172
0.3009686
0.2519728
0.2110890
0.1723414
0.1315733
0.0923111
0.0619428
0.0426285
0.0276987
0.0081306
-0.0179072
-0.0432508
-0.0599535
-0.0683309
-0.0764007
-0.0901127
-0.1055568
-0.1124969
-0.1058330
-0.0923337
-0.0848299
-0.0897794
-0.1015159
-0.1092574
-0.1089039
-0.1064426
-0.1095292
-0.1175615
-0.1222336
-0.1179131
-0.1091944
-0.1061988
-0.1128994
-0.1223299
-0.1246162
-0.1186424
-0.1136321
-0.1184647
-0.1309168
-0.1394429
-0.1358274
-0.1244536
-0.1177245
-0.1229261
-0.1352527
-0.1442312
-0.1455321
-0.1446707
-0.1490350
-0.1581806
-0.1640293
-0.1607495
-0.1524158
-0.1488787
-0.1543829
-0.1626730
-0.1649236
-0.1610611
-0.1602070
-0.1688556
-0.1809483
-0.1829211
-0.1692544
-0.1505358
-0.1434678
-0.1530577
-0.1671195
-0.1696670
-0.1580171
-0.1441954
-0.1397395
-0.1421796
-0.1387285
-0.1220935
-0.0996406
-0.0857358
-0.0866436
-0.0950199
-0.0991526
-0.0955226
-0.0907853
-0.0923855
-0.0996053
-0.1049053
-0.1027968
-0.0956603
-0.0908452
-0.0934928
-0.1029240
-0.1150146
-0.1265420
-0.1368874
-0.1466177
-0.1556793
-0.1631880
-0.1682624
-0.1705370
-0.1702089
-0.1681858
-0.1660881
-0.1654513
-0.1666642
-0.1689023
-0.1708958
-0.1710920
-0.1672886
-0.1578051
-0.1443802
-0.1328752
-0.1284977
-0.1292669
-0.1259786
-0.1105486
-0.0830262
-0.0465816
0.0055236
0.0933393
0.2341400
0.4211709
0.6218663
0.7987490
0.9267175
0.9835462
0.9287486
0.7116505
0.3214797
-0.1649546
-0.5989856
-0.8450430
-0.8672394
-0.7407026
-0.5808942
-0.4602425
-0.3835381
-0.3254835
-0.2748260
-0.2397926
-0.2246952
-0.2173925
-0.2032401
-0.1830411
-0.1698675
-0.1701583
-0.1748140
-0.1711924
-0.1592521
-0.1508189
-0.1536151
-0.1608836
-0.1594344
-0.1455507
-0.1292288
-0.1224226
-0.1259703
-0.1299602
-0.1256054
-0.1143113
-0.1045618
-0.1015157
-0.1013098
-0.0957080
-0.0812287
-0.0626038
-0.0472138
-0.0371447
-0.0277551
-0.0138651
0.0041033
0.0214231
0.0361377
0.0529430
0.0781961
0.1111802
0.1425427
0.1635219
0.1763731
0.1932514
0.2233085
0.2621569
0.2962968
0.3181737
0.3349267
0.3607685
0.4014557
0.4480620
0.4865113
0.5117409
0.5309151
0.5532817
0.5793429
0.6016383
0.6148513
0.6221102
0.6298747
0.6381054
0.6380064
0.6204684
0.5858291
0.5440135
0.5047513
0.4684202
0.4273693
0.3761378
0.3192380
0.2678900
0.2292771
0.1999177
0.1699586
0.1334449
0.0938778
0.0600179
0.0370625
0.0223324
0.0090736
-0.0065770
-0.0228564
-0.0356919
-0.0433492
-0.0474856
-0.0507276
-0.0543244
-0.0580085
-0.0612180
-0.0640253
-0.0670812
-0.0707393
-0.0740694
-0.0749427
-0.0718120
-0.0658859
-0.0611226
-0.0611215
-0.0656002
-0.0706091
-0.0731144
-0.0749891
-0.0808538
-0.0912205
-0.0994450
-0.0979399
-0.0876100
-0.0787590
-0.0807534
-0.0916908
-0.1005207
-0.0997940
-0.0942482
-0.0948089
-0.1047871
-0.1148173
-0.1132504
-0.1002393
-0.0886832
-0.0903113
-0.1028296
-0.1129148
-0.1112644
-0.1022528
-0.0977592
-0.1031477
-0.1115293
-0.1121005
-0.1024586
-0.0911280
-0.0881639
-0.0948979
-0.1039767
-0.1085123
-0.1091502
-0.1114090
-0.1175496
-0.1230846
-0.1217919
-0.1129930
-0.1024766
-0.0959268
-0.0924905
-0.0863472
-0.0749778
-0.0642216
-0.0628627
-0.0717301
-0.0801087
-0.0753101
-0.0563660
-0.0369241
-0.0329992
-0.0473940
-0.0669233
-0.0757353
-0.0710242
-0.0646148
-0.0691064
-0.0841485
-0.0979115
-0.1013568
-0.0985902
-0.1016280
-0.1159946
-0.1339139
-0.1430223
-0.1406386
-0.1368819
-0.1425254
-0.1556300
-0.1632097
-0.1565309
-0.1417114
-0.1324383
-0.1335467
-0.1358156
-0.1285376
-0.1139198
-0.1045456
-0.1063011
-0.1082503
-0.0930736
-0.0553244
-0.0034419
0.0582458
0.1438535
0.2750074
0.4545283
0.6551899
0.8354374
0.9598305
0.9986020
0.9144949
0.6705702
0.2707050
-0.2038820
-0.6127827
-0.8330731
-0.8359516
-0.6965407
-0.5296118
-0.4104729
-0.3458547
-0.3043584
-0.2625378
-0.2222154
-0.1952919
-0.1839749
-0.1788307
-0.1710077
-0.1608709
-0.1541683
-0.1530187
-0.1531314
-0.1491078
-0.1402361
-0.1303859
-0.1234681
-0.1200649
-0.1180687
-0.1156057
-0.1129250
-0.1115006
-0.1114559
-0.1103597
-0.1051832
-0.0953692
-0.0832367
-0.0712188
-0.0596259
-0.0478039
-0.0367021
-0.0286749
-0.0239020
-0.0177205
-0.0032103
0.0222516
0.0532154
0.0803002
0.0989483
0.1134852
0.1317744
0.1564681
0.1827117
0.2044227
0.2216188
0.2408705
0.2689234
0.3062905
0.3468848
0.3835333
0.4138025
0.4408051
0.4690089
0.4998349
0.5311491
0.5601946
0.5864937
0.6120300
0.6386289
0.6648133
0.6853237
0.6944486
0.6901349
0.6744370
0.6500939
0.6179015
0.5782419
0.5341917
0.4911905
0.4525833
0.4159301
0.3750028
0.3264686
0.2744831
0.2275664
0.1903685
0.1594590
0.1282794
0.0954898
0.0666398
0.0472861
0.0360801
0.0260362
0.0122169
-0.0032507
-0.0145493
-0.0198625
-0.0240496
-0.0325809
-0.0438948
-0.0503058
-0.0474362
-0.0406979
-0.0400377
-0.0486832
-0.0595030
-0.0634956
-0.0602419
-0.0578865
-0.0627442
-0.0710633
-0.0732090
-0.0656718
-0.0561704
-0.0549512
-0.0627368
-0.0705314
-0.0714613
-0.0692699
-0.0726769
-0.0832822
-0.0926720
-0.0923142
-0.0839562
-0.0779312
-0.0814090
-0.0905060
-0.0955430
-0.0929582
-0.0892564
-0.0923140
-0.1012594
-0.1075941
-0.1055690
-0.0986498
-0.0949676
-0.0983540
-0.1054409
-0.1108839
-0.1137467
-0.1178416
-0.1260994
-0.1358533
-0.1409541
-0.1384637
-0.1319023
-0.1273059
-0.1271966
-0.1293022
-0.1302726
-0.1293268
-0.1282340
-0.1282604
-0.1272572
-0.1203330
-0.1047865
-0.0847406
-0.0693324
-0.0648326
-0.0687982
-0.0727859
-0.0707205
-0.0642415
-0.0600321
-0.0622059
-0.0676043
-0.0692580
-0.0646371
-0.0591274
-0.0602306
-0.0696505
-0.0829998
-0.0961780
-0.1089682
-0.1219724
-0.1330124
-0.1387713
-0.1391472
-0.1382499
-0.1405357
-0.1462624
-0.1514332
-0.1528660
-0.1525903
-0.1552242
-0.1607220
-0.1624386
-0.1544259
-0.1390792
-0.1253035
-0.1196661
-0.1206868
-0.1208631
-0.1128719
-0.0946242
-0.0693141
-0.0392191
0.0020260
0.0700144
0.1805368
0.3383992
0.5317759
0.7323050
0.8985642
0.9832785
0.9441863
0.7566407
0.4275481
0.0076476
-0.4110694
-0.7255492
-0.8688852
-0.8418631
-0.7055492
-0.5425888
-0.4140673
-0.3364051
-0.2897243
-0.2489325
-0.2087877
-0.1798161
-0.1667341
-0.1609254
-0.1533047
-0.1432554
-0.1317630
