-0.0824326
-0.1717926
-0.0896698
-0.0446877
-0.0870915
-0.1097063
-0.0789400
-0.0691818
-0.1004272
-0.1113724
-0.0888656
-0.0868163
-0.1150534
-0.1241274
-0.1029170
-0.0934315
-0.1074409
-0.1130645
-0.1032156
-0.1035311
-0.1159417
-0.1187633
-0.1152315
-0.1244530
-0.1358017
-0.1255179
-0.1048166
-0.1022578
-0.1132569
-0.1121051
-0.0981681
-0.0892682
-0.0860014
-0.0792461
-0.0751307
-0.0798850
-0.0793051
-0.0626355
-0.0462899
-0.0475186
-0.0562416
-0.0569000
-0.0555842
-0.0630542
-0.0728510
-0.0763381
-0.0787663
-0.0844691
-0.0872889
-0.0880102
-0.0984885
-0.1180368
-0.1294249
-0.1274930
-0.1277825
-0.1385761
-0.1479979
-0.1464403
-0.1397845
-0.1344016
-0.1292463
-0.1261176
-0.1284464
-0.1292786
-0.1195413
-0.1064816
-0.1042917
-0.1093113
-0.1042216
-0.0834947
-0.0555136
-0.0226647
0.0235746
0.0919334
0.1899411
0.3248301
0.4894584
0.6539798
0.7846492
0.8618253
0.8680624
0.7742451
0.5598141
0.2450299
-0.1068375
-0.4155458
-0.6134571
-0.6724398
-0.6196920
-0.5187387
-0.4227537
-0.3487265
-0.2933965
-0.2546783
-0.2303244
-0.2130411
-0.1987715
-0.1905032
-0.1884184
-0.1863870
-0.1812987
-0.1753122
-0.1677865
-0.1564433
-0.1463030
-0.1449409
-0.1492214
-0.1490984
-0.1435753
-0.1405744
-0.1424332
-0.1436067
-0.1410756
-0.1358232
-0.1264710
-0.1121335
-0.0985746
-0.0916674
-0.0883461
-0.0826182
-0.0753378
-0.0695633
-0.0623952
-0.0500505
-0.0349384
-0.0200075
-0.0028481
0.0174579
0.0350649
0.0459777
0.0548785
0.0676026
0.0843290
0.1048613
0.1319016
0.1641348
0.1946228
0.2206504
0.2471462
0.2769768
0.3062367
0.3320369
0.3567973
0.3827224
0.4097670
0.4396579
0.4735479
0.5057230
0.5283285
0.5419459
0.5529589
0.5616263
0.5617515
0.5510950
0.5334563
0.5114223
0.4846489
0.4536513
0.4186127
0.3773230
0.3306457
0.2859630
0.2485970
0.2144065
0.1775995
0.1409763
0.1114588
0.0898964
0.0717042
0.0536683
0.0351424
0.0168102
0.0018868
-0.0066972
-0.0128420
-0.0241170
-0.0394015
-0.0477958
-0.0437638
-0.0357309
-0.0351640
-0.0434316
-0.0532876
-0.0580230
-0.0564995
-0.0536893
-0.0569809
-0.0672641
-0.0749730
-0.0711555
-0.0604989
-0.0557916
-0.0611383
-0.0689989
-0.0728913
-0.0744069
-0.0771587
-0.0809997
-0.0833872
-0.0819756
-0.0765029
-0.0713430
-0.0730399
-0.0814560
-0.0878123
-0.0862691
-0.0825378
-0.0853719
-0.0940736
-0.1004142
-0.0993453
-0.0927153
-0.0857630
-0.0840123
-0.0899957
-0.0997388
-0.1062755
-0.1086575
-0.1124600
-0.1196613
-0.1243799
-0.1215127
-0.1138204
-0.1073839
-0.1047564
-0.1046829
-0.1041187
-0.0993396
-0.0894245
-0.0788480
-0.0721952
-0.0674024
-0.0596241
-0.0501132
-0.0445248
-0.0433443
-0.0411420
-0.0356959
-0.0317636
-0.0348066
-0.0449300
-0.0567933
-0.0628130
-0.0589246
-0.0505897
-0.0497465
-0.0616284
-0.0779072
-0.0870323
-0.0877672
-0.0881792
-0.0948000
-0.1071103
-0.1194900
-0.1248076
-0.1193941
-0.1079262
-0.1002307
-0.1005576
-0.1033748
-0.1016905
-0.0953937
-0.0892326
-0.0863849
-0.0856880
-0.0817624
-0.0675445
-0.0407699
-0.0069795
0.0301511
0.0815020
0.1680696
0.3005495
0.4667487
0.6392383
0.7896018
0.8927810
0.9221457
0.8471950
0.6447794
0.3244012
-0.0516254
-0.3826064
-0.5816611
-0.6255638
-0.5584496
-0.4512326
-0.3567375
-0.2918283
-0.2473408
-0.2098163
-0.1771372
-0.1566421
-0.1512415
-0.1526709
-0.1503280
-0.1422145
-0.1340620
-0.1311221
-0.1334784
-0.1363040
-0.1328191
-0.1204751
-0.1057469
-0.0988913
-0.1024042
-0.1085091
-0.1091690
-0.1042857
-0.0987329
-0.0956298
-0.0942291
-0.0910546
-0.0822261
-0.0677746
-0.0536192
-0.0457320
-0.0426252
-0.0372351
-0.0257433
-0.0108994
0.0027645
0.0135920
0.0235397
0.0371898
0.0583843
0.0848695
0.1086302
0.1250444
0.1392621
0.1596106
0.1868494
0.2140164
0.2354856
0.2528608
0.2730134
0.3022619
0.3404278
0.3789821
0.4078948
0.4262156
0.4430147
0.4661982
0.4935410
0.5164465
0.5294200
0.5342299
0.5374959
0.5449455
0.5548209
0.5565769
0.5400088
0.5064682
0.4674374
0.4315874
0.3971968
0.3579794
0.3123295
0.2653282
0.2242090
0.1924712
0.1665409
0.1387591
0.1056241
0.0717241
0.0435004
0.0216306
0.0026269
-0.0147708
-0.0289636
-0.0394443
-0.0473380
-0.0530992
-0.0569271
-0.0603306
-0.0645087
-0.0683834
-0.0704926
-0.0714812
-0.0730368
-0.0759751
-0.0803373
-0.0850064
-0.0866257
-0.0823786
-0.0751192
-0.0720980
-0.0767272
-0.0846921
-0.0898756
-0.0912182
-0.0921759
-0.0959661
-0.1025819
-0.1084238
-0.1086353
-0.1022708
-0.0949819
-0.0937360
-0.0990859
-0.1054711
-0.1085704
-0.1092120
-0.1105500
-0.1145693
-0.1210029
-0.1268918
-0.1279262
-0.1230466
-0.1170304
-0.1159959
-0.1210982
-0.1285297
-0.1341462
-0.1360605
-0.1347412
-0.1330501
-0.1343620
-0.1383043
-0.1401326
-0.1364183
-0.1294808
-0.1242494
-0.1225617
-0.1221627
-0.1194540
-0.1120732
-0.1009621
-0.0908237
-0.0860165
-0.0850819
-0.0819603
-0.0735052
-0.0632300
-0.0569691
-0.0574352
-0.0634504
-0.0716715
-0.0784502
-0.0825019
-0.0861403
-0.0918025
-0.0978534
-0.1005079
-0.0994230
-0.0984530
-0.1009816
-0.1069947
-0.1144958
-0.1216041
-0.1276319
-0.1336596
-0.1408987
-0.1471069
-0.1469379
-0.1383386
-0.1265779
-0.1189879
-0.1170131
-0.1159412
-0.1112349
-0.1027531
-0.0935197
-0.0859582
-0.0785368
-0.0652248
-0.0391297
0.0038080
0.0670357
0.1583016
0.2872862
0.4554134
0.6488012
0.8394467
0.9877450
1.0437870
0.9578949
0.7070443
0.3232003
-0.1022705
-0.4518571
-0.6390136
-0.6523216
-0.5528131
-0.4257991
-0.3277672
-0.2693917
-0.2358759
-0.2131337
-0.1962148
-0.1837981
-0.1732684
-0.1619696
-0.1506704
-0.1436201
-0.1435699
-0.1469388
-0.1464573
-0.1396364
-0.1319221
-0.1296187
-0.1321617
-0.1337389
-0.1305730
-0.1241217
-0.1183608
-0.1158861
-0.1158088
-0.1144460
-0.1092947
-0.1026321
-0.0989925
-0.0984717
-0.0951756
-0.0836660
-0.0650279
-0.0455340
-0.0309059
-0.0222364
-0.0155456
-0.0049433
0.0118457
0.0308522
0.0465036
0.0586934
0.0731711
0.0950197
0.1236322
0.1538152
0.1801115
0.2008346
0.2199264
0.2440750
0.2758367
0.3102363
0.3400623
0.3636903
0.3858415
0.4115975
0.4414976
0.4715399
0.4962759
0.5128717
0.5236153
0.5333531
0.5432126
0.5481511
0.5418988
0.5230827
0.4957023
0.4651983
0.4347659
0.4036085
0.3679310
0.3254371
0.2794671
0.2366769
0.2000191
0.1661888
0.1307957
0.0940329
0.0603656
0.0342307
0.0165289
0.0038236
-0.0091996
-0.0249738
-0.0407273
-0.0521845
-0.0589963
-0.0648684
-0.0729741
-0.0829796
-0.0919165
-0.0964054
-0.0951355
-0.0910623
-0.0899839
-0.0947111
-0.1015186
-0.1045502
-0.1030615
-0.1021711
-0.1066149
-0.1152355
-0.1216089
-0.1197105
-0.1099608
-0.1000789
-0.0984252
-0.1057950
-0.1152090
-0.1200872
-0.1205752
-0.1212990
-0.1253476
-0.1317210
-0.1368385
-0.1374654
-0.1337444
-0.1300723
-0.1312648
-0.1371068
-0.1422764
-0.1423411
-0.1385130
-0.1360505
-0.1390292
-0.1466158
-0.1533904
-0.1538527
-0.1479922
-0.1417790
-0.1407343
-0.1439571
-0.1462174
-0.1448921
-0.1426210
-0.1435663
-0.1488384
-0.1551401
-0.1564909
-0.1482442
-0.1313641
-0.1125174
-0.0986790
-0.0918197
-0.0891515
-0.0871631
-0.0844774
-0.0820914
-0.0819249
-0.0842551
-0.0862773
-0.0847711
-0.0805507
-0.0782224
-0.0807273
-0.0861490
-0.0910156
-0.0949159
-0.1003833
-0.1092822
-0.1203686
-0.1298952
-0.1345172
-0.1345102
-0.1339544
-0.1366386
-0.1421104
-0.1468834
-0.1487940
-0.1486392
-0.1482533
-0.1486502
-0.1493457
-0.1478430
-0.1408119
-0.1279389
-0.1138116
-0.1034503
-0.0960325
-0.0851339
-0.0651410
-0.0349165
0.0064282
0.0664739
0.1597774
0.2978388
0.4755554
0.6666082
0.8326285
0.9358432
0.9426284
0.8228758
0.5624722
0.1895218
-0.2130105
-0.5344767
-0.6936644
-0.6835703
-0.5681817
-0.4346987
-0.3398203
-0.2897419
-0.2609081
-0.2336650
-0.2071155
-0.1899915
-0.1859008
-0.1888567
-0.1889149
-0.1800214
-0.1643999
-0.1506874
-0.1463576
-0.1507444
-0.1559897
-0.1550676
-0.1482794
-0.1420154
-0.1418153
-0.1464749
-0.1487529
-0.1427042
-0.1305128
-0.1205277
-0.1178284
-0.1186106
-0.1152904
-0.1054065
-0.0933492
-0.0841196
-0.0774045
-0.0680379
-0.0515881
-0.0295536
-0.0088675
0.0048267
0.0134666
0.0247320
0.0436243
0.0673938
0.0893357
0.1061304
0.1207395
0.1392500
0.1654792
0.1977489
0.2305450
0.2599035
0.2868195
0.3145239
0.3434528
0.3709462
0.3956249
0.4197174
0.4461446
0.4745004
0.5007562
0.5207554
0.5339879
0.5436680
0.5519420
0.5549481
0.5449494
0.5191024
0.4844454
0.4516812
0.4243980
0.3963886
0.3596141
0.3132148
0.2641617
0.2198495
0.1808741
0.1418314
0.0995379
0.0590119
0.0290253
0.0118066
-0.0003075
-0.0168937
-0.0398296
-0.0626951
-0.0783171
-0.0856806
-0.0901974
-0.0980879
-0.1101311
-0.1207289
-0.1236975
-0.1189009
-0.1124239
-0.1104775
-0.1140899
-0.1194825
-0.1225390
-0.1229364
-0.1244728
-0.1306710
-0.1393909
-0.1432808
-0.1375124
-0.1263771
-0.1199835
-0.1240628
-0.1344209
-0.1418429
-0.1415271
-0.1372040
-0.1362532
-0.1411720
-0.1467180
-0.1464162
-0.1410087
-0.1380757
-0.1428574
-0.1520171
-0.1581814
-0.1588192
-0.1581690
-0.1607886
-0.1653600
-0.1659564
-0.1590966
-0.1486918
-0.1429086
-0.1456676
-0.1524810
-0.1560565
-0.1548852
-0.1539053
-0.1568994
-0.1610630
-0.1604390
-0.1530877
-0.1431469
-0.1360586
-0.1327582
-0.1290584
-0.1208514
-0.1093523
-0.0999585
-0.0957559
-0.0939208
-0.0896916
-0.0822706
-0.0748707
-0.0699974
-0.0672030
-0.0656469
-0.0666444
-0.0721658
-0.0812125
-0.0889086
-0.0904658
-0.0867396
-0.0848948
-0.0917073
-0.1060711
-0.1199416
-0.1272844
-0.1302646
-0.1353454
-0.1446547
-0.1529803
-0.1531716
-0.1436485
-0.1305662
-0.1226744
-0.1235229
-0.1284680
-0.1296186
-0.1235322
-0.1135954
-0.1053649
-0.1005383
-0.0953358
-0.0840076
-0.0639277
-0.0370770
-0.0047767
0.0403136
0.1149008
0.2338144
0.3957269
0.5791191
0.7499541
0.8702765
0.9008518
0.8048382
0.5632163
0.1986222
-0.2133076
-0.5653432
-0.7683539
-0.7965259
-0.6938772
-0.5390126
-0.3985051
-0.3019625
-0.2464911
-0.2154258
-0.1942283
-0.1767580
-0.1633320
-0.1551829
-0.1505003
-0.1450110
-0.1357283
-0.1237920
-0.1134649
-0.1080256
-0.1066450
-0.1058418
-0.1037822
-0.1015041
-0.0992688
-0.0941229
-0.0837645
-0.0716744
-0.0647749
-0.0650520
-0.0662700
-0.0611015
-0.0501181
-0.0411479
-0.0393456
-0.0398820
-0.0325169
-0.0133981
0.0098417
0.0264784
0.0349001
0.0435490
0.0595554
0.0798802
0.0961030
0.1058516
0.1159782
0.1343187
0.1610552
0.1896245
0.2146979
0.2372375
0.2614707
0.2887002
0.3162485
0.3425560
0.3706855
0.4044404
0.4421630
0.4774500
0.5065122
0.5321617
0.5589073
0.5859876
0.6078356
0.6212933
0.6299823
0.6396970
0.6497869
0.6510879
0.6341681
0.5992985
0.5563898
0.5146375
0.4743768
0.4306191
0.3824539
0.3355813
0.2954680
0.2609941
0.2266552
0.1896849
0.1528854
0.1202765
0.0917954
0.0641670
0.0368433
0.0146354
0.0023054
-0.0024914
-0.0079695
-0.0192210
-0.0328871
-0.0424343
-0.0468128
-0.0510348
-0.0584035
-0.0651864
-0.0651521
-0.0585676
-0.0540657
-0.0598766
-0.0741590
-0.0865198
-0.0898150
-0.0880403
-0.0903345
-0.0988063
-0.1059335
-0.1046112
-0.0975651
-0.0943095
-0.1000430
-0.1103038
-0.1171617
-0.1186440
-0.1199571
-0.1256577
-0.1331174
-0.1357531
-0.1317068
-0.1264641
-0.1261758
-0.1309747
-0.1368637
-0.1422487
-0.1491689
-0.1578645
-0.1634246
-0.1605109
-0.1507478
-0.1428317
-0.1438681
-0.1517127
-0.1580007
-0.1588089
-0.1594910
-0.1666317
-0.1770418
-0.1790279
-0.1659759
-0.1456312
-0.1328398
-0.1338025
-0.1401538
-0.1391154
-0.1273637
-0.1131280
-0.1055410
-0.1045475
-0.1026475
-0.0949095
-0.0844426
-0.0776836
-0.0770641
-0.0803250
-0.0852672
-0.0919817
-0.1001808
-0.1071403
-0.1102323
-0.1106241
-0.1127375
-0.1196822
-0.1300531
-0.1398268
-0.1469842
-0.1531863
-0.1604498
-0.1672659
-0.1695902
-0.1656952
-0.1585431
-0.1526436
-0.1496317
-0.1478497
-0.1454085
-0.1422473
-0.1391197
-0.1355390
-0.1293441
-0.1182866
-0.1019290
-0.0816426
-0.0578687
-0.0263364
0.0234409
0.1050065
0.2276945
0.3890503
0.5720828
0.7493818
0.8895375
0.9590920
0.9215824
0.7454516
0.4275287
0.0175403
-0.3844046
-0.6693118
-0.7764135
-0.7233981
-0.5863502
-0.4469862
-0.3491884
-0.2930561
-0.2590602
-0.2332375
-0.2137711
-0.2029392
-0.1993890
-0.1981095
-0.1945735
-0.1875237
-0.1788749
-0.1718124
-0.1684416
-0.1684792
-0.1699895
-0.1712499
-0.1715546
-0.1702002
-0.1654730
-0.1557894
-0.1423094
-0.1295014
-0.1215486
-0.1178114
-0.1132278
-0.1043382
-0.0938772
-0.0874922
-0.0859874
-0.0829484
-0.0713763
-0.0516578
-0.0313839
-0.0173294
-0.0089347
-0.0002899
0.0125948
0.0281964
0.0432923
0.0583950
0.0772902
0.1014699
0.1274812
0.1512387
0.1734692
0.1985349
0.2278884
0.2570470
0.2807633
0.3003963
0.3240372
0.3581967
0.4000932
0.4395819
0.4690436
0.4903299
0.5112318
0.5361220
0.5616375
0.5812421
0.5918267
0.5945321
0.5904735
0.5780366
0.5550258
0.5220836
0.4825843
0.4393669
0.3929557
0.3437660
0.2950414
0.2516795
0.2154176
0.1824090
0.1471053
0.1085628
0.0718346
0.0426971
0.0216443
0.0036681
-0.0162384
-0.0378314
-0.0559202
-0.0657062
-0.0677147
-0.0675120
-0.0707368
-0.0785100
-0.0874439
-0.0935930
-0.0961359
-0.0974932
-0.1002951
-0.1044562
-0.1073230
-0.1067431
-0.1037872
-0.1021351
-0.1048164
-0.1118382
-0.1208167
-0.1291637
-0.1352814
-0.1383645
-0.1382761
-0.1361517
-0.1345339
-0.1358485
-0.1401666
-0.1448487
-0.1472463
-0.1480034
-0.1509273
-0.1587356
-0.1691035
-0.1759409
-0.1752765
-0.1696557
-0.1661362
-0.1697154
-0.1789048
-0.1878753
-0.1925951
-0.1942219
-0.1962935
-0.1994556
-0.2002954
-0.1957886
-0.1878598
-0.1822045
-0.1823999
-0.1861089
-0.1878360
-0.1850204
-0.1803210
-0.1774636
-0.1757973
-0.1705132
-0.1587412
-0.1441705
-0.1339454
-0.1308229
-0.1299801
-0.1249888
-0.1163975
-0.1123843
-0.1196359
-0.1344417
-0.1448483
-0.1426241
-0.1321069
-0.1257219
-0.1308361
-0.1426681
-0.1510229
-0.1524697
-0.1534470
-0.1610984
-0.1736014
-0.1820265
-0.1811718
-0.1756415
-0.1736643
-0.1768136
-0.1788752
-0.1749943
-0.1686111
-0.1665576
-0.1686516
-0.1661068
-0.1519006
-0.1300867
