-0.0391514
-0.0466627
-0.0505280
-0.0466541
-0.0361157
-0.0242334
-0.0166337
-0.0148683
-0.0148113
-0.0098049
0.0032745
0.0203782
0.0331052
0.0358159
0.0301523
0.0226110
0.0181445
0.0165267
0.0143645
0.0093218
0.0018737
-0.0058916
-0.0116340
-0.0130653
-0.0088344
-0.0006517
0.0061695
0.0064381
0.0004881
-0.0051341
-0.0041011
0.0021782
0.0046419
-0.0046324
-0.0237309
-0.0417549
-0.0486274
-0.0436149
-0.0340199
-0.0265570
-0.0215570
-0.0157461
-0.0086477
-0.0037594
-0.0031035
-0.0028855
0.0030511
0.0155218
0.0279494
0.0335580
0.0336553
0.0365758
0.0477748
0.0626575
0.0709964
0.0680666
0.0595781
0.0549089
0.0568240
0.0593339
0.0552493
0.0441881
0.0325726
0.0269043
0.0281092
0.0318575
0.0329674
0.0292951
0.0227710
0.0179283
0.0189532
0.0266108
0.0372475
0.0453722
0.0481041
0.0473522
0.0475944
0.0517332
0.0591914
0.0673662
0.0741049
0.0790986
0.0842970
0.0935919
0.1107009
0.1356280
0.1640727
0.1939200
0.2347893
0.3088088
0.4360117
0.6148938
0.8184288
1.0120898
1.1745052
1.2949044
1.3485058
1.2838993
1.0525429
0.6647298
0.2164072
-0.1525035
-0.3435041
-0.3572831
-0.2754772
-0.1888158
-0.1390476
-0.1176777
-0.1035023
-0.0907584
-0.0851456
-0.0865596
-0.0858382
-0.0769025
-0.0646168
-0.0576144
-0.0570636
-0.0563980
-0.0507656
-0.0426501
-0.0373197
-0.0359836
-0.0358324
-0.0349263
-0.0336708
-0.0314934
-0.0255176
-0.0147739
-0.0040622
-0.0007079
-0.0070774
-0.0180711
-0.0266601
-0.0304018
-0.0315690
-0.0326220
-0.0340446
-0.0363281
-0.0409008
-0.0468455
-0.0481861
-0.0378358
-0.0155975
0.0095319
0.0271771
0.0357149
0.0433452
0.0589124
0.0828693
0.1078939
0.1272187
0.1409022
0.1543170
0.1724569
0.1968653
0.2269030
0.2615605
0.2988504
0.3346329
0.3643123
0.3868499
0.4063931
0.4285124
0.4542321
0.4783352
0.4943338
0.5011290
0.5040557
0.5087578
0.5142372
0.5127147
0.4968037
0.4665496
0.4290268
0.3913377
0.3547397
0.3156140
0.2710323
0.2222990
0.1733641
0.1271676
0.0844034
0.0452824
0.0112083
-0.0159650
-0.0359894
-0.0508632
-0.0631410
-0.0737053
-0.0813291
-0.0844902
-0.0837463
-0.0823676
-0.0842018
-0.0901787
-0.0967070
-0.0982462
-0.0923964
-0.0826785
-0.0759477
-0.0769152
-0.0852081
-0.0971647
-0.1092849
-0.1195349
-0.1267282
-0.1307707
-0.1340491
-0.1408300
-0.1531564
-0.1670917
-0.1746533
-0.1709419
-0.1593414
-0.1489666
-0.1468836
-0.1529997
-0.1617829
-0.1675779
-0.1682344
-0.1656020
-0.1643649
-0.1696619
-0.1832394
-0.2005544
-0.2129135
-0.2144687
-0.2074857
-0.1997720
-0.1967474
-0.1971778
-0.1970941
-0.1960195
-0.1969823
-0.2007831
-0.2034783
-0.2018036
-0.1994903
-0.2046105
-0.2193786
-0.2348612
-0.2385662
-0.2274997
-0.2120446
-0.2060983
-0.2142146
-0.2290940
-0.2405635
-0.2451612
-0.2467498
-0.2498105
-0.2542690
-0.2568282
-0.2554694
-0.2512351
-0.2460665
-0.2403629
-0.2334724
-0.2261106
-0.2210869
-0.2206111
-0.2228034
-0.2219529
-0.2135533
-0.1991993
-0.1852416
-0.1756070
-0.1665751
-0.1498331
-0.1201382
-0.0775330
-0.0205409
0.0607537
0.1805477
0.3434521
0.5348111
0.7249198
0.8803402
0.9685836
0.9556702
0.8118277
0.5342108
0.1701458
-0.1883142
-0.4465187
-0.5577872
-0.5425622
-0.4632819
-0.3797057
-0.3203631
-0.2841390
-0.2587359
-0.2357673
-0.2144071
-0.1978999
-0.1889496
-0.1864771
-0.1851607
-0.1790200
-0.1668534
-0.1538818
-0.1469190
-0.1478115
-0.1522782
-0.1549699
-0.1544705
-0.1529088
-0.1519425
-0.1507028
-0.1476855
-0.1431687
-0.1386296
-0.1342427
-0.1282463
-0.1192815
-0.1086746
-0.0995803
-0.0937668
-0.0895599
-0.0831106
-0.0718417
-0.0570878
-0.0435636
-0.0355830
-0.0327413
-0.0290468
-0.0171729
0.0052893
0.0332349
0.0578407
0.0736673
0.0830058
0.0938971
0.1136087
0.1429546
0.1760144
0.2053898
0.2285283
0.2495932
0.2750895
0.3071891
0.3412313
0.3701106
0.3911826
0.4083682
0.4272934
0.4491841
0.4703349
0.4867494
0.4973315
0.5019288
0.4982800
0.4834880
0.4586893
0.4299014
0.4021121
0.3729227
0.3342954
0.2821690
0.2237676
0.1736103
0.1411851
0.1226810
0.1052286
0.0791591
0.0461386
0.0162095
-0.0019751
-0.0080345
-0.0085881
-0.0107251
-0.0169221
-0.0251743
-0.0325330
-0.0378007
-0.0414868
-0.0446191
-0.0483858
-0.0542319
-0.0628804
-0.0725520
-0.0787014
-0.0767247
-0.0659229
-0.0510335
-0.0392798
-0.0349643
-0.0363333
-0.0377593
-0.0353440
-0.0306404
-0.0289437
-0.0338701
-0.0435179
-0.0519490
-0.0545706
-0.0521429
-0.0494807
-0.0503845
-0.0542084
-0.0573112
-0.0569951
-0.0533627
-0.0480714
-0.0428294
-0.0394362
-0.0396556
-0.0432567
-0.0463920
-0.0439376
-0.0350485
-0.0260116
-0.0259266
-0.0385049
-0.0583933
-0.0760579
-0.0859483
-0.0895223
-0.0913353
-0.0940217
-0.0973162
-0.0997911
-0.0994830
-0.0935945
-0.0804175
-0.0631012
-0.0501272
-0.0494394
-0.0608880
-0.0752118
-0.0816912
-0.0772078
-0.0677271
-0.0614079
-0.0611675
-0.0638493
-0.0649765
-0.0628021
-0.0582612
-0.0529686
-0.0482649
-0.0451897
-0.0439279
-0.0432256
-0.0414682
-0.0390269
-0.0390054
-0.0445778
-0.0550743
-0.0651390
-0.0685868
-0.0635438
-0.0538218
-0.0453682
-0.0416245
-0.0420391
-0.0440162
-0.0454567
-0.0458039
-0.0458213
-0.0470112
-0.0507591
-0.0570574
-0.0635839
-0.0665543
-0.0637061
-0.0572918
-0.0535933
-0.0578763
-0.0687596
-0.0781354
-0.0781261
-0.0689304
-0.0593489
-0.0586196
-0.0673208
-0.0766507
-0.0770468
-0.0673045
-0.0548477
-0.0476069
-0.0470436
-0.0495190
-0.0525813
-0.0574545
-0.0654180
-0.0744665
-0.0815115
-0.0864964
-0.0913658
-0.0944161
-0.0886768
-0.0690895
-0.0407560
-0.0162864
-0.0025392
0.0081287
0.0302384
0.0696055
0.1199801
0.1774424
0.2536358
0.3676061
0.5227953
0.6969529
0.8583598
0.9874344
1.0737313
1.0909910
0.9886634
0.7276979
0.3354444
-0.0801569
-0.3859377
-0.5076509
-0.4696971
-0.3592723
-0.2549514
-0.1847956
-0.1383325
-0.1019916
-0.0763956
-0.0669083
-0.0700749
-0.0752329
-0.0760724
-0.0753129
-0.0777265
-0.0823498
-0.0836834
-0.0787130
-0.0703218
-0.0641187
-0.0635871
-0.0681155
-0.0738504
-0.0759533
-0.0719213
-0.0643390
-0.0594648
-0.0609984
-0.0648700
-0.0620312
-0.0480060
-0.0290019
-0.0166005
-0.0158121
-0.0198675
-0.0180233
-0.0073583
0.0051748
0.0120838
0.0140546
0.0179494
0.0280177
0.0418157
0.0547967
0.0663033
0.0793365
0.0957751
0.1143148
0.1334603
0.1542894
0.1783252
0.2036347
0.2257233
0.2432410
0.2608762
0.2845553
0.3143386
0.3440601
0.3682859
0.3878614
0.4075087
0.4291800
0.4495587
0.4640792
0.4718580
0.4757839
0.4785374
0.4796689
0.4764014
0.4659903
0.4467896
0.4183920
0.3825282
0.3437647
0.3074453
0.2755904
0.2452743
0.2120291
0.1748909
0.1376579
0.1053631
0.0800062
0.0595912
0.0406799
0.0216644
0.0039299
-0.0099089
-0.0191213
-0.0264679
-0.0363923
-0.0508229
-0.0663360
-0.0761491
-0.0762492
-0.0701472
-0.0668439
-0.0731063
-0.0876019
-0.1028918
-0.1128907
-0.1179784
-0.1233545
-0.1333988
-0.1475451
-0.1604597
-0.1657645
-0.1608023
-0.1493228
-0.1395289
-0.1379687
-0.1439935
-0.1503852
-0.1505954
-0.1457851
-0.1437477
-0.1499917
-0.1607365
-0.1664575
-0.1625282
-0.1545681
-0.1520354
-0.1576233
-0.1647972
-0.1657892
-0.1603460
-0.1556168
-0.1582863
-0.1681498
-0.1794199
-0.1870300
-0.1907427
-0.1938527
-0.1994708
-0.2083996
-0.2191512
-0.2287694
-0.2344265
-0.2359319
-0.2368072
-0.2413004
-0.2493389
-0.2553047
-0.2532340
-0.2435381
-0.2338275
-0.2323472
-0.2403999
-0.2513727
-0.2573047
-0.2563211
-0.2536429
-0.2557598
-0.2641237
-0.2743344
-0.2806625
-0.2810589
-0.2784223
-0.2776284
-0.2811131
-0.2868579
-0.2907008
-0.2907953
-0.2895740
-0.2910498
-0.2963792
-0.3024285
-0.3046875
-0.3014210
-0.2950234
-0.2894627
-0.2864430
-0.2841429
-0.2798129
-0.2734483
-0.2685050
-0.2687375
-0.2742467
-0.2805945
-0.2820722
-0.2766086
-0.2680004
-0.2628422
-0.2643726
-0.2692713
-0.2711640
-0.2674527
-0.2620638
-0.2609778
-0.2653390
-0.2696443
-0.2672007
-0.2573645
-0.2468646
-0.2433478
-0.2476928
-0.2535112
-0.2546101
-0.2521043
-0.2530384
-0.2619148
-0.2744904
-0.2808016
-0.2746493
-0.2600549
-0.2480385
-0.2465845
-0.2535380
-0.2593127
-0.2563765
-0.2459420
-0.2358246
-0.2324606
-0.2350103
-0.2366131
-0.2312091
-0.2195382
-0.2084147
-0.2034533
-0.2024517
-0.1969294
-0.1807532
-0.1560107
-0.1281419
-0.0942302
-0.0374854
0.0636969
0.2185648
0.4144764
0.6230502
0.8127898
0.9528022
1.0066215
0.9332630
0.7091518
0.3588224
-0.0367248
-0.3719223
-0.5709105
-0.6237297
-0.5781148
-0.4981018
-0.4255967
-0.3713862
-0.3310417
-0.3016438
-0.2838028
-0.2746627
-0.2658302
-0.2500014
-0.2279142
-0.2074786
-0.1963012
-0.1952399
-0.1985274
-0.1994057
-0.1958120
-0.1914533
-0.1918630
-0.1988373
-0.2076911
-0.2099799
-0.2003937
-0.1822435
-0.1656685
-0.1590871
-0.1620990
-0.1674141
-0.1695716
-0.1705153
-0.1759648
-0.1872273
-0.1980350
-0.2001156
-0.1915524
-0.1788269
-0.1699903
-0.1660732
-0.1602130
-0.1456925
-0.1238940
-0.1029585
-0.0883843
-0.0760782
-0.0560333
-0.0233694
0.0149633
0.0458102
0.0628688
0.0734475
0.0910807
0.1216399
0.1581110
0.1893819
0.2126491
0.2359057
0.2689019
0.3130022
0.3598395
0.3986471
0.4243399
0.4394127
0.4494685
0.4574596
0.4614488
0.4568257
0.4406724
0.4149136
0.3853762
0.3565834
0.3267917
0.2893945
0.2406965
0.1857192
0.1345659
0.0928550
0.0572687
0.0212167
-0.0164724
-0.0499439
-0.0729139
-0.0852494
-0.0923777
-0.0993692
-0.1071304
-0.1141170
-0.1195337
-0.1233208
-0.1244092
-0.1215959
-0.1162916
-0.1119754
-0.1097301
-0.1062444
-0.0983399
-0.0885696
-0.0837563
-0.0873123
-0.0948235
-0.0988099
-0.0972131
-0.0954244
-0.0995038
-0.1089335
-0.1175122
-0.1205505
-0.1190136
-0.1164527
-0.1145612
-0.1134652
-0.1140016
-0.1160863
-0.1151770
-0.1042866
-0.0811460
-0.0496637
-0.0095213
0.0552410
0.1710950
0.3519936
0.5795869
0.8084752
0.9923671
1.1032931
1.1250158
1.0358048
0.8128235
0.4649825
0.0605067
-0.2898770
-0.4919701
-0.5229953
-0.4368552
-0.3186956
-0.2298028
-0.1845535
-0.1660223
-0.1544638
-0.1420034
-0.1296156
-0.1195324
-0.1128376
-0.1103767
-0.1122086
-0.1162299
-0.1191122
-0.1191876
-0.1179930
-0.1187684
-0.1233276
-0.1300283
-0.1346913
-0.1339707
-0.1282982
-0.1215649
-0.1176539
-0.1168253
-0.1150867
-0.1074059
-0.0925332
-0.0750817
-0.0620733
-0.0566863
-0.0556998
-0.0533987
-0.0472707
-0.0392295
-0.0320167
-0.0255991
-0.0170363
-0.0029801
0.0178704
0.0440321
0.0723040
0.0996372
0.1246744
0.1485044
0.1743395
0.2053992
0.2415945
0.2783814
0.3104723
0.3373946
0.3642934
0.3961821
0.4318373
0.4643619
0.4879690
0.5037474
0.5182868
0.5364212
0.5555691
0.5677969
0.5674400
0.5557748
0.5379110
0.5165396
0.4901461
0.4564884
0.4157974
0.3703512
0.3226927
0.2753027
0.2308921
0.1912474
0.1553589
0.1198579
0.0828779
0.0478169
0.0217557
0.0084574
0.0033707
-0.0025188
-0.0135963
-0.0262207
-0.0350755
-0.0406268
-0.0479860
-0.0593203
-0.0702144
-0.0745170
-0.0711152
-0.0641743
-0.0571876
-0.0491545
-0.0383088
-0.0282361
-0.0266404
-0.0361115
-0.0483688
-0.0512656
-0.0419534
-0.0306014
-0.0297366
-0.0412568
-0.0552864
-0.0610065
-0.0570231
-0.0508662
-0.0495912
-0.0524415
-0.0532110
-0.0484113
-0.0409317
-0.0353542
-0.0319474
-0.0272410
-0.0195201
-0.0112966
-0.0056792
-0.0018100
0.0045681
0.0159530
0.0300489
0.0444291
0.0659098
0.1139355
0.2110211
0.3672339
0.5732102
0.8057721
1.0344515
1.2184341
1.3019828
1.2275799
0.9713103
0.5765988
0.1515961
-0.1804714
-0.3474013
-0.3610636
-0.2936655
-0.2212716
-0.1814863
-0.1706753
-0.1681521
-0.1591134
-0.1413447
-0.1199911
-0.1010043
-0.0883448
-0.0834341
-0.0844360
-0.0862821
-0.0836474
-0.0753113
-0.0649759
-0.0570850
-0.0525217
-0.0489131
-0.0440283
-0.0378527
-0.0322142
-0.0295631
-0.0314570
-0.0368966
-0.0423059
-0.0442743
-0.0426747
-0.0407617
-0.0420238
-0.0465984
-0.0502663
-0.0473459
-0.0357266
-0.0193067
-0.0046755
0.0047358
0.0106397
0.0166698
0.0247280
0.0345754
0.0454247
0.0572563
0.0714996
0.0907633
0.1168347
0.1482598
0.1803680
0.2081905
0.2296900
0.2469838
0.2649229
0.2873889
0.3135950
0.3383368
0.3569620
0.3698849
0.3814552
0.3948803
0.4091031
0.4200326
0.4236278
0.4178788
0.4027232
0.3786204
0.3459068
0.3063739
0.2646428
0.2255177
0.1891268
0.1507261
0.1069914
0.0613785
0.0215990
-0.0078550
-0.0296092
-0.0500240
-0.0724736
-0.0938530
-0.1077115
-0.1111028
-0.1078998
-0.1048208
-0.1051357
-0.1074279
-0.1092477
-0.1095843
-0.1081244
-0.1049453
-0.1020791
-0.1035977
-0.1124589
-0.1272631
-0.1425880
-0.1530271
-0.1578587
-0.1618521
-0.1699068
-0.1801913
-0.1846864
-0.1784488
-0.1667796
-0.1605402
-0.1646299
-0.1732131
-0.1765868
-0.1712186
-0.1623315
-0.1572165
-0.1567447
-0.1539616
-0.1403269
-0.1102368
-0.0567389
0.0342029
0.1775036
0.3724066
0.5937684
0.8020992
0.9606362
1.0411091
1.0177796
0.8671446
0.5853779
0.2123378
-0.1653753
-0.4486804
-0.5796778
-0.5721327
-0.4923131
-0.4086557
-0.3542368
-0.3262627
-0.3094409
-0.2958653
-0.2878859
-0.2892409
-0.2972309
-0.3041202
-0.3048650
-0.3011876
-0.2976751
-0.2965267
-0.2976016
-0.3007496
-0.3050102
-0.3069597
-0.3030075
-0.2934205
-0.2825832
-0.2754681
-0.2741351
-0.2762076
-0.2762590
-0.2706295
-0.2614745
-0.2538087
-0.2480806
-0.2387951
-0.2219661
-0.2012352
-0.1846811
-0.1771026
-0.1762011
-0.1744591
-0.1644882
-0.1450757
-0.1227331
-0.1053959
-0.0945530
-0.0853779
-0.0734365
-0.0581814
-0.0407743
-0.0222557
-0.0038101
0.0143546
0.0342606
0.0576353
0.0828351
0.1067488
0.1283739
0.1480038
0.1651528
0.1805493
0.1976210
0.2177131
0.2354265
0.2426632
0.2365281
0.2210009
0.2027263
0.1866984
0.1725206
0.1527805
0.1194501
0.0746385
0.0304972
-0.0043298
-0.0332255
-0.0638458
-0.0975631
-0.1301720
-0.1576862
-0.1777803
-0.1902990
-0.1991237
-0.2088613
-0.2185976
-0.2247036
-0.2291641
-0.2366020
-0.2438501
-0.2439044
-0.2408520
-0.2474761
-0.2649571
-0.2781271
-0.2750432
-0.2592211
-0.2402059
-0.2262261
-0.2273822
-0.2468973
-0.2645574
-0.2507339
-0.2065705
