-0.0245309
-0.0415877
-0.0512741
-0.0608707
-0.0773207
-0.0987443
-0.1149791
-0.1176496
-0.1094053
-0.1019458
-0.1045132
-0.1153525
-0.1252792
-0.1285214
-0.1279968
-0.1296267
-0.1337288
-0.1343922
-0.1270912
-0.1145488
-0.1036980
-0.0980790
-0.0951116
-0.0905544
-0.0833439
-0.0747760
-0.0643266
-0.0481064
-0.0206606
0.0243089
0.0954913
0.2029210
0.3514727
0.5344994
0.7347152
0.9291100
1.0871107
1.1616225
1.0914840
0.8329187
0.4067240
-0.0825316
-0.4878688
-0.7016754
-0.7147993
-0.6053908
-0.4721574
-0.3725634
-0.3113222
-0.2704563
-0.2390300
-0.2168372
-0.2027236
-0.1904091
-0.1759725
-0.1628191
-0.1557629
-0.1533817
-0.1503140
-0.1458892
-0.1456000
-0.1521905
-0.1588864
-0.1556516
-0.1417419
-0.1281858
-0.1258125
-0.1328929
-0.1375096
-0.1318811
-0.1213602
-0.1175026
-0.1238703
-0.1315472
-0.1292527
-0.1157966
-0.1007617
-0.0935933
-0.0939338
-0.0932462
-0.0846922
-0.0701602
-0.0576226
-0.0523673
-0.0512879
-0.0457823
-0.0302101
-0.0075589
0.0132422
0.0258158
0.0324277
0.0416602
0.0597542
0.0841202
0.1058192
0.1189717
0.1275547
0.1421477
0.1694960
0.2054957
0.2387792
0.2611485
0.2744042
0.2872652
0.3061346
0.3291698
0.3492455
0.3621687
0.3712324
0.3833041
0.4008219
0.4183700
0.4273168
0.4233357
0.4090699
0.3900119
0.3689285
0.3450037
0.3177711
0.2900494
0.2655040
0.2437035
0.2195431
0.1888819
0.1540087
0.1219389
0.0970379
0.0766035
0.0547569
0.0301334
0.0082315
-0.0046469
-0.0090589
-0.0125931
-0.0218303
-0.0351626
-0.0450596
-0.0474284
-0.0470460
-0.0523391
-0.0652720
-0.0780459
-0.0807848
-0.0720675
-0.0608233
-0.0573789
-0.0632754
-0.0708703
-0.0727994
-0.0702177
-0.0704080
-0.0770717
-0.0851568
-0.0863208
-0.0784415
-0.0682050
-0.0641340
-0.0681223
-0.0746198
-0.0776374
-0.0771291
-0.0776279
-0.0814526
-0.0851440
-0.0834851
-0.0760339
-0.0682517
-0.0660566
-0.0701806
-0.0763288
-0.0802900
-0.0820217
-0.0844229
-0.0886523
-0.0917966
-0.0899873
-0.0834604
-0.0773273
-0.0767317
-0.0818362
-0.0882958
-0.0923699
-0.0946026
-0.0979981
-0.1031091
-0.1061056
-0.1026433
-0.0934534
-0.0848059
-0.0824769
-0.0858631
-0.0893056
-0.0891142
-0.0877177
-0.0899232
-0.0959837
-0.0999653
-0.0955146
-0.0825271
-0.0672580
-0.0558947
-0.0489481
-0.0425623
-0.0343817
-0.0262443
-0.0205494
-0.0156536
-0.0067883
0.0084702
0.0269976
0.0429496
0.0531106
0.0587947
0.0627201
0.0648648
0.0621578
0.0523310
0.0373058
0.0218594
0.0089301
-0.0029594
-0.0172737
-0.0350735
-0.0536650
-0.0695171
-0.0820542
-0.0941081
-0.1081771
-0.1222369
-0.1302587
-0.1281276
-0.1190024
-0.1115059
-0.1117937
-0.1179417
-0.1228553
-0.1223274
-0.1192251
-0.1193941
-0.1242661
-0.1287877
-0.1270195
-0.1186308
-0.1085242
-0.1006298
-0.0942418
-0.0871367
-0.0798804
-0.0743470
-0.0683911
-0.0545188
-0.0246456
0.0257505
0.0997817
0.2039562
0.3471379
0.5313646
0.7416248
0.9429172
1.0857342
1.1162702
0.9911519
0.6991772
0.2830591
-0.1595164
-0.5110171
-0.6912473
-0.6965618
-0.5908308
-0.4576006
-0.3529296
-0.2904081
-0.2569422
-0.2353569
-0.2152968
-0.1930169
-0.1695463
-0.1500924
-0.1405361
-0.1411319
-0.1449140
-0.1446167
-0.1403387
-0.1379272
-0.1400263
-0.1417374
-0.1367512
-0.1259199
-0.1170840
-0.1161635
-0.1203997
-0.1219374
-0.1173498
-0.1114533
-0.1107264
-0.1146144
-0.1157795
-0.1090189
-0.0975750
-0.0891317
-0.0868495
-0.0863054
-0.0812540
-0.0708653
-0.0603521
-0.0548030
-0.0531651
-0.0488522
-0.0363702
-0.0169188
0.0028822
0.0174191
0.0267905
0.0356972
0.0486434
0.0661281
0.0846216
0.1001198
0.1124583
0.1262867
0.1470192
0.1753530
0.2060983
0.2326989
0.2528326
0.2696759
0.2880026
0.3091660
0.3299666
0.3466230
0.3595266
0.3730702
0.3902766
0.4083452
0.4203255
0.4210109
0.4108779
0.3947859
0.3773563
0.3591506
0.3367385
0.3067918
0.2706110
0.2342760
0.2036471
0.1791425
0.1557814
0.1285234
0.0975377
0.0680255
0.0444498
0.0250804
0.0035542
-0.0230308
-0.0485317
-0.0624652
-0.0610548
-0.0524260
-0.0498438
-0.0600398
-0.0782936
-0.0940819
-0.1007839
-0.1003010
-0.0993766
-0.1024024
-0.1080263
-0.1118862
-0.1113004
-0.1071315
-0.1024718
-0.1004432
-0.1023270
-0.1066051
-0.1102227
-0.1117746
-0.1130683
-0.1164533
-0.1207957
-0.1214946
-0.1153538
-0.1050791
-0.0979522
-0.0991090
-0.1059607
-0.1103091
-0.1071015
-0.1005162
-0.0996976
-0.1082116
-0.1193416
-0.1227975
-0.1151707
-0.1028706
-0.0954462
-0.0970597
-0.1042603
-0.1109180
-0.1143864
-0.1166678
-0.1203199
-0.1245974
-0.1262260
-0.1230821
-0.1162447
-0.1091194
-0.1054938
-0.1075842
-0.1142309
-0.1209227
-0.1231625
-0.1207371
-0.1181843
-0.1203584
-0.1273109
-0.1335516
-0.1327811
-0.1241330
-0.1137989
-0.1095284
-0.1131098
-0.1191948
-0.1220315
-0.1220971
-0.1246504
-0.1320774
-0.1391781
-0.1370902
-0.1221937
-0.1008786
-0.0844856
-0.0785544
-0.0775799
-0.0717431
-0.0586024
-0.0461850
-0.0435431
-0.0495146
-0.0523896
-0.0408959
-0.0151225
0.0133714
0.0320415
0.0379380
0.0380942
0.0402885
0.0448146
0.0455514
0.0372079
0.0198864
-0.0022106
-0.0240478
-0.0416596
-0.0532882
-0.0604565
-0.0675042
-0.0786970
-0.0947920
-0.1121333
-0.1256257
-0.1333984
-0.1383582
-0.1441683
-0.1499859
-0.1510745
-0.1454137
-0.1378737
-0.1358338
-0.1410469
-0.1475363
-0.1481228
-0.1422672
-0.1365526
-0.1370424
-0.1417291
-0.1420174
-0.1324058
-0.1171466
-0.1052766
-0.0996753
-0.0935558
-0.0781070
-0.0507416
-0.0133364
0.0370801
0.1137332
0.2346264
0.4099524
0.6313725
0.8683187
1.0701274
1.1729171
1.1159453
0.8707951
0.4708948
0.0146370
-0.3731020
-0.6019069
-0.6569130
-0.5917836
-0.4838341
-0.3883075
-0.3222041
-0.2785160
-0.2479647
-0.2274125
-0.2150232
-0.2062227
-0.1974200
-0.1902096
-0.1881858
-0.1901602
-0.1891626
-0.1790873
-0.1616315
-0.1460485
-0.1414494
-0.1484225
-0.1580319
-0.1599475
-0.1521492
-0.1423683
-0.1398951
-0.1462768
-0.1538689
-0.1531363
-0.1418456
-0.1276423
-0.1209086
-0.1242678
-0.1298891
-0.1281472
-0.1179532
-0.1069140
-0.1019446
-0.1018660
-0.0996572
-0.0903559
-0.0756818
-0.0614368
-0.0512601
-0.0434173
-0.0337498
-0.0209162
-0.0074664
0.0040453
0.0142748
0.0259144
0.0409586
0.0600662
0.0830591
0.1084481
0.1332750
0.1551289
0.1745631
0.1947710
0.2184622
0.2448453
0.2696339
0.2888641
0.3036386
0.3202678
0.3438610
0.3716505
0.3942956
0.4044466
0.4031101
0.3972967
0.3923474
0.3869443
0.3751190
0.3531195
0.3245685
0.2981163
0.2790476
0.2637432
0.2435213
0.2136544
0.1777854
0.1440362
0.1177860
0.0977775
0.0782414
0.0550948
0.0307739
0.0124521
0.0046238
0.0037595
0.0010101
-0.0097675
-0.0264887
-0.0406212
-0.0448314
-0.0403256
-0.0366559
-0.0424763
-0.0559120
-0.0658207
-0.0636678
-0.0528634
-0.0451437
-0.0485094
-0.0597803
-0.0686777
-0.0684940
-0.0625921
-0.0602980
-0.0664727
-0.0761759
-0.0804192
-0.0760537
-0.0684415
-0.0650732
-0.0683632
-0.0745441
-0.0779612
-0.0762218
-0.0722980
-0.0716955
-0.0766986
-0.0835021
-0.0857581
-0.0807927
-0.0719599
-0.0655570
-0.0658661
-0.0720700
-0.0789750
-0.0814892
-0.0793550
-0.0770669
-0.0787790
-0.0841259
-0.0892669
-0.0907285
-0.0877833
-0.0826566
-0.0793460
-0.0808442
-0.0861812
-0.0908864
-0.0913823
-0.0886640
-0.0872313
-0.0905667
-0.0974039
-0.1019972
-0.0989518
-0.0891191
-0.0800861
-0.0790540
-0.0852795
-0.0910333
-0.0899897
-0.0833391
-0.0777550
-0.0786539
-0.0853016
-0.0912779
-0.0899424
-0.0807381
-0.0701042
-0.0651773
-0.0666043
-0.0681293
-0.0628983
-0.0498170
-0.0345263
-0.0245133
-0.0220443
-0.0212705
-0.0136811
0.0026916
0.0208459
0.0325849
0.0373481
0.0418885
0.0519848
0.0657983
0.0753729
0.0743978
0.0648280
0.0554372
0.0526931
0.0534063
0.0480518
0.0313895
0.0080987
-0.0123693
-0.0249557
-0.0327429
-0.0430523
-0.0601621
-0.0806789
-0.0959169
-0.0999234
-0.0952666
-0.0902331
-0.0908490
-0.0965262
-0.1025051
-0.1048902
-0.1037142
-0.1025147
-0.1046581
-0.1090635
-0.1102000
-0.1035650
-0.0908219
-0.0786344
-0.0726655
-0.0727331
-0.0725817
-0.0641143
-0.0436063
-0.0143360
0.0193350
0.0623399
0.1316751
0.2458855
0.4102960
0.6110194
0.8199194
1.0018941
1.1170003
1.1202622
0.9707037
0.6568014
0.2254436
-0.2162166
-0.5443467
-0.6848717
-0.6520588
-0.5280900
-0.4024235
-0.3204428
-0.2763084
-0.2438863
-0.2103132
-0.1826198
-0.1699606
-0.1681949
-0.1646465
-0.1531382
-0.1390006
-0.1302906
-0.1284996
-0.1287133
-0.1260075
-0.1201718
-0.1152215
-0.1150614
-0.1193388
-0.1234565
-0.1225639
-0.1152042
-0.1039200
-0.0939349
-0.0905038
-0.0944866
-0.0998041
-0.0982461
-0.0886070
-0.0789873
-0.0780062
-0.0848439
-0.0895431
-0.0826532
-0.0639670
-0.0425519
-0.0285252
-0.0239693
-0.0218229
-0.0142203
-0.0009402
0.0117715
0.0195733
0.0249044
0.0339244
0.0507019
0.0742154
0.0991896
0.1200660
0.1358811
0.1511049
0.1704060
0.1932694
0.2152537
0.2337376
0.2506383
0.2698063
0.2930169
0.3181510
0.3406543
0.3577499
0.3716844
0.3871068
0.4043214
0.4171262
0.4190280
0.4104203
0.3982829
0.3895426
0.3851033
0.3789541
0.3627998
0.3335299
0.2970389
0.2632563
0.2368612
0.2141526
0.1888667
0.1590630
0.1282769
0.1022007
0.0846275
0.0744451
0.0658150
0.0528603
0.0348376
0.0159687
0.0006853
-0.0097605
-0.0168363
-0.0226069
-0.0276755
-0.0303109
-0.0288994
-0.0262338
-0.0288524
-0.0394930
-0.0520050
-0.0571840
-0.0533900
-0.0486949
-0.0519733
-0.0631906
-0.0728376
-0.0708615
-0.0569257
-0.0417530
-0.0368194
-0.0428077
-0.0503051
-0.0516489
-0.0488026
-0.0486341
-0.0537729
-0.0603243
-0.0626502
-0.0585942
-0.0512134
-0.0463680
-0.0474219
-0.0518908
-0.0546073
-0.0540963
-0.0540357
-0.0583596
-0.0665754
-0.0739249
-0.0750600
-0.0685892
-0.0597015
-0.0568974
-0.0636120
-0.0739859
-0.0793840
-0.0782380
-0.0768447
-0.0809883
-0.0892976
-0.0949715
-0.0926032
-0.0836246
-0.0757127
-0.0754882
-0.0810481
-0.0838513
-0.0792604
-0.0726312
-0.0726406
-0.0803615
-0.0874690
-0.0847581
-0.0712249
-0.0552757
-0.0470360
-0.0481535
-0.0496751
-0.0421652
-0.0271219
-0.0148871
-0.0112528
-0.0103452
-0.0023571
0.0149539
0.0346354
0.0484163
0.0544317
0.0578799
0.0645305
0.0732147
0.0758902
0.0665704
0.0487252
0.0317070
0.0211308
0.0149430
0.0073716
-0.0059546
-0.0254400
-0.0470793
-0.0652887
-0.0783661
-0.0899973
-0.1033381
-0.1153488
-0.1198162
-0.1152088
-0.1073640
-0.1046957
-0.1113797
-0.1236971
-0.1324456
-0.1312149
-0.1232902
-0.1180981
-0.1200305
-0.1235978
-0.1208796
-0.1110107
-0.1005659
-0.0963303
-0.0985821
-0.0999917
-0.0914347
-0.0711293
-0.0469157
-0.0253485
0.0020643
0.0582249
0.1645593
0.3266076
0.5323497
0.7572386
0.9657137
1.1091123
1.1293828
0.9784283
0.6514122
0.2117980
-0.2221569
-0.5332649
-0.6656862
-0.6434654
-0.5388659
-0.4226509
-0.3327918
-0.2739633
-0.2361031
-0.2111670
-0.1954708
-0.1837433
-0.1696008
-0.1534016
-0.1432848
-0.1443284
-0.1503657
-0.1505851
-0.1420687
-0.1323193
-0.1301973
-0.1363146
-0.1419648
-0.1373915
-0.1223146
-0.1073319
-0.1025941
-0.1065691
-0.1095643
-0.1068165
-0.1028688
-0.1029216
-0.1051601
-0.1035892
-0.0952572
-0.0831408
-0.0735376
-0.0704659
-0.0709968
-0.0674607
-0.0564607
-0.0436777
-0.0366862
-0.0348389
-0.0297358
-0.0146426
0.0091320
0.0337605
0.0507861
0.0579484
0.0625927
0.0757864
0.1005752
0.1285402
0.1500604
0.1649117
0.1802858
0.2014569
0.2273103
0.2528357
0.2737186
0.2901208
0.3068481
0.3276285
0.3493784
0.3655778
0.3752626
0.3844195
0.3978513
0.4136090
0.4259491
0.4298945
0.4226965
0.4051407
0.3822574
0.3592747
0.3364044
0.3103056
0.2799031
0.2476622
0.2163471
0.1878227
0.1634765
0.1422919
0.1201725
0.0946206
0.0682628
0.0446738
0.0233793
0.0026423
-0.0154983
-0.0271853
-0.0321287
-0.0339996
-0.0371311
-0.0445255
-0.0560827
-0.0669405
-0.0712348
-0.0696532
-0.0695563
-0.0756087
-0.0841365
-0.0886004
-0.0867120
-0.0806085
-0.0742067
-0.0718717
-0.0754824
-0.0814056
-0.0841704
-0.0836762
-0.0845984
-0.0885352
-0.0914130
-0.0891479
-0.0818938
-0.0729162
-0.0669366
-0.0681087
-0.0751185
-0.0799797
-0.0766917
-0.0695727
-0.0680369
-0.0745935
-0.0827910
-0.0855945
-0.0815585
-0.0744613
-0.0705721
-0.0741207
-0.0823450
-0.0878920
-0.0886246
-0.0907337
-0.0990540
-0.1092647
-0.1136895
-0.1104967
-0.1035362
-0.0973306
-0.0953391
-0.0986022
-0.1030764
-0.1027315
-0.0978054
-0.0955822
-0.1010374
-0.1110399
-0.1188504
-0.1197737
-0.1124413
-0.1002286
-0.0913909
-0.0917220
-0.0970211
-0.0985281
-0.0948378
-0.0918590
-0.0919003
-0.0899192
-0.0806854
-0.0640201
-0.0437352
-0.0262171
-0.0175327
-0.0162701
-0.0121022
0.0025325
0.0220600
0.0346269
0.0363058
0.0334808
0.0346033
0.0438553
0.0583544
0.0673350
0.0595729
0.0363676
0.0118805
-0.0034282
-0.0137781
-0.0290383
-0.0516947
-0.0767834
-0.0979307
-0.1096777
-0.1106762
-0.1081607
-0.1127738
-0.1261066
-0.1393537
-0.1454121
-0.1455228
-0.1439126
-0.1437285
-0.1479156
-0.1556189
-0.1584315
-0.1492934
-0.1343603
-0.1268428
-0.1298866
-0.1344444
-0.1328475
-0.1258106
-0.1174778
-0.1113085
-0.1084776
-0.1035134
-0.0854979
-0.0497131
-0.0014457
0.0591592
0.1479014
0.2823639
0.4622607
0.6690340
0.8727109
1.0273969
1.0710038
0.9506094
0.6587131
0.2498515
-0.1724028
-0.4941115
-0.6453834
-0.6370703
-0.5415367
-0.4324238
-0.3453023
-0.2860014
-0.2512685
-0.2325597
-0.2175851
-0.2008985
-0.1862139
-0.1759550
-0.1684971
-0.1651495
-0.1674014
-0.1687911
-0.1629384
-0.1566003
-0.1599456
-0.1678675
-0.1669632
-0.1567374
-0.1476184
-0.1430111
-0.1394979
-0.1384879
-0.1413261
-0.1402842
-0.1305025
-0.1220599
-0.1245639
-0.1303305
-0.1279185
-0.1195429
-0.1105245
-0.0974340
-0.0820555
-0.0786418
-0.0903489
-0.0975020
-0.0861076
-0.0683064
-0.0591387
-0.0546700
-0.0472103
-0.0382832
-0.0242508
0.0037621
0.0351973
0.0467176
0.0428211
0.0540577
0.0863265
0.1127287
0.1240392
0.1411302
0.1685413
0.1866934
0.1989229
0.2300865
0.2707412
0.2858453
0.2851250
0.3112081
0.3520161
0.3544211
0.3356462
0.3692107
0.4285465
0.3725206
0.1554586
