-0.0879097
-0.0905009
-0.1049216
-0.1129544
-0.1025422
-0.0787814
-0.0555361
-0.0394113
-0.0252101
-0.0060038
0.0168985
0.0364537
0.0498539
0.0621205
0.0795100
0.1026542
0.1282054
0.1547847
0.1834469
0.2124315
0.2360086
0.2518573
0.2673742
0.2937289
0.3323333
0.3708482
0.3958922
0.4081255
0.4208077
0.4430759
0.4688299
0.4852905
0.4900070
0.4939229
0.5060127
0.5192302
0.5165129
0.4901168
0.4503357
0.4130466
0.3822073
0.3489947
0.3071988
0.2639653
0.2320532
0.2140701
0.1989856
0.1749974
0.1423203
0.1105649
0.0854995
0.0628743
0.0366428
0.0095666
-0.0087182
-0.0140529
-0.0142318
-0.0207483
-0.0360303
-0.0520001
-0.0611051
-0.0654387
-0.0727967
-0.0854605
-0.0963303
-0.0971952
-0.0885322
-0.0787629
-0.0746433
-0.0752826
-0.0763776
-0.0773119
-0.0809499
-0.0873908
-0.0918390
-0.0904895
-0.0862639
-0.0858006
-0.0910952
-0.0969919
-0.0983428
-0.0975048
-0.1014979
-0.1114291
-0.1181223
-0.1115751
-0.0941188
-0.0805220
-0.0830232
-0.0981642
-0.1111803
-0.1129938
-0.1098333
-0.1144474
-0.1296899
-0.1439430
-0.1437439
-0.1289536
-0.1130324
-0.1084647
-0.1144920
-0.1208033
-0.1212747
-0.1204478
-0.1257118
-0.1361855
-0.1424638
-0.1371777
-0.1234071
-0.1113934
-0.1080586
-0.1114824
-0.1156606
-0.1185050
-0.1229646
-0.1306745
-0.1373598
-0.1366632
-0.1277360
-0.1168938
-0.1110984
-0.1107906
-0.1098052
-0.1018917
-0.0868086
-0.0702123
-0.0581485
-0.0521571
-0.0497613
-0.0487095
-0.0491390
-0.0512081
-0.0523359
-0.0489614
-0.0413919
-0.0352588
-0.0362147
-0.0426670
-0.0452908
-0.0362225
-0.0196578
-0.0112822
-0.0242590
-0.0553737
-0.0871644
-0.1049487
-0.1103255
-0.1163089
-0.1301873
-0.1439758
-0.1433448
-0.1249070
-0.1022135
-0.0931315
-0.1020381
-0.1163100
-0.1205544
-0.1121314
-0.1011092
-0.0966532
-0.0966154
-0.0912182
-0.0747289
-0.0513725
-0.0297177
-0.0121315
0.0102627
0.0533668
0.1317332
0.2529911
0.4163962
0.6120414
0.8190222
1.0047104
1.1271136
1.1407018
1.0078228
0.7179847
0.3082672
-0.1333059
-0.4958306
-0.6961566
-0.7200844
-0.6235424
-0.4919692
-0.3886498
-0.3296287
-0.2972639
-0.2711495
-0.2461837
-0.2279886
-0.2196209
-0.2162904
-0.2105887
-0.1996867
-0.1872311
-0.1795523
-0.1801993
-0.1871313
-0.1944125
-0.1967508
-0.1932169
-0.1873166
-0.1832706
-0.1815058
-0.1780785
-0.1697648
-0.1595603
-0.1548652
-0.1587721
-0.1648443
-0.1631099
-0.1512271
-0.1375549
-0.1319367
-0.1342792
-0.1337406
-0.1199793
-0.0948301
-0.0716906
-0.0627217
-0.0675293
-0.0753311
-0.0767079
-0.0704402
-0.0590134
-0.0415512
-0.0147702
0.0199559
0.0542111
0.0795811
0.0964755
0.1138093
0.1387963
0.1684981
0.1940489
0.2131476
0.2345581
0.2672501
0.3073167
0.3404911
0.3587023
0.3703284
0.3906162
0.4228947
0.4528723
0.4636665
0.4552838
0.4461498
0.4536877
0.4751120
0.4902985
0.4832920
0.4573985
0.4275695
0.4015774
0.3733016
0.3344213
0.2883397
0.2489633
0.2257322
0.2122400
0.1918999
0.1551334
0.1092108
0.0698390
0.0446079
0.0273893
0.0087009
-0.0119225
-0.0261022
-0.0277452
-0.0215553
-0.0195501
-0.0293617
-0.0465233
-0.0591692
-0.0606936
-0.0566219
-0.0577792
-0.0676067
-0.0783217
-0.0799919
-0.0719190
-0.0639758
-0.0667925
-0.0809346
-0.0961601
-0.1019148
-0.0981256
-0.0941585
-0.0971484
-0.1039022
-0.1059919
-0.1007771
-0.0942612
-0.0931054
-0.0966116
-0.0984109
-0.0953010
-0.0923068
-0.0972221
-0.1101406
-0.1206903
-0.1180331
-0.1030448
-0.0880183
-0.0838205
-0.0895890
-0.0961357
-0.0973943
-0.0963385
-0.1001103
-0.1110842
-0.1236479
-0.1298440
-0.1276762
-0.1226964
-0.1209067
-0.1216462
-0.1193090
-0.1113856
-0.1025217
-0.0999326
-0.1058418
-0.1149150
-0.1188698
-0.1140113
-0.1047765
-0.0993557
-0.1014776
-0.1075759
-0.1125476
-0.1162998
-0.1223955
-0.1309294
-0.1352511
-0.1270452
-0.1045527
-0.0755792
-0.0519394
-0.0400871
-0.0371690
-0.0367716
-0.0373105
-0.0422673
-0.0522725
-0.0605613
-0.0590211
-0.0476561
-0.0355835
-0.0319239
-0.0363959
-0.0397324
-0.0341787
-0.0235206
-0.0208747
-0.0347943
-0.0586896
-0.0765539
-0.0792523
-0.0729920
-0.0711414
-0.0795520
-0.0912909
-0.0953266
-0.0893973
-0.0833310
-0.0885563
-0.1045857
-0.1181386
-0.1169517
-0.1025658
-0.0873948
-0.0805926
-0.0796373
-0.0756525
-0.0641307
-0.0486446
-0.0346174
-0.0207816
0.0025327
0.0473647
0.1223982
0.2337330
0.3870853
0.5823791
0.8028275
1.0106810
1.1549182
1.1835692
1.0552235
0.7548275
0.3153385
-0.1715440
-0.5786950
-0.8010805
-0.8129733
-0.6798412
-0.5108021
-0.3873582
-0.3252661
-0.2938610
-0.2627293
-0.2273311
-0.1984203
-0.1804464
-0.1667641
-0.1518012
-0.1408547
-0.1449557
-0.1669994
-0.1948919
-0.2099673
-0.2026981
-0.1799243
-0.1573732
-0.1465226
-0.1478512
-0.1532306
-0.1529931
-0.1430466
-0.1278769
-0.1162023
-0.1124929
-0.1135373
-0.1138591
-0.1124734
-0.1124173
-0.1147991
-0.1157226
-0.1098863
-0.0967130
-0.0820725
-0.0725400
-0.0672343
-0.0571946
-0.0352348
-0.0054821
0.0198009
0.0329306
0.0377822
0.0439210
0.0566462
0.0740582
0.0918404
0.1089551
0.1288649
0.1559415
0.1909824
0.2305117
0.2698920
0.3053918
0.3331610
0.3494060
0.3543193
0.3546475
0.3599409
0.3761194
0.4028398
0.4348755
0.4642972
0.4835501
0.4898840
0.4870663
0.4809930
0.4733223
0.4602706
0.4376579
0.4066627
0.3743293
0.3474801
0.3253592
0.2998106
0.2648335
0.2245949
0.1886945
0.1602027
0.1329437
0.1019686
0.0724117
0.0541057
0.0486413
0.0452281
0.0309316
0.0044004
-0.0221310
-0.0359334
-0.0382087
-0.0425574
-0.0580831
-0.0774786
-0.0850470
-0.0743893
-0.0543623
-0.0386581
-0.0337973
-0.0380074
-0.0479494
-0.0630868
-0.0831916
-0.1033502
-0.1142843
-0.1101993
-0.0959291
-0.0833018
-0.0794028
-0.0807921
-0.0803105
-0.0767742
-0.0757818
-0.0826266
-0.0963557
-0.1099545
-0.1154768
-0.1103337
-0.0995900
-0.0912601
-0.0891290
-0.0912063
-0.0944983
-0.0987598
-0.1050540
-0.1126793
-0.1185086
-0.1187541
-0.1120311
-0.1019793
-0.0956722
-0.0971994
-0.1035073
-0.1087088
-0.1115877
-0.1161088
-0.1247343
-0.1338715
-0.1367108
-0.1295777
-0.1156944
-0.1033369
-0.0992454
-0.1029511
-0.1087315
-0.1134434
-0.1197865
-0.1303257
-0.1411370
-0.1445735
-0.1375649
-0.1249778
-0.1147738
-0.1105264
-0.1081237
-0.0999295
-0.0835354
-0.0658772
-0.0563132
-0.0559260
-0.0569427
-0.0532816
-0.0479932
-0.0481701
-0.0549663
-0.0614241
-0.0600063
-0.0511519
-0.0437083
-0.0457514
-0.0547418
-0.0593479
-0.0530032
-0.0429039
-0.0418810
-0.0531725
-0.0680377
-0.0783276
-0.0863295
-0.0994252
-0.1174381
-0.1290307
-0.1227031
-0.1013446
-0.0832280
-0.0849671
-0.1036752
-0.1201377
-0.1207517
-0.1116464
-0.1081324
-0.1144428
-0.1192156
-0.1098717
-0.0869029
-0.0627384
-0.0481670
-0.0402284
-0.0223363
0.0245610
0.1114025
0.2401074
0.4079283
0.6066340
0.8159067
0.9995548
1.1089053
1.0921354
0.9116735
0.5701144
0.1291637
-0.3021168
-0.6131886
-0.7445192
-0.7114589
-0.5856433
-0.4490003
-0.3517254
-0.2999982
-0.2743896
-0.2561004
-0.2387985
-0.2245893
-0.2161006
-0.2121769
-0.2077930
-0.1982510
-0.1849227
-0.1750721
-0.1739143
-0.1786804
-0.1827190
-0.1833888
-0.1829292
-0.1826795
-0.1795584
-0.1692177
-0.1522811
-0.1370677
-0.1340513
-0.1449246
-0.1583965
-0.1608896
-0.1514042
-0.1414384
-0.1393446
-0.1394890
-0.1296323
-0.1060214
-0.0780377
-0.0587125
-0.0522789
-0.0512084
-0.0456132
-0.0350209
-0.0280164
-0.0287241
-0.0275213
-0.0098281
0.0272616
0.0713895
0.1074795
0.1303612
0.1455105
0.1613360
0.1820171
0.2059865
0.2301363
0.2547218
0.2824482
0.3130500
0.3423089
0.3677341
0.3915631
0.4158339
0.4378868
0.4539679
0.4649459
0.4750634
0.4858527
0.4934396
0.4917464
0.4782334
0.4575470
0.4384042
0.4240951
0.4070669
0.3771294
0.3352112
0.2944910
0.2663503
0.2485336
0.2287233
0.1973042
0.1555743
0.1136064
0.0810728
0.0590982
0.0412031
0.0224919
0.0053714
-0.0056070
-0.0111942
-0.0160199
-0.0222558
-0.0292123
-0.0378341
-0.0507658
-0.0673960
-0.0818481
-0.0869237
-0.0797529
-0.0649997
-0.0530283
-0.0520956
-0.0606342
-0.0695055
-0.0729540
-0.0742230
-0.0789262
-0.0865630
-0.0911968
-0.0880508
-0.0775017
-0.0648978
-0.0578888
-0.0614111
-0.0736241
-0.0881505
-0.1001856
-0.1082444
-0.1112204
-0.1081320
-0.1011140
-0.0946509
-0.0908407
-0.0883635
-0.0865006
-0.0872327
-0.0927949
-0.1029929
-0.1143939
-0.1207864
-0.1169296
-0.1049542
-0.0948938
-0.0951374
-0.1037830
-0.1126044
-0.1175376
-0.1212596
-0.1265701
-0.1311691
-0.1294548
-0.1181561
-0.1010517
-0.0883560
-0.0885361
-0.0995469
-0.1111449
-0.1167620
-0.1191742
-0.1231650
-0.1275577
-0.1276862
-0.1221143
-0.1134046
-0.1042713
-0.0954544
-0.0862159
-0.0759481
-0.0662813
-0.0606272
-0.0593976
-0.0576280
-0.0512841
-0.0441537
-0.0431878
-0.0477626
-0.0495533
-0.0440743
-0.0372047
-0.0378629
-0.0469384
-0.0553814
-0.0529080
-0.0392681
-0.0269109
-0.0293267
-0.0455163
-0.0605600
-0.0643591
-0.0643862
-0.0744202
-0.0947287
-0.1107239
-0.1106975
-0.0990747
-0.0904807
-0.0934857
-0.1021630
-0.1043094
-0.0976028
-0.0937382
-0.1023388
-0.1143692
-0.1103311
-0.0856331
-0.0585761
-0.0484950
-0.0526418
-0.0507240
-0.0280421
0.0131085
0.0654146
0.1350636
0.2435865
0.4078648
0.6177635
0.8360685
1.0193273
1.1308240
1.1314911
0.9761000
0.6448048
0.1886765
-0.2676034
-0.5869871
-0.7001493
-0.6392464
-0.5018257
-0.3787801
-0.3049863
-0.2657123
-0.2381022
-0.2182100
-0.2119286
-0.2152870
-0.2146301
-0.2022424
-0.1837811
-0.1706990
-0.1693047
-0.1761110
-0.1814228
-0.1791198
-0.1738562
-0.1753629
-0.1847980
-0.1913727
-0.1846901
-0.1666073
-0.1486984
-0.1408132
-0.1432219
-0.1474115
-0.1446344
-0.1360688
-0.1322724
-0.1383134
-0.1427964
-0.1293678
-0.0985666
-0.0703576
-0.0628006
-0.0734409
-0.0837382
-0.0782252
-0.0579488
-0.0372179
-0.0274848
-0.0242233
-0.0124903
0.0139510
0.0447171
0.0670975
0.0820027
0.0998494
0.1251718
0.1522522
0.1741254
0.1905379
0.2076827
0.2328971
0.2679315
0.3058507
0.3374304
0.3615586
0.3851959
0.4121962
0.4376460
0.4553672
0.4660048
0.4752015
0.4875463
0.5033659
0.5173683
0.5203646
0.5074474
0.4847233
0.4627475
0.4433323
0.4184925
0.3826664
0.3403282
0.3006490
0.2689407
0.2433845
0.2165936
0.1816932
0.1406010
0.1041082
0.0797442
0.0624651
0.0419032
0.0157021
-0.0092775
-0.0260392
-0.0329460
-0.0330981
-0.0327877
-0.0378912
-0.0480742
-0.0573993
-0.0630190
-0.0687248
-0.0771574
-0.0840497
-0.0843104
-0.0794014
-0.0749391
-0.0745039
-0.0781740
-0.0834668
-0.0865087
-0.0864690
-0.0888274
-0.0986678
-0.1109168
-0.1141436
-0.1049995
-0.0924878
-0.0869245
-0.0905484
-0.0994558
-0.1086565
-0.1143571
-0.1163518
-0.1184630
-0.1227518
-0.1250519
-0.1208193
-0.1128576
-0.1080094
-0.1087051
-0.1126510
-0.1176168
-0.1215828
-0.1221290
-0.1210275
-0.1250657
-0.1363110
-0.1456279
-0.1423516
-0.1278276
-0.1142423
-0.1119961
-0.1210883
-0.1319768
-0.1335994
-0.1251457
-0.1202613
-0.1326130
-0.1562274
-0.1688269
-0.1578386
-0.1351561
-0.1221633
-0.1268890
-0.1397869
-0.1463624
-0.1403986
-0.1284344
-0.1223851
-0.1246406
-0.1226665
-0.1038676
-0.0729723
-0.0474904
-0.0383113
-0.0423465
-0.0516543
-0.0608812
-0.0667327
-0.0683235
-0.0683130
-0.0683619
-0.0652997
-0.0567910
-0.0476300
-0.0451110
-0.0513519
-0.0642147
-0.0808416
-0.0961789
-0.1045874
-0.1082307
-0.1171119
-0.1347076
-0.1499220
-0.1499534
-0.1363714
-0.1229800
-0.1215152
-0.1325229
-0.1458843
-0.1489243
-0.1394170
-0.1302045
-0.1334649
-0.1417337
-0.1352830
-0.1091879
-0.0814912
-0.0707628
-0.0745747
-0.0736534
-0.0496688
0.0044468
0.0863490
0.1939637
0.3344204
0.5178561
0.7355214
0.9479611
1.1012556
1.1505623
1.0652976
0.8290481
0.4580138
0.0212202
-0.3748262
-0.6362100
-0.7267686
-0.6779960
-0.5628933
-0.4508855
-0.3728354
-0.3225992
-0.2867128
-0.2630032
-0.2517530
-0.2456331
-0.2377315
-0.2295739
-0.2233168
-0.2145261
-0.1998065
-0.1842499
-0.1751841
-0.1741409
-0.1780902
-0.1824237
-0.1817449
-0.1750321
-0.1695986
-0.1716850
-0.1752238
-0.1702105
-0.1597611
-0.1565312
-0.1631552
-0.1685297
-0.1637918
-0.1513876
-0.1384557
-0.1303064
-0.1288710
-0.1292787
-0.1210252
-0.1004216
-0.0773772
-0.0623251
-0.0527545
-0.0406590
-0.0256736
-0.0118786
0.0007541
0.0129124
0.0219677
0.0299382
0.0468942
0.0776184
0.1125274
0.1394498
0.1572541
0.1726512
0.1920447
0.2202727
0.2571869
0.2922416
0.3137801
0.3264254
0.3470007
0.3807559
0.4146097
0.4363488
0.4473390
0.4538733
0.4587043
0.4631262
0.4658766
0.4597940
0.4407290
0.4176565
0.4018598
0.3893713
0.3670056
0.3321138
0.2936176
0.2578342
0.2255267
0.1975010
0.1712208
0.1385862
0.0987216
0.0651318
0.0487842
0.0428546
0.0349000
0.0236864
0.0130463
0.0005378
-0.0161678
-0.0322071
-0.0447286
-0.0581615
-0.0724610
-0.0789326
-0.0751207
-0.0703671
-0.0703662
-0.0705298
-0.0694926
-0.0733653
-0.0821334
-0.0879540
-0.0900730
-0.0946548
-0.0983102
-0.0903555
-0.0732416
-0.0623942
-0.0643009
-0.0715962
-0.0787416
-0.0855171
-0.0882481
-0.0852067
-0.0857968
-0.0965776
-0.1052169
-0.0971680
-0.0802963
-0.0737760
-0.0810414
-0.0920194
-0.1020615
-0.1106899
-0.1128107
-0.1083366
-0.1083191
-0.1164817
-0.1196509
-0.1105995
-0.1023823
-0.1055633
-0.1109535
-0.1095338
-0.1088538
-0.1154735
-0.1219865
-0.1238386
-0.1272926
-0.1307982
-0.1224653
-0.1049493
-0.0977587
-0.1072742
-0.1195313
-0.1267317
-0.1337504
-0.1372750
-0.1288211
-0.1185791
-0.1242708
-0.1371778
-0.1318952
-0.1074116
-0.0856877
-0.0742134
-0.0632072
-0.0529442
-0.0506701
-0.0497416
-0.0433637
-0.0445125
-0.0603949
-0.0674879
-0.0470010
-0.0221752
-0.0234636
-0.0410191
-0.0481592
-0.0450397
-0.0436904
-0.0399922
-0.0342577
-0.0450452
-0.0707083
-0.0775238
-0.0567308
-0.0467973
-0.0684378
-0.0900544
-0.0887614
-0.0881046
-0.1039377
-0.1141611
-0.1111503
-0.1182677
-0.1300535
-0.1101830
-0.0693210
-0.0610729
-0.0833955
-0.0791293
-0.0479090
-0.0473843
-0.0706912
-0.0493066
0.0087945
0.0286368
0.0312777
0.1215843
0.2933592
0.4390839
0.5796499
0.8425164
1.1406983
1.1517217
0.7715333
