-0.0585505
-0.0619690
-0.0645042
-0.0651379
-0.0652083
-0.0667573
-0.0709107
-0.0761467
-0.0784737
-0.0750304
-0.0675571
-0.0607195
-0.0567032
-0.0530605
-0.0467463
-0.0390092
-0.0347159
-0.0367866
-0.0422978
-0.0448192
-0.0406662
-0.0325364
-0.0267957
-0.0275081
-0.0335577
-0.0411150
-0.0476102
-0.0529417
-0.0581703
-0.0642728
-0.0714575
-0.0782140
-0.0812111
-0.0779154
-0.0703256
-0.0651368
-0.0685340
-0.0802234
-0.0933109
-0.1009045
-0.1027243
-0.1043774
-0.1099708
-0.1166875
-0.1179068
-0.1110662
-0.1005381
-0.0922357
-0.0872174
-0.0822985
-0.0758307
-0.0699481
-0.0660277
-0.0602786
-0.0468863
-0.0252617
-0.0001175
0.0292264
0.0782214
0.1703548
0.3172104
0.5062614
0.7105459
0.9073628
1.0799019
1.1975480
1.2040371
1.0435816
0.7141259
0.2972610
-0.0748183
-0.2975210
-0.3534844
-0.3051885
-0.2341755
-0.1852447
-0.1584044
-0.1385598
-0.1216845
-0.1136437
-0.1147590
-0.1154212
-0.1077747
-0.0962314
-0.0924034
-0.1009021
-0.1136469
-0.1190532
-0.1143473
-0.1066595
-0.1030727
-0.1024045
-0.0976629
-0.0846959
-0.0665985
-0.0502006
-0.0400222
-0.0359382
-0.0350423
-0.0342734
-0.0316895
-0.0268573
-0.0207983
-0.0147648
-0.0081369
0.0020072
0.0178885
0.0372731
0.0540344
0.0638180
0.0689003
0.0761642
0.0898794
0.1074675
0.1232355
0.1356849
0.1497177
0.1709953
0.1988776
0.2261649
0.2462798
0.2601446
0.2752553
0.2979994
0.3275238
0.3574271
0.3828185
0.4046981
0.4270681
0.4504892
0.4698144
0.4792743
0.4797096
0.4795826
0.4874332
0.5028124
0.5151831
0.5124743
0.4910007
0.4571819
0.4201994
0.3837523
0.3449516
0.3001228
0.2503628
0.2011067
0.1570970
0.1186841
0.0829829
0.0478609
0.0144406
-0.0138238
-0.0341407
-0.0469938
-0.0565361
-0.0680774
-0.0839364
-0.1011365
-0.1139629
-0.1198960
-0.1229544
-0.1300035
-0.1429960
-0.1555444
-0.1585722
-0.1498975
-0.1374170
-0.1318256
-0.1362807
-0.1440939
-0.1467819
-0.1434117
-0.1410467
-0.1462121
-0.1569685
-0.1639949
-0.1592146
-0.1430116
-0.1233139
-0.1083742
-0.1007426
-0.0975536
-0.0953562
-0.0937852
-0.0948008
-0.0994370
-0.1062110
-0.1128050
-0.1187346
-0.1257593
-0.1355293
-0.1472249
-0.1580157
-0.1659185
-0.1717832
-0.1780968
-0.1859442
-0.1934726
-0.1974246
-0.1961152
-0.1910657
-0.1859365
-0.1835708
-0.1834304
-0.1818563
-0.1757172
-0.1664975
-0.1600139
-0.1604192
-0.1641345
-0.1616481
-0.1472516
-0.1256398
-0.1044909
-0.0777144
-0.0187009
0.1036419
0.2980538
0.5400723
0.7880498
1.0063455
1.1684165
1.2403749
1.1759703
0.9458474
0.5808373
0.1807468
-0.1345197
-0.2972404
-0.3257307
-0.2925218
-0.2608688
-0.2476759
-0.2366777
-0.2146608
-0.1892923
-0.1768491
-0.1821096
-0.1948347
-0.2029773
-0.2043908
-0.2048289
-0.2080001
-0.2107245
-0.2074171
-0.1968914
-0.1836976
-0.1737861
-0.1697895
-0.1698566
-0.1698426
-0.1665867
-0.1601139
-0.1531987
-0.1481630
-0.1434683
-0.1340357
-0.1162151
-0.0928040
-0.0719900
-0.0599449
-0.0545161
-0.0476025
-0.0345532
-0.0201753
-0.0136941
-0.0174846
-0.0224123
-0.0159879
0.0049369
0.0308367
0.0493590
0.0576963
0.0643961
0.0795083
0.1044266
0.1319593
0.1550852
0.1738969
0.1938336
0.2187949
0.2475037
0.2762403
0.3033983
0.3301910
0.3573077
0.3821582
0.4003392
0.4099915
0.4143714
0.4194695
0.4282201
0.4363888
0.4343375
0.4139894
0.3754652
0.3275020
0.2808840
0.2405092
0.2032221
0.1631029
0.1185732
0.0740824
0.0351293
0.0024915
-0.0279968
-0.0602075
-0.0930613
-0.1215259
-0.1419792
-0.1560587
-0.1689757
-0.1841664
-0.1997883
-0.2105329
-0.2129523
-0.2092231
-0.2057917
-0.2080108
-0.2155583
-0.2229725
-0.2251553
-0.2227907
-0.2220898
-0.2284920
-0.2403979
-0.2497539
-0.2496192
-0.2412240
-0.2328874
-0.2313720
-0.2344282
-0.2324820
-0.2180701
-0.1934961
-0.1690029
-0.1536056
-0.1480321
-0.1463667
-0.1435906
-0.1406328
-0.1422233
-0.1508834
-0.1638944
-0.1760253
-0.1844561
-0.1905978
-0.1974635
-0.2059262
-0.2137185
-0.2176839
-0.2166963
-0.2126687
-0.2092156
-0.2092963
-0.2134712
-0.2197580
-0.2250986
-0.2274393
-0.2269722
-0.2256913
-0.2256977
-0.2275499
-0.2298145
-0.2301603
-0.2273623
-0.2227643
-0.2196745
-0.2205820
-0.2244486
-0.2272391
-0.2261856
-0.2237625
-0.2261859
-0.2364113
-0.2485756
-0.2511113
-0.2371059
-0.2116848
-0.1880434
-0.1756217
-0.1727515
-0.1713017
-0.1673548
-0.1653503
-0.1712327
-0.1834043
-0.1928996
-0.1930285
-0.1872214
-0.1857420
-0.1948595
-0.2105122
-0.2228556
-0.2258207
-0.2213989
-0.2156904
-0.2127413
-0.2125860
-0.2133661
-0.2133527
-0.2112080
-0.2064315
-0.2008037
-0.1982280
-0.2012079
-0.2073221
-0.2108545
-0.2089853
-0.2053156
-0.2056006
-0.2101522
-0.2124112
-0.2062656
-0.1937274
-0.1834929
-0.1816557
-0.1853233
-0.1863661
-0.1804402
-0.1706551
-0.1624043
-0.1564624
-0.1485891
-0.1352617
-0.1182174
-0.1030642
-0.0945546
-0.0937607
-0.0986600
-0.1059437
-0.1124784
-0.1168285
-0.1205135
-0.1269308
-0.1374924
-0.1487097
-0.1545788
-0.1530443
-0.1495928
-0.1529887
-0.1667434
-0.1852715
-0.1990450
-0.2034041
-0.2019925
-0.2019111
-0.2063068
-0.2119408
-0.2133841
-0.2089194
-0.2023133
-0.1991492
-0.2014713
-0.2057929
-0.2063579
-0.2006468
-0.1917930
-0.1853676
-0.1836987
-0.1835807
-0.1794809
-0.1681448
-0.1494448
-0.1238989
-0.0919033
-0.0563237
-0.0229236
0.0065633
0.0437111
0.1126054
0.2343869
0.4093984
0.6145272
0.8178768
0.9933475
1.1186282
1.1626689
1.0860824
0.8664093
0.5296978
0.1551126
-0.1601019
-0.3514437
-0.4149359
-0.3941033
-0.3428123
-0.2953792
-0.2611100
-0.2364741
-0.2177077
-0.2042288
-0.1956980
-0.1899408
-0.1844977
-0.1790814
-0.1755346
-0.1751750
-0.1764154
-0.1753882
-0.1693407
-0.1595284
-0.1503098
-0.1447872
-0.1412690
-0.1344856
-0.1206065
-0.1009630
-0.0808406
-0.0650379
-0.0548212
-0.0485051
-0.0438494
-0.0396409
-0.0360149
-0.0343297
-0.0363779
-0.0422989
-0.0486739
-0.0499141
-0.0432458
-0.0324561
-0.0251504
-0.0250577
-0.0275573
-0.0240940
-0.0111416
0.0063340
0.0208560
0.0308284
0.0416897
0.0590066
0.0820219
0.1049394
0.1236716
0.1399159
0.1586419
0.1830262
0.2126449
0.2454983
0.2800514
0.3151176
0.3492925
0.3817045
0.4127077
0.4424700
0.4687599
0.4874532
0.4962574
0.4974253
0.4955307
0.4921247
0.4832527
0.4629329
0.4290409
0.3855314
0.3391885
0.2947099
0.2526671
0.2110841
0.1682356
0.1245393
0.0829752
0.0478699
0.0220755
0.0041663
-0.0113767
-0.0299975
-0.0523197
-0.0738472
-0.0899626
-0.1011199
-0.1124339
-0.1278362
-0.1450729
-0.1570332
-0.1580614
-0.1487810
-0.1350288
-0.1228002
-0.1144046
-0.1085363
-0.1027067
-0.0953403
-0.0866806
-0.0789515
-0.0755342
-0.0785786
-0.0862751
-0.0928548
-0.0927282
-0.0856040
-0.0772298
-0.0742467
-0.0780515
-0.0840557
-0.0869663
-0.0861011
-0.0850617
-0.0868168
-0.0902176
-0.0915307
-0.0884593
-0.0820217
-0.0751894
-0.0707387
-0.0700294
-0.0721617
-0.0736413
-0.0705258
-0.0626754
-0.0544735
-0.0472274
-0.0287503
0.0263154
0.1401060
0.3128428
0.5217869
0.7386464
0.9424053
1.1086801
1.1897791
1.1217592
0.8712043
0.4842694
0.0825960
-0.2052464
-0.3233364
-0.3106642
-0.2517594
-0.2074404
-0.1869699
-0.1721344
-0.1531527
-0.1375564
-0.1336786
-0.1375085
-0.1387951
-0.1341529
-0.1287037
-0.1264064
-0.1241960
-0.1175741
-0.1084990
-0.1038581
-0.1064751
-0.1109024
-0.1097488
-0.1025361
-0.0960972
-0.0963128
-0.1013220
-0.1039668
-0.1001316
-0.0932880
-0.0903996
-0.0938972
-0.0982446
-0.0945552
-0.0787047
-0.0552173
-0.0333470
-0.0190447
-0.0102545
0.0001899
0.0170454
0.0379552
0.0560909
0.0671627
0.0734676
0.0810990
0.0938337
0.1103762
0.1273461
0.1439312
0.1628397
0.1870081
0.2163389
0.2480689
0.2796321
0.3101754
0.3392740
0.3653580
0.3866080
0.4033622
0.4184759
0.4342791
0.4492027
0.4581189
0.4564383
0.4437096
0.4230136
0.3971842
0.3662369
0.3286282
0.2844646
0.2368558
0.1900936
0.1468701
0.1073270
0.0703539
0.0354148
0.0032699
-0.0246997
-0.0478841
-0.0674668
-0.0858646
-0.1042610
-0.1201014
-0.1278201
-0.1238045
-0.1116216
-0.1013719
-0.1018444
-0.1122104
-0.1221832
-0.1217533
-0.1111936
-0.1008452
-0.1006377
-0.1103105
-0.1204783
-0.1228179
-0.1181211
-0.1141607
-0.1168557
-0.1247215
-0.1315867
-0.1331434
-0.1300376
-0.1256730
-0.1227645
-0.1222935
-0.1242541
-0.1279248
-0.1316842
-0.1339801
-0.1350683
-0.1369208
-0.1404754
-0.1434013
-0.1419127
-0.1354105
-0.1286123
-0.1280581
-0.1362642
-0.1496536
-0.1622074
-0.1706532
-0.1760607
-0.1813103
-0.1879731
-0.1953848
-0.2014748
-0.2037981
-0.2006009
-0.1922823
-0.1821522
-0.1747855
-0.1726330
-0.1742125
-0.1760958
-0.1766399
-0.1772047
-0.1795421
-0.1827080
-0.1834422
-0.1797279
-0.1734091
-0.1688689
-0.1692169
-0.1738671
-0.1795027
-0.1830065
-0.1836618
-0.1831612
-0.1837356
-0.1858224
-0.1871455
-0.1844550
-0.1769739
-0.1683107
-0.1642354
-0.1677718
-0.1764369
-0.1846999
-0.1891016
-0.1904477
-0.1909922
-0.1905162
-0.1862918
-0.1768168
-0.1645237
-0.1542272
-0.1493676
-0.1500390
-0.1535814
-0.1556534
-0.1512183
-0.1370863
-0.1151754
-0.0912337
-0.0660283
-0.0259782
0.0541600
0.1936529
0.3877962
0.6080777
0.8205626
1.0011001
1.1291075
1.1699423
1.0763776
0.8232246
0.4485659
0.0561662
-0.2364809
-0.3676946
-0.3616046
-0.2959838
-0.2402550
-0.2169654
-0.2103230
-0.2001504
-0.1839918
-0.1723374
-0.1716567
-0.1766825
-0.1772343
-0.1686298
-0.1545293
-0.1418424
-0.1346979
-0.1326120
-0.1325021
-0.1317101
-0.1300090
-0.1296494
-0.1331495
-0.1400859
-0.1458933
-0.1447741
-0.1348065
-0.1202983
-0.1084807
-0.1033201
-0.1024426
-0.1001259
-0.0931233
-0.0833535
-0.0749944
-0.0693787
-0.0631582
-0.0516364
-0.0338780
-0.0144857
-0.0001698
0.0059002
0.0069695
0.0102293
0.0210714
0.0389878
0.0586591
0.0751907
0.0886845
0.1039583
0.1258597
0.1547997
0.1866752
0.2168024
0.2436811
0.2691542
0.2955596
0.3232175
0.3504955
0.3757164
0.3987286
0.4208788
0.4435830
0.4663600
0.4855419
0.4951286
0.4902074
0.4707096
0.4417582
0.4094561
0.3759466
0.3391031
0.2973650
0.2540128
0.2152631
0.1837162
0.1547306
0.1206532
0.0790201
0.0359863
0.0010740
-0.0215127
-0.0363478
-0.0519480
-0.0727356
-0.0954025
-0.1125504
-0.1197840
-0.1197448
-0.1196258
-0.1246034
-0.1333772
-0.1401693
-0.1412599
-0.1392847
-0.1404854
-0.1475784
-0.1560117
-0.1580367
-0.1504956
-0.1380715
-0.1287537
-0.1266554
-0.1295557
-0.1326806
-0.1336235
-0.1332414
-0.1327430
-0.1311257
-0.1257731
-0.1151532
-0.1007865
-0.0869298
-0.0784013
-0.0778612
-0.0839410
-0.0914772
-0.0943285
-0.0894961
-0.0795923
-0.0710331
-0.0684147
-0.0694757
-0.0660341
-0.0517115
-0.0296851
-0.0108600
-0.0005835
0.0146453
0.0646392
0.1747429
0.3445596
0.5476252
0.7521906
0.9385588
1.0910487
1.1745366
1.1310838
0.9167356
0.5526338
0.1382713
-0.1973968
-0.3729134
-0.3963226
-0.3405622
-0.2802725
-0.2464493
-0.2290106
-0.2094337
-0.1850619
-0.1665250
-0.1609540
-0.1632589
-0.1626127
-0.1536458
-0.1399759
-0.1286599
-0.1231854
-0.1216207
-0.1198531
-0.1156107
-0.1098684
-0.1053483
-0.1038598
-0.1045305
-0.1042471
-0.1001817
-0.0925461
-0.0849978
-0.0816956
-0.0831475
-0.0848210
-0.0805769
-0.0683902
-0.0529054
-0.0417286
-0.0384488
-0.0391571
-0.0361880
-0.0254913
-0.0101195
0.0036592
0.0132634
0.0222808
0.0361832
0.0563582
0.0789606
0.0992791
0.1162974
0.1326598
0.1509766
0.1712064
0.1917082
0.2119218
0.2332660
0.2576157
0.2854710
0.3155487
0.3455184
0.3729868
0.3965914
0.4169732
0.4362465
0.4550031
0.4689495
0.4694965
0.4498301
0.4117649
0.3660852
0.3245445
0.2904459
0.2570711
0.2156791
0.1649495
0.1123442
0.0666004
0.0298996
-0.0020346
-0.0329653
-0.0609617
-0.0810217
-0.0919769
-0.0990460
-0.1087352
-0.1221176
-0.1345761
-0.1422901
-0.1474696
-0.1557561
-0.1687946
-0.1811495
-0.1858232
-0.1823362
-0.1779711
-0.1804959
-0.1904005
-0.2010926
-0.2063970
-0.2067860
-0.2077972
-0.2130581
-0.2199020
-0.2221342
-0.2166783
-0.2071127
-0.2006333
-0.2014427
-0.2066815
-0.2085203
-0.2006275
-0.1835145
-0.1641484
-0.1500534
-0.1430606
-0.1384754
-0.1306030
-0.1193393
-0.1110613
-0.1124901
-0.1235403
-0.1367064
-0.1440422
-0.1447015
-0.1451134
-0.1515726
-0.1632271
-0.1730589
-0.1756770
-0.1732436
-0.1730106
-0.1793200
-0.1889209
-0.1945323
-0.1924775
-0.1862069
-0.1825089
-0.1850059
-0.1916191
-0.1977363
-0.2009881
-0.2027634
-0.2056709
-0.2102222
-0.2143146
-0.2159562
-0.2163035
-0.2195152
-0.2288384
-0.2423880
-0.2532443
-0.2547964
-0.2466918
-0.2352962
-0.2277170
-0.2253034
-0.2234061
-0.2175014
-0.2087666
-0.2028654
-0.2034383
-0.2077340
-0.2092449
-0.2043208
-0.1956138
-0.1891191
-0.1884733
-0.1923207
-0.1964959
-0.1979053
-0.1963613
-0.1935419
-0.1907636
-0.1874940
-0.1816646
-0.1718016
-0.1594185
-0.1488723
-0.1435403
-0.1416304
-0.1369042
-0.1245305
-0.1046941
-0.0771902
-0.0315800
0.0533533
0.1945765
0.3868961
0.6020364
0.8069496
0.9796537
1.1022000
1.1406158
1.0453469
0.7884189
0.4082560
0.0120030
-0.2806055
-0.4097133
-0.4026106
-0.3362062
-0.2744127
-0.2357850
-0.2080762
-0.1802123
-0.1558136
-0.1429461
-0.1413034
-0.1434377
-0.1446684
-0.1468602
-0.1525057
-0.1589819
-0.1611145
-0.1579876
-0.1544204
-0.1549998
-0.1583051
-0.1586103
-0.1530717
-0.1458668
-0.1443304
-0.1510890
-0.1604315
-0.1626593
-0.1522820
-0.1325937
-0.1128892
-0.1011188
-0.0982102
-0.0983359
-0.0944112
-0.0841539
-0.0718108
-0.0641296
-0.0639029
-0.0667793
-0.0645714
-0.0523975
-0.0329554
-0.0135706
0.0012018
0.0139291
0.0311951
0.0565030
0.0867235
0.1154806
0.1393939
0.1606590
0.1840980
0.2125420
0.2450419
0.2785208
0.3103411
0.3396396
0.3671872
0.3943168
0.4214335
0.4470748
0.4686803
0.4846813
0.4954869
0.5016372
0.5010027
0.4890076
0.4628582
0.4255467
0.3846050
0.3460972
0.3100075
0.2720018
0.2294751
0.1850351
0.1437037
0.1074019
0.0732138
0.0373175
-0.0000685
-0.0343519
-0.0611234
-0.0805567
-0.0971170
-0.1152820
-0.1358337
-0.1559388
-0.1720330
-0.1824010
-0.1878128
-0.1907787
-0.1942405
-0.1998118
-0.2062655
-0.2101258
-0.2089916
-0.2046611
