-0.0281702
-0.0154047
-0.0258448
-0.0445052
-0.0532323
-0.0492751
-0.0425779
-0.0451067
-0.0624651
-0.0874178
-0.1027619
-0.0985289
-0.0848620
-0.0803833
-0.0900664
-0.1030244
-0.1104510
-0.1159091
-0.1262593
-0.1402001
-0.1494556
-0.1477146
-0.1364466
-0.1235217
-0.1158650
-0.1123527
-0.1061187
-0.0953161
-0.0874048
-0.0890355
-0.0955157
-0.0959245
-0.0870510
-0.0768683
-0.0738007
-0.0759901
-0.0717707
-0.0487183
-0.0017784
0.0669529
0.1565594
0.2735967
0.4254224
0.6043039
0.7790840
0.9033905
0.9319887
0.8345687
0.6068405
0.2803437
-0.0772353
-0.3808965
-0.5623907
-0.6011265
-0.5315770
-0.4194500
-0.3207539
-0.2537728
-0.2047259
-0.1567471
-0.1110527
-0.0820264
-0.0773821
-0.0870098
-0.0910768
-0.0778226
-0.0530320
-0.0318471
-0.0217927
-0.0157791
-0.0024132
0.0198722
0.0420883
0.0565585
0.0655422
0.0771254
0.0950301
0.1143255
0.1268513
0.1299359
0.1290474
0.1314088
0.1378632
0.1428147
0.1420567
0.1380899
0.1364969
0.1392157
0.1434558
0.1460963
0.1469846
0.1479868
0.1504067
0.1541924
0.1595619
0.1687737
0.1849341
0.2080430
0.2333446
0.2556414
0.2750341
0.2962694
0.3220603
0.3492242
0.3727097
0.3920899
0.4123758
0.4383118
0.4685807
0.4961657
0.5147368
0.5243017
0.5294379
0.5319096
0.5271186
0.5095118
0.4801005
0.4460470
0.4126792
0.3779793
0.3360963
0.2854845
0.2323475
0.1854348
0.1475455
0.1132108
0.0759090
0.0368648
0.0044086
-0.0160862
-0.0294331
-0.0458524
-0.0698655
-0.0959073
-0.1150123
-0.1242307
-0.1284815
-0.1338644
-0.1408711
-0.1454107
-0.1456915
-0.1454014
-0.1486402
-0.1539013
-0.1562989
-0.1553227
-0.1566001
-0.1640237
-0.1725602
-0.1722726
-0.1598826
-0.1441130
-0.1377557
-0.1448006
-0.1571286
-0.1646480
-0.1668774
-0.1719100
-0.1842973
-0.1976860
-0.2019899
-0.1958755
-0.1886184
-0.1894161
-0.1977139
-0.2055289
-0.2074473
-0.2057915
-0.2057568
-0.2076777
-0.2063775
-0.1981705
-0.1862216
-0.1771656
-0.1735675
-0.1722497
-0.1700799
-0.1685317
-0.1708198
-0.1764618
-0.1815023
-0.1840895
-0.1873085
-0.1947682
-0.2043955
-0.2092735
-0.2062186
-0.2020363
-0.2078794
-0.2259925
-0.2445628
-0.2489107
-0.2373982
-0.2232441
-0.2197428
-0.2263306
-0.2313483
-0.2267287
-0.2162657
-0.2084783
-0.2045237
-0.1969359
-0.1801504
-0.1580928
-0.1382780
-0.1208161
-0.0984215
-0.0680939
-0.0375391
-0.0154678
0.0024819
0.0331210
0.0904707
0.1755627
0.2837888
0.4178831
0.5858872
0.7827434
0.9768182
1.1189013
1.1651546
1.0910397
0.8896495
0.5715986
0.1785708
-0.2074521
-0.4883237
-0.6038453
-0.5712502
-0.4692872
-0.3777014
-0.3265121
-0.2969091
-0.2620405
-0.2202549
-0.1904941
-0.1847330
-0.1935772
-0.1990338
-0.1947034
-0.1886839
-0.1892652
-0.1937524
-0.1933344
-0.1855220
-0.1778305
-0.1787648
-0.1874921
-0.1944103
-0.1917918
-0.1821143
-0.1745057
-0.1736808
-0.1744958
-0.1682721
-0.1529542
-0.1351981
-0.1227375
-0.1165536
-0.1114545
-0.1030734
-0.0921214
-0.0810113
-0.0681440
-0.0484918
-0.0206912
0.0089078
0.0320229
0.0476912
0.0628097
0.0826468
0.1037851
0.1195329
0.1313998
0.1511717
0.1889237
0.2402378
0.2886378
0.3221641
0.3456245
0.3738719
0.4135187
0.4546630
0.4823769
0.4937861
0.5001970
0.5124469
0.5276162
0.5323317
0.5174717
0.4866592
0.4499721
0.4121336
0.3696815
0.3192251
0.2649328
0.2151382
0.1727063
0.1321413
0.0874165
0.0403388
-0.0012748
-0.0330035
-0.0588009
-0.0855966
-0.1145396
-0.1396526
-0.1553901
-0.1638781
-0.1731044
-0.1883004
-0.2068927
-0.2226285
-0.2329279
-0.2401736
-0.2464854
-0.2500953
-0.2483188
-0.2424629
-0.2373875
-0.2359575
-0.2357305
-0.2325108
-0.2263983
-0.2222678
-0.2235026
-0.2270409
-0.2269082
-0.2222084
-0.2186078
-0.2203826
-0.2234886
-0.2200730
-0.2097527
-0.2026072
-0.2081496
-0.2227579
-0.2317074
-0.2251029
-0.2095336
-0.2010754
-0.2071043
-0.2182879
-0.2203194
-0.2110022
-0.2018589
-0.2028884
-0.2098780
-0.2097281
-0.1964500
-0.1780497
-0.1668687
-0.1661295
-0.1685671
-0.1670103
-0.1625302
-0.1604234
-0.1607999
-0.1573458
-0.1462416
-0.1328248
-0.1260837
-0.1275757
-0.1295913
-0.1256592
-0.1199936
-0.1231374
-0.1384578
-0.1562395
-0.1634238
-0.1579333
-0.1504583
-0.1514778
-0.1592630
-0.1632270
-0.1576154
-0.1478093
-0.1418802
-0.1396018
-0.1337639
-0.1212779
-0.1081370
-0.1009374
-0.0963574
-0.0831846
-0.0544855
-0.0128704
0.0399898
0.1165625
0.2395000
0.4200922
0.6410914
0.8617829
1.0367981
1.1263224
1.0931052
0.9062680
0.5663266
0.1324312
-0.2853077
-0.5785983
-0.7016432
-0.6883345
-0.6132380
-0.5353701
-0.4737168
-0.4241343
-0.3856808
-0.3651844
-0.3632312
-0.3669697
-0.3613448
-0.3440571
-0.3255818
-0.3156619
-0.3135382
-0.3119573
-0.3069712
-0.3003503
-0.2935257
-0.2835213
-0.2672081
-0.2473811
-0.2311094
-0.2217630
-0.2153966
-0.2064332
-0.1948225
-0.1849424
-0.1780725
-0.1692529
-0.1534500
-0.1331038
-0.1165108
-0.1080114
-0.1021009
-0.0895966
-0.0688823
-0.0479984
-0.0342341
-0.0239630
-0.0058682
0.0258862
0.0645358
0.0980903
0.1219330
0.1419598
0.1661514
0.1960872
0.2279989
0.2597361
0.2932493
0.3298196
0.3659596
0.3967718
0.4223513
0.4476520
0.4750867
0.4998704
0.5151291
0.5204597
0.5223027
0.5249422
0.5234408
0.5077904
0.4736218
0.4267791
0.3768196
0.3280174
0.2787804
0.2289270
0.1839423
0.1496589
0.1241403
0.0980301
0.0639992
0.0241395
-0.0132717
-0.0430086
-0.0669185
-0.0891473
-0.1099267
-0.1257130
-0.1342795
-0.1373752
-0.1380615
-0.1376509
-0.1370125
-0.1393712
-0.1484291
-0.1626690
-0.1741472
-0.1756935
-0.1686641
-0.1610437
-0.1577437
-0.1556269
-0.1497641
-0.1419456
-0.1386578
-0.1399231
-0.1343547
-0.1099027
-0.0695548
-0.0323225
-0.0156733
-0.0182931
-0.0230428
-0.0165116
-0.0021578
0.0072475
0.0066622
0.0038833
0.0079962
0.0174789
0.0232096
0.0213785
0.0187200
0.0233402
0.0339346
0.0425156
0.0474441
0.0586507
0.0860625
0.1246977
0.1561236
0.1664124
0.1596405
0.1507355
0.1467552
0.1397872
0.1197941
0.0905065
0.0675128
0.0601334
0.0595211
0.0483183
0.0205939
-0.0119954
-0.0346836
-0.0462839
-0.0581168
-0.0783365
-0.1022982
-0.1199870
-0.1290120
-0.1358412
-0.1449829
-0.1520641
-0.1507237
-0.1435071
-0.1405081
-0.1458976
-0.1502330
-0.1406333
-0.1173289
-0.0948127
-0.0843440
-0.0791574
-0.0616112
-0.0235864
0.0267493
0.0823015
0.1571310
0.2810192
0.4692593
0.6989170
0.9168855
1.0692380
1.1199904
1.0468141
0.8349962
0.4928486
0.0769397
-0.3105085
-0.5684538
-0.6558014
-0.6103734
-0.5114483
-0.4218786
-0.3598865
-0.3146492
-0.2766231
-0.2485385
-0.2339561
-0.2263186
-0.2145512
-0.1963873
-0.1810539
-0.1779761
-0.1857463
-0.1940396
-0.1948499
-0.1894489
-0.1843086
-0.1826065
-0.1817352
-0.1785194
-0.1743285
-0.1733101
-0.1762887
-0.1784545
-0.1741637
-0.1633766
-0.1521882
-0.1466200
-0.1463088
-0.1447678
-0.1358419
-0.1195163
-0.1011666
-0.0855664
-0.0724686
-0.0581719
-0.0402505
-0.0194051
0.0032322
0.0290053
0.0604893
0.0973358
0.1345075
0.1657595
0.1891496
0.2087480
0.2307436
0.2583133
0.2906363
0.3260339
0.3642335
0.4046048
0.4433311
0.4744970
0.4950371
0.5078797
0.5189125
0.5304776
0.5385762
0.5371376
0.5246182
0.5053351
0.4841975
0.4616035
0.4350135
0.4049676
0.3771851
0.3571402
0.3434205
0.3284821
0.3067228
0.2806230
0.2574450
0.2400052
0.2223960
0.1961796
0.1602872
0.1231212
0.0942461
0.0752597
0.0602653
0.0447666
0.0318820
0.0283949
0.0356036
0.0461846
0.0511228
0.0488214
0.0458170
0.0483125
0.0546217
0.0575997
0.0540696
0.0495543
0.0521012
0.0623035
0.0715913
0.0712929
0.0621882
0.0534506
0.0520276
0.0545965
0.0514229
0.0378225
0.0200775
0.0088979
0.0077379
0.0089981
0.0020030
-0.0163575
-0.0395131
-0.0586862
-0.0709840
-0.0798666
-0.0889553
-0.0970077
-0.0995192
-0.0944846
-0.0855159
-0.0790733
-0.0792469
-0.0855548
-0.0950489
-0.1053281
-0.1151835
-0.1233962
-0.1284871
-0.1304020
-0.1318147
-0.1363859
-0.1448942
-0.1535919
-0.1575645
-0.1561150
-0.1540413
-0.1568365
-0.1649764
-0.1737961
-0.1789917
-0.1812450
-0.1847072
-0.1914330
-0.1984963
-0.2012185
-0.1987970
-0.1958762
-0.1981102
-0.2062052
-0.2144031
-0.2149363
-0.2045751
-0.1876671
-0.1727509
-0.1649489
-0.1605602
-0.1493338
-0.1225926
-0.0781923
-0.0158921
0.0712441
0.1963523
0.3649924
0.5608344
0.7471560
0.8836104
0.9400314
0.8944891
0.7268189
0.4295598
0.0361768
-0.3652580
-0.6632638
-0.7866126
-0.7482176
-0.6283943
-0.5122129
-0.4372496
-0.3921235
-0.3531281
-0.3144110
-0.2857538
-0.2724111
-0.2664009
-0.2572364
-0.2443868
-0.2349557
-0.2319135
-0.2300133
-0.2243008
-0.2183317
-0.2198729
-0.2292379
-0.2360152
-0.2298808
-0.2132149
-0.1999583
-0.2009096
-0.2118114
-0.2178576
-0.2096517
-0.1927326
-0.1804385
-0.1788690
-0.1809097
-0.1749499
-0.1572498
-0.1341640
-0.1133235
-0.0952023
-0.0743969
-0.0474829
-0.0170409
0.0126788
0.0421984
0.0769124
0.1208515
0.1720214
0.2248286
0.2761541
0.3276523
0.3821273
0.4389801
0.4941404
0.5441040
0.5891534
0.6322814
0.6752306
0.7157936
0.7488492
0.7699851
0.7785639
0.7778136
0.7717828
0.7614127
0.7432504
0.7128212
0.6702395
0.6221746
0.5768426
0.5362825
0.4944891
0.4445951
0.3879405
0.3345384
0.2932808
0.2621616
0.2299123
0.1882434
0.1415191
0.1027517
0.0798980
0.0675523
0.0531126
0.0301385
0.0039442
-0.0159402
-0.0268003
-0.0346399
-0.0458439
-0.0592252
-0.0677223
-0.0671917
-0.0617060
-0.0593423
-0.0635035
-0.0695005
-0.0698207
-0.0621124
-0.0516120
-0.0459404
-0.0477269
-0.0522607
-0.0524050
-0.0460873
-0.0389640
-0.0392234
-0.0494188
-0.0637927
-0.0742238
-0.0786304
-0.0826066
-0.0923147
-0.1065638
-0.1172430
-0.1179465
-0.1111365
-0.1056543
-0.1073595
-0.1134018
-0.1161338
-0.1115878
-0.1029120
-0.0958047
-0.0920812
-0.0885936
-0.0818188
-0.0723225
-0.0643681
-0.0617380
-0.0645406
-0.0700018
-0.0757433
-0.0817765
-0.0893086
-0.0980391
-0.1052078
-0.1078444
-0.1062615
-0.1050569
-0.1098243
-0.1221691
-0.1380992
-0.1519374
-0.1618585
-0.1708676
-0.1819913
-0.1934243
-0.1998350
-0.1987441
-0.1943370
-0.1935340
-0.1983710
-0.2037736
-0.2038518
-0.1992600
-0.1959460
-0.1956551
-0.1894551
-0.1633426
-0.1108573
-0.0380939
0.0459378
0.1435204
0.2700421
0.4387336
0.6419664
0.8466405
1.0066033
1.0792140
1.0341142
0.8567613
0.5567323
0.1796455
-0.1941618
-0.4776296
-0.6199957
-0.6323310
-0.5725541
-0.5014141
-0.4465763
-0.4020871
-0.3552832
-0.3091278
-0.2785259
-0.2702205
-0.2725656
-0.2673275
-0.2492277
-0.2306562
-0.2266711
-0.2375268
-0.2478662
-0.2427174
-0.2225320
-0.2017243
-0.1935590
-0.1979777
-0.2040769
-0.2025129
-0.1937005
-0.1842519
-0.1776149
-0.1700915
-0.1559779
-0.1350571
-0.1137200
-0.0987512
-0.0909557
-0.0854262
-0.0774376
-0.0669342
-0.0569107
-0.0483734
-0.0382047
-0.0223343
-0.0002538
0.0244577
0.0480981
0.0706058
0.0948354
0.1224746
0.1518367
0.1805669
0.2100841
0.2457282
0.2910864
0.3421975
0.3887411
0.4223753
0.4442032
0.4633041
0.4873091
0.5146768
0.5366966
0.5465503
0.5450104
0.5367730
0.5228799
0.4991827
0.4626840
0.4171079
0.3697825
0.3232997
0.2729251
0.2141505
0.1516625
0.0979134
0.0613078
0.0370325
0.0116115
-0.0231513
-0.0620831
-0.0930582
-0.1102355
-0.1193634
-0.1301515
-0.1452668
-0.1583384
-0.1623777
-0.1584905
-0.1552044
-0.1595867
-0.1701060
-0.1787479
-0.1796737
-0.1750365
-0.1721498
-0.1755653
-0.1825916
-0.1865222
-0.1834914
-0.1755404
-0.1673775
-0.1614784
-0.1573117
-0.1545912
-0.1551613
-0.1603094
-0.1671758
-0.1701647
-0.1671521
-0.1632650
-0.1665872
-0.1793989
-0.1945678
-0.2017667
-0.1974741
-0.1883748
-0.1847419
-0.1907845
-0.2014594
-0.2079234
-0.2053427
-0.1958580
-0.1854983
-0.1792860
-0.1787587
-0.1825614
-0.1882217
-0.1934675
-0.1968807
-0.1983313
-0.1992036
-0.2018308
-0.2078401
-0.2163461
-0.2238831
-0.2270377
-0.2260262
-0.2255719
-0.2311953
-0.2437160
-0.2576068
-0.2657606
-0.2664263
-0.2649735
-0.2681773
-0.2769777
-0.2856599
-0.2883501
-0.2855188
-0.2832830
-0.2864413
-0.2929389
-0.2955824
-0.2890387
-0.2750529
-0.2610065
-0.2532846
-0.2512823
-0.2471133
-0.2313049
-0.1994433
-0.1530783
-0.0929507
-0.0111521
0.1074841
0.2722322
0.4724352
0.6769651
0.8482598
0.9557991
0.9757288
0.8836470
0.6609624
0.3204120
-0.0733554
-0.4194642
-0.6327997
-0.6926385
-0.6456942
-0.5627630
-0.4903820
-0.4372441
-0.3947853
-0.3596483
-0.3348832
-0.3185369
-0.3013819
-0.2779001
-0.2541291
-0.2403546
-0.2378521
-0.2370491
-0.2290318
-0.2148962
-0.2013378
-0.1898732
-0.1750559
-0.1537548
-0.1319015
-0.1186945
-0.1158722
-0.1168094
-0.1167224
-0.1195213
-0.1308252
-0.1458722
-0.1497679
-0.1327734
-0.1031141
-0.0805476
-0.0763201
-0.0819921
-0.0797511
-0.0618354
-0.0367767
-0.0167360
-0.0023798
0.0170260
0.0501129
0.0935966
0.1367446
0.1727199
0.2028335
0.2309121
0.2576011
0.2823611
0.3086525
0.3428680
0.3866352
0.4324609
0.4697167
0.4949066
0.5140216
0.5340709
0.5541866
0.5671428
0.5689867
0.5642190
0.5595595
0.5538896
0.5372697
0.5011336
0.4480344
0.3895815
0.3352030
0.2849534
0.2339998
0.1819977
0.1352548
0.0994367
0.0726084
0.0474792
0.0196723
-0.0084783
-0.0325875
-0.0521291
-0.0694953
-0.0843382
-0.0923516
-0.0914232
-0.0869144
-0.0875801
-0.0958783
-0.1050617
-0.1078365
-0.1062578
-0.1097887
-0.1229480
-0.1378292
-0.1417386
-0.1316808
-0.1184568
-0.1152814
-0.1241956
-0.1355760
-0.1398827
-0.1369438
-0.1329811
-0.1314391
-0.1300056
-0.1263481
-0.1233406
-0.1261364
-0.1351046
-0.1443933
-0.1484829
-0.1486766
-0.1514662
-0.1607500
-0.1731755
-0.1817841
-0.1832478
-0.1803279
-0.1774589
-0.1753967
-0.1712293
-0.1630838
-0.1533435
-0.1464675
-0.1442813
-0.1444842
-0.1438815
-0.1420511
-0.1410684
-0.1423526
-0.1453399
-0.1496332
-0.1567616
-0.1677333
-0.1788711
-0.1824725
-0.1738691
-0.1575710
-0.1441821
-0.1398279
-0.1396596
-0.1336938
-0.1191315
-0.1048246
-0.1018536
-0.1105061
-0.1189402
-0.1157430
-0.1023356
-0.0910681
-0.0913601
-0.0999669
-0.1061510
-0.1047531
-0.1012542
