-0.1930990
-0.1705697
-0.1567666
-0.1523482
-0.1526160
-0.1517833
-0.1474522
-0.1417572
-0.1387233
-0.1402187
-0.1438883
-0.1449404
-0.1403727
-0.1317988
-0.1240481
-0.1207148
-0.1209769
-0.1208380
-0.1174129
-0.1116972
-0.1069298
-0.1044488
-0.1016965
-0.0947147
-0.0825389
-0.0686597
-0.0576882
-0.0505171
-0.0431442
-0.0307236
-0.0128306
0.0057543
0.0200186
0.0304441
0.0431158
0.0634882
0.0901808
0.1157952
0.1344585
0.1481713
0.1648004
0.1895510
0.2192322
0.2458786
0.2659040
0.2845334
0.3103470
0.3458656
0.3845773
0.4174796
0.4415373
0.4607137
0.4792024
0.4954492
0.5041455
0.5035795
0.4992490
0.4989415
0.5043698
0.5085417
0.5019072
0.4810662
0.4514439
0.4218001
0.3964105
0.3723222
0.3436350
0.3082539
0.2708011
0.2391597
0.2177603
0.2035987
0.1887604
0.1674898
0.1414039
0.1177454
0.1021580
0.0932248
0.0845747
0.0723992
0.0599876
0.0537869
0.0550805
0.0569527
0.0507495
0.0353873
0.0191110
0.0114255
0.0138527
0.0193581
0.0205120
0.0170525
0.0149660
0.0190756
0.0277911
0.0352369
0.0374980
0.0360177
0.0352789
0.0380119
0.0428229
0.0459654
0.0451587
0.0420067
0.0408552
0.0447389
0.0518493
0.0562789
0.0532260
0.0439659
0.0351649
0.0325457
0.0352519
0.0370554
0.0332816
0.0259525
0.0216032
0.0243663
0.0318700
0.0378725
0.0381161
0.0332051
0.0265174
0.0204299
0.0147794
0.0082084
0.0003775
-0.0069070
-0.0103380
-0.0073194
0.0013767
0.0107580
0.0144130
0.0096750
0.0005121
-0.0055445
-0.0043532
0.0008871
0.0032168
-0.0004430
-0.0059187
-0.0066090
-0.0011980
0.0045605
0.0042354
-0.0018398
-0.0066367
-0.0042618
0.0029916
0.0062871
-0.0008685
-0.0157405
-0.0285461
-0.0312969
-0.0244488
-0.0153776
-0.0110652
-0.0123909
-0.0148289
-0.0137944
-0.0089980
-0.0039838
-0.0019727
-0.0023343
-0.0008914
0.0065546
0.0208011
0.0386608
0.0552174
0.0668355
0.0728794
0.0754589
0.0776655
0.0812559
0.0850957
0.0857716
0.0806029
0.0708798
0.0619506
0.0591730
0.0631368
0.0690127
0.0709404
0.0670426
0.0600875
0.0537324
0.0488781
0.0438276
0.0372646
0.0302636
0.0253075
0.0237465
0.0243240
0.0239205
0.0198755
0.0124342
0.0055202
0.0043767
0.0109282
0.0209626
0.0271130
0.0260709
0.0227158
0.0257212
0.0384089
0.0548962
0.0664653
0.0715257
0.0781043
0.0962605
0.1295000
0.1752869
0.2338341
0.3143511
0.4303762
0.5873257
0.7725805
0.9544789
1.0885243
1.1271662
1.0334217
0.7988703
0.4588139
0.0903982
-0.2143615
-0.3898123
-0.4260437
-0.3655091
-0.2702201
-0.1852341
-0.1241007
-0.0801893
-0.0461073
-0.0218767
-0.0092781
-0.0047270
-0.0010331
0.0051058
0.0104410
0.0110048
0.0087583
0.0102610
0.0188201
0.0299507
0.0359490
0.0342453
0.0298812
0.0297644
0.0357296
0.0437953
0.0491870
0.0508041
0.0509698
0.0522895
0.0557140
0.0610374
0.0679412
0.0760790
0.0848471
0.0937934
0.1030508
0.1127301
0.1218897
0.1288687
0.1332705
0.1375032
0.1457980
0.1612008
0.1831540
0.2077583
0.2304999
0.2493299
0.2657900
0.2833384
0.3042437
0.3277327
0.3511035
0.3727205
0.3938397
0.4173192
0.4445453
0.4738277
0.5018043
0.5260407
0.5460105
0.5620410
0.5742212
0.5825840
0.5875749
0.5895630
0.5881115
0.5824405
0.5725391
0.5589143
0.5408665
0.5160176
0.4829230
0.4442325
0.4058910
0.3719874
0.3407157
0.3067303
0.2680071
0.2294202
0.1983625
0.1768765
0.1591164
0.1371708
0.1090965
0.0809065
0.0608974
0.0521794
0.0501472
0.0464865
0.0359079
0.0202652
0.0070568
0.0033930
0.0099518
0.0199010
0.0241424
0.0186970
0.0076112
-0.0014088
-0.0043910
-0.0042587
-0.0069378
-0.0148081
-0.0241678
-0.0288153
-0.0258563
-0.0183126
-0.0125039
-0.0127355
-0.0179317
-0.0232033
-0.0250059
-0.0248945
-0.0277580
-0.0359599
-0.0456954
-0.0501741
-0.0468311
-0.0406889
-0.0396705
-0.0466300
-0.0567885
-0.0632112
-0.0639283
-0.0630220
-0.0655216
-0.0725897
-0.0816431
-0.0895268
-0.0944763
-0.0960428
-0.0950875
-0.0942913
-0.0971014
-0.1046192
-0.1137641
-0.1199106
-0.1219183
-0.1236273
-0.1293324
-0.1381317
-0.1441127
-0.1427785
-0.1365196
-0.1326781
-0.1361529
-0.1446172
-0.1513379
-0.1522618
-0.1498506
-0.1500351
-0.1558415
-0.1642737
-0.1693844
-0.1682066
-0.1635936
-0.1613484
-0.1646772
-0.1713728
-0.1762304
-0.1762194
-0.1735224
-0.1736087
-0.1800192
-0.1905904
-0.1987247
-0.1988132
-0.1909908
-0.1807681
-0.1737064
-0.1701008
-0.1649641
-0.1536445
-0.1375672
-0.1239880
-0.1195905
-0.1243000
-0.1315207
-0.1342037
-0.1304657
-0.1239504
-0.1200117
-0.1219682
-0.1297655
-0.1404738
-0.1497786
-0.1545164
-0.1553442
-0.1568055
-0.1633073
-0.1741602
-0.1833524
-0.1854704
-0.1818752
-0.1799502
-0.1856956
-0.1977417
-0.2093225
-0.2155388
-0.2174761
-0.2190632
-0.2212011
-0.2203835
-0.2132823
-0.2017783
-0.1924162
-0.1903744
-0.1940616
-0.1962171
-0.1910644
-0.1806419
-0.1732616
-0.1742048
-0.1773201
-0.1672843
-0.1325355
-0.0764660
-0.0136070
0.0474249
0.1162005
0.2124390
0.3435892
0.4906373
0.6159922
0.6827344
0.6644548
0.5421324
0.3058705
-0.0262168
-0.3889978
-0.6832300
-0.8266369
-0.8059921
-0.6826869
-0.5445135
-0.4466529
-0.3912849
-0.3530356
-0.3148670
-0.2794081
-0.2552378
-0.2426112
-0.2346624
-0.2268625
-0.2201855
-0.2161606
-0.2133078
-0.2097766
-0.2063659
-0.2042549
-0.2013439
-0.1942652
-0.1842745
-0.1778190
-0.1788897
-0.1824896
-0.1789664
-0.1653785
-0.1499816
-0.1433753
-0.1462817
-0.1486849
-0.1417113
-0.1282665
-0.1197912
-0.1229343
-0.1316397
-0.1334432
-0.1223238
-0.1037612
-0.0874235
-0.0765903
-0.0657078
-0.0475776
-0.0216689
0.0050411
0.0249347
0.0370247
0.0475916
0.0640532
0.0883198
0.1158657
0.1409011
0.1622458
0.1841026
0.2110642
0.2425194
0.2724488
0.2951423
0.3108701
0.3252174
0.3426464
0.3614331
0.3756810
0.3820291
0.3832681
0.3846473
0.3871298
0.3854938
0.3737008
0.3515150
0.3247571
0.2989060
0.2735013
0.2437153
0.2069350
0.1665857
0.1291091
0.0979420
0.0711141
0.0444065
0.0160924
-0.0115765
-0.0349623
-0.0525643
-0.0660671
-0.0783372
-0.0905213
-0.1009084
-0.1066928
-0.1074236
-0.1070277
-0.1116161
-0.1239255
-0.1396200
-0.1502971
-0.1513804
-0.1468288
-0.1449511
-0.1492772
-0.1545477
-0.1526781
-0.1423403
-0.1313420
-0.1287723
-0.1354366
-0.1432578
-0.1443009
-0.1392155
-0.1357351
-0.1393289
-0.1467513
-0.1494429
-0.1426240
-0.1302490
-0.1211179
-0.1207387
-0.1271618
-0.1341787
-0.1377312
-0.1387907
-0.1404535
-0.1433634
-0.1449260
-0.1429466
-0.1390075
-0.1371956
-0.1393828
-0.1427861
-0.1434143
-0.1418864
-0.1441384
-0.1546213
-0.1691268
-0.1766549
-0.1701660
-0.1548860
-0.1441644
-0.1465336
-0.1579226
-0.1673946
-0.1694989
-0.1691222
-0.1738753
-0.1836755
-0.1901306
-0.1863265
-0.1751616
-0.1663158
-0.1656395
-0.1695017
-0.1702737
-0.1659509
-0.1625832
-0.1669612
-0.1780835
-0.1870786
-0.1858838
-0.1755299
-0.1652520
-0.1633099
-0.1690952
-0.1745864
-0.1732003
-0.1664223
-0.1613274
-0.1619438
-0.1638681
-0.1580929
-0.1403589
-0.1164026
-0.0974605
-0.0903663
-0.0920913
-0.0937702
-0.0894780
-0.0807854
-0.0733089
-0.0698387
-0.0675314
-0.0618450
-0.0526891
-0.0458699
-0.0478454
-0.0591763
-0.0738446
-0.0853362
-0.0927691
-0.1002490
-0.1104699
-0.1204112
-0.1246756
-0.1228393
-0.1216870
-0.1285137
-0.1425045
-0.1546483
-0.1572910
-0.1526003
-0.1497298
-0.1537608
-0.1596066
-0.1581792
-0.1472470
-0.1338625
-0.1257780
-0.1227732
-0.1186008
-0.1105805
-0.1038071
-0.1035108
-0.1046940
-0.0929864
-0.0575703
-0.0016086
0.0626210
0.1290402
0.2061112
0.3080561
0.4371327
0.5738059
0.6825273
0.7259934
0.6766950
0.5230563
0.2751139
-0.0293898
-0.3274270
-0.5503576
-0.6547651
-0.6436583
-0.5605695
-0.4600466
-0.3770888
-0.3171600
-0.2691698
-0.2249452
-0.1871218
-0.1622569
-0.1508307
-0.1460369
-0.1410760
-0.1351481
-0.1314988
-0.1311087
-0.1302299
-0.1245280
-0.1145029
-0.1055576
-0.1024981
-0.1046982
-0.1072595
-0.1064515
-0.1029595
-0.0995432
-0.0965563
-0.0910098
-0.0803176
-0.0664005
-0.0554316
-0.0529417
-0.0586257
-0.0659000
-0.0672166
-0.0605097
-0.0503839
-0.0425178
-0.0369724
-0.0277766
-0.0096679
0.0152406
0.0386613
0.0545436
0.0654660
0.0793679
0.1000919
0.1230774
0.1417511
0.1568160
0.1764816
0.2067566
0.2436158
0.2769034
0.3014448
0.3219973
0.3462647
0.3747733
0.4001337
0.4166166
0.4281226
0.4442909
0.4689073
0.4943999
0.5091279
0.5089872
0.5000593
0.4899682
0.4786533
0.4592281
0.4274276
0.3883038
0.3521612
0.3241256
0.2992328
0.2688482
0.2311498
0.1934482
0.1635747
0.1405887
0.1160524
0.0846824
0.0519288
0.0292252
0.0217220
0.0221804
0.0180532
0.0039120
-0.0145715
-0.0287613
-0.0367780
-0.0432875
-0.0509893
-0.0558029
-0.0523103
-0.0422883
-0.0349062
-0.0375015
-0.0476068
-0.0557067
-0.0556512
-0.0507579
-0.0488684
-0.0526792
-0.0568927
-0.0550537
-0.0473052
-0.0399129
-0.0379079
-0.0400098
-0.0412610
-0.0393703
-0.0371349
-0.0385870
-0.0437275
-0.0479648
-0.0468987
-0.0411313
-0.0358378
-0.0357123
-0.0408473
-0.0476421
-0.0530960
-0.0575073
-0.0628833
-0.0692803
-0.0736188
-0.0728305
-0.0679789
-0.0640754
-0.0649173
-0.0687832
-0.0706735
-0.0688660
-0.0675333
-0.0715040
-0.0792521
-0.0831840
-0.0778707
-0.0668944
-0.0597859
-0.0619166
-0.0689554
-0.0725575
-0.0704319
-0.0683936
-0.0720038
-0.0786948
-0.0806526
-0.0747947
-0.0670319
-0.0653408
-0.0702788
-0.0745439
-0.0717966
-0.0637141
-0.0568156
-0.0534868
-0.0488238
-0.0373849
-0.0210414
-0.0074216
-0.0004900
0.0047975
0.0166188
0.0359901
0.0543931
0.0623205
0.0591934
0.0537784
0.0548146
0.0619119
0.0660581
0.0586973
0.0397418
0.0169463
-0.0014140
-0.0126085
-0.0193512
-0.0255664
-0.0330379
-0.0414509
-0.0503981
-0.0603723
-0.0715059
-0.0819760
-0.0889354
-0.0916920
-0.0931577
-0.0968592
-0.1024758
-0.1056028
-0.1027979
-0.0961755
-0.0915609
-0.0916516
-0.0923072
-0.0873522
-0.0768996
-0.0683339
-0.0667279
-0.0653249
-0.0490542
-0.0092163
0.0475767
0.1083552
0.1717946
0.2540941
0.3736766
0.5290390
0.6919175
0.8213417
0.8825678
0.8534745
0.7205833
0.4817701
0.1620256
-0.1756642
-0.4474539
-0.5911215
-0.6013630
-0.5267090
-0.4307743
-0.3521230
-0.2943778
-0.2463004
-0.2047158
-0.1772971
-0.1686690
-0.1708393
-0.1699169
-0.1597642
-0.1460937
-0.1376988
-0.1364753
-0.1371473
-0.1348729
-0.1305983
-0.1284356
-0.1294087
-0.1297276
-0.1256513
-0.1186785
-0.1142893
-0.1153801
-0.1181454
-0.1153896
-0.1037758
-0.0873671
-0.0739494
-0.0678352
-0.0660921
-0.0618786
-0.0516671
-0.0388662
-0.0297332
-0.0258828
-0.0218438
-0.0106442
0.0086488
0.0297277
0.0455406
0.0555553
0.0659746
0.0825715
0.1040649
0.1237998
0.1381475
0.1517886
0.1732296
0.2053792
0.2419381
0.2736002
0.2969865
0.3166471
0.3385349
0.3626927
0.3835205
0.3972664
0.4076849
0.4223979
0.4435140
0.4636397
0.4726183
0.4676044
0.4549531
0.4418886
0.4276470
0.4043759
0.3671378
0.3218746
0.2816481
0.2541269
0.2337568
0.2078187
0.1702182
0.1278854
0.0929274
0.0696149
0.0505826
0.0260039
-0.0046404
-0.0311818
-0.0435309
-0.0430735
-0.0420556
-0.0512696
-0.0694615
-0.0859387
-0.0928805
-0.0933706
-0.0968522
-0.1079002
-0.1207869
-0.1253932
-0.1180126
-0.1057391
-0.0998791
-0.1052519
-0.1163633
-0.1237915
-0.1234262
-0.1192613
-0.1181221
-0.1224590
-0.1279771
-0.1277877
-0.1191159
-0.1063394
-0.0972643
-0.0961384
-0.1004465
-0.1044939
-0.1054548
-0.1053726
-0.1075431
-0.1117760
-0.1139818
-0.1108188
-0.1043634
-0.1010469
-0.1052493
-0.1145898
-0.1224962
-0.1250525
-0.1242213
-0.1244183
-0.1272287
-0.1302050
-0.1303052
-0.1277752
-0.1263665
-0.1295399
-0.1364226
-0.1420956
-0.1426081
-0.1396319
-0.1393517
-0.1460451
-0.1565844
-0.1617990
-0.1545634
-0.1376963
-0.1234062
-0.1231560
-0.1371572
-0.1545583
-0.1643855
-0.1652900
-0.1639591
-0.1655294
-0.1678334
-0.1654242
-0.1574713
-0.1496932
-0.1479070
-0.1507141
-0.1502336
-0.1406375
-0.1247376
-0.1108264
-0.1035708
-0.0995685
-0.0919503
-0.0778784
-0.0607712
-0.0460312
-0.0356193
-0.0269847
-0.0170368
-0.0066456
-0.0003502
-0.0012449
-0.0071227
-0.0128983
-0.0166042
-0.0216776
-0.0327289
-0.0496334
-0.0666172
-0.0776429
-0.0827060
-0.0881641
-0.1001166
-0.1178268
-0.1346934
-0.1453826
-0.1503746
-0.1533423
-0.1563186
-0.1590130
-0.1613285
-0.1640533
-0.1669839
-0.1682779
-0.1666425
-0.1631794
-0.1597746
-0.1558714
-0.1485585
-0.1370768
-0.1257794
-0.1194131
-0.1146711
-0.0998139
-0.0657675
-0.0154595
0.0425513
0.1096950
0.2007432
0.3266256
0.4749042
0.6109616
0.6986270
0.7159234
0.6498295
0.4843964
0.2099258
-0.1451770
-0.4964477
-0.7353099
-0.7972375
-0.7065858
-0.5538330
-0.4257395
-0.3524099
-0.3119528
-0.2740261
-0.2327975
-0.2026140
-0.1927245
-0.1940324
-0.1899297
-0.1741628
-0.1544783
-0.1413494
-0.1376138
-0.1389950
-0.1403736
-0.1392375
-0.1353414
-0.1298055
-0.1243168
-0.1197441
-0.1153570
-0.1097919
-0.1025423
-0.0943511
-0.0864853
-0.0796214
-0.0732278
-0.0665219
-0.0603315
-0.0568341
-0.0562490
-0.0546953
-0.0470657
-0.0320343
-0.0132628
0.0040309
0.0169487
0.0262752
0.0354302
0.0478100
0.0641116
0.0823424
0.1007360
0.1198235
0.1411875
0.1653416
0.1915435
0.2185483
0.2448260
0.2692634
0.2924083
0.3157978
0.3394184
0.3613025
0.3805035
0.3990252
0.4195812
0.4421397
0.4632787
0.4784202
0.4849692
0.4844266
0.4809951
0.4764915
0.4670759
0.4471012
0.4161754
0.3804560
0.3468840
0.3178520
0.2912942
0.2639345
0.2341781
0.2032472
0.1735065
0.1450303
0.1151976
0.0831097
0.0526782
0.0290839
0.0133531
0.0023813
-0.0071483
-0.0169043
-0.0271673
-0.0363968
-0.0418829
-0.0432016
-0.0439617
-0.0482545
-0.0564303
-0.0654306
-0.0715111
-0.0719847
-0.0671173
-0.0614280
-0.0600648
-0.0627872
-0.0648332
-0.0644280
-0.0650367
-0.0688822
-0.0729810
-0.0735234
-0.0699026
-0.0630953
-0.0548652
-0.0495814
-0.0511272
-0.0566463
-0.0592670
-0.0580817
-0.0587428
-0.0632517
-0.0669056
-0.0665485
-0.0633672
-0.0569089
-0.0473710
-0.0455254
-0.0661486
-0.1052916
