0.2832462
0.3587793
0.3194383
0.2940412
0.3181170
0.3285624
0.3018221
0.2779977
0.2678813
0.2394817
0.1930270
0.1650598
0.1578098
0.1351388
0.0893801
0.0514778
0.0343851
0.0191265
-0.0034932
-0.0231527
-0.0394402
-0.0607979
-0.0786437
-0.0783456
-0.0695200
-0.0731955
-0.0872282
-0.0940345
-0.0926424
-0.0950869
-0.1012933
-0.1033983
-0.1048302
-0.1121447
-0.1185725
-0.1158366
-0.1107521
-0.1123177
-0.1150520
-0.1113957
-0.1073773
-0.1110544
-0.1184377
-0.1234643
-0.1282057
-0.1324947
-0.1285499
-0.1164809
-0.1103394
-0.1186811
-0.1324086
-0.1397932
-0.1406270
-0.1397402
-0.1397674
-0.1446213
-0.1566225
-0.1671479
-0.1639737
-0.1502747
-0.1427368
-0.1491787
-0.1611275
-0.1690936
-0.1720383
-0.1714121
-0.1683205
-0.1667781
-0.1690866
-0.1694947
-0.1622875
-0.1527651
-0.1500946
-0.1535547
-0.1560648
-0.1565821
-0.1587802
-0.1620942
-0.1635847
-0.1639911
-0.1637278
-0.1586692
-0.1479937
-0.1401110
-0.1426397
-0.1515087
-0.1563741
-0.1518328
-0.1391367
-0.1233815
-0.1122047
-0.1091903
-0.1054569
-0.0866689
-0.0509610
-0.0088227
0.0398634
0.1182287
0.2537925
0.4512488
0.6851093
0.9113356
1.0823361
1.1570078
1.1040913
0.9045542
0.5666141
0.1498462
-0.2370785
-0.4883878
-0.5659277
-0.5139055
-0.4132985
-0.3256138
-0.2705749
-0.2382926
-0.2132535
-0.1905444
-0.1746764
-0.1673260
-0.1627569
-0.1567794
-0.1524326
-0.1523220
-0.1526338
-0.1504482
-0.1500195
-0.1548206
-0.1589088
-0.1535103
-0.1388814
-0.1241761
-0.1181179
-0.1228762
-0.1333379
-0.1397866
-0.1353927
-0.1231363
-0.1114709
-0.1028652
-0.0921636
-0.0765652
-0.0605014
-0.0490491
-0.0422690
-0.0373927
-0.0315975
-0.0222176
-0.0092083
0.0028517
0.0102820
0.0170244
0.0305941
0.0523064
0.0766333
0.0988240
0.1178865
0.1336791
0.1467708
0.1603510
0.1774449
0.1968756
0.2154101
0.2323801
0.2494979
0.2686288
0.2919487
0.3203967
0.3492247
0.3696249
0.3783280
0.3814641
0.3854780
0.3883310
0.3832407
0.3674651
0.3441455
0.3186270
0.2953880
0.2754434
0.2549023
0.2289936
0.1982483
0.1673424
0.1380837
0.1082372
0.0775355
0.0498944
0.0287897
0.0145090
0.0061133
0.0018719
-0.0022217
-0.0100331
-0.0210341
-0.0317020
-0.0405696
-0.0488405
-0.0573608
-0.0661712
-0.0752323
-0.0823954
-0.0832173
-0.0767482
-0.0692638
-0.0681812
-0.0739478
-0.0812461
-0.0861185
-0.0886745
-0.0909169
-0.0950599
-0.1021700
-0.1098821
-0.1132238
-0.1096787
-0.1018977
-0.0947742
-0.0921238
-0.0957391
-0.1035734
-0.1087706
-0.1054707
-0.0964884
-0.0901730
-0.0882971
-0.0823125
-0.0637180
-0.0325714
0.0090604
0.0698305
0.1702591
0.3276292
0.5367864
0.7645418
0.9650568
1.1020820
1.1539404
1.0992934
0.9127963
0.5916639
0.1890161
-0.1911871
-0.4464855
-0.5343224
-0.4890725
-0.3881890
-0.2983742
-0.2434727
-0.2125010
-0.1892645
-0.1699327
-0.1574278
-0.1509147
-0.1467551
-0.1442991
-0.1446442
-0.1461025
-0.1456872
-0.1439226
-0.1444578
-0.1489092
-0.1539625
-0.1538074
-0.1456755
-0.1339248
-0.1273264
-0.1297992
-0.1350948
-0.1340688
-0.1260912
-0.1189251
-0.1177066
-0.1188331
-0.1156082
-0.1059067
-0.0928716
-0.0809058
-0.0720872
-0.0646330
-0.0546174
-0.0406610
-0.0262075
-0.0154532
-0.0080807
0.0003682
0.0144290
0.0364231
0.0655127
0.0964602
0.1217474
0.1382315
0.1505202
0.1654232
0.1843921
0.2033245
0.2182201
0.2292074
0.2403758
0.2566885
0.2790416
0.3012962
0.3144569
0.3149735
0.3069524
0.2956944
0.2817954
0.2625338
0.2363826
0.2048861
0.1719607
0.1417946
0.1154251
0.0893876
0.0600334
0.0289768
0.0017184
-0.0189823
-0.0357932
-0.0529614
-0.0720427
-0.0911357
-0.1062048
-0.1137519
-0.1144481
-0.1137059
-0.1168082
-0.1240263
-0.1317109
-0.1366336
-0.1378124
-0.1363133
-0.1355743
-0.1399272
-0.1499253
-0.1601470
-0.1639273
-0.1597627
-0.1519653
-0.1463160
-0.1460452
-0.1503290
-0.1554198
-0.1584740
-0.1606940
-0.1649712
-0.1705442
-0.1729420
-0.1700860
-0.1657059
-0.1652692
-0.1703374
-0.1778563
-0.1834974
-0.1853509
-0.1857786
-0.1893139
-0.1969518
-0.2033215
-0.2021324
-0.1941564
-0.1872102
-0.1880143
-0.1959551
-0.2046867
-0.2081303
-0.2053317
-0.2010469
-0.2009212
-0.2047789
-0.2059995
-0.1993204
-0.1879081
-0.1805121
-0.1823114
-0.1901632
-0.1961331
-0.1945998
-0.1869541
-0.1802216
-0.1798873
-0.1837561
-0.1847864
-0.1800967
-0.1740455
-0.1711995
-0.1696102
-0.1637649
-0.1521876
-0.1390395
-0.1283576
-0.1185897
-0.1035054
-0.0778652
-0.0402817
0.0124782
0.0942447
0.2267596
0.4209645
0.6591201
0.8976553
1.0871397
1.1873031
1.1673242
1.0054343
0.7026595
0.3026817
-0.1067347
-0.4249884
-0.5879176
-0.5994491
-0.5197001
-0.4199859
-0.3429838
-0.2954883
-0.2664047
-0.2449841
-0.2266918
-0.2113384
-0.2001987
-0.1936834
-0.1901714
-0.1870108
-0.1826148
-0.1777422
-0.1753049
-0.1781063
-0.1848388
-0.1886802
-0.1827240
-0.1678666
-0.1533134
-0.1480986
-0.1531490
-0.1616295
-0.1651274
-0.1593513
-0.1462568
-0.1318615
-0.1207861
-0.1123244
-0.1025401
-0.0896148
-0.0755602
-0.0631342
-0.0529883
-0.0438916
-0.0343333
-0.0238985
-0.0138148
-0.0052563
0.0038166
0.0184232
0.0410875
0.0675750
0.0902739
0.1056035
0.1166816
0.1291291
0.1454899
0.1634761
0.1790494
0.1917325
0.2066923
0.2297836
0.2601519
0.2899998
0.3128305
0.3298727
0.3466637
0.3647262
0.3785569
0.3806679
0.3689380
0.3492443
0.3305717
0.3165489
0.3021760
0.2800898
0.2492620
0.2155960
0.1846073
0.1561988
0.1270677
0.0960841
0.0663615
0.0430314
0.0289887
0.0216710
0.0143556
0.0021021
-0.0136187
-0.0272212
-0.0354862
-0.0406421
-0.0473851
-0.0577852
-0.0688208
-0.0746802
-0.0726702
-0.0673096
-0.0668091
-0.0743674
-0.0845982
-0.0900417
-0.0897770
-0.0897699
-0.0954269
-0.1053752
-0.1126317
-0.1115434
-0.1039487
-0.0981045
-0.1001943
-0.1072067
-0.1102853
-0.1053809
-0.0981245
-0.0967743
-0.1020764
-0.1061687
-0.1014365
-0.0891824
-0.0783845
-0.0752071
-0.0746400
-0.0648339
-0.0396503
-0.0023211
0.0472250
0.1254482
0.2578739
0.4544080
0.6927467
0.9266643
1.1079623
1.1989595
1.1693784
0.9948011
0.6739847
0.2556969
-0.1582879
-0.4549775
-0.5732753
-0.5362393
-0.4245024
-0.3166794
-0.2478097
-0.2112379
-0.1873511
-0.1669195
-0.1530162
-0.1494154
-0.1524994
-0.1544010
-0.1507495
-0.1431926
-0.1359384
-0.1323609
-0.1339895
-0.1394731
-0.1440415
-0.1428699
-0.1363987
-0.1304846
-0.1298047
-0.1321426
-0.1304671
-0.1204441
-0.1053978
-0.0937844
-0.0913832
-0.0956655
-0.0984573
-0.0944062
-0.0856313
-0.0774707
-0.0715029
-0.0644851
-0.0529402
-0.0367136
-0.0184859
-0.0015437
0.0121544
0.0232854
0.0348858
0.0499801
0.0691596
0.0903948
0.1107539
0.1285055
0.1445813
0.1619505
0.1822468
0.2029546
0.2195692
0.2309208
0.2405798
0.2521553
0.2647792
0.2744942
0.2791421
0.2805577
0.2818863
0.2830632
0.2791403
0.2639713
0.2364750
0.2026041
0.1698999
0.1405824
0.1113264
0.0793301
0.0468187
0.0192437
0.0000407
-0.0127579
-0.0253253
-0.0429454
-0.0651000
-0.0859301
-0.1002944
-0.1087436
-0.1156932
-0.1236254
-0.1306002
-0.1333659
-0.1317724
-0.1295985
-0.1309471
-0.1357530
-0.1396842
-0.1397550
-0.1393167
-0.1448782
-0.1571797
-0.1679045
-0.1675355
-0.1557730
-0.1423813
-0.1375146
-0.1420640
-0.1479545
-0.1478163
-0.1436692
-0.1446637
-0.1556548
-0.1698522
-0.1752128
-0.1678675
-0.1569391
-0.1552852
-0.1667278
-0.1830152
-0.1924991
-0.1912676
-0.1860766
-0.1864799
-0.1942897
-0.2018359
-0.2011395
-0.1933427
-0.1873893
-0.1899264
-0.1982702
-0.2037524
-0.2010776
-0.1937495
-0.1901396
-0.1942216
-0.2009450
-0.2018773
-0.1949454
-0.1866604
-0.1843578
-0.1883565
-0.1930462
-0.1940099
-0.1920602
-0.1907805
-0.1918968
-0.1936930
-0.1934888
-0.1911535
-0.1895780
-0.1911080
-0.1938396
-0.1924246
-0.1829555
-0.1669784
-0.1508585
-0.1408195
-0.1370518
-0.1320535
-0.1166744
-0.0893012
-0.0565738
-0.0209740
0.0320462
0.1295933
0.2896719
0.5032363
0.7377069
0.9553229
1.1236206
1.2078967
1.1630650
0.9505827
0.5788916
0.1294399
-0.2694936
-0.5124617
-0.5752058
-0.5139679
-0.4124367
-0.3266321
-0.2690897
-0.2299643
-0.2025468
-0.1886664
-0.1881375
-0.1924075
-0.1918664
-0.1860597
-0.1824720
-0.1855525
-0.1904394
-0.1887505
-0.1782286
-0.1647718
-0.1559949
-0.1545035
-0.1572980
-0.1601999
-0.1615976
-0.1617041
-0.1594501
-0.1522718
-0.1397549
-0.1257435
-0.1149044
-0.1077660
-0.1009566
-0.0923295
-0.0841308
-0.0802447
-0.0809809
-0.0813777
-0.0750354
-0.0599876
-0.0407476
-0.0239296
-0.0117353
-0.0005141
0.0141812
0.0323711
0.0501236
0.0642342
0.0755220
0.0880073
0.1054639
0.1283237
0.1534283
0.1770318
0.1980930
0.2181966
0.2386424
0.2589526
0.2786139
0.2989550
0.3219800
0.3473133
0.3709251
0.3874905
0.3945401
0.3941312
0.3894178
0.3794803
0.3596056
0.3284778
0.2935328
0.2656835
0.2476182
0.2296356
0.1995258
0.1565389
0.1138093
0.0856445
0.0727835
0.0619095
0.0407389
0.0121147
-0.0093512
-0.0144837
-0.0103190
-0.0119806
-0.0259986
-0.0446329
-0.0562769
-0.0584263
-0.0587602
-0.0648797
-0.0754922
-0.0827135
-0.0817552
-0.0761304
-0.0728037
-0.0743497
-0.0779648
-0.0810967
-0.0849995
-0.0918391
-0.1003272
-0.1059160
-0.1048835
-0.0975796
-0.0882528
-0.0821604
-0.0818989
-0.0853127
-0.0870264
-0.0831513
-0.0753458
-0.0697725
-0.0704766
-0.0730295
-0.0664207
-0.0435276
-0.0084008
0.0317349
0.0840906
0.1754114
0.3320446
0.5516801
0.7966158
1.0160692
1.1724164
1.2434863
1.2049994
1.0256437
0.6951308
0.2624952
-0.1622827
-0.4612772
-0.5779921
-0.5435112
-0.4396101
-0.3372370
-0.2637013
-0.2141025
-0.1793803
-0.1586995
-0.1521017
-0.1523704
-0.1497144
-0.1421502
-0.1364212
-0.1377099
-0.1419763
-0.1412002
-0.1342426
-0.1286285
-0.1309274
-0.1382051
-0.1410814
-0.1343639
-0.1228149
-0.1159021
-0.1175824
-0.1221255
-0.1203311
-0.1093531
-0.0954923
-0.0872097
-0.0863760
-0.0870358
-0.0821008
-0.0703132
-0.0566106
-0.0461411
-0.0382943
-0.0272081
-0.0087204
0.0138721
0.0326282
0.0439182
0.0529426
0.0678938
0.0903415
0.1131449
0.1284260
0.1366348
0.1465141
0.1656927
0.1920000
0.2152844
0.2281529
0.2337633
0.2419259
0.2582151
0.2784171
0.2936739
0.2995566
0.2992501
0.2985616
0.2988413
0.2951795
0.2814862
0.2569626
0.2269191
0.1971062
0.1682057
0.1368148
0.1013645
0.0657585
0.0365506
0.0167576
0.0027986
-0.0121422
-0.0313720
-0.0513583
-0.0655773
-0.0716229
-0.0737509
-0.0781841
-0.0867092
-0.0953996
-0.0989889
-0.0958453
-0.0890817
-0.0836121
-0.0823136
-0.0847599
-0.0892570
-0.0953700
-0.1036962
-0.1132569
-0.1200918
-0.1193921
-0.1096355
-0.0950587
-0.0837991
-0.0821929
-0.0895184
-0.0985665
-0.1025856
-0.1019314
-0.1030580
-0.1107065
-0.1219915
-0.1290363
-0.1273188
-0.1207209
-0.1177842
-0.1229707
-0.1322606
-0.1380136
-0.1377067
-0.1365155
-0.1408014
-0.1502255
-0.1575170
-0.1558514
-0.1457143
-0.1345369
-0.1300447
-0.1338178
-0.1407668
-0.1445578
-0.1434791
-0.1410786
-0.1415484
-0.1451501
-0.1481899
-0.1468778
-0.1410009
-0.1342314
-0.1309590
-0.1323188
-0.1350793
-0.1348942
-0.1310923
-0.1280161
-0.1308808
-0.1396383
-0.1469993
-0.1437527
-0.1275266
-0.1060984
-0.0900609
-0.0812173
-0.0699497
-0.0457273
-0.0080110
0.0379593
0.0975747
0.1942957
0.3536830
0.5762572
0.8264733
1.0488036
1.1926225
1.2213272
1.1066117
0.8328331
0.4235919
-0.0356429
-0.4183508
-0.6227837
-0.6328720
-0.5200779
-0.3847813
-0.2901023
-0.2409415
-0.2119292
-0.1851116
-0.1618734
-0.1495769
-0.1475925
-0.1483390
-0.1463100
-0.1414783
-0.1355679
-0.1293181
-0.1239219
-0.1216042
-0.1224878
-0.1226687
-0.1181631
-0.1106614
-0.1069163
-0.1109741
-0.1181573
-0.1188207
-0.1085804
-0.0933727
-0.0830285
-0.0805092
-0.0793191
-0.0718686
-0.0584918
-0.0465190
-0.0411095
-0.0389388
-0.0317207
-0.0151458
0.0066065
0.0252754
0.0368829
0.0452748
0.0573814
0.0755692
0.0953703
0.1107600
0.1209925
0.1317789
0.1498868
0.1767207
0.2069569
0.2332978
0.2528239
0.2690847
0.2882215
0.3131527
0.3413442
0.3676437
0.3888380
0.4057580
0.4215261
0.4376899
0.4515660
0.4573917
0.4507431
0.4322996
0.4072141
0.3806114
0.3536448
0.3238679
0.2893358
0.2521969
0.2178628
0.1900612
0.1666715
0.1413050
0.1098788
0.0755037
0.0460285
0.0262759
0.0130464
-0.0015420
-0.0214951
-0.0421264
-0.0545616
-0.0553554
-0.0509678
-0.0518401
-0.0621960
-0.0765901
-0.0866093
-0.0898380
-0.0913383
-0.0969033
-0.1061922
-0.1130927
-0.1123598
-0.1052546
-0.0986047
-0.0987143
-0.1062685
-0.1165281
-0.1237407
-0.1256417
-0.1248804
-0.1265897
-0.1334930
-0.1422389
-0.1452667
-0.1382160
-0.1259764
-0.1195152
-0.1247153
-0.1347953
-0.1361567
-0.1230220
-0.1047191
-0.0959664
-0.0998451
-0.1028417
-0.0878620
-0.0491583
0.0095426
0.0905329
0.2088698
0.3776158
0.5865196
0.7990463
0.9709396
1.0679265
1.0647606
0.9370010
0.6708918
0.2929545
-0.1134105
-0.4359368
-0.5950073
-0.5889991
-0.4846850
-0.3643344
-0.2771194
-0.2291054
-0.2047421
-0.1898116
-0.1781001
-0.1674944
-0.1575827
-0.1504331
-0.1489141
-0.1521725
-0.1548431
-0.1528954
-0.1492231
-0.1507659
-0.1594977
-0.1684351
-0.1685023
-0.1586774
-0.1473814
-0.1433652
-0.1466595
-0.1496714
-0.1464176
-0.1388501
-0.1333973
-0.1325525
-0.1316995
-0.1245786
-0.1104752
-0.0946899
-0.0823729
-0.0734952
-0.0645052
-0.0537315
-0.0435872
-0.0372107
-0.0338594
-0.0283238
-0.0148317
0.0084864
0.0382218
0.0677788
0.0910519
0.1057499
0.1148154
0.1245635
0.1398322
0.1597294
0.1785255
0.1917259
0.2012064
0.2133296
0.2315755
0.2519271
0.2665268
0.2715665
0.2702815
0.2676179
0.2630595
0.2504105
0.2251076
0.1906049
0.1562779
0.1289854
0.1073851
0.0845522
0.0553378
0.0208648
-0.0131006
-0.0408663
-0.0601728
-0.0726933
-0.0826192
-0.0942008
-0.1088381
-0.1234937
-0.1326702
-0.1334565
-0.1291827
-0.1272581
-0.1323643
-0.1417616
-0.1481245
-0.1474942
-0.1439835
-0.1457979
-0.1563098
-0.1695427
-0.1752058
-0.1685193
-0.1549026
-0.1447701
-0.1438677
-0.1489893
-0.1528927
-0.1524674
-0.1513025
-0.1545515
-0.1624748
-0.1699036
-0.1717729
-0.1682945
