-0.1194643
-0.1148528
-0.1155357
-0.1231348
-0.1297845
-0.1267471
-0.1145867
-0.1032403
-0.1018098
-0.1092868
-0.1160778
-0.1143281
-0.1060122
-0.1006711
-0.1054886
-0.1177540
-0.1270253
-0.1248606
-0.1128323
-0.1011189
-0.0988995
-0.1058943
-0.1135813
-0.1148645
-0.1118199
-0.1127539
-0.1214498
-0.1307369
-0.1284153
-0.1098390
-0.0834540
-0.0629265
-0.0542843
-0.0519129
-0.0470918
-0.0387091
-0.0338429
-0.0379585
-0.0465537
-0.0485178
-0.0381108
-0.0222884
-0.0145855
-0.0213558
-0.0350265
-0.0420661
-0.0374950
-0.0301870
-0.0328480
-0.0475092
-0.0628240
-0.0666015
-0.0597161
-0.0555921
-0.0656634
-0.0871764
-0.1067966
-0.1151170
-0.1151240
-0.1159175
-0.1207995
-0.1244250
-0.1212314
-0.1133616
-0.1080877
-0.1088116
-0.1115028
-0.1106128
-0.1061530
-0.1027803
-0.1026468
-0.1016477
-0.0937420
-0.0775656
-0.0572331
-0.0369355
-0.0157953
0.0126566
0.0583878
0.1336153
0.2516337
0.4223108
0.6437683
0.8940876
1.1277438
1.2801664
1.2834160
1.0936321
0.7215891
0.2460495
-0.2089503
-0.5289461
-0.6634219
-0.6415797
-0.5397487
-0.4289700
-0.3430857
-0.2831458
-0.2403593
-0.2106382
-0.1926181
-0.1816334
-0.1717109
-0.1621030
-0.1572712
-0.1589417
-0.1611020
-0.1558855
-0.1436201
-0.1337074
-0.1340239
-0.1414551
-0.1455299
-0.1411205
-0.1346812
-0.1360714
-0.1456113
-0.1521718
-0.1451946
-0.1269761
-0.1110189
-0.1082418
-0.1164255
-0.1239870
-0.1228056
-0.1155600
-0.1105130
-0.1110115
-0.1117927
-0.1054312
-0.0909399
-0.0749743
-0.0648468
-0.0613809
-0.0592335
-0.0537450
-0.0461806
-0.0411855
-0.0393060
-0.0336702
-0.0159888
0.0136698
0.0446314
0.0652230
0.0749975
0.0856279
0.1080827
0.1399047
0.1678221
0.1837665
0.1958175
0.2202242
0.2626157
0.3101232
0.3443050
0.3606213
0.3723246
0.3947191
0.4284405
0.4607448
0.4818484
0.4959285
0.5141198
0.5392315
0.5612425
0.5684326
0.5598827
0.5443836
0.5281457
0.5070847
0.4730600
0.4260167
0.3768670
0.3372205
0.3077978
0.2788822
0.2420925
0.1998534
0.1620193
0.1340596
0.1106670
0.0821637
0.0464215
0.0126422
-0.0077605
-0.0135555
-0.0157130
-0.0264421
-0.0469159
-0.0669632
-0.0768437
-0.0778658
-0.0801055
-0.0901679
-0.1031457
-0.1080380
-0.1005201
-0.0885622
-0.0844846
-0.0923521
-0.1046282
-0.1111527
-0.1096348
-0.1060800
-0.1060679
-0.1081479
-0.1068571
-0.1005976
-0.0941437
-0.0929330
-0.0966879
-0.1003759
-0.1008938
-0.1005615
-0.1029092
-0.1066729
-0.1066425
-0.1009581
-0.0952308
-0.0970377
-0.1066681
-0.1157401
-0.1163651
-0.1104002
-0.1074299
-0.1133058
-0.1226952
-0.1247905
-0.1157662
-0.1033704
-0.0983339
-0.1029207
-0.1099168
-0.1123149
-0.1112820
-0.1130644
-0.1196558
-0.1253789
-0.1235342
-0.1146390
-0.1061638
-0.1044009
-0.1084873
-0.1132645
-0.1163479
-0.1199944
-0.1258982
-0.1307316
-0.1292275
-0.1212274
-0.1131981
-0.1113783
-0.1146180
-0.1160284
-0.1119025
-0.1069910
-0.1090504
-0.1186647
-0.1268967
-0.1246291
-0.1132118
-0.1036290
-0.1045906
-0.1132516
-0.1193486
-0.1176212
-0.1136274
-0.1162033
-0.1259305
-0.1336889
-0.1311253
-0.1204481
-0.1117596
-0.1112850
-0.1149126
-0.1147283
-0.1099058
-0.1078334
-0.1138160
-0.1225174
-0.1226658
-0.1100961
-0.0932903
-0.0840533
-0.0839941
-0.0831475
-0.0728542
-0.0575175
-0.0505030
-0.0582728
-0.0714467
-0.0738364
-0.0594581
-0.0383498
-0.0253665
-0.0254646
-0.0315421
-0.0350852
-0.0356112
-0.0384645
-0.0457991
-0.0531870
-0.0557862
-0.0553063
-0.0584318
-0.0688735
-0.0832957
-0.0957875
-0.1044000
-0.1113805
-0.1178737
-0.1212259
-0.1189461
-0.1136956
-0.1115916
-0.1148379
-0.1181327
-0.1147988
-0.1061842
-0.1019990
-0.1089820
-0.1203566
-0.1200578
-0.0995603
-0.0691583
-0.0494715
-0.0502640
-0.0588684
-0.0513930
-0.0150802
0.0429622
0.1109780
0.1947367
0.3201339
0.5097809
0.7550534
1.0097743
1.2092081
1.2953420
1.2311892
1.0062062
0.6441315
0.2113639
-0.1922382
-0.4709644
-0.5809391
-0.5507351
-0.4552393
-0.3634222
-0.3027754
-0.2641380
-0.2315372
-0.2031892
-0.1871518
-0.1848077
-0.1850630
-0.1755502
-0.1563228
-0.1396139
-0.1361136
-0.1434879
-0.1496999
-0.1467257
-0.1389984
-0.1374340
-0.1461471
-0.1568647
-0.1573709
-0.1448276
-0.1293062
-0.1234321
-0.1293608
-0.1373438
-0.1371368
-0.1290944
-0.1226051
-0.1243874
-0.1304954
-0.1308748
-0.1206714
-0.1053693
-0.0945354
-0.0917839
-0.0920707
-0.0884857
-0.0801328
-0.0723146
-0.0696189
-0.0702455
-0.0676181
-0.0568441
-0.0389372
-0.0190086
-0.0010465
0.0152468
0.0327801
0.0528690
0.0733807
0.0915075
0.1080894
0.1281673
0.1563402
0.1915149
0.2269394
0.2561420
0.2789951
0.3015526
0.3296413
0.3629922
0.3962839
0.4256948
0.4531560
0.4832775
0.5167495
0.5481821
0.5709027
0.5830701
0.5882547
0.5902280
0.5881457
0.5775312
0.5557453
0.5255778
0.4928255
0.4606520
0.4271157
0.3884007
0.3437827
0.2968499
0.2521595
0.2114545
0.1735102
0.1373519
0.1048379
0.0792767
0.0612958
0.0468320
0.0303292
0.0102682
-0.0091589
-0.0226328
-0.0299378
-0.0369827
-0.0499850
-0.0684607
-0.0844033
-0.0891986
-0.0819318
-0.0708376
-0.0662170
-0.0716848
-0.0821178
-0.0896819
-0.0914489
-0.0912408
-0.0945253
-0.1019580
-0.1082811
-0.1078284
-0.1009102
-0.0940501
-0.0934773
-0.0988562
-0.1042032
-0.1049239
-0.1029743
-0.1042495
-0.1110699
-0.1183381
-0.1182064
-0.1086760
-0.0966722
-0.0917111
-0.0966545
-0.1054717
-0.1101876
-0.1091451
-0.1077647
-0.1116087
-0.1196522
-0.1248648
-0.1212997
-0.1103632
-0.1000040
-0.0977248
-0.1042525
-0.1136118
-0.1188779
-0.1179379
-0.1144488
-0.1138087
-0.1179073
-0.1232118
-0.1240647
-0.1183512
-0.1098909
-0.1047869
-0.1054735
-0.1090143
-0.1114066
-0.1125594
-0.1157516
-0.1220732
-0.1268704
-0.1235485
-0.1113946
-0.0982972
-0.0940655
-0.1008792
-0.1113728
-0.1165460
-0.1146901
-0.1118298
-0.1140417
-0.1205102
-0.1244308
-0.1202094
-0.1093920
-0.0995860
-0.0976174
-0.1035436
-0.1111145
-0.1140296
-0.1119021
-0.1102419
-0.1144001
-0.1232073
-0.1288835
-0.1242823
-0.1108328
-0.0984777
-0.0963569
-0.1032886
-0.1084297
-0.1020814
-0.0855508
-0.0697830
-0.0643012
-0.0679917
-0.0710229
-0.0654367
-0.0531049
-0.0429805
-0.0412063
-0.0449547
-0.0461671
-0.0405466
-0.0322065
-0.0295548
-0.0367790
-0.0492259
-0.0573461
-0.0559808
-0.0501188
-0.0506927
-0.0637518
-0.0840224
-0.1001588
-0.1065451
-0.1088333
-0.1167695
-0.1320084
-0.1448777
-0.1445868
-0.1318763
-0.1193609
-0.1184005
-0.1272127
-0.1339264
-0.1308135
-0.1228190
-0.1205495
-0.1264149
-0.1305776
-0.1217620
-0.1005702
-0.0796183
-0.0695277
-0.0662141
-0.0540120
-0.0209969
0.0317618
0.0983331
0.1836308
0.3067843
0.4855130
0.7155695
0.9634720
1.1755606
1.2923243
1.2605874
1.0488501
0.6704084
0.2003203
-0.2396614
-0.5347590
-0.6374391
-0.5868743
-0.4713539
-0.3667823
-0.3012016
-0.2643492
-0.2387167
-0.2179288
-0.2028306
-0.1916490
-0.1801726
-0.1687511
-0.1629116
-0.1650489
-0.1688716
-0.1654888
-0.1541274
-0.1436182
-0.1423897
-0.1491669
-0.1552217
-0.1545861
-0.1497230
-0.1467356
-0.1469587
-0.1453917
-0.1375350
-0.1259006
-0.1179806
-0.1179220
-0.1218095
-0.1220681
-0.1157390
-0.1072545
-0.1029760
-0.1037414
-0.1034047
-0.0950215
-0.0785635
-0.0620593
-0.0541791
-0.0553170
-0.0567208
-0.0492671
-0.0329344
-0.0167210
-0.0086921
-0.0064827
0.0013979
0.0240744
0.0582375
0.0904593
0.1101557
0.1197455
0.1312556
0.1534329
0.1835716
0.2122677
0.2347191
0.2557668
0.2837644
0.3207228
0.3596340
0.3915447
0.4142972
0.4335144
0.4555627
0.4810133
0.5053942
0.5248935
0.5398129
0.5527169
0.5645286
0.5728708
0.5736094
0.5637560
0.5434839
0.5158801
0.4844960
0.4504705
0.4118289
0.3662819
0.3156868
0.2676025
0.2306674
0.2066965
0.1877006
0.1626867
0.1284534
0.0928441
0.0663821
0.0511176
0.0387228
0.0196946
-0.0063374
-0.0300210
-0.0418111
-0.0415715
-0.0384597
-0.0418045
-0.0529457
-0.0659500
-0.0748474
-0.0788931
-0.0813519
-0.0848618
-0.0887536
-0.0902824
-0.0878077
-0.0827921
-0.0788608
-0.0787629
-0.0820162
-0.0854399
-0.0861195
-0.0841928
-0.0829008
-0.0853868
-0.0907573
-0.0936856
-0.0892686
-0.0788621
-0.0700894
-0.0698879
-0.0776364
-0.0859493
-0.0884158
-0.0860026
-0.0853819
-0.0910691
-0.0998639
-0.1038557
-0.0990819
-0.0903398
-0.0865279
-0.0915359
-0.1007295
-0.1064962
-0.1062615
-0.1044400
-0.1069285
-0.1142974
-0.1206231
-0.1192023
-0.1096177
-0.0989300
-0.0953213
-0.1003228
-0.1075354
-0.1092689
-0.1045168
-0.1002029
-0.1039641
-0.1152015
-0.1239168
-0.1199837
-0.1042021
-0.0889732
-0.0866705
-0.0975284
-0.1099838
-0.1129589
-0.1068318
-0.1017324
-0.1055171
-0.1145253
-0.1171965
-0.1069337
-0.0902566
-0.0808269
-0.0853681
-0.0968256
-0.1023120
-0.0970828
-0.0893230
-0.0906596
-0.1026782
-0.1141536
-0.1125608
-0.0978939
-0.0834955
-0.0823638
-0.0937990
-0.1051167
-0.1060128
-0.0991391
-0.0956629
-0.1018217
-0.1116259
-0.1130507
-0.1003754
-0.0794942
-0.0612643
-0.0509209
-0.0451495
-0.0388439
-0.0323997
-0.0308118
-0.0364244
-0.0444673
-0.0466592
-0.0390813
-0.0263118
-0.0176227
-0.0186169
-0.0262507
-0.0322458
-0.0315767
-0.0274808
-0.0281483
-0.0386797
-0.0560143
-0.0712110
-0.0769995
-0.0741830
-0.0710839
-0.0760332
-0.0897267
-0.1049333
-0.1137254
-0.1147299
-0.1132991
-0.1150030
-0.1193607
-0.1203589
-0.1135649
-0.1023123
-0.0952166
-0.0964942
-0.1000930
-0.0958483
-0.0817744
-0.0678474
-0.0652676
-0.0721776
-0.0722400
-0.0491000
-0.0015935
0.0580008
0.1226510
0.2063349
0.3378555
0.5358816
0.7871381
1.0444329
1.2413400
1.3111182
1.2053738
0.9148909
0.4870619
0.0227126
-0.3591958
-0.5755878
-0.6173449
-0.5433471
-0.4354569
-0.3497165
-0.2979477
-0.2640699
-0.2317266
-0.1986606
-0.1725185
-0.1592465
-0.1566126
-0.1568784
-0.1541876
-0.1492515
-0.1472657
-0.1515555
-0.1592499
-0.1630276
-0.1574019
-0.1440554
-0.1311339
-0.1262929
-0.1296336
-0.1339305
-0.1324083
-0.1257618
-0.1207639
-0.1223481
-0.1279613
-0.1298471
-0.1226110
-0.1086787
-0.0963960
-0.0922528
-0.0946927
-0.0960772
-0.0909674
-0.0816822
-0.0750191
-0.0740448
-0.0741869
-0.0678520
-0.0526043
-0.0341168
-0.0203225
-0.0127233
-0.0047809
0.0101502
0.0305083
0.0482032
0.0586516
0.0671041
0.0836588
0.1126856
0.1482547
0.1799917
0.2028633
0.2209738
0.2420136
0.2687691
0.2970354
0.3217422
0.3435368
0.3680330
0.3991185
0.4342822
0.4667084
0.4913837
0.5090945
0.5247030
0.5413839
0.5565704
0.5641678
0.5609112
0.5496846
0.5360322
0.5220785
0.5045514
0.4783777
0.4417182
0.3978425
0.3525472
0.3096364
0.2688938
0.2286765
0.1899468
0.1565294
0.1310378
0.1114298
0.0923048
0.0695800
0.0439600
0.0200596
0.0018156
-0.0115934
-0.0246806
-0.0398410
-0.0534761
-0.0595354
-0.0570083
-0.0524287
-0.0540211
-0.0637356
-0.0755874
-0.0819033
-0.0810350
-0.0784703
-0.0799076
-0.0840287
-0.0839658
-0.0763267
-0.0666010
-0.0636037
-0.0694275
-0.0771958
-0.0792611
-0.0759603
-0.0746546
-0.0801348
-0.0875920
-0.0871891
-0.0761321
-0.0639980
-0.0633877
-0.0757076
-0.0892713
-0.0927396
-0.0880418
-0.0874099
-0.0982462
-0.1135847
-0.1191071
-0.1090581
-0.0935443
-0.0887400
-0.1001476
-0.1171926
-0.1250212
-0.1199181
-0.1114016
-0.1103263
-0.1175362
-0.1245985
-0.1236993
-0.1154914
-0.1077143
-0.1069619
-0.1122512
-0.1170238
-0.1171197
-0.1153091
-0.1170332
-0.1228374
-0.1269021
-0.1234782
-0.1138678
-0.1061256
-0.1072361
-0.1154967
-0.1217781
-0.1196331
-0.1132554
-0.1129017
-0.1220919
-0.1322007
-0.1318267
-0.1199823
-0.1073641
-0.1044403
-0.1103323
-0.1149579
-0.1116313
-0.1054120
-0.1069512
-0.1185204
-0.1293775
-0.1273587
-0.1133075
-0.1005877
-0.1002012
-0.1094886
-0.1170207
-0.1164946
-0.1130985
-0.1158747
-0.1255865
-0.1323077
-0.1260818
-0.1087469
-0.0925848
-0.0865430
-0.0862147
-0.0796297
-0.0618211
-0.0412669
-0.0316509
-0.0384110
-0.0534692
-0.0624773
-0.0574020
-0.0427257
-0.0297411
-0.0254614
-0.0278974
-0.0312032
-0.0328569
-0.0347619
-0.0390990
-0.0450273
-0.0495433
-0.0510868
-0.0521395
-0.0574569
-0.0687357
-0.0818722
-0.0913449
-0.0969254
-0.1036002
-0.1142016
-0.1244364
-0.1272073
-0.1212633
-0.1137672
-0.1131584
-0.1196063
-0.1241959
-0.1195078
-0.1100801
-0.1084261
-0.1189201
-0.1294578
-0.1236470
-0.1001421
-0.0750522
-0.0637126
-0.0633424
-0.0563258
-0.0286905
0.0191784
0.0826023
0.1706892
0.3076360
0.5100722
0.7618767
1.0122848
1.1968040
1.2583886
1.1571490
0.8803573
0.4617263
-0.0078480
-0.4050817
-0.6325393
-0.6706634
-0.5810603
-0.4571799
-0.3631690
-0.3092232
-0.2742785
-0.2428735
-0.2182876
-0.2084974
-0.2105367
-0.2119614
-0.2033662
-0.1862007
-0.1696901
-0.1618847
-0.1630737
-0.1668407
-0.1672371
-0.1643679
-0.1626507
-0.1647437
-0.1682831
-0.1680249
-0.1607723
-0.1492912
-0.1414268
-0.1430919
-0.1512240
-0.1561599
-0.1525311
-0.1453719
-0.1431892
-0.1469492
-0.1488347
-0.1413937
-0.1257688
-0.1105454
-0.1032245
-0.1030632
-0.1027989
-0.0977169
-0.0910573
-0.0881372
-0.0869195
-0.0788287
-0.0595262
-0.0351050
-0.0157075
-0.0050536
0.0023556
0.0149641
0.0358231
0.0597588
0.0792306
0.0937579
0.1117547
0.1409034
0.1783950
0.2137270
0.2403547
0.2617206
0.2860876
0.3177526
0.3532742
0.3850247
0.4091558
0.4306706
0.4584870
0.4942065
0.5284300
0.5502893
0.5582979
0.5595620
0.5604370
0.5603054
0.5529893
0.5326011
0.4994899
0.4612026
0.4254520
0.3918320
0.3534996
0.3074357
0.2591911
0.2161941
0.1799500
0.1466928
0.1131922
0.0805490
0.0537500
0.0369507
0.0270559
0.0139288
-0.0089984
-0.0357866
-0.0544069
-0.0612731
-0.0645076
-0.0730315
-0.0870300
-0.0995150
-0.1038698
-0.1000632
-0.0957739
-0.0995963
-0.1107695
-0.1189077
-0.1171091
-0.1111531
-0.1112107
-0.1184125
-0.1248941
-0.1241053
-0.1163663
-0.1069883
-0.1025803
-0.1059526
-0.1119515
-0.1126205
-0.1083080
-0.1074164
-0.1130229
-0.1177864
-0.1157265
-0.1107729
-0.1090862
-0.1106327
-0.1127322
-0.1145538
-0.1147500
-0.1124237
-0.1123573
-0.1199707
-0.1299787
-0.1311636
-0.1231758
-0.1159736
-0.1129445
-0.1101050
-0.1110016
-0.1222157
-0.1334282
-0.1266456
-0.1096167
-0.1118793
-0.1377029
-0.1528496
-0.1347539
