-0.1666511
-0.1819414
-0.1676143
-0.1607343
-0.1688049
-0.1719131
-0.1649395
-0.1625934
-0.1687261
-0.1716202
-0.1687727
-0.1709099
-0.1805969
-0.1878409
-0.1881058
-0.1873284
-0.1884845
-0.1881341
-0.1863770
-0.1873331
-0.1902555
-0.1910558
-0.1907562
-0.1924118
-0.1926721
-0.1865433
-0.1776754
-0.1742649
-0.1771378
-0.1803470
-0.1809761
-0.1806071
-0.1795298
-0.1762651
-0.1706379
-0.1623949
-0.1501766
-0.1361479
-0.1270709
-0.1260387
-0.1276240
-0.1258403
-0.1225434
-0.1234337
-0.1295848
-0.1368732
-0.1405082
-0.1375334
-0.1287342
-0.1202425
-0.1190402
-0.1248782
-0.1307479
-0.1326368
-0.1339845
-0.1388462
-0.1455900
-0.1498956
-0.1504502
-0.1495997
-0.1505642
-0.1545350
-0.1586750
-0.1582479
-0.1532769
-0.1503961
-0.1537250
-0.1566215
-0.1488145
-0.1308365
-0.1146734
-0.1087500
-0.1077915
-0.1006569
-0.0848565
-0.0682286
-0.0534619
-0.0220367
0.0599844
0.2120880
0.4146184
0.6210064
0.7966006
0.9361379
1.0358043
1.0577271
0.9420201
0.6663801
0.2922491
-0.0572482
-0.2759779
-0.3420249
-0.3152489
-0.2735424
-0.2528080
-0.2430141
-0.2269677
-0.2078270
-0.1991956
-0.2026295
-0.2053345
-0.1970180
-0.1815589
-0.1707680
-0.1702390
-0.1738716
-0.1722073
-0.1641664
-0.1577321
-0.1585726
-0.1616551
-0.1573178
-0.1435309
-0.1282302
-0.1200032
-0.1196409
-0.1209649
-0.1176271
-0.1088462
-0.0997463
-0.0955888
-0.0948792
-0.0898024
-0.0750591
-0.0546530
-0.0378489
-0.0293990
-0.0254703
-0.0183347
-0.0035330
0.0170389
0.0380906
0.0571463
0.0774589
0.1034892
0.1343709
0.1647690
0.1924244
0.2214619
0.2566171
0.2968117
0.3367871
0.3738514
0.4108765
0.4523659
0.4981435
0.5415338
0.5750764
0.5986336
0.6197993
0.6441310
0.6665275
0.6754288
0.6652737
0.6418880
0.6150276
0.5878827
0.5549989
0.5093825
0.4508421
0.3875215
0.3291601
0.2790576
0.2336657
0.1896820
0.1489006
0.1148446
0.0871551
0.0619554
0.0367994
0.0130268
-0.0066098
-0.0212219
-0.0326865
-0.0439182
-0.0560041
-0.0669562
-0.0739566
-0.0766396
-0.0770894
-0.0770292
-0.0767629
-0.0767520
-0.0780576
-0.0806572
-0.0831267
-0.0846743
-0.0859623
-0.0872953
-0.0875138
-0.0856804
-0.0830014
-0.0822095
-0.0850812
-0.0904906
-0.0948830
-0.0954962
-0.0935138
-0.0927531
-0.0943896
-0.0946616
-0.0895934
-0.0808222
-0.0744790
-0.0745108
-0.0788664
-0.0823761
-0.0821419
-0.0799057
-0.0798402
-0.0840589
-0.0901057
-0.0933211
-0.0917972
-0.0882276
-0.0868033
-0.0893541
-0.0946510
-0.1000917
-0.1036032
-0.1051770
-0.1070466
-0.1111654
-0.1161342
-0.1180832
-0.1153654
-0.1111896
-0.1105827
-0.1151912
-0.1215512
-0.1242645
-0.1211175
-0.1156744
-0.1143507
-0.1198925
-0.1279897
-0.1313306
-0.1268322
-0.1181119
-0.1114192
-0.1103037
-0.1138646
-0.1187915
-0.1227261
-0.1260227
-0.1300527
-0.1338698
-0.1339734
-0.1284617
-0.1203691
-0.1152290
-0.1153239
-0.1172637
-0.1153786
-0.1073189
-0.0966507
-0.0898484
-0.0897922
-0.0920990
-0.0891631
-0.0785228
-0.0662748
-0.0613608
-0.0668344
-0.0769871
-0.0825577
-0.0789249
-0.0702257
-0.0655763
-0.0702549
-0.0804294
-0.0875160
-0.0878035
-0.0865394
-0.0919718
-0.1062516
-0.1230165
-0.1337921
-0.1362963
-0.1359577
-0.1389242
-0.1443812
-0.1455019
-0.1380604
-0.1256477
-0.1149312
-0.1080722
-0.1025076
-0.0964865
-0.0905631
-0.0832107
-0.0696706
-0.0487647
-0.0278317
-0.0136367
0.0050524
0.0605350
0.1824206
0.3672779
0.5776609
0.7767314
0.9579380
1.1274729
1.2548572
1.2576713
1.0591677
0.6730042
0.2252511
-0.1216619
-0.2797733
-0.2817777
-0.2279720
-0.1945634
-0.1902909
-0.1859952
-0.1664451
-0.1456754
-0.1418635
-0.1527180
-0.1604019
-0.1537267
-0.1387108
-0.1285679
-0.1285936
-0.1327944
-0.1326816
-0.1262373
-0.1180044
-0.1126709
-0.1105464
-0.1087635
-0.1048163
-0.0982835
-0.0905556
-0.0838231
-0.0793309
-0.0757578
-0.0702534
-0.0620140
-0.0538960
-0.0491136
-0.0466396
-0.0411736
-0.0281677
-0.0085618
0.0117596
0.0274786
0.0390702
0.0522561
0.0717980
0.0963068
0.1201701
0.1403871
0.1602028
0.1855884
0.2190238
0.2572636
0.2947459
0.3288748
0.3621527
0.3990504
0.4405682
0.4823726
0.5189672
0.5493859
0.5780323
0.6100300
0.6461932
0.6820112
0.7105921
0.7267403
0.7291942
0.7195363
0.6991849
0.6679509
0.6257455
0.5750102
0.5206837
0.4676684
0.4181986
0.3710852
0.3234369
0.2739489
0.2249773
0.1808388
0.1437557
0.1121078
0.0830462
0.0561635
0.0339851
0.0190995
0.0111022
0.0062010
-0.0000767
-0.0092963
-0.0191700
-0.0265157
-0.0308703
-0.0345055
-0.0391604
-0.0438640
-0.0463252
-0.0457624
-0.0438782
-0.0432458
-0.0448704
-0.0472750
-0.0481872
-0.0472621
-0.0467180
-0.0489715
-0.0540548
-0.0596205
-0.0628681
-0.0621382
-0.0576381
-0.0516856
-0.0477471
-0.0479283
-0.0510534
-0.0537614
-0.0538014
-0.0521474
-0.0518161
-0.0545005
-0.0582560
-0.0589789
-0.0549452
-0.0496967
-0.0492365
-0.0557694
-0.0648965
-0.0697110
-0.0675726
-0.0626480
-0.0618952
-0.0683517
-0.0779035
-0.0828463
-0.0793891
-0.0718125
-0.0686661
-0.0746121
-0.0862258
-0.0956816
-0.0981543
-0.0957622
-0.0948237
-0.0993612
-0.1070842
-0.1118615
-0.1102175
-0.1048914
-0.1016747
-0.1033928
-0.1076907
-0.1102937
-0.1095528
-0.1077811
-0.1087152
-0.1137452
-0.1203093
-0.1239895
-0.1224360
-0.1173765
-0.1129908
-0.1125140
-0.1159195
-0.1199717
-0.1204937
-0.1156633
-0.1077941
-0.1014560
-0.0993373
-0.1000817
-0.1002179
-0.0977438
-0.0937022
-0.0908314
-0.0910585
-0.0940240
-0.0977184
-0.1005062
-0.1023992
-0.1042696
-0.1062571
-0.1074804
-0.1072032
-0.1059433
-0.1056206
-0.1087483
-0.1167013
-0.1279196
-0.1382376
-0.1441528
-0.1460602
-0.1475704
-0.1512629
-0.1555493
-0.1562892
-0.1516314
-0.1448223
-0.1413292
-0.1426490
-0.1438353
-0.1387140
-0.1275118
-0.1172064
-0.1128294
-0.1098055
-0.0975850
-0.0713770
-0.0376803
-0.0050825
0.0307249
0.0896288
0.1911540
0.3351651
0.5003061
0.6610600
0.8004995
0.9005235
0.9235334
0.8191111
0.5654678
0.2103119
-0.1366891
-0.3661708
-0.4372916
-0.3936108
-0.3164138
-0.2618027
-0.2356892
-0.2164989
-0.1901467
-0.1613834
-0.1406238
-0.1302505
-0.1255250
-0.1229795
-0.1231908
-0.1266709
-0.1309806
-0.1330673
-0.1323675
-0.1298614
-0.1250988
-0.1165161
-0.1051332
-0.0956194
-0.0914777
-0.0899174
-0.0840930
-0.0712805
-0.0570235
-0.0494096
-0.0495545
-0.0489674
-0.0367186
-0.0092018
0.0265004
0.0579827
0.0763450
0.0811478
0.0784458
0.0749989
0.0741050
0.0757611
0.0797138
0.0880159
0.1044159
0.1305932
0.1627371
0.1928637
0.2148359
0.2292234
0.2416476
0.2565884
0.2738048
0.2909452
0.3083180
0.3295055
0.3567673
0.3866261
0.4114075
0.4260640
0.4330801
0.4395223
0.4489748
0.4572474
0.4565372
0.4430921
0.4200169
0.3930206
0.3645345
0.3324287
0.2939757
0.2502440
0.2060339
0.1655337
0.1287105
0.0925273
0.0553656
0.0195005
-0.0107926
-0.0329837
-0.0481636
-0.0599176
-0.0716094
-0.0842115
-0.0962720
-0.1059909
-0.1133727
-0.1202189
-0.1280211
-0.1360251
-0.1414309
-0.1416667
-0.1369350
-0.1307502
-0.1275044
-0.1289142
-0.1328241
-0.1356362
-0.1356831
-0.1340909
-0.1328606
-0.1326904
-0.1325553
-0.1309513
-0.1275059
-0.1236053
-0.1214121
-0.1220171
-0.1243967
-0.1261290
-0.1252554
-0.1218950
-0.1183913
-0.1174600
-0.1194452
-0.1214700
-0.1201236
-0.1152408
-0.1103308
-0.1088285
-0.1104900
-0.1121705
-0.1119258
-0.1114552
-0.1139204
-0.1196201
-0.1247615
-0.1253113
-0.1218077
-0.1192072
-0.1213932
-0.1266785
-0.1297813
-0.1279408
-0.1239346
-0.1227638
-0.1261696
-0.1310069
-0.1326441
-0.1293130
-0.1230815
-0.1172467
-0.1135809
-0.1121598
-0.1127815
-0.1153144
-0.1187477
-0.1211886
-0.1215261
-0.1204955
-0.1194739
-0.1187218
-0.1175997
-0.1162607
-0.1160742
-0.1178618
-0.1202719
-0.1208439
-0.1189797
-0.1171026
-0.1177735
-0.1196407
-0.1176562
-0.1085298
-0.0953944
-0.0855284
-0.0831139
-0.0853736
-0.0865076
-0.0844416
-0.0823031
-0.0832996
-0.0857061
-0.0844030
-0.0773012
-0.0687288
-0.0651691
-0.0681140
-0.0727045
-0.0738618
-0.0722971
-0.0731146
-0.0791717
-0.0875835
-0.0932536
-0.0946336
-0.0948860
-0.0977020
-0.1031443
-0.1081530
-0.1104397
-0.1107787
-0.1113665
-0.1130517
-0.1149502
-0.1158781
-0.1147607
-0.1100453
-0.1007920
-0.0892639
-0.0806860
-0.0781237
-0.0775826
-0.0702595
-0.0509838
-0.0232322
0.0065001
0.0396633
0.0885533
0.1655984
0.2698767
0.3863173
0.4977403
0.5926377
0.6564265
0.6581847
0.5579426
0.3401380
0.0450305
-0.2383253
-0.4216826
-0.4717473
-0.4232859
-0.3425572
-0.2769364
-0.2340193
-0.1992846
-0.1644122
-0.1360253
-0.1227812
-0.1219103
-0.1213818
-0.1127086
-0.0984528
-0.0871843
-0.0834060
-0.0838638
-0.0827585
-0.0784872
-0.0743321
-0.0734176
-0.0743444
-0.0722019
-0.0635700
-0.0504099
-0.0390066
-0.0345328
-0.0360283
-0.0370107
-0.0318599
-0.0216249
-0.0126394
-0.0090526
-0.0076528
-0.0011407
0.0136269
0.0317763
0.0454903
0.0524651
0.0582623
0.0699278
0.0882589
0.1075758
0.1229040
0.1358396
0.1524453
0.1762395
0.2045496
0.2316948
0.2546219
0.2749032
0.2959252
0.3191152
0.3431593
0.3663061
0.3885926
0.4114494
0.4354783
0.4591707
0.4798698
0.4956407
0.5060716
0.5114697
0.5114536
0.5044575
0.4890370
0.4660845
0.4394153
0.4131739
0.3881112
0.3608748
0.3277531
0.2893632
0.2512797
0.2195380
0.1953104
0.1742621
0.1515164
0.1271086
0.1059248
0.0920966
0.0842362
0.0769602
0.0667099
0.0549456
0.0452867
0.0385267
0.0317421
0.0224922
0.0127624
0.0073600
0.0081247
0.0108782
0.0093978
0.0023002
-0.0052900
-0.0075100
-0.0042778
-0.0009744
-0.0018920
-0.0052676
-0.0055409
0.0000422
0.0081898
0.0132895
0.0135933
0.0126121
0.0143070
0.0181269
0.0199375
0.0174300
0.0131261
0.0113448
0.0130127
0.0145906
0.0121831
0.0058046
-0.0011554
-0.0064268
-0.0117631
-0.0205741
-0.0330248
-0.0446804
-0.0507082
-0.0509052
-0.0497434
-0.0515124
-0.0562003
-0.0605051
-0.0623453
-0.0635288
-0.0676171
-0.0754681
-0.0835799
-0.0873484
-0.0858810
-0.0831218
-0.0840051
-0.0897111
-0.0968881
-0.1013959
-0.1026122
-0.1039884
-0.1092504
-0.1179288
-0.1249068
-0.1250274
-0.1185160
-0.1115691
-0.1110584
-0.1183820
-0.1284977
-0.1349400
-0.1356526
-0.1338749
-0.1336570
-0.1352817
-0.1356981
-0.1329800
-0.1288692
-0.1259947
-0.1235084
-0.1173912
-0.1058320
-0.0930933
-0.0862930
-0.0878629
-0.0922071
-0.0910795
-0.0824491
-0.0731254
-0.0718024
-0.0798169
-0.0896975
-0.0929856
-0.0886015
-0.0829131
-0.0822819
-0.0867759
-0.0914583
-0.0928306
-0.0928148
-0.0961235
-0.1044300
-0.1140526
-0.1196461
-0.1196377
-0.1174261
-0.1173032
-0.1197451
-0.1209758
-0.1169607
-0.1076571
-0.0973920
-0.0910223
-0.0895480
-0.0895421
-0.0871159
-0.0822615
-0.0785198
-0.0777201
-0.0752950
-0.0618253
-0.0300924
0.0195245
0.0815811
0.1539231
0.2423654
0.3546368
0.4875431
0.6192728
0.7145959
0.7390325
0.6719105
0.5128750
0.2835988
0.0264175
-0.2036671
-0.3570919
-0.4118920
-0.3846114
-0.3188086
-0.2573980
-0.2195527
-0.1988948
-0.1802911
-0.1572610
-0.1353276
-0.1227716
-0.1212610
-0.1253265
-0.1286725
-0.1294115
-0.1296332
-0.1314065
-0.1340338
-0.1347949
-0.1316138
-0.1249147
-0.1173762
-0.1120283
-0.1100277
-0.1097510
-0.1082472
-0.1040725
-0.0987062
-0.0947810
-0.0928745
-0.0905164
-0.0847205
-0.0752953
-0.0651841
-0.0573342
-0.0514792
-0.0444518
-0.0338098
-0.0207418
-0.0087913
0.0004010
0.0095943
0.0237230
0.0451462
0.0712573
0.0967828
0.1183504
0.1369059
0.1559521
0.1777263
0.2012781
0.2242140
0.2459227
0.2685818
0.2947938
0.3244521
0.3542750
0.3805739
0.4023393
0.4212540
0.4384289
0.4514859
0.4558152
0.4494182
0.4360999
0.4226436
0.4119960
0.3995228
0.3769139
0.3404086
0.2951426
0.2510441
0.2142843
0.1828522
0.1504613
0.1142609
0.0781208
0.0484865
0.0278649
0.0129338
-0.0014315
-0.0171828
-0.0322731
-0.0439872
-0.0522543
-0.0595374
-0.0679163
-0.0767579
-0.0833703
-0.0858237
-0.0850720
-0.0843588
-0.0864235
-0.0909790
-0.0948913
-0.0953227
-0.0931150
-0.0926673
-0.0975444
-0.1059003
-0.1110163
-0.1073797
-0.0964974
-0.0862417
-0.0839782
-0.0901759
-0.0986458
-0.1026894
-0.1007150
-0.0961836
-0.0930728
-0.0921947
-0.0916438
-0.0897020
-0.0865818
-0.0837398
-0.0823402
-0.0826220
-0.0842729
-0.0869174
-0.0901499
-0.0932561
-0.0951583
-0.0950304
-0.0933576
-0.0923161
-0.0943773
-0.0997231
-0.1050355
-0.1058707
-0.1013238
-0.0962212
-0.0972976
-0.1060481
-0.1158299
-0.1175982
-0.1093132
-0.0989170
-0.0968643
-0.1056606
-0.1176557
-0.1235242
-0.1220472
-0.1204292
-0.1251449
-0.1340210
-0.1386506
-0.1341919
-0.1250974
-0.1201950
-0.1229448
-0.1280537
-0.1279854
-0.1215492
-0.1148269
-0.1138388
-0.1176607
-0.1197475
-0.1156117
-0.1078883
-0.1030649
-0.1038120
-0.1058249
-0.1028213
-0.0939870
-0.0853897
-0.0836909
-0.0890606
-0.0950020
-0.0951099
-0.0892433
-0.0825111
-0.0787434
-0.0763434
-0.0714006
-0.0640970
-0.0602181
-0.0652375
-0.0775206
-0.0888564
-0.0924754
-0.0900471
-0.0898978
-0.0982152
-0.1126969
-0.1253481
-0.1310245
-0.1322095
-0.1351267
-0.1421128
-0.1489856
-0.1499735
-0.1441720
-0.1362688
-0.1312286
-0.1293330
-0.1269770
-0.1216656
-0.1150338
-0.1104638
-0.1083196
-0.1042649
-0.0920851
-0.0672025
-0.0269525
0.0317163
0.1131705
0.2204661
0.3509749
0.4932812
0.6263254
0.7205389
0.7424733
0.6656204
0.4859774
0.2332555
-0.0337811
-0.2503747
-0.3749966
-0.4056683
-0.3731408
-0.3179232
-0.2685202
-0.2338184
-0.2095068
-0.1890531
-0.1702429
-0.1549265
-0.1452178
-0.1405046
-0.1375574
-0.1332527
-0.1274020
-0.1229195
-0.1227404
-0.1262402
-0.1289940
-0.1266378
-0.1191034
-0.1107086
-0.1058406
-0.1047336
-0.1037265
-0.0994823
-0.0924005
-0.0855219
-0.0803307
-0.0743879
-0.0637832
-0.0479806
-0.0315781
-0.0203828
-0.0153787
-0.0110819
-0.0007215
0.0167044
0.0352101
0.0484114
0.0571131
0.0691647
0.0909541
0.1196196
0.1450435
0.1600992
0.1681712
0.1797140
0.2017151
0.2315505
0.2612819
0.2866429
0.3104957
0.3378635
0.3693233
0.4003532
0.4263613
0.4467964
0.4639853
0.4791791
0.4909556
0.4972271
0.4975106
0.4925094
0.4820545
0.4644703
0.4382458
0.4038785
