-0.1400109
-0.1408553
-0.1446328
-0.1475357
-0.1479413
-0.1476104
-0.1494287
-0.1539143
-0.1579500
-0.1573555
-0.1511773
-0.1433520
-0.1395101
-0.1416845
-0.1463878
-0.1484021
-0.1464460
-0.1444344
-0.1466049
-0.1517633
-0.1534134
-0.1463258
-0.1326943
-0.1208864
-0.1175965
-0.1215419
-0.1253534
-0.1233691
-0.1165964
-0.1095871
-0.1035315
-0.0944228
-0.0790265
-0.0614351
-0.0512386
-0.0538161
-0.0634339
-0.0681307
-0.0623761
-0.0536631
-0.0547289
-0.0689517
-0.0849599
-0.0872424
-0.0721135
-0.0521503
-0.0443857
-0.0547100
-0.0742292
-0.0898085
-0.0964224
-0.0989757
-0.1040974
-0.1124925
-0.1194980
-0.1212000
-0.1184065
-0.1150501
-0.1141435
-0.1156485
-0.1171955
-0.1160648
-0.1111890
-0.1043983
-0.0993902
-0.0978456
-0.0960216
-0.0870444
-0.0687573
-0.0487046
-0.0381904
-0.0394532
-0.0405039
-0.0257346
0.0085660
0.0531945
0.1032758
0.1740236
0.2936171
0.4772864
0.7095415
0.9520541
1.1633791
1.3042695
1.3274807
1.1813851
0.8470968
0.3825191
-0.0800669
-0.4014810
-0.5201905
-0.4812016
-0.3858294
-0.3120370
-0.2754299
-0.2518931
-0.2224828
-0.1921324
-0.1744442
-0.1715244
-0.1730932
-0.1698340
-0.1616696
-0.1537977
-0.1494467
-0.1482260
-0.1486034
-0.1491975
-0.1486748
-0.1469918
-0.1467678
-0.1509146
-0.1576461
-0.1597433
-0.1513083
-0.1352195
-0.1217602
-0.1187064
-0.1237738
-0.1279575
-0.1255526
-0.1192885
-0.1155359
-0.1161458
-0.1163137
-0.1100302
-0.0964750
-0.0807987
-0.0692423
-0.0637577
-0.0608931
-0.0554836
-0.0456652
-0.0346438
-0.0272345
-0.0240346
-0.0192478
-0.0055554
0.0179568
0.0434372
0.0613528
0.0704073
0.0793263
0.0977198
0.1256100
0.1533657
0.1724942
0.1855133
0.2039152
0.2362288
0.2789097
0.3195684
0.3488395
0.3684988
0.3881225
0.4147024
0.4461112
0.4742750
0.4938092
0.5070961
0.5210725
0.5392705
0.5570425
0.5647488
0.5560534
0.5334748
0.5058345
0.4800701
0.4554222
0.4256363
0.3867785
0.3425643
0.3016006
0.2692985
0.2429181
0.2150606
0.1819176
0.1473542
0.1184020
0.0972174
0.0785511
0.0557401
0.0287602
0.0053547
-0.0064514
-0.0068036
-0.0044997
-0.0088754
-0.0214495
-0.0356431
-0.0441431
-0.0458392
-0.0456661
-0.0486344
-0.0548283
-0.0601043
-0.0609507
-0.0582180
-0.0562423
-0.0586720
-0.0652203
-0.0722445
-0.0762925
-0.0772197
-0.0781267
-0.0822075
-0.0892806
-0.0952962
-0.0957747
-0.0903732
-0.0840301
-0.0828931
-0.0885244
-0.0962861
-0.1001053
-0.0991578
-0.0993092
-0.1069864
-0.1213222
-0.1332590
-0.1337045
-0.1229243
-0.1111234
-0.1090205
-0.1179374
-0.1295289
-0.1349750
-0.1336538
-0.1325184
-0.1376801
-0.1476135
-0.1548732
-0.1538072
-0.1459063
-0.1378354
-0.1351378
-0.1382035
-0.1435237
-0.1477191
-0.1501861
-0.1526471
-0.1567798
-0.1621286
-0.1659596
-0.1653625
-0.1601100
-0.1536905
-0.1509860
-0.1541261
-0.1603953
-0.1647446
-0.1648481
-0.1633745
-0.1645964
-0.1688675
-0.1715205
-0.1680167
-0.1597169
-0.1534239
-0.1546947
-0.1619872
-0.1679492
-0.1666340
-0.1593688
-0.1535130
-0.1554194
-0.1643500
-0.1729016
-0.1733400
-0.1641353
-0.1512028
-0.1430183
-0.1437684
-0.1502483
-0.1551202
-0.1535599
-0.1470507
-0.1407531
-0.1373717
-0.1340365
-0.1254237
-0.1097456
-0.0913859
-0.0775410
-0.0722309
-0.0734640
-0.0760217
-0.0766891
-0.0764957
-0.0779714
-0.0808825
-0.0814510
-0.0761247
-0.0659442
-0.0567444
-0.0545214
-0.0602123
-0.0690734
-0.0755702
-0.0790486
-0.0842747
-0.0960093
-0.1131441
-0.1286618
-0.1357480
-0.1339757
-0.1293390
-0.1282205
-0.1316231
-0.1355496
-0.1365712
-0.1358672
-0.1370662
-0.1407723
-0.1426190
-0.1373401
-0.1242673
-0.1083637
-0.0961346
-0.0907538
-0.0904270
-0.0902513
-0.0853200
-0.0730731
-0.0538893
-0.0292414
0.0024656
0.0498866
0.1283142
0.2529190
0.4291434
0.6461981
0.8758311
1.0739521
1.1846898
1.1524607
0.9461853
0.5864254
0.1535075
-0.2393993
-0.4985313
-0.5934306
-0.5614529
-0.4721949
-0.3823260
-0.3142150
-0.2655333
-0.2298204
-0.2058203
-0.1928208
-0.1851241
-0.1751978
-0.1610266
-0.1475968
-0.1405306
-0.1397168
-0.1401242
-0.1378420
-0.1336996
-0.1308835
-0.1304885
-0.1303943
-0.1278256
-0.1219756
-0.1143716
-0.1076786
-0.1041463
-0.1040716
-0.1051293
-0.1039572
-0.0993774
-0.0938573
-0.0907296
-0.0895895
-0.0854672
-0.0739466
-0.0571749
-0.0432963
-0.0385403
-0.0402874
-0.0395518
-0.0308342
-0.0181786
-0.0101699
-0.0095223
-0.0093569
-0.0004658
0.0187741
0.0408885
0.0574636
0.0676315
0.0778946
0.0944004
0.1166667
0.1390103
0.1569399
0.1713693
0.1873717
0.2099537
0.2405637
0.2759821
0.3099388
0.3371963
0.3577557
0.3771355
0.4013139
0.4307312
0.4598740
0.4834825
0.5026236
0.5231405
0.5475178
0.5697054
0.5800300
0.5753854
0.5625775
0.5500761
0.5375368
0.5158836
0.4785445
0.4309923
0.3872053
0.3564085
0.3344418
0.3089959
0.2727658
0.2303366
0.1921860
0.1634753
0.1400510
0.1148079
0.0860895
0.0590622
0.0399555
0.0302165
0.0260134
0.0221668
0.0159916
0.0080510
0.0003166
-0.0059694
-0.0111199
-0.0163827
-0.0224848
-0.0282791
-0.0309101
-0.0283300
-0.0223356
-0.0182821
-0.0202740
-0.0263730
-0.0298987
-0.0266787
-0.0205602
-0.0201328
-0.0290242
-0.0402297
-0.0419048
-0.0297979
-0.0130560
-0.0060393
-0.0140170
-0.0281762
-0.0355851
-0.0330913
-0.0298107
-0.0358775
-0.0503919
-0.0619440
-0.0609199
-0.0500109
-0.0415648
-0.0447963
-0.0567073
-0.0662113
-0.0664439
-0.0617259
-0.0621158
-0.0720412
-0.0852227
-0.0908942
-0.0847089
-0.0733627
-0.0683966
-0.0752719
-0.0884304
-0.0970698
-0.0956835
-0.0889085
-0.0863349
-0.0928986
-0.1042544
-0.1111382
-0.1081247
-0.0984161
-0.0904934
-0.0903654
-0.0969896
-0.1045623
-0.1083875
-0.1084113
-0.1079370
-0.1096946
-0.1130299
-0.1145167
-0.1115245
-0.1055463
-0.1015941
-0.1034392
-0.1093580
-0.1135231
-0.1124091
-0.1093800
-0.1115597
-0.1213785
-0.1321734
-0.1340372
-0.1246074
-0.1125191
-0.1085690
-0.1141475
-0.1204988
-0.1197680
-0.1144912
-0.1140361
-0.1223654
-0.1319324
-0.1311378
-0.1168006
-0.0974098
-0.0837665
-0.0780425
-0.0735377
-0.0644608
-0.0535720
-0.0489018
-0.0540322
-0.0633337
-0.0670430
-0.0602857
-0.0470936
-0.0363847
-0.0342480
-0.0393405
-0.0449973
-0.0458440
-0.0428304
-0.0420112
-0.0481819
-0.0595238
-0.0688399
-0.0707540
-0.0678055
-0.0685052
-0.0784777
-0.0940319
-0.1058025
-0.1088538
-0.1077142
-0.1104129
-0.1184981
-0.1247074
-0.1209687
-0.1076002
-0.0934775
-0.0871798
-0.0889083
-0.0915817
-0.0890499
-0.0819575
-0.0755047
-0.0727985
-0.0712689
-0.0648327
-0.0486356
-0.0222934
0.0104766
0.0464011
0.0895550
0.1549921
0.2632634
0.4269862
0.6387115
0.8684874
1.0699920
1.1881911
1.1676887
0.9700912
0.6029280
0.1412303
-0.2883452
-0.5673416
-0.6516381
-0.5895131
-0.4749074
-0.3779051
-0.3124371
-0.2592861
-0.2075550
-0.1683747
-0.1547104
-0.1601542
-0.1644458
-0.1564374
-0.1442025
-0.1407301
-0.1453078
-0.1446269
-0.1309493
-0.1131518
-0.1067241
-0.1156206
-0.1280645
-0.1304674
-0.1222926
-0.1149615
-0.1173885
-0.1256549
-0.1282444
-0.1196088
-0.1058552
-0.0968651
-0.0954259
-0.0962045
-0.0941929
-0.0910075
-0.0914129
-0.0952442
-0.0954426
-0.0852664
-0.0665302
-0.0489995
-0.0409087
-0.0408724
-0.0401457
-0.0324291
-0.0200292
-0.0099530
-0.0051661
-0.0009528
0.0101630
0.0306409
0.0553335
0.0765025
0.0912871
0.1039882
0.1208172
0.1429524
0.1658470
0.1856109
0.2047783
0.2301013
0.2642870
0.3012730
0.3314895
0.3522117
0.3710847
0.3975657
0.4314144
0.4623019
0.4820054
0.4946003
0.5114034
0.5360651
0.5580573
0.5631141
0.5486222
0.5258528
0.5065809
0.4900379
0.4654602
0.4267456
0.3813338
0.3426456
0.3154015
0.2913651
0.2598029
0.2194541
0.1785509
0.1448445
0.1183811
0.0942331
0.0699290
0.0482578
0.0331435
0.0244570
0.0178505
0.0090483
-0.0028860
-0.0163983
-0.0298296
-0.0417681
-0.0501028
-0.0528936
-0.0508741
-0.0479040
-0.0477731
-0.0506436
-0.0533012
-0.0531524
-0.0516371
-0.0530448
-0.0594850
-0.0674350
-0.0704646
-0.0659890
-0.0585117
-0.0551810
-0.0584851
-0.0644657
-0.0682213
-0.0698271
-0.0735319
-0.0812574
-0.0884624
-0.0881531
-0.0792315
-0.0692996
-0.0676127
-0.0756866
-0.0865054
-0.0930422
-0.0954862
-0.0987905
-0.1047435
-0.1092060
-0.1077896
-0.1023384
-0.0997450
-0.1043077
-0.1129521
-0.1193063
-0.1215959
-0.1242242
-0.1308704
-0.1382910
-0.1395092
-0.1327176
-0.1243858
-0.1223865
-0.1276186
-0.1341367
-0.1369113
-0.1372783
-0.1396978
-0.1445769
-0.1468323
-0.1424594
-0.1346302
-0.1307760
-0.1337546
-0.1385209
-0.1388845
-0.1355328
-0.1347487
-0.1396426
-0.1455128
-0.1453912
-0.1387359
-0.1323767
-0.1325056
-0.1375155
-0.1404976
-0.1382806
-0.1355287
-0.1384988
-0.1464307
-0.1518427
-0.1494837
-0.1425355
-0.1385197
-0.1405530
-0.1447291
-0.1459558
-0.1442802
-0.1439384
-0.1467516
-0.1485457
-0.1436756
-0.1324417
-0.1216968
-0.1168863
-0.1150734
-0.1083122
-0.0941716
-0.0807817
-0.0795016
-0.0924534
-0.1084236
-0.1123023
-0.0992234
-0.0791993
-0.0672598
-0.0691058
-0.0770548
-0.0797176
-0.0740534
-0.0671091
-0.0672617
-0.0756320
-0.0862042
-0.0928772
-0.0951886
-0.0972444
-0.1021626
-0.1087609
-0.1138066
-0.1161535
-0.1173305
-0.1185940
-0.1191349
-0.1176319
-0.1142613
-0.1103055
-0.1065526
-0.1029813
-0.0995631
-0.0963206
-0.0924484
-0.0862975
-0.0771968
-0.0671952
-0.0595706
-0.0542216
-0.0452247
-0.0253764
0.0060322
0.0426612
0.0816614
0.1347503
0.2255996
0.3731532
0.5757593
0.8092290
1.0360725
1.2131574
1.2928983
1.2284671
0.9949881
0.6191200
0.1887059
-0.1792724
-0.3986589
-0.4579778
-0.4137057
-0.3413034
-0.2863155
-0.2514689
-0.2194679
-0.1819501
-0.1476075
-0.1287008
-0.1261761
-0.1297798
-0.1296379
-0.1243343
-0.1183357
-0.1151010
-0.1144585
-0.1148305
-0.1153637
-0.1154025
-0.1133336
-0.1075508
-0.0991235
-0.0926457
-0.0927350
-0.0988502
-0.1045917
-0.1035905
-0.0961706
-0.0893459
-0.0899657
-0.0980580
-0.1066117
-0.1074847
-0.0980086
-0.0828266
-0.0697658
-0.0636959
-0.0636799
-0.0648622
-0.0622738
-0.0537858
-0.0415058
-0.0307901
-0.0259290
-0.0251446
-0.0206456
-0.0054094
0.0196326
0.0458315
0.0646815
0.0755584
0.0858031
0.1032321
0.1286299
0.1558742
0.1793387
0.2001869
0.2246106
0.2565653
0.2934168
0.3286336
0.3579297
0.3829200
0.4094686
0.4420640
0.4787945
0.5120920
0.5356889
0.5511819
0.5668304
0.5891925
0.6159632
0.6370692
0.6428236
0.6314895
0.6094637
0.5843203
0.5579310
0.5265763
0.4870338
0.4412299
0.3948745
0.3528960
0.3166538
0.2842129
0.2522857
0.2187194
0.1841813
0.1512585
0.1216197
0.0948029
0.0703576
0.0502301
0.0374732
0.0320462
0.0286807
0.0204126
0.0053981
-0.0102663
-0.0184699
-0.0186525
-0.0195225
-0.0291313
-0.0443540
-0.0532667
-0.0486541
-0.0368318
-0.0313397
-0.0388583
-0.0531487
-0.0630498
-0.0648309
-0.0648792
-0.0701880
-0.0786345
-0.0813790
-0.0744855
-0.0648062
-0.0624156
-0.0691808
-0.0775505
-0.0802431
-0.0785345
-0.0797847
-0.0879622
-0.0983823
-0.1026420
-0.0982205
-0.0916573
-0.0913587
-0.0985598
-0.1072900
-0.1125610
-0.1156355
-0.1200938
-0.1251623
-0.1258398
-0.1197524
-0.1118638
-0.1106306
-0.1192044
-0.1315912
-0.1389633
-0.1394683
-0.1395597
-0.1446847
-0.1512624
-0.1509392
-0.1419114
-0.1324269
-0.1317501
-0.1398496
-0.1480559
-0.1492151
-0.1451932
-0.1435248
-0.1477810
-0.1533521
-0.1536228
-0.1484449
-0.1438702
-0.1440029
-0.1465619
-0.1478463
-0.1489146
-0.1534674
-0.1606565
-0.1637414
-0.1575438
-0.1456803
-0.1381551
-0.1410328
-0.1496313
-0.1537976
-0.1500735
-0.1460809
-0.1506859
-0.1616704
-0.1671006
-0.1595381
-0.1455229
-0.1386430
-0.1447299
-0.1562504
-0.1611478
-0.1552977
-0.1450931
-0.1384382
-0.1352813
-0.1287927
-0.1150850
-0.0988312
-0.0880796
-0.0858549
-0.0889303
-0.0929936
-0.0959114
-0.0964226
-0.0930067
-0.0856512
-0.0773247
-0.0720080
-0.0710217
-0.0719296
-0.0718229
-0.0717562
-0.0765311
-0.0885697
-0.1030171
-0.1116676
-0.1122019
-0.1110185
-0.1156425
-0.1263079
-0.1367246
-0.1417669
-0.1423710
-0.1430846
-0.1462980
-0.1496375
-0.1490348
-0.1438999
-0.1381323
-0.1354414
-0.1349981
-0.1331461
-0.1282813
-0.1218982
-0.1152002
-0.1069019
-0.0948402
-0.0782880
-0.0580416
-0.0344919
-0.0047366
0.0397972
0.1125976
0.2273874
0.3923468
0.6050493
0.8462513
1.0735910
1.2239483
1.2322418
1.0615599
0.7279409
0.3036658
-0.1065376
-0.4075166
-0.5525096
-0.5564066
-0.4770498
-0.3792926
-0.3047063
-0.2617673
-0.2371781
-0.2166316
-0.1978266
-0.1864417
-0.1836068
-0.1817740
-0.1734028
-0.1599828
-0.1498474
-0.1483577
-0.1523172
-0.1541071
-0.1502980
-0.1452081
-0.1450754
-0.1492990
-0.1501592
-0.1426165
-0.1316356
-0.1266566
-0.1302475
-0.1357427
-0.1358177
-0.1300687
-0.1232784
-0.1186719
-0.1146905
-0.1079711
-0.0982962
-0.0892933
-0.0834940
-0.0783946
-0.0702902
-0.0612317
-0.0575481
-0.0598136
-0.0586629
-0.0445392
-0.0196800
0.0033675
0.0150905
0.0185351
0.0250365
0.0415609
0.0632651
0.0796107
0.0878711
0.0978932
0.1209117
0.1557275
0.1900736
0.2149561
0.2330919
0.2525876
0.2768685
0.3033605
0.3293615
0.3560159
0.3862627
0.4198664
0.4516840
0.4765156
0.4954547
0.5142039
0.5337909
0.5469408
0.5470249
0.5373894
0.5270827
0.5187739
0.5055519
0.4799475
0.4429076
0.4029342
0.3676401
0.3364506
0.3019453
0.2597206
0.2159690
0.1818893
0.1605543
0.1435717
0.1217906
0.0948109
0.0679907
0.0445797
0.0241491
0.0059129
-0.0096851
-0.0218033
-0.0304757
-0.0378074
-0.0468884
-0.0574115
-0.0644130
-0.0651763
-0.0653318
-0.0726809
-0.0858264
-0.0947366
-0.0930638
-0.0850568
-0.0795811
-0.0812426
-0.0878927
-0.0939048
-0.0959406
-0.0969639
-0.1023514
-0.1107016
-0.1134129
-0.1067878
-0.0988760
-0.0988069
-0.1043318
-0.1066559
-0.1039802
-0.1033192
-0.1105744
-0.1237634
-0.1347071
-0.1351148
-0.1244078
-0.1130317
-0.1128251
-0.1228868
-0.1317738
-0.1344865
-0.1377783
-0.1462830
-0.1542254
-0.1554869
-0.1520911
-0.1481115
-0.1444721
-0.1433922
-0.1480757
-0.1551484
-0.1579510
-0.1586225
-0.1643600
-0.1715572
-0.1694767
-0.1602983
-0.1570629
-0.1606624
-0.1605110
-0.1595266
-0.1710756
-0.1852323
-0.1702418
-0.1222036
