0.4119917
0.3780140
0.3363765
0.2869008
0.2386589
0.2026203
0.1795419
0.1582388
0.1280396
0.0913236
0.0605329
0.0425578
0.0295884
0.0083588
-0.0230165
-0.0514378
-0.0634097
-0.0604050
-0.0566726
-0.0628084
-0.0753483
-0.0840362
-0.0860047
-0.0884871
-0.0975832
-0.1086890
-0.1113889
-0.1024789
-0.0904641
-0.0860892
-0.0909813
-0.0979017
-0.1007370
-0.1007624
-0.1021733
-0.1045499
-0.1031467
-0.0963050
-0.0892270
-0.0883578
-0.0935767
-0.0986043
-0.0991144
-0.0977258
-0.0993397
-0.1035018
-0.1046575
-0.1003074
-0.0957160
-0.0978391
-0.1058515
-0.1112681
-0.1086227
-0.1031941
-0.1049510
-0.1154553
-0.1244742
-0.1216489
-0.1093582
-0.1005283
-0.1035493
-0.1128210
-0.1166754
-0.1125256
-0.1098162
-0.1168927
-0.1287496
-0.1319759
-0.1213874
-0.1074145
-0.1043024
-0.1132466
-0.1213742
-0.1179665
-0.1077048
-0.1043619
-0.1129847
-0.1232014
-0.1221971
-0.1108945
-0.1028054
-0.1071156
-0.1175695
-0.1211049
-0.1148628
-0.1096402
-0.1154175
-0.1276314
-0.1319345
-0.1216377
-0.1059630
-0.0989365
-0.1030915
-0.1081739
-0.1055607
-0.0993426
-0.1000138
-0.1094564
-0.1170604
-0.1123844
-0.0984723
-0.0888639
-0.0917366
-0.1007466
-0.1038061
-0.0986529
-0.0955733
-0.1036728
-0.1177459
-0.1223571
-0.1087081
-0.0842609
-0.0640114
-0.0544058
-0.0489764
-0.0396107
-0.0283110
-0.0246322
-0.0324545
-0.0431005
-0.0438535
-0.0319772
-0.0176888
-0.0128449
-0.0186982
-0.0262697
-0.0275682
-0.0240482
-0.0234520
-0.0302000
-0.0408633
-0.0489428
-0.0522608
-0.0543813
-0.0594149
-0.0671279
-0.0739727
-0.0780166
-0.0812973
-0.0867896
-0.0939689
-0.0985807
-0.0970377
-0.0903394
-0.0830686
-0.0788424
-0.0775308
-0.0769787
-0.0762442
-0.0758163
-0.0748952
-0.0703036
-0.0594864
-0.0439270
-0.0278813
-0.0132123
0.0036029
0.0291509
0.0695837
0.1313009
0.2241550
0.3599996
0.5436056
0.7618583
0.9793044
1.1419816
1.1873609
1.0617949
0.7481150
0.2936799
-0.1869538
-0.5545645
-0.7170718
-0.6802073
-0.5345033
-0.3874181
-0.2964354
-0.2541513
-0.2252554
-0.1907604
-0.1590298
-0.1444657
-0.1457580
-0.1474162
-0.1377135
-0.1199554
-0.1060705
-0.1026873
-0.1055952
-0.1063781
-0.1018896
-0.0965435
-0.0965420
-0.1029513
-0.1103271
-0.1115663
-0.1041471
-0.0922366
-0.0830806
-0.0810039
-0.0842848
-0.0875810
-0.0874890
-0.0856281
-0.0858666
-0.0885476
-0.0884495
-0.0796944
-0.0628553
-0.0460851
-0.0379821
-0.0392284
-0.0421498
-0.0390520
-0.0302075
-0.0222948
-0.0189594
-0.0148837
-0.0012631
0.0230755
0.0483780
0.0635061
0.0680249
0.0728211
0.0881715
0.1127429
0.1359865
0.1509147
0.1623909
0.1815154
0.2128893
0.2494892
0.2805648
0.3028512
0.3223883
0.3461029
0.3740180
0.4008459
0.4236787
0.4456502
0.4712611
0.4994909
0.5233257
0.5364746
0.5394380
0.5377753
0.5345561
0.5259268
0.5052907
0.4716399
0.4325052
0.3976648
0.3699172
0.3427409
0.3076058
0.2633985
0.2179199
0.1798515
0.1501494
0.1225055
0.0920382
0.0617229
0.0388600
0.0259167
0.0168463
0.0033826
-0.0160963
-0.0354811
-0.0486203
-0.0564170
-0.0648980
-0.0768875
-0.0877266
-0.0905167
-0.0846835
-0.0775779
-0.0771853
-0.0843653
-0.0931056
-0.0977224
-0.0984562
-0.0996000
-0.1031596
-0.1058326
-0.1028754
-0.0943307
-0.0862529
-0.0851420
-0.0914491
-0.0991524
-0.1018920
-0.0992693
-0.0968662
-0.0999964
-0.1075771
-0.1125936
-0.1091484
-0.0990813
-0.0909678
-0.0919684
-0.1008438
-0.1096238
-0.1122102
-0.1105319
-0.1114314
-0.1178081
-0.1243370
-0.1232846
-0.1141694
-0.1056620
-0.1064977
-0.1154858
-0.1227676
-0.1215157
-0.1162810
-0.1174984
-0.1281717
-0.1387689
-0.1372683
-0.1232700
-0.1094875
-0.1081088
-0.1174299
-0.1244292
-0.1204147
-0.1112294
-0.1098629
-0.1204292
-0.1328183
-0.1343525
-0.1243701
-0.1144353
-0.1143179
-0.1207953
-0.1226278
-0.1153800
-0.1077039
-0.1109161
-0.1242028
-0.1337485
-0.1277764
-0.1102707
-0.0972515
-0.0996336
-0.1119897
-0.1194214
-0.1142063
-0.1035683
-0.1006614
-0.1096495
-0.1215439
-0.1245873
-0.1167502
-0.1066120
-0.1029527
-0.1057505
-0.1082235
-0.1061034
-0.1026716
-0.1040272
-0.1105761
-0.1147577
-0.1078253
-0.0885223
-0.0646490
-0.0464091
-0.0388650
-0.0405032
-0.0472471
-0.0559953
-0.0643850
-0.0692104
-0.0671920
-0.0579056
-0.0452416
-0.0350015
-0.0305303
-0.0307034
-0.0323067
-0.0341711
-0.0385193
-0.0480719
-0.0620708
-0.0755087
-0.0827007
-0.0822657
-0.0789998
-0.0802238
-0.0890408
-0.1008586
-0.1076130
-0.1063052
-0.1026174
-0.1045708
-0.1125003
-0.1171938
-0.1098595
-0.0934942
-0.0817060
-0.0842984
-0.0952682
-0.0982596
-0.0848730
-0.0646643
-0.0538301
-0.0549850
-0.0523222
-0.0284882
0.0174830
0.0740466
0.1389642
0.2316434
0.3778609
0.5808157
0.8088241
1.0105916
1.1382058
1.1547439
1.0308663
0.7542612
0.3570206
-0.0695006
-0.4054918
-0.5691206
-0.5652124
-0.4716738
-0.3756756
-0.3170203
-0.2835373
-0.2491854
-0.2085438
-0.1763719
-0.1638874
-0.1645240
-0.1633488
-0.1545677
-0.1455982
-0.1454178
-0.1527681
-0.1573371
-0.1511721
-0.1372366
-0.1263604
-0.1262890
-0.1342768
-0.1406478
-0.1393243
-0.1340417
-0.1334689
-0.1404336
-0.1474093
-0.1442245
-0.1301980
-0.1165900
-0.1150734
-0.1243984
-0.1310605
-0.1242745
-0.1082576
-0.0972338
-0.0988154
-0.1051858
-0.1021605
-0.0852944
-0.0646053
-0.0532492
-0.0536681
-0.0565009
-0.0520467
-0.0401154
-0.0275261
-0.0179498
-0.0071200
0.0114435
0.0380571
0.0659674
0.0884503
0.1055409
0.1232890
0.1468915
0.1751950
0.2022632
0.2242412
0.2441144
0.2690503
0.3029291
0.3419455
0.3779331
0.4059049
0.4280349
0.4502407
0.4753377
0.5002248
0.5198754
0.5330024
0.5423825
0.5496916
0.5518825
0.5440912
0.5252885
0.4991998
0.4693749
0.4350772
0.3936061
0.3463001
0.3004354
0.2637468
0.2370762
0.2134122
0.1847652
0.1495773
0.1129883
0.0806888
0.0539076
0.0304298
0.0088602
-0.0095114
-0.0227580
-0.0311195
-0.0373553
-0.0445590
-0.0537231
-0.0632596
-0.0707957
-0.0755498
-0.0791215
-0.0839285
-0.0905064
-0.0960663
-0.0962899
-0.0897875
-0.0811189
-0.0780384
-0.0842600
-0.0952706
-0.1027868
-0.1036441
-0.1028394
-0.1066996
-0.1140325
-0.1162085
-0.1070034
-0.0911344
-0.0809412
-0.0839951
-0.0954753
-0.1041859
-0.1050665
-0.1033705
-0.1062448
-0.1130110
-0.1163058
-0.1119077
-0.1043795
-0.1016195
-0.1054805
-0.1101094
-0.1098220
-0.1066174
-0.1078877
-0.1168509
-0.1273466
-0.1296974
-0.1211444
-0.1089466
-0.1029161
-0.1060130
-0.1128731
-0.1167082
-0.1164186
-0.1165799
-0.1210304
-0.1274785
-0.1293067
-0.1228015
-0.1117924
-0.1043753
-0.1052207
-0.1116624
-0.1171650
-0.1178304
-0.1152326
-0.1135260
-0.1146500
-0.1167276
-0.1168013
-0.1142902
-0.1111849
-0.1093279
-0.1085909
-0.1080106
-0.1077955
-0.1093258
-0.1132441
-0.1179951
-0.1204521
-0.1182945
-0.1123283
-0.1064983
-0.1048680
-0.1080725
-0.1130752
-0.1167340
-0.1190575
-0.1221733
-0.1262499
-0.1276554
-0.1223913
-0.1114534
-0.1014696
-0.0984522
-0.1008768
-0.1005101
-0.0911022
-0.0753028
-0.0617052
-0.0556927
-0.0548834
-0.0535496
-0.0493912
-0.0445188
-0.0410097
-0.0380476
-0.0344235
-0.0321709
-0.0350643
-0.0426989
-0.0481385
-0.0442728
-0.0329382
-0.0254275
-0.0318525
-0.0503265
-0.0683330
-0.0754451
-0.0739022
-0.0756613
-0.0888848
-0.1081701
-0.1193018
-0.1140088
-0.0989255
-0.0887036
-0.0907680
-0.0987075
-0.1011802
-0.0952744
-0.0887526
-0.0893240
-0.0943194
-0.0932649
-0.0803809
-0.0620231
-0.0496592
-0.0461404
-0.0414914
-0.0233145
0.0108463
0.0543561
0.1049283
0.1753011
0.2888511
0.4630236
0.6931295
0.9458339
1.1634710
1.2769766
1.2267224
0.9890965
0.5984041
0.1465679
-0.2494374
-0.4996466
-0.5806268
-0.5358569
-0.4389860
-0.3488609
-0.2871466
-0.2469808
-0.2159764
-0.1904458
-0.1726357
-0.1616098
-0.1516603
-0.1390699
-0.1266919
-0.1198719
-0.1193879
-0.1206061
-0.1194039
-0.1168735
-0.1169252
-0.1201174
-0.1218463
-0.1177085
-0.1095801
-0.1042474
-0.1054231
-0.1089707
-0.1078822
-0.1011900
-0.0955068
-0.0968632
-0.1026687
-0.1037425
-0.0945078
-0.0797521
-0.0698976
-0.0696892
-0.0731814
-0.0711146
-0.0620473
-0.0536158
-0.0522718
-0.0544168
-0.0502148
-0.0353543
-0.0161963
-0.0022045
0.0049077
0.0123615
0.0268828
0.0464571
0.0634520
0.0751740
0.0883667
0.1114637
0.1439951
0.1764281
0.2006271
0.2181119
0.2368600
0.2617407
0.2901738
0.3168482
0.3406338
0.3655318
0.3952982
0.4284816
0.4594977
0.4839791
0.5019513
0.5158680
0.5271136
0.5353886
0.5402991
0.5416271
0.5378278
0.5257267
0.5029883
0.4711103
0.4354507
0.4013134
0.3691403
0.3339419
0.2909764
0.2426601
0.1986208
0.1673781
0.1479782
0.1308051
0.1069434
0.0762992
0.0463927
0.0238019
0.0077121
-0.0076854
-0.0252558
-0.0411677
-0.0499148
-0.0516933
-0.0527580
-0.0585006
-0.0680476
-0.0764778
-0.0809220
-0.0829572
-0.0853672
-0.0881146
-0.0885201
-0.0851683
-0.0805108
-0.0786110
-0.0805936
-0.0836728
-0.0851642
-0.0860573
-0.0891505
-0.0942460
-0.0970309
-0.0934791
-0.0846725
-0.0765258
-0.0746194
-0.0793810
-0.0864193
-0.0914574
-0.0942629
-0.0971630
-0.1006251
-0.1022628
-0.1006646
-0.0982871
-0.0987796
-0.1021236
-0.1044027
-0.1030297
-0.1008773
-0.1034662
-0.1116041
-0.1183260
-0.1154457
-0.1036545
-0.0938191
-0.0958973
-0.1074121
-0.1157869
-0.1127686
-0.1039736
-0.1019751
-0.1110412
-0.1215130
-0.1204619
-0.1064613
-0.0915893
-0.0883320
-0.0964657
-0.1049597
-0.1058869
-0.1029715
-0.1048456
-0.1127021
-0.1184050
-0.1148496
-0.1049750
-0.0984139
-0.1003420
-0.1060143
-0.1072236
-0.1027390
-0.0999158
-0.1050537
-0.1142018
-0.1165091
-0.1069446
-0.0929224
-0.0863434
-0.0904669
-0.0972302
-0.0978266
-0.0936451
-0.0944154
-0.1053457
-0.1183546
-0.1189550
-0.1025235
-0.0813633
-0.0731330
-0.0828152
-0.0983807
-0.1042939
-0.0967170
-0.0839979
-0.0742523
-0.0658423
-0.0514134
-0.0296718
-0.0101417
-0.0043894
-0.0134446
-0.0263625
-0.0318650
-0.0292233
-0.0259963
-0.0269125
-0.0283313
-0.0242725
-0.0153111
-0.0089990
-0.0114477
-0.0203256
-0.0278871
-0.0307358
-0.0343408
-0.0460079
-0.0645331
-0.0798458
-0.0837931
-0.0790537
-0.0756090
-0.0796154
-0.0878208
-0.0928550
-0.0921331
-0.0901810
-0.0924083
-0.0979762
-0.1003149
-0.0948257
-0.0843975
-0.0758634
-0.0719520
-0.0688756
-0.0621669
-0.0530227
-0.0472116
-0.0474765
-0.0475454
-0.0346319
0.0008450
0.0579082
0.1293422
0.2153244
0.3317096
0.5004458
0.7259851
0.9753918
1.1784172
1.2511164
1.1333256
0.8221964
0.3833527
-0.0697762
-0.4215837
-0.6029946
-0.6170424
-0.5262731
-0.4102426
-0.3219904
-0.2716908
-0.2418631
-0.2138969
-0.1830948
-0.1562324
-0.1408553
-0.1374215
-0.1391335
-0.1379131
-0.1310288
-0.1226949
-0.1193447
-0.1229111
-0.1282501
-0.1275098
-0.1181724
-0.1068814
-0.1035958
-0.1108666
-0.1204721
-0.1224855
-0.1164641
-0.1110669
-0.1127857
-0.1179529
-0.1174439
-0.1077411
-0.0951025
-0.0883395
-0.0888598
-0.0896626
-0.0845396
-0.0761677
-0.0724990
-0.0755808
-0.0773364
-0.0683177
-0.0487526
-0.0284928
-0.0164294
-0.0118020
-0.0063100
0.0062748
0.0234721
0.0373264
0.0440656
0.0494362
0.0632094
0.0887998
0.1198125
0.1469129
0.1666817
0.1834026
0.2035929
0.2296960
0.2585336
0.2852615
0.3086967
0.3323549
0.3599968
0.3910357
0.4211839
0.4468309
0.4676414
0.4854247
0.5016243
0.5155178
0.5239640
0.5236560
0.5148672
0.5022987
0.4905361
0.4785214
0.4597424
0.4285832
0.3864561
0.3415603
0.3020377
0.2685984
0.2344454
0.1939222
0.1508117
0.1156492
0.0940385
0.0798947
0.0620593
0.0363660
0.0092393
-0.0103979
-0.0212054
-0.0305864
-0.0458714
-0.0651668
-0.0785742
-0.0793226
-0.0721601
-0.0687981
-0.0757689
-0.0888189
-0.0989125
-0.1014652
-0.0992747
-0.0982988
-0.1015763
-0.1065033
-0.1076238
-0.1025027
-0.0946738
-0.0902670
-0.0920906
-0.0975116
-0.1015434
-0.1014935
-0.0992641
-0.0993855
-0.1037676
-0.1083157
-0.1066400
-0.0979437
-0.0892035
-0.0879181
-0.0941589
-0.1015965
-0.1053820
-0.1069566
-0.1109644
-0.1186664
-0.1252715
-0.1243966
-0.1155161
-0.1059627
-0.1040196
-0.1104213
-0.1182548
-0.1209020
-0.1182653
-0.1153558
-0.1167574
-0.1226885
-0.1288076
-0.1297548
-0.1244676
-0.1180000
-0.1164470
-0.1200732
-0.1232246
-0.1213639
-0.1166263
-0.1155372
-0.1216418
-0.1307510
-0.1340246
-0.1269103
-0.1149129
-0.1085303
-0.1118857
-0.1186483
-0.1203933
-0.1164587
-0.1132561
-0.1156142
-0.1215717
-0.1253019
-0.1232566
-0.1173430
-0.1128222
-0.1128268
-0.1149593
-0.1143938
-0.1102835
-0.1073442
-0.1105120
-0.1192934
-0.1276516
-0.1284986
-0.1191792
-0.1048191
-0.0958889
-0.0995114
-0.1122244
-0.1230675
-0.1242965
-0.1176752
-0.1104176
-0.1068424
-0.1043071
-0.0961394
-0.0787703
-0.0568607
-0.0403602
-0.0352504
-0.0384681
-0.0431323
-0.0464224
-0.0496935
-0.0527428
-0.0519049
-0.0443922
-0.0325216
-0.0229189
-0.0215871
-0.0286917
-0.0379382
-0.0428479
-0.0441393
-0.0487162
-0.0606449
-0.0756963
-0.0860862
-0.0884512
-0.0861016
-0.0855625
-0.0916330
-0.1033002
-0.1135749
-0.1159238
-0.1119235
-0.1100459
-0.1155807
-0.1238682
-0.1250103
-0.1143882
-0.0980560
-0.0879380
-0.0902684
-0.0978419
-0.0964677
-0.0814827
-0.0644426
-0.0588685
-0.0616651
-0.0545118
-0.0233745
0.0293068
0.0944206
0.1750697
0.2920257
0.4672745
0.6973651
0.9388360
1.1200829
1.1716459
1.0532188
0.7667898
0.3611428
-0.0728436
-0.4285904
-0.6299258
-0.6665263
-0.5895442
-0.4729634
-0.3724008
-0.3067185
-0.2661581
-0.2341976
-0.2040988
-0.1789595
-0.1623501
-0.1539900
-0.1519130
-0.1525363
-0.1495097
-0.1392031
-0.1277103
-0.1258216
-0.1353006
-0.1453007
-0.1441631
-0.1311090
-0.1157323
-0.1091918
-0.1152171
-0.1263420
-0.1303613
-0.1237029
-0.1156596
-0.1156471
-0.1203766
-0.1191390
-0.1082301
-0.0940912
-0.0848197
-0.0837003
-0.0881127
-0.0903684
-0.0834675
-0.0701382
-0.0613832
-0.0621150
-0.0641468
-0.0576758
-0.0430259
-0.0264221
-0.0113228
0.0011772
0.0105937
0.0202217
0.0347239
0.0514192
0.0628028
0.0702927
0.0848098
0.1107650
0.1409434
0.1696432
0.1978466
0.2234827
0.2419339
0.2586978
0.2847342
0.3168467
0.3413449
0.3588985
0.3835410
0.4148799
0.4381170
0.4556155
0.4852472
0.5167432
0.5067633
0.4389433
