0.8155421
0.4059762
-0.0647069
-0.4628757
-0.6904091
-0.7338846
-0.6566458
-0.5443013
-0.4512045
-0.3867303
-0.3384934
-0.2992766
-0.2722614
-0.2591247
-0.2521825
-0.2408825
-0.2229569
-0.2059352
-0.1978425
-0.1985498
-0.2010113
-0.1994483
-0.1945878
-0.1909843
-0.1907545
-0.1910431
-0.1873608
-0.1785209
-0.1679174
-0.1602031
-0.1569537
-0.1554882
-0.1517724
-0.1445288
-0.1365822
-0.1319737
-0.1313911
-0.1304222
-0.1228640
-0.1064653
-0.0856106
-0.0678741
-0.0572977
-0.0508572
-0.0417951
-0.0266612
-0.0089243
0.0047130
0.0117172
0.0172730
0.0301389
0.0546991
0.0869378
0.1181111
0.1422919
0.1604750
0.1778895
0.1981738
0.2207506
0.2435477
0.2670209
0.2941759
0.3262943
0.3595445
0.3871061
0.4051987
0.4165388
0.4270978
0.4393344
0.4491952
0.4502863
0.4408146
0.4257770
0.4119210
0.4007613
0.3870319
0.3641987
0.3312685
0.2938878
0.2588182
0.2277983
0.1972821
0.1640970
0.1305343
0.1028650
0.0845108
0.0713956
0.0551815
0.0315814
0.0049356
-0.0161992
-0.0279291
-0.0346759
-0.0435282
-0.0557053
-0.0650044
-0.0652682
-0.0584650
-0.0539148
-0.0590082
-0.0714510
-0.0816226
-0.0825850
-0.0769665
-0.0735321
-0.0775484
-0.0855131
-0.0895937
-0.0864070
-0.0804272
-0.0787422
-0.0834892
-0.0903873
-0.0944245
-0.0956352
-0.0982397
-0.1045270
-0.1111255
-0.1123990
-0.1071325
-0.1006097
-0.0994659
-0.1051000
-0.1130226
-0.1185090
-0.1217042
-0.1263488
-0.1340743
-0.1413555
-0.1428288
-0.1371475
-0.1287789
-0.1239626
-0.1253891
-0.1309241
-0.1368081
-0.1412712
-0.1450143
-0.1489653
-0.1523631
-0.1532476
-0.1506534
-0.1461861
-0.1433066
-0.1446710
-0.1496941
-0.1547162
-0.1561294
-0.1537954
-0.1510908
-0.1509137
-0.1516450
-0.1480316
-0.1369699
-0.1220394
-0.1108905
-0.1072917
-0.1065314
-0.1001735
-0.0856649
-0.0698430
-0.0614697
-0.0606267
-0.0573907
-0.0423668
-0.0179599
0.0023136
0.0061812
-0.0065799
-0.0260729
-0.0436142
-0.0590919
-0.0768007
-0.0963926
-0.1110171
-0.1152667
-0.1130178
-0.1149427
-0.1277049
-0.1469259
-0.1619495
-0.1670484
-0.1666379
-0.1692045
-0.1773919
-0.1854544
-0.1863617
-0.1799854
-0.1731797
-0.1721394
-0.1758658
-0.1777716
-0.1732052
-0.1645026
-0.1582758
-0.1579586
-0.1593601
-0.1538525
-0.1363461
-0.1103391
-0.0843714
-0.0617712
-0.0325315
0.0242408
0.1277843
0.2833843
0.4805767
0.7002064
0.9175919
1.0941475
1.1691828
1.0745667
0.7778455
0.3251117
-0.1596032
-0.5325440
-0.7089585
-0.7023362
-0.5960243
-0.4767065
-0.3866029
-0.3245356
-0.2772255
-0.2417744
-0.2223985
-0.2170135
-0.2153879
-0.2099144
-0.2027480
-0.1997399
-0.2002113
-0.1967197
-0.1849808
-0.1704394
-0.1624160
-0.1629704
-0.1645189
-0.1592517
-0.1487012
-0.1417467
-0.1435902
-0.1490542
-0.1480801
-0.1367975
-0.1214518
-0.1112731
-0.1088300
-0.1082820
-0.1023574
-0.0897183
-0.0752637
-0.0642496
-0.0569932
-0.0490935
-0.0360842
-0.0177317
0.0016757
0.0169693
0.0265319
0.0338317
0.0446320
0.0621820
0.0848245
0.1083603
0.1305797
0.1528745
0.1772163
0.2025757
0.2258471
0.2465825
0.2691641
0.2983028
0.3322785
0.3626322
0.3824786
0.3949100
0.4112455
0.4395957
0.4755928
0.5055549
0.5189366
0.5168821
0.5084388
0.4996852
0.4879654
0.4666007
0.4337560
0.3956591
0.3614233
0.3352607
0.3133616
0.2875894
0.2525123
0.2102797
0.1695592
0.1388869
0.1194857
0.1041716
0.0842908
0.0585518
0.0346157
0.0212023
0.0187976
0.0189869
0.0130323
0.0001625
-0.0130961
-0.0207353
-0.0229988
-0.0245555
-0.0287224
-0.0345597
-0.0386895
-0.0384049
-0.0331948
-0.0250919
-0.0183767
-0.0171863
-0.0211177
-0.0235297
-0.0169905
-0.0019311
0.0122197
0.0176421
0.0195263
0.0329436
0.0660711
0.1102505
0.1535385
0.2060941
0.3053748
0.4859425
0.7390596
1.0045288
1.2065475
1.2982598
1.2712085
1.1283014
0.8629690
0.4786232
0.0287684
-0.3768617
-0.6253953
-0.6736928
-0.5740911
-0.4286448
-0.3151101
-0.2494624
-0.2068178
-0.1657400
-0.1287538
-0.1082283
-0.1047216
-0.1049868
-0.0978169
-0.0857606
-0.0796516
-0.0847786
-0.0952779
-0.1012195
-0.0983973
-0.0903619
-0.0829664
-0.0791500
-0.0786596
-0.0803711
-0.0831383
-0.0851213
-0.0843774
-0.0811261
-0.0784644
-0.0792630
-0.0820178
-0.0809555
-0.0715246
-0.0557691
-0.0411642
-0.0333707
-0.0305780
-0.0258906
-0.0152372
-0.0017221
0.0087467
0.0154353
0.0246556
0.0427654
0.0681830
0.0919698
0.1068716
0.1148720
0.1248755
0.1432596
0.1677072
0.1904553
0.2065565
0.2182116
0.2317465
0.2516329
0.2773724
0.3045218
0.3275119
0.3424356
0.3493257
0.3525709
0.3575897
0.3651621
0.3690876
0.3612812
0.3404198
0.3147289
0.2945765
0.2819406
0.2682839
0.2436831
0.2075422
0.1693160
0.1387166
0.1162896
0.0943175
0.0663866
0.0349091
0.0088610
-0.0052483
-0.0095607
-0.0123870
-0.0203509
-0.0331941
-0.0456420
-0.0534142
-0.0570424
-0.0603448
-0.0660754
-0.0734541
-0.0794218
-0.0815012
-0.0794167
-0.0749414
-0.0710893
-0.0710094
-0.0761265
-0.0844294
-0.0913092
-0.0934568
-0.0922196
-0.0921660
-0.0957839
-0.1004304
-0.1015904
-0.0987309
-0.0963445
-0.0985714
-0.1041126
-0.1080058
-0.1080251
-0.1074205
-0.1105004
-0.1168673
-0.1216478
-0.1210935
-0.1163459
-0.1113260
-0.1084656
-0.1076724
-0.1083235
-0.1101745
-0.1121897
-0.1126028
-0.1115763
-0.1124778
-0.1182132
-0.1262221
-0.1294726
-0.1240855
-0.1147998
-0.1106256
-0.1148516
-0.1212922
-0.1216289
-0.1151754
-0.1094252
-0.1110363
-0.1182237
-0.1231248
-0.1205135
-0.1126220
-0.1057179
-0.1036889
-0.1056313
-0.1082741
-0.1091290
-0.1076032
-0.1048355
-0.1033239
-0.1056334
-0.1119482
-0.1187860
-0.1212837
-0.1176199
-0.1110267
-0.1069419
-0.1080616
-0.1122435
-0.1150534
-0.1140977
-0.1109888
-0.1094019
-0.1111993
-0.1142122
-0.1140357
-0.1086911
-0.1016444
-0.0991788
-0.1036874
-0.1100495
-0.1104276
-0.1034421
-0.0970812
-0.1004448
-0.1127092
-0.1225637
-0.1201040
-0.1080750
-0.0991468
-0.1019939
-0.1122213
-0.1183147
-0.1149449
-0.1079781
-0.1064930
-0.1124890
-0.1200356
-0.1228688
-0.1201476
-0.1148318
-0.1093410
-0.1048135
-0.1030793
-0.1062307
-0.1133311
-0.1195143
-0.1202810
-0.1163727
-0.1129323
-0.1135107
-0.1158369
-0.1140037
-0.1042735
-0.0884424
-0.0723490
-0.0617983
-0.0589586
-0.0608213
-0.0607359
-0.0531727
-0.0386990
-0.0239179
-0.0149540
-0.0107009
-0.0038550
0.0105397
0.0286246
0.0411169
0.0426435
0.0359854
0.0268215
0.0164463
0.0018050
-0.0179684
-0.0378965
-0.0516705
-0.0587211
-0.0649121
-0.0760195
-0.0917661
-0.1067490
-0.1161453
-0.1195977
-0.1203315
-0.1219935
-0.1264160
-0.1329099
-0.1386174
-0.1402121
-0.1365658
-0.1299704
-0.1240343
-0.1202341
-0.1171878
-0.1133031
-0.1088052
-0.1041710
-0.0976425
-0.0861748
-0.0684674
-0.0439688
-0.0066556
0.0582949
0.1673179
0.3257602
0.5230569
0.7394111
0.9506987
1.1195974
1.1845868
1.0748512
0.7589479
0.2921013
-0.1891749
-0.5372233
-0.6787881
-0.6471716
-0.5386888
-0.4375034
-0.3729464
-0.3322965
-0.2984309
-0.2698003
-0.2520126
-0.2429040
-0.2324835
-0.2150909
-0.1963236
-0.1863481
-0.1884805
-0.1960095
-0.1993165
-0.1944926
-0.1851590
-0.1775643
-0.1749088
-0.1756908
-0.1761504
-0.1737135
-0.1684991
-0.1622366
-0.1562347
-0.1505497
-0.1448741
-0.1396557
-0.1358687
-0.1337010
-0.1318128
-0.1280586
-0.1209034
-0.1103322
-0.0979133
-0.0861702
-0.0771776
-0.0707345
-0.0638007
-0.0527877
-0.0373558
-0.0215241
-0.0096946
-0.0010249
0.0113045
0.0339082
0.0660163
0.0991675
0.1246307
0.1411297
0.1552757
0.1749043
0.2022847
0.2331126
0.2608949
0.2820874
0.2982507
0.3146190
0.3364024
0.3648611
0.3957321
0.4218478
0.4385166
0.4469020
0.4517723
0.4557547
0.4564345
0.4497470
0.4357905
0.4200270
0.4079487
0.3989480
0.3863602
0.3639171
0.3318094
0.2961027
0.2625681
0.2318209
0.2007635
0.1681613
0.1377424
0.1151475
0.1019103
0.0929828
0.0806849
0.0613271
0.0380752
0.0175463
0.0038470
-0.0041718
-0.0105017
-0.0176416
-0.0247198
-0.0291940
-0.0297690
-0.0277897
-0.0263323
-0.0279749
-0.0328264
-0.0383163
-0.0413555
-0.0414084
-0.0413312
-0.0442858
-0.0494023
-0.0513802
-0.0457284
-0.0346275
-0.0264187
-0.0280716
-0.0381783
-0.0482338
-0.0511498
-0.0479445
-0.0456384
-0.0491333
-0.0560915
-0.0599206
-0.0569965
-0.0503011
-0.0462127
-0.0483915
-0.0549575
-0.0611100
-0.0639727
-0.0649343
-0.0676847
-0.0741820
-0.0823868
-0.0878027
-0.0874298
-0.0825916
-0.0780547
-0.0781498
-0.0832814
-0.0898597
-0.0936408
-0.0934968
-0.0922850
-0.0940096
-0.0997850
-0.1064043
-0.1091357
-0.1062629
-0.1007960
-0.0973915
-0.0976734
-0.0991974
-0.0993191
-0.0992773
-0.1030439
-0.1115970
-0.1194608
-0.1187525
-0.1074597
-0.0928632
-0.0853658
-0.0883931
-0.0949015
-0.0944803
-0.0839120
-0.0703534
-0.0639160
-0.0672507
-0.0726224
-0.0692685
-0.0536294
-0.0324804
-0.0162724
-0.0095447
-0.0076600
-0.0024297
0.0094587
0.0234003
0.0315122
0.0297975
0.0209338
0.0107251
0.0024065
-0.0055822
-0.0167607
-0.0321637
-0.0489661
-0.0634308
-0.0748601
-0.0860291
-0.0992322
-0.1122341
-0.1194084
-0.1179803
-0.1126722
-0.1123316
-0.1207507
-0.1317394
-0.1352594
-0.1289405
-0.1217414
-0.1242453
-0.1357174
-0.1432399
-0.1353268
-0.1152648
-0.0984535
-0.0957467
-0.1012961
-0.0989308
-0.0799219
-0.0513786
-0.0247413
0.0033151
0.0558253
0.1594789
0.3230901
0.5307618
0.7522080
0.9539760
1.0981047
1.1359864
1.0183580
0.7279222
0.3113704
-0.1239069
-0.4583561
-0.6232082
-0.6305212
-0.5492653
-0.4514345
-0.3732694
-0.3158521
-0.2705850
-0.2375067
-0.2213666
-0.2184360
-0.2147935
-0.1993145
-0.1753391
-0.1566153
-0.1520154
-0.1564924
-0.1579940
-0.1514931
-0.1436979
-0.1435684
-0.1504374
-0.1539665
-0.1459967
-0.1303515
-0.1189971
-0.1187800
-0.1239397
-0.1231020
-0.1128153
-0.1019117
-0.1011771
-0.1097580
-0.1141375
-0.1018605
-0.0754537
-0.0510915
-0.0428762
-0.0491900
-0.0552313
-0.0483910
-0.0298663
-0.0109531
0.0005615
0.0085082
0.0228432
0.0478568
0.0775266
0.1023884
0.1193119
0.1333604
0.1508826
0.1727408
0.1951461
0.2157544
0.2367138
0.2609956
0.2872672
0.3104868
0.3279267
0.3429256
0.3610008
0.3825991
0.4016514
0.4124599
0.4168822
0.4225521
0.4333445
0.4432022
0.4413397
0.4236056
0.3970123
0.3719229
0.3508183
0.3267527
0.2931896
0.2533266
0.2176347
0.1924950
0.1734366
0.1508393
0.1211145
0.0902463
0.0661647
0.0497064
0.0349230
0.0175803
0.0007728
-0.0093678
-0.0122725
-0.0148081
-0.0237544
-0.0378903
-0.0493082
-0.0524738
-0.0503247
-0.0503761
-0.0557237
-0.0616903
-0.0619098
-0.0563856
-0.0518737
-0.0542151
-0.0618035
-0.0678395
-0.0683966
-0.0664720
-0.0673144
-0.0710873
-0.0721870
-0.0663230
-0.0567307
-0.0515891
-0.0552662
-0.0637554
-0.0698961
-0.0720514
-0.0754048
-0.0840260
-0.0937295
-0.0954996
-0.0863305
-0.0743411
-0.0709591
-0.0785048
-0.0878012
-0.0890570
-0.0833505
-0.0809689
-0.0885244
-0.1004344
-0.1051520
-0.0985804
-0.0884540
-0.0848312
-0.0889163
-0.0938107
-0.0951122
-0.0968270
-0.1047353
-0.1162946
-0.1212510
-0.1134859
-0.0995812
-0.0927011
-0.0983095
-0.1086408
-0.1124731
-0.1082950
-0.1051801
-0.1109305
-0.1222431
-0.1284789
-0.1238785
-0.1135531
-0.1069507
-0.1073968
-0.1097816
-0.1077383
-0.1007811
-0.0934179
-0.0887654
-0.0851581
-0.0792701
-0.0708274
-0.0627187
-0.0568173
-0.0512115
-0.0423901
-0.0296377
-0.0163360
-0.0066047
-0.0009755
0.0042465
0.0131663
0.0256548
0.0362224
0.0375755
0.0260717
0.0047481
-0.0185913
-0.0369317
-0.0488210
-0.0582231
-0.0695614
-0.0828506
-0.0940091
-0.0999917
-0.1028525
-0.1078493
-0.1176168
-0.1292526
-0.1377960
-0.1417978
-0.1440951
-0.1470435
-0.1487386
-0.1455579
-0.1377970
-0.1305036
-0.1276844
-0.1272746
-0.1239044
-0.1162100
-0.1088116
-0.1057046
-0.1034179
-0.0930695
-0.0686122
-0.0297969
0.0248320
0.1055525
0.2279720
0.3999312
0.6117134
0.8366316
1.0349569
1.1537179
1.1308430
0.9197799
0.5305445
0.0529929
-0.3720463
-0.6262769
-0.6791740
-0.5930510
-0.4670942
-0.3706050
-0.3170715
-0.2860638
-0.2586155
-0.2320728
-0.2116272
-0.1985213
-0.1891172
-0.1806895
-0.1736611
-0.1687797
-0.1652553
-0.1624668
-0.1612580
-0.1617728
-0.1611362
-0.1556154
-0.1455180
-0.1361198
-0.1322552
-0.1327842
-0.1321868
-0.1276840
-0.1227506
-0.1220620
-0.1240728
-0.1211632
-0.1081861
-0.0893847
-0.0748373
-0.0698845
-0.0696043
-0.0647506
-0.0522118
-0.0378525
-0.0287220
-0.0240959
-0.0158611
0.0024938
0.0288074
0.0547223
0.0741782
0.0884334
0.1032092
0.1223548
0.1449544
0.1677994
0.1894742
0.2116839
0.2370773
0.2661546
0.2961735
0.3229845
0.3443537
0.3619435
0.3798081
0.4003276
0.4216586
0.4399269
0.4540369
0.4670254
0.4813529
0.4934619
0.4952232
0.4821621
0.4592717
0.4366672
0.4189387
0.4002824
0.3716633
0.3323083
0.2921328
0.2617260
0.2410416
0.2197804
0.1891262
0.1515674
0.1180197
0.0960003
0.0821389
0.0666749
0.0442447
0.0192047
0.0004956
-0.0077740
-0.0101184
-0.0145814
-0.0247215
-0.0369117
-0.0450286
-0.0470987
-0.0471056
-0.0504967
-0.0581978
-0.0652559
-0.0656166
-0.0583921
-0.0492834
-0.0455706
-0.0496582
-0.0575826
-0.0635941
-0.0657074
-0.0665474
-0.0690971
-0.0723139
-0.0716156
-0.0640295
-0.0525738
-0.0447351
-0.0459115
-0.0543245
-0.0628314
-0.0659997
-0.0652109
-0.0664954
-0.0733661
-0.0822831
-0.0858376
-0.0805718
-0.0710398
-0.0654494
-0.0674705
-0.0731969
-0.0764451
-0.0761013
-0.0770649
-0.0838079
-0.0939708
-0.0994726
-0.0944958
-0.0821307
-0.0723964
-0.0730903
-0.0825145
-0.0914545
-0.0923783
-0.0865888
-0.0824199
-0.0866151
-0.0974760
-0.1063557
-0.1059492
-0.0972743
-0.0884948
-0.0869341
-0.0925287
-0.0991223
-0.1014249
-0.0998482
-0.0986035
-0.0999755
-0.1012071
-0.0971230
-0.0856498
-0.0705642
-0.0585587
-0.0533816
-0.0527209
-0.0506359
-0.0429161
-0.0304196
-0.0177739
-0.0088062
-0.0026809
0.0055065
0.0195694
0.0373314
0.0515203
0.0560704
0.0511398
0.0415295
0.0308514
0.0183422
0.0016134
-0.0183005
-0.0358549
-0.0459211
-0.0497908
-0.0549824
-0.0678647
-0.0869639
-0.1047645
-0.1156036
-0.1201213
-0.1222769
-0.1246024
-0.1275225
-0.1312045
-0.1358310
