-0.0596908
-0.0508488
-0.0484671
-0.0488472
-0.0430177
-0.0251984
0.0017613
0.0323484
0.0712967
0.1386846
0.2585585
0.4398826
0.6672921
0.9079345
1.1228945
1.2698510
1.3007872
1.1722296
0.8743827
0.4583420
0.0296224
-0.2997282
-0.4693044
-0.4942647
-0.4387737
-0.3657112
-0.3048694
-0.2574534
-0.2189872
-0.1920550
-0.1802324
-0.1781025
-0.1733927
-0.1590823
-0.1402886
-0.1277771
-0.1263020
-0.1310445
-0.1345033
-0.1342556
-0.1331149
-0.1337458
-0.1354774
-0.1361910
-0.1351068
-0.1325452
-0.1283471
-0.1225619
-0.1175560
-0.1171680
-0.1222241
-0.1280238
-0.1285363
-0.1234541
-0.1190901
-0.1206976
-0.1250045
-0.1228500
-0.1099200
-0.0928886
-0.0827902
-0.0826833
-0.0841931
-0.0774497
-0.0628064
-0.0501683
-0.0464707
-0.0463046
-0.0371799
-0.0134886
0.0170578
0.0417370
0.0560859
0.0674586
0.0860068
0.1139093
0.1441164
0.1685266
0.1861559
0.2036261
0.2289662
0.2652186
0.3086354
0.3515452
0.3872525
0.4139788
0.4353391
0.4566837
0.4802056
0.5036411
0.5239990
0.5417332
0.5596997
0.5775716
0.5888213
0.5852987
0.5653171
0.5358483
0.5052873
0.4744220
0.4363838
0.3864744
0.3306535
0.2819820
0.2479920
0.2230029
0.1943468
0.1558468
0.1138257
0.0795016
0.0566892
0.0383281
0.0150219
-0.0143832
-0.0416530
-0.0579393
-0.0624408
-0.0622398
-0.0649162
-0.0724439
-0.0817129
-0.0892914
-0.0947451
-0.0998952
-0.1059061
-0.1115165
-0.1139518
-0.1115006
-0.1054702
-0.0997988
-0.0983765
-0.1019878
-0.1075569
-0.1109402
-0.1111206
-0.1113659
-0.1153275
-0.1219105
-0.1252212
-0.1207034
-0.1109616
-0.1042077
-0.1062977
-0.1148526
-0.1220300
-0.1230152
-0.1208701
-0.1223844
-0.1297454
-0.1376268
-0.1390026
-0.1328783
-0.1251868
-0.1223622
-0.1252819
-0.1299005
-0.1326936
-0.1341352
-0.1367177
-0.1406453
-0.1427261
-0.1400139
-0.1340490
-0.1304421
-0.1334963
-0.1412967
-0.1467650
-0.1442346
-0.1353224
-0.1281068
-0.1297467
-0.1392095
-0.1475210
-0.1461803
-0.1357605
-0.1255336
-0.1239835
-0.1302163
-0.1357127
-0.1344394
-0.1298150
-0.1304215
-0.1391329
-0.1482513
-0.1470245
-0.1337962
-0.1189044
-0.1142828
-0.1210883
-0.1293884
-0.1300532
-0.1247815
-0.1227307
-0.1283233
-0.1351018
-0.1330872
-0.1210507
-0.1091781
-0.1085787
-0.1193454
-0.1307051
-0.1328721
-0.1268031
-0.1210003
-0.1199953
-0.1185053
-0.1079323
-0.0873688
-0.0663719
-0.0561545
-0.0585819
-0.0647859
-0.0648781
-0.0581068
-0.0522650
-0.0533719
-0.0579461
-0.0571119
-0.0476251
-0.0364869
-0.0333162
-0.0393094
-0.0461143
-0.0465312
-0.0444563
-0.0513073
-0.0719229
-0.0965781
-0.1098168
-0.1068803
-0.0986376
-0.0990443
-0.1097684
-0.1196987
-0.1191699
-0.1116656
-0.1093747
-0.1182395
-0.1302808
-0.1321945
-0.1200794
-0.1032489
-0.0933959
-0.0925793
-0.0937259
-0.0911960
-0.0871678
-0.0862044
-0.0858229
-0.0756300
-0.0465072
0.0015498
0.0634518
0.1414713
0.2515621
0.4138078
0.6331175
0.8854843
1.1187021
1.2647631
1.2585333
1.0616895
0.6884407
0.2179052
-0.2260116
-0.5280484
-0.6389768
-0.5956499
-0.4867752
-0.3908725
-0.3351413
-0.3023290
-0.2681679
-0.2290286
-0.1981986
-0.1847806
-0.1827615
-0.1799257
-0.1722660
-0.1661562
-0.1675267
-0.1725981
-0.1714750
-0.1597355
-0.1438654
-0.1343741
-0.1350685
-0.1405075
-0.1431999
-0.1414185
-0.1394292
-0.1412328
-0.1453652
-0.1462002
-0.1400139
-0.1291349
-0.1196281
-0.1151415
-0.1138900
-0.1119260
-0.1082821
-0.1056101
-0.1057832
-0.1061269
-0.1011928
-0.0884634
-0.0715504
-0.0568861
-0.0473910
-0.0405119
-0.0327643
-0.0243537
-0.0172406
-0.0094269
0.0055551
0.0315226
0.0635187
0.0914752
0.1105794
0.1263391
0.1479372
0.1773037
0.2069045
0.2292736
0.2469394
0.2702427
0.3051771
0.3461139
0.3824070
0.4103890
0.4357957
0.4644264
0.4937690
0.5162767
0.5295339
0.5398075
0.5540136
0.5699283
0.5771592
0.5683007
0.5467122
0.5212062
0.4945637
0.4608732
0.4151647
0.3625959
0.3149833
0.2787494
0.2489577
0.2160923
0.1768290
0.1362866
0.1005070
0.0696070
0.0400830
0.0121157
-0.0091032
-0.0206062
-0.0273942
-0.0376841
-0.0530358
-0.0666970
-0.0730837
-0.0760650
-0.0844903
-0.0998220
-0.1117506
-0.1088470
-0.0927635
-0.0786753
-0.0797929
-0.0930744
-0.1031112
-0.1000418
-0.0903142
-0.0877561
-0.0964030
-0.1059387
-0.1044216
-0.0922940
-0.0814157
-0.0814014
-0.0897510
-0.0964230
-0.0960258
-0.0926535
-0.0926555
-0.0959270
-0.0971118
-0.0939403
-0.0904562
-0.0909591
-0.0939943
-0.0952103
-0.0946334
-0.0972828
-0.1054861
-0.1135129
-0.1131506
-0.1044305
-0.0974194
-0.1008782
-0.1108694
-0.1146219
-0.1065762
-0.0966938
-0.0991871
-0.1146191
-0.1278544
-0.1251305
-0.1097448
-0.0976918
-0.0991416
-0.1081247
-0.1118669
-0.1072324
-0.1037603
-0.1100235
-0.1211742
-0.1240771
-0.1137652
-0.1000561
-0.0957384
-0.1014720
-0.1063667
-0.1027178
-0.0957630
-0.0964736
-0.1068587
-0.1161464
-0.1126994
-0.0975962
-0.0838883
-0.0826128
-0.0920696
-0.1020039
-0.1058461
-0.1057737
-0.1065333
-0.1081973
-0.1070215
-0.1015107
-0.0950337
-0.0923514
-0.0949947
-0.1004987
-0.1052039
-0.1067779
-0.1040833
-0.0959522
-0.0817260
-0.0633068
-0.0454471
-0.0329544
-0.0277485
-0.0287307
-0.0334167
-0.0387814
-0.0414739
-0.0391004
-0.0320854
-0.0238367
-0.0185168
-0.0181712
-0.0215166
-0.0255471
-0.0288567
-0.0332831
-0.0414115
-0.0524357
-0.0618449
-0.0661030
-0.0668553
-0.0694148
-0.0772212
-0.0885271
-0.0986572
-0.1049985
-0.1091187
-0.1135956
-0.1173381
-0.1157362
-0.1065738
-0.0946704
-0.0884871
-0.0915901
-0.0987192
-0.1010636
-0.0948455
-0.0841684
-0.0757628
-0.0714917
-0.0662467
-0.0530809
-0.0296251
0.0017483
0.0404119
0.0933902
0.1748143
0.3003119
0.4798299
0.7082783
0.9537831
1.1521070
1.2208752
1.0964756
0.7754556
0.3305725
-0.1161048
-0.4503258
-0.6163629
-0.6296291
-0.5500292
-0.4420604
-0.3483668
-0.2843549
-0.2460249
-0.2215965
-0.2016087
-0.1839731
-0.1719852
-0.1677024
-0.1672137
-0.1630165
-0.1517022
-0.1385679
-0.1326485
-0.1364435
-0.1424259
-0.1415465
-0.1339048
-0.1282132
-0.1305437
-0.1363926
-0.1358277
-0.1253941
-0.1126235
-0.1078529
-0.1126407
-0.1181114
-0.1154031
-0.1060068
-0.0993157
-0.1002181
-0.1024028
-0.0960905
-0.0805121
-0.0655081
-0.0603836
-0.0635051
-0.0646206
-0.0567665
-0.0438402
-0.0350469
-0.0327164
-0.0283729
-0.0126073
0.0129649
0.0368983
0.0513503
0.0612081
0.0777014
0.1045465
0.1333873
0.1537766
0.1660564
0.1822755
0.2134689
0.2569747
0.2982557
0.3258594
0.3428983
0.3622690
0.3917618
0.4262206
0.4544640
0.4718673
0.4848383
0.5034034
0.5302068
0.5571232
0.5727520
0.5727848
0.5621392
0.5472064
0.5280351
0.4996203
0.4598583
0.4141756
0.3715799
0.3365751
0.3053194
0.2700461
0.2276089
0.1832742
0.1452759
0.1160957
0.0906572
0.0632510
0.0343965
0.0097188
-0.0068532
-0.0173084
-0.0270771
-0.0392739
-0.0520467
-0.0618723
-0.0688586
-0.0770669
-0.0885840
-0.0988912
-0.1006558
-0.0923057
-0.0808937
-0.0755001
-0.0787204
-0.0853914
-0.0891136
-0.0890684
-0.0898541
-0.0946439
-0.0997310
-0.0977868
-0.0868907
-0.0742990
-0.0695552
-0.0747418
-0.0831315
-0.0870724
-0.0856917
-0.0845591
-0.0886836
-0.0965479
-0.1014241
-0.0987740
-0.0916413
-0.0875191
-0.0900999
-0.0957810
-0.0988128
-0.0982832
-0.0986639
-0.1039705
-0.1124067
-0.1171496
-0.1128331
-0.1016882
-0.0925752
-0.0926998
-0.1004544
-0.1076291
-0.1085503
-0.1055839
-0.1052762
-0.1103406
-0.1164518
-0.1169005
-0.1101267
-0.1021136
-0.1003626
-0.1055600
-0.1109759
-0.1110087
-0.1082501
-0.1096601
-0.1166336
-0.1219360
-0.1177111
-0.1050027
-0.0935490
-0.0918206
-0.0982178
-0.1034801
-0.1020093
-0.0987336
-0.1024393
-0.1133508
-0.1211248
-0.1167080
-0.1035247
-0.0941401
-0.0965550
-0.1060815
-0.1112994
-0.1068845
-0.0994484
-0.1001863
-0.1120225
-0.1253521
-0.1275654
-0.1159408
-0.0996289
-0.0893492
-0.0868681
-0.0847977
-0.0753360
-0.0586868
-0.0435270
-0.0391065
-0.0461357
-0.0555931
-0.0571027
-0.0481718
-0.0350027
-0.0256251
-0.0235078
-0.0267758
-0.0315409
-0.0355685
-0.0395410
-0.0449914
-0.0511165
-0.0546699
-0.0537679
-0.0510484
-0.0521021
-0.0608076
-0.0761476
-0.0929093
-0.1056443
-0.1130386
-0.1183614
-0.1244572
-0.1288343
-0.1260951
-0.1157868
-0.1053014
-0.1029194
-0.1088752
-0.1150561
-0.1136863
-0.1054656
-0.0985743
-0.0994346
-0.1049142
-0.1049387
-0.0931896
-0.0734820
-0.0541047
-0.0371227
-0.0149168
0.0242670
0.0903665
0.1907945
0.3315801
0.5144431
0.7283454
0.9398051
1.0909351
1.1142626
0.9636765
0.6456639
0.2288529
-0.1791885
-0.4783688
-0.6199058
-0.6209321
-0.5417180
-0.4443959
-0.3639742
-0.3068108
-0.2661222
-0.2355088
-0.2126761
-0.1974561
-0.1895245
-0.1874909
-0.1889557
-0.1906677
-0.1886910
-0.1800377
-0.1659333
-0.1528193
-0.1476977
-0.1515578
-0.1584005
-0.1611258
-0.1578036
-0.1525177
-0.1509681
-0.1547378
-0.1588976
-0.1560758
-0.1442851
-0.1300105
-0.1219549
-0.1221761
-0.1248681
-0.1233923
-0.1167770
-0.1091810
-0.1042990
-0.1010332
-0.0948233
-0.0834382
-0.0705987
-0.0620886
-0.0584480
-0.0541615
-0.0451172
-0.0341688
-0.0267819
-0.0224312
-0.0131487
0.0085642
0.0411967
0.0742957
0.0978058
0.1119204
0.1267568
0.1510048
0.1819925
0.2093017
0.2277842
0.2441018
0.2694295
0.3075825
0.3514189
0.3898648
0.4177992
0.4396394
0.4634001
0.4911596
0.5165432
0.5325196
0.5399545
0.5460274
0.5546313
0.5606641
0.5544998
0.5311942
0.4950940
0.4556974
0.4186715
0.3812168
0.3376007
0.2888782
0.2441967
0.2110551
0.1867416
0.1618239
0.1308332
0.0972451
0.0684018
0.0473731
0.0302204
0.0108193
-0.0117590
-0.0313599
-0.0412899
-0.0421387
-0.0413491
-0.0452823
-0.0537100
-0.0621882
-0.0676975
-0.0712551
-0.0763252
-0.0848930
-0.0940823
-0.0973948
-0.0913203
-0.0804496
-0.0738433
-0.0759744
-0.0827856
-0.0868227
-0.0849007
-0.0805500
-0.0797975
-0.0844859
-0.0895883
-0.0882711
-0.0800817
-0.0722680
-0.0717580
-0.0776353
-0.0832423
-0.0841981
-0.0823558
-0.0826919
-0.0878390
-0.0951444
-0.0984153
-0.0937069
-0.0840835
-0.0773008
-0.0780869
-0.0841139
-0.0900461
-0.0936282
-0.0966563
-0.1013114
-0.1067226
-0.1089164
-0.1045712
-0.0957274
-0.0895228
-0.0910085
-0.0969783
-0.0996916
-0.0965598
-0.0931824
-0.0960142
-0.1043035
-0.1105592
-0.1081370
-0.0979914
-0.0882516
-0.0864067
-0.0914666
-0.0954651
-0.0936320
-0.0905659
-0.0938908
-0.1036221
-0.1111347
-0.1086359
-0.0975836
-0.0874271
-0.0867556
-0.0952303
-0.1040005
-0.1051491
-0.1004793
-0.0987149
-0.1039139
-0.1100197
-0.1086109
-0.0993972
-0.0905541
-0.0898409
-0.0971441
-0.1052796
-0.1073535
-0.1035462
-0.0999724
-0.0998559
-0.0976542
-0.0850991
-0.0625839
-0.0410337
-0.0314938
-0.0349723
-0.0429789
-0.0461181
-0.0418768
-0.0357497
-0.0350860
-0.0409337
-0.0465739
-0.0450537
-0.0367818
-0.0283409
-0.0256683
-0.0303888
-0.0409160
-0.0542799
-0.0676219
-0.0799741
-0.0919490
-0.1026170
-0.1085551
-0.1078848
-0.1037382
-0.1016337
-0.1040845
-0.1088413
-0.1115295
-0.1096708
-0.1055660
-0.1050213
-0.1107612
-0.1170569
-0.1141537
-0.0992117
-0.0803111
-0.0683944
-0.0670636
-0.0706502
-0.0699577
-0.0592637
-0.0395278
-0.0146826
0.0173183
0.0694158
0.1588911
0.2954426
0.4760880
0.6876143
0.9065456
1.0934390
1.1917435
1.1427935
0.9166652
0.5427995
0.1143346
-0.2497109
-0.4662080
-0.5274624
-0.4877847
-0.4143995
-0.3475877
-0.2956888
-0.2540525
-0.2219558
-0.2030921
-0.1955769
-0.1883354
-0.1718137
-0.1503015
-0.1377938
-0.1405812
-0.1491655
-0.1501189
-0.1418879
-0.1350919
-0.1390272
-0.1509165
-0.1585016
-0.1526236
-0.1374241
-0.1267524
-0.1288463
-0.1367532
-0.1372651
-0.1274086
-0.1171791
-0.1162229
-0.1226727
-0.1264922
-0.1206765
-0.1077929
-0.0970222
-0.0949095
-0.0982492
-0.0975667
-0.0886918
-0.0779774
-0.0735758
-0.0744104
-0.0713220
-0.0574330
-0.0344332
-0.0101445
0.0077829
0.0176294
0.0253872
0.0391625
0.0603770
0.0829084
0.1021402
0.1214681
0.1475501
0.1816865
0.2180531
0.2489064
0.2710164
0.2891922
0.3130613
0.3469150
0.3831036
0.4099040
0.4262255
0.4436874
0.4725919
0.5095825
0.5408029
0.5548043
0.5517955
0.5423461
0.5368011
0.5343401
0.5241501
0.4993084
0.4659955
0.4349315
0.4069735
0.3731097
0.3277048
0.2764853
0.2308094
0.1969063
0.1706977
0.1420104
0.1057001
0.0694245
0.0467381
0.0406775
0.0385089
0.0256519
0.0009656
-0.0247316
-0.0414958
-0.0482862
-0.0513122
-0.0574953
-0.0677235
-0.0754597
-0.0744960
-0.0677519
-0.0641863
-0.0671983
-0.0714608
-0.0719582
-0.0706158
-0.0721606
-0.0776711
-0.0837674
-0.0853336
-0.0793759
-0.0693951
-0.0643362
-0.0689635
-0.0771389
-0.0794795
-0.0756470
-0.0734562
-0.0772375
-0.0827975
-0.0835975
-0.0777256
-0.0693583
-0.0659359
-0.0716530
-0.0814842
-0.0855049
-0.0817842
-0.0797694
-0.0868954
-0.0972853
-0.0992436
-0.0901107
-0.0786076
-0.0750180
-0.0823077
-0.0941233
-0.0997600
-0.0948150
-0.0876099
-0.0899229
-0.1010764
-0.1080507
-0.1026120
-0.0910283
-0.0845156
-0.0866443
-0.0927815
-0.0966246
-0.0954062
-0.0926833
-0.0956053
-0.1050692
-0.1111939
-0.1050428
-0.0921296
-0.0863431
-0.0921692
-0.1009234
-0.1036678
-0.1006114
-0.0981800
-0.1021822
-0.1123291
-0.1197284
-0.1140883
-0.0977682
-0.0865908
-0.0909615
-0.1027559
-0.1076266
-0.1036085
-0.0997381
-0.1018095
-0.1072651
-0.1104627
-0.1076002
-0.1000568
-0.0952548
-0.0984182
-0.1026627
-0.0960474
-0.0796672
-0.0678135
-0.0674310
-0.0688314
-0.0609679
-0.0456010
-0.0320843
-0.0268728
-0.0307804
-0.0383873
-0.0397365
-0.0313464
-0.0238488
-0.0284945
-0.0391130
-0.0397738
-0.0277726
-0.0161127
-0.0153127
-0.0250399
-0.0409982
-0.0581401
-0.0702532
-0.0769634
-0.0861778
-0.1003169
-0.1088050
-0.1048350
-0.0985764
-0.1010857
-0.1068124
-0.1060192
-0.1027616
-0.1058844
-0.1131215
-0.1174536
-0.1181031
-0.1143710
-0.1020362
-0.0854508
-0.0774092
-0.0786594
-0.0758347
-0.0660601
-0.0604209
-0.0559758
-0.0313453
0.0213695
0.0899762
0.1773130
0.3110835
0.5053501
0.7385521
0.9728644
1.1598681
1.2267029
1.1072166
0.8050511
0.3932631
-0.0454569
-0.4324726
-0.6686084
-0.6889858
-0.5611876
-0.4394542
-0.3850764
-0.3154508
-0.1705229
