-0.1432936
-0.1647402
-0.1765659
-0.1725268
-0.1844984
-0.2353063
-0.2798221
-0.2321599
-0.0510658
0.2297075
0.5532497
0.8887340
1.2178465
1.4951534
1.6442404
1.5999038
1.3607327
1.0066839
0.6568855
0.3942544
0.2254146
0.1116957
0.0255093
-0.0345187
-0.0699035
-0.0983041
-0.1370316
-0.1827589
-0.2150261
-0.2174983
-0.1953462
-0.1736801
-0.1759627
-0.2006599
-0.2227420
-0.2217153
-0.2037611
-0.1918519
-0.1982532
-0.2120143
-0.2114212
-0.1856991
-0.1469513
-0.1219752
-0.1276134
-0.1521411
-0.1662597
-0.1550726
-0.1333296
-0.1250286
-0.1334923
-0.1382297
-0.1198752
-0.0828749
-0.0516333
-0.0453256
-0.0582587
-0.0674364
-0.0592390
-0.0429954
-0.0342840
-0.0311344
-0.0165612
0.0162774
0.0518831
0.0700482
0.0697808
0.0695964
0.0850860
0.1105233
0.1253174
0.1188404
0.1060346
0.1136449
0.1498874
0.1927626
0.2123699
0.2016163
0.1803495
0.1713888
0.1781762
0.1866878
0.1847206
0.1754240
0.1712958
0.1769124
0.1818262
0.1736754
0.1551396
0.1408438
0.1365867
0.1294665
0.1044945
0.0668960
0.0400703
0.0398057
0.0551530
0.0588884
0.0364806
0.0009874
-0.0236026
-0.0312500
-0.0391880
-0.0619415
-0.0877113
-0.0902558
-0.0631545
-0.0319711
-0.0268725
-0.0485283
-0.0684601
-0.0628901
-0.0398979
-0.0284961
-0.0427445
-0.0633702
-0.0596173
-0.0261499
0.0094805
0.0179294
-0.0004794
-0.0209486
-0.0260078
-0.0230207
-0.0287973
-0.0446705
-0.0540791
-0.0443943
-0.0250536
-0.0189105
-0.0361738
-0.0624118
-0.0760674
-0.0741212
-0.0735109
-0.0869663
-0.1051461
-0.1081855
-0.0914107
-0.0726947
-0.0727346
-0.0921083
-0.1116994
-0.1154142
-0.1084406
-0.1094031
-0.1258135
-0.1432838
-0.1425646
-0.1231926
-0.1039927
-0.1007354
-0.1098152
-0.1168738
-0.1165484
-0.1173397
-0.1267544
-0.1373152
-0.1328857
-0.1091954
-0.0829751
-0.0756347
-0.0888734
-0.1021840
-0.0967340
-0.0768802
-0.0630930
-0.0658365
-0.0728300
-0.0643387
-0.0372432
-0.0095654
-0.0007127
-0.0103006
-0.0197125
-0.0143617
-0.0001818
0.0055043
-0.0028126
-0.0107650
-0.0013809
0.0236328
0.0441289
0.0422280
0.0191560
-0.0098675
-0.0349244
-0.0614527
-0.0989721
-0.1424600
-0.1711551
-0.1696921
-0.1476278
-0.1324138
-0.1417969
-0.1667409
-0.1837687
-0.1815285
-0.1713634
-0.1714691
-0.1844156
-0.1945218
-0.1878606
-0.1703914
-0.1614129
-0.1700377
-0.1844014
-0.1873114
-0.1775952
-0.1691683
-0.1698177
-0.1689796
-0.1522465
-0.1248319
-0.1121218
-0.1315938
-0.1663226
-0.1717310
-0.1092951
0.0313802
0.2443083
0.5275045
0.8719959
1.2237689
1.4725135
1.5056667
1.2936399
0.9254283
0.5525210
0.2866619
0.1410961
0.0592311
-0.0112976
-0.0766864
-0.1172728
-0.1296018
-0.1359620
-0.1568303
-0.1872536
-0.2067490
-0.2068737
-0.2010103
-0.2064735
-0.2231212
-0.2344100
-0.2279680
-0.2097345
-0.1953088
-0.1911374
-0.1898874
-0.1843939
-0.1797761
-0.1866042
-0.2041616
-0.2165657
-0.2084120
-0.1822203
-0.1571914
-0.1498149
-0.1572524
-0.1617811
-0.1514510
-0.1335326
-0.1251269
-0.1319060
-0.1401414
-0.1313896
-0.1026137
-0.0690549
-0.0478166
-0.0413502
-0.0384212
-0.0295100
-0.0176449
-0.0119741
-0.0128726
-0.0085165
0.0113358
0.0413868
0.0651437
0.0730059
0.0719202
0.0752758
0.0864231
0.0961598
0.0963301
0.0919216
0.0962959
0.1149494
0.1375018
0.1480825
0.1419675
0.1287678
0.1195066
0.1146349
0.1071182
0.0943686
0.0825293
0.0782894
0.0796775
0.0775990
0.0658653
0.0471946
0.0279381
0.0085893
-0.0168036
-0.0501310
-0.0811386
-0.0947191
-0.0876300
-0.0748091
-0.0759730
-0.0963949
-0.1230481
-0.1397902
-0.1439655
-0.1461327
-0.1546073
-0.1640459
-0.1620417
-0.1453907
-0.1253120
-0.1147073
-0.1136656
-0.1116654
-0.1030428
-0.0951343
-0.0983825
-0.1110993
-0.1185379
-0.1084739
-0.0854527
-0.0669399
-0.0654260
-0.0768667
-0.0881930
-0.0936704
-0.0997089
-0.1131555
-0.1292721
-0.1353586
-0.1256031
-0.1089561
-0.1008668
-0.1086316
-0.1262217
-0.1425891
-0.1526034
-0.1584797
-0.1623050
-0.1612923
-0.1527950
-0.1417233
-0.1383951
-0.1472975
-0.1605182
-0.1654147
-0.1588861
-0.1517180
-0.1569476
-0.1743286
-0.1884483
-0.1839612
-0.1621282
-0.1402464
-0.1343186
-0.1444509
-0.1585738
-0.1677041
-0.1733138
-0.1796983
-0.1841579
-0.1793578
-0.1646598
-0.1502643
-0.1467300
-0.1521248
-0.1541744
-0.1466016
-0.1389364
-0.1448154
-0.1614662
-0.1675719
-0.1459275
-0.1050312
-0.0721098
-0.0638110
-0.0687872
-0.0631620
-0.0405271
-0.0201349
-0.0227273
-0.0429294
-0.0525313
-0.0322075
0.0058802
0.0317532
0.0307170
0.0161924
0.0091117
0.0120314
0.0100679
-0.0054546
-0.0234385
-0.0277591
-0.0208612
-0.0243979
-0.0539606
-0.0987435
-0.1323034
-0.1420384
-0.1412076
-0.1493264
-0.1667240
-0.1754508
-0.1640163
-0.1433408
-0.1339509
-0.1417406
-0.1532720
-0.1555306
-0.1535744
-0.1625410
-0.1840761
-0.1987364
-0.1868648
-0.1535207
-0.1255715
-0.1225550
-0.1360307
-0.1423635
-0.1327905
-0.1236186
-0.1343242
-0.1606207
-0.1746873
-0.1501519
-0.0787611
0.0417976
0.2282322
0.5027430
0.8516362
1.1953648
1.4142841
1.4207743
1.2185674
0.8990464
0.5808334
0.3436652
0.2017218
0.1220083
0.0620354
-0.0014788
-0.0655799
-0.1131170
-0.1325052
-0.1302839
-0.1259725
-0.1337632
-0.1501001
-0.1614478
-0.1631300
-0.1654285
-0.1784579
-0.1953950
-0.1974102
-0.1762138
-0.1463699
-0.1309220
-0.1367462
-0.1489510
-0.1502066
-0.1404276
-0.1329329
-0.1339196
-0.1332480
-0.1185943
-0.0932645
-0.0731739
-0.0671914
-0.0676949
-0.0635216
-0.0561995
-0.0561645
-0.0644058
-0.0664627
-0.0494699
-0.0204102
0.0002747
0.0035572
0.0029212
0.0159200
0.0399240
0.0551968
0.0525947
0.0489585
0.0681708
0.1114649
0.1553499
0.1790582
0.1852122
0.1887683
0.1932088
0.1886879
0.1737406
0.1670549
0.1881927
0.2301106
0.2613991
0.2593793
0.2342329
0.2145696
0.2137879
0.2194852
0.2156309
0.2046299
0.2004944
0.2060742
0.2077223
0.1939608
0.1706841
0.1514389
0.1372432
0.1154080
0.0800829
0.0457364
0.0325335
0.0405621
0.0469795
0.0317969
0.0005919
-0.0241924
-0.0314106
-0.0325790
-0.0432239
-0.0601870
-0.0650574
-0.0489911
-0.0262931
-0.0187698
-0.0304325
-0.0443668
-0.0450300
-0.0367177
-0.0346406
-0.0416938
-0.0431756
-0.0273758
-0.0042343
0.0044084
-0.0081873
-0.0245740
-0.0248339
-0.0119032
-0.0078220
-0.0250996
-0.0495200
-0.0566397
-0.0415732
-0.0249018
-0.0280325
-0.0494704
-0.0703397
-0.0789530
-0.0817718
-0.0893304
-0.0992400
-0.0995309
-0.0862372
-0.0707985
-0.0680740
-0.0810427
-0.1002300
-0.1154230
-0.1235320
-0.1255417
-0.1213527
-0.1114713
-0.1013876
-0.0992939
-0.1081791
-0.1227000
-0.1349460
-0.1410161
-0.1407099
-0.1339613
-0.1215286
-0.1083648
-0.1017366
-0.1038790
-0.1090999
-0.1109074
-0.1104332
-0.1139670
-0.1217885
-0.1239809
-0.1115005
-0.0898407
-0.0761458
-0.0802488
-0.0923010
-0.0939671
-0.0809291
-0.0686135
-0.0727039
-0.0877009
-0.0904752
-0.0659892
-0.0253474
0.0051538
0.0115023
0.0045045
0.0039387
0.0143894
0.0219361
0.0147785
0.0012925
0.0021625
0.0253468
0.0542768
0.0643780
0.0493134
0.0266247
0.0163177
0.0172525
0.0086999
-0.0246657
-0.0731758
-0.1106365
-0.1212573
-0.1146959
-0.1133245
-0.1275466
-0.1469553
-0.1553063
-0.1504558
-0.1466253
-0.1574556
-0.1794765
-0.1944524
-0.1881932
-0.1656707
-0.1462793
-0.1442290
-0.1548130
-0.1610660
-0.1536860
-0.1425055
-0.1457988
-0.1673531
-0.1866820
-0.1767353
-0.1339261
-0.0881051
-0.0776012
-0.1114931
-0.1570368
-0.1644256
-0.1013651
0.0378718
0.2504851
0.5368597
0.8805675
1.2163956
1.4344899
1.4396613
1.2232870
0.8797795
0.5453393
0.3100019
0.1776994
0.0989461
0.0320003
-0.0280500
-0.0676888
-0.0856521
-0.0980031
-0.1184318
-0.1437921
-0.1626711
-0.1726292
-0.1823124
-0.1971493
-0.2095371
-0.2074401
-0.1903733
-0.1721555
-0.1667339
-0.1740490
-0.1820874
-0.1816547
-0.1762225
-0.1761295
-0.1849499
-0.1943042
-0.1928991
-0.1791213
-0.1629110
-0.1551537
-0.1565936
-0.1582282
-0.1522270
-0.1409439
-0.1336682
-0.1343421
-0.1343261
-0.1198832
-0.0876836
-0.0511820
-0.0293792
-0.0288852
-0.0383092
-0.0408227
-0.0308219
-0.0165061
-0.0066125
0.0020900
0.0208911
0.0530634
0.0857544
0.1017758
0.0989376
0.0934676
0.1016570
0.1205524
0.1313751
0.1230009
0.1079633
0.1106429
0.1395873
0.1756429
0.1905709
0.1758954
0.1497840
0.1352661
0.1359105
0.1363433
0.1242929
0.1060797
0.0975477
0.1030667
0.1087961
0.0981529
0.0707190
0.0421890
0.0256335
0.0163688
-0.0014666
-0.0341132
-0.0679393
-0.0829030
-0.0751939
-0.0628551
-0.0668682
-0.0884435
-0.1084944
-0.1104191
-0.1000353
-0.0987681
-0.1170668
-0.1393299
-0.1395747
-0.1111074
-0.0759553
-0.0626022
-0.0770651
-0.0993083
-0.1070344
-0.0984524
-0.0895738
-0.0925809
-0.1021288
-0.1041138
-0.0939251
-0.0816178
-0.0790853
-0.0860337
-0.0916255
-0.0889038
-0.0841658
-0.0900699
-0.1102679
-0.1329455
-0.1411094
-0.1295605
-0.1108674
-0.1034415
-0.1135745
-0.1303880
-0.1392414
-0.1387055
-0.1416337
-0.1584984
-0.1818681
-0.1908868
-0.1728500
-0.1391086
-0.1170392
-0.1248268
-0.1545729
-0.1809810
-0.1860785
-0.1741729
-0.1629220
-0.1623914
-0.1655221
-0.1589768
-0.1402918
-0.1213290
-0.1148023
-0.1203446
-0.1265250
-0.1256494
-0.1225236
-0.1259776
-0.1339598
-0.1320113
-0.1089283
-0.0717094
-0.0413901
-0.0331491
-0.0422354
-0.0506462
-0.0463310
-0.0336769
-0.0250535
-0.0246600
-0.0234723
-0.0103321
0.0142397
0.0373535
0.0467231
0.0425316
0.0348401
0.0294807
0.0188429
-0.0104624
-0.0598901
-0.1111717
-0.1396627
-0.1368327
-0.1181893
-0.1077972
-0.1161354
-0.1345860
-0.1498410
-0.1592588
-0.1698124
-0.1849126
-0.1975110
-0.1981679
-0.1871842
-0.1753273
-0.1725073
-0.1780664
-0.1829554
-0.1795382
-0.1679835
-0.1547821
-0.1471707
-0.1478023
-0.1514483
-0.1464191
-0.1234440
-0.0874305
-0.0594604
-0.0616159
-0.0951540
-0.1328922
-0.1338973
-0.0651541
0.0904266
0.3392503
0.6746156
1.0562154
1.3943130
1.5736846
1.5184167
1.2493455
0.8791046
0.5415059
0.3123931
0.1852186
0.1105270
0.0515131
0.0043426
-0.0221166
-0.0316645
-0.0410268
-0.0611584
-0.0867920
-0.1062570
-0.1166930
-0.1253018
-0.1371281
-0.1465509
-0.1434885
-0.1263948
-0.1061143
-0.0958146
-0.0982753
-0.1045253
-0.1049282
-0.1000228
-0.0987975
-0.1062084
-0.1143849
-0.1089027
-0.0848947
-0.0551357
-0.0389321
-0.0418971
-0.0493338
-0.0428331
-0.0225478
-0.0082252
-0.0151953
-0.0325179
-0.0311622
0.0039697
0.0542316
0.0842228
0.0784406
0.0568763
0.0520408
0.0737571
0.1015880
0.1121747
0.1082732
0.1152031
0.1494356
0.1968743
0.2267782
0.2255719
0.2117570
0.2148391
0.2420296
0.2700530
0.2710709
0.2439083
0.2164933
0.2175804
0.2487923
0.2856997
0.3038026
0.2999472
0.2885459
0.2814594
0.2760436
0.2627336
0.2401001
0.2186138
0.2093843
0.2116225
0.2130543
0.2022991
0.1794063
0.1538480
0.1334106
0.1166422
0.0966492
0.0713061
0.0480370
0.0372706
0.0411795
0.0501192
0.0514681
0.0420019
0.0304925
0.0275613
0.0338627
0.0396135
0.0359932
0.0258701
0.0218965
0.0334606
0.0559802
0.0740412
0.0758216
0.0643892
0.0542116
0.0562374
0.0668502
0.0721598
0.0630942
0.0453398
0.0336813
0.0370445
0.0503597
0.0612572
0.0627678
0.0572118
0.0483781
0.0340904
0.0103244
-0.0180372
-0.0354119
-0.0288633
-0.0034986
0.0186555
0.0182078
-0.0027432
-0.0227845
-0.0232566
-0.0076013
0.0024335
-0.0100064
-0.0384773
-0.0588113
-0.0529103
-0.0264938
-0.0031605
-0.0012746
-0.0170724
-0.0304842
-0.0269359
-0.0123251
-0.0057310
-0.0178418
-0.0383139
-0.0459109
-0.0307105
-0.0043036
0.0131129
0.0142069
0.0104346
0.0163486
0.0315703
0.0423267
0.0404579
0.0359061
0.0462198
0.0750312
0.1057622
0.1188845
0.1127419
0.1038342
0.1070298
0.1192485
0.1247771
0.1146221
0.0971254
0.0885770
0.0952695
0.1064752
0.1046830
0.0817114
0.0451304
0.0102460
-0.0136611
-0.0298868
-0.0480169
-0.0714420
-0.0917848
-0.0969811
-0.0852458
-0.0694629
-0.0657176
-0.0773187
-0.0918181
-0.0948814
-0.0860237
-0.0787997
-0.0852117
-0.1015905
-0.1114317
-0.1020444
-0.0772518
-0.0531944
-0.0422361
-0.0417336
-0.0387892
-0.0258872
-0.0114653
-0.0138504
-0.0426526
-0.0845098
-0.1071522
-0.0781661
0.0201297
0.1928990
0.4430248
0.7671006
1.1311878
1.4523463
1.6206901
1.5624799
1.2972743
0.9347518
0.6061203
0.3853312
0.2639534
0.1906104
0.1271562
0.0690790
0.0250279
-0.0073908
-0.0394761
-0.0725274
-0.0925487
-0.0882395
-0.0694587
-0.0609076
-0.0760598
-0.1016319
-0.1119677
-0.0981183
-0.0787069
-0.0796130
-0.1045342
-0.1291285
-0.1258500
-0.0930278
-0.0569462
-0.0448287
-0.0579239
-0.0732266
-0.0705866
-0.0542542
-0.0451135
-0.0537092
-0.0661421
-0.0597317
-0.0303417
0.0009817
0.0107726
-0.0005772
-0.0098534
0.0013798
0.0250538
0.0370352
0.0279329
0.0172109
0.0322287
0.0756272
0.1196934
0.1356545
0.1247068
0.1149734
0.1283007
0.1560578
0.1719346
0.1654410
0.1553809
0.1671276
0.2012563
0.2312971
0.2331949
0.2113725
0.1912860
0.1890038
0.1949712
0.1902212
0.1731017
0.1624680
0.1733929
0.1960583
0.2048218
0.1871426
0.1573008
0.1383350
0.1345407
0.1281505
0.1036261
0.0688433
0.0465370
0.0464022
0.0523276
0.0407971
0.0084353
-0.0243703
-0.0378019
-0.0355305
-0.0392116
-0.0617623
-0.0911577
-0.1031518
-0.0876869
-0.0594723
-0.0426481
-0.0478385
-0.0654717
-0.0791508
-0.0821052
-0.0799505
-0.0801650
-0.0821586
-0.0786093
-0.0651441
-0.0468369
-0.0342458
-0.0331794
-0.0391839
-0.0430823
-0.0420733
-0.0438947
-0.0579389
-0.0819815
-0.1003405
-0.0984618
-0.0797554
-0.0650731
-0.0727192
-0.0995216
-0.1243533
-0.1310547
-0.1251215
-0.1251377
-0.1393852
-0.1556606
-0.1563673
-0.1402487
-0.1241779
-0.1232282
-0.1341275
-0.1425083
-0.1438348
-0.1500749
-0.1722350
-0.2007330
-0.2107184
-0.1895886
-0.1548368
-0.1388203
-0.1551728
-0.1845521
-0.1966638
-0.1839449
-0.1684578
-0.1743452
-0.1982074
-0.2121927
-0.1963266
-0.1623324
-0.1411087
-0.1485004
-0.1690845
-0.1760397
-0.1626947
-0.1484045
-0.1527886
-0.1701091
-0.1746880
-0.1506124
-0.1102004
-0.0798409
-0.0709264
-0.0704175
-0.0608075
-0.0436992
