-0.0782058
-0.1181482
-0.0487361
-0.0226962
-0.0550222
-0.0514225
0.0056127
0.0406231
0.0268207
0.0191329
0.0485633
0.0826033
0.0956394
0.1008108
0.1085140
0.1164973
0.1387395
0.1881000
0.2369272
0.2473694
0.2326267
0.2386306
0.2733969
0.3019437
0.3053477
0.3018188
0.3117789
0.3363821
0.3668933
0.3891423
0.3875263
0.3665441
0.3540590
0.3623098
0.3644249
0.3327325
0.2813008
0.2455659
0.2357003
0.2331727
0.2195752
0.1884443
0.1408032
0.0864320
0.0399191
0.0047619
-0.0271389
-0.0554218
-0.0688864
-0.0692648
-0.0765267
-0.1009473
-0.1282254
-0.1416936
-0.1431402
-0.1436542
-0.1482210
-0.1554398
-0.1600748
-0.1534953
-0.1341992
-0.1171067
-0.1179241
-0.1302316
-0.1342649
-0.1267127
-0.1242479
-0.1366050
-0.1518064
-0.1510621
-0.1282520
-0.0949507
-0.0734971
-0.0800245
-0.1059532
-0.1234570
-0.1183124
-0.1080189
-0.1162108
-0.1388804
-0.1501896
-0.1357453
-0.1072130
-0.0872888
-0.0893673
-0.1085517
-0.1263929
-0.1286424
-0.1212824
-0.1220087
-0.1346584
-0.1434940
-0.1365608
-0.1223359
-0.1165435
-0.1223280
-0.1302805
-0.1311027
-0.1238608
-0.1174157
-0.1244017
-0.1463850
-0.1660124
-0.1637873
-0.1424925
-0.1245993
-0.1249511
-0.1362782
-0.1429969
-0.1396679
-0.1330922
-0.1327290
-0.1408181
-0.1487081
-0.1450895
-0.1308853
-0.1203928
-0.1230102
-0.1314467
-0.1349882
-0.1358514
-0.1419021
-0.1495781
-0.1466386
-0.1303838
-0.1131751
-0.1085416
-0.1170351
-0.1266576
-0.1259345
-0.1177339
-0.1180453
-0.1354569
-0.1546072
-0.1507446
-0.1216235
-0.0929701
-0.0877381
-0.1004929
-0.1088484
-0.1016681
-0.0873721
-0.0785261
-0.0759952
-0.0695305
-0.0520631
-0.0312619
-0.0223572
-0.0277323
-0.0311069
-0.0187425
0.0005076
0.0069080
-0.0025546
-0.0107274
-0.0044794
0.0089445
0.0132677
0.0033155
-0.0109107
-0.0175517
-0.0174523
-0.0242195
-0.0478135
-0.0795909
-0.0998756
-0.1012693
-0.0965183
-0.1000974
-0.1107764
-0.1185449
-0.1210063
-0.1238920
-0.1292494
-0.1319866
-0.1284059
-0.1227721
-0.1233018
-0.1323126
-0.1413545
-0.1393812
-0.1280087
-0.1232923
-0.1355003
-0.1516011
-0.1485262
-0.1227673
-0.0948687
-0.0820234
-0.0783223
-0.0700953
-0.0626607
-0.0788049
-0.1264422
-0.1717140
-0.1500459
-0.0085522
0.2599654
0.6206705
1.0211660
1.3979213
1.6645756
1.7269321
1.5425562
1.1709002
0.7492612
0.4069176
0.1959559
0.0918206
0.0420913
0.0085453
-0.0242989
-0.0599824
-0.0962017
-0.1229390
-0.1277218
-0.1117249
-0.0956427
-0.0999127
-0.1209577
-0.1368614
-0.1361121
-0.1292640
-0.1294710
-0.1336479
-0.1309237
-0.1214602
-0.1160932
-0.1195517
-0.1236137
-0.1198874
-0.1137250
-0.1188110
-0.1368214
-0.1484931
-0.1327177
-0.0941667
-0.0626682
-0.0604443
-0.0776348
-0.0874978
-0.0792424
-0.0651966
-0.0582438
-0.0542588
-0.0404441
-0.0134271
0.0165467
0.0370801
0.0455169
0.0491139
0.0552973
0.0645523
0.0745152
0.0877109
0.1095740
0.1393061
0.1690371
0.1935194
0.2147775
0.2349757
0.2509661
0.2602991
0.2682911
0.2839546
0.3100999
0.3401062
0.3634600
0.3734375
0.3712190
0.3638777
0.3579307
0.3553833
0.3561422
0.3604034
0.3651839
0.3621497
0.3449879
0.3178172
0.2904977
0.2655677
0.2353616
0.1936092
0.1456729
0.1045028
0.0776132
0.0594403
0.0371005
0.0043528
-0.0312715
-0.0577952
-0.0737870
-0.0884926
-0.1064914
-0.1197690
-0.1196546
-0.1107172
-0.1056999
-0.1092314
-0.1137331
-0.1120668
-0.1084603
-0.1129851
-0.1265303
-0.1354147
-0.1247347
-0.0970712
-0.0731870
-0.0706730
-0.0854224
-0.0989934
-0.1008738
-0.0962586
-0.0934660
-0.0930340
-0.0920292
-0.0914074
-0.0932460
-0.0946380
-0.0907266
-0.0837719
-0.0842533
-0.0992869
-0.1206989
-0.1292467
-0.1149339
-0.0913702
-0.0837701
-0.1013508
-0.1276064
-0.1408940
-0.1383015
-0.1333907
-0.1353939
-0.1394822
-0.1373260
-0.1294640
-0.1234710
-0.1235770
-0.1266353
-0.1286890
-0.1321676
-0.1425371
-0.1574332
-0.1643799
-0.1543970
-0.1352510
-0.1244184
-0.1287848
-0.1380545
-0.1402983
-0.1373924
-0.1399578
-0.1507368
-0.1593431
-0.1544025
-0.1374225
-0.1218493
-0.1183375
-0.1234742
-0.1260205
-0.1230239
-0.1237589
-0.1349659
-0.1480718
-0.1479497
-0.1324068
-0.1159528
-0.1129885
-0.1222926
-0.1307946
-0.1299061
-0.1247910
-0.1268647
-0.1384978
-0.1479447
-0.1419886
-0.1222482
-0.1045206
-0.1012469
-0.1093400
-0.1176452
-0.1214878
-0.1245438
-0.1283354
-0.1261970
-0.1107763
-0.0857472
-0.0661452
-0.0636321
-0.0715848
-0.0697122
-0.0473709
-0.0187042
-0.0079140
-0.0200302
-0.0336838
-0.0258898
0.0014762
0.0248402
0.0258846
0.0097716
-0.0046100
-0.0083305
-0.0111058
-0.0251415
-0.0457102
-0.0554540
-0.0484597
-0.0414563
-0.0545548
-0.0854273
-0.1112024
-0.1161487
-0.1099539
-0.1144504
-0.1360031
-0.1567774
-0.1549939
-0.1309241
-0.1083956
-0.1090375
-0.1288808
-0.1450825
-0.1437998
-0.1343469
-0.1338911
-0.1447739
-0.1528967
-0.1462978
-0.1295087
-0.1177312
-0.1190929
-0.1252768
-0.1212735
-0.1041493
-0.0891780
-0.0944661
-0.1205668
-0.1476990
-0.1503998
-0.1082754
-0.0011050
0.1970248
0.5030463
0.8916340
1.2741419
1.5228702
1.5394257
1.3202788
0.9628786
0.6026825
0.3331688
0.1715470
0.0833020
0.0275088
-0.0175625
-0.0558882
-0.0851271
-0.1033276
-0.1100400
-0.1074478
-0.1023269
-0.1035644
-0.1141424
-0.1269505
-0.1326563
-0.1315702
-0.1331624
-0.1426295
-0.1527031
-0.1522646
-0.1403228
-0.1273922
-0.1234911
-0.1278827
-0.1318365
-0.1300950
-0.1272313
-0.1307352
-0.1386069
-0.1381043
-0.1200515
-0.0918873
-0.0716465
-0.0689501
-0.0761716
-0.0796078
-0.0753845
-0.0707640
-0.0709551
-0.0688932
-0.0516618
-0.0173692
0.0181606
0.0362252
0.0364900
0.0380183
0.0564681
0.0850280
0.1035298
0.1046159
0.1043536
0.1244333
0.1672530
0.2124711
0.2385225
0.2449765
0.2509044
0.2714008
0.2998959
0.3173596
0.3166431
0.3116041
0.3204650
0.3447794
0.3686331
0.3767187
0.3694464
0.3596049
0.3561755
0.3537280
0.3393424
0.3095177
0.2769114
0.2573831
0.2517061
0.2436925
0.2169224
0.1707756
0.1191407
0.0755975
0.0418872
0.0106828
-0.0220980
-0.0503558
-0.0651900
-0.0678454
-0.0708033
-0.0838651
-0.1025904
-0.1144891
-0.1152319
-0.1142236
-0.1227762
-0.1393671
-0.1493092
-0.1398302
-0.1148135
-0.0928405
-0.0891671
-0.1006491
-0.1107541
-0.1088493
-0.1010166
-0.1005543
-0.1108707
-0.1208812
-0.1170266
-0.0980381
-0.0769589
-0.0683744
-0.0740642
-0.0828905
-0.0854657
-0.0858393
-0.0948786
-0.1133545
-0.1272052
-0.1226014
-0.1030527
-0.0874917
-0.0905344
-0.1069509
-0.1183536
-0.1153278
-0.1091976
-0.1176813
-0.1402142
-0.1543372
-0.1406745
-0.1074609
-0.0839805
-0.0895975
-0.1142007
-0.1313665
-0.1275333
-0.1143635
-0.1125738
-0.1274366
-0.1438770
-0.1453121
-0.1326701
-0.1212261
-0.1212925
-0.1278857
-0.1304079
-0.1271620
-0.1260505
-0.1328189
-0.1427923
-0.1454153
-0.1355381
-0.1190174
-0.1068622
-0.1042635
-0.1066598
-0.1072133
-0.1062342
-0.1105580
-0.1237783
-0.1397066
-0.1469898
-0.1396529
-0.1225836
-0.1068900
-0.1000576
-0.1009606
-0.1046844
-0.1102448
-0.1199051
-0.1305909
-0.1313302
-0.1143706
-0.0875209
-0.0701357
-0.0745735
-0.0937601
-0.1090501
-0.1093594
-0.1004197
-0.0948883
-0.0959227
-0.0941764
-0.0817438
-0.0648543
-0.0578246
-0.0649833
-0.0738169
-0.0687416
-0.0488276
-0.0283962
-0.0204805
-0.0222895
-0.0183877
0.0019580
0.0315608
0.0509241
0.0479836
0.0309226
0.0191059
0.0215344
0.0270922
0.0179592
-0.0084075
-0.0331873
-0.0341892
-0.0105616
0.0124562
0.0068911
-0.0290734
-0.0686121
-0.0847241
-0.0784636
-0.0751560
-0.0938815
-0.1257068
-0.1442305
-0.1346611
-0.1088028
-0.0913873
-0.0949552
-0.1108365
-0.1232166
-0.1268812
-0.1280765
-0.1314662
-0.1327324
-0.1255831
-0.1115946
-0.0994473
-0.0954929
-0.0972110
-0.0957754
-0.0848222
-0.0684977
-0.0616421
-0.0786659
-0.1174486
-0.1529570
-0.1493798
-0.0809762
0.0593148
0.2713833
0.5602885
0.9218649
1.3047313
1.5943446
1.6620042
1.4575095
1.0626993
0.6445561
0.3417601
0.1853859
0.1168400
0.0674542
0.0139789
-0.0311789
-0.0595429
-0.0804660
-0.1015070
-0.1136934
-0.1067572
-0.0912134
-0.0913602
-0.1146633
-0.1394320
-0.1406117
-0.1217436
-0.1111248
-0.1262583
-0.1515160
-0.1569018
-0.1343492
-0.1071334
-0.1018012
-0.1175658
-0.1299661
-0.1224994
-0.1058227
-0.1014789
-0.1128683
-0.1210679
-0.1093297
-0.0836758
-0.0643709
-0.0610807
-0.0631827
-0.0554709
-0.0379800
-0.0249614
-0.0245887
-0.0252899
-0.0073664
0.0325571
0.0740675
0.0930925
0.0870654
0.0765571
0.0828079
0.1074096
0.1351851
0.1537775
0.1665861
0.1859809
0.2169493
0.2512327
0.2781015
0.2970021
0.3154803
0.3358889
0.3498997
0.3494034
0.3398826
0.3381126
0.3553851
0.3852039
0.4093213
0.4153180
0.4065212
0.3942252
0.3826593
0.3654950
0.3378916
0.3073779
0.2873800
0.2799859
0.2701923
0.2409116
0.1922239
0.1420737
0.1066629
0.0825550
0.0516637
0.0046947
-0.0440229
-0.0697434
-0.0654549
-0.0519447
-0.0562068
-0.0824547
-0.1096557
-0.1179613
-0.1120797
-0.1139634
-0.1341120
-0.1562496
-0.1546584
-0.1248750
-0.0914776
-0.0824169
-0.0989673
-0.1162698
-0.1132028
-0.0957482
-0.0871947
-0.0987600
-0.1159594
-0.1155459
-0.0923007
-0.0652235
-0.0569669
-0.0699855
-0.0856263
-0.0861362
-0.0740189
-0.0673021
-0.0775718
-0.0965006
-0.1052273
-0.0949024
-0.0759036
-0.0668867
-0.0760758
-0.0944057
-0.1070030
-0.1095356
-0.1106724
-0.1184736
-0.1283160
-0.1281469
-0.1147496
-0.1001065
-0.0987065
-0.1103904
-0.1199426
-0.1155408
-0.1048937
-0.1081448
-0.1329930
-0.1609995
-0.1643598
-0.1367296
-0.1023386
-0.0911671
-0.1079631
-0.1303191
-0.1364903
-0.1292405
-0.1284796
-0.1435357
-0.1597310
-0.1557917
-0.1306286
-0.1061940
-0.1025500
-0.1159512
-0.1266242
-0.1249246
-0.1217628
-0.1308306
-0.1471702
-0.1509255
-0.1322636
-0.1059817
-0.0963965
-0.1095529
-0.1261811
-0.1247166
-0.1071962
-0.0964800
-0.1078104
-0.1293799
-0.1356254
-0.1168536
-0.0896252
-0.0767921
-0.0823314
-0.0902670
-0.0865989
-0.0762515
-0.0747141
-0.0857027
-0.0934874
-0.0803950
-0.0483114
-0.0174676
-0.0040231
-0.0041703
-0.0031785
0.0042081
0.0086615
0.0016966
-0.0100472
-0.0114528
0.0012640
0.0134607
0.0086926
-0.0105022
-0.0247676
-0.0224689
-0.0163557
-0.0296711
-0.0669491
-0.1053452
-0.1183568
-0.1045738
-0.0881334
-0.0912756
-0.1113333
-0.1274832
-0.1268564
-0.1181561
-0.1181761
-0.1302026
-0.1415758
-0.1414408
-0.1339516
-0.1303427
-0.1327483
-0.1328024
-0.1261565
-0.1214143
-0.1295950
-0.1473026
-0.1567246
-0.1447135
-0.1180177
-0.0952327
-0.0853548
-0.0807571
-0.0739126
-0.0743606
-0.0991031
-0.1431396
-0.1649552
-0.1072071
0.0665505
0.3531039
0.7171403
1.1037262
1.4391995
1.6342121
1.6134614
1.3662795
0.9738495
0.5743340
0.2822129
0.1266593
0.0594144
0.0168004
-0.0271367
-0.0604491
-0.0706261
-0.0700049
-0.0827541
-0.1145929
-0.1444266
-0.1485366
-0.1284455
-0.1093838
-0.1116031
-0.1289228
-0.1392893
-0.1331132
-0.1244434
-0.1319371
-0.1534894
-0.1659196
-0.1509836
-0.1172705
-0.0918540
-0.0911496
-0.1050714
-0.1122321
-0.1062070
-0.1004157
-0.1071776
-0.1189829
-0.1161198
-0.0908516
-0.0578941
-0.0384543
-0.0373436
-0.0401281
-0.0322080
-0.0155219
-0.0028948
0.0012182
0.0079754
0.0299686
0.0642727
0.0947891
0.1107369
0.1177564
0.1285605
0.1465018
0.1633950
0.1733706
0.1834994
0.2062186
0.2425326
0.2779549
0.2978783
0.3040599
0.3114611
0.3290761
0.3487166
0.3555870
0.3470440
0.3363899
0.3378932
0.3517053
0.3656340
0.3694213
0.3635871
0.3540455
0.3420480
0.3232966
0.2961991
0.2664694
0.2408125
0.2183246
0.1920199
0.1588503
0.1242567
0.0942936
0.0656879
0.0283653
-0.0204204
-0.0672436
-0.0919610
-0.0876997
-0.0696594
-0.0615221
-0.0730943
-0.0934296
-0.1063056
-0.1091817
-0.1135176
-0.1275214
-0.1435516
-0.1459923
-0.1299981
-0.1081978
-0.0970435
-0.0991776
-0.1030567
-0.0997942
-0.0955128
-0.1028750
-0.1221602
-0.1366360
-0.1298100
-0.1045283
-0.0808460
-0.0750430
-0.0843131
-0.0938024
-0.0956293
-0.0964213
-0.1054934
-0.1199633
-0.1262785
-0.1165199
-0.0990659
-0.0901941
-0.0968028
-0.1107594
-0.1202235
-0.1228296
-0.1252010
-0.1315004
-0.1367503
-0.1332757
-0.1215177
-0.1110554
-0.1101288
-0.1165739
-0.1215508
-0.1213806
-0.1223419
-0.1320126
-0.1478485
-0.1574838
-0.1510932
-0.1318573
-0.1131100
-0.1059482
-0.1107423
-0.1201566
-0.1281709
-0.1343416
-0.1400015
-0.1432600
-0.1401632
-0.1304375
-0.1198510
-0.1154226
-0.1186406
-0.1243321
-0.1264489
-0.1245967
-0.1243541
-0.1306891
-0.1411113
-0.1464308
-0.1397171
-0.1245907
-0.1130691
-0.1138186
-0.1230740
-0.1288973
-0.1249169
-0.1180392
-0.1202772
-0.1331481
-0.1432892
-0.1362908
-0.1138969
-0.0939013
-0.0914542
-0.1029983
-0.1116910
-0.1076798
-0.0988508
-0.0994561
-0.1108578
-0.1179525
-0.1058400
-0.0771104
-0.0494694
-0.0366713
-0.0350876
-0.0309014
-0.0181228
-0.0053101
-0.0034470
-0.0105915
-0.0126270
0.0001982
0.0203963
0.0296567
0.0181027
-0.0049924
-0.0211762
-0.0225253
-0.0192301
-0.0269577
-0.0487030
-0.0716307
-0.0819005
-0.0801869
-0.0804624
-0.0938222
-0.1156073
-0.1301026
-0.1277389
-0.1160818
-0.1124082
-0.1254263
-0.1456527
-0.1550271
-0.1457534
-0.1283080
-0.1201562
-0.1275534
-0.1401941
-0.1441320
-0.1379670
-0.1336374
-0.1408866
-0.1536384
-0.1546953
-0.1340689
-0.1005523
-0.0741355
-0.0684499
-0.0819924
-0.1045008
-0.1266324
-0.1384078
-0.1170367
-0.0206482
0.1960503
0.5461980
0.9784623
1.3773632
1.6082974
1.5869976
1.3292093
0.9434751
0.5686807
0.2995985
0.1516297
0.0818839
0.0388154
-0.0026563
-0.0404004
-0.0653072
-0.0774773
-0.0865506
-0.1019596
-0.1244645
-0.1453184
-0.1529360
-0.1426291
-0.1222384
-0.1076256
-0.1098260
-0.1250531
-0.1383663
-0.1386464
-0.1296289
-0.1249346
-0.1324278
-0.1452422
-0.1492005
-0.1379543
-0.1192584
-0.1065603
-0.1060286
-0.1124916
-0.1167295
-0.1149107
-0.1106338
-0.1090523
-0.1101642
-0.1078437
-0.0950955
-0.0706903
-0.0414088
-0.0174974
-0.0044955
0.0014818
0.0099138
0.0263269
0.0465382
0.0613948
0.0676575
0.0730927
0.0892890
0.1192696
0.1534355
0.1787255
0.1913600
0.1995661
0.2138292
0.2358035
0.2578351
