-0.1046480
-0.1343022
-0.1431736
-0.1321465
-0.1163456
-0.1110136
-0.1192189
-0.1319793
-0.1386747
-0.1370665
-0.1342539
-0.1386310
-0.1506128
-0.1609979
-0.1592903
-0.1446575
-0.1282433
-0.1230325
-0.1306829
-0.1394987
-0.1368023
-0.1229647
-0.1116099
-0.1152991
-0.1320022
-0.1466288
-0.1453902
-0.1278491
-0.1056601
-0.0914211
-0.0892485
-0.0942784
-0.0991331
-0.1008693
-0.1031706
-0.1121332
-0.1284771
-0.1432463
-0.1433004
-0.1240691
-0.0971927
-0.0826573
-0.0906336
-0.1113006
-0.1245446
-0.1202953
-0.1081128
-0.1062056
-0.1223384
-0.1466042
-0.1616226
-0.1577071
-0.1386718
-0.1164153
-0.1022257
-0.1011719
-0.1103652
-0.1209433
-0.1244959
-0.1208158
-0.1189959
-0.1280075
-0.1451328
-0.1559693
-0.1483293
-0.1257354
-0.1051184
-0.1007008
-0.1115170
-0.1250680
-0.1309963
-0.1291919
-0.1260122
-0.1263235
-0.1306009
-0.1368950
-0.1421160
-0.1418599
-0.1329141
-0.1183459
-0.1080356
-0.1103577
-0.1224327
-0.1312554
-0.1268831
-0.1137385
-0.1063699
-0.1131871
-0.1259231
-0.1266992
-0.1052756
-0.0685489
-0.0336241
-0.0129318
-0.0059345
-0.0029332
0.0051514
0.0197192
0.0337405
0.0363804
0.0207591
-0.0090112
-0.0375871
-0.0482540
-0.0368343
-0.0167742
-0.0086151
-0.0224464
-0.0501250
-0.0746128
-0.0862878
-0.0898009
-0.0963627
-0.1115390
-0.1309924
-0.1458668
-0.1499666
-0.1424180
-0.1267555
-0.1096952
-0.0992129
-0.1000100
-0.1087472
-0.1149593
-0.1093425
-0.0927018
-0.0765566
-0.0738383
-0.0874946
-0.1063786
-0.1106516
-0.0806394
-0.0010916
0.1415279
0.3622027
0.6700730
1.0469161
1.4250710
1.6914636
1.7337086
1.5090412
1.0858464
0.6166548
0.2529033
0.0622599
0.0093469
0.0071794
-0.0105616
-0.0547444
-0.0992907
-0.1213801
-0.1229244
-0.1216005
-0.1301731
-0.1467451
-0.1607519
-0.1638819
-0.1553586
-0.1404218
-0.1264115
-0.1192825
-0.1207802
-0.1272182
-0.1319855
-0.1313044
-0.1281729
-0.1293500
-0.1370481
-0.1439980
-0.1386848
-0.1169489
-0.0880523
-0.0678513
-0.0650472
-0.0740275
-0.0809909
-0.0765034
-0.0621948
-0.0467780
-0.0373347
-0.0343280
-0.0327429
-0.0259910
-0.0094257
0.0169294
0.0470135
0.0711825
0.0830920
0.0859388
0.0908889
0.1071359
0.1326086
0.1554947
0.1663203
0.1686912
0.1770626
0.2028855
0.2428190
0.2809785
0.3028810
0.3070676
0.3036540
0.3030811
0.3074654
0.3120691
0.3125801
0.3089951
0.3031562
0.2952872
0.2848989
0.2741253
0.2671988
0.2646564
0.2591173
0.2398853
0.2038801
0.1612286
0.1273283
0.1076343
0.0912653
0.0621247
0.0174772
-0.0259900
-0.0469820
-0.0412522
-0.0273016
-0.0292645
-0.0542949
-0.0874997
-0.1083628
-0.1102662
-0.1035952
-0.1023345
-0.1107187
-0.1228974
-0.1320167
-0.1361396
-0.1356235
-0.1286110
-0.1128333
-0.0921172
-0.0779810
-0.0811250
-0.0999534
-0.1190924
-0.1221327
-0.1074866
-0.0908778
-0.0901916
-0.1070292
-0.1242334
-0.1227530
-0.1005457
-0.0739231
-0.0610051
-0.0658197
-0.0786103
-0.0883014
-0.0913951
-0.0901459
-0.0873386
-0.0857808
-0.0896365
-0.1006382
-0.1119853
-0.1108376
-0.0915972
-0.0659190
-0.0548648
-0.0684928
-0.0949070
-0.1119704
-0.1094261
-0.0975401
-0.0942711
-0.1066192
-0.1257143
-0.1376460
-0.1359380
-0.1239983
-0.1093991
-0.0985204
-0.0949997
-0.0992058
-0.1072299
-0.1122424
-0.1098238
-0.1028670
-0.0999675
-0.1076364
-0.1237442
-0.1385769
-0.1422506
-0.1319280
-0.1137867
-0.0991770
-0.0972735
-0.1081203
-0.1213335
-0.1237719
-0.1118688
-0.0971246
-0.0968050
-0.1164891
-0.1420127
-0.1510670
-0.1343436
-0.1048224
-0.0855446
-0.0887141
-0.1070518
-0.1237848
-0.1284155
-0.1227072
-0.1147262
-0.1102556
-0.1091649
-0.1063891
-0.0946455
-0.0687856
-0.0313893
0.0054099
0.0270832
0.0291231
0.0223278
0.0231829
0.0374036
0.0538371
0.0559024
0.0386161
0.0130644
-0.0055575
-0.0121347
-0.0128665
-0.0146759
-0.0173343
-0.0175505
-0.0178130
-0.0263933
-0.0469577
-0.0712377
-0.0860264
-0.0878339
-0.0874359
-0.0975596
-0.1173737
-0.1318544
-0.1268279
-0.1028835
-0.0741959
-0.0559357
-0.0539309
-0.0633808
-0.0730038
-0.0707491
-0.0517823
-0.0261429
-0.0157957
-0.0355312
-0.0709907
-0.0767856
-0.0004303
0.1888283
0.4890480
0.8694816
1.2699466
1.5954965
1.7341284
1.6136166
1.2629506
0.8154150
0.4320683
0.2022378
0.1058318
0.0639709
0.0200701
-0.0266206
-0.0524315
-0.0546467
-0.0574292
-0.0805012
-0.1154013
-0.1380330
-0.1390397
-0.1341692
-0.1439141
-0.1684400
-0.1870855
-0.1814870
-0.1551060
-0.1284188
-0.1175463
-0.1208132
-0.1256859
-0.1246821
-0.1212328
-0.1213903
-0.1244942
-0.1248972
-0.1209406
-0.1177549
-0.1191930
-0.1195682
-0.1075593
-0.0796644
-0.0474673
-0.0287019
-0.0305497
-0.0428821
-0.0484271
-0.0388425
-0.0205057
-0.0056909
0.0005394
0.0048394
0.0184859
0.0465386
0.0830990
0.1158854
0.1354917
0.1418750
0.1435898
0.1508389
0.1677654
0.1898849
0.2085887
0.2188996
0.2239316
0.2323674
0.2511461
0.2792655
0.3075491
0.3247893
0.3259708
0.3161828
0.3063948
0.3038005
0.3049924
0.2988064
0.2770349
0.2431152
0.2101094
0.1895558
0.1818171
0.1766857
0.1624237
0.1339810
0.0943188
0.0508572
0.0116872
-0.0176058
-0.0375033
-0.0557666
-0.0817033
-0.1156449
-0.1444926
-0.1515096
-0.1335627
-0.1080266
-0.0996090
-0.1182610
-0.1502938
-0.1721823
-0.1729669
-0.1624217
-0.1579111
-0.1654098
-0.1748507
-0.1729425
-0.1578671
-0.1400535
-0.1299668
-0.1278143
-0.1262187
-0.1210206
-0.1164388
-0.1188548
-0.1279841
-0.1369941
-0.1409714
-0.1420144
-0.1439003
-0.1438583
-0.1339778
-0.1125169
-0.0909315
-0.0852855
-0.0993859
-0.1190917
-0.1262232
-0.1176083
-0.1075493
-0.1106820
-0.1253216
-0.1366319
-0.1347397
-0.1251337
-0.1194829
-0.1203024
-0.1200052
-0.1146932
-0.1124210
-0.1227725
-0.1410156
-0.1501250
-0.1416114
-0.1290997
-0.1343204
-0.1598028
-0.1821573
-0.1766682
-0.1452336
-0.1146195
-0.1077064
-0.1219864
-0.1381828
-0.1442007
-0.1442034
-0.1460999
-0.1489075
-0.1473695
-0.1438978
-0.1472242
-0.1577814
-0.1616536
-0.1456230
-0.1164966
-0.0986489
-0.1091074
-0.1380883
-0.1581443
-0.1523508
-0.1306605
-0.1177922
-0.1273320
-0.1493927
-0.1620825
-0.1523532
-0.1257998
-0.0995866
-0.0885554
-0.0964482
-0.1156894
-0.1327937
-0.1363151
-0.1246147
-0.1084503
-0.1037485
-0.1175088
-0.1387195
-0.1449181
-0.1212036
-0.0747757
-0.0301126
-0.0081393
-0.0091482
-0.0157462
-0.0115973
0.0037418
0.0176019
0.0188065
0.0075939
-0.0074162
-0.0184617
-0.0232702
-0.0231765
-0.0209089
-0.0212084
-0.0297801
-0.0471441
-0.0639637
-0.0678581
-0.0588631
-0.0554196
-0.0781289
-0.1243652
-0.1632538
-0.1626228
-0.1227957
-0.0795592
-0.0696689
-0.0945888
-0.1220956
-0.1234311
-0.1033269
-0.0895079
-0.0968252
-0.1105288
-0.1077655
-0.0882958
-0.0748754
-0.0831574
-0.0992774
-0.0915808
-0.0376038
0.0709019
0.2477532
0.5180734
0.8821700
1.2680906
1.5371026
1.5634609
1.3287476
0.9431446
0.5692272
0.3147546
0.1847302
0.1193288
0.0650320
0.0105934
-0.0297452
-0.0499065
-0.0628655
-0.0849086
-0.1176536
-0.1472990
-0.1583829
-0.1473033
-0.1254576
-0.1113598
-0.1171710
-0.1386831
-0.1578524
-0.1584247
-0.1416156
-0.1254360
-0.1263770
-0.1417387
-0.1518692
-0.1406093
-0.1121806
-0.0866468
-0.0796214
-0.0882091
-0.0965723
-0.0926204
-0.0776344
-0.0616492
-0.0530010
-0.0528361
-0.0563235
-0.0560582
-0.0453292
-0.0219596
0.0087678
0.0362478
0.0522424
0.0576806
0.0613701
0.0714166
0.0880520
0.1049298
0.1166403
0.1241871
0.1337091
0.1511788
0.1782064
0.2108990
0.2412783
0.2612432
0.2682678
0.2685378
0.2727989
0.2867525
0.3051128
0.3165322
0.3155659
0.3094041
0.3114283
0.3271972
0.3470498
0.3535197
0.3368544
0.3035564
0.2697397
0.2460662
0.2289371
0.2060667
0.1704482
0.1286624
0.0951025
0.0777648
0.0700065
0.0567825
0.0289896
-0.0085498
-0.0427039
-0.0645204
-0.0762828
-0.0877895
-0.1067122
-0.1315263
-0.1520221
-0.1568354
-0.1430179
-0.1204427
-0.1059536
-0.1100177
-0.1271969
-0.1409791
-0.1402001
-0.1306488
-0.1284514
-0.1413667
-0.1586457
-0.1612257
-0.1410931
-0.1088896
-0.0832072
-0.0748704
-0.0816362
-0.0942697
-0.1041572
-0.1064628
-0.1011538
-0.0938987
-0.0931859
-0.1018292
-0.1107755
-0.1055558
-0.0822920
-0.0556594
-0.0468733
-0.0626084
-0.0881367
-0.1027197
-0.0999686
-0.0912235
-0.0905928
-0.1000658
-0.1098067
-0.1099866
-0.0999735
-0.0874291
-0.0813816
-0.0861321
-0.0986440
-0.1099628
-0.1116530
-0.1045396
-0.1007434
-0.1128006
-0.1383244
-0.1582098
-0.1542212
-0.1285470
-0.1027720
-0.0961969
-0.1074830
-0.1194548
-0.1196675
-0.1124467
-0.1106791
-0.1199154
-0.1335613
-0.1416775
-0.1403736
-0.1322365
-0.1217856
-0.1135592
-0.1120462
-0.1185121
-0.1272395
-0.1292940
-0.1231782
-0.1193696
-0.1297654
-0.1519484
-0.1675872
-0.1596259
-0.1306409
-0.1020888
-0.0947906
-0.1108011
-0.1339120
-0.1458377
-0.1411331
-0.1288240
-0.1227866
-0.1303281
-0.1464201
-0.1567539
-0.1487970
-0.1238296
-0.0985062
-0.0912270
-0.1045645
-0.1223147
-0.1260319
-0.1141241
-0.1025034
-0.1059316
-0.1209389
-0.1291428
-0.1164635
-0.0865938
-0.0554028
-0.0350892
-0.0259312
-0.0211478
-0.0152147
-0.0065020
0.0040338
0.0128913
0.0143876
0.0058098
-0.0062899
-0.0088126
0.0044913
0.0227535
0.0255258
0.0035003
-0.0299972
-0.0515359
-0.0517999
-0.0445708
-0.0505824
-0.0752263
-0.1046439
-0.1214940
-0.1202152
-0.1072582
-0.0924391
-0.0841038
-0.0885296
-0.1059410
-0.1251280
-0.1287750
-0.1110359
-0.0880924
-0.0835151
-0.1001597
-0.1128683
-0.0962134
-0.0573200
-0.0318867
-0.0430333
-0.0687603
-0.0551034
0.0420474
0.2337612
0.5093301
0.8493708
1.2105603
1.5033241
1.6124968
1.4693505
1.1154164
0.6895898
0.3399225
0.1355205
0.0503104
0.0165949
-0.0138965
-0.0518229
-0.0895531
-0.1214282
-0.1457254
-0.1590894
-0.1584008
-0.1476905
-0.1381919
-0.1392777
-0.1504379
-0.1627703
-0.1671133
-0.1604794
-0.1472086
-0.1365761
-0.1379150
-0.1533628
-0.1727523
-0.1782304
-0.1586582
-0.1214458
-0.0886075
-0.0787655
-0.0916738
-0.1097500
-0.1145200
-0.1022497
-0.0850039
-0.0775407
-0.0830890
-0.0910388
-0.0876221
-0.0684599
-0.0411294
-0.0167640
-0.0004531
0.0102338
0.0195042
0.0290027
0.0395835
0.0540215
0.0739223
0.0942972
0.1063222
0.1091636
0.1160998
0.1426922
0.1874349
0.2290634
0.2473054
0.2442949
0.2409316
0.2524220
0.2727317
0.2857214
0.2866586
0.2859310
0.2921563
0.2998737
0.2994356
0.2941654
0.2982784
0.3160913
0.3313895
0.3242190
0.2948448
0.2630219
0.2426268
0.2246489
0.1907963
0.1395511
0.0901994
0.0596221
0.0425816
0.0214557
-0.0078366
-0.0288815
-0.0272291
-0.0133349
-0.0148467
-0.0455932
-0.0884580
-0.1128890
-0.1068444
-0.0878671
-0.0837143
-0.1056402
-0.1407655
-0.1663797
-0.1685377
-0.1490692
-0.1203858
-0.0969138
-0.0890885
-0.0997260
-0.1221813
-0.1426159
-0.1476820
-0.1336886
-0.1102819
-0.0946238
-0.0987365
-0.1188080
-0.1363007
-0.1327337
-0.1064669
-0.0747168
-0.0573395
-0.0589080
-0.0681280
-0.0734540
-0.0749442
-0.0787972
-0.0844311
-0.0836412
-0.0740651
-0.0675249
-0.0780191
-0.1014515
-0.1142060
-0.0973539
-0.0602926
-0.0345967
-0.0425568
-0.0747935
-0.1009034
-0.0999886
-0.0785225
-0.0604070
-0.0636621
-0.0871834
-0.1157585
-0.1336593
-0.1340054
-0.1198406
-0.1003489
-0.0858510
-0.0828931
-0.0909866
-0.1033609
-0.1117076
-0.1114724
-0.1042902
-0.0968068
-0.0965109
-0.1059220
-0.1189920
-0.1244444
-0.1150929
-0.0946877
-0.0751292
-0.0669744
-0.0725557
-0.0863897
-0.0996772
-0.1047118
-0.0988440
-0.0876907
-0.0834228
-0.0951288
-0.1176568
-0.1320159
-0.1216814
-0.0904338
-0.0613181
-0.0550319
-0.0701921
-0.0869681
-0.0886856
-0.0763640
-0.0626538
-0.0571075
-0.0608770
-0.0718286
-0.0875934
-0.1017498
-0.1027009
-0.0829804
-0.0503897
-0.0251315
-0.0218066
-0.0348502
-0.0445021
-0.0372092
-0.0176524
-0.0003317
0.0072734
0.0105601
0.0189635
0.0351764
0.0538333
0.0682675
0.0764639
0.0805734
0.0818083
0.0770467
0.0618286
0.0374615
0.0138458
0.0022748
0.0035007
0.0042338
-0.0110327
-0.0426414
-0.0719028
-0.0781724
-0.0607694
-0.0410922
-0.0406953
-0.0591760
-0.0767201
-0.0771539
-0.0641601
-0.0541202
-0.0575180
-0.0704936
-0.0814562
-0.0808540
-0.0651068
-0.0375380
-0.0099303
0.0006058
-0.0151722
-0.0442684
-0.0534575
-0.0099294
0.1014108
0.2839503
0.5455927
0.8908798
1.2825534
1.6160071
1.7553708
1.6208884
1.2551030
0.8034551
0.4208611
0.1824741
0.0673954
0.0123275
-0.0266566
-0.0570210
-0.0736833
-0.0823816
-0.0963436
-0.1191099
-0.1397978
-0.1461877
-0.1382605
-0.1268862
-0.1215298
-0.1222845
-0.1239733
-0.1247733
-0.1274829
-0.1329112
-0.1364673
-0.1343601
-0.1307922
-0.1342043
-0.1453961
-0.1529671
-0.1436909
-0.1169733
-0.0871393
-0.0708340
-0.0725493
-0.0822580
-0.0860464
-0.0781277
-0.0632326
-0.0497929
-0.0425619
-0.0402875
-0.0372248
-0.0264467
-0.0048759
0.0227392
0.0464461
0.0598457
0.0657365
0.0719847
0.0831212
0.0978043
0.1132863
0.1290974
0.1452783
0.1595470
0.1695506
0.1785474
0.1958629
0.2277339
0.2670736
0.2961445
0.3031517
0.2953511
0.2923183
0.3055961
0.3272632
0.3392440
0.3317582
0.3114525
0.2931521
0.2857161
0.2859511
0.2845929
0.2758893
0.2598532
0.2367619
0.2040031
0.1611198
0.1154092
0.0778572
0.0523101
0.0310340
0.0029471
-0.0338391
-0.0684410
-0.0869077
-0.0862448
-0.0785263
-0.0799738
-0.0959592
-0.1177563
-0.1332442
-0.1384348
-0.1386034
-0.1413009
-0.1497350
-0.1606863
-0.1669790
-0.1632364
-0.1507171
-0.1360828
-0.1253941
-0.1205966
-0.1212959
-0.1266995
-0.1340967
-0.1377216
-0.1324260
-0.1196438
-0.1087297
-0.1098286
-0.1225571
-0.1322009
-0.1220089
-0.0926623
-0.0662781
-0.0657522
-0.0903074
-0.1155408
-0.1185081
-0.1003069
-0.0834376
-0.0886353
-0.1144149
-0.1383717
-0.1390319
-0.1167651
-0.0919016
-0.0829278
-0.0903578
-0.1024780
-0.1107139
-0.1147454
-0.1166633
-0.1167851
-0.1155412
-0.1155513
-0.1198928
-0.1280084
-0.1331606
-0.1266547
-0.1086314
-0.0927593
-0.0936697
-0.1095292
-0.1238730
-0.1256751
-0.1202585
-0.1186780
-0.1244189
-0.1336660
-0.1409382
-0.1406387
-0.1301373
-0.1150577
-0.1051515
-0.1029495
-0.1041430
-0.1092310
-0.1220504
-0.1331677
-0.1188051
-0.0625463
