1.2081066
0.8254397
0.5224988
0.3361899
0.2346841
0.1659456
0.0997537
0.0349910
-0.0183542
-0.0561115
-0.0822103
-0.1023872
-0.1199899
-0.1361341
-0.1504266
-0.1608224
-0.1646353
-0.1611067
-0.1528846
-0.1446956
-0.1406927
-0.1424845
-0.1481140
-0.1523635
-0.1501248
-0.1422106
-0.1375302
-0.1457944
-0.1651825
-0.1789582
-0.1689234
-0.1345239
-0.0965140
-0.0785713
-0.0849983
-0.0982733
-0.0985216
-0.0829291
-0.0648269
-0.0564162
-0.0562340
-0.0536747
-0.0417216
-0.0218963
0.0016108
0.0277086
0.0558950
0.0809423
0.0951192
0.0975654
0.0987698
0.1119397
0.1388729
0.1663873
0.1791345
0.1763884
0.1746686
0.1920201
0.2292359
0.2675122
0.2857079
0.2800521
0.2663700
0.2630365
0.2727265
0.2814222
0.2742184
0.2502393
0.2216634
0.2001045
0.1864042
0.1737085
0.1573031
0.1380936
0.1169515
0.0900704
0.0536647
0.0122002
-0.0225878
-0.0436312
-0.0576451
-0.0786174
-0.1111409
-0.1426876
-0.1551141
-0.1436787
-0.1226722
-0.1116973
-0.1180310
-0.1332864
-0.1449180
-0.1476364
-0.1440288
-0.1387273
-0.1356186
-0.1387903
-0.1507749
-0.1671680
-0.1757378
-0.1656473
-0.1395554
-0.1147358
-0.1091995
-0.1252133
-0.1468151
-0.1543957
-0.1423718
-0.1232507
-0.1150419
-0.1244576
-0.1411083
-0.1471148
-0.1330527
-0.1062330
-0.0843879
-0.0807280
-0.0937970
-0.1105443
-0.1184448
-0.1149680
-0.1070592
-0.1034286
-0.1075784
-0.1164034
-0.1234790
-0.1236378
-0.1163518
-0.1065684
-0.1019070
-0.1066528
-0.1167876
-0.1221614
-0.1165153
-0.1063235
-0.1071029
-0.1275464
-0.1569237
-0.1711569
-0.1544886
-0.1157517
-0.0818728
-0.0742176
-0.0911997
-0.1134590
-0.1238057
-0.1202422
-0.1114698
-0.1050536
-0.1032183
-0.1069065
-0.1171574
-0.1297890
-0.1329449
-0.1159594
-0.0823303
-0.0508821
-0.0406077
-0.0533300
-0.0719046
-0.0758905
-0.0592239
-0.0337029
-0.0169013
-0.0168741
-0.0264756
-0.0303633
-0.0181610
0.0064446
0.0281808
0.0332132
0.0216544
0.0069517
0.0017663
0.0048908
0.0034507
-0.0124668
-0.0397541
-0.0676394
-0.0903257
-0.1104749
-0.1298205
-0.1409740
-0.1341162
-0.1124772
-0.0958492
-0.1028947
-0.1297198
-0.1509769
-0.1462303
-0.1238100
-0.1137923
-0.1347486
-0.1695789
-0.1787970
-0.1405124
-0.0765305
-0.0364802
-0.0544281
-0.1194202
-0.1841552
-0.1960022
-0.1181263
0.0689996
0.3668734
0.7438707
1.1210571
1.3893113
1.4625055
1.3299541
1.0622697
0.7634776
0.5103278
0.3266187
0.2009184
0.1161175
0.0604978
0.0221231
-0.0125998
-0.0492784
-0.0795852
-0.0915159
-0.0861544
-0.0803031
-0.0902906
-0.1152695
-0.1392484
-0.1487436
-0.1452584
-0.1401119
-0.1410530
-0.1470355
-0.1532755
-0.1557582
-0.1499996
-0.1312007
-0.1010386
-0.0727912
-0.0634434
-0.0769604
-0.0974959
-0.1033776
-0.0887767
-0.0688593
-0.0617502
-0.0677397
-0.0698266
-0.0542019
-0.0256259
-0.0002589
0.0131613
0.0203718
0.0309315
0.0462011
0.0607236
0.0717424
0.0818084
0.0917955
0.0970276
0.0950608
0.0951111
0.1128410
0.1521618
0.1958966
0.2204087
0.2201738
0.2135033
0.2215621
0.2448253
0.2640917
0.2636266
0.2487423
0.2386982
0.2453658
0.2626576
0.2762949
0.2792935
0.2747823
0.2664478
0.2522651
0.2297425
0.2028442
0.1783245
0.1557012
0.1261906
0.0846751
0.0400225
0.0088846
-0.0019507
-0.0043683
-0.0175256
-0.0479710
-0.0831628
-0.1052615
-0.1093540
-0.1065433
-0.1109821
-0.1269997
-0.1482490
-0.1647890
-0.1686337
-0.1564751
-0.1330107
-0.1120046
-0.1083285
-0.1240242
-0.1434367
-0.1470834
-0.1325943
-0.1189252
-0.1257843
-0.1494090
-0.1634921
-0.1469216
-0.1077944
-0.0757901
-0.0713385
-0.0864387
-0.0969216
-0.0895126
-0.0733106
-0.0666946
-0.0776991
-0.0982813
-0.1139194
-0.1152231
-0.1018251
-0.0803438
-0.0612862
-0.0544420
-0.0617136
-0.0736536
-0.0773608
-0.0705646
-0.0652785
-0.0739633
-0.0933010
-0.1059486
-0.0994998
-0.0804138
-0.0664495
-0.0668926
-0.0737394
-0.0730542
-0.0619193
-0.0511926
-0.0524873
-0.0660282
-0.0824512
-0.0931452
-0.0955398
-0.0903731
-0.0792593
-0.0666612
-0.0600674
-0.0637777
-0.0729188
-0.0769755
-0.0707458
-0.0604103
-0.0571849
-0.0651581
-0.0765542
-0.0793158
-0.0683764
-0.0488110
-0.0292665
-0.0145152
-0.0043013
0.0035199
0.0107559
0.0181068
0.0240589
0.0251416
0.0199841
0.0136308
0.0152136
0.0289488
0.0478089
0.0582118
0.0524015
0.0359421
0.0219002
0.0173366
0.0164907
0.0078034
-0.0136819
-0.0422224
-0.0680676
-0.0852343
-0.0928086
-0.0926792
-0.0891467
-0.0890062
-0.0976740
-0.1133082
-0.1265701
-0.1289466
-0.1220358
-0.1168356
-0.1216731
-0.1309466
-0.1284303
-0.1038750
-0.0657240
-0.0357565
-0.0312165
-0.0528672
-0.0882303
-0.1205827
-0.1292651
-0.0811393
0.0699901
0.3599623
0.7737819
1.2212691
1.5621278
1.6774760
1.5405771
1.2316757
0.8836528
0.6006992
0.4111913
0.2829279
0.1755451
0.0791589
0.0104443
-0.0180341
-0.0177852
-0.0154116
-0.0296803
-0.0598205
-0.0926586
-0.1166188
-0.1289503
-0.1337111
-0.1364683
-0.1409350
-0.1477984
-0.1541231
-0.1542953
-0.1445918
-0.1285820
-0.1159926
-0.1133106
-0.1160954
-0.1137952
-0.1030567
-0.0933413
-0.0965142
-0.1114815
-0.1220136
-0.1118069
-0.0814974
-0.0492355
-0.0334360
-0.0355055
-0.0403306
-0.0326516
-0.0110275
0.0134697
0.0287270
0.0305282
0.0239131
0.0197824
0.0290771
0.0556399
0.0923421
0.1257824
0.1471003
0.1585563
0.1687874
0.1819435
0.1933160
0.1970140
0.1964464
0.2035752
0.2261523
0.2582138
0.2860041
0.3017201
0.3078042
0.3085637
0.3032073
0.2902331
0.2747357
0.2651363
0.2614668
0.2514666
0.2230649
0.1806136
0.1441916
0.1291378
0.1278455
0.1164482
0.0806351
0.0307658
-0.0114475
-0.0376975
-0.0591172
-0.0882432
-0.1214182
-0.1435288
-0.1475846
-0.1435629
-0.1455547
-0.1542677
-0.1581738
-0.1523233
-0.1491265
-0.1639502
-0.1922911
-0.2100354
-0.2007275
-0.1774432
-0.1703886
-0.1925973
-0.2237022
-0.2314328
-0.2069003
-0.1740557
-0.1631886
-0.1787914
-0.1975887
-0.1970601
-0.1800372
-0.1678915
-0.1735240
-0.1874536
-0.1909037
-0.1770037
-0.1554971
-0.1394102
-0.1321532
-0.1288445
-0.1265570
-0.1286342
-0.1379822
-0.1499463
-0.1563677
-0.1564186
-0.1585107
-0.1684795
-0.1789298
-0.1752180
-0.1527201
-0.1251467
-0.1135921
-0.1273977
-0.1558728
-0.1780907
-0.1806618
-0.1672302
-0.1527716
-0.1501848
-0.1614833
-0.1783248
-0.1882094
-0.1820350
-0.1605359
-0.1354193
-0.1215659
-0.1249230
-0.1375831
-0.1456215
-0.1420790
-0.1325061
-0.1283023
-0.1344888
-0.1435130
-0.1415275
-0.1216384
-0.0907678
-0.0630671
-0.0475804
-0.0431485
-0.0432688
-0.0425254
-0.0379833
-0.0278763
-0.0125680
0.0027226
0.0087809
-0.0002672
-0.0184419
-0.0288056
-0.0176329
0.0097820
0.0294923
0.0184586
-0.0247331
-0.0782378
-0.1154267
-0.1258844
-0.1210110
-0.1209778
-0.1355683
-0.1564425
-0.1676429
-0.1627499
-0.1502460
-0.1426227
-0.1433527
-0.1463610
-0.1460157
-0.1437792
-0.1437986
-0.1444002
-0.1379586
-0.1214438
-0.1052119
-0.1067574
-0.1333451
-0.1721174
-0.1969898
-0.1794296
-0.0879904
0.1146903
0.4540235
0.9038541
1.3614878
1.6774183
1.7356969
1.5286776
1.1635762
0.7912328
0.5139498
0.3447062
0.2383112
0.1504067
0.0681431
-0.0005524
-0.0500530
-0.0843707
-0.1095406
-0.1282179
-0.1435440
-0.1626840
-0.1904265
-0.2192203
-0.2315304
-0.2172751
-0.1876873
-0.1672004
-0.1704512
-0.1899173
-0.2066152
-0.2095849
-0.2032651
-0.1989589
-0.2027703
-0.2115947
-0.2179280
-0.2164835
-0.2062049
-0.1879590
-0.1634497
-0.1378135
-0.1207259
-0.1205052
-0.1349287
-0.1490673
-0.1451126
-0.1174804
-0.0798296
-0.0551878
-0.0549954
-0.0666570
-0.0647674
-0.0366131
0.0055392
0.0388933
0.0536074
0.0587866
0.0680419
0.0850376
0.1044697
0.1222745
0.1398218
0.1583342
0.1739432
0.1824095
0.1878416
0.2016174
0.2292604
0.2606857
0.2777004
0.2714863
0.2502994
0.2302814
0.2212123
0.2203962
0.2163181
0.1973190
0.1609167
0.1180428
0.0863544
0.0754019
0.0767170
0.0696287
0.0390908
-0.0102312
-0.0571315
-0.0825204
-0.0863481
-0.0860292
-0.0984062
-0.1246099
-0.1522262
-0.1688606
-0.1713551
-0.1643401
-0.1541382
-0.1452794
-0.1409217
-0.1438757
-0.1545985
-0.1671973
-0.1706140
-0.1591373
-0.1424987
-0.1398983
-0.1592183
-0.1842387
-0.1878142
-0.1595525
-0.1182111
-0.0945726
-0.1022002
-0.1262923
-0.1413827
-0.1375783
-0.1265791
-0.1235179
-0.1293274
-0.1346075
-0.1356761
-0.1387287
-0.1475991
-0.1542572
-0.1462772
-0.1222942
-0.0969284
-0.0892672
-0.1059201
-0.1345416
-0.1543699
-0.1546245
-0.1433342
-0.1381062
-0.1484143
-0.1666078
-0.1751838
-0.1630235
-0.1363730
-0.1144890
-0.1126707
-0.1283821
-0.1447943
-0.1476746
-0.1370524
-0.1233758
-0.1166788
-0.1210977
-0.1354760
-0.1543112
-0.1684086
-0.1685023
-0.1513299
-0.1234973
-0.0990093
-0.0899182
-0.0954979
-0.1005157
-0.0882469
-0.0582897
-0.0302980
-0.0266501
-0.0489910
-0.0721349
-0.0645874
-0.0194653
0.0346739
0.0583676
0.0395145
0.0043110
-0.0126151
-0.0050368
0.0029628
-0.0111095
-0.0427987
-0.0699017
-0.0806371
-0.0854424
-0.1002845
-0.1238023
-0.1368189
-0.1254664
-0.1001582
-0.0865519
-0.0980831
-0.1218826
-0.1334905
-0.1227492
-0.1035473
-0.0996051
-0.1209571
-0.1520782
-0.1631876
-0.1372170
-0.0880780
-0.0505734
-0.0505606
-0.0849352
-0.1273024
-0.1444446
-0.1015358
0.0419986
0.3230321
0.7406068
1.2210774
1.6254209
1.8148409
1.7344935
1.4466601
1.0832328
0.7593599
0.5198630
0.3497408
0.2197748
0.1187939
0.0512953
0.0157693
-0.0068196
-0.0400800
-0.0890443
-0.1342644
-0.1519941
-0.1391934
-0.1167913
-0.1094304
-0.1237520
-0.1455231
-0.1558261
-0.1495010
-0.1383417
-0.1372520
-0.1493941
-0.1660807
-0.1780356
-0.1821348
-0.1781769
-0.1653604
-0.1450704
-0.1240019
-0.1110821
-0.1110338
-0.1205296
-0.1290762
-0.1249841
-0.1048183
-0.0786628
-0.0631690
-0.0664926
-0.0799138
-0.0848927
-0.0687796
-0.0350255
0.0004856
0.0232617
0.0311958
0.0325386
0.0355241
0.0434221
0.0580810
0.0808335
0.1064143
0.1224650
0.1226743
0.1186525
0.1314363
0.1688136
0.2145467
0.2425940
0.2413242
0.2230279
0.2103995
0.2149351
0.2292834
0.2391865
0.2385045
0.2301010
0.2166606
0.1978010
0.1760973
0.1588871
0.1502936
0.1445121
0.1301026
0.1003460
0.0591785
0.0185567
-0.0106542
-0.0281759
-0.0449749
-0.0714928
-0.1043367
-0.1270538
-0.1257088
-0.1034259
-0.0796837
-0.0750882
-0.0944619
-0.1229292
-0.1398046
-0.1377251
-0.1271441
-0.1223763
-0.1271223
-0.1352252
-0.1407441
-0.1424427
-0.1403825
-0.1330602
-0.1192076
-0.1013073
-0.0870448
-0.0856943
-0.0993238
-0.1170351
-0.1226437
-0.1113966
-0.0964787
-0.0953323
-0.1099228
-0.1226923
-0.1129473
-0.0780551
-0.0390518
-0.0234456
-0.0399536
-0.0708539
-0.0906526
-0.0899276
-0.0786034
-0.0703497
-0.0704286
-0.0772491
-0.0875809
-0.0968519
-0.0988905
-0.0900141
-0.0737160
-0.0602893
-0.0605453
-0.0770900
-0.1001650
-0.1145615
-0.1134965
-0.1047765
-0.1018545
-0.1104152
-0.1246442
-0.1337730
-0.1305520
-0.1163650
-0.1006350
-0.0932333
-0.0956425
-0.1012546
-0.1046324
-0.1070251
-0.1118658
-0.1191186
-0.1263636
-0.1319205
-0.1340490
-0.1294515
-0.1154875
-0.0936379
-0.0702792
-0.0540776
-0.0501099
-0.0536282
-0.0519635
-0.0375159
-0.0182727
-0.0105003
-0.0201444
-0.0350304
-0.0364032
-0.0161769
0.0163994
0.0423088
0.0477288
0.0347083
0.0175865
0.0081976
0.0060293
0.0027774
-0.0080583
-0.0283811
-0.0569358
-0.0882777
-0.1129536
-0.1237534
-0.1215311
-0.1130108
-0.1050049
-0.1023941
-0.1078185
-0.1192228
-0.1294471
-0.1319475
-0.1273261
-0.1231873
-0.1270227
-0.1372612
-0.1400806
-0.1196145
-0.0774559
-0.0398884
-0.0374722
-0.0747218
-0.1231100
-0.1419362
-0.0987631
0.0293256
0.2593997
0.5905132
0.9805164
1.3386485
1.5549160
1.5579022
1.3610279
1.0553357
0.7497588
0.5096739
0.3424558
0.2264382
0.1423004
0.0808443
0.0350056
-0.0054225
-0.0490248
-0.0938154
-0.1264900
-0.1358113
-0.1273081
-0.1196385
-0.1252551
-0.1403162
-0.1549819
-0.1659144
-0.1742957
-0.1785878
-0.1766500
-0.1721120
-0.1721732
-0.1786380
-0.1841218
-0.1783464
-0.1589612
-0.1366058
-0.1264216
-0.1318860
-0.1404717
-0.1392387
-0.1300212
-0.1226038
-0.1176489
-0.1068213
-0.0887493
-0.0735993
-0.0680855
-0.0637880
-0.0463142
-0.0136981
0.0182566
0.0306454
0.0225404
0.0156396
0.0325303
0.0697169
0.0997360
0.1036261
0.0935881
0.0971573
0.1251590
0.1631853
0.1910098
0.2025201
0.2071463
0.2170512
0.2340530
0.2483101
0.2506203
0.2437988
0.2373382
0.2333651
0.2262651
0.2160828
0.2120637
0.2186849
0.2254318
0.2156305
0.1822863
0.1336894
0.0869169
0.0553584
0.0377536
0.0198512
-0.0090712
-0.0436633
-0.0710573
-0.0874064
-0.0983608
-0.1071821
-0.1125110
-0.1168137
-0.1270214
-0.1444243
-0.1602286
-0.1640958
-0.1556179
-0.1475239
-0.1560949
-0.1827097
-0.2051029
-0.1968108
-0.1592491
-0.1246273
-0.1206649
-0.1411605
-0.1586561
-0.1576062
-0.1456617
-0.1381432
-0.1414719
-0.1507174
-0.1571564
-0.1570589
-0.1531535
-0.1466597
-0.1330415
-0.1124730
-0.0989238
-0.1063809
-0.1275487
-0.1395434
-0.1323331
-0.1196255
-0.1188077
-0.1305677
-0.1419383
-0.1415417
-0.1289951
-0.1145518
-0.1097601
-0.1148866
-0.1191459
-0.1172049
-0.1175634
-0.1273465
-0.1382393
-0.1388416
-0.1334467
-0.1354489
-0.1464481
-0.1538260
-0.1472659
-0.1297230
-0.1144872
-0.1155461
-0.1347626
-0.1551474
-0.1558203
-0.1376298
-0.1233995
-0.1286904
-0.1446237
-0.1544662
-0.1534269
-0.1454476
-0.1340295
-0.1245741
-0.1246310
-0.1339432
-0.1421381
-0.1403221
-0.1281585
-0.1108499
-0.0983417
-0.1019196
-0.1173141
-0.1175969
-0.0822546
-0.0300890
-0.0027013
-0.0153718
-0.0424923
-0.0514748
-0.0344743
-0.0075242
0.0064268
-0.0049918
-0.0308035
-0.0454332
-0.0386921
-0.0265432
-0.0239558
-0.0258008
-0.0284050
-0.0471264
-0.0900221
-0.1326909
-0.1445472
-0.1279456
-0.1111892
-0.1146254
-0.1384682
-0.1685239
-0.1812085
-0.1615324
-0.1268278
-0.1114834
-0.1217875
-0.1332168
-0.1356116
-0.1432836
-0.1536228
-0.1410626
-0.1071021
-0.0919478
-0.1180400
-0.1610760
-0.1872486
-0.1733696
-0.0826198
0.1235508
0.4327601
0.7857509
1.1286971
1.4008885
1.4927141
1.3259415
0.9901323
0.6836383
0.4826691
0.2840067
0.0224195
