0.0193881
0.2832407
0.5581497
0.8299994
1.0255275
1.0628637
0.9438366
0.7567949
0.5873290
0.4545713
0.3327471
0.2027371
0.0722824
-0.0351201
-0.1017788
-0.1349313
-0.1643928
-0.2121962
-0.2688031
-0.3098675
-0.3293367
-0.3409884
-0.3522056
-0.3540179
-0.3388371
-0.3148437
-0.2983519
-0.2978970
-0.3063871
-0.3052961
-0.2800729
-0.2363344
-0.1968450
-0.1781205
-0.1754685
-0.1755470
-0.1757547
-0.1829844
-0.1985046
-0.2130633
-0.2157276
-0.2028527
-0.1809387
-0.1642312
-0.1654584
-0.1839244
-0.2043082
-0.2096769
-0.1943816
-0.1653002
-0.1356552
-0.1176101
-0.1138493
-0.1136204
-0.1023713
-0.0781820
-0.0545308
-0.0443532
-0.0445781
-0.0383358
-0.0109296
0.0351742
0.0776651
0.0883444
0.0558265
-0.0038029
-0.0612829
-0.0984926
-0.1165660
-0.1239598
-0.1239479
-0.1148965
-0.0972157
-0.0762550
-0.0589258
-0.0482080
-0.0411501
-0.0332200
-0.0237801
-0.0141421
-0.0010413
0.0214602
0.0507327
0.0724765
0.0751289
0.0649400
0.0613064
0.0776624
0.1104813
0.1460107
0.1733604
0.1894595
0.1938093
0.1824337
0.1505027
0.1013888
0.0489997
0.0069920
-0.0227057
-0.0469186
-0.0691919
-0.0867099
-0.0984779
-0.1090835
-0.1214738
-0.1317873
-0.1360858
-0.1385173
-0.1461573
-0.1549580
-0.1469202
-0.1086291
-0.0547191
-0.0265968
-0.0578188
-0.1368310
-0.2086154
-0.2170753
-0.1432096
-0.0012941
0.1909750
0.4231499
0.6706513
0.8763491
0.9705815
0.9193379
0.7541105
0.5509352
0.3754662
0.2442337
0.1341610
0.0223674
-0.0879731
-0.1759821
-0.2265847
-0.2423480
-0.2388454
-0.2346627
-0.2432615
-0.2673240
-0.2975771
-0.3188781
-0.3209778
-0.3063915
-0.2887608
-0.2814049
-0.2846816
-0.2848760
-0.2679059
-0.2345782
-0.2009681
-0.1837426
-0.1858495
-0.1951794
-0.1951267
-0.1776479
-0.1495565
-0.1273865
-0.1243110
-0.1398756
-0.1609195
-0.1715259
-0.1635843
-0.1418590
-0.1209792
-0.1145087
-0.1229289
-0.1324701
-0.1283372
-0.1094445
-0.0884595
-0.0769640
-0.0720123
-0.0588709
-0.0279399
0.0114823
0.0369990
0.0356963
0.0203508
0.0191964
0.0472906
0.0895043
0.1136363
0.1000651
0.0582278
0.0152040
-0.0105673
-0.0237938
-0.0406629
-0.0643093
-0.0765992
-0.0587273
-0.0184280
0.0100173
-0.0022566
-0.0473172
-0.0839082
-0.0741501
-0.0178627
0.0483996
0.0853586
0.0841465
0.0681850
0.0671207
0.0920519
0.1325145
0.1689977
0.1850151
0.1743291
0.1463339
0.1252337
0.1354782
0.1798747
0.2309381
0.2482704
0.2099268
0.1300729
0.0463256
-0.0113966
-0.0409576
-0.0596843
-0.0802054
-0.0975546
-0.0988865
-0.0819567
-0.0619818
-0.0605094
-0.0864047
-0.1254551
-0.1496435
-0.1415688
-0.1131208
-0.0981558
-0.1220974
-0.1754073
-0.2157335
-0.1962673
-0.0939729
0.0851507
0.3206524
0.5885943
0.8540649
1.0596327
1.1378476
1.0516893
0.8293695
0.5556513
0.3205530
0.1668565
0.0778461
0.0091426
-0.0680794
-0.1490772
-0.2115905
-0.2434979
-0.2536573
-0.2595745
-0.2695322
-0.2777478
-0.2734961
-0.2522902
-0.2199156
-0.1889242
-0.1716112
-0.1734971
-0.1903638
-0.2105807
-0.2223600
-0.2223223
-0.2182897
-0.2209032
-0.2294742
-0.2279381
-0.1999775
-0.1500837
-0.1058589
-0.0945130
-0.1156955
-0.1395757
-0.1344072
-0.0974214
-0.0582279
-0.0503955
-0.0788636
-0.1154509
-0.1259151
-0.1001704
-0.0568558
-0.0225446
-0.0098297
-0.0133928
-0.0209808
-0.0237623
-0.0173361
0.0016495
0.0341740
0.0729122
0.1019267
0.1080054
0.0935468
0.0744483
0.0623247
0.0507523
0.0227481
-0.0277885
-0.0848634
-0.1225886
-0.1281225
-0.1111768
-0.0909568
-0.0761319
-0.0602161
-0.0355281
-0.0064466
0.0151143
0.0251847
0.0332372
0.0505036
0.0761781
0.0984679
0.1086531
0.1116192
0.1217640
0.1496971
0.1936843
0.2427488
0.2854377
0.3144360
0.3253479
0.3155683
0.2859788
0.2412653
0.1864865
0.1249225
0.0613452
0.0054149
-0.0326337
-0.0513242
-0.0604426
-0.0713331
-0.0848260
-0.0912888
-0.0840982
-0.0710265
-0.0681981
-0.0811977
-0.0954755
-0.0899906
-0.0608290
-0.0283142
-0.0194132
-0.0444229
-0.0898746
-0.1281571
-0.1284165
-0.0609647
0.0963583
0.3414877
0.6309019
0.8843908
1.0210004
1.0047472
0.8636116
0.6658161
0.4745638
0.3180528
0.1923225
0.0843137
-0.0092435
-0.0806064
-0.1231432
-0.1423375
-0.1538796
-0.1698967
-0.1871105
-0.1905827
-0.1717114
-0.1432620
-0.1343244
-0.1663323
-0.2314521
-0.2957832
-0.3270409
-0.3206886
-0.2986728
-0.2836551
-0.2774352
-0.2653551
-0.2379834
-0.2036604
-0.1790429
-0.1707294
-0.1694231
-0.1620732
-0.1469704
-0.1344368
-0.1329706
-0.1372359
-0.1314614
-0.1042500
-0.0596581
-0.0153351
0.0089098
0.0032617
-0.0259931
-0.0596327
-0.0769725
-0.0688675
-0.0427834
-0.0159218
-0.0020894
-0.0027589
-0.0085183
-0.0082360
0.0023452
0.0186350
0.0309116
0.0292508
0.0079843
-0.0296959
-0.0699373
-0.0948422
-0.0960473
-0.0831957
-0.0766541
-0.0893401
-0.1149742
-0.1344250
-0.1337731
-0.1164787
-0.0988482
-0.0950062
-0.1066838
-0.1255237
-0.1417277
-0.1494244
-0.1474135
-0.1395213
-0.1342684
-0.1393882
-0.1529513
-0.1610814
-0.1480727
-0.1107008
-0.0621510
-0.0210145
0.0038447
0.0179704
0.0323654
0.0515904
0.0710556
0.0840588
0.0887389
0.0877854
0.0843941
0.0823857
0.0922050
0.1362779
0.2452955
0.4421006
0.7193323
1.0263163
1.2808212
1.4058434
1.3698810
1.2021514
0.9716751
0.7466852
0.5638739
0.4252007
0.3159335
0.2236007
0.1441722
0.0781782
0.0266701
-0.0096180
-0.0315874
-0.0444143
-0.0565991
-0.0733760
-0.0910212
-0.0998503
-0.0941906
-0.0788350
-0.0646805
-0.0583348
-0.0575089
-0.0570581
-0.0571004
-0.0618206
-0.0705712
-0.0750598
-0.0692909
-0.0598142
-0.0596572
-0.0696763
-0.0710659
-0.0435719
0.0076742
0.0497854
0.0537716
0.0291397
0.0201722
0.0607743
0.1329199
0.1757399
0.1406801
0.0382682
-0.0700309
-0.1248050
-0.1139282
-0.0714299
-0.0400501
-0.0373342
-0.0518399
-0.0627703
-0.0592278
-0.0446176
-0.0293849
-0.0220648
-0.0244175
-0.0318275
-0.0382453
-0.0416112
-0.0432584
-0.0407798
-0.0242852
0.0148787
0.0696603
0.1150782
0.1252088
0.0940636
0.0392309
-0.0141490
-0.0508928
-0.0683423
-0.0675699
-0.0489222
-0.0173182
0.0143223
0.0340158
0.0434796
0.0563171
0.0794801
0.0991456
0.0907760
0.0457857
-0.0137087
-0.0497097
-0.0396509
0.0058782
0.0551173
0.0833842
0.0892611
0.0849005
0.0749300
0.0499703
0.0026551
-0.0535286
-0.0875180
-0.0767728
-0.0296768
0.0212376
0.0504544
0.0629977
0.0853463
0.1341294
0.1970472
0.2451531
0.2595990
0.2426914
0.2063020
0.1579573
0.1020120
0.0482880
0.0096174
-0.0128232
-0.0367076
-0.0840009
-0.1570209
-0.2319614
-0.2791156
-0.2888779
-0.2761960
-0.2615539
-0.2526155
-0.2457046
-0.2383427
-0.2299794
-0.2062126
-0.1290281
0.0437772
0.3176655
0.6360559
0.9010494
1.0299053
1.0023897
0.8619908
0.6765050
0.4961594
0.3393861
0.2036336
0.0801650
-0.0385438
-0.1542692
-0.2573721
-0.3272548
-0.3464036
-0.3196479
-0.2784053
-0.2605949
-0.2817720
-0.3236656
-0.3497285
-0.3325017
-0.2712199
-0.1916206
-0.1328230
-0.1274983
-0.1815401
-0.2657241
-0.3320505
-0.3487830
-0.3249907
-0.2984606
-0.2961761
-0.3085060
-0.3064738
-0.2827970
-0.2665753
-0.2897258
-0.3425868
-0.3748082
-0.3470328
-0.2758283
-0.2171605
-0.2040027
-0.2091636
-0.1772555
-0.0903044
0.0069862
0.0495281
0.0134389
-0.0677705
-0.1407781
-0.1753153
-0.1714244
-0.1413539
-0.0997301
-0.0674992
-0.0658475
-0.0929215
-0.1132518
-0.0867207
-0.0149506
0.0486554
0.0450066
-0.0331070
-0.1332430
-0.1925909
-0.1900228
-0.1491926
-0.1006033
-0.0532089
-0.0042411
0.0362542
0.0455008
0.0163472
-0.0212340
-0.0159931
0.0608630
0.1838494
0.2844749
0.2995448
0.2181090
0.0885441
-0.0195292
-0.0648300
-0.0531298
-0.0145318
0.0301176
0.0769626
0.1203302
0.1415855
0.1283000
0.1004071
0.1008567
0.1489789
0.2088409
0.2182099
0.1538259
0.0590518
-0.0019486
-0.0134551
-0.0211301
-0.0743397
-0.1665379
-0.2430872
-0.2644695
-0.2484256
-0.2432948
-0.2685063
-0.2943951
-0.2821479
-0.2327553
-0.1875595
-0.1827743
-0.2097112
-0.2183854
-0.1531790
0.0140923
0.2711162
0.5673290
0.8271005
0.9774000
0.9838958
0.8705025
0.7008747
0.5333067
0.3881238
0.2542116
0.1209043
-0.0010461
-0.0876102
-0.1242930
-0.1193321
-0.0989458
-0.0924988
-0.1171297
-0.1677929
-0.2190797
-0.2424153
-0.2291900
-0.1992773
-0.1838125
-0.1969411
-0.2249282
-0.2436350
-0.2446418
-0.2419720
-0.2548522
-0.2878789
-0.3280976
-0.3560479
-0.3561518
-0.3217570
-0.2602292
-0.1961730
-0.1607438
-0.1658361
-0.1862540
-0.1759261
-0.1114137
-0.0207074
0.0368051
0.0234417
-0.0439529
-0.1144732
-0.1524360
-0.1624046
-0.1690148
-0.1825117
-0.1907323
-0.1799836
-0.1531676
-0.1239335
-0.1002103
-0.0811418
-0.0676812
-0.0660199
-0.0753498
-0.0787763
-0.0570014
-0.0133133
0.0229342
0.0254464
0.0022924
-0.0090463
0.0181411
0.0667516
0.0866738
0.0403937
-0.0604123
-0.1607094
-0.2038912
-0.1735854
-0.1024886
-0.0427178
-0.0220839
-0.0227626
-0.0023155
0.0603074
0.1386364
0.1825050
0.1703897
0.1332516
0.1203360
0.1449338
0.1758906
0.1870845
0.2016426
0.2672043
0.3832437
0.4704269
0.4331819
0.2572646
0.0341967
-0.1199825
-0.1668320
-0.1615296
-0.1746902
-0.2148673
-0.2353868
-0.2044553
-0.1479215
-0.1170451
-0.1275293
-0.1453419
-0.1319189
-0.0901425
-0.0575256
-0.0600539
-0.0839717
-0.0949096
-0.0749824
-0.0315543
0.0281557
0.1191182
0.2663539
0.4721579
0.7014129
0.9010340
1.0305513
1.0731046
1.0245428
0.8840799
0.6623589
0.3952546
0.1406924
-0.0461788
-0.1406410
-0.1580206
-0.1413999
-0.1374303
-0.1715763
-0.2330399
-0.2809594
-0.2752048
-0.2126337
-0.1360302
-0.1029874
-0.1414933
-0.2330189
-0.3336700
-0.4053684
-0.4282377
-0.3975849
-0.3257462
-0.2476911
-0.2067162
-0.2165156
-0.2386168
-0.2142199
-0.1290567
-0.0389625
-0.0171180
-0.0745754
-0.1448093
-0.1546133
-0.1034141
-0.0613073
-0.0890796
-0.1714886
-0.2359125
-0.2293029
-0.1656302
-0.0988201
-0.0628525
-0.0481011
-0.0290988
0.0016673
0.0353904
0.0723579
0.1288704
0.2108324
0.2866382
0.2999675
0.2204834
0.0837571
-0.0263659
-0.0457203
0.0135743
0.0757846
0.0753916
0.0190971
-0.0291195
-0.0249818
0.0012383
-0.0251932
-0.1397998
-0.2951063
-0.4062495
-0.4337814
-0.4111599
-0.3929217
-0.3923074
-0.3813507
-0.3421804
-0.2961403
-0.2743580
-0.2748447
-0.2667858
-0.2342773
-0.1955494
-0.1683376
-0.1309010
-0.0410889
0.1008950
0.2271063
0.2579664
0.1831334
0.0733174
0.0075419
0.0000183
0.0092907
0.0124532
0.0515761
0.1963844
0.4664712
0.7989331
1.0912452
1.2692676
1.3167651
1.2565904
1.1212317
0.9425166
0.7533988
0.5822036
0.4401645
0.3196577
0.2087448
0.1064880
0.0231422
-0.0316506
-0.0577036
-0.0632379
-0.0596415
-0.0577380
-0.0634845
-0.0713087
-0.0624598
-0.0175395
0.0618036
0.1423301
0.1751780
0.1293421
0.0150781
-0.1225690
-0.2336880
-0.2920349
-0.3021509
-0.2848797
-0.2572931
-0.2241325
-0.1851427
-0.1469137
-0.1232286
-0.1210054
-0.1280312
-0.1209462
-0.0896257
-0.0506277
-0.0296115
-0.0289975
-0.0204970
0.0221975
0.0849773
0.1174946
0.0820793
-0.0054169
-0.0899211
-0.1299865
-0.1286882
-0.1129719
-0.0966144
-0.0758316
-0.0542895
-0.0511149
-0.0736873
-0.0964338
-0.0875642
-0.0567720
-0.0530794
-0.0977685
-0.1325174
-0.0659447
0.1135744
0.2899136
0.3129859
0.1492484
-0.0754707
-0.1957117
-0.1636455
-0.0773605
-0.0596166
-0.1293293
-0.2024909
-0.2028992
-0.1452818
-0.1035086
-0.1183569
-0.1590248
-0.1724436
-0.1475216
-0.1172464
-0.1092532
-0.1151222
-0.1118369
-0.0964652
-0.0848497
-0.0822361
-0.0735950
-0.0493146
-0.0264510
-0.0285697
-0.0478027
-0.0453611
0.0013341
0.0653220
0.1016319
0.1086406
0.1342860
0.2068967
0.2768457
0.2590918
0.1434288
0.0365353
0.0614690
0.2118717
0.3330295
0.2716958
0.0404888
-0.1863139
-0.2463207
-0.1455480
-0.0346946
-0.0437984
-0.1598342
-0.2654188
-0.2729626
-0.2016098
-0.1325688
-0.1162992
-0.1358690
-0.1461998
-0.1271728
-0.0948629
-0.0757377
-0.0813737
-0.1024487
-0.1130850
-0.0759337
0.0474341
0.2751807
0.5812528
0.8875686
1.0868968
1.0947960
0.9063004
0.6155409
0.3675071
0.2615264
0.2802127
0.3123288
0.2572219
0.1147750
-0.0270841
-0.0918921
-0.0942685
-0.1156815
-0.2066875
-0.3251529
-0.3781262
-0.3221032
-0.2159295
-0.1713315
-0.2485100
-0.3957666
-0.4903313
-0.4463143
-0.2946742
-0.1606977
-0.1539129
-0.2698456
-0.3994153
-0.4391420
-0.3889125
-0.3330301
-0.3290881
-0.3378513
-0.2811823
-0.1571711
-0.0622785
-0.0789796
-0.1611530
-0.1687269
-0.0282097
0.1662244
0.2395738
0.1211311
-0.0806114
-0.1961302
-0.1685820
-0.0909559
-0.0811252
-0.1505399
-0.2103465
-0.1876084
-0.1066010
-0.0506544
-0.0642165
-0.1095592
-0.1146664
-0.0484198
0.0542727
0.1301699
0.1428956
0.1082349
0.0759503
0.0859985
0.1319814
0.1619238
0.1214773
0.0062362
-0.1266317
-0.2038877
-0.1974491
-0.1408618
-0.0873809
-0.0586348
-0.0384973
-0.0094336
0.0209675
0.0368993
0.0474291
0.0849541
0.1634743
0.2476841
0.2774686
0.2270976
0.1336850
0.0618938
0.0439784
0.0599621
0.0729445
0.0715298
0.0703410
0.0765726
0.0715631
0.0324913
-0.0346999
-0.0945101
-0.1159588
-0.1022283
-0.0840224
-0.0878816
-0.1150128
-0.1476566
-0.1685753
-0.1725391
-0.1652914
-0.1574629
-0.1575755
-0.1649341
-0.1687218
-0.1597534
-0.1457629
-0.1488626
-0.1797216
-0.2146179
-0.2060876
-0.1209016
0.0364111
0.2407337
0.4780680
0.7443655
1.0079407
1.1887360
1.1997892
1.0230600
0.7397635
0.4737712
0.2978225
0.1925122
0.0912408
-0.0437612
-0.1914676
-0.3057360
-0.3638389
-0.3787387
-0.3747041
-0.3633228
-0.3441300
-0.3186097
-0.2948251
-0.2794105
-0.2718165
-0.2689645
-0.2707297
-0.2756605
-0.2738244
-0.2529349
-0.2170729
-0.1935102
-0.2081428
-0.2480170
-0.2574161
-0.1881902
-0.0614673
0.0311068
0.0050308
-0.1314948
-0.2773475
-0.3321255
-0.2869616
-0.2142172
-0.1713079
-0.1341238
-0.0404417
0.1099874
0.2247406
0.2042293
0.0511886
-0.1206771
-0.1912802
-0.1403801
-0.0492494
-0.0094415
-0.0401265
-0.0876675
-0.0885301
-0.0269248
0.0558212
0.0950679
0.0520288
-0.0518245
-0.1424096
-0.1489100
-0.0688120
0.0227464
