0.0931821
0.0957444
0.1109279
0.1396187
0.1754074
0.2068211
0.2203997
0.2064655
0.1667900
0.1164794
0.0736577
0.0438567
0.0160565
-0.0225995
-0.0685245
-0.1019092
-0.1072501
-0.0912267
-0.0768886
-0.0806851
-0.0983740
-0.1137839
-0.1173565
-0.1132537
-0.1114081
-0.1181325
-0.1346346
-0.1580910
-0.1781916
-0.1737774
-0.1185651
0.0062571
0.2038846
0.4611957
0.7461434
1.0006697
1.1463382
1.1193746
0.9188798
0.6228349
0.3450687
0.1626900
0.0763089
0.0341540
-0.0113148
-0.0705487
-0.1284524
-0.1723760
-0.2023638
-0.2223695
-0.2341819
-0.2425477
-0.2572139
-0.2816833
-0.3025894
-0.2993828
-0.2685611
-0.2333726
-0.2232631
-0.2438084
-0.2713771
-0.2787981
-0.2627504
-0.2433896
-0.2400499
-0.2520427
-0.2630278
-0.2590545
-0.2394007
-0.2133269
-0.1915543
-0.1806106
-0.1797568
-0.1799261
-0.1691736
-0.1450251
-0.1218352
-0.1202673
-0.1449474
-0.1744904
-0.1790881
-0.1502027
-0.1104183
-0.0915078
-0.1038334
-0.1293454
-0.1432577
-0.1385081
-0.1275648
-0.1241648
-0.1283096
-0.1294522
-0.1199861
-0.1022582
-0.0840222
-0.0710450
-0.0650944
-0.0658387
-0.0713946
-0.0776579
-0.0804696
-0.0801056
-0.0817783
-0.0891600
-0.0976466
-0.0967628
-0.0811121
-0.0579621
-0.0417618
-0.0404039
-0.0478830
-0.0510897
-0.0428473
-0.0273259
-0.0137861
-0.0073106
-0.0059561
-0.0041853
0.0035596
0.0213132
0.0491778
0.0802472
0.1028488
0.1103764
0.1093667
0.1139464
0.1297440
0.1461620
0.1493162
0.1424263
0.1473334
0.1806985
0.2305811
0.2630615
0.2554328
0.2200432
0.1912713
0.1893423
0.2005488
0.1939472
0.1538822
0.0932475
0.0375916
0.0017920
-0.0167296
-0.0277903
-0.0378457
-0.0488712
-0.0612876
-0.0735976
-0.0814470
-0.0821047
-0.0806245
-0.0869750
-0.1031273
-0.1150194
-0.1035096
-0.0672273
-0.0325999
-0.0354541
-0.0870567
-0.1546387
-0.1741369
-0.0854034
0.1346223
0.4577865
0.8116238
1.1024185
1.2488765
1.2160088
1.0314968
0.7707961
0.5172093
0.3228087
0.1948880
0.1108347
0.0435723
-0.0218533
-0.0862854
-0.1429007
-0.1846175
-0.2090250
-0.2196243
-0.2230952
-0.2248147
-0.2266797
-0.2285606
-0.2301844
-0.2305971
-0.2274418
-0.2197454
-0.2119151
-0.2118220
-0.2217514
-0.2321413
-0.2283620
-0.2061797
-0.1788526
-0.1657911
-0.1734599
-0.1891740
-0.1947521
-0.1851086
-0.1719874
-0.1698830
-0.1798931
-0.1879582
-0.1783574
-0.1490265
-0.1149015
-0.0965996
-0.1037950
-0.1271353
-0.1463895
-0.1488693
-0.1413759
-0.1428673
-0.1635590
-0.1917271
-0.2034419
-0.1864129
-0.1529135
-0.1277633
-0.1242467
-0.1333565
-0.1361309
-0.1238385
-0.1045457
-0.0918204
-0.0902009
-0.0923650
-0.0881892
-0.0747309
-0.0584126
-0.0495307
-0.0543340
-0.0698200
-0.0847722
-0.0877087
-0.0768395
-0.0628326
-0.0594790
-0.0693837
-0.0792304
-0.0714020
-0.0417617
-0.0055289
0.0155617
0.0124088
-0.0047918
-0.0177212
-0.0160290
-0.0022589
0.0162741
0.0363326
0.0580193
0.0784287
0.0914103
0.0961153
0.1028228
0.1248737
0.1625513
0.1980378
0.2112211
0.2019959
0.1939337
0.2119580
0.2549643
0.2914589
0.2836650
0.2176377
0.1128002
0.0056862
-0.0747488
-0.1202668
-0.1396522
-0.1469905
-0.1526943
-0.1612468
-0.1731497
-0.1868996
-0.1990354
-0.2037623
-0.1951962
-0.1723902
-0.1421360
-0.1142832
-0.0924961
-0.0716393
-0.0483959
-0.0349920
-0.0560081
-0.1218983
-0.2005201
-0.2193060
-0.1077688
0.1485960
0.4874768
0.8009557
0.9945814
1.0301592
0.9276614
0.7378773
0.5148118
0.3040072
0.1402547
0.0417419
0.0009533
-0.0143452
-0.0421985
-0.1008899
-0.1783913
-0.2465439
-0.2865852
-0.3026756
-0.3133311
-0.3322084
-0.3571665
-0.3750309
-0.3742328
-0.3538393
-0.3243651
-0.3019576
-0.2986094
-0.3124009
-0.3256675
-0.3173807
-0.2831517
-0.2433637
-0.2262545
-0.2385787
-0.2547005
-0.2400991
-0.1882573
-0.1317447
-0.1131364
-0.1444404
-0.1967143
-0.2291217
-0.2252782
-0.2003857
-0.1774631
-0.1630290
-0.1471993
-0.1219381
-0.0931160
-0.0745740
-0.0748140
-0.0916011
-0.1163177
-0.1394640
-0.1525611
-0.1495721
-0.1302069
-0.1015065
-0.0740534
-0.0555184
-0.0471490
-0.0444902
-0.0398362
-0.0260116
-0.0027432
0.0183201
0.0184781
-0.0126017
-0.0650983
-0.1158009
-0.1482607
-0.1636599
-0.1702084
-0.1669246
-0.1456840
-0.1095703
-0.0794738
-0.0731996
-0.0801127
-0.0672986
-0.0172347
0.0456001
0.0741091
0.0456632
-0.0154101
-0.0636578
-0.0741821
-0.0534142
-0.0150120
0.0403508
0.1137978
0.1850943
0.2158718
0.1837037
0.1095151
0.0448229
0.0300662
0.0659297
0.1219796
0.1664165
0.1851220
0.1789375
0.1534605
0.1159528
0.0765777
0.0438624
0.0159398
-0.0194199
-0.0705362
-0.1268173
-0.1622567
-0.1586081
-0.1258802
-0.0964591
-0.0953258
-0.1162255
-0.1305635
-0.1214197
-0.1052656
-0.1145062
-0.1575889
-0.2022717
-0.2055970
-0.1617697
-0.1150301
-0.1188240
-0.1794760
-0.2397920
-0.2177315
-0.0633357
0.2122923
0.5475487
0.8589435
1.0672773
1.1201678
1.0132753
0.7976204
0.5564406
0.3587026
0.2236777
0.1260444
0.0335801
-0.0608486
-0.1411680
-0.1937278
-0.2235934
-0.2447866
-0.2611976
-0.2647675
-0.2532490
-0.2426679
-0.2543139
-0.2883746
-0.3167494
-0.3087330
-0.2645782
-0.2192029
-0.2093340
-0.2382967
-0.2758018
-0.2909869
-0.2809734
-0.2656405
-0.2599774
-0.2587419
-0.2486834
-0.2288937
-0.2130089
-0.2126536
-0.2242655
-0.2340410
-0.2318854
-0.2170251
-0.1926746
-0.1615850
-0.1293608
-0.1080486
-0.1105243
-0.1389885
-0.1800350
-0.2122896
-0.2200256
-0.2024226
-0.1737578
-0.1551828
-0.1610827
-0.1870640
-0.2103932
-0.2072678
-0.1746134
-0.1351274
-0.1181386
-0.1337939
-0.1655155
-0.1860018
-0.1786107
-0.1455155
-0.1024405
-0.0704406
-0.0677285
-0.0978309
-0.1401110
-0.1591308
-0.1351741
-0.0885758
-0.0660524
-0.0951600
-0.1535643
-0.1897762
-0.1756409
-0.1329186
-0.1046860
-0.1057880
-0.1097926
-0.0853461
-0.0367357
-0.0008182
-0.0055404
-0.0388131
-0.0613508
-0.0461284
-0.0010644
0.0448454
0.0717051
0.0830506
0.0943780
0.1126154
0.1283043
0.1265543
0.1047055
0.0790096
0.0724016
0.0928660
0.1227522
0.1316877
0.1031850
0.0493096
-0.0019247
-0.0335401
-0.0527047
-0.0776232
-0.1150008
-0.1533104
-0.1765504
-0.1802656
-0.1729295
-0.1655308
-0.1635642
-0.1673897
-0.1748709
-0.1812243
-0.1798062
-0.1678130
-0.1515654
-0.1427837
-0.1472782
-0.1571751
-0.1527876
-0.1082436
0.0049310
0.2099112
0.5040313
0.8364291
1.1119744
1.2348883
1.1659565
0.9464859
0.6682043
0.4162519
0.2316585
0.1133163
0.0413564
-0.0053205
-0.0443921
-0.0880684
-0.1383244
-0.1865531
-0.2227394
-0.2457889
-0.2629690
-0.2794383
-0.2912502
-0.2904653
-0.2758602
-0.2566143
-0.2452992
-0.2478208
-0.2592594
-0.2678165
-0.2633693
-0.2454100
-0.2248494
-0.2161177
-0.2234417
-0.2337037
-0.2260270
-0.1921270
-0.1473674
-0.1191693
-0.1229647
-0.1499398
-0.1779309
-0.1916842
-0.1909411
-0.1820991
-0.1682943
-0.1503448
-0.1332293
-0.1250910
-0.1280428
-0.1340196
-0.1338297
-0.1292182
-0.1314071
-0.1457673
-0.1612339
-0.1594634
-0.1351406
-0.1039302
-0.0874528
-0.0909165
-0.0979840
-0.0887534
-0.0616266
-0.0359383
-0.0328797
-0.0546173
-0.0824388
-0.0947417
-0.0863645
-0.0711294
-0.0670986
-0.0799002
-0.0988496
-0.1069378
-0.0942111
-0.0642743
-0.0315372
-0.0126592
-0.0164423
-0.0367360
-0.0544451
-0.0513988
-0.0274201
-0.0032107
-0.0010493
-0.0193350
-0.0291763
-0.0016531
0.0602003
0.1201140
0.1422226
0.1248328
0.0984672
0.0921434
0.1064885
0.1214575
0.1247119
0.1251815
0.1387425
0.1678359
0.2002250
0.2239657
0.2362244
0.2369943
0.2222161
0.1895594
0.1474362
0.1093748
0.0770195
0.0362138
-0.0222716
-0.0806066
-0.1030267
-0.0737809
-0.0220629
-0.0004840
-0.0352215
-0.1003302
-0.1434563
-0.1345525
-0.0879342
-0.0420876
-0.0262017
-0.0466735
-0.0950172
-0.1561919
-0.2074044
-0.2182235
-0.1614709
-0.0259622
0.1824369
0.4474111
0.7402719
1.0088487
1.1800500
1.1928745
1.0421311
0.7902705
0.5294247
0.3245678
0.1864687
0.0902498
0.0110862
-0.0586755
-0.1165347
-0.1606747
-0.1906134
-0.2047493
-0.2051665
-0.2037409
-0.2158368
-0.2436846
-0.2695443
-0.2711916
-0.2453615
-0.2127690
-0.1980746
-0.2063167
-0.2202598
-0.2190010
-0.1968374
-0.1654563
-0.1422117
-0.1379421
-0.1519244
-0.1728586
-0.1843340
-0.1749800
-0.1484257
-0.1224606
-0.1137880
-0.1214540
-0.1274380
-0.1158528
-0.0904718
-0.0708812
-0.0714942
-0.0868675
-0.0986085
-0.0944409
-0.0783703
-0.0638070
-0.0604277
-0.0681493
-0.0795420
-0.0843000
-0.0737713
-0.0476504
-0.0187099
-0.0055994
-0.0139448
-0.0245665
-0.0077828
0.0442974
0.1012338
0.1167542
0.0724828
-0.0014393
-0.0520533
-0.0507558
-0.0150179
0.0142680
0.0129058
-0.0094242
-0.0260000
-0.0199931
0.0056319
0.0377759
0.0656983
0.0844841
0.0929081
0.0931210
0.0912905
0.0937480
0.1000589
0.1019309
0.0922945
0.0762604
0.0710845
0.0927518
0.1409960
0.1968236
0.2352457
0.2430930
0.2283971
0.2143472
0.2216042
0.2518440
0.2865389
0.3039398
0.2999828
0.2922626
0.3011493
0.3263408
0.3440385
0.3290227
0.2787441
0.2142155
0.1583899
0.1168324
0.0800325
0.0400839
0.0000668
-0.0320933
-0.0529191
-0.0630656
-0.0617231
-0.0479559
-0.0283631
-0.0169692
-0.0215489
-0.0316591
-0.0271809
-0.0025541
0.0208684
0.0123441
-0.0368451
-0.1012806
-0.1394991
-0.1186307
-0.0192860
0.1732927
0.4631072
0.8148532
1.1363672
1.3101251
1.2646498
1.0275977
0.7100867
0.4331519
0.2582978
0.1733834
0.1296421
0.0863084
0.0293307
-0.0347086
-0.0913330
-0.1281711
-0.1429563
-0.1468112
-0.1560754
-0.1759630
-0.1928220
-0.1868681
-0.1545979
-0.1163499
-0.0987959
-0.1098071
-0.1320753
-0.1414531
-0.1297731
-0.1091668
-0.0965620
-0.0970747
-0.1024684
-0.1023507
-0.0937182
-0.0800581
-0.0646741
-0.0480273
-0.0315074
-0.0206023
-0.0209358
-0.0306558
-0.0394102
-0.0376355
-0.0266401
-0.0169554
-0.0156069
-0.0172546
-0.0108105
0.0055885
0.0197484
0.0179036
0.0003768
-0.0185386
-0.0266995
-0.0268592
-0.0308561
-0.0430169
-0.0534292
-0.0488364
-0.0275012
-0.0011505
0.0162388
0.0192211
0.0119047
0.0024445
-0.0020060
0.0014579
0.0087010
0.0090901
-0.0065818
-0.0350925
-0.0589609
-0.0597823
-0.0358096
-0.0053506
0.0091007
0.0005701
-0.0183726
-0.0298979
-0.0277710
-0.0206271
-0.0208067
-0.0311864
-0.0420734
-0.0398540
-0.0193272
0.0106454
0.0330232
0.0357194
0.0214538
0.0057660
0.0042572
0.0198911
0.0419221
0.0576669
0.0656491
0.0764517
0.0996921
0.1306233
0.1517048
0.1494086
0.1292667
0.1118021
0.1112055
0.1184814
0.1086599
0.0667560
0.0052027
-0.0473574
-0.0749636
-0.0894186
-0.1148795
-0.1595131
-0.2059719
-0.2304298
-0.2278862
-0.2160867
-0.2158597
-0.2309805
-0.2480527
-0.2528581
-0.2435872
-0.2292220
-0.2195054
-0.2191487
-0.2295344
-0.2509758
-0.2790835
-0.2967140
-0.2695781
-0.1547070
0.0749285
0.3999903
0.7426210
0.9932834
1.0690819
0.9635609
0.7465838
0.5125251
0.3207224
0.1766880
0.0598727
-0.0405052
-0.1187921
-0.1719708
-0.2119534
-0.2537941
-0.2976812
-0.3305100
-0.3451979
-0.3514607
-0.3632214
-0.3792494
-0.3832146
-0.3645627
-0.3345006
-0.3165875
-0.3223157
-0.3400693
-0.3493603
-0.3426715
-0.3305042
-0.3269224
-0.3343503
-0.3432527
-0.3430209
-0.3302394
-0.3082720
-0.2834087
-0.2632517
-0.2558054
-0.2653672
-0.2871512
-0.3075260
-0.3126146
-0.2987473
-0.2750640
-0.2557216
-0.2489035
-0.2520833
-0.2566098
-0.2566878
-0.2546621
-0.2577514
-0.2689313
-0.2811586
-0.2824127
-0.2679756
-0.2467371
-0.2329813
-0.2315146
-0.2332345
-0.2272368
-0.2155385
-0.2118252
-0.2240446
-0.2413405
-0.2427595
-0.2197914
-0.1870505
-0.1680236
-0.1717570
-0.1865314
-0.1957567
-0.1956470
-0.1946658
-0.1985126
-0.2009728
-0.1915117
-0.1692326
-0.1460122
-0.1354618
-0.1404721
-0.1520776
-0.1587715
-0.1555525
-0.1454496
-0.1352857
-0.1305389
-0.1314940
-0.1319414
-0.1229821
-0.1014635
-0.0754945
-0.0588446
-0.0571474
-0.0603478
-0.0518773
-0.0267593
0.0014287
0.0145318
0.0106501
0.0077384
0.0240535
0.0568170
0.0840208
0.0878480
0.0725668
0.0563539
0.0476530
0.0346162
-0.0001750
-0.0574793
-0.1173007
-0.1567389
-0.1693800
-0.1668011
-0.1645961
-0.1701874
-0.1822956
-0.1963925
-0.2076901
-0.2122431
-0.2101078
-0.2073462
-0.2106528
-0.2183050
-0.2200511
-0.2098990
-0.1975864
-0.2015432
-0.2258414
-0.2438421
-0.2073346
-0.0757636
0.1571542
0.4558724
0.7536151
0.9731832
1.0539873
0.9796665
0.7900617
0.5616260
0.3638176
0.2241365
0.1288921
0.0523085
-0.0184810
-0.0830480
-0.1410017
-0.1961898
-0.2474987
-0.2833261
-0.2922403
-0.2788917
-0.2641442
-0.2663049
-0.2838736
-0.2991869
-0.2980779
-0.2834830
-0.2700794
-0.2684719
-0.2757753
-0.2794907
-0.2685094
-0.2415051
-0.2075957
-0.1800278
-0.1673937
-0.1681659
-0.1725399
-0.1706397
-0.1607142
-0.1499274
-0.1464027
-0.1499336
-0.1509769
-0.1395088
-0.1150764
-0.0880777
-0.0709811
-0.0675191
-0.0695607
-0.0648636
-0.0493944
-0.0327294
-0.0301032
-0.0474104
-0.0735741
-0.0883994
-0.0790661
-0.0503573
-0.0200452
-0.0041957
-0.0051850
-0.0120802
-0.0120380
-0.0018415
0.0108406
0.0167031
0.0148436
0.0137421
0.0224741
0.0409093
0.0588962
0.0659012
0.0615267
0.0554132
0.0562119
0.0620306
0.0634698
0.0558538
0.0468400
0.0508808
0.0756257
0.1128093
0.1422602
0.1470535
0.1280058
0.1042342
0.0971589
0.1110877
0.1290349
0.1296411
0.1102962
0.0931856
0.1056202
0.1520998
0.2067665
0.2360846
0.2297150
0.2079497
0.1992132
0.2127783
0.2343960
0.2458529
0.2453811
0.2481586
0.2680155
0.2997114
0.3199791
0.3070789
0.2600425
0.1986519
0.1446418
0.1036541
0.0659481
0.0237300
-0.0147065
-0.0309450
-0.0178211
0.0075231
0.0166099
-0.0024603
-0.0329088
-0.0477380
-0.0382289
-0.0206399
-0.0157961
-0.0268362
-0.0391889
-0.0396481
-0.0315569
-0.0293741
-0.0378294
-0.0360679
0.0172538
0.1599511
0.3991211
0.6963187
0.9737859
1.1441895
1.1547536
1.0192930
0.8098908
0.6093935
0.4619718
0.3605633
0.2742234
0.1844997
0.0990075
0.0360216
0.0003677
-0.0229055
-0.0507412
-0.0821061
-0.1008254
-0.0970455
-0.0794687
-0.0648327
-0.0610276
-0.0633287
-0.0622581
-0.0518874
-0.0350942
-0.0244593
-0.0333782
-0.0612531
