-0.1293306
-0.1487144
-0.1385563
-0.1060200
-0.0849399
-0.1011301
-0.1412902
-0.1619492
-0.1335953
-0.0741514
-0.0343081
-0.0489601
-0.1054108
-0.1577253
-0.1639777
-0.1027987
0.0400701
0.2818801
0.6213040
1.0040662
1.3235888
1.4749802
1.4231008
1.2247197
0.9847574
0.7851384
0.6438524
0.5287647
0.4032943
0.2618546
0.1304925
0.0399102
-0.0023230
-0.0171118
-0.0342972
-0.0672855
-0.1053570
-0.1296712
-0.1352810
-0.1358246
-0.1469192
-0.1678768
-0.1825685
-0.1778436
-0.1581819
-0.1407533
-0.1378593
-0.1464902
-0.1543603
-0.1532046
-0.1450268
-0.1377059
-0.1372238
-0.1435909
-0.1512958
-0.1524413
-0.1418231
-0.1220316
-0.1035734
-0.0971691
-0.1039570
-0.1141336
-0.1169827
-0.1121379
-0.1093021
-0.1161980
-0.1281908
-0.1316150
-0.1177868
-0.0930940
-0.0747435
-0.0762128
-0.0959118
-0.1188723
-0.1294823
-0.1241541
-0.1131515
-0.1099061
-0.1171882
-0.1233178
-0.1132404
-0.0846050
-0.0523103
-0.0353206
-0.0382174
-0.0469070
-0.0438271
-0.0270039
-0.0126401
-0.0183041
-0.0443025
-0.0722978
-0.0820088
-0.0690671
-0.0474767
-0.0359838
-0.0419368
-0.0565291
-0.0641217
-0.0567326
-0.0413528
-0.0338230
-0.0440550
-0.0654737
-0.0792414
-0.0709744
-0.0449968
-0.0220135
-0.0214828
-0.0450388
-0.0762556
-0.0959930
-0.0983714
-0.0936977
-0.0978553
-0.1186329
-0.1497665
-0.1762992
-0.1871289
-0.1856289
-0.1888097
-0.2127037
-0.2549327
-0.2926798
-0.3028178
-0.2868365
-0.2726268
-0.2859629
-0.3190784
-0.3323321
-0.2922283
-0.2079417
-0.1265436
-0.0900339
-0.0984973
-0.1166426
-0.1136386
-0.0921389
-0.0783196
-0.0891132
-0.1142716
-0.1292095
-0.1199480
-0.0933513
-0.0670126
-0.0538615
-0.0555898
-0.0653526
-0.0734615
-0.0730359
-0.0646493
-0.0561169
-0.0546930
-0.0580675
-0.0558485
-0.0429304
-0.0294957
-0.0318282
-0.0489940
-0.0495604
0.0145895
0.1771096
0.4343214
0.7449170
1.0454081
1.2689617
1.3648381
1.3187407
1.1634245
0.9638175
0.7793780
0.6324589
0.5106495
0.3973061
0.2948195
0.2164276
0.1621946
0.1137252
0.0561594
-0.0013023
-0.0347649
-0.0351295
-0.0213496
-0.0207987
-0.0407841
-0.0649662
-0.0761544
-0.0753951
-0.0757937
-0.0836436
-0.0930123
-0.0976837
-0.0999955
-0.1035091
-0.1027761
-0.0890056
-0.0661617
-0.0531599
-0.0639061
-0.0883441
-0.1007369
-0.0885510
-0.0677959
-0.0651375
-0.0869383
-0.1112888
-0.1117532
-0.0850541
-0.0526547
-0.0377256
-0.0445639
-0.0597136
-0.0679735
-0.0645741
-0.0553100
-0.0500805
-0.0564303
-0.0743689
-0.0939050
-0.0998778
-0.0842120
-0.0553462
-0.0331552
-0.0316305
-0.0462633
-0.0596059
-0.0590094
-0.0475049
-0.0374828
-0.0362374
-0.0395470
-0.0379139
-0.0261147
-0.0063792
0.0146639
0.0297961
0.0339415
0.0274480
0.0182579
0.0178687
0.0312703
0.0506404
0.0623332
0.0625640
0.0644681
0.0856069
0.1267244
0.1651231
0.1725221
0.1407510
0.0889414
0.0448699
0.0200768
0.0037887
-0.0204163
-0.0548077
-0.0852346
-0.0967203
-0.0889879
-0.0763872
-0.0743341
-0.0869275
-0.1063760
-0.1219232
-0.1286511
-0.1295859
-0.1314421
-0.1382791
-0.1476016
-0.1518649
-0.1450873
-0.1297600
-0.1172326
-0.1192114
-0.1367395
-0.1574288
-0.1654070
-0.1559027
-0.1403682
-0.1361757
-0.1500501
-0.1710774
-0.1802009
-0.1674672
-0.1411996
-0.1209477
-0.1207335
-0.1375106
-0.1548503
-0.1581944
-0.1475864
-0.1361053
-0.1356595
-0.1442050
-0.1477024
-0.1358590
-0.1160141
-0.1093902
-0.1300514
-0.1642677
-0.1691881
-0.0935700
0.0937725
0.3848456
0.7302097
1.0525988
1.2731088
1.3431445
1.2669149
1.0969100
0.9005713
0.7215013
0.5661916
0.4237307
0.2930653
0.1870998
0.1128636
0.0570197
-0.0012569
-0.0643673
-0.1110091
-0.1212048
-0.1028608
-0.0870769
-0.0964265
-0.1231542
-0.1421453
-0.1417126
-0.1352147
-0.1417367
-0.1617596
-0.1774340
-0.1747173
-0.1587018
-0.1451095
-0.1418151
-0.1438365
-0.1443656
-0.1438737
-0.1457077
-0.1477723
-0.1448912
-0.1390382
-0.1407246
-0.1555805
-0.1721583
-0.1695519
-0.1401015
-0.1015765
-0.0825310
-0.0948603
-0.1229303
-0.1405211
-0.1366845
-0.1237741
-0.1218921
-0.1381020
-0.1608404
-0.1721171
-0.1636879
-0.1429509
-0.1256750
-0.1231411
-0.1338261
-0.1454738
-0.1458670
-0.1335990
-0.1189471
-0.1131130
-0.1160655
-0.1160451
-0.1019869
-0.0756939
-0.0506970
-0.0397360
-0.0446601
-0.0577499
-0.0698848
-0.0760267
-0.0756655
-0.0723502
-0.0732816
-0.0849137
-0.1048821
-0.1197615
-0.1160803
-0.0959494
-0.0784392
-0.0812295
-0.1016241
-0.1201109
-0.1239786
-0.1230379
-0.1375192
-0.1719806
-0.2070469
-0.2199267
-0.2101043
-0.2003861
-0.2124344
-0.2446229
-0.2754650
-0.2862249
-0.2774904
-0.2650850
-0.2634337
-0.2730703
-0.2801412
-0.2655943
-0.2189178
-0.1495912
-0.0860587
-0.0569333
-0.0664996
-0.0889627
-0.0922769
-0.0706783
-0.0509179
-0.0624490
-0.1023762
-0.1348423
-0.1276710
-0.0865448
-0.0486103
-0.0428764
-0.0617809
-0.0740798
-0.0615120
-0.0366615
-0.0242858
-0.0312249
-0.0406596
-0.0353953
-0.0206153
-0.0182974
-0.0387850
-0.0605545
-0.0395951
0.0612769
0.2500916
0.5052856
0.7891118
1.0591093
1.2728757
1.3931976
1.3987676
1.2950882
1.1153705
0.9080891
0.7181776
0.5720504
0.4719160
0.3996506
0.3289095
0.2421296
0.1436311
0.0576975
0.0096960
0.0041758
0.0195223
0.0250199
0.0052131
-0.0303040
-0.0591540
-0.0673832
-0.0599738
-0.0532939
-0.0592026
-0.0758529
-0.0912908
-0.0941405
-0.0819468
-0.0622301
-0.0471601
-0.0457388
-0.0579800
-0.0747285
-0.0839062
-0.0795779
-0.0671699
-0.0597320
-0.0667500
-0.0843969
-0.0969570
-0.0901007
-0.0646672
-0.0373140
-0.0262101
-0.0348614
-0.0495882
-0.0531307
-0.0412969
-0.0267343
-0.0263497
-0.0445050
-0.0679801
-0.0772664
-0.0632839
-0.0340950
-0.0064331
0.0088511
0.0138668
0.0183879
0.0294019
0.0460159
0.0625366
0.0737248
0.0765269
0.0697663
0.0558897
0.0429082
0.0403662
0.0497902
0.0600431
0.0556918
0.0315428
-0.0026208
-0.0329561
-0.0556632
-0.0779484
-0.1054894
-0.1323846
-0.1461770
-0.1418898
-0.1283437
-0.1198484
-0.1233506
-0.1345708
-0.1448539
-0.1497842
-0.1519536
-0.1575415
-0.1700932
-0.1853906
-0.1921542
-0.1811026
-0.1562031
-0.1352264
-0.1346000
-0.1519968
-0.1670145
-0.1625344
-0.1443206
-0.1353131
-0.1492528
-0.1737099
-0.1829696
-0.1661613
-0.1380495
-0.1212556
-0.1224009
-0.1293065
-0.1288423
-0.1217105
-0.1183115
-0.1244309
-0.1348910
-0.1399305
-0.1340840
-0.1186025
-0.0992488
-0.0845603
-0.0832595
-0.0965687
-0.1085857
-0.0852853
0.0118609
0.2040742
0.4780903
0.7826385
1.0415075
1.1817089
1.1675382
1.0211895
0.8117991
0.6156280
0.4747952
0.3843364
0.3126622
0.2333289
0.1423686
0.0540988
-0.0135940
-0.0516443
-0.0649557
-0.0697419
-0.0829846
-0.1089856
-0.1352332
-0.1452803
-0.1379935
-0.1313155
-0.1432718
-0.1701048
-0.1876245
-0.1764177
-0.1433798
-0.1152550
-0.1113882
-0.1258522
-0.1373383
-0.1335551
-0.1223063
-0.1190049
-0.1274430
-0.1358530
-0.1306375
-0.1109198
-0.0889157
-0.0778995
-0.0809372
-0.0901547
-0.0953043
-0.0929387
-0.0882595
-0.0886172
-0.0951037
-0.1004962
-0.0959173
-0.0800041
-0.0614356
-0.0516984
-0.0546560
-0.0632680
-0.0670781
-0.0628728
-0.0571428
-0.0576185
-0.0632461
-0.0639339
-0.0508023
-0.0261521
-0.0023931
0.0093067
0.0088949
0.0053288
0.0049195
0.0035772
-0.0075252
-0.0290147
-0.0486366
-0.0516235
-0.0356946
-0.0145918
-0.0061662
-0.0168833
-0.0374583
-0.0526676
-0.0551053
-0.0502580
-0.0495001
-0.0587061
-0.0731468
-0.0827205
-0.0821286
-0.0763117
-0.0756473
-0.0851230
-0.0986560
-0.1057281
-0.1041958
-0.1046053
-0.1195629
-0.1492410
-0.1798696
-0.1976200
-0.2022966
-0.2055819
-0.2168706
-0.2338445
-0.2481755
-0.2577402
-0.2688330
-0.2848381
-0.2957350
-0.2831671
-0.2376556
-0.1700038
-0.1052123
-0.0655285
-0.0579293
-0.0735903
-0.0955747
-0.1082002
-0.1047620
-0.0911741
-0.0818580
-0.0877303
-0.1048491
-0.1157953
-0.1055936
-0.0776387
-0.0519721
-0.0458832
-0.0570736
-0.0677051
-0.0640145
-0.0488474
-0.0344697
-0.0272660
-0.0240089
-0.0222240
-0.0275740
-0.0443255
-0.0573032
-0.0277601
0.0865732
0.3019246
0.5934341
0.9037126
1.1646314
1.3188295
1.3365127
1.2263498
1.0337359
0.8206668
0.6358576
0.4958716
0.3902083
0.3016154
0.2212745
0.1489577
0.0863230
0.0351737
0.0000791
-0.0140589
-0.0106158
-0.0041914
-0.0097157
-0.0279566
-0.0455189
-0.0511756
-0.0495962
-0.0557545
-0.0764834
-0.1008258
-0.1100345
-0.0957859
-0.0677239
-0.0447535
-0.0406299
-0.0562271
-0.0812270
-0.1010368
-0.1053510
-0.0953297
-0.0834804
-0.0826171
-0.0920309
-0.0965876
-0.0829050
-0.0558856
-0.0356851
-0.0371299
-0.0547666
-0.0703264
-0.0729844
-0.0688030
-0.0702120
-0.0801499
-0.0896853
-0.0896050
-0.0801863
-0.0685975
-0.0603398
-0.0562921
-0.0558976
-0.0585216
-0.0611997
-0.0596216
-0.0543993
-0.0533934
-0.0627958
-0.0756619
-0.0743823
-0.0488911
-0.0112446
0.0126228
0.0082748
-0.0118141
-0.0208450
-0.0052161
0.0230137
0.0410186
0.0388675
0.0261421
0.0182372
0.0212879
0.0311044
0.0417679
0.0505537
0.0554674
0.0529836
0.0412477
0.0236693
0.0057240
-0.0123711
-0.0365669
-0.0697423
-0.1028951
-0.1196958
-0.1122319
-0.0911296
-0.0778797
-0.0861731
-0.1104091
-0.1317532
-0.1352534
-0.1224494
-0.1090416
-0.1103647
-0.1275708
-0.1465548
-0.1504583
-0.1346823
-0.1111825
-0.0981844
-0.1042902
-0.1212788
-0.1324679
-0.1289188
-0.1177291
-0.1142586
-0.1262778
-0.1457391
-0.1556051
-0.1447708
-0.1177692
-0.0913982
-0.0812248
-0.0889987
-0.1017605
-0.1039698
-0.0919959
-0.0770609
-0.0729909
-0.0803685
-0.0839160
-0.0682190
-0.0375042
-0.0175145
-0.0325456
-0.0760234
-0.1021505
-0.0481657
0.1293186
0.4282216
0.7966209
1.1478002
1.3894887
1.4609803
1.3629616
1.1582085
0.9346944
0.7532167
0.6199614
0.5052418
0.3864244
0.2707707
0.1790778
0.1159722
0.0648861
0.0118059
-0.0347715
-0.0542949
-0.0424526
-0.0220616
-0.0222288
-0.0492057
-0.0817840
-0.0954045
-0.0871388
-0.0750601
-0.0762715
-0.0902109
-0.1033028
-0.1047269
-0.0942751
-0.0781007
-0.0626873
-0.0538941
-0.0566794
-0.0706309
-0.0862919
-0.0908454
-0.0810421
-0.0690250
-0.0708958
-0.0876482
-0.1006046
-0.0899985
-0.0580548
-0.0298199
-0.0288337
-0.0536164
-0.0802677
-0.0872972
-0.0755801
-0.0641311
-0.0693250
-0.0903715
-0.1133497
-0.1252705
-0.1223931
-0.1082606
-0.0892275
-0.0732709
-0.0683436
-0.0763958
-0.0888669
-0.0921607
-0.0801986
-0.0605760
-0.0467386
-0.0444202
-0.0467941
-0.0425532
-0.0273229
-0.0068751
0.0089923
0.0136163
0.0054270
-0.0130210
-0.0348196
-0.0497031
-0.0507423
-0.0421889
-0.0371751
-0.0437675
-0.0544005
-0.0532936
-0.0357192
-0.0167807
-0.0173680
-0.0411971
-0.0688203
-0.0769888
-0.0632492
-0.0487020
-0.0557029
-0.0851112
-0.1170367
-0.1317397
-0.1269036
-0.1159475
-0.1142402
-0.1284495
-0.1548227
-0.1826774
-0.2000717
-0.2015363
-0.1941282
-0.1936254
-0.2089480
-0.2278876
-0.2225269
-0.1752214
-0.1005180
-0.0368488
-0.0127516
-0.0223093
-0.0357865
-0.0322213
-0.0175978
-0.0116151
-0.0222982
-0.0378880
-0.0417102
-0.0295361
-0.0100542
0.0078927
0.0228572
0.0352627
0.0405621
0.0339323
0.0207470
0.0159577
0.0290494
0.0515194
0.0629449
0.0503806
0.0211567
-0.0019263
0.0058557
0.0645509
0.1923718
0.4041711
0.6943731
1.0156141
1.2808092
1.4020311
1.3436372
1.1472152
0.9056500
0.7050990
0.5783554
0.5012035
0.4280231
0.3339419
0.2303546
0.1467746
0.1006021
0.0826778
0.0682832
0.0402876
0.0030481
-0.0240128
-0.0259500
-0.0066002
0.0149340
0.0206925
0.0069923
-0.0157772
-0.0329680
-0.0358873
-0.0270849
-0.0188135
-0.0240375
-0.0444349
-0.0660753
-0.0698163
-0.0490955
-0.0178734
0.0006934
-0.0051735
-0.0265585
-0.0448868
-0.0502152
-0.0465036
-0.0410053
-0.0347288
-0.0264551
-0.0209998
-0.0257277
-0.0380962
-0.0431965
-0.0287917
-0.0011235
0.0188394
0.0163759
-0.0018719
-0.0155653
-0.0124053
0.0002921
0.0061596
-0.0009608
-0.0109232
-0.0087776
0.0114771
0.0444625
0.0796518
0.1067869
0.1185153
0.1137425
0.1002014
0.0903230
0.0905466
0.0938412
0.0851052
0.0568518
0.0198783
-0.0044579
-0.0051536
0.0060827
0.0056697
-0.0189412
-0.0591260
-0.0968206
-0.1223773
-0.1392389
-0.1546098
-0.1703057
-0.1833827
-0.1919319
-0.1963293
-0.1951089
-0.1843752
-0.1653842
-0.1504604
-0.1544654
-0.1772440
-0.1992516
-0.2005776
-0.1836456
-0.1718144
-0.1836017
-0.2115875
-0.2297966
-0.2208142
-0.1927499
-0.1689220
-0.1634742
-0.1700182
-0.1733994
-0.1678613
-0.1604658
-0.1597903
-0.1668477
-0.1770332
-0.1851900
-0.1860357
-0.1743374
-0.1502593
-0.1236697
-0.1079201
-0.1067579
-0.1097488
-0.1043950
-0.0934778
-0.0965178
-0.1282423
-0.1727450
-0.1809475
-0.0976040
0.1046637
0.4094268
0.7614363
1.0812843
1.2869155
1.3256387
1.2050136
0.9947037
0.7859189
0.6339459
0.5308897
0.4321691
0.3103485
0.1831233
0.0895045
0.0439839
0.0212707
-0.0132910
-0.0657986
-0.1119687
-0.1297013
-0.1258760
-0.1280335
-0.1527353
-0.1863751
-0.1990610
-0.1765873
-0.1362790
-0.1100062
-0.1135214
-0.1348023
-0.1504423
-0.1487969
-0.1366246
-0.1279124
-0.1297851
-0.1378123
-0.1419103
-0.1357415
-0.1210755
-0.1047030
-0.0932412
-0.0906276
-0.0965097
-0.1041272
-0.1030996
-0.0897438
-0.0744111
-0.0735299
-0.0917792
-0.1141677
-0.1183646
-0.0958906
-0.0614005
-0.0401986
-0.0446985
-0.0630485
-0.0728699
-0.0657039
-0.0541475
-0.0541890
-0.0655146
-0.0727973
-0.0632630
-0.0388028
-0.0121028
0.0053871
0.0113220
0.0108976
0.0095223
0.0083220
0.0065997
0.0050301
0.0028889
-0.0049931
-0.0221180
-0.0409807
-0.0463923
-0.0316421
-0.0080798
0.0046373
-0.0028596
-0.0214241
-0.0326365
-0.0265362
-0.0112290
-0.0037826
-0.0111587
-0.0236284
-0.0286064
-0.0252344
-0.0203530
-0.0157126
-0.0081403
-0.0008050
-0.0047926
-0.0258416
-0.0543278
-0.0729675
-0.0749551
-0.0730838
-0.0876035
-0.1218214
-0.1532684
-0.1574082
-0.1400170
-0.1353083
-0.1671550
-0.2211043
-0.2616368
-0.2703445
-0.2597509
-0.2543102
-0.2648329
-0.2792746
-0.2743729
-0.2382319
-0.1827370
-0.1311325
-0.0960995
-0.0764654
-0.0699934
-0.0752882
-0.0822305
-0.0774936
-0.0636071
-0.0576664
-0.0663535
-0.0763161
-0.0732388
-0.0553116
-0.0254539
0.0093796
0.0254067
-0.0065303
-0.0814838
