-0.1244924
-0.1397817
-0.1325436
-0.1037970
-0.0769325
-0.0729832
-0.0892470
-0.1051933
-0.1070350
-0.1013416
-0.1029758
-0.1141659
-0.1212733
-0.1128498
-0.0958298
-0.0889839
-0.1009608
-0.1196577
-0.1263932
-0.1182991
-0.1118550
-0.1225943
-0.1446510
-0.1548465
-0.1377793
-0.1037508
-0.0791033
-0.0797066
-0.0969205
-0.1103472
-0.1110888
-0.1085587
-0.1146893
-0.1263360
-0.1279146
-0.1110007
-0.0865336
-0.0739575
-0.0796633
-0.0904653
-0.0899432
-0.0777208
-0.0681007
-0.0699172
-0.0730812
-0.0595953
-0.0265231
0.0073468
0.0205179
0.0117799
0.0001975
0.0023977
0.0142563
0.0180826
0.0054845
-0.0120087
-0.0167127
-0.0057536
0.0054973
0.0005517
-0.0210887
-0.0456955
-0.0620767
-0.0733886
-0.0915285
-0.1216586
-0.1541882
-0.1724889
-0.1683136
-0.1498301
-0.1347093
-0.1348143
-0.1469142
-0.1581905
-0.1606161
-0.1587056
-0.1619725
-0.1711306
-0.1755847
-0.1667905
-0.1512661
-0.1450989
-0.1544044
-0.1661754
-0.1633209
-0.1465348
-0.1341347
-0.1377978
-0.1452376
-0.1353063
-0.1093150
-0.0969402
-0.1222944
-0.1653342
-0.1635758
-0.0547659
0.1830970
0.5282336
0.9342759
1.3374496
1.6492036
1.7692657
1.6385707
1.2949794
0.8697306
0.5104816
0.2908543
0.1836628
0.1140442
0.0346121
-0.0463021
-0.0961789
-0.1042212
-0.0932131
-0.0933667
-0.1128735
-0.1360129
-0.1458464
-0.1438901
-0.1462783
-0.1629144
-0.1838221
-0.1883603
-0.1679328
-0.1374266
-0.1216932
-0.1303810
-0.1483441
-0.1528439
-0.1389081
-0.1241764
-0.1273314
-0.1447969
-0.1530823
-0.1347709
-0.0985035
-0.0699440
-0.0640756
-0.0703222
-0.0666164
-0.0452054
-0.0203960
-0.0101281
-0.0133310
-0.0093211
0.0197548
0.0682564
0.1110868
0.1285109
0.1255076
0.1253793
0.1448838
0.1776765
0.2034550
0.2120254
0.2152445
0.2334719
0.2718497
0.3133062
0.3363364
0.3375396
0.3336458
0.3413069
0.3581041
0.3661943
0.3537146
0.3290837
0.3120896
0.3121266
0.3178026
0.3087532
0.2761386
0.2300198
0.1872670
0.1544998
0.1243175
0.0872691
0.0449960
0.0098273
-0.0082867
-0.0128929
-0.0181918
-0.0354568
-0.0630197
-0.0896049
-0.1063469
-0.1143322
-0.1205652
-0.1283774
-0.1337489
-0.1312688
-0.1219356
-0.1130848
-0.1104759
-0.1123362
-0.1129816
-0.1116314
-0.1146951
-0.1271465
-0.1429195
-0.1477299
-0.1339524
-0.1112651
-0.0990284
-0.1067491
-0.1242159
-0.1332774
-0.1282243
-0.1209880
-0.1250784
-0.1379641
-0.1438289
-0.1336488
-0.1176772
-0.1142339
-0.1280186
-0.1446449
-0.1483651
-0.1411106
-0.1391100
-0.1512267
-0.1662042
-0.1652629
-0.1450318
-0.1226723
-0.1166996
-0.1267142
-0.1363507
-0.1350052
-0.1309074
-0.1391696
-0.1597864
-0.1735665
-0.1625584
-0.1315839
-0.1051491
-0.1022239
-0.1169270
-0.1263629
-0.1160662
-0.0943316
-0.0803750
-0.0811412
-0.0834735
-0.0697846
-0.0385623
-0.0064810
0.0092764
0.0075257
0.0000822
-0.0053231
-0.0142206
-0.0349884
-0.0622226
-0.0767138
-0.0658035
-0.0416626
-0.0337436
-0.0598388
-0.1065463
-0.1422389
-0.1498451
-0.1433225
-0.1492785
-0.1750563
-0.2003901
-0.2019966
-0.1815155
-0.1636247
-0.1673537
-0.1856008
-0.1967493
-0.1923990
-0.1863070
-0.1945118
-0.2130287
-0.2215920
-0.2082724
-0.1839305
-0.1692908
-0.1715971
-0.1788335
-0.1758689
-0.1610429
-0.1451967
-0.1390103
-0.1456247
-0.1626200
-0.1829243
-0.1892853
-0.1516015
-0.0367041
0.1752119
0.4811465
0.8547278
1.2440565
1.5670256
1.7235047
1.6401182
1.3266750
0.8927123
0.4931718
0.2352645
0.1212436
0.0742573
0.0191443
-0.0579739
-0.1201300
-0.1365488
-0.1210231
-0.1147573
-0.1398954
-0.1785153
-0.1983566
-0.1922120
-0.1844637
-0.1987948
-0.2270613
-0.2371616
-0.2108777
-0.1668750
-0.1415827
-0.1503014
-0.1734554
-0.1822352
-0.1716015
-0.1620165
-0.1705351
-0.1881626
-0.1904759
-0.1668240
-0.1319779
-0.1076071
-0.0981178
-0.0901329
-0.0735656
-0.0556672
-0.0501725
-0.0563763
-0.0558570
-0.0322271
0.0095744
0.0476801
0.0663232
0.0709309
0.0791581
0.1001473
0.1264365
0.1459303
0.1573936
0.1706596
0.1929876
0.2198099
0.2413283
0.2556262
0.2705790
0.2914450
0.3103415
0.3130321
0.2970656
0.2791237
0.2798584
0.3011245
0.3216067
0.3172776
0.2845900
0.2408342
0.2027209
0.1694319
0.1296226
0.0815591
0.0393971
0.0168181
0.0088210
-0.0043323
-0.0347247
-0.0732450
-0.1014460
-0.1136653
-0.1218942
-0.1382978
-0.1585909
-0.1676016
-0.1594126
-0.1460001
-0.1435689
-0.1542791
-0.1659928
-0.1687351
-0.1657640
-0.1660035
-0.1699453
-0.1688335
-0.1577177
-0.1437422
-0.1378665
-0.1411779
-0.1444408
-0.1414107
-0.1376107
-0.1424156
-0.1550922
-0.1639351
-0.1602257
-0.1488257
-0.1416200
-0.1428641
-0.1460260
-0.1457234
-0.1474021
-0.1600890
-0.1809651
-0.1933914
-0.1840373
-0.1594883
-0.1411323
-0.1428040
-0.1571273
-0.1664719
-0.1646803
-0.1628996
-0.1729557
-0.1898130
-0.1957511
-0.1815872
-0.1587083
-0.1468055
-0.1520824
-0.1620338
-0.1619405
-0.1516821
-0.1424258
-0.1390674
-0.1321384
-0.1100215
-0.0758409
-0.0471477
-0.0379934
-0.0446453
-0.0512709
-0.0477013
-0.0383612
-0.0341135
-0.0391779
-0.0483312
-0.0545986
-0.0559138
-0.0542631
-0.0523845
-0.0541624
-0.0658068
-0.0913244
-0.1247303
-0.1501529
-0.1545342
-0.1414433
-0.1296897
-0.1359545
-0.1593733
-0.1846080
-0.1989901
-0.2037942
-0.2081772
-0.2155979
-0.2201185
-0.2157026
-0.2050363
-0.1965638
-0.1948130
-0.1970791
-0.1994065
-0.2019040
-0.2058059
-0.2078510
-0.2017294
-0.1855036
-0.1645258
-0.1458832
-0.1331710
-0.1293728
-0.1409960
-0.1707275
-0.2009878
-0.1882142
-0.0814692
0.1468241
0.4835317
0.8800253
1.2656982
1.5570315
1.6715158
1.5611459
1.2522416
0.8509060
0.4910120
0.2566088
0.1428938
0.0872342
0.0350752
-0.0231308
-0.0693048
-0.0957204
-0.1163660
-0.1451080
-0.1750683
-0.1871939
-0.1758240
-0.1578628
-0.1544413
-0.1685991
-0.1856362
-0.1929351
-0.1928875
-0.1943848
-0.1972990
-0.1920869
-0.1745182
-0.1543955
-0.1453617
-0.1488540
-0.1535530
-0.1508994
-0.1455550
-0.1466994
-0.1524478
-0.1494091
-0.1289200
-0.0986165
-0.0740317
-0.0614991
-0.0543187
-0.0448820
-0.0338723
-0.0239440
-0.0095243
0.0191473
0.0610434
0.1001517
0.1211179
0.1262139
0.1316460
0.1481948
0.1716532
0.1938287
0.2159061
0.2440837
0.2750600
0.2953752
0.2986051
0.2962023
0.3038292
0.3196229
0.3251637
0.3106470
0.2911008
0.2896044
0.3070433
0.3177562
0.2981398
0.2527023
0.2057336
0.1714884
0.1417920
0.1040843
0.0621674
0.0311581
0.0155780
0.0021093
-0.0233288
-0.0582333
-0.0887199
-0.1079211
-0.1213794
-0.1339856
-0.1399296
-0.1316762
-0.1150366
-0.1072155
-0.1180984
-0.1388866
-0.1529070
-0.1541144
-0.1499006
-0.1473788
-0.1439277
-0.1343166
-0.1221097
-0.1175781
-0.1245874
-0.1350895
-0.1391365
-0.1365599
-0.1344905
-0.1350693
-0.1313705
-0.1178055
-0.1007504
-0.0941972
-0.1048621
-0.1247857
-0.1397140
-0.1424811
-0.1366471
-0.1292679
-0.1235148
-0.1185881
-0.1139357
-0.1114528
-0.1141801
-0.1238142
-0.1384420
-0.1513114
-0.1532223
-0.1397263
-0.1176289
-0.1020456
-0.1037174
-0.1188449
-0.1334304
-0.1381427
-0.1367219
-0.1382751
-0.1434878
-0.1421949
-0.1254983
-0.0977521
-0.0741739
-0.0667904
-0.0737033
-0.0814615
-0.0765645
-0.0554523
-0.0261987
-0.0019746
0.0090245
0.0098643
0.0110609
0.0185261
0.0254746
0.0194080
-0.0013406
-0.0213705
-0.0231567
-0.0080279
0.0028184
-0.0087492
-0.0372669
-0.0611470
-0.0696157
-0.0752271
-0.0954190
-0.1263940
-0.1438738
-0.1319301
-0.1046545
-0.0928241
-0.1105245
-0.1411858
-0.1582705
-0.1542111
-0.1439556
-0.1430234
-0.1498469
-0.1523526
-0.1460666
-0.1390098
-0.1396021
-0.1463742
-0.1526946
-0.1568245
-0.1609056
-0.1608207
-0.1449839
-0.1093502
-0.0712902
-0.0606835
-0.0917445
-0.1436285
-0.1702589
-0.1281832
0.0059618
0.2390222
0.5673180
0.9642477
1.3587301
1.6390659
1.7015504
1.5169008
1.1589538
0.7645106
0.4517525
0.2609000
0.1588673
0.0916888
0.0314289
-0.0189384
-0.0516628
-0.0734878
-0.0979666
-0.1267883
-0.1471913
-0.1489128
-0.1381687
-0.1306863
-0.1334756
-0.1391164
-0.1388448
-0.1355302
-0.1385739
-0.1483461
-0.1529199
-0.1432179
-0.1264064
-0.1180762
-0.1221779
-0.1256586
-0.1162300
-0.0999744
-0.0939447
-0.1018531
-0.1051891
-0.0838044
-0.0414865
-0.0039919
0.0089402
0.0036282
0.0014804
0.0132060
0.0308795
0.0446461
0.0586624
0.0845178
0.1226140
0.1582267
0.1782571
0.1864023
0.1969327
0.2160844
0.2358433
0.2472469
0.2541655
0.2688409
0.2955568
0.3244030
0.3430817
0.3508347
0.3565948
0.3650135
0.3697970
0.3631882
0.3482989
0.3370492
0.3357077
0.3366000
0.3265288
0.3008781
0.2659551
0.2286645
0.1890406
0.1454007
0.1028510
0.0708300
0.0517065
0.0368113
0.0170497
-0.0058565
-0.0239416
-0.0377525
-0.0590390
-0.0938256
-0.1272841
-0.1344723
-0.1090375
-0.0753590
-0.0658868
-0.0875747
-0.1163171
-0.1255187
-0.1144319
-0.1039374
-0.1082730
-0.1188925
-0.1181402
-0.1022981
-0.0847443
-0.0783784
-0.0822635
-0.0881194
-0.0940547
-0.1050494
-0.1207489
-0.1300074
-0.1221993
-0.1014017
-0.0842620
-0.0828969
-0.0932165
-0.1019874
-0.1026386
-0.1003826
-0.1024720
-0.1081793
-0.1112683
-0.1096246
-0.1076788
-0.1088713
-0.1102784
-0.1081409
-0.1060996
-0.1122472
-0.1265138
-0.1358687
-0.1273605
-0.1051267
-0.0888782
-0.0926052
-0.1082663
-0.1153017
-0.1051550
-0.0902753
-0.0860909
-0.0891796
-0.0803306
-0.0493485
-0.0101009
0.0136352
0.0140662
0.0054116
0.0044725
0.0116399
0.0150849
0.0094380
0.0028531
0.0043556
0.0105173
0.0100820
-0.0006101
-0.0133693
-0.0209040
-0.0283296
-0.0466659
-0.0765034
-0.1041689
-0.1165919
-0.1161795
-0.1166156
-0.1252067
-0.1347193
-0.1349949
-0.1286566
-0.1297409
-0.1461599
-0.1680094
-0.1768932
-0.1656096
-0.1453718
-0.1334396
-0.1367015
-0.1488251
-0.1604532
-0.1680886
-0.1729861
-0.1753472
-0.1725261
-0.1617432
-0.1422662
-0.1159763
-0.0892800
-0.0747874
-0.0856869
-0.1219478
-0.1607242
-0.1639223
-0.0977727
0.0556856
0.3039209
0.6483271
1.0660417
1.4798432
1.7592052
1.7800760
1.5112135
1.0529852
0.5840176
0.2514058
0.0921668
0.0437094
0.0199517
-0.0213934
-0.0710805
-0.1063083
-0.1239471
-0.1387063
-0.1599791
-0.1796410
-0.1833601
-0.1690089
-0.1500240
-0.1411427
-0.1439076
-0.1479328
-0.1449433
-0.1384551
-0.1380799
-0.1459134
-0.1518309
-0.1439926
-0.1225918
-0.1003554
-0.0885706
-0.0849626
-0.0781604
-0.0635150
-0.0504298
-0.0508798
-0.0621005
-0.0651789
-0.0436111
-0.0019546
0.0369090
0.0539467
0.0518933
0.0501084
0.0632659
0.0878490
0.1099955
0.1234112
0.1358741
0.1580447
0.1894963
0.2188513
0.2367698
0.2453793
0.2534961
0.2651136
0.2760951
0.2822565
0.2869563
0.2974920
0.3151235
0.3324991
0.3422550
0.3448942
0.3446632
0.3393542
0.3201576
0.2848207
0.2469179
0.2249638
0.2203263
0.2112826
0.1750217
0.1148069
0.0589145
0.0291430
0.0149281
-0.0140709
-0.0693178
-0.1250034
-0.1447531
-0.1241348
-0.0984149
-0.1047743
-0.1424195
-0.1768453
-0.1818813
-0.1687169
-0.1684224
-0.1915075
-0.2147343
-0.2101859
-0.1794835
-0.1514569
-0.1481529
-0.1621061
-0.1708304
-0.1667463
-0.1635521
-0.1730498
-0.1850533
-0.1778944
-0.1465226
-0.1121156
-0.1002851
-0.1140061
-0.1331403
-0.1391317
-0.1339583
-0.1323895
-0.1406987
-0.1494501
-0.1471953
-0.1353385
-0.1255547
-0.1252749
-0.1309435
-0.1362051
-0.1417799
-0.1527500
-0.1674255
-0.1744573
-0.1644912
-0.1428141
-0.1263289
-0.1267846
-0.1393933
-0.1498694
-0.1508310
-0.1478154
-0.1488124
-0.1517607
-0.1462909
-0.1273419
-0.1028786
-0.0853165
-0.0772290
-0.0697474
-0.0560500
-0.0423299
-0.0408322
-0.0525220
-0.0618047
-0.0522866
-0.0262712
-0.0043640
-0.0042829
-0.0228026
-0.0414079
-0.0482561
-0.0499984
-0.0599782
-0.0786090
-0.0913971
-0.0878470
-0.0776216
-0.0825177
-0.1121409
-0.1517563
-0.1771104
-0.1794106
-0.1721114
-0.1730148
-0.1837740
-0.1904774
-0.1829030
-0.1682017
-0.1627762
-0.1730561
-0.1886873
-0.1956287
-0.1923989
-0.1897874
-0.1952618
-0.2019831
-0.1965012
-0.1762782
-0.1554450
-0.1500606
-0.1586773
-0.1618632
-0.1442767
-0.1156373
-0.1044943
-0.1274931
-0.1662016
-0.1779726
-0.1295891
-0.0154114
0.1596735
0.4061323
0.7406929
1.1382599
1.4973371
1.6747009
1.5790902
1.2451638
0.8167196
0.4504443
0.2232760
0.1147423
0.0596142
0.0092804
-0.0471409
-0.0990385
-0.1357670
-0.1543282
-0.1580075
-0.1543845
-0.1517346
-0.1527134
-0.1527732
-0.1485815
-0.1466354
-0.1574890
-0.1792102
-0.1921476
-0.1768546
-0.1370066
-0.0989616
-0.0859533
-0.0959673
-0.1081171
-0.1076469
-0.0985106
-0.0908491
-0.0834688
-0.0658808
-0.0361365
-0.0083737
0.0022703
-0.0014301
-0.0012531
0.0148108
0.0389343
0.0548817
0.0595481
0.0672538
0.0917703
0.1289551
0.1613858
0.1784758
0.1868966
0.1995382
0.2187058
0.2354629
0.2447058
0.2545032
0.2762610
0.3084922
0.3362865
0.3483023
0.3497930
0.3545593
0.3656986
0.3701596
0.3554398
0.3282957
0.3108867
0.3164925
0.3329044
0.3340128
0.3068683
0.2630584
0.2225285
0.1909701
0.1578285
0.1147645
0.0692530
0.0359367
0.0178135
0.0023050
-0.0224096
-0.0520950
-0.0725282
-0.0793717
-0.0855260
-0.1052364
-0.1346732
-0.1542058
-0.1504355
-0.1312587
-0.1163922
-0.1162153
-0.1244750
-0.1309456
-0.1351561
-0.1433824
-0.1549966
-0.1588193
-0.1462473
-0.1241708
-0.1092752
-0.1093618
-0.1153010
-0.1143097
-0.1074720
-0.1084618
-0.1246370
-0.1447569
-0.1496737
-0.1335927
-0.1102681
-0.0971683
-0.0975762
-0.1019753
-0.1044531
-0.1105393
-0.1255995
-0.1409362
-0.1396002
-0.1173509
-0.0915953
-0.0843222
-0.0982095
-0.1148672
-0.1172815
-0.1088789
-0.1063122
-0.1158876
-0.1237916
-0.1129989
-0.0861202
-0.0652108
-0.0676017
-0.0865857
-0.0999459
-0.0953408
-0.0820948
-0.0769701
-0.0828092
-0.0854799
-0.0711856
-0.0426652
-0.0157371
-0.0015638
0.0037324
0.0106313
0.0212402
0.0275949
0.0246436
0.0194140
0.0232306
0.0369563
0.0486497
0.0469096
0.0335890
0.0209259
0.0169704
0.0164095
0.0072105
-0.0148176
-0.0406390
-0.0579016
-0.0637920
-0.0657711
-0.0715148
-0.0821141
-0.0950209
-0.1089378
-0.1230786
-0.1342354
-0.1380252
-0.1332095
-0.1237121
-0.1163686
-0.1160642
-0.1213986
-0.1255591
-0.1240459
-0.1213413
