-0.0934403
-0.1576766
-0.1184045
-0.0813806
-0.0845711
-0.0851070
-0.0695056
-0.0707041
-0.0892151
-0.0882530
-0.0660522
-0.0592452
-0.0736563
-0.0750314
-0.0506031
-0.0255506
-0.0158295
-0.0105944
-0.0027308
0.0017909
0.0035599
0.0063143
0.0005178
-0.0191785
-0.0303589
-0.0087250
0.0308538
0.0488807
0.0298401
-0.0090824
-0.0490379
-0.0845089
-0.1141206
-0.1376847
-0.1575309
-0.1695177
-0.1631731
-0.1423132
-0.1303466
-0.1412243
-0.1602809
-0.1680492
-0.1678858
-0.1747621
-0.1895788
-0.1992499
-0.1930717
-0.1691484
-0.1344336
-0.1057137
-0.1000237
-0.1181162
-0.1463019
-0.1742777
-0.1953288
-0.1859846
-0.1030006
0.0889473
0.3901315
0.7600516
1.1229317
1.3834558
1.4650550
1.3532243
1.1029719
0.8035836
0.5348393
0.3401206
0.2181637
0.1364565
0.0643807
-0.0023354
-0.0517615
-0.0819421
-0.1060049
-0.1351953
-0.1672748
-0.1906507
-0.1944217
-0.1785772
-0.1589348
-0.1551762
-0.1687692
-0.1810679
-0.1791281
-0.1730360
-0.1784148
-0.1906771
-0.1889633
-0.1628450
-0.1261319
-0.1035706
-0.1066120
-0.1214341
-0.1223084
-0.1007353
-0.0771823
-0.0752287
-0.0880808
-0.0846731
-0.0499853
-0.0049972
0.0192679
0.0169742
0.0095125
0.0188970
0.0461523
0.0745797
0.0909817
0.1017437
0.1245473
0.1641345
0.2043432
0.2288894
0.2410176
0.2535047
0.2671006
0.2723600
0.2701640
0.2764358
0.3024613
0.3385098
0.3622223
0.3613476
0.3456320
0.3345784
0.3327045
0.3217008
0.2841718
0.2315664
0.1954716
0.1883663
0.1862524
0.1585561
0.1054681
0.0543429
0.0238955
0.0039816
-0.0269827
-0.0718935
-0.1086296
-0.1150490
-0.0965917
-0.0822656
-0.0916300
-0.1142201
-0.1282386
-0.1310310
-0.1380391
-0.1548447
-0.1657675
-0.1549593
-0.1284162
-0.1077569
-0.1067430
-0.1195941
-0.1311086
-0.1342388
-0.1353229
-0.1417081
-0.1481280
-0.1420440
-0.1227203
-0.1062361
-0.1065668
-0.1185333
-0.1264237
-0.1247068
-0.1221941
-0.1274533
-0.1372533
-0.1407498
-0.1316848
-0.1152721
-0.1035400
-0.1035794
-0.1116139
-0.1204127
-0.1291353
-0.1402648
-0.1495194
-0.1480167
-0.1358883
-0.1251400
-0.1248201
-0.1298416
-0.1298581
-0.1249903
-0.1264765
-0.1416777
-0.1621303
-0.1693255
-0.1537573
-0.1269812
-0.1108000
-0.1138101
-0.1241261
-0.1277381
-0.1263691
-0.1297416
-0.1357392
-0.1296769
-0.1044458
-0.0727965
-0.0548159
-0.0563178
-0.0633380
-0.0583572
-0.0406290
-0.0278353
-0.0351392
-0.0549301
-0.0632574
-0.0469184
-0.0179050
0.0012352
-0.0001894
-0.0175686
-0.0437692
-0.0769411
-0.1154374
-0.1508772
-0.1708712
-0.1701895
-0.1582714
-0.1521340
-0.1596270
-0.1729352
-0.1819015
-0.1889193
-0.2029247
-0.2208443
-0.2256719
-0.2073402
-0.1787369
-0.1640386
-0.1721529
-0.1865274
-0.1836921
-0.1609556
-0.1423152
-0.1534040
-0.1914636
-0.2243353
-0.2176962
-0.1542640
-0.0234659
0.1930836
0.5048343
0.8739750
1.2042601
1.3845889
1.3578402
1.1567503
0.8765601
0.6098965
0.3999260
0.2437992
0.1258262
0.0379590
-0.0249324
-0.0722912
-0.1114724
-0.1402645
-0.1532147
-0.1531252
-0.1507046
-0.1535079
-0.1598440
-0.1649086
-0.1700029
-0.1821152
-0.2030025
-0.2214201
-0.2217109
-0.2019597
-0.1785706
-0.1684173
-0.1702709
-0.1698747
-0.1607480
-0.1515937
-0.1513409
-0.1538150
-0.1431061
-0.1131012
-0.0774947
-0.0576595
-0.0604327
-0.0703928
-0.0667169
-0.0457765
-0.0220867
-0.0072016
0.0049990
0.0279503
0.0629762
0.0971802
0.1194185
0.1323053
0.1465191
0.1665892
0.1857716
0.1957608
0.1994575
0.2102016
0.2363935
0.2702732
0.2962573
0.3082260
0.3126198
0.3149606
0.3111884
0.2965924
0.2780655
0.2699921
0.2766736
0.2832122
0.2685246
0.2284215
0.1820227
0.1505513
0.1312438
0.1001799
0.0445351
-0.0156203
-0.0468089
-0.0413695
-0.0277822
-0.0388641
-0.0761894
-0.1119131
-0.1234185
-0.1189054
-0.1245860
-0.1499132
-0.1737411
-0.1696469
-0.1399489
-0.1154885
-0.1205018
-0.1457356
-0.1615395
-0.1527226
-0.1334482
-0.1280746
-0.1429641
-0.1605287
-0.1599267
-0.1404471
-0.1216153
-0.1203130
-0.1320101
-0.1382862
-0.1302144
-0.1181378
-0.1172757
-0.1288438
-0.1391517
-0.1355883
-0.1202391
-0.1069239
-0.1059417
-0.1136676
-0.1188934
-0.1181327
-0.1200789
-0.1327427
-0.1502855
-0.1576817
-0.1477166
-0.1292723
-0.1179189
-0.1205413
-0.1299367
-0.1333357
-0.1258201
-0.1154467
-0.1144325
-0.1253363
-0.1377031
-0.1390896
-0.1278544
-0.1143149
-0.1106622
-0.1200308
-0.1337470
-0.1392118
-0.1327684
-0.1250260
-0.1304765
-0.1505710
-0.1697527
-0.1705162
-0.1513125
-0.1279806
-0.1178725
-0.1233097
-0.1305354
-0.1247750
-0.1057224
-0.0865309
-0.0774966
-0.0742799
-0.0650099
-0.0461104
-0.0261195
-0.0141526
-0.0095423
-0.0052531
0.0012852
0.0045276
-0.0009201
-0.0099587
-0.0083489
0.0122751
0.0410982
0.0539854
0.0354650
-0.0064858
-0.0491113
-0.0765432
-0.0910276
-0.1044555
-0.1220838
-0.1360150
-0.1346860
-0.1182793
-0.1025561
-0.1043780
-0.1234157
-0.1415538
-0.1422461
-0.1284571
-0.1192406
-0.1289319
-0.1508425
-0.1619228
-0.1444662
-0.1045020
-0.0684175
-0.0601059
-0.0813842
-0.1145010
-0.1396759
-0.1441134
-0.1123634
-0.0139823
0.1881057
0.5047979
0.8879527
1.2322129
1.4238414
1.4065492
1.2121404
0.9311468
0.6521698
0.4218734
0.2482945
0.1260610
0.0507395
0.0139567
-0.0033862
-0.0233807
-0.0545607
-0.0870618
-0.1076740
-0.1174078
-0.1294461
-0.1503238
-0.1693344
-0.1702836
-0.1509919
-0.1273805
-0.1184436
-0.1288907
-0.1461959
-0.1534270
-0.1450255
-0.1305737
-0.1231719
-0.1247101
-0.1237707
-0.1083445
-0.0798947
-0.0541388
-0.0468437
-0.0573857
-0.0669947
-0.0566206
-0.0279784
-0.0032531
-0.0001611
-0.0096036
-0.0036482
0.0332792
0.0855999
0.1221965
0.1291253
0.1231359
0.1315159
0.1613155
0.1929874
0.2056771
0.2039084
0.2128854
0.2476298
0.2937875
0.3235722
0.3270907
0.3216593
0.3294858
0.3510048
0.3645153
0.3519392
0.3211429
0.2988915
0.3014988
0.3163945
0.3158988
0.2868953
0.2421714
0.2026822
0.1742834
0.1456618
0.1064333
0.0618801
0.0276096
0.0117125
0.0057022
-0.0054296
-0.0265167
-0.0491580
-0.0649422
-0.0766478
-0.0928354
-0.1142599
-0.1307470
-0.1320182
-0.1183970
-0.0998332
-0.0866566
-0.0825219
-0.0845190
-0.0876790
-0.0889194
-0.0882005
-0.0877305
-0.0900883
-0.0950335
-0.0970485
-0.0886203
-0.0691906
-0.0494369
-0.0420956
-0.0478680
-0.0548932
-0.0544539
-0.0528933
-0.0628287
-0.0838511
-0.0982026
-0.0894834
-0.0634197
-0.0448290
-0.0515971
-0.0748556
-0.0898894
-0.0863633
-0.0812142
-0.0969019
-0.1307168
-0.1534660
-0.1408938
-0.1019436
-0.0717647
-0.0772580
-0.1118218
-0.1443754
-0.1514357
-0.1383924
-0.1292135
-0.1380589
-0.1547155
-0.1584266
-0.1424059
-0.1212637
-0.1147279
-0.1268174
-0.1426835
-0.1456083
-0.1354419
-0.1279046
-0.1347818
-0.1477748
-0.1464735
-0.1225654
-0.0912490
-0.0750126
-0.0784330
-0.0839082
-0.0734890
-0.0512615
-0.0397044
-0.0529817
-0.0773902
-0.0830083
-0.0555777
-0.0128549
0.0139359
0.0126142
-0.0003081
-0.0020287
0.0095497
0.0143102
-0.0066711
-0.0498233
-0.0921161
-0.1136561
-0.1153709
-0.1142956
-0.1239272
-0.1422020
-0.1584715
-0.1681991
-0.1773481
-0.1929698
-0.2123486
-0.2232454
-0.2155260
-0.1928926
-0.1720406
-0.1676674
-0.1773362
-0.1833358
-0.1717765
-0.1490608
-0.1370524
-0.1510975
-0.1838049
-0.2112193
-0.2135390
-0.1858031
-0.1242945
-0.0043090
0.2174613
0.5629848
0.9858419
1.3669388
1.5711596
1.5280008
1.2744866
0.9276577
0.6096645
0.3829401
0.2389431
0.1362407
0.0458813
-0.0333949
-0.0911934
-0.1260217
-0.1485455
-0.1695252
-0.1891409
-0.1993071
-0.1953923
-0.1839619
-0.1777063
-0.1832187
-0.1957225
-0.2064332
-0.2128569
-0.2194143
-0.2285057
-0.2338718
-0.2251870
-0.1998041
-0.1688497
-0.1494197
-0.1489702
-0.1580089
-0.1600605
-0.1488793
-0.1338586
-0.1277224
-0.1307806
-0.1294145
-0.1102732
-0.0749773
-0.0398509
-0.0204036
-0.0161606
-0.0121030
0.0042556
0.0291027
0.0479683
0.0544745
0.0601306
0.0831489
0.1281333
0.1788221
0.2123019
0.2205795
0.2172847
0.2223506
0.2410662
0.2603332
0.2655978
0.2583394
0.2542002
0.2649801
0.2854836
0.2990286
0.2942657
0.2749334
0.2531296
0.2346397
0.2131705
0.1800525
0.1377600
0.1004893
0.0800649
0.0729190
0.0628447
0.0366611
-0.0034281
-0.0427736
-0.0689179
-0.0829459
-0.0959383
-0.1145653
-0.1322843
-0.1368653
-0.1257790
-0.1110523
-0.1074394
-0.1174592
-0.1301814
-0.1343957
-0.1305368
-0.1277297
-0.1300580
-0.1295825
-0.1161352
-0.0924926
-0.0745752
-0.0739315
-0.0834869
-0.0855580
-0.0736406
-0.0612235
-0.0658247
-0.0864939
-0.1016550
-0.0912646
-0.0593257
-0.0314808
-0.0295415
-0.0503288
-0.0711182
-0.0741917
-0.0631985
-0.0558447
-0.0641030
-0.0834104
-0.0990380
-0.1002486
-0.0884715
-0.0739524
-0.0659679
-0.0663429
-0.0715551
-0.0792948
-0.0908304
-0.1063246
-0.1195706
-0.1202922
-0.1039065
-0.0791620
-0.0637341
-0.0691466
-0.0893925
-0.1067243
-0.1101090
-0.1059234
-0.1080504
-0.1191584
-0.1262790
-0.1165547
-0.0941946
-0.0778849
-0.0810693
-0.0977988
-0.1104976
-0.1103372
-0.1058898
-0.1098481
-0.1207503
-0.1232446
-0.1071577
-0.0815429
-0.0658391
-0.0684894
-0.0781889
-0.0772698
-0.0612007
-0.0424570
-0.0354748
-0.0401607
-0.0422658
-0.0297716
-0.0066264
0.0114343
0.0137564
0.0052970
-0.0000927
0.0047918
0.0132706
0.0131083
0.0008536
-0.0140303
-0.0208145
-0.0222546
-0.0340171
-0.0667721
-0.1108973
-0.1436273
-0.1529670
-0.1512465
-0.1612031
-0.1890847
-0.2156970
-0.2171484
-0.1927429
-0.1676185
-0.1658792
-0.1849334
-0.2010586
-0.1985677
-0.1861439
-0.1808858
-0.1823499
-0.1717667
-0.1388707
-0.1021540
-0.0941265
-0.1243740
-0.1599810
-0.1439561
-0.0314851
0.1902476
0.5063783
0.8808281
1.2500933
1.5222192
1.6076978
1.4740499
1.1774298
0.8341628
0.5489703
0.3583034
0.2326289
0.1264231
0.0244934
-0.0550364
-0.0934679
-0.0991797
-0.1014522
-0.1214038
-0.1538873
-0.1785340
-0.1850089
-0.1837066
-0.1912386
-0.2087753
-0.2192832
-0.2078779
-0.1817053
-0.1647215
-0.1718554
-0.1924662
-0.2028248
-0.1927885
-0.1751107
-0.1673432
-0.1693428
-0.1639778
-0.1398951
-0.1080445
-0.0907348
-0.0953370
-0.1043876
-0.0950014
-0.0650221
-0.0347336
-0.0223312
-0.0225818
-0.0133208
0.0190132
0.0646845
0.1021735
0.1209164
0.1295462
0.1427407
0.1643429
0.1864246
0.2029424
0.2191740
0.2450659
0.2816381
0.3176686
0.3403883
0.3474423
0.3474032
0.3498776
0.3565648
0.3617881
0.3603397
0.3533786
0.3461003
0.3403579
0.3310870
0.3108734
0.2775857
0.2366298
0.1955891
0.1573915
0.1196104
0.0805873
0.0448561
0.0202036
0.0084643
0.0012562
-0.0124287
-0.0346355
-0.0571673
-0.0726788
-0.0839371
-0.0987531
-0.1168680
-0.1267599
-0.1187009
-0.0989329
-0.0859283
-0.0905416
-0.1032616
-0.1056623
-0.0938083
-0.0845296
-0.0949013
-0.1191168
-0.1321217
-0.1173163
-0.0856939
-0.0636824
-0.0645173
-0.0769108
-0.0826598
-0.0796853
-0.0818228
-0.0970550
-0.1135096
-0.1124866
-0.0924863
-0.0729731
-0.0718616
-0.0845677
-0.0911448
-0.0826781
-0.0735381
-0.0833565
-0.1103772
-0.1296214
-0.1202197
-0.0906246
-0.0712242
-0.0815997
-0.1101005
-0.1292683
-0.1279046
-0.1210961
-0.1274536
-0.1435498
-0.1483049
-0.1315958
-0.1100153
-0.1082033
-0.1279952
-0.1449418
-0.1388076
-0.1206347
-0.1203197
-0.1474637
-0.1745598
-0.1667352
-0.1240807
-0.0843958
-0.0813620
-0.1080063
-0.1288921
-0.1243868
-0.1116434
-0.1175837
-0.1401258
-0.1483274
-0.1218918
-0.0794104
-0.0582025
-0.0700589
-0.0881954
-0.0814587
-0.0525019
-0.0326633
-0.0414521
-0.0620847
-0.0626881
-0.0353776
-0.0047742
0.0027441
-0.0105904
-0.0206196
-0.0135678
-0.0015675
-0.0034070
-0.0185699
-0.0298072
-0.0297344
-0.0341972
-0.0628561
-0.1115716
-0.1531856
-0.1673926
-0.1630357
-0.1652235
-0.1835765
-0.2011843
-0.1973565
-0.1746706
-0.1560801
-0.1566028
-0.1663729
-0.1662364
-0.1543707
-0.1483552
-0.1597076
-0.1745842
-0.1675612
-0.1334821
-0.0981440
-0.0927677
-0.1202126
-0.1498364
-0.1423054
-0.0711333
0.0813363
0.3343181
0.6918089
1.1031079
1.4500873
1.5995075
1.4922158
1.1911622
0.8384864
0.5557566
0.3746833
0.2524632
0.1420345
0.0407975
-0.0237691
-0.0412428
-0.0385384
-0.0528428
-0.0929796
-0.1344727
-0.1512714
-0.1455877
-0.1426539
-0.1592864
-0.1840953
-0.1914845
-0.1716985
-0.1417902
-0.1262231
-0.1311222
-0.1414151
-0.1412609
-0.1314370
-0.1238453
-0.1226806
-0.1174326
-0.0967869
-0.0655237
-0.0420432
-0.0378527
-0.0433918
-0.0382049
-0.0144771
0.0137453
0.0270071
0.0237616
0.0235574
0.0462253
0.0903299
0.1344567
0.1591568
0.1652396
0.1696784
0.1858962
0.2112786
0.2343085
0.2505652
0.2681163
0.2969695
0.3359508
0.3722270
0.3935701
0.3996609
0.4007187
0.4057991
0.4136639
0.4155995
0.4063536
0.3907567
0.3786890
0.3740126
0.3696282
0.3540163
0.3222947
0.2803127
0.2380625
0.2000733
0.1632210
0.1236597
0.0841227
0.0525246
0.0331081
0.0203950
0.0034390
-0.0235125
-0.0550837
-0.0799729
-0.0921248
-0.0963336
-0.1023222
-0.1135779
-0.1232879
-0.1222579
-0.1101045
-0.0968006
-0.0925370
-0.0975781
-0.1038191
-0.1056723
-0.1065844
-0.1128840
-0.1226332
-0.1242693
-0.1086682
-0.0814521
-0.0603268
-0.0585592
-0.0719364
-0.0835406
-0.0813796
-0.0699823
-0.0638377
-0.0702747
-0.0806542
-0.0797132
-0.0631572
-0.0440667
-0.0401223
-0.0546859
-0.0725775
-0.0761915
-0.0650429
-0.0570401
-0.0690659
-0.0972004
-0.1181151
-0.1111793
-0.0791195
-0.0464507
-0.0373638
-0.0547362
-0.0797900
-0.0912220
-0.0845288
-0.0734571
-0.0735055
-0.0847454
-0.0917082
-0.0808119
-0.0569853
-0.0405537
-0.0460354
-0.0655528
-0.0764953
-0.0665276
-0.0481395
-0.0451874
-0.0654781
-0.0902769
-0.0933049
-0.0686735
-0.0372109
-0.0248831
-0.0373321
-0.0570944
-0.0639646
-0.0549578
-0.0437344
-0.0431161
-0.0509615
-0.0533020
-0.0393592
-0.0120416
0.0157703
0.0335813
0.0409968
0.0441353
0.0467833
0.0470960
0.0428152
0.0373516
0.0384168
0.0505398
0.0703789
0.0899185
0.1029439
0.1073154
0.1023390
0.0868168
0.0607916
0.0275862
-0.0074433
-0.0393627
-0.0636307
-0.0754015
-0.0728914
-0.0628126
-0.0587363
-0.0693329
-0.0881571
-0.0991970
-0.0947145
-0.0845287
-0.0836812
-0.0921720
-0.0925656
