-0.0946714
-0.1020204
-0.1013429
-0.0899429
-0.0744649
-0.0647209
-0.0648367
-0.0702979
-0.0738197
-0.0736304
-0.0748912
-0.0825904
-0.0941852
-0.1008779
-0.0966076
-0.0848975
-0.0759295
-0.0768606
-0.0853917
-0.0927348
-0.0923732
-0.0857248
-0.0795574
-0.0782239
-0.0785854
-0.0727907
-0.0564341
-0.0340114
-0.0157518
-0.0085163
-0.0099979
-0.0123174
-0.0108945
-0.0085404
-0.0103654
-0.0160257
-0.0190064
-0.0141724
-0.0049455
-0.0018652
-0.0139018
-0.0411333
-0.0749694
-0.1045158
-0.1235150
-0.1335666
-0.1420927
-0.1558067
-0.1736640
-0.1859336
-0.1826906
-0.1652546
-0.1480223
-0.1459572
-0.1592746
-0.1726693
-0.1718000
-0.1592858
-0.1510312
-0.1558316
-0.1622990
-0.1507975
-0.1189914
-0.0910296
-0.0959311
-0.1348507
-0.1709436
-0.1526271
-0.0468671
0.1475393
0.4100163
0.7089355
0.9972674
1.2071589
1.2690867
1.1546636
0.9064774
0.6194577
0.3820536
0.2263290
0.1279963
0.0482136
-0.0281149
-0.0903938
-0.1269238
-0.1425906
-0.1527954
-0.1670610
-0.1834120
-0.1965532
-0.2061754
-0.2156069
-0.2256020
-0.2327716
-0.2336971
-0.2282810
-0.2187886
-0.2076254
-0.1971545
-0.1901602
-0.1884551
-0.1910772
-0.1952901
-0.1995577
-0.2040474
-0.2074538
-0.2050584
-0.1925392
-0.1722344
-0.1535433
-0.1447850
-0.1443645
-0.1414696
-0.1267884
-0.1024124
-0.0801092
-0.0689953
-0.0649136
-0.0527296
-0.0201683
0.0298972
0.0809075
0.1168716
0.1356538
0.1482765
0.1655737
0.1868210
0.2025255
0.2074294
0.2079769
0.2149693
0.2298151
0.2408545
0.2347099
0.2099054
0.1772740
0.1472691
0.1194884
0.0863989
0.0458568
0.0067123
-0.0194614
-0.0308181
-0.0374772
-0.0511489
-0.0736989
-0.0965200
-0.1103022
-0.1143503
-0.1164262
-0.1244669
-0.1389862
-0.1531084
-0.1594226
-0.1569213
-0.1518094
-0.1517147
-0.1587961
-0.1682675
-0.1736584
-0.1732725
-0.1709364
-0.1703949
-0.1700465
-0.1644455
-0.1509716
-0.1337455
-0.1200443
-0.1133301
-0.1107153
-0.1070467
-0.1002029
-0.0918049
-0.0837702
-0.0755313
-0.0646046
-0.0488058
-0.0277781
-0.0038945
0.0169870
0.0268309
0.0212316
0.0081977
0.0137844
0.0782562
0.2407869
0.5165307
0.8759491
1.2409970
1.5096745
1.6037515
1.5121991
1.2970526
1.0527865
0.8484520
0.6974430
0.5744798
0.4564771
0.3462040
0.2612572
0.2081486
0.1725062
0.1335641
0.0835497
0.0305001
-0.0153967
-0.0539418
-0.0923136
-0.1331455
-0.1687163
-0.1881941
-0.1895351
-0.1828088
-0.1814427
-0.1905428
-0.2038535
-0.2116224
-0.2107898
-0.2072177
-0.2082136
-0.2136344
-0.2153120
-0.2057572
-0.1868973
-0.1690132
-0.1604921
-0.1595239
-0.1572595
-0.1490165
-0.1402710
-0.1395756
-0.1461007
-0.1471367
-0.1303630
-0.0980419
-0.0664930
-0.0502193
-0.0480123
-0.0466431
-0.0373867
-0.0255210
-0.0215514
-0.0253207
-0.0232595
-0.0032937
0.0299585
0.0584045
0.0693779
0.0687349
0.0732019
0.0911751
0.1141718
0.1279138
0.1290440
0.1280301
0.1361079
0.1524099
0.1655868
0.1664140
0.1561376
0.1421756
0.1280696
0.1100207
0.0832504
0.0498540
0.0187443
-0.0024020
-0.0145207
-0.0259243
-0.0434493
-0.0650250
-0.0817813
-0.0880898
-0.0887343
-0.0942829
-0.1086471
-0.1231092
-0.1252549
-0.1137086
-0.1010128
-0.0999283
-0.1089265
-0.1148590
-0.1099381
-0.1015409
-0.1016943
-0.1095021
-0.1103931
-0.0953407
-0.0761313
-0.0748220
-0.0962686
-0.1141726
-0.0860813
0.0197884
0.2120920
0.4807348
0.7985366
1.1116949
1.3391827
1.4040595
1.2844041
1.0382515
0.7708777
0.5661744
0.4402574
0.3541649
0.2658882
0.1694102
0.0897251
0.0493934
0.0445617
0.0503515
0.0437364
0.0195413
-0.0122239
-0.0405043
-0.0640863
-0.0906067
-0.1262848
-0.1666384
-0.1977146
-0.2081658
-0.2013101
-0.1941237
-0.2019111
-0.2231599
-0.2410629
-0.2413591
-0.2276121
-0.2167230
-0.2194118
-0.2280162
-0.2259568
-0.2079361
-0.1869802
-0.1797058
-0.1870953
-0.1936458
-0.1859288
-0.1683296
-0.1571368
-0.1602629
-0.1671097
-0.1607039
-0.1375232
-0.1116496
-0.0988587
-0.0995014
-0.0993287
-0.0859882
-0.0618233
-0.0395226
-0.0271176
-0.0195015
-0.0049003
0.0215994
0.0516908
0.0707257
0.0711094
0.0598291
0.0529523
0.0613167
0.0801325
0.0928881
0.0868889
0.0653831
0.0433668
0.0309724
0.0224906
0.0036557
-0.0306289
-0.0683959
-0.0921594
-0.0972959
-0.0965191
-0.1053076
-0.1246143
-0.1400337
-0.1380405
-0.1212748
-0.1064970
-0.1078304
-0.1231058
-0.1371232
-0.1378495
-0.1286070
-0.1237764
-0.1325736
-0.1479984
-0.1531600
-0.1391328
-0.1156692
-0.1027148
-0.1107636
-0.1304251
-0.1422699
-0.1365734
-0.1221652
-0.1155156
-0.1222913
-0.1309999
-0.1247620
-0.0982724
-0.0627666
-0.0351975
-0.0234380
-0.0215940
-0.0182201
-0.0079613
0.0046979
0.0120426
0.0123056
0.0116967
0.0173828
0.0289666
0.0373872
0.0322925
0.0104802
-0.0222833
-0.0565898
-0.0860866
-0.1100951
-0.1313509
-0.1516017
-0.1684579
-0.1761932
-0.1711230
-0.1576955
-0.1479223
-0.1511098
-0.1625334
-0.1655276
-0.1496396
-0.1271094
-0.1260939
-0.1619750
-0.2145212
-0.2359484
-0.1828635
-0.0404846
0.1798316
0.4551423
0.7519167
1.0140921
1.1668589
1.1534203
0.9796357
0.7203997
0.4731982
0.2969049
0.1884381
0.1104194
0.0346517
-0.0398422
-0.1004035
-0.1407378
-0.1656887
-0.1833021
-0.1984686
-0.2131512
-0.2273655
-0.2379383
-0.2398930
-0.2327652
-0.2244109
-0.2247015
-0.2344756
-0.2437468
-0.2432108
-0.2357115
-0.2328774
-0.2402480
-0.2492681
-0.2467159
-0.2306503
-0.2136185
-0.2090382
-0.2166179
-0.2233567
-0.2181730
-0.2032474
-0.1904489
-0.1884750
-0.1949384
-0.1999813
-0.1956492
-0.1817847
-0.1649230
-0.1528330
-0.1490069
-0.1504461
-0.1504526
-0.1449341
-0.1368692
-0.1338121
-0.1398622
-0.1504255
-0.1564468
-0.1544981
-0.1513441
-0.1565465
-0.1701275
-0.1790622
-0.1678363
-0.1333360
-0.0893380
-0.0560223
-0.0442194
-0.0483847
-0.0536597
-0.0499238
-0.0403216
-0.0371154
-0.0489478
-0.0714118
-0.0902298
-0.0946770
-0.0882950
-0.0854376
-0.0960791
-0.1143138
-0.1234005
-0.1129696
-0.0903009
-0.0734232
-0.0734958
-0.0852677
-0.0946712
-0.0937338
-0.0867008
-0.0829887
-0.0867939
-0.0940898
-0.0974793
-0.0920228
-0.0775870
-0.0586497
-0.0428004
-0.0367390
-0.0405597
-0.0461202
-0.0439902
-0.0336175
-0.0247935
-0.0264414
-0.0342064
-0.0321319
-0.0090122
0.0271404
0.0525021
0.0468086
0.0116534
-0.0263670
-0.0270446
0.0471213
0.2162014
0.4709269
0.7668800
1.0326663
1.1954430
1.2133042
1.0947630
0.8922256
0.6737932
0.4909520
0.3600374
0.2656417
0.1814121
0.0935949
0.0106362
-0.0478822
-0.0724665
-0.0748842
-0.0783840
-0.0971349
-0.1260239
-0.1501863
-0.1620303
-0.1668216
-0.1730491
-0.1814404
-0.1855562
-0.1808683
-0.1698064
-0.1579277
-0.1482542
-0.1407607
-0.1347129
-0.1282995
-0.1169726
-0.0965603
-0.0702392
-0.0494086
-0.0430615
-0.0458404
-0.0406864
-0.0165038
0.0183796
0.0438823
0.0495455
0.0450668
0.0477451
0.0620094
0.0750747
0.0726653
0.0551220
0.0355654
0.0244695
0.0199788
0.0136752
0.0019651
-0.0112198
-0.0210689
-0.0269524
-0.0300780
-0.0300186
-0.0270683
-0.0263883
-0.0348789
-0.0517966
-0.0655917
-0.0643992
-0.0501356
-0.0388568
-0.0446079
-0.0642134
-0.0810055
-0.0839102
-0.0797928
-0.0844372
-0.1028596
-0.1224783
-0.1272605
-0.1159956
-0.1034251
-0.1037428
-0.1161979
-0.1284694
-0.1317787
-0.1292838
-0.1296020
-0.1355523
-0.1418534
-0.1423579
-0.1360824
-0.1255540
-0.1125884
-0.0986223
-0.0876895
-0.0848916
-0.0902201
-0.0962107
-0.0943299
-0.0831828
-0.0683206
-0.0541381
-0.0388851
-0.0195886
0.0001403
0.0116073
0.0133920
0.0226934
0.0734256
0.2005146
0.4196787
0.7125777
1.0241912
1.2774794
1.4045725
1.3803796
1.2352775
1.0344141
0.8378697
0.6724389
0.5335727
0.4076378
0.2898890
0.1849101
0.0970122
0.0249256
-0.0349699
-0.0837104
-0.1196474
-0.1422185
-0.1547132
-0.1634646
-0.1742571
-0.1882756
-0.2009155
-0.2061949
-0.2043819
-0.2044209
-0.2155364
-0.2350507
-0.2473524
-0.2387198
-0.2132776
-0.1909610
-0.1876485
-0.1992066
-0.2079684
-0.2041057
-0.1964391
-0.1999304
-0.2154591
-0.2267159
-0.2179353
-0.1912032
-0.1636927
-0.1497668
-0.1491770
-0.1523561
-0.1528490
-0.1515961
-0.1513042
-0.1512993
-0.1493662
-0.1456125
-0.1413873
-0.1352958
-0.1237975
-0.1069564
-0.0907705
-0.0807219
-0.0738044
-0.0604109
-0.0354284
-0.0048622
0.0212990
0.0416293
0.0648149
0.0969623
0.1300728
0.1473052
0.1407229
0.1209465
0.1061545
0.1019245
0.0950774
0.0693506
0.0256851
-0.0157252
-0.0343262
-0.0290025
-0.0184046
-0.0223543
-0.0436438
-0.0675163
-0.0776090
-0.0717744
-0.0629683
-0.0656441
-0.0814338
-0.0975581
-0.0990138
-0.0829641
-0.0619281
-0.0526938
-0.0612731
-0.0782152
-0.0885448
-0.0858740
-0.0763631
-0.0698351
-0.0694145
-0.0713500
-0.0733677
-0.0792898
-0.0920571
-0.1008827
-0.0756654
0.0235090
0.2248413
0.5216404
0.8601147
1.1496150
1.2988994
1.2641464
1.0773005
0.8284737
0.6097703
0.4628972
0.3715149
0.2979423
0.2237840
0.1572401
0.1102510
0.0792511
0.0517290
0.0255401
0.0131160
0.0240649
0.0480464
0.0597882
0.0413816
-0.0025979
-0.0518001
-0.0888923
-0.1109531
-0.1260489
-0.1428848
-0.1637005
-0.1835001
-0.1939780
-0.1901410
-0.1760811
-0.1640548
-0.1648349
-0.1772195
-0.1887315
-0.1890029
-0.1816893
-0.1800323
-0.1897670
-0.1998402
-0.1938978
-0.1703865
-0.1470441
-0.1429928
-0.1583599
-0.1746884
-0.1751867
-0.1614537
-0.1488951
-0.1483440
-0.1556287
-0.1588239
-0.1517960
-0.1381809
-0.1245059
-0.1136464
-0.1052956
-0.0985232
-0.0906384
-0.0758669
-0.0501703
-0.0187508
0.0048944
0.0111830
0.0053246
0.0030277
0.0143052
0.0335446
0.0471344
0.0488549
0.0442485
0.0398477
0.0326394
0.0141746
-0.0162175
-0.0470440
-0.0655816
-0.0708003
-0.0726922
-0.0797624
-0.0903443
-0.0970451
-0.0969326
-0.0944945
-0.0951513
-0.0988457
-0.1014898
-0.1009503
-0.0991448
-0.0984305
-0.0984655
-0.0980660
-0.0986249
-0.1033343
-0.1128131
-0.1232822
-0.1302644
-0.1334118
-0.1363702
-0.1416549
-0.1467397
-0.1464740
-0.1395558
-0.1313872
-0.1289232
-0.1323857
-0.1335565
-0.1240629
-0.1055964
-0.0904038
-0.0898107
-0.1015643
-0.1093973
-0.0968496
-0.0629996
-0.0248975
-0.0036018
-0.0062223
-0.0201809
-0.0246582
-0.0089927
0.0178174
0.0345261
0.0257458
-0.0048462
-0.0382072
-0.0574779
-0.0627292
-0.0685147
-0.0873717
-0.1169609
-0.1437621
-0.1576329
-0.1605609
-0.1614166
-0.1649935
-0.1683678
-0.1666575
-0.1589572
-0.1475936
-0.1347166
-0.1233105
-0.1207456
-0.1358702
-0.1672687
-0.1929210
-0.1733335
-0.0687507
0.1397770
0.4358706
0.7650523
1.0466710
1.2014336
1.1864816
1.0183928
0.7654900
0.5108040
0.3106565
0.1773745
0.0928844
0.0343638
-0.0110347
-0.0476166
-0.0772227
-0.1000727
-0.1129829
-0.1121213
-0.0994619
-0.0845174
-0.0770840
-0.0777913
-0.0772898
-0.0661925
-0.0457109
-0.0273022
-0.0212207
-0.0261269
-0.0309879
-0.0273130
-0.0188469
-0.0186388
-0.0363055
-0.0680452
-0.0993484
-0.1180429
-0.1249238
-0.1312798
-0.1460028
-0.1660828
-0.1806194
-0.1834407
-0.1798070
-0.1795864
-0.1849609
-0.1872639
-0.1771912
-0.1568338
-0.1391176
-0.1345109
-0.1400929
-0.1437647
-0.1385922
-0.1303443
-0.1296376
-0.1383166
-0.1460301
-0.1408975
-0.1224791
-0.1031155
-0.0962455
-0.1037430
-0.1150589
-0.1186552
-0.1136032
-0.1093396
-0.1142021
-0.1251264
-0.1295132
-0.1174729
-0.0917781
-0.0651537
-0.0479111
-0.0394065
-0.0323978
-0.0242016
-0.0203487
-0.0259011
-0.0356619
-0.0367456
-0.0218765
0.0020165
0.0204784
0.0261620
0.0246095
0.0247308
0.0258292
0.0175967
-0.0059269
-0.0352365
-0.0520342
-0.0478677
-0.0337186
-0.0289228
-0.0413205
-0.0604800
-0.0707869
-0.0688814
-0.0657713
-0.0720936
-0.0844557
-0.0892287
-0.0792722
-0.0634214
-0.0571935
-0.0658831
-0.0801689
-0.0886748
-0.0914354
-0.0980535
-0.1137323
-0.1310391
-0.1378362
-0.1318545
-0.1239726
-0.1256190
-0.1351673
-0.1400731
-0.1327070
-0.1208170
-0.1194458
-0.1331166
-0.1487345
-0.1474756
-0.1228654
-0.0861561
-0.0545141
-0.0356036
-0.0245553
-0.0144251
-0.0062013
-0.0061988
-0.0147066
-0.0205995
-0.0095399
0.0223809
0.0634573
0.0941383
0.0998818
0.0786918
0.0404113
0.0028680
-0.0095787
0.0337176
0.1636268
0.3953034
0.7089297
1.0419868
1.3048689
1.4175434
1.3486473
1.1320398
0.8475480
0.5775114
0.3690832
0.2260461
0.1280143
0.0546424
-0.0040996
-0.0517268
-0.0911625
-0.1251376
-0.1540654
-0.1771030
-0.1954399
-0.2119725
-0.2265091
-0.2336921
-0.2288331
-0.2153992
-0.2032808
-0.1981975
-0.1955302
-0.1874232
-0.1744289
-0.1658795
-0.1672064
-0.1700452
-0.1590714
-0.1292339
-0.0929630
-0.0674678
-0.0562909
-0.0474269
-0.0304937
-0.0110342
-0.0028128
-0.0072628
-0.0071701
0.0149466
0.0545192
0.0860741
0.0883972
0.0658338
0.0415403
0.0305063
0.0236325
0.0012980
-0.0400900
-0.0807093
-0.0982073
-0.0920422
-0.0830186
-0.0898741
-0.1106784
-0.1286570
-0.1328824
-0.1293463
-0.1316320
-0.1439238
-0.1559155
-0.1541291
-0.1360638
-0.1124400
-0.0973170
-0.0974526
-0.1095176
-0.1244789
-0.1344084
-0.1378578
-0.1402618
-0.1476372
-0.1585042
-0.1634677
-0.1550240
-0.1374632
-0.1244157
-0.1247259
-0.1316217
-0.1284064
-0.1061149
-0.0737090
-0.0479870
-0.0338513
-0.0186613
0.0113948
0.0523835
0.0849046
0.0956682
0.0927626
0.0964878
0.1162982
0.1399779
0.1469665
0.1308793
0.1061923
0.0916745
0.0893665
0.0830302
0.0573480
0.0152412
-0.0259798
-0.0535071
-0.0706441
-0.0892496
-0.1134185
-0.1335998
-0.1377924
-0.1269065
-0.1159949
-0.1189818
-0.1345539
-0.1500238
-0.1576090
-0.1621895
-0.1716681
-0.1840034
-0.1883723
-0.1789506
-0.1639973
-0.1587367
-0.1693905
-0.1861771
-0.1938558
-0.1886552
-0.1821612
-0.1873527
-0.2032409
-0.2158995
-0.2135562
-0.1980455
-0.1816489
-0.1749829
-0.1784003
-0.1836813
-0.1833013
-0.1780578
-0.1751598
-0.1790294
-0.1857033
-0.1869979
-0.1784975
-0.1626439
-0.1460127
-0.1346409
-0.1295339
-0.1247955
-0.1124002
-0.0915916
-0.0725002
-0.0676676
-0.0790973
-0.0935743
-0.0895035
-0.0473423
0.0462771
0.2028170
0.4337867
0.7358430
1.0644568
1.3293348
1.4368187
1.3535759
1.1315982
0.8679903
0.6385292
0.4640456
0.3275182
0.2117923
0.1186845
0.0565590
0.0175211
-0.0227465
-0.0771332
-0.1269371
