0.0226187
0.0109608
-0.0053682
-0.0164870
-0.0260245
-0.0472352
-0.0835497
-0.1180935
-0.1281476
-0.1097853
-0.0835385
-0.0734757
-0.0836025
-0.0979816
-0.1019449
-0.0978868
-0.0987490
-0.1105620
-0.1260599
-0.1341049
-0.1301801
-0.1162135
-0.0952356
-0.0717707
-0.0562304
-0.0616988
-0.0905802
-0.1242593
-0.1280504
-0.0662441
0.0877205
0.3488491
0.7128294
1.1365962
1.5266260
1.7637935
1.7645552
1.5358920
1.1750487
0.8095441
0.5258906
0.3418605
0.2314767
0.1646765
0.1231274
0.0920410
0.0548934
0.0041708
-0.0487285
-0.0843064
-0.0980344
-0.1070266
-0.1294763
-0.1609434
-0.1778329
-0.1656158
-0.1379598
-0.1230911
-0.1333702
-0.1539408
-0.1624232
-0.1546496
-0.1465159
-0.1525359
-0.1683493
-0.1765688
-0.1665840
-0.1450996
-0.1280423
-0.1252208
-0.1333248
-0.1411703
-0.1400742
-0.1307795
-0.1223868
-0.1236491
-0.1328545
-0.1363949
-0.1205652
-0.0869949
-0.0545781
-0.0426180
-0.0512176
-0.0606267
-0.0517777
-0.0263636
-0.0044258
-0.0018514
-0.0121277
-0.0120216
0.0145518
0.0589052
0.0941333
0.0998872
0.0816294
0.0653688
0.0720015
0.0960443
0.1111739
0.0988518
0.0707783
0.0594737
0.0843659
0.1292144
0.1568026
0.1464430
0.1138523
0.0921736
0.0961152
0.1087800
0.1034775
0.0737978
0.0390797
0.0226923
0.0294520
0.0447627
0.0515156
0.0443078
0.0289320
0.0128459
-0.0014686
-0.0157602
-0.0318101
-0.0487754
-0.0634754
-0.0723258
-0.0732240
-0.0664113
-0.0544404
-0.0419098
-0.0346064
-0.0366522
-0.0463315
-0.0552878
-0.0550721
-0.0467295
-0.0421297
-0.0519367
-0.0712460
-0.0805261
-0.0644477
-0.0293915
0.0008614
0.0079640
-0.0044046
-0.0176547
-0.0191524
-0.0127709
-0.0100150
-0.0157555
-0.0253021
-0.0321146
-0.0333705
-0.0281503
-0.0156226
0.0013391
0.0137512
0.0132918
0.0022398
-0.0079294
-0.0108371
-0.0146697
-0.0318439
-0.0592918
-0.0754500
-0.0621991
-0.0280251
-0.0033955
-0.0104700
-0.0403623
-0.0637957
-0.0629374
-0.0485970
-0.0451651
-0.0626718
-0.0874588
-0.0987749
-0.0897381
-0.0705604
-0.0553936
-0.0505814
-0.0547471
-0.0646593
-0.0772060
-0.0877450
-0.0914813
-0.0884698
-0.0849027
-0.0866506
-0.0919074
-0.0927348
-0.0848072
-0.0737310
-0.0696322
-0.0758785
-0.0852059
-0.0878498
-0.0822425
-0.0763027
-0.0785374
-0.0892045
-0.1003980
-0.1034152
-0.0950754
-0.0781432
-0.0582805
-0.0416637
-0.0333217
-0.0341573
-0.0383639
-0.0362983
-0.0233719
-0.0066650
0.0001626
-0.0084152
-0.0203489
-0.0146239
0.0174794
0.0597201
0.0824656
0.0698833
0.0360389
0.0122753
0.0172161
0.0393584
0.0497304
0.0310680
-0.0065232
-0.0380850
-0.0492855
-0.0476836
-0.0502030
-0.0633798
-0.0785416
-0.0847831
-0.0823711
-0.0811894
-0.0883809
-0.1013958
-0.1134875
-0.1220646
-0.1282592
-0.1301087
-0.1217281
-0.1023119
-0.0829232
-0.0784787
-0.0908047
-0.1034084
-0.0982053
-0.0779734
-0.0677050
-0.0892194
-0.1339757
-0.1629632
-0.1338585
-0.0269598
0.1543370
0.4014352
0.7086282
1.0570251
1.3925011
1.6293328
1.6890765
1.5488657
1.2605786
0.9243112
0.6349273
0.4384564
0.3240287
0.2496674
0.1785568
0.1001386
0.0260578
-0.0290035
-0.0626582
-0.0850562
-0.1080785
-0.1357996
-0.1637983
-0.1847350
-0.1934062
-0.1886129
-0.1739250
-0.1580974
-0.1519713
-0.1605864
-0.1769359
-0.1863763
-0.1807342
-0.1680589
-0.1652697
-0.1790722
-0.1958200
-0.1936262
-0.1656545
-0.1294608
-0.1110223
-0.1195336
-0.1393717
-0.1469799
-0.1339084
-0.1123582
-0.1000855
-0.1027068
-0.1106915
-0.1103137
-0.0950344
-0.0679518
-0.0374572
-0.0124558
0.0008947
0.0023778
-0.0004033
0.0043160
0.0230049
0.0493263
0.0677403
0.0675109
0.0544313
0.0475180
0.0620090
0.0944116
0.1245547
0.1333884
0.1196437
0.0993938
0.0895270
0.0921240
0.0951758
0.0875144
0.0710625
0.0575233
0.0544677
0.0570498
0.0540543
0.0403245
0.0212703
0.0054178
-0.0052649
-0.0162636
-0.0330724
-0.0552800
-0.0784679
-0.0995119
-0.1174875
-0.1300996
-0.1328511
-0.1243831
-0.1115806
-0.1061463
-0.1141348
-0.1294920
-0.1395292
-0.1373488
-0.1283346
-0.1240584
-0.1303549
-0.1419775
-0.1484576
-0.1440107
-0.1315792
-0.1188276
-0.1118249
-0.1120058
-0.1167229
-0.1211445
-0.1209255
-0.1157534
-0.1110822
-0.1140569
-0.1249222
-0.1328151
-0.1238209
-0.0963453
-0.0672382
-0.0582863
-0.0742906
-0.0968277
-0.1032139
-0.0913090
-0.0815652
-0.0922399
-0.1155268
-0.1234248
-0.0987846
-0.0568985
-0.0321531
-0.0434540
-0.0763327
-0.1005627
-0.1021268
-0.0939710
-0.0964489
-0.1127960
-0.1274789
-0.1261571
-0.1118986
-0.0999578
-0.1000268
-0.1075961
-0.1123779
-0.1110893
-0.1091716
-0.1118414
-0.1176574
-0.1222494
-0.1252595
-0.1299186
-0.1360961
-0.1377285
-0.1300194
-0.1177607
-0.1126162
-0.1202344
-0.1320534
-0.1332610
-0.1196779
-0.1041594
-0.1035431
-0.1197112
-0.1363589
-0.1357647
-0.1169062
-0.0949542
-0.0839282
-0.0829201
-0.0803517
-0.0690357
-0.0538310
-0.0447305
-0.0455840
-0.0512949
-0.0538158
-0.0476948
-0.0305416
-0.0029878
0.0283700
0.0504872
0.0520614
0.0347551
0.0136856
0.0034741
0.0040934
0.0029365
-0.0090390
-0.0262869
-0.0358697
-0.0338621
-0.0310206
-0.0411507
-0.0661911
-0.0947128
-0.1136777
-0.1191586
-0.1163634
-0.1132170
-0.1158767
-0.1270972
-0.1439520
-0.1566980
-0.1544330
-0.1358107
-0.1133367
-0.1035557
-0.1113662
-0.1252930
-0.1294545
-0.1193984
-0.1051130
-0.0996618
-0.1071973
-0.1219134
-0.1348195
-0.1372771
-0.1169030
-0.0519477
0.0872768
0.3260661
0.6642828
1.0561721
1.4085844
1.6125164
1.5999079
1.3884825
1.0749784
0.7750137
0.5551576
0.4108191
0.3005751
0.1963851
0.1020625
0.0327861
-0.0112803
-0.0462787
-0.0846300
-0.1209535
-0.1398987
-0.1350991
-0.1180836
-0.1090349
-0.1195852
-0.1436529
-0.1639495
-0.1682828
-0.1612257
-0.1597443
-0.1754689
-0.2003939
-0.2118672
-0.1941791
-0.1555017
-0.1218873
-0.1137607
-0.1289924
-0.1486075
-0.1562819
-0.1505159
-0.1406963
-0.1363159
-0.1407079
-0.1503100
-0.1559479
-0.1473545
-0.1223351
-0.0928944
-0.0775044
-0.0829236
-0.0954206
-0.0948185
-0.0776282
-0.0610150
-0.0602420
-0.0662324
-0.0530582
-0.0093477
0.0440702
0.0738615
0.0700618
0.0566829
0.0650777
0.1010041
0.1414702
0.1616356
0.1599414
0.1563041
0.1701814
0.2036768
0.2435089
0.2743290
0.2891893
0.2915726
0.2913365
0.2973400
0.3097467
0.3184510
0.3121675
0.2912826
0.2695816
0.2597419
0.2570836
0.2411859
0.1963215
0.1295119
0.0658638
0.0251056
0.0039439
-0.0173784
-0.0521607
-0.0928684
-0.1198238
-0.1223185
-0.1094990
-0.1009378
-0.1080863
-0.1252455
-0.1372667
-0.1349649
-0.1236609
-0.1180835
-0.1290141
-0.1531673
-0.1744873
-0.1761987
-0.1547897
-0.1244720
-0.1065425
-0.1109280
-0.1270034
-0.1346760
-0.1260195
-0.1138387
-0.1160027
-0.1327071
-0.1442809
-0.1338082
-0.1079004
-0.0895806
-0.0912451
-0.1013777
-0.1018823
-0.0929916
-0.0916223
-0.1040413
-0.1105220
-0.0873899
-0.0422901
-0.0156746
-0.0388353
-0.0923244
-0.1113971
-0.0332495
0.1621798
0.4508148
0.7869656
1.1153961
1.3681306
1.4734375
1.3922482
1.1548537
0.8550364
0.5954059
0.4271228
0.3334662
0.2642816
0.1843810
0.0954152
0.0219994
-0.0169898
-0.0258251
-0.0271666
-0.0426958
-0.0760321
-0.1115076
-0.1294491
-0.1248057
-0.1123834
-0.1133348
-0.1351080
-0.1640273
-0.1778864
-0.1663971
-0.1399944
-0.1195591
-0.1179350
-0.1305345
-0.1424403
-0.1439875
-0.1395431
-0.1409098
-0.1520549
-0.1617686
-0.1538641
-0.1253801
-0.0924036
-0.0751399
-0.0774498
-0.0839519
-0.0786069
-0.0632772
-0.0537497
-0.0575152
-0.0610384
-0.0442173
-0.0060107
0.0307690
0.0435511
0.0351202
0.0292962
0.0421969
0.0640119
0.0732364
0.0654038
0.0606137
0.0800495
0.1195253
0.1521139
0.1573538
0.1429812
0.1343083
0.1447329
0.1621147
0.1654048
0.1500655
0.1324008
0.1295434
0.1398409
0.1457272
0.1338748
0.1085321
0.0838597
0.0661817
0.0477713
0.0188221
-0.0175698
-0.0456395
-0.0525279
-0.0420095
-0.0316603
-0.0364980
-0.0554857
-0.0738029
-0.0782524
-0.0704917
-0.0647093
-0.0717798
-0.0863413
-0.0912585
-0.0759402
-0.0492793
-0.0322961
-0.0369174
-0.0533667
-0.0607700
-0.0503251
-0.0351632
-0.0348431
-0.0516481
-0.0665314
-0.0603569
-0.0361614
-0.0164579
-0.0186653
-0.0371073
-0.0518761
-0.0532754
-0.0526081
-0.0664468
-0.0931339
-0.1103014
-0.0983248
-0.0639010
-0.0363060
-0.0390142
-0.0669792
-0.0937044
-0.0997270
-0.0915742
-0.0915543
-0.1107249
-0.1353756
-0.1420951
-0.1244219
-0.1007063
-0.0939837
-0.1069188
-0.1206978
-0.1187144
-0.1067578
-0.1056379
-0.1248623
-0.1487368
-0.1522620
-0.1293611
-0.1008323
-0.0923101
-0.1072600
-0.1256202
-0.1283414
-0.1181984
-0.1133294
-0.1232464
-0.1368054
-0.1357073
-0.1166421
-0.0961221
-0.0929162
-0.1083101
-0.1258934
-0.1300069
-0.1216199
-0.1146937
-0.1187901
-0.1282797
-0.1294929
-0.1166542
-0.0987580
-0.0904858
-0.0974256
-0.1112785
-0.1197149
-0.1197634
-0.1197198
-0.1274054
-0.1385219
-0.1394108
-0.1221880
-0.0955062
-0.0782451
-0.0819423
-0.1002582
-0.1165185
-0.1210075
-0.1190826
-0.1215550
-0.1292919
-0.1310145
-0.1175301
-0.0952735
-0.0819540
-0.0881650
-0.1059279
-0.1177199
-0.1159800
-0.1106526
-0.1157612
-0.1305956
-0.1383577
-0.1251757
-0.0976078
-0.0773154
-0.0782761
-0.0928357
-0.1022980
-0.0986347
-0.0916790
-0.0945960
-0.1062015
-0.1114040
-0.0988299
-0.0744745
-0.0554160
-0.0514149
-0.0560280
-0.0564995
-0.0489628
-0.0404071
-0.0366019
-0.0325943
-0.0182769
0.0077944
0.0337439
0.0458065
0.0434974
0.0404228
0.0482061
0.0614108
0.0622826
0.0419810
0.0143303
0.0044759
0.0227002
0.0513811
0.0601241
0.0345743
-0.0099632
-0.0436122
-0.0504515
-0.0422063
-0.0442597
-0.0688522
-0.1022345
-0.1177158
-0.1013295
-0.0658000
-0.0401305
-0.0443236
-0.0721763
-0.0981639
-0.1020260
-0.0869350
-0.0730258
-0.0736953
-0.0806767
-0.0743901
-0.0482709
-0.0200023
-0.0158255
-0.0420527
-0.0711894
-0.0553724
0.0463508
0.2497821
0.5438416
0.8940595
1.2417898
1.5073950
1.6124961
1.5188700
1.2577779
0.9216696
0.6166544
0.4066202
0.2888815
0.2168020
0.1469261
0.0703980
0.0066797
-0.0266923
-0.0356651
-0.0433782
-0.0662884
-0.0990145
-0.1229791
-0.1283040
-0.1248578
-0.1308270
-0.1519499
-0.1743039
-0.1781721
-0.1581722
-0.1293815
-0.1139741
-0.1213407
-0.1401393
-0.1497438
-0.1405691
-0.1234526
-0.1179297
-0.1306027
-0.1463125
-0.1426535
-0.1137207
-0.0779019
-0.0601574
-0.0665665
-0.0786811
-0.0746596
-0.0539745
-0.0373449
-0.0415438
-0.0581640
-0.0611390
-0.0347769
0.0087402
0.0409128
0.0446245
0.0295243
0.0209070
0.0347125
0.0636173
0.0865548
0.0904495
0.0821488
0.0800175
0.0951260
0.1208747
0.1403322
0.1431912
0.1352301
0.1307781
0.1363509
0.1435694
0.1395540
0.1229659
0.1071167
0.1064977
0.1216880
0.1384440
0.1409062
0.1252079
0.1011759
0.0820804
0.0729065
0.0677297
0.0574902
0.0398363
0.0215705
0.0117465
0.0120623
0.0138049
0.0053193
-0.0160194
-0.0397178
-0.0521853
-0.0514341
-0.0495182
-0.0584450
-0.0751160
-0.0832315
-0.0709602
-0.0450847
-0.0260815
-0.0290694
-0.0500795
-0.0710571
-0.0776039
-0.0711087
-0.0640660
-0.0654078
-0.0716790
-0.0717904
-0.0591195
-0.0391487
-0.0258057
-0.0290928
-0.0445881
-0.0559503
-0.0505313
-0.0333236
-0.0232291
-0.0334693
-0.0563696
-0.0696245
-0.0585664
-0.0314713
-0.0116421
-0.0141968
-0.0318407
-0.0445098
-0.0419469
-0.0343792
-0.0402345
-0.0651346
-0.0946903
-0.1078446
-0.0968923
-0.0750019
-0.0642633
-0.0751730
-0.0971860
-0.1104194
-0.1071488
-0.1000913
-0.1078165
-0.1330299
-0.1579148
-0.1619966
-0.1433176
-0.1203737
-0.1132475
-0.1244885
-0.1396152
-0.1447497
-0.1405673
-0.1383398
-0.1456848
-0.1591640
-0.1692132
-0.1688783
-0.1581314
-0.1434021
-0.1341295
-0.1365437
-0.1477959
-0.1572600
-0.1566411
-0.1495444
-0.1487468
-0.1615594
-0.1783293
-0.1787324
-0.1522171
-0.1113757
-0.0820489
-0.0790778
-0.0931735
-0.1019410
-0.0918725
-0.0690354
-0.0509975
-0.0503672
-0.0641472
-0.0760339
-0.0697709
-0.0438232
-0.0146143
-0.0032992
-0.0164516
-0.0392157
-0.0494403
-0.0403868
-0.0286072
-0.0367279
-0.0680271
-0.1012626
-0.1131257
-0.1035447
-0.0950206
-0.1075729
-0.1383532
-0.1669808
-0.1774636
-0.1723358
-0.1672891
-0.1752459
-0.1957147
-0.2167097
-0.2248268
-0.2147232
-0.1926001
-0.1726890
-0.1677903
-0.1783905
-0.1900266
-0.1855489
-0.1636641
-0.1439865
-0.1500848
-0.1860294
-0.2296579
-0.2476088
-0.2151471
-0.1218743
0.0380647
0.2747728
0.5931583
0.9673658
1.3242176
1.5619919
1.6022608
1.4389666
1.1449147
0.8279067
0.5688420
0.3876526
0.2581018
0.1500620
0.0568773
-0.0127844
-0.0585120
-0.0943870
-0.1328006
-0.1703919
-0.1948638
-0.2023990
-0.2029590
-0.2080024
-0.2171462
-0.2204189
-0.2129123
-0.2031699
-0.2042597
-0.2184519
-0.2348203
-0.2420637
-0.2392297
-0.2319314
-0.2226545
-0.2098099
-0.1947097
-0.1838508
-0.1819864
-0.1852446
-0.1838856
-0.1726707
-0.1576224
-0.1505354
-0.1553365
-0.1612660
-0.1526405
-0.1258988
-0.0944689
-0.0754892
-0.0733333
-0.0772771
-0.0738813
-0.0601154
-0.0444598
-0.0357567
-0.0318647
-0.0211738
0.0038902
0.0373421
0.0659760
0.0832681
0.0936636
0.1043431
0.1170750
0.1287924
0.1365539
0.1401752
0.1422300
0.1473771
0.1603958
0.1823162
0.2072204
0.2241099
0.2255933
0.2173447
0.2160176
0.2319005
0.2535742
0.2566957
0.2315382
0.1960491
0.1752677
0.1705029
0.1562426
0.1093209
0.0365445
-0.0304772
-0.0674188
-0.0811346
-0.0991751
-0.1366924
-0.1788116
-0.1989085
-0.1900228
-0.1717668
-0.1674192
-0.1810911
-0.1988529
-0.2064789
-0.2028135
-0.1990137
-0.2075151
-0.2300798
-0.2549418
-0.2663783
-0.2575878
-0.2346858
-0.2107705
-0.1974917
-0.1984572
-0.2065538
-0.2097343
-0.2036030
-0.1971270
-0.2025424
-0.2207395
-0.2391954
-0.2429836
-0.2267733
-0.1996489
-0.1799353
-0.1801777
-0.1935768
-0.1997752
-0.1879495
-0.1694507
-0.1627467
-0.1698589
-0.1735337
-0.1569773
-0.1240259
-0.1001936
-0.1100853
-0.1448596
-0.1502915
-0.0568025
0.1691226
0.4980991
0.8524682
1.1392423
1.2818690
1.2509619
1.0818732
0.8540142
0.6404531
0.4736128
0.3500855
0.2513705
0.1589470
0.0674412
-0.0097860
-0.0599368
-0.0955977
-0.1406395
-0.1885600
