0.0016356
-0.0045517
-0.0252758
-0.0456833
-0.0497645
-0.0365187
-0.0204922
-0.0175342
-0.0306407
-0.0488051
-0.0585132
-0.0563728
-0.0513469
-0.0549876
-0.0691613
-0.0833304
-0.0845510
-0.0706296
-0.0530375
-0.0461843
-0.0538805
-0.0669772
-0.0741961
-0.0738798
-0.0737659
-0.0797790
-0.0874688
-0.0865379
-0.0734449
-0.0572349
-0.0511894
-0.0592547
-0.0725086
-0.0795585
-0.0787464
-0.0781336
-0.0838433
-0.0912554
-0.0900910
-0.0775011
-0.0631692
-0.0595463
-0.0680650
-0.0773866
-0.0760837
-0.0655916
-0.0589235
-0.0665711
-0.0848858
-0.0990386
-0.0969837
-0.0801207
-0.0609855
-0.0517316
-0.0550312
-0.0647258
-0.0733658
-0.0782967
-0.0812565
-0.0837111
-0.0839002
-0.0788659
-0.0689795
-0.0595632
-0.0570102
-0.0626651
-0.0707360
-0.0731943
-0.0676862
-0.0607260
-0.0622103
-0.0756526
-0.0934337
-0.1023482
-0.0949992
-0.0765418
-0.0602808
-0.0561526
-0.0628652
-0.0707666
-0.0720580
-0.0680457
-0.0664054
-0.0715896
-0.0785635
-0.0768766
-0.0614640
-0.0390660
-0.0229195
-0.0203286
-0.0256600
-0.0263102
-0.0157658
-0.0001547
0.0086648
0.0061568
0.0004001
0.0039602
0.0207873
0.0415350
0.0517811
0.0448096
0.0268537
0.0106680
0.0042466
0.0051540
0.0048590
-0.0020368
-0.0128977
-0.0208091
-0.0223691
-0.0210635
-0.0230917
-0.0309693
-0.0421404
-0.0532535
-0.0640287
-0.0759729
-0.0883037
-0.0968652
-0.0975660
-0.0902229
-0.0789208
-0.0694361
-0.0661309
-0.0690403
-0.0720406
-0.0658119
-0.0473828
-0.0285312
-0.0298981
-0.0593987
-0.0942044
-0.0889759
-0.0079295
0.1500574
0.3595201
0.5981265
0.8588533
1.1251670
1.3386865
1.4085337
1.2719543
0.9557144
0.5753024
0.2634779
0.0870541
0.0213882
-0.0038206
-0.0377646
-0.0808654
-0.1092026
-0.1134069
-0.1096216
-0.1179491
-0.1388747
-0.1549166
-0.1526446
-0.1379575
-0.1281814
-0.1323846
-0.1432361
-0.1480467
-0.1441025
-0.1404330
-0.1458930
-0.1588823
-0.1696690
-0.1702779
-0.1600477
-0.1434057
-0.1260617
-0.1139750
-0.1119295
-0.1189662
-0.1259471
-0.1219991
-0.1057980
-0.0884060
-0.0818205
-0.0849185
-0.0836481
-0.0663631
-0.0366541
-0.0084670
0.0103706
0.0261292
0.0494422
0.0806468
0.1086718
0.1247204
0.1338008
0.1500569
0.1812268
0.2196814
0.2493009
0.2601805
0.2563094
0.2501343
0.2507325
0.2565162
0.2576875
0.2453759
0.2199640
0.1920246
0.1744808
0.1716121
0.1744361
0.1677645
0.1435673
0.1081791
0.0759966
0.0557126
0.0428359
0.0256875
-0.0018043
-0.0335926
-0.0571705
-0.0649955
-0.0606826
-0.0553441
-0.0586760
-0.0724059
-0.0899590
-0.1014481
-0.1008751
-0.0914402
-0.0844319
-0.0903307
-0.1082018
-0.1241012
-0.1228739
-0.1036690
-0.0828713
-0.0792017
-0.0949498
-0.1132537
-0.1152080
-0.0988976
-0.0799194
-0.0734101
-0.0780002
-0.0790460
-0.0660573
-0.0439575
-0.0265770
-0.0215693
-0.0241133
-0.0247289
-0.0204481
-0.0167899
-0.0200821
-0.0300432
-0.0403378
-0.0449973
-0.0431900
-0.0383549
-0.0341603
-0.0318862
-0.0310259
-0.0314343
-0.0343576
-0.0412165
-0.0514444
-0.0619266
-0.0690915
-0.0716156
-0.0707725
-0.0683662
-0.0652893
-0.0624718
-0.0619154
-0.0649501
-0.0694948
-0.0712617
-0.0694149
-0.0697744
-0.0792206
-0.0956204
-0.1058298
-0.0974583
-0.0735034
-0.0526913
-0.0525559
-0.0721093
-0.0927809
-0.0968920
-0.0842747
-0.0705907
-0.0708240
-0.0855312
-0.1021301
-0.1074893
-0.0988411
-0.0842896
-0.0745308
-0.0738849
-0.0779639
-0.0794927
-0.0768273
-0.0764309
-0.0854108
-0.1010478
-0.1099500
-0.1007045
-0.0776611
-0.0591887
-0.0597975
-0.0750303
-0.0867302
-0.0834579
-0.0728624
-0.0718069
-0.0859618
-0.1026586
-0.1048503
-0.0895100
-0.0697362
-0.0597988
-0.0614189
-0.0657676
-0.0659651
-0.0640770
-0.0658503
-0.0717117
-0.0751643
-0.0691820
-0.0523503
-0.0289195
-0.0049235
0.0145982
0.0261638
0.0286276
0.0247551
0.0206037
0.0208880
0.0240219
0.0229304
0.0124003
-0.0040726
-0.0158109
-0.0145337
-0.0028702
0.0070255
0.0040035
-0.0124486
-0.0327729
-0.0470529
-0.0535605
-0.0577475
-0.0642393
-0.0717103
-0.0758088
-0.0749421
-0.0710300
-0.0653119
-0.0565717
-0.0451382
-0.0360450
-0.0339702
-0.0347424
-0.0271784
-0.0084519
0.0048664
-0.0095312
-0.0484349
-0.0694624
-0.0188745
0.1221752
0.3242600
0.5479483
0.7891771
1.0701753
1.3752272
1.6057456
1.6251777
1.3712353
0.9289550
0.4833481
0.1873012
0.0652535
0.0339619
0.0030399
-0.0510997
-0.0975772
-0.1114815
-0.1059344
-0.1096890
-0.1306348
-0.1514060
-0.1551192
-0.1444368
-0.1337218
-0.1309212
-0.1334046
-0.1374168
-0.1431311
-0.1490092
-0.1482915
-0.1370327
-0.1231880
-0.1210185
-0.1342917
-0.1491769
-0.1479526
-0.1287492
-0.1079356
-0.1020620
-0.1103352
-0.1170482
-0.1094043
-0.0897271
-0.0702487
-0.0592710
-0.0543279
-0.0466892
-0.0294017
-0.0012552
0.0337635
0.0689081
0.0981659
0.1200590
0.1386379
0.1595001
0.1842106
0.2094433
0.2320716
0.2537830
0.2788288
0.3071769
0.3317751
0.3441076
0.3421267
0.3317918
0.3211099
0.3135832
0.3069658
0.2964381
0.2780672
0.2508200
0.2176382
0.1849535
0.1592104
0.1417909
0.1270164
0.1062864
0.0754351
0.0385708
0.0046959
-0.0196419
-0.0348261
-0.0461291
-0.0577588
-0.0687987
-0.0747206
-0.0730420
-0.0676185
-0.0664911
-0.0741422
-0.0859543
-0.0922980
-0.0896110
-0.0861927
-0.0942069
-0.1149325
-0.1339696
-0.1337665
-0.1115239
-0.0833648
-0.0697034
-0.0766737
-0.0921665
-0.0990348
-0.0908297
-0.0751658
-0.0641679
-0.0631524
-0.0672341
-0.0665670
-0.0548248
-0.0348678
-0.0175066
-0.0132736
-0.0231177
-0.0368204
-0.0419679
-0.0354257
-0.0256175
-0.0231226
-0.0296244
-0.0368284
-0.0358462
-0.0265659
-0.0176353
-0.0182045
-0.0300255
-0.0463088
-0.0570564
-0.0566421
-0.0487182
-0.0441570
-0.0515765
-0.0676979
-0.0783796
-0.0722063
-0.0535906
-0.0399580
-0.0442383
-0.0615176
-0.0750946
-0.0750166
-0.0677836
-0.0668665
-0.0764343
-0.0874383
-0.0888733
-0.0793313
-0.0663490
-0.0575830
-0.0556654
-0.0599287
-0.0685589
-0.0778065
-0.0828248
-0.0827146
-0.0831601
-0.0899622
-0.0993231
-0.0986142
-0.0804898
-0.0549854
-0.0430200
-0.0554119
-0.0802896
-0.0943753
-0.0867499
-0.0688565
-0.0599195
-0.0648372
-0.0694368
-0.0575017
-0.0297019
-0.0035321
0.0050154
-0.0021817
-0.0082357
0.0003278
0.0194958
0.0326716
0.0284812
0.0118881
-0.0026944
-0.0072947
-0.0071311
-0.0118727
-0.0231569
-0.0332600
-0.0353798
-0.0321924
-0.0326291
-0.0419603
-0.0576115
-0.0741245
-0.0886692
-0.1000185
-0.1053270
-0.1023587
-0.0947256
-0.0904204
-0.0926280
-0.0949529
-0.0897678
-0.0799854
-0.0767514
-0.0828133
-0.0833166
-0.0609692
-0.0216291
0.0027184
-0.0150619
-0.0623108
-0.0878159
-0.0411768
0.0912915
0.2909427
0.5389027
0.8292812
1.1417800
1.4078566
1.5232996
1.4143492
1.1021752
0.7017750
0.3497047
0.1213746
0.0052766
-0.0554227
-0.1031540
-0.1421522
-0.1589865
-0.1528792
-0.1417698
-0.1437282
-0.1593148
-0.1743734
-0.1774082
-0.1710938
-0.1669916
-0.1719777
-0.1819022
-0.1874410
-0.1836496
-0.1731487
-0.1618563
-0.1536059
-0.1487617
-0.1461112
-0.1444752
-0.1426797
-0.1395257
-0.1348326
-0.1298054
-0.1249451
-0.1176227
-0.1035864
-0.0823253
-0.0600548
-0.0452280
-0.0402208
-0.0385029
-0.0311337
-0.0156333
0.0028208
0.0191359
0.0356146
0.0596807
0.0942621
0.1323785
0.1630873
0.1824974
0.1972130
0.2162108
0.2404018
0.2614135
0.2705629
0.2681846
0.2637034
0.2665842
0.2771634
0.2861740
0.2832509
0.2660933
0.2415247
0.2178280
0.1963643
0.1710695
0.1364007
0.0954603
0.0591714
0.0362373
0.0239721
0.0104903
-0.0130007
-0.0428494
-0.0672447
-0.0797243
-0.0867157
-0.1003242
-0.1242066
-0.1483637
-0.1589950
-0.1528952
-0.1407392
-0.1358567
-0.1411117
-0.1481021
-0.1484518
-0.1436030
-0.1424594
-0.1507290
-0.1643369
-0.1733627
-0.1713594
-0.1605617
-0.1490048
-0.1434226
-0.1444554
-0.1473958
-0.1468217
-0.1410967
-0.1334321
-0.1286125
-0.1277336
-0.1259271
-0.1166273
-0.0993568
-0.0824969
-0.0762981
-0.0824480
-0.0918911
-0.0942594
-0.0889278
-0.0852389
-0.0913585
-0.1041473
-0.1116014
-0.1055122
-0.0904735
-0.0793216
-0.0802113
-0.0895749
-0.0980198
-0.1016132
-0.1057175
-0.1174953
-0.1355608
-0.1482886
-0.1438288
-0.1230324
-0.1020107
-0.0994036
-0.1188024
-0.1440569
-0.1541916
-0.1441434
-0.1295355
-0.1293652
-0.1447196
-0.1573204
-0.1503432
-0.1281981
-0.1120911
-0.1160554
-0.1316167
-0.1392372
-0.1322791
-0.1241298
-0.1301811
-0.1473294
-0.1563373
-0.1443038
-0.1204454
-0.1067076
-0.1142329
-0.1323772
-0.1416759
-0.1349443
-0.1229345
-0.1199926
-0.1275175
-0.1335203
-0.1270476
-0.1103698
-0.0961450
-0.0939014
-0.1008404
-0.1061944
-0.1035530
-0.0972977
-0.0960940
-0.1010529
-0.1024640
-0.0894692
-0.0623375
-0.0338768
-0.0182185
-0.0183870
-0.0248116
-0.0254813
-0.0172002
-0.0073664
-0.0058897
-0.0161072
-0.0327716
-0.0470358
-0.0527845
-0.0499723
-0.0441172
-0.0424549
-0.0483963
-0.0585096
-0.0660568
-0.0688906
-0.0731413
-0.0868449
-0.1089299
-0.1264036
-0.1255858
-0.1071081
-0.0874045
-0.0826854
-0.0922703
-0.1009791
-0.0982566
-0.0903677
-0.0898397
-0.0958402
-0.0925883
-0.0705494
-0.0438643
-0.0383415
-0.0594710
-0.0767727
-0.0442335
0.0652015
0.2483382
0.4892173
0.7727662
1.0692197
1.3102717
1.4020423
1.2836497
0.9822969
0.6074183
0.2825240
0.0731651
-0.0311923
-0.0793403
-0.1105508
-0.1373993
-0.1582963
-0.1724077
-0.1809308
-0.1828168
-0.1770798
-0.1686368
-0.1665551
-0.1744144
-0.1851521
-0.1884374
-0.1828147
-0.1780878
-0.1841457
-0.1981575
-0.2050353
-0.1923921
-0.1648862
-0.1418844
-0.1394365
-0.1548465
-0.1700069
-0.1697216
-0.1555507
-0.1413908
-0.1370696
-0.1383111
-0.1330204
-0.1153261
-0.0912494
-0.0710311
-0.0586244
-0.0499917
-0.0393155
-0.0238976
-0.0038701
0.0190627
0.0413276
0.0592613
0.0743853
0.0952807
0.1297065
0.1733516
0.2098785
0.2262052
0.2273623
0.2320059
0.2508820
0.2727480
0.2762804
0.2558354
0.2303325
0.2232200
0.2362320
0.2474124
0.2349435
0.1988144
0.1573370
0.1259556
0.1037844
0.0803384
0.0505319
0.0195377
-0.0054057
-0.0235304
-0.0393103
-0.0555526
-0.0708412
-0.0832265
-0.0935169
-0.1040226
-0.1158877
-0.1287440
-0.1416040
-0.1527556
-0.1597147
-0.1609064
-0.1573984
-0.1521046
-0.1475150
-0.1451116
-0.1464170
-0.1523024
-0.1599243
-0.1623042
-0.1547060
-0.1426046
-0.1397683
-0.1538532
-0.1740712
-0.1782009
-0.1554088
-0.1199759
-0.0983441
-0.1025537
-0.1197277
-0.1283362
-0.1210189
-0.1085399
-0.1039841
-0.1084473
-0.1135859
-0.1136445
-0.1101021
-0.1055912
-0.0991338
-0.0903846
-0.0845736
-0.0876626
-0.0972396
-0.1040258
-0.1047320
-0.1085059
-0.1252021
-0.1488933
-0.1596675
-0.1451233
-0.1168086
-0.1005590
-0.1101676
-0.1339926
-0.1491626
-0.1460622
-0.1354054
-0.1328032
-0.1417637
-0.1537688
-0.1602545
-0.1592499
-0.1519500
-0.1393886
-0.1252479
-0.1175466
-0.1221112
-0.1344459
-0.1424072
-0.1394860
-0.1334088
-0.1380899
-0.1565979
-0.1750295
-0.1756991
-0.1554872
-0.1289825
-0.1138830
-0.1155868
-0.1260265
-0.1341482
-0.1352669
-0.1323917
-0.1320049
-0.1386860
-0.1509268
-0.1605888
-0.1581600
-0.1412097
-0.1183606
-0.1033937
-0.1036637
-0.1139783
-0.1224538
-0.1220801
-0.1153676
-0.1080811
-0.1013066
-0.0916973
-0.0776389
-0.0618614
-0.0479655
-0.0372637
-0.0299128
-0.0263620
-0.0254880
-0.0234025
-0.0181131
-0.0159363
-0.0289113
-0.0608812
-0.0962845
-0.1087076
-0.0863604
-0.0484783
-0.0307538
-0.0510348
-0.0916933
-0.1190203
-0.1185451
-0.1073127
-0.1113051
-0.1355192
-0.1600787
-0.1639622
-0.1472531
-0.1276429
-0.1188121
-0.1180850
-0.1156939
-0.1094286
-0.1042713
-0.1008205
-0.0932115
-0.0818287
-0.0806621
-0.1022707
-0.1339937
-0.1360448
-0.0695882
0.0735352
0.2719220
0.5024451
0.7564691
1.0192516
1.2371102
1.3227126
1.2121543
0.9253136
0.5669084
0.2604952
0.0723284
-0.0120901
-0.0497317
-0.0846315
-0.1235597
-0.1516756
-0.1602890
-0.1574083
-0.1575262
-0.1676854
-0.1838882
-0.1969150
-0.1996090
-0.1912482
-0.1782091
-0.1702491
-0.1736788
-0.1865223
-0.2001296
-0.2059476
-0.2018266
-0.1930545
-0.1872665
-0.1871180
-0.1875128
-0.1809426
-0.1659344
-0.1493258
-0.1396406
-0.1387776
-0.1405520
-0.1368412
-0.1247963
-0.1084704
-0.0939355
-0.0830930
-0.0722789
-0.0562036
-0.0322137
-0.0012720
0.0329397
0.0652321
0.0919971
0.1154864
0.1432155
0.1797845
0.2197335
0.2522656
0.2746323
0.2978567
0.3352227
0.3845063
0.4248635
0.4351619
0.4160809
0.3911231
0.3831401
0.3911389
0.3930910
0.3708347
0.3284001
0.2850327
0.2540885
0.2315268
0.2026877
0.1568061
0.0956424
0.0316867
-0.0205503
-0.0540276
-0.0737437
-0.0929061
-0.1219038
-0.1576884
-0.1841826
-0.1868316
-0.1688476
-0.1506772
-0.1506444
-0.1674891
-0.1845943
-0.1897566
-0.1865936
-0.1863476
-0.1931088
-0.2003306
-0.2000583
-0.1920039
-0.1827292
-0.1781858
-0.1793106
-0.1840754
-0.1901141
-0.1933210
-0.1874796
-0.1708497
-0.1528253
-0.1475940
-0.1574107
-0.1661123
-0.1546851
-0.1226858
-0.0896444
-0.0737425
-0.0723575
-0.0672021
-0.0482562
-0.0280029
-0.0268417
-0.0436934
-0.0455181
0.0102759
0.1445625
0.3489399
0.6020313
0.8800871
1.1454445
1.3336161
1.3703542
1.2183910
0.9156245
0.5650977
0.2769733
0.1068692
0.0390579
0.0208521
0.0095962
-0.0074399
-0.0236516
-0.0308993
-0.0279324
-0.0205213
-0.0182765
-0.0288586
-0.0517830
-0.0776901
-0.0954999
-0.1021315
-0.1059969
-0.1196542
-0.1470018
-0.1781687
-0.1992187
-0.2064623
-0.2085681
-0.2151495
-0.2270331
-0.2380227
-0.2418553
-0.2357672
-0.2212287
-0.2040878
-0.1914773
-0.1855079
-0.1807410
-0.1696188
-0.1502424
-0.1283226
-0.1113807
-0.1000716
-0.0851572
-0.0559987
-0.0139877
0.0258786
0.0506949
0.0644399
0.0823076
0.1115534
0.1430437
0.1623248
0.1655024
0.1631461
0.1697540
0.1886422
0.2066677
0.2066286
0.1861932
0.1606629
0.1446421
0.1355156
0.1190056
0.0874083
0.0479589
0.0156091
0.0008095
0.0017596
0.0058162
0.0009215
-0.0127088
-0.0248711
-0.0287925
-0.0269931
-0.0241541
-0.0214767
-0.0189209
-0.0150512
-0.0036262
0.0202943
0.0487175
0.0651149
0.0636170
0.0542858
0.0465762
0.0382404
0.0239595
0.0039026
-0.0193798
-0.0405641
-0.0463462
-0.0273035
-0.0000908
0.0012949
-0.0327255
