-0.1443685
-0.1577961
-0.1829452
-0.1911565
-0.1688918
-0.1300722
-0.1012085
-0.0963112
-0.1065273
-0.1120431
-0.1018842
-0.0823958
-0.0685363
-0.0681521
-0.0740636
-0.0705891
-0.0484168
-0.0144782
0.0127264
0.0192432
0.0087591
-0.0005400
0.0063569
0.0259986
0.0396645
0.0329788
0.0121700
-0.0007210
0.0099223
0.0360728
0.0523078
0.0402085
0.0064528
-0.0239729
-0.0325230
-0.0241779
-0.0193714
-0.0301150
-0.0465691
-0.0486126
-0.0292306
-0.0035545
0.0062654
-0.0068332
-0.0298321
-0.0455060
-0.0497362
-0.0514788
-0.0584470
-0.0673540
-0.0693805
-0.0618004
-0.0506385
-0.0426239
-0.0383495
-0.0350374
-0.0333145
-0.0376801
-0.0502482
-0.0668621
-0.0806889
-0.0877776
-0.0875724
-0.0803782
-0.0685986
-0.0608583
-0.0696217
-0.0991600
-0.1363720
-0.1594890
-0.1602481
-0.1553293
-0.1703413
-0.2105079
-0.2508083
-0.2595589
-0.2319720
-0.1970677
-0.1890727
-0.2128324
-0.2391595
-0.2339583
-0.1901684
-0.1309750
-0.0845024
-0.0586711
-0.0410414
-0.0195494
0.0014995
0.0081264
-0.0027353
-0.0139098
-0.0032949
0.0305110
0.0606405
0.0546395
0.0085267
-0.0400502
-0.0326229
0.0739943
0.2857841
0.5741067
0.8888222
1.1666983
1.3388621
1.3513691
1.1969304
0.9316587
0.6519481
0.4399971
0.3192340
0.2557928
0.2009738
0.1335198
0.0658439
0.0173528
-0.0111777
-0.0357564
-0.0670557
-0.0966283
-0.1075523
-0.0959436
-0.0774795
-0.0712498
-0.0798652
-0.0887930
-0.0851340
-0.0733804
-0.0695115
-0.0805246
-0.0940740
-0.0915386
-0.0701964
-0.0483498
-0.0459067
-0.0614992
-0.0725032
-0.0590947
-0.0261190
0.0013774
0.0038329
-0.0139784
-0.0300515
-0.0281517
-0.0109826
0.0082318
0.0224358
0.0355073
0.0518315
0.0659592
0.0661766
0.0481961
0.0231483
0.0103722
0.0213841
0.0498257
0.0764038
0.0846558
0.0740661
0.0588801
0.0533146
0.0571259
0.0564837
0.0401627
0.0139399
-0.0037310
-0.0017351
0.0097603
0.0082225
-0.0178490
-0.0566119
-0.0855976
-0.0953132
-0.0974543
-0.1093786
-0.1333126
-0.1535897
-0.1538814
-0.1345759
-0.1120523
-0.1023470
-0.1073572
-0.1166878
-0.1206216
-0.1192732
-0.1193211
-0.1239209
-0.1278781
-0.1232426
-0.1088259
-0.0930552
-0.0866113
-0.0919552
-0.1005510
-0.1013522
-0.0924357
-0.0834122
-0.0850919
-0.0967566
-0.1051720
-0.0976757
-0.0762052
-0.0571455
-0.0563466
-0.0743189
-0.0964748
-0.1074671
-0.1043946
-0.0961970
-0.0922421
-0.0937964
-0.0964672
-0.0980488
-0.1011479
-0.1081830
-0.1163289
-0.1195088
-0.1152130
-0.1076280
-0.1028427
-0.1016312
-0.0989217
-0.0915552
-0.0852926
-0.0911409
-0.1127757
-0.1387259
-0.1503155
-0.1397967
-0.1201389
-0.1143093
-0.1329410
-0.1629329
-0.1795599
-0.1701667
-0.1450126
-0.1248842
-0.1202669
-0.1245526
-0.1259572
-0.1215872
-0.1172533
-0.1159591
-0.1116423
-0.0967224
-0.0736642
-0.0551945
-0.0514972
-0.0586523
-0.0616857
-0.0493082
-0.0249377
-0.0033341
0.0028272
-0.0064606
-0.0191731
-0.0212688
-0.0078644
0.0124626
0.0234060
0.0127921
-0.0185585
-0.0583533
-0.0931689
-0.1177919
-0.1350710
-0.1480218
-0.1541575
-0.1488610
-0.1334461
-0.1174973
-0.1116506
-0.1184093
-0.1309122
-0.1402173
-0.1425111
-0.1394495
-0.1338664
-0.1274569
-0.1223503
-0.1219525
-0.1264510
-0.1247561
-0.0903496
0.0121336
0.2092351
0.4972838
0.8294900
1.1230239
1.2892774
1.2754961
1.0932663
0.8127400
0.5242320
0.2936579
0.1414058
0.0521066
-0.0018773
-0.0438304
-0.0876275
-0.1363629
-0.1811358
-0.2062875
-0.2039259
-0.1857284
-0.1760889
-0.1893191
-0.2149388
-0.2296477
-0.2240686
-0.2130531
-0.2165428
-0.2336198
-0.2416409
-0.2227084
-0.1866765
-0.1632859
-0.1715892
-0.2004246
-0.2204424
-0.2132096
-0.1865157
-0.1628954
-0.1568154
-0.1636754
-0.1675236
-0.1562951
-0.1306210
-0.1013204
-0.0796934
-0.0686171
-0.0615658
-0.0506442
-0.0358555
-0.0249372
-0.0224455
-0.0202439
-0.0025995
0.0367253
0.0839556
0.1156967
0.1218336
0.1164909
0.1236459
0.1516648
0.1840147
0.1962394
0.1811581
0.1562288
0.1463950
0.1603439
0.1831226
0.1909230
0.1728069
0.1386992
0.1070931
0.0858280
0.0657991
0.0338028
-0.0096507
-0.0475638
-0.0629636
-0.0575622
-0.0517638
-0.0646800
-0.0950115
-0.1234050
-0.1333984
-0.1277792
-0.1233844
-0.1320011
-0.1488915
-0.1593326
-0.1534930
-0.1341661
-0.1127451
-0.1002198
-0.1006949
-0.1096265
-0.1165005
-0.1118659
-0.0958014
-0.0801200
-0.0787569
-0.0926666
-0.1049725
-0.0946481
-0.0571581
-0.0107598
0.0189665
0.0209021
0.0054531
-0.0065046
0.0033965
0.0513386
0.1605792
0.3602035
0.6620517
1.0299836
1.3726488
1.5785824
1.5772949
1.3830065
1.0858810
0.7953375
0.5780050
0.4355210
0.3317694
0.2375769
0.1517242
0.0870128
0.0461393
0.0167434
-0.0126622
-0.0392138
-0.0521795
-0.0505752
-0.0493851
-0.0659759
-0.1018565
-0.1402163
-0.1618399
-0.1624248
-0.1544574
-0.1541373
-0.1676517
-0.1882823
-0.2037988
-0.2064821
-0.1990078
-0.1926244
-0.1977241
-0.2130098
-0.2238514
-0.2145395
-0.1846346
-0.1520956
-0.1373074
-0.1429864
-0.1516814
-0.1447931
-0.1227273
-0.1034000
-0.1006765
-0.1078016
-0.1049970
-0.0817717
-0.0477941
-0.0209474
-0.0079914
0.0002328
0.0160552
0.0411719
0.0665353
0.0833817
0.0917961
0.0989793
0.1117685
0.1318374
0.1559152
0.1779410
0.1914040
0.1926408
0.1837557
0.1713229
0.1606161
0.1511042
0.1382409
0.1191872
0.0958501
0.0725751
0.0518967
0.0326573
0.0114733
-0.0140418
-0.0423438
-0.0674909
-0.0828141
-0.0871939
-0.0880560
-0.0957631
-0.1125612
-0.1278820
-0.1280564
-0.1123378
-0.0968138
-0.0991784
-0.1199577
-0.1417092
-0.1475690
-0.1381245
-0.1283497
-0.1300053
-0.1401082
-0.1463013
-0.1400397
-0.1227758
-0.1020449
-0.0854401
-0.0778663
-0.0795319
-0.0834276
-0.0784994
-0.0618049
-0.0480380
-0.0597110
-0.1004994
-0.1378424
-0.1164155
0.0075210
0.2418588
0.5600575
0.9137121
1.2372193
1.4507322
1.4836854
1.3186025
1.0176826
0.6948419
0.4453921
0.2923985
0.1958619
0.1083468
0.0180004
-0.0572516
-0.1038734
-0.1307737
-0.1557602
-0.1841862
-0.2067926
-0.2150372
-0.2118856
-0.2065199
-0.2037139
-0.2025314
-0.2028138
-0.2069162
-0.2135270
-0.2146858
-0.2039298
-0.1866401
-0.1776799
-0.1861862
-0.2041104
-0.2122194
-0.1982288
-0.1687645
-0.1434759
-0.1374353
-0.1485624
-0.1609711
-0.1600267
-0.1451081
-0.1293277
-0.1271522
-0.1407952
-0.1573869
-0.1602397
-0.1445025
-0.1216043
-0.1068324
-0.1028100
-0.0977757
-0.0815038
-0.0604565
-0.0531736
-0.0693331
-0.0957615
-0.1064807
-0.0878074
-0.0524218
-0.0273976
-0.0285368
-0.0470312
-0.0602507
-0.0536015
-0.0321065
-0.0139426
-0.0149748
-0.0371777
-0.0673489
-0.0857459
-0.0797829
-0.0540588
-0.0280882
-0.0214256
-0.0375658
-0.0610676
-0.0713151
-0.0604675
-0.0386532
-0.0222134
-0.0180286
-0.0198173
-0.0179975
-0.0104843
-0.0034062
-0.0035003
-0.0115309
-0.0222161
-0.0288747
-0.0283372
-0.0230952
-0.0196793
-0.0241239
-0.0372842
-0.0534354
-0.0637791
-0.0628559
-0.0529349
-0.0423584
-0.0389858
-0.0446054
-0.0549822
-0.0643980
-0.0699632
-0.0726252
-0.0750283
-0.0780398
-0.0787163
-0.0724321
-0.0583494
-0.0425218
-0.0337551
-0.0352673
-0.0411428
-0.0422630
-0.0358520
-0.0280692
-0.0262045
-0.0289503
-0.0265943
-0.0124956
0.0065722
0.0140836
-0.0008554
-0.0322626
-0.0618300
-0.0743092
-0.0689575
-0.0581020
-0.0562236
-0.0693591
-0.0921896
-0.1135482
-0.1253318
-0.1279829
-0.1285783
-0.1332330
-0.1403877
-0.1417996
-0.1317564
-0.1158905
-0.1088359
-0.1205012
-0.1443763
-0.1612461
-0.1558791
-0.1305006
-0.1027976
-0.0920127
-0.1061992
-0.1389603
-0.1733816
-0.1863772
-0.1510672
-0.0410634
0.1594186
0.4421694
0.7665466
1.0635871
1.2551078
1.2837794
1.1421130
0.8818035
0.5907103
0.3470831
0.1822005
0.0787402
0.0020577
-0.0661765
-0.1203606
-0.1494707
-0.1572035
-0.1620009
-0.1794507
-0.2079748
-0.2326310
-0.2410096
-0.2342471
-0.2245408
-0.2244858
-0.2378719
-0.2572961
-0.2693980
-0.2650237
-0.2472954
-0.2298790
-0.2254964
-0.2348574
-0.2467747
-0.2492922
-0.2405994
-0.2290987
-0.2234923
-0.2238496
-0.2224937
-0.2122142
-0.1923618
-0.1680264
-0.1456297
-0.1293507
-0.1190298
-0.1098834
-0.0961928
-0.0776834
-0.0613985
-0.0546076
-0.0555813
-0.0538801
-0.0414761
-0.0223557
-0.0088790
-0.0083839
-0.0153716
-0.0184661
-0.0138726
-0.0093358
-0.0144629
-0.0297785
-0.0469114
-0.0572045
-0.0572375
-0.0475591
-0.0308851
-0.0132148
-0.0030405
-0.0054306
-0.0170101
-0.0291881
-0.0367883
-0.0417185
-0.0474800
-0.0524225
-0.0515365
-0.0449886
-0.0413357
-0.0490444
-0.0657225
-0.0792519
-0.0807021
-0.0736695
-0.0690723
-0.0724311
-0.0785218
-0.0778237
-0.0661449
-0.0480832
-0.0329943
-0.0279069
-0.0324252
-0.0390348
-0.0392148
-0.0312243
-0.0226881
-0.0242777
-0.0389404
-0.0569872
-0.0633485
-0.0510325
-0.0272202
-0.0059498
0.0037946
0.0020925
-0.0068275
-0.0193800
-0.0322865
-0.0413851
-0.0438710
-0.0410636
-0.0370398
-0.0345047
-0.0332743
-0.0329016
-0.0350454
-0.0413845
-0.0493042
-0.0520368
-0.0453982
-0.0338460
-0.0270515
-0.0291151
-0.0329290
-0.0272439
-0.0088763
0.0135874
0.0280990
0.0298773
0.0235844
0.0158726
0.0072202
-0.0074229
-0.0293811
-0.0494779
-0.0539705
-0.0391734
-0.0188047
-0.0140426
-0.0346892
-0.0698679
-0.0974745
-0.1034373
-0.0928047
-0.0827796
-0.0851409
-0.0954735
-0.0992083
-0.0873984
-0.0663669
-0.0525657
-0.0577261
-0.0771477
-0.0919528
-0.0859385
-0.0637653
-0.0512820
-0.0722327
-0.1201268
-0.1529351
-0.1178604
0.0157397
0.2429138
0.5336919
0.8477879
1.1358740
1.3351656
1.3827360
1.2519987
0.9832732
0.6718770
0.4134987
0.2500051
0.1600574
0.0960153
0.0282606
-0.0404875
-0.0935520
-0.1246349
-0.1430257
-0.1596315
-0.1739894
-0.1778424
-0.1692816
-0.1589938
-0.1606072
-0.1763244
-0.1941679
-0.2000598
-0.1922427
-0.1830055
-0.1853330
-0.1981178
-0.2064216
-0.1975266
-0.1751824
-0.1558089
-0.1511562
-0.1570057
-0.1592901
-0.1492824
-0.1315826
-0.1183738
-0.1173609
-0.1251629
-0.1310002
-0.1256773
-0.1076674
-0.0830780
-0.0617431
-0.0518798
-0.0547431
-0.0629392
-0.0660379
-0.0596874
-0.0483496
-0.0383246
-0.0301462
-0.0201465
-0.0083527
-0.0013476
-0.0055832
-0.0192318
-0.0329444
-0.0393176
-0.0400482
-0.0419927
-0.0471586
-0.0500121
-0.0458612
-0.0381909
-0.0338056
-0.0327222
-0.0286010
-0.0204730
-0.0186351
-0.0336371
-0.0604200
-0.0786659
-0.0723552
-0.0479018
-0.0296362
-0.0358552
-0.0610028
-0.0832938
-0.0881653
-0.0805714
-0.0743771
-0.0747492
-0.0746125
-0.0658892
-0.0495500
-0.0340529
-0.0268045
-0.0284333
-0.0338230
-0.0372496
-0.0367996
-0.0347606
-0.0342706
-0.0356458
-0.0357845
-0.0312980
-0.0228800
-0.0164748
-0.0185395
-0.0294366
-0.0436296
-0.0581645
-0.0779776
-0.1077604
-0.1388656
-0.1510251
-0.1327113
-0.0984675
-0.0804594
-0.0992089
-0.1431801
-0.1795698
-0.1860296
-0.1700884
-0.1560172
-0.1552967
-0.1551875
-0.1372490
-0.1012917
-0.0657054
-0.0464949
-0.0425076
-0.0425921
-0.0412121
-0.0410180
-0.0413019
-0.0315204
-0.0030013
0.0336037
0.0504716
0.0299362
-0.0096658
-0.0196860
0.0456414
0.2027782
0.4408957
0.7364068
1.0528215
1.3279107
1.4785874
1.4408677
1.2194752
0.8988206
0.5950794
0.3842414
0.2664378
0.1927441
0.1212957
0.0479878
-0.0078328
-0.0352720
-0.0451351
-0.0565936
-0.0770482
-0.0969211
-0.1030003
-0.0952840
-0.0890579
-0.0992904
-0.1237278
-0.1432514
-0.1399907
-0.1151935
-0.0891004
-0.0824954
-0.0974306
-0.1165647
-0.1225334
-0.1163573
-0.1132324
-0.1205659
-0.1261145
-0.1123152
-0.0795384
-0.0490500
-0.0410850
-0.0531373
-0.0631178
-0.0538120
-0.0313782
-0.0170536
-0.0214100
-0.0312701
-0.0251545
0.0011330
0.0293475
0.0390892
0.0284251
0.0122500
0.0037830
0.0018013
-0.0039168
-0.0175338
-0.0302708
-0.0296472
-0.0144893
0.0020294
0.0056198
-0.0048505
-0.0182541
-0.0247005
-0.0252587
-0.0283744
-0.0388869
-0.0516419
-0.0560458
-0.0476646
-0.0351670
-0.0334927
-0.0486848
-0.0711710
-0.0857718
-0.0870055
-0.0826388
-0.0831546
-0.0900235
-0.0949114
-0.0896526
-0.0761125
-0.0648289
-0.0630371
-0.0659914
-0.0631238
-0.0519180
-0.0413994
-0.0403635
-0.0453914
-0.0434831
-0.0259944
0.0014804
0.0231765
0.0271794
0.0158502
0.0017430
-0.0069116
-0.0140158
-0.0266612
-0.0411284
-0.0432523
-0.0244034
0.0058390
0.0257574
0.0208287
-0.0029882
-0.0255701
-0.0330178
-0.0310265
-0.0356912
-0.0517630
-0.0650881
-0.0594130
-0.0366618
-0.0154293
-0.0101956
-0.0163682
-0.0172528
-0.0037858
0.0146221
0.0199178
0.0063603
-0.0102246
-0.0072898
0.0199966
0.0519289
0.0631315
0.0468377
0.0201628
0.0068497
0.0144275
0.0264157
0.0178409
-0.0188041
-0.0635684
-0.0880970
-0.0845039
-0.0718604
-0.0737420
-0.0934365
-0.1137699
-0.1191035
-0.1137168
-0.1161889
-0.1357143
-0.1577307
-0.1584181
-0.1334197
-0.1049813
-0.0962328
-0.1046240
-0.1094181
-0.1034415
-0.1063928
-0.1394288
-0.1887585
-0.2009753
-0.1194240
0.0730471
0.3466874
0.6549710
0.9613229
1.2298549
1.4019909
1.4088838
1.2256451
0.9111784
0.5815868
0.3344873
0.1925811
0.1125161
0.0411094
-0.0378008
-0.1046533
-0.1406113
-0.1533059
-0.1657556
-0.1890326
-0.2142621
-0.2283808
-0.2289055
-0.2225755
-0.2168883
-0.2160301
-0.2205858
-0.2276604
-0.2324122
-0.2310039
-0.2228261
-0.2117712
-0.2054233
-0.2087360
-0.2160924
-0.2139668
-0.1955721
-0.1698454
-0.1519703
-0.1474758
-0.1490519
-0.1462539
-0.1347034
-0.1179178
-0.1032763
-0.0948551
-0.0890057
-0.0792751
-0.0655349
-0.0539125
-0.0475957
-0.0435440
-0.0395187
-0.0379772
-0.0402549
-0.0422667
-0.0392649
-0.0313347
-0.0222801
-0.0158906
-0.0133630
-0.0112978
-0.0040797
0.0070469
0.0098672
-0.0069364
-0.0384617
-0.0657960
-0.0725541
-0.0552046
-0.0217270
0.0119979
0.0277244
0.0167978
-0.0118368
-0.0402397
-0.0572522
-0.0632247
-0.0641936
-0.0663633
-0.0714493
-0.0728548
-0.0623797
-0.0446529
-0.0360258
-0.0428390
-0.0502011
-0.0410536
-0.0188908
-0.0029041
-0.0060262
-0.0237474
-0.0388429
-0.0340069
-0.0081182
0.0179738
0.0223427
0.0094527
0.0031148
0.0116803
0.0184439
0.0100768
-0.0049741
-0.0123334
-0.0073727
0.0099251
0.0362421
0.0571400
0.0595020
0.0545293
0.0638518
0.0820088
0.0842504
0.0735307
0.0784078
0.0937365
0.0709615
-0.0076893
