0.0798831
0.0283999
0.0627367
0.0737709
0.0435225
0.0334298
0.0622871
0.0866017
0.0840475
0.0749975
0.0654973
0.0363374
-0.0099675
-0.0458877
-0.0633888
-0.0768796
-0.0850218
-0.0721834
-0.0458670
-0.0340623
-0.0450240
-0.0605958
-0.0673269
-0.0679757
-0.0671628
-0.0687203
-0.0792212
-0.0929940
-0.0858813
-0.0477229
-0.0094384
-0.0115777
-0.0514026
-0.0819374
-0.0584562
0.0311848
0.1765280
0.3674541
0.6046704
0.8872230
1.1783877
1.3865167
1.4098753
1.2241507
0.9178372
0.6272259
0.4379702
0.3463213
0.2937904
0.2261758
0.1330216
0.0466142
0.0022186
-0.0028757
-0.0052014
-0.0324293
-0.0771296
-0.1137363
-0.1283501
-0.1280488
-0.1307475
-0.1485818
-0.1740687
-0.1841808
-0.1668628
-0.1399238
-0.1319673
-0.1470797
-0.1615249
-0.1557536
-0.1378707
-0.1322721
-0.1518830
-0.1833118
-0.1969710
-0.1754823
-0.1351207
-0.1121891
-0.1229632
-0.1453443
-0.1474833
-0.1260790
-0.1059605
-0.1070452
-0.1222007
-0.1266493
-0.1031419
-0.0591714
-0.0220289
-0.0131675
-0.0256593
-0.0322268
-0.0167336
0.0095737
0.0254239
0.0252520
0.0234515
0.0382338
0.0738965
0.1148576
0.1370796
0.1309543
0.1124362
0.1053598
0.1143421
0.1235700
0.1218009
0.1181206
0.1288614
0.1554955
0.1805896
0.1846148
0.1660580
0.1446394
0.1407123
0.1499075
0.1451477
0.1094058
0.0600827
0.0321061
0.0396265
0.0623653
0.0689003
0.0469176
0.0102219
-0.0193230
-0.0348119
-0.0491420
-0.0756163
-0.1063952
-0.1177755
-0.0987899
-0.0671308
-0.0517593
-0.0640537
-0.0899721
-0.1071101
-0.1062650
-0.0987794
-0.1042005
-0.1280059
-0.1518676
-0.1508576
-0.1210271
-0.0850282
-0.0690805
-0.0784726
-0.0967330
-0.1048382
-0.0994076
-0.0936267
-0.1000715
-0.1124585
-0.1093753
-0.0805043
-0.0442418
-0.0310412
-0.0499678
-0.0788663
-0.0891063
-0.0751955
-0.0577937
-0.0598041
-0.0812647
-0.0987659
-0.0911821
-0.0644409
-0.0457430
-0.0526938
-0.0748382
-0.0892482
-0.0881689
-0.0847000
-0.0936009
-0.1125343
-0.1235980
-0.1119856
-0.0830163
-0.0594777
-0.0594196
-0.0777289
-0.0939884
-0.0976242
-0.0985650
-0.1108254
-0.1315769
-0.1420008
-0.1281448
-0.0982304
-0.0778799
-0.0862437
-0.1157713
-0.1386902
-0.1364976
-0.1196957
-0.1133825
-0.1259278
-0.1391604
-0.1307715
-0.1009532
-0.0732707
-0.0703085
-0.0903228
-0.1093887
-0.1079468
-0.0931483
-0.0894972
-0.1067775
-0.1251009
-0.1179619
-0.0857237
-0.0579009
-0.0611041
-0.0897569
-0.1116405
-0.1014917
-0.0669363
-0.0390442
-0.0370490
-0.0467174
-0.0383006
-0.0030808
0.0358709
0.0507550
0.0394232
0.0236360
0.0209222
0.0246061
0.0135454
-0.0204414
-0.0582353
-0.0702600
-0.0487263
-0.0186698
-0.0122946
-0.0349651
-0.0628291
-0.0737418
-0.0733304
-0.0860256
-0.1230392
-0.1644627
-0.1765416
-0.1475450
-0.1038738
-0.0859892
-0.1076260
-0.1433392
-0.1583018
-0.1449738
-0.1253800
-0.1210027
-0.1281629
-0.1250633
-0.0991828
-0.0641231
-0.0481219
-0.0656144
-0.1009916
-0.1211087
-0.1007482
-0.0311503
0.0940293
0.2890732
0.5600132
0.8740113
1.1498130
1.2904228
1.2414713
1.0308558
0.7533492
0.5083734
0.3424789
0.2426919
0.1745610
0.1184693
0.0730065
0.0378643
0.0055442
-0.0300892
-0.0648022
-0.0896753
-0.1055343
-0.1259192
-0.1602462
-0.1962415
-0.2079174
-0.1853742
-0.1506718
-0.1366945
-0.1520154
-0.1738428
-0.1770829
-0.1642182
-0.1609090
-0.1827899
-0.2121830
-0.2135128
-0.1730004
-0.1178817
-0.0903558
-0.1037775
-0.1311173
-0.1377688
-0.1186096
-0.0976901
-0.0960720
-0.1080545
-0.1107652
-0.0921356
-0.0641809
-0.0478217
-0.0483701
-0.0509638
-0.0405637
-0.0206123
-0.0070177
-0.0067024
-0.0087377
0.0024081
0.0295397
0.0606751
0.0815618
0.0884628
0.0900257
0.0977618
0.1140371
0.1290404
0.1301856
0.1150953
0.0960417
0.0919085
0.1132536
0.1510220
0.1798714
0.1781587
0.1486681
0.1171471
0.1066170
0.1142396
0.1165749
0.0966696
0.0621285
0.0352058
0.0275757
0.0280755
0.0163664
-0.0137365
-0.0487507
-0.0738778
-0.0910123
-0.1125054
-0.1396149
-0.1560264
-0.1467969
-0.1190361
-0.0981658
-0.1035184
-0.1301705
-0.1554872
-0.1624158
-0.1553595
-0.1529748
-0.1665164
-0.1873687
-0.1963302
-0.1830738
-0.1555073
-0.1323878
-0.1283597
-0.1434286
-0.1636954
-0.1733630
-0.1688813
-0.1611411
-0.1620970
-0.1704143
-0.1730459
-0.1608315
-0.1396596
-0.1244335
-0.1228767
-0.1276068
-0.1261678
-0.1181160
-0.1177030
-0.1358347
-0.1619744
-0.1707410
-0.1489070
-0.1116097
-0.0879785
-0.0922996
-0.1124640
-0.1262951
-0.1260209
-0.1244393
-0.1372371
-0.1618527
-0.1774905
-0.1673711
-0.1380428
-0.1133485
-0.1103503
-0.1245688
-0.1387983
-0.1425764
-0.1406797
-0.1441313
-0.1558256
-0.1667328
-0.1661793
-0.1538597
-0.1393742
-0.1306389
-0.1263387
-0.1208952
-0.1130610
-0.1062749
-0.1025046
-0.0994800
-0.0938758
-0.0844697
-0.0715681
-0.0552502
-0.0355536
-0.0142330
0.0043603
0.0150898
0.0155540
0.0077008
-0.0042267
-0.0161446
-0.0238358
-0.0229656
-0.0134352
-0.0037901
-0.0073391
-0.0310449
-0.0685053
-0.1044927
-0.1264317
-0.1330171
-0.1340724
-0.1417667
-0.1591872
-0.1763437
-0.1791966
-0.1642975
-0.1440527
-0.1361387
-0.1467978
-0.1645731
-0.1717376
-0.1631322
-0.1523954
-0.1564474
-0.1737887
-0.1828211
-0.1654523
-0.1304683
-0.1089648
-0.1246848
-0.1691180
-0.2049041
-0.1917142
-0.1086110
0.0455846
0.2664300
0.5478948
0.8643824
1.1508917
1.3151441
1.2881779
1.0766243
0.7684263
0.4802324
0.2859287
0.1835769
0.1241235
0.0689029
0.0186682
-0.0083499
-0.0143977
-0.0268435
-0.0653694
-0.1155574
-0.1441089
-0.1384235
-0.1227891
-0.1311152
-0.1675974
-0.2012072
-0.2006739
-0.1693071
-0.1396422
-0.1360750
-0.1505905
-0.1576229
-0.1457930
-0.1282830
-0.1246641
-0.1398679
-0.1621783
-0.1759564
-0.1724968
-0.1521950
-0.1228114
-0.0973665
-0.0884774
-0.0980597
-0.1117574
-0.1093067
-0.0854008
-0.0580864
-0.0506929
-0.0646349
-0.0751193
-0.0569549
-0.0120209
0.0321874
0.0504025
0.0433174
0.0337965
0.0422968
0.0679958
0.0933853
0.1046429
0.1052315
0.1102614
0.1304164
0.1622779
0.1917884
0.2053703
0.2000884
0.1861878
0.1788590
0.1842736
0.1931996
0.1907436
0.1733997
0.1547362
0.1524265
0.1695457
0.1894670
0.1900045
0.1631583
0.1211120
0.0830984
0.0574943
0.0375238
0.0128019
-0.0178202
-0.0452674
-0.0599374
-0.0616205
-0.0611599
-0.0723688
-0.1001109
-0.1353557
-0.1637138
-0.1800603
-0.1932744
-0.2150387
-0.2451377
-0.2702669
-0.2782602
-0.2723690
-0.2696925
-0.2844435
-0.3132897
-0.3385976
-0.3462572
-0.3388017
-0.3304586
-0.3309964
-0.3355100
-0.3284727
-0.2965772
-0.2398951
-0.1736315
-0.1185348
-0.0864065
-0.0732422
-0.0669021
-0.0611414
-0.0603751
-0.0699173
-0.0834083
-0.0835067
-0.0582382
-0.0169907
0.0132711
0.0122560
-0.0122623
-0.0304666
-0.0206908
0.0073395
0.0223489
0.0058706
-0.0248648
-0.0318034
0.0035965
0.0561514
0.0779123
0.0468208
-0.0068559
-0.0245441
0.0334392
0.1689587
0.3687647
0.6289263
0.9409694
1.2544657
1.4715503
1.5009714
1.3304299
1.0454608
0.7702605
0.5824761
0.4771527
0.4017215
0.3160480
0.2203549
0.1388260
0.0889202
0.0668678
0.0547310
0.0366902
0.0105431
-0.0136723
-0.0264880
-0.0311478
-0.0414047
-0.0652563
-0.0920883
-0.1001369
-0.0795213
-0.0460720
-0.0281177
-0.0384085
-0.0621989
-0.0750564
-0.0692237
-0.0583500
-0.0580268
-0.0675986
-0.0731240
-0.0640239
-0.0429832
-0.0210521
-0.0067587
-0.0006220
0.0020971
0.0050356
0.0067191
0.0020960
-0.0113270
-0.0275226
-0.0324584
-0.0138040
0.0263764
0.0689014
0.0913675
0.0877542
0.0735663
0.0699378
0.0831509
0.1010014
0.1085032
0.1051066
0.1054934
0.1235906
0.1561963
0.1835047
0.1875940
0.1706327
0.1526459
0.1497676
0.1566235
0.1534253
0.1305386
0.1022172
0.0922776
0.1065063
0.1233709
0.1153870
0.0781775
0.0339559
0.0054449
-0.0085595
-0.0272789
-0.0606824
-0.0952657
-0.1094536
-0.0987426
-0.0809390
-0.0770993
-0.0908536
-0.1078589
-0.1134885
-0.1082865
-0.1054065
-0.1146122
-0.1308955
-0.1392771
-0.1299653
-0.1085591
-0.0918713
-0.0932486
-0.1104954
-0.1279630
-0.1318520
-0.1236645
-0.1167948
-0.1193965
-0.1236328
-0.1150685
-0.0917955
-0.0700608
-0.0680250
-0.0849108
-0.0996772
-0.0929184
-0.0693153
-0.0548778
-0.0694102
-0.1031726
-0.1245019
-0.1119320
-0.0766646
-0.0509990
-0.0550345
-0.0771783
-0.0889692
-0.0778185
-0.0614686
-0.0672332
-0.0984852
-0.1271270
-0.1227834
-0.0868460
-0.0523715
-0.0494076
-0.0747978
-0.0995404
-0.1031982
-0.0949740
-0.0984803
-0.1202806
-0.1405451
-0.1366735
-0.1106080
-0.0865538
-0.0828581
-0.0933430
-0.0998612
-0.0976825
-0.1003918
-0.1189051
-0.1427012
-0.1484197
-0.1267310
-0.0953894
-0.0819736
-0.0952484
-0.1175664
-0.1262496
-0.1183882
-0.1108424
-0.1176913
-0.1331638
-0.1391344
-0.1263057
-0.1040041
-0.0890325
-0.0881061
-0.0937656
-0.0966455
-0.0980238
-0.1070528
-0.1262799
-0.1441836
-0.1454357
-0.1276049
-0.1044598
-0.0918324
-0.0925293
-0.0971889
-0.0986550
-0.1016460
-0.1154047
-0.1379045
-0.1520038
-0.1414258
-0.1101169
-0.0815131
-0.0757468
-0.0891480
-0.0994846
-0.0917836
-0.0759826
-0.0761191
-0.1019859
-0.1342754
-0.1412159
-0.1111931
-0.0670578
-0.0454742
-0.0616071
-0.0955626
-0.1139845
-0.1033573
-0.0807550
-0.0728043
-0.0864308
-0.1020944
-0.0959505
-0.0668321
-0.0384455
-0.0335683
-0.0482809
-0.0555519
-0.0354351
0.0013541
0.0236739
0.0141101
-0.0102245
-0.0141483
0.0186247
0.0680394
0.0985663
0.0945103
0.0710679
0.0525321
0.0465973
0.0433982
0.0340395
0.0216378
0.0133675
0.0089847
0.0027931
-0.0061659
-0.0130370
-0.0176628
-0.0297118
-0.0569712
-0.0904226
-0.1089710
-0.1030399
-0.0885462
-0.0905039
-0.1131972
-0.1333349
-0.1261405
-0.0939383
-0.0635808
-0.0567270
-0.0683804
-0.0771614
-0.0725748
-0.0663758
-0.0759682
-0.0999703
-0.1120332
-0.0758018
0.0368907
0.2374687
0.5169424
0.8397927
1.1424101
1.3494408
1.4060875
1.3051749
1.0889931
0.8264452
0.5831157
0.4006245
0.2894721
0.2322740
0.1955924
0.1489242
0.0825414
0.0107284
-0.0439994
-0.0719836
-0.0830213
-0.0942048
-0.1141454
-0.1391318
-0.1604106
-0.1712080
-0.1682926
-0.1526751
-0.1322275
-0.1204330
-0.1263988
-0.1440625
-0.1555164
-0.1500157
-0.1387779
-0.1449392
-0.1755325
-0.2074009
-0.2072681
-0.1669126
-0.1142920
-0.0869591
-0.0961597
-0.1194013
-0.1266895
-0.1101890
-0.0874212
-0.0793178
-0.0891501
-0.1021209
-0.1010197
-0.0800540
-0.0467629
-0.0152241
0.0027854
0.0050882
0.0013299
0.0061763
0.0264106
0.0537815
0.0724934
0.0750913
0.0705818
0.0764372
0.1026840
0.1431957
0.1809137
0.2008973
0.2003318
0.1892600
0.1827542
0.1895953
0.2048580
0.2135311
0.2051280
0.1869343
0.1800155
0.1977575
0.2282535
0.2420626
0.2203245
0.1739766
0.1328735
0.1162179
0.1156156
0.1072003
0.0777799
0.0370739
0.0057002
-0.0055571
-0.0037405
-0.0041941
-0.0161755
-0.0369084
-0.0561989
-0.0656008
-0.0654605
-0.0650138
-0.0739966
-0.0915192
-0.1038100
-0.0964075
-0.0705204
-0.0455210
-0.0421679
-0.0624345
-0.0873849
-0.0962684
-0.0870645
-0.0768548
-0.0822697
-0.1015153
-0.1165572
-0.1115724
-0.0878372
-0.0615507
-0.0490944
-0.0540898
-0.0662265
-0.0713222
-0.0640796
-0.0530522
-0.0527976
-0.0691159
-0.0910432
-0.0987113
-0.0812799
-0.0481256
-0.0216817
-0.0179818
-0.0334196
-0.0501602
-0.0540301
-0.0470855
-0.0437109
-0.0553951
-0.0785920
-0.0960261
-0.0906679
-0.0616567
-0.0282887
-0.0159122
-0.0338851
-0.0664341
-0.0875319
-0.0863419
-0.0765468
-0.0787229
-0.0948333
-0.1039322
-0.0849479
-0.0412772
0.0007666
0.0179090
0.0111735
0.0003984
0.0014678
0.0129742
0.0237379
0.0275345
0.0274034
0.0288483
0.0337199
0.0408692
0.0485538
0.0536556
0.0510196
0.0374797
0.0164842
-0.0051091
-0.0266720
-0.0565099
-0.0997912
-0.1443429
-0.1653593
-0.1499422
-0.1151008
-0.0948561
-0.1064989
-0.1331240
-0.1439408
-0.1305728
-0.1172781
-0.1318673
-0.1703145
-0.1971974
-0.1834831
-0.1392551
-0.1038619
-0.1046265
-0.1304336
-0.1476044
-0.1369602
-0.1104940
-0.0939438
-0.1000989
-0.1217488
-0.1442306
-0.1556010
-0.1426655
-0.0847617
0.0392642
0.2351670
0.4864767
0.7627810
1.0293314
1.2459902
1.3650897
1.3466695
1.1884298
0.9414565
0.6878373
0.4924733
0.3691887
0.2886551
0.2157734
0.1393854
0.0710640
0.0232056
-0.0068401
-0.0330831
-0.0666011
-0.1064745
-0.1416555
-0.1589560
-0.1513541
-0.1237958
-0.0934404
-0.0810123
-0.0959658
-0.1269974
-0.1491495
-0.1446939
-0.1194737
-0.0976905
-0.0986208
-0.1181181
-0.1337418
-0.1277029
-0.1034267
-0.0797115
-0.0709693
-0.0750039
-0.0787695
-0.0728583
-0.0591676
-0.0467215
-0.0427450
-0.0471806
-0.0524438
-0.0469594
-0.0222302
0.0186379
0.0588371
0.0791213
0.0759348
0.0676323
0.0779974
0.1110187
0.1443794
0.1517287
0.1318398
0.1127298
0.1244822
0.1686714
0.2166217
0.2379034
0.2286588
0.2113100
0.2089860
0.2232556
0.2364670
0.2321626
0.2105794
0.1856450
0.1702706
0.1658136
0.1637518
0.1548452
0.1362218
0.1115666
0.0865873
0.0645278
0.0444789
0.0224726
-0.0056816
-0.0410216
-0.0793274
-0.1123620
-0.1327978
-0.1398938
-0.1411971
-0.1479773
-0.1675851
-0.1992047
-0.2363184
-0.2723725
-0.3035272
-0.3273008
-0.3417041
-0.3477945
-0.3516113
-0.3598547
-0.3715571
-0.3755576
-0.3592969
-0.3213608
-0.2740882
-0.2324762
-0.2011772
-0.1739551
-0.1455159
-0.1209699
-0.1111735
-0.1193839
-0.1350695
-0.1420122
-0.1315065
-0.1073459
-0.0803428
-0.0606270
-0.0538790
-0.0597196
-0.0700126
-0.0711835
-0.0544402
-0.0266433
-0.0075007
-0.0105986
-0.0267092
-0.0306482
-0.0084267
0.0243930
0.0367011
0.0174232
-0.0031211
0.0312442
0.1637764
0.3960415
0.6876820
0.9760060
1.1972066
1.3022830
1.2709147
1.1215847
0.9073768
0.6922926
0.5208148
0.4026916
0.3223523
0.2603318
0.2062530
0.1563608
0.1063820
0.0524375
-0.0012852
-0.0407023
-0.0525912
-0.0386251
-0.0170589
-0.0085836
-0.0199831
-0.0415162
-0.0589763
-0.0666723
-0.0691140
-0.0730115
-0.0802529
-0.0881246
-0.0934230
-0.0944079
-0.0897448
-0.0780589
-0.0600585
-0.0408650
-0.0290046
-0.0313450
-0.0470950
-0.0660505
-0.0746507
-0.0671944
-0.0524818
-0.0469425
-0.0577889
