-0.0991555
-0.1076494
-0.1310159
-0.1253683
-0.0985568
-0.0933445
-0.1145649
-0.1277084
-0.1206632
-0.1173399
-0.1304367
-0.1425879
-0.1393674
-0.1283139
-0.1196267
-0.1134469
-0.1103639
-0.1142807
-0.1229351
-0.1313984
-0.1425396
-0.1587824
-0.1687896
-0.1595384
-0.1377944
-0.1233342
-0.1234057
-0.1278452
-0.1269002
-0.1216544
-0.1187581
-0.1236056
-0.1351776
-0.1418718
-0.1303099
-0.1052024
-0.0902758
-0.0995663
-0.1170227
-0.1163598
-0.0945031
-0.0731982
-0.0703141
-0.0794762
-0.0787264
-0.0548778
-0.0189491
0.0033603
-0.0002149
-0.0133177
-0.0117194
0.0042130
0.0107440
-0.0047814
-0.0252147
-0.0259417
-0.0053914
0.0152979
0.0171035
-0.0001781
-0.0238874
-0.0452485
-0.0675784
-0.0969804
-0.1270353
-0.1403840
-0.1301118
-0.1125857
-0.1105720
-0.1276308
-0.1480939
-0.1595323
-0.1649794
-0.1724261
-0.1814274
-0.1843185
-0.1765964
-0.1627628
-0.1521994
-0.1496246
-0.1508351
-0.1502832
-0.1504642
-0.1567946
-0.1633447
-0.1543776
-0.1264145
-0.1008521
-0.1043893
-0.1376917
-0.1692471
-0.1591860
-0.0836208
0.0645133
0.2901071
0.5978898
0.9675856
1.3258610
1.5591481
1.5778016
1.3806902
1.0568116
0.7220405
0.4524086
0.2661184
0.1476958
0.0754003
0.0308236
-0.0019537
-0.0345451
-0.0688589
-0.0973763
-0.1138141
-0.1234234
-0.1376482
-0.1575448
-0.1695322
-0.1625793
-0.1441510
-0.1318998
-0.1324475
-0.1363274
-0.1338678
-0.1284070
-0.1298210
-0.1387121
-0.1424064
-0.1286053
-0.1011152
-0.0778924
-0.0714414
-0.0750443
-0.0733704
-0.0636384
-0.0577094
-0.0622874
-0.0663113
-0.0540124
-0.0252889
0.0037940
0.0191727
0.0218670
0.0227181
0.0289248
0.0391225
0.0503577
0.0651480
0.0877222
0.1149740
0.1373876
0.1511225
0.1632597
0.1801886
0.1959289
0.2000847
0.1957322
0.2003155
0.2255808
0.2623302
0.2896851
0.2970727
0.2928812
0.2915062
0.2958580
0.2964838
0.2875986
0.2783593
0.2827426
0.3001633
0.3135002
0.3085570
0.2893787
0.2699001
0.2550585
0.2368560
0.2083476
0.1753672
0.1510421
0.1403146
0.1330112
0.1140295
0.0796371
0.0409017
0.0101191
-0.0122561
-0.0334654
-0.0545182
-0.0672718
-0.0663155
-0.0580300
-0.0544032
-0.0606316
-0.0717670
-0.0800055
-0.0823121
-0.0807348
-0.0775158
-0.0723113
-0.0649480
-0.0587142
-0.0575829
-0.0603936
-0.0619010
-0.0610626
-0.0638874
-0.0744140
-0.0860644
-0.0872163
-0.0749906
-0.0593067
-0.0522812
-0.0564558
-0.0650712
-0.0721404
-0.0793764
-0.0917154
-0.1073362
-0.1160867
-0.1106555
-0.0970251
-0.0892554
-0.0939929
-0.1047752
-0.1128628
-0.1185509
-0.1275238
-0.1388427
-0.1426892
-0.1323043
-0.1151446
-0.1076535
-0.1172282
-0.1323487
-0.1352890
-0.1245354
-0.1183791
-0.1320479
-0.1558609
-0.1637108
-0.1433817
-0.1117487
-0.0965335
-0.1069562
-0.1269196
-0.1357726
-0.1305303
-0.1248010
-0.1287262
-0.1360753
-0.1339188
-0.1206861
-0.1081180
-0.1054732
-0.1086269
-0.1084151
-0.1047739
-0.1061979
-0.1159099
-0.1243143
-0.1182643
-0.0962455
-0.0717507
-0.0605483
-0.0651554
-0.0732339
-0.0716312
-0.0599647
-0.0483486
-0.0433435
-0.0400063
-0.0288684
-0.0081378
0.0131953
0.0239571
0.0214305
0.0130010
0.0069887
0.0028505
-0.0067640
-0.0234543
-0.0368844
-0.0361442
-0.0260718
-0.0259924
-0.0489473
-0.0854382
-0.1125004
-0.1190351
-0.1178205
-0.1288287
-0.1526447
-0.1671488
-0.1545623
-0.1269999
-0.1164397
-0.1380228
-0.1714056
-0.1845611
-0.1712798
-0.1562477
-0.1625415
-0.1827829
-0.1892125
-0.1690771
-0.1409149
-0.1314381
-0.1420474
-0.1478299
-0.1313292
-0.1080245
-0.1094913
-0.1442061
-0.1846163
-0.1940596
-0.1554065
-0.0642635
0.0984994
0.3666864
0.7440553
1.1584565
1.4749596
1.5745742
1.4351373
1.1416893
0.8193403
0.5530175
0.3602804
0.2211334
0.1171901
0.0421330
-0.0103418
-0.0530780
-0.0958289
-0.1344138
-0.1555594
-0.1538133
-0.1407194
-0.1346719
-0.1429777
-0.1569864
-0.1647368
-0.1646720
-0.1648310
-0.1709270
-0.1785452
-0.1776122
-0.1633372
-0.1420982
-0.1262024
-0.1223225
-0.1254337
-0.1251265
-0.1174576
-0.1087170
-0.1069438
-0.1113676
-0.1118289
-0.0987154
-0.0729477
-0.0457031
-0.0278249
-0.0198475
-0.0138094
-0.0047975
0.0024803
0.0014375
-0.0038404
0.0014541
0.0279019
0.0684717
0.1027646
0.1157501
0.1118762
0.1097061
0.1225318
0.1458280
0.1651640
0.1745448
0.1827691
0.2006904
0.2264157
0.2472813
0.2553293
0.2563878
0.2618850
0.2740401
0.2827432
0.2783393
0.2652644
0.2591952
0.2692630
0.2860279
0.2908138
0.2763326
0.2538691
0.2383550
0.2297775
0.2136276
0.1798757
0.1377684
0.1081480
0.1006644
0.1016694
0.0881634
0.0533692
0.0143192
-0.0081355
-0.0132095
-0.0191904
-0.0394772
-0.0656544
-0.0781361
-0.0707058
-0.0587580
-0.0612246
-0.0781035
-0.0911960
-0.0877474
-0.0777856
-0.0822620
-0.1053016
-0.1253881
-0.1182465
-0.0849758
-0.0520615
-0.0435805
-0.0579279
-0.0741055
-0.0775320
-0.0745152
-0.0801569
-0.0964568
-0.1082171
-0.1016054
-0.0817172
-0.0668922
-0.0673291
-0.0752577
-0.0781711
-0.0767510
-0.0838930
-0.1060974
-0.1311176
-0.1386035
-0.1227069
-0.1001422
-0.0928786
-0.1045460
-0.1182865
-0.1187247
-0.1111754
-0.1143550
-0.1356658
-0.1595474
-0.1632136
-0.1414730
-0.1125587
-0.0993225
-0.1072098
-0.1223348
-0.1294537
-0.1279286
-0.1282020
-0.1356728
-0.1431963
-0.1407429
-0.1286364
-0.1175810
-0.1163126
-0.1222484
-0.1254449
-0.1203192
-0.1116555
-0.1084995
-0.1130790
-0.1175603
-0.1126457
-0.0980344
-0.0823790
-0.0731625
-0.0689803
-0.0630197
-0.0525808
-0.0427644
-0.0399034
-0.0424059
-0.0402013
-0.0250063
-0.0008327
0.0180450
0.0211596
0.0126909
0.0063208
0.0097303
0.0164951
0.0142760
-0.0005592
-0.0186097
-0.0283224
-0.0299025
-0.0360320
-0.0573937
-0.0891000
-0.1147222
-0.1243845
-0.1255449
-0.1329390
-0.1496223
-0.1625596
-0.1588691
-0.1434426
-0.1359115
-0.1487603
-0.1716633
-0.1819148
-0.1707094
-0.1543896
-0.1555924
-0.1754780
-0.1906906
-0.1798286
-0.1482829
-0.1218048
-0.1165355
-0.1212848
-0.1134760
-0.0904492
-0.0784824
-0.1053631
-0.1630688
-0.1995690
-0.1488992
0.0290276
0.3307025
0.7155832
1.1171924
1.4499805
1.6253919
1.5878564
1.3527678
1.0101615
0.6784815
0.4375863
0.2933282
0.1998178
0.1132063
0.0256377
-0.0450785
-0.0874511
-0.1113209
-0.1340907
-0.1599751
-0.1775367
-0.1761187
-0.1602748
-0.1456668
-0.1424070
-0.1459427
-0.1455701
-0.1391394
-0.1356652
-0.1431826
-0.1571909
-0.1636440
-0.1530581
-0.1302521
-0.1097670
-0.1021388
-0.1050420
-0.1078352
-0.1039657
-0.0973855
-0.0959845
-0.1000045
-0.0993434
-0.0835992
-0.0542565
-0.0255254
-0.0117267
-0.0131910
-0.0154616
-0.0040084
0.0202163
0.0417156
0.0479472
0.0442106
0.0487200
0.0729053
0.1087975
0.1373295
0.1481593
0.1493076
0.1565663
0.1751873
0.1949154
0.2038278
0.2039988
0.2095672
0.2292799
0.2549715
0.2703888
0.2698685
0.2643501
0.2674100
0.2779641
0.2807680
0.2652991
0.2411313
0.2301273
0.2422256
0.2622586
0.2641511
0.2373583
0.1960789
0.1620716
0.1419850
0.1243724
0.0970602
0.0627163
0.0348845
0.0209364
0.0132621
-0.0010477
-0.0246109
-0.0475169
-0.0604400
-0.0660668
-0.0748404
-0.0911558
-0.1073404
-0.1123415
-0.1045135
-0.0939005
-0.0917113
-0.0986679
-0.1050242
-0.1023761
-0.0940654
-0.0918315
-0.1016487
-0.1146847
-0.1146187
-0.0947153
-0.0667565
-0.0516047
-0.0599790
-0.0826755
-0.1004211
-0.1031225
-0.0980422
-0.0987512
-0.1084536
-0.1170222
-0.1140857
-0.1017564
-0.0923108
-0.0946035
-0.1054021
-0.1148252
-0.1183786
-0.1210730
-0.1292070
-0.1405556
-0.1457508
-0.1395852
-0.1280943
-0.1222823
-0.1261696
-0.1338011
-0.1381911
-0.1402186
-0.1460782
-0.1567912
-0.1638622
-0.1581865
-0.1424618
-0.1310774
-0.1352588
-0.1500661
-0.1596582
-0.1557965
-0.1475280
-0.1496913
-0.1635291
-0.1729007
-0.1616804
-0.1330589
-0.1085465
-0.1068181
-0.1250987
-0.1432239
-0.1453378
-0.1347524
-0.1262136
-0.1263432
-0.1258737
-0.1119997
-0.0851647
-0.0602391
-0.0508597
-0.0549186
-0.0575638
-0.0482904
-0.0328558
-0.0264272
-0.0356045
-0.0498182
-0.0519865
-0.0364706
-0.0146971
-0.0033925
-0.0092629
-0.0261123
-0.0452888
-0.0659006
-0.0928410
-0.1257557
-0.1534967
-0.1627659
-0.1524759
-0.1371139
-0.1339354
-0.1472105
-0.1662531
-0.1785260
-0.1826338
-0.1869316
-0.1963342
-0.2038336
-0.1981328
-0.1793047
-0.1628619
-0.1647422
-0.1831981
-0.1995772
-0.1986189
-0.1848293
-0.1750873
-0.1762912
-0.1761640
-0.1603743
-0.1359340
-0.1296248
-0.1576608
-0.1986450
-0.2017283
-0.1225815
0.0516482
0.3104105
0.6384678
1.0099146
1.3611243
1.5877452
1.5957494
1.3737377
1.0158605
0.6630555
0.4099411
0.2596516
0.1593922
0.0692538
-0.0073139
-0.0502391
-0.0618279
-0.0694105
-0.0943809
-0.1299639
-0.1540753
-0.1585322
-0.1581309
-0.1704441
-0.1930514
-0.2063055
-0.1973962
-0.1758905
-0.1624526
-0.1654726
-0.1739287
-0.1735506
-0.1649110
-0.1611780
-0.1693331
-0.1789661
-0.1732224
-0.1492529
-0.1233215
-0.1134415
-0.1194252
-0.1239507
-0.1132846
-0.0926339
-0.0780255
-0.0756167
-0.0742396
-0.0597696
-0.0328846
-0.0083936
0.0023797
0.0041431
0.0102030
0.0253608
0.0411528
0.0490355
0.0535769
0.0676607
0.0956058
0.1265379
0.1472002
0.1577504
0.1699205
0.1898770
0.2083344
0.2116801
0.2009702
0.1944991
0.2088219
0.2397237
0.2658931
0.2714877
0.2614040
0.2523936
0.2524756
0.2539092
0.2463683
0.2317046
0.2213592
0.2207215
0.2211934
0.2103011
0.1869115
0.1618957
0.1430297
0.1236395
0.0908231
0.0442751
0.0017180
-0.0180222
-0.0156519
-0.0113618
-0.0235934
-0.0507445
-0.0758430
-0.0871133
-0.0898205
-0.0966844
-0.1102067
-0.1191395
-0.1130487
-0.0963722
-0.0843337
-0.0858650
-0.0944814
-0.0975571
-0.0918050
-0.0862254
-0.0899816
-0.1005448
-0.1060722
-0.0986846
-0.0831016
-0.0712970
-0.0700759
-0.0757045
-0.0804234
-0.0818618
-0.0843759
-0.0920698
-0.1026665
-0.1090867
-0.1062823
-0.0959291
-0.0849996
-0.0805747
-0.0858257
-0.0995318
-0.1176567
-0.1347684
-0.1454402
-0.1468344
-0.1411508
-0.1345035
-0.1317728
-0.1323401
-0.1318208
-0.1283479
-0.1261264
-0.1313501
-0.1442109
-0.1561422
-0.1568345
-0.1447559
-0.1297034
-0.1235780
-0.1287974
-0.1370886
-0.1398199
-0.1377125
-0.1387342
-0.1471457
-0.1570820
-0.1584644
-0.1483348
-0.1343029
-0.1262536
-0.1264390
-0.1295187
-0.1311640
-0.1331005
-0.1380633
-0.1425443
-0.1386217
-0.1235787
-0.1045981
-0.0914942
-0.0860234
-0.0811428
-0.0710638
-0.0590897
-0.0529384
-0.0534045
-0.0512890
-0.0374523
-0.0140156
0.0071358
0.0165212
0.0148357
0.0079757
-0.0019908
-0.0168623
-0.0340762
-0.0436824
-0.0379154
-0.0231351
-0.0178277
-0.0353726
-0.0694579
-0.0994608
-0.1113111
-0.1110517
-0.1159470
-0.1336429
-0.1534327
-0.1590774
-0.1475585
-0.1321787
-0.1275034
-0.1343946
-0.1419800
-0.1427605
-0.1419190
-0.1496398
-0.1661799
-0.1784375
-0.1730718
-0.1513227
-0.1284526
-0.1184981
-0.1213846
-0.1257786
-0.1229380
-0.1156379
-0.1134823
-0.1214160
-0.1337140
-0.1363184
-0.1098233
-0.0284254
0.1372486
0.4027427
0.7434601
1.0839056
1.3227338
1.3843476
1.2608328
1.0124353
0.7282149
0.4790149
0.2946359
0.1707493
0.0880468
0.0265638
-0.0272636
-0.0764914
-0.1139703
-0.1312620
-0.1308578
-0.1278436
-0.1360985
-0.1533507
-0.1638571
-0.1577921
-0.1448886
-0.1444900
-0.1621682
-0.1810439
-0.1800071
-0.1584438
-0.1377467
-0.1369955
-0.1515537
-0.1600455
-0.1506693
-0.1344752
-0.1297467
-0.1373869
-0.1382373
-0.1162575
-0.0795253
-0.0530232
-0.0509745
-0.0613603
-0.0609280
-0.0425048
-0.0219225
-0.0168775
-0.0239911
-0.0219862
0.0031527
0.0415545
0.0710139
0.0821912
0.0870475
0.1012690
0.1234412
0.1373872
0.1348591
0.1296662
0.1440424
0.1822627
0.2232465
0.2421331
0.2365605
0.2276929
0.2354360
0.2567959
0.2717191
0.2682909
0.2571168
0.2583450
0.2773713
0.2982378
0.3021194
0.2883380
0.2728867
0.2670331
0.2626510
0.2425645
0.2035827
0.1638869
0.1444936
0.1455370
0.1451534
0.1228299
0.0805934
0.0383435
0.0104065
-0.0081693
-0.0304681
-0.0575501
-0.0754196
-0.0730230
-0.0585642
-0.0531108
-0.0680758
-0.0930192
-0.1083266
-0.1078394
-0.1046639
-0.1134379
-0.1305041
-0.1361961
-0.1174298
-0.0846966
-0.0634876
-0.0690139
-0.0916776
-0.1085125
-0.1072357
-0.0966547
-0.0934768
-0.1019388
-0.1095639
-0.1029579
-0.0846769
-0.0716269
-0.0768747
-0.0953703
-0.1094402
-0.1079947
-0.0984885
-0.0985400
-0.1160222
-0.1390436
-0.1470976
-0.1322148
-0.1079518
-0.0965091
-0.1072316
-0.1287709
-0.1425345
-0.1423715
-0.1391471
-0.1458518
-0.1607008
-0.1680309
-0.1565225
-0.1339473
-0.1208003
-0.1289658
-0.1490032
-0.1604851
-0.1541904
-0.1417524
-0.1422520
-0.1605348
-0.1808567
-0.1826470
-0.1615134
-0.1336173
-0.1197108
-0.1260771
-0.1412710
-0.1498570
-0.1474004
-0.1418925
-0.1423631
-0.1481465
-0.1499141
-0.1404016
-0.1229532
-0.1088583
-0.1061744
-0.1113305
-0.1121058
-0.0995007
-0.0771447
-0.0586572
-0.0546214
-0.0614538
-0.0638120
-0.0493981
-0.0218933
0.0015517
0.0064430
-0.0056389
-0.0200926
-0.0250016
-0.0222818
-0.0228608
-0.0327951
-0.0470043
-0.0573385
-0.0640364
-0.0756196
-0.0969920
-0.1209932
-0.1352743
-0.1373445
-0.1391680
-0.1538996
-0.1790216
-0.1962683
-0.1905452
-0.1675634
-0.1496420
-0.1529604
-0.1710648
-0.1833048
-0.1788394
-0.1686939
-0.1717457
-0.1907883
-0.2068518
-0.1991278
-0.1679922
-0.1347422
-0.1186288
-0.1180616
-0.1174102
-0.1100093
-0.1083805
-0.1275627
-0.1589878
-0.1634697
-0.0910018
0.0914021
0.3845711
0.7560189
1.1421195
1.4534780
1.5971355
1.5196317
1.2462999
0.8794161
0.5445901
0.3205361
0.2056113
0.1437518
0.0814776
0.0056754
-0.0629974
-0.1032141
-0.1162229
-0.1211505
-0.1344455
-0.1568461
-0.1779071
-0.1890592
-0.1907797
-0.1889986
-0.1873700
-0.1843616
-0.1773980
-0.1684554
-0.1639159
-0.1675656
-0.1739143
-0.1707405
-0.1509533
-0.1221775
-0.1019225
-0.1008137
-0.1113627
-0.1159974
-0.1066146
-0.0930399
-0.0893474
-0.0937271
-0.0872782
-0.0556891
-0.0093045
0.0234129
0.0239763
0.0028652
-0.0116195
-0.0018412
0.0245861
0.0479236
0.0595991
0.0691594
0.0896386
0.1206477
0.1487173
0.1629811
0.1672932
0.1753029
0.1945875
0.2175730
0.2292915
0.2241762
