0.1221665
0.1366129
0.1017552
0.0769187
0.0924971
0.1318955
0.1660036
0.1785975
0.1687635
0.1540006
0.1636172
0.2055282
0.2452251
0.2402736
0.1926042
0.1459006
0.1324101
0.1414926
0.1421076
0.1197777
0.0867708
0.0660626
0.0685108
0.0810026
0.0790021
0.0546352
0.0254958
0.0089609
-0.0030633
-0.0316376
-0.0779775
-0.1161788
-0.1198705
-0.0893769
-0.0527265
-0.0435310
-0.0740068
-0.1236359
-0.1560066
-0.1513378
-0.1223630
-0.0986266
-0.0994733
-0.1216337
-0.1445865
-0.1447983
-0.1132277
-0.0658681
-0.0328553
-0.0313434
-0.0507543
-0.0670949
-0.0681655
-0.0613203
-0.0591216
-0.0615924
-0.0544956
-0.0267723
0.0104595
0.0281540
0.0085074
-0.0335032
-0.0655991
-0.0741373
-0.0757383
-0.0909289
-0.1145971
-0.1199431
-0.0904289
-0.0427075
-0.0146865
-0.0299917
-0.0755582
-0.1166006
-0.1321457
-0.1304539
-0.1293540
-0.1304675
-0.1199426
-0.0897995
-0.0494836
-0.0159186
0.0014311
0.0034625
-0.0058566
-0.0245017
-0.0485862
-0.0660953
-0.0608326
-0.0286674
0.0115206
0.0309596
0.0193278
-0.0037071
-0.0095715
0.0079890
0.0261169
0.0174622
-0.0202094
-0.0603879
-0.0748470
-0.0638600
-0.0560620
-0.0759555
-0.1153929
-0.1429134
-0.1400163
-0.1215054
-0.1179345
-0.1429108
-0.1814513
-0.2081476
-0.2125657
-0.2057011
-0.2034743
-0.2072741
-0.2037243
-0.1833313
-0.1554143
-0.1414068
-0.1537975
-0.1827006
-0.2026165
-0.1933981
-0.1583211
-0.1228479
-0.1120001
-0.1264270
-0.1431705
-0.1405337
-0.1145100
-0.0621098
0.0475821
0.2673869
0.6168092
1.0251411
1.3408039
1.4215022
1.2378630
0.8973874
0.5626932
0.3367611
0.2151630
0.1329040
0.0432578
-0.0483680
-0.1110296
-0.1311656
-0.1261211
-0.1235710
-0.1356593
-0.1541695
-0.1658777
-0.1674287
-0.1654420
-0.1671164
-0.1738643
-0.1816082
-0.1839955
-0.1767464
-0.1621808
-0.1489349
-0.1440995
-0.1453821
-0.1436565
-0.1340522
-0.1222090
-0.1173720
-0.1196233
-0.1164175
-0.0947186
-0.0573207
-0.0239020
-0.0117591
-0.0159916
-0.0135306
0.0110193
0.0470234
0.0690597
0.0657920
0.0543956
0.0642911
0.1062852
0.1585716
0.1853234
0.1712168
0.1371240
0.1194720
0.1338548
0.1612680
0.1712376
0.1563295
0.1408506
0.1542911
0.1970866
0.2351573
0.2311449
0.1815375
0.1205048
0.0855614
0.0816296
0.0814161
0.0593590
0.0207594
-0.0043780
0.0054476
0.0381245
0.0564537
0.0319534
-0.0295151
-0.0953649
-0.1378004
-0.1556411
-0.1657987
-0.1784180
-0.1856546
-0.1750681
-0.1494057
-0.1281431
-0.1276704
-0.1422005
-0.1486348
-0.1323262
-0.1048936
-0.0919027
-0.1031214
-0.1199796
-0.1155704
-0.0845854
-0.0494420
-0.0363670
-0.0482824
-0.0636908
-0.0616759
-0.0447507
-0.0343439
-0.0451311
-0.0684313
-0.0829252
-0.0779589
-0.0618457
-0.0488859
-0.0442966
-0.0444802
-0.0479425
-0.0599117
-0.0841477
-0.1129518
-0.1296970
-0.1237338
-0.1018599
-0.0826214
-0.0786923
-0.0863093
-0.0922447
-0.0887861
-0.0798824
-0.0735320
-0.0706398
-0.0631890
-0.0442175
-0.0189947
-0.0032662
-0.0068559
-0.0194665
-0.0177621
0.0094858
0.0449306
0.0561011
0.0279905
-0.0189882
-0.0462402
-0.0332951
0.0038809
0.0310370
0.0294023
0.0081644
-0.0146028
-0.0353997
-0.0641530
-0.1040296
-0.1420720
-0.1633928
-0.1687392
-0.1713924
-0.1779472
-0.1791155
-0.1634110
-0.1365195
-0.1210632
-0.1354327
-0.1758208
-0.2204805
-0.2478457
-0.2475965
-0.2198305
-0.1739377
-0.1301047
-0.1109260
-0.1206660
-0.1352821
-0.1244014
-0.0882244
-0.0656145
-0.0962471
-0.1735323
-0.2398127
-0.2292042
-0.1106493
0.1105531
0.4178440
0.7872836
1.1592130
1.4255180
1.4772226
1.2856091
0.9371372
0.5790673
0.3212776
0.1804872
0.1049501
0.0399780
-0.0308182
-0.0931532
-0.1319614
-0.1475701
-0.1504231
-0.1504977
-0.1535089
-0.1609104
-0.1688590
-0.1695755
-0.1583479
-0.1399984
-0.1266640
-0.1287863
-0.1483623
-0.1784983
-0.2060567
-0.2153919
-0.1953392
-0.1484617
-0.0941486
-0.0581442
-0.0538674
-0.0722981
-0.0916753
-0.0979806
-0.0943855
-0.0900271
-0.0833744
-0.0620808
-0.0199343
0.0308388
0.0682836
0.0810146
0.0771509
0.0730921
0.0764898
0.0827095
0.0866627
0.0934066
0.1131276
0.1463684
0.1786386
0.1925435
0.1838278
0.1632732
0.1444258
0.1332833
0.1301916
0.1365696
0.1539753
0.1759661
0.1858774
0.1685837
0.1264391
0.0807408
0.0534573
0.0464338
0.0401920
0.0141903
-0.0322235
-0.0784841
-0.1006546
-0.0910662
-0.0637771
-0.0430466
-0.0444030
-0.0630452
-0.0795304
-0.0787332
-0.0648591
-0.0570988
-0.0690168
-0.0926102
-0.1051196
-0.0932070
-0.0688544
-0.0583131
-0.0749721
-0.1059619
-0.1267477
-0.1255313
-0.1098617
-0.0920729
-0.0753551
-0.0567950
-0.0385067
-0.0284576
-0.0297335
-0.0349221
-0.0355642
-0.0344081
-0.0418374
-0.0585887
-0.0683080
-0.0541932
-0.0219303
0.0014374
-0.0046697
-0.0319965
-0.0539765
-0.0562979
-0.0502332
-0.0542381
-0.0693413
-0.0798826
-0.0768729
-0.0716238
-0.0803581
-0.0993608
-0.1044726
-0.0786622
-0.0345871
-0.0032910
-0.0012626
-0.0142157
-0.0149664
0.0073756
0.0396281
0.0625262
0.0701079
0.0695874
0.0669851
0.0592069
0.0418981
0.0208985
0.0102479
0.0168474
0.0296882
0.0279308
0.0009329
-0.0407042
-0.0750063
-0.0895056
-0.0917278
-0.0985490
-0.1161300
-0.1331831
-0.1360954
-0.1281308
-0.1276149
-0.1445471
-0.1643252
-0.1626029
-0.1373454
-0.1182600
-0.1359795
-0.1821922
-0.2090848
-0.1760329
-0.0956529
-0.0263694
-0.0160870
-0.0578341
-0.1057093
-0.1299231
-0.1450971
-0.1798043
-0.2261194
-0.2301412
-0.1338460
0.0803945
0.3877633
0.7496593
1.1260025
1.4557726
1.6463728
1.6143451
1.3558243
0.9724433
0.6108655
0.3637662
0.2238749
0.1272606
0.0304914
-0.0582199
-0.1110142
-0.1230233
-0.1151546
-0.1055854
-0.0948188
-0.0814906
-0.0792293
-0.1045928
-0.1507225
-0.1863306
-0.1879346
-0.1671127
-0.1575019
-0.1759802
-0.2043027
-0.2112458
-0.1863545
-0.1461614
-0.1111122
-0.0861133
-0.0672401
-0.0591776
-0.0738567
-0.1088188
-0.1360583
-0.1237020
-0.0714277
-0.0179192
-0.0059584
-0.0385398
-0.0727065
-0.0601818
0.0050385
0.0804824
0.1171996
0.1073066
0.0885111
0.1019946
0.1488592
0.1905844
0.1908406
0.1529042
0.1148750
0.1117255
0.1456272
0.1913450
0.2234617
0.2334060
0.2238285
0.1968752
0.1550065
0.1097081
0.0794170
0.0731054
0.0786103
0.0725635
0.0432076
0.0013360
-0.0319366
-0.0460869
-0.0485495
-0.0532778
-0.0655378
-0.0793975
-0.0879776
-0.0924797
-0.0994129
-0.1102652
-0.1162296
-0.1044363
-0.0701825
-0.0242973
0.0109346
0.0150603
-0.0172338
-0.0723780
-0.1261337
-0.1571036
-0.1563631
-0.1293013
-0.0913686
-0.0602185
-0.0462159
-0.0457458
-0.0436092
-0.0256649
0.0072777
0.0376906
0.0459792
0.0294491
0.0064527
-0.0007502
0.0111871
0.0218122
0.0066153
-0.0373465
-0.0856976
-0.1074694
-0.0929138
-0.0617267
-0.0434186
-0.0485080
-0.0588820
-0.0473565
-0.0070137
0.0396617
0.0614806
0.0482833
0.0201550
0.0077876
0.0240066
0.0536809
0.0699776
0.0596952
0.0335769
0.0138820
0.0132410
0.0248142
0.0306703
0.0182040
-0.0107990
-0.0448820
-0.0746671
-0.0993290
-0.1222259
-0.1423869
-0.1531051
-0.1499674
-0.1385393
-0.1316558
-0.1383272
-0.1558089
-0.1725686
-0.1785430
-0.1730728
-0.1644875
-0.1626677
-0.1706631
-0.1818432
-0.1855794
-0.1778601
-0.1671640
-0.1674981
-0.1827323
-0.1989907
-0.1976984
-0.1790944
-0.1687954
-0.1935227
-0.2467268
-0.2804055
-0.2341055
-0.0736564
0.1942983
0.5348250
0.8990069
1.2238475
1.4325986
1.4591529
1.2909378
0.9918123
0.6734857
0.4299582
0.2868196
0.2052831
0.1313475
0.0432221
-0.0412900
-0.0947841
-0.1125392
-0.1157856
-0.1270880
-0.1473213
-0.1599419
-0.1564365
-0.1516784
-0.1690347
-0.2113599
-0.2529496
-0.2646338
-0.2447281
-0.2198079
-0.2136944
-0.2209173
-0.2161780
-0.1880447
-0.1552025
-0.1445723
-0.1578158
-0.1678709
-0.1508002
-0.1148201
-0.0910845
-0.0961281
-0.1095021
-0.0931885
-0.0325784
0.0447990
0.0924363
0.0859774
0.0421972
0.0009054
-0.0087534
0.0138648
0.0492899
0.0779889
0.0930546
0.0997250
0.1080017
0.1253899
0.1519208
0.1781551
0.1887988
0.1730300
0.1354168
0.0964657
0.0786319
0.0882751
0.1104360
0.1219309
0.1101599
0.0801509
0.0456139
0.0156220
-0.0098016
-0.0338841
-0.0566126
-0.0755099
-0.0912336
-0.1092025
-0.1334906
-0.1594058
-0.1742238
-0.1676102
-0.1428857
-0.1181316
-0.1141800
-0.1379155
-0.1749154
-0.1996439
-0.1966236
-0.1742034
-0.1567915
-0.1609895
-0.1779180
-0.1799057
-0.1467139
-0.0867862
-0.0328469
-0.0155657
-0.0399128
-0.0852258
-0.1260739
-0.1519685
-0.1685975
-0.1839679
-0.1964416
-0.1961910
-0.1765042
-0.1427273
-0.1103012
-0.0935309
-0.0946554
-0.1028623
-0.1047487
-0.0971829
-0.0900439
-0.0950443
-0.1113059
-0.1237177
-0.1179581
-0.0969366
-0.0793063
-0.0797595
-0.0929673
-0.1005263
-0.0933566
-0.0826153
-0.0854133
-0.1023986
-0.1147217
-0.1048020
-0.0767396
-0.0526329
-0.0492844
-0.0617289
-0.0707132
-0.0637332
-0.0462533
-0.0335929
-0.0349212
-0.0453006
-0.0502196
-0.0365574
-0.0025783
0.0385837
0.0659704
0.0662214
0.0449930
0.0209074
0.0047648
-0.0143956
-0.0577697
-0.1283877
-0.1971516
-0.2237844
-0.1958638
-0.1455843
-0.1232893
-0.1514703
-0.2049635
-0.2373742
-0.2267097
-0.1942090
-0.1787765
-0.1952614
-0.2207355
-0.2225143
-0.1963097
-0.1710238
-0.1733562
-0.1924762
-0.1886442
-0.1410974
-0.0819798
-0.0724065
-0.1387894
-0.2344540
-0.2683098
-0.1725663
0.0564895
0.3747208
0.7286999
1.0667853
1.3223741
1.4155006
1.2984695
1.0072798
0.6565823
0.3686051
0.1971560
0.1137934
0.0585537
-0.0028203
-0.0658782
-0.1134700
-0.1400769
-0.1513979
-0.1524122
-0.1448125
-0.1334478
-0.1275437
-0.1333483
-0.1491891
-0.1693304
-0.1892959
-0.2052810
-0.2125170
-0.2099375
-0.2055634
-0.2102809
-0.2223550
-0.2227819
-0.1936642
-0.1424172
-0.1014363
-0.0980975
-0.1263598
-0.1526529
-0.1500929
-0.1224003
-0.0924194
-0.0726677
-0.0542119
-0.0241982
0.0133678
0.0403924
0.0465038
0.0422285
0.0476749
0.0702909
0.0967256
0.1066895
0.0933815
0.0706024
0.0616522
0.0810320
0.1234382
0.1674294
0.1911164
0.1887744
0.1747765
0.1699810
0.1821480
0.1998309
0.2062699
0.1974956
0.1834312
0.1712175
0.1529398
0.1159081
0.0647903
0.0262110
0.0241456
0.0507411
0.0677683
0.0419131
-0.0222844
-0.0874550
-0.1202634
-0.1195360
-0.1077274
-0.1008223
-0.0936248
-0.0746688
-0.0482601
-0.0347927
-0.0491143
-0.0831614
-0.1123483
-0.1168219
-0.0944641
-0.0564249
-0.0162403
0.0149161
0.0279947
0.0186140
-0.0079564
-0.0374271
-0.0551931
-0.0550031
-0.0396661
-0.0162282
0.0068134
0.0196289
0.0149163
-0.0036740
-0.0190257
-0.0128082
0.0159713
0.0464420
0.0534751
0.0306294
-0.0057009
-0.0342948
-0.0480379
-0.0535458
-0.0557186
-0.0490952
-0.0278016
-0.0011631
0.0072022
-0.0189545
-0.0672344
-0.1005906
-0.0873733
-0.0303579
0.0340140
0.0668421
0.0588459
0.0328298
0.0164534
0.0156324
0.0165127
0.0106906
0.0112600
0.0382861
0.0898420
0.1343927
0.1370222
0.0921973
0.0271264
-0.0267516
-0.0608920
-0.0864312
-0.1095733
-0.1194686
-0.1047985
-0.0774201
-0.0700968
-0.1050951
-0.1664740
-0.2085932
-0.1960265
-0.1367610
-0.0767238
-0.0613228
-0.0996090
-0.1613324
-0.2054972
-0.2125028
-0.1929022
-0.1697767
-0.1551863
-0.1436150
-0.1262853
-0.1085632
-0.1095114
-0.1416978
-0.1918952
-0.2247401
-0.2073541
-0.1283160
0.0103547
0.2155801
0.5037069
0.8641849
1.2212160
1.4476646
1.4411432
1.2032169
0.8461773
0.5149338
0.2927495
0.1720835
0.1021256
0.0501312
0.0144698
-0.0058418
-0.0312792
-0.0817862
-0.1462222
-0.1873530
-0.1823045
-0.1506788
-0.1349309
-0.1548345
-0.1888349
-0.2023507
-0.1876716
-0.1688826
-0.1692428
-0.1824781
-0.1816954
-0.1529785
-0.1127166
-0.0893941
-0.0926320
-0.1048724
-0.1029028
-0.0830067
-0.0621991
-0.0567068
-0.0632977
-0.0634891
-0.0441645
-0.0110629
0.0186884
0.0350335
0.0432992
0.0541135
0.0684747
0.0773918
0.0780149
0.0862689
0.1259894
0.2003151
0.2758164
0.3028277
0.2586739
0.1720510
0.1010351
0.0833395
0.1071542
0.1305841
0.1276023
0.1121371
0.1173401
0.1554585
0.2021404
0.2196471
0.1917745
0.1351375
0.0810245
0.0514288
0.0505768
0.0697205
0.0915422
0.0924134
0.0528977
-0.0231777
-0.1010910
-0.1372010
-0.1174003
-0.0730118
-0.0518032
-0.0699807
-0.0964275
-0.0885960
-0.0420208
0.0017662
-0.0014337
-0.0518769
-0.1071904
-0.1279019
-0.1144380
-0.0960136
-0.0896877
-0.0809627
-0.0477337
0.0048489
0.0435880
0.0424755
0.0113603
-0.0161837
-0.0203187
-0.0128436
-0.0164741
-0.0339713
-0.0459330
-0.0380698
-0.0213868
-0.0187986
-0.0355718
-0.0522516
-0.0500021
-0.0361433
-0.0363046
-0.0616389
-0.0920124
-0.0973698
-0.0722970
-0.0419819
-0.0324692
-0.0414230
-0.0442112
-0.0263514
-0.0016450
0.0057718
-0.0077240
-0.0197215
-0.0075514
0.0266652
0.0606174
0.0771550
0.0780634
0.0727610
0.0618783
0.0392700
0.0072403
-0.0200565
-0.0329243
-0.0399777
-0.0579967
-0.0893085
-0.1181597
-0.1333140
-0.1459346
-0.1742157
-0.2117276
-0.2248653
-0.1916135
-0.1363245
-0.1111101
-0.1382536
-0.1823611
-0.1910951
-0.1589089
-0.1346024
-0.1593118
-0.2096878
-0.2197238
-0.1599197
-0.0791449
-0.0556888
-0.1122016
-0.1929887
-0.2281923
-0.2081155
-0.1833465
-0.1966055
-0.2283844
-0.2137220
-0.1015965
0.1116187
0.3981906
0.7256599
1.0543760
1.3187438
1.4355371
1.3509347
1.0862361
0.7354095
0.4123770
0.1902107
0.0750858
0.0243108
-0.0128735
-0.0610204
-0.1105998
-0.1385290
-0.1384512
-0.1318369
-0.1468661
-0.1862584
-0.2214488
-0.2238291
-0.1994920
-0.1855339
-0.2088634
-0.2539807
-0.2779654
-0.2564528
-0.2087036
-0.1754281
-0.1773770
-0.2004969
-0.2176395
-0.2156058
-0.1983652
-0.1724527
-0.1397338
-0.1047125
-0.0788462
-0.0691748
-0.0650442
-0.0453458
-0.0039544
0.0360981
0.0412638
0.0032116
-0.0468374
-0.0632598
-0.0267493
0.0400684
0.0961384
0.1184913
0.1152565
0.1068402
0.1008483
0.0892818
0.0677051
0.0496507
0.0557353
0.0884075
0.1230041
0.1293024
0.1022699
0.0675610
0.0541354
0.0639276
0.0724840
0.0586400
0.0275267
0.0004386
-0.0136653
-0.0280582
-0.0572806
-0.0933335
-0.1113153
-0.0991854
-0.0748731
