0.2177683
0.2355118
0.2357785
0.2102751
0.1610859
0.0985529
0.0317353
-0.0360146
-0.1013962
-0.1548914
-0.1847755
-0.1884633
-0.1774746
-0.1689222
-0.1720219
-0.1831811
-0.1925715
-0.1931864
-0.1841138
-0.1691500
-0.1559670
-0.1557126
-0.1780761
-0.2210168
-0.2625318
-0.2631089
-0.1799355
0.0138564
0.3130041
0.6727989
1.0155491
1.2540217
1.3267472
1.2277539
1.0098345
0.7550504
0.5303784
0.3589490
0.2249966
0.1031599
-0.0152638
-0.1193863
-0.1955454
-0.2433619
-0.2754682
-0.3043393
-0.3319221
-0.3519568
-0.3598187
-0.3577715
-0.3510044
-0.3413079
-0.3270186
-0.3088416
-0.2930570
-0.2865194
-0.2883948
-0.2890069
-0.2791776
-0.2610309
-0.2475967
-0.2494052
-0.2611408
-0.2636195
-0.2413743
-0.1987699
-0.1573424
-0.1360524
-0.1345024
-0.1361750
-0.1269972
-0.1082914
-0.0908676
-0.0793517
-0.0664597
-0.0436277
-0.0137869
0.0106284
0.0229561
0.0325289
0.0568663
0.1038522
0.1631222
0.2144493
0.2418427
0.2386757
0.2036973
0.1395752
0.0587574
-0.0138889
-0.0530376
-0.0528513
-0.0338354
-0.0257636
-0.0417964
-0.0699139
-0.0892554
-0.0918992
-0.0867349
-0.0848332
-0.0865350
-0.0848864
-0.0775778
-0.0698720
-0.0653370
-0.0589416
-0.0439548
-0.0242839
-0.0143001
-0.0229388
-0.0400554
-0.0430960
-0.0191364
0.0215258
0.0555430
0.0692863
0.0694782
0.0717224
0.0820301
0.0926365
0.0949300
0.0923349
0.0977376
0.1195553
0.1533557
0.1876459
0.2150483
0.2351846
0.2476538
0.2461167
0.2223400
0.1760179
0.1186477
0.0660809
0.0265600
-0.0042518
-0.0366215
-0.0748788
-0.1117029
-0.1345326
-0.1385996
-0.1335236
-0.1350872
-0.1485888
-0.1609925
-0.1525441
-0.1184268
-0.0783725
-0.0627063
-0.0872311
-0.1400384
-0.1888178
-0.1957822
-0.1253755
0.0518846
0.3447814
0.7165758
1.0759336
1.3092407
1.3438336
1.1941955
0.9486153
0.7044452
0.5076042
0.3465746
0.1965311
0.0613829
-0.0302268
-0.0651020
-0.0717962
-0.0997225
-0.1717068
-0.2613963
-0.3205592
-0.3274629
-0.3056695
-0.2957248
-0.3125689
-0.3341214
-0.3300423
-0.2963583
-0.2582887
-0.2407766
-0.2410390
-0.2328648
-0.1964036
-0.1405771
-0.0953017
-0.0833942
-0.1010436
-0.1235656
-0.1271503
-0.1058066
-0.0727789
-0.0505446
-0.0575006
-0.0960506
-0.1471134
-0.1785025
-0.1672977
-0.1198588
-0.0678767
-0.0394714
-0.0331161
-0.0234763
0.0059893
0.0413233
0.0542916
0.0383481
0.0201897
0.0304166
0.0670738
0.0969681
0.0953627
0.0771116
0.0800703
0.1176485
0.1557264
0.1435369
0.0671147
-0.0326065
-0.0971692
-0.1043955
-0.0838981
-0.0817808
-0.1140176
-0.1553597
-0.1701051
-0.1487627
-0.1134292
-0.0908918
-0.0850015
-0.0763381
-0.0459164
0.0038802
0.0511371
0.0736253
0.0648530
0.0344458
-0.0019814
-0.0312913
-0.0448822
-0.0385067
-0.0136394
0.0219232
0.0580323
0.0890371
0.1171696
0.1489986
0.1886391
0.2342467
0.2798032
0.3181560
0.3410027
0.3371955
0.2951283
0.2115097
0.0998921
-0.0116228
-0.0957814
-0.1429303
-0.1636060
-0.1748522
-0.1852069
-0.1935665
-0.1990931
-0.2052718
-0.2104489
-0.1991755
-0.1532652
-0.0777871
-0.0122850
-0.0059280
-0.0738778
-0.1778164
-0.2529210
-0.2557237
-0.1854393
-0.0612955
0.1127767
0.3518391
0.6550495
0.9709111
1.2054343
1.2743928
1.1575382
0.9103609
0.6265904
0.3836456
0.2102004
0.0909978
-0.0046903
-0.0959158
-0.1810579
-0.2474236
-0.2870513
-0.3041774
-0.3094111
-0.3092984
-0.3042242
-0.2965042
-0.2958617
-0.3105034
-0.3309952
-0.3288719
-0.2803017
-0.1955927
-0.1220683
-0.1108040
-0.1751270
-0.2793944
-0.3677072
-0.4048932
-0.3946292
-0.3652419
-0.3421826
-0.3312522
-0.3213399
-0.2992908
-0.2638651
-0.2285538
-0.2104117
-0.2127736
-0.2177435
-0.1991100
-0.1472059
-0.0819280
-0.0382070
-0.0354342
-0.0603917
-0.0807512
-0.0751793
-0.0499378
-0.0275674
-0.0224733
-0.0292082
-0.0324460
-0.0242159
-0.0095748
0.0018085
0.0050901
0.0003163
-0.0126358
-0.0337787
-0.0569647
-0.0691922
-0.0618241
-0.0434012
-0.0367907
-0.0586708
-0.1010405
-0.1359287
-0.1410204
-0.1207025
-0.1007968
-0.1027425
-0.1240619
-0.1439494
-0.1457583
-0.1319845
-0.1179271
-0.1135731
-0.1137488
-0.1051932
-0.0807267
-0.0451708
-0.0089714
0.0209264
0.0428776
0.0563720
0.0610703
0.0619213
0.0715244
0.1012297
0.1473178
0.1893295
0.2072689
0.2019774
0.1956607
0.2091612
0.2384190
0.2547421
0.2290551
0.1567382
0.0615544
-0.0214387
-0.0680086
-0.0774013
-0.0706925
-0.0765325
-0.1108199
-0.1633973
-0.2049527
-0.2120490
-0.1883556
-0.1600770
-0.1492680
-0.1536519
-0.1553183
-0.1477787
-0.1484975
-0.1787863
-0.2291396
-0.2461302
-0.1583812
0.0756544
0.4329854
0.8280167
1.1492502
1.3093258
1.2818607
1.1066171
0.8617110
0.6205553
0.4202933
0.2592949
0.1193567
-0.0089815
-0.1180678
-0.1942581
-0.2342258
-0.2504452
-0.2623403
-0.2827164
-0.3111136
-0.3375325
-0.3514604
-0.3492527
-0.3361343
-0.3225703
-0.3170603
-0.3196578
-0.3214395
-0.3116204
-0.2870978
-0.2558528
-0.2308961
-0.2205813
-0.2239019
-0.2330329
-0.2384954
-0.2331114
-0.2155782
-0.1936631
-0.1816760
-0.1885366
-0.2048873
-0.2054508
-0.1708418
-0.1099232
-0.0573031
-0.0436511
-0.0667861
-0.0938225
-0.0932453
-0.0640347
-0.0324811
-0.0224036
-0.0318109
-0.0390663
-0.0278752
-0.0020660
0.0232074
0.0390943
0.0477279
0.0518063
0.0465358
0.0263981
-0.0027495
-0.0251153
-0.0320190
-0.0343056
-0.0519735
-0.0897406
-0.1267710
-0.1351319
-0.1087346
-0.0710928
-0.0528478
-0.0629525
-0.0832679
-0.0898288
-0.0764129
-0.0570438
-0.0488990
-0.0559419
-0.0680600
-0.0718182
-0.0598149
-0.0324405
0.0043905
0.0413129
0.0684693
0.0812824
0.0854881
0.0946300
0.1189311
0.1544122
0.1838609
0.1915476
0.1794994
0.1691494
0.1842815
0.2291160
0.2814579
0.3079653
0.2885532
0.2290910
0.1531948
0.0829909
0.0265343
-0.0199553
-0.0618735
-0.0996538
-0.1297453
-0.1483644
-0.1533807
-0.1452445
-0.1290259
-0.1148996
-0.1126049
-0.1222795
-0.1320770
-0.1294646
-0.1178011
-0.1190058
-0.1524416
-0.2043020
-0.2167472
-0.1138831
0.1487016
0.5452651
0.9801684
1.3284128
1.4926471
1.4449012
1.2317275
0.9424320
0.6609966
0.4313868
0.2553688
0.1170200
0.0082717
-0.0667991
-0.1073420
-0.1287293
-0.1554105
-0.1999099
-0.2511837
-0.2862598
-0.2938412
-0.2854208
-0.2827203
-0.2951649
-0.3109400
-0.3102171
-0.2860200
-0.2512300
-0.2257268
-0.2182284
-0.2212519
-0.2221037
-0.2161173
-0.2083577
-0.2046025
-0.2037338
-0.1996786
-0.1885127
-0.1711056
-0.1491597
-0.1219559
-0.0897305
-0.0590906
-0.0407657
-0.0388539
-0.0434541
-0.0378049
-0.0149202
0.0142455
0.0316853
0.0316767
0.0273581
0.0367641
0.0634667
0.0929903
0.1081686
0.1055987
0.0956273
0.0884050
0.0836234
0.0744396
0.0578071
0.0374843
0.0179640
-0.0002965
-0.0176694
-0.0303835
-0.0331687
-0.0275717
-0.0240281
-0.0321525
-0.0495041
-0.0633302
-0.0649548
-0.0601277
-0.0621470
-0.0750899
-0.0869959
-0.0814264
-0.0542795
-0.0172904
0.0140218
0.0331252
0.0434012
0.0506480
0.0585421
0.0700064
0.0874026
0.1083359
0.1248732
0.1327483
0.1416146
0.1698133
0.2235285
0.2833499
0.3186431
0.3185885
0.3050310
0.3091349
0.3354475
0.3539710
0.3304281
0.2613419
0.1753775
0.1017722
0.0435033
-0.0158797
-0.0841999
-0.1469074
-0.1825198
-0.1864801
-0.1754762
-0.1699926
-0.1766727
-0.1873402
-0.1901257
-0.1786293
-0.1542539
-0.1263607
-0.1110976
-0.1226105
-0.1560038
-0.1759457
-0.1273449
0.0334818
0.3091453
0.6546040
0.9951666
1.2539203
1.3750118
1.3391872
1.1699374
0.9241541
0.6656817
0.4361707
0.2460636
0.0924949
-0.0173718
-0.0668341
-0.0564246
-0.0250774
-0.0333938
-0.1164202
-0.2510843
-0.3741303
-0.4359345
-0.4380522
-0.4198840
-0.4136531
-0.4175337
-0.4115244
-0.3905162
-0.3722329
-0.3719862
-0.3784878
-0.3636686
-0.3166891
-0.2610415
-0.2325510
-0.2422872
-0.2660570
-0.2709101
-0.2474374
-0.2133834
-0.1897641
-0.1802952
-0.1750416
-0.1669517
-0.1574455
-0.1470604
-0.1290936
-0.0981171
-0.0614474
-0.0350066
-0.0259057
-0.0237970
-0.0134021
0.0068134
0.0236285
0.0271340
0.0243888
0.0303534
0.0469342
0.0568521
0.0412138
0.0006485
-0.0440708
-0.0712299
-0.0750814
-0.0651822
-0.0549889
-0.0541096
-0.0663500
-0.0865556
-0.0978363
-0.0807207
-0.0348441
0.0089743
0.0088730
-0.0467526
-0.1198834
-0.1539258
-0.1290638
-0.0824806
-0.0676414
-0.0953495
-0.1229166
-0.1042115
-0.0425340
0.0153904
0.0363382
0.0400495
0.0742220
0.1553778
0.2459433
0.2933746
0.2837891
0.2490085
0.2249707
0.2154943
0.2014129
0.1747518
0.1497212
0.1384383
0.1277727
0.0911597
0.0219481
-0.0540624
-0.1035655
-0.1190230
-0.1224302
-0.1380175
-0.1668363
-0.1894601
-0.1889349
-0.1673711
-0.1425952
-0.1330215
-0.1444287
-0.1648221
-0.1692998
-0.1365198
-0.0705239
-0.0089697
-0.0011546
-0.0647881
-0.1566208
-0.1877514
-0.0784284
0.1871153
0.5454303
0.8862191
1.1074595
1.1592376
1.0557617
0.8555458
0.6256145
0.4119523
0.2318388
0.0860423
-0.0263201
-0.1049666
-0.1552000
-0.1904353
-0.2242886
-0.2610091
-0.2953605
-0.3208705
-0.3360251
-0.3430990
-0.3447551
-0.3441737
-0.3461229
-0.3534514
-0.3614940
-0.3593782
-0.3402869
-0.3101780
-0.2841566
-0.2736642
-0.2780242
-0.2876809
-0.2931282
-0.2902168
-0.2801873
-0.2680653
-0.2601434
-0.2589019
-0.2584287
-0.2474077
-0.2201797
-0.1849361
-0.1580012
-0.1481256
-0.1476620
-0.1409853
-0.1208073
-0.0940807
-0.0722299
-0.0588417
-0.0487713
-0.0366041
-0.0217615
-0.0051847
0.0143150
0.0365038
0.0543036
0.0574625
0.0445949
0.0285259
0.0241854
0.0298715
0.0253011
-0.0062365
-0.0540297
-0.0839298
-0.0709635
-0.0272340
0.0067913
0.0009323
-0.0359942
-0.0671636
-0.0656767
-0.0390307
-0.0165401
-0.0167984
-0.0311302
-0.0374608
-0.0246997
0.0001593
0.0260453
0.0522279
0.0855256
0.1262119
0.1623849
0.1810818
0.1830264
0.1827129
0.1927742
0.2108439
0.2250589
0.2321210
0.2453112
0.2800050
0.3310666
0.3687773
0.3616916
0.3051661
0.2264530
0.1606755
0.1216914
0.0960268
0.0629967
0.0177027
-0.0261401
-0.0524653
-0.0579414
-0.0514688
-0.0435958
-0.0399743
-0.0428664
-0.0528786
-0.0658753
-0.0715970
-0.0622239
-0.0456295
-0.0460250
-0.0826538
-0.1409013
-0.1642039
-0.0812852
0.1471592
0.4958099
0.8788933
1.1874339
1.3365691
1.2983672
1.1066658
0.8352181
0.5627139
0.3430259
0.1934391
0.1014025
0.0407199
-0.0128784
-0.0718887
-0.1340536
-0.1866548
-0.2169835
-0.2231158
-0.2162576
-0.2116747
-0.2162784
-0.2247781
-0.2271778
-0.2186351
-0.2021691
-0.1844367
-0.1712476
-0.1658865
-0.1677314
-0.1703656
-0.1636474
-0.1423991
-0.1148450
-0.0993810
-0.1083815
-0.1337870
-0.1512312
-0.1412243
-0.1064195
-0.0670471
-0.0403779
-0.0270034
-0.0169253
-0.0046880
0.0058926
0.0113642
0.0177166
0.0352425
0.0645956
0.0920855
0.1021495
0.0938247
0.0818267
0.0801773
0.0870322
0.0883474
0.0759850
0.0587945
0.0531988
0.0636238
0.0754489
0.0697630
0.0445198
0.0182792
0.0111715
0.0234452
0.0354544
0.0290228
0.0060362
-0.0158237
-0.0233391
-0.0198959
-0.0174995
-0.0213475
-0.0261048
-0.0252298
-0.0175783
-0.0018569
0.0302259
0.0866774
0.1586649
0.2178572
0.2385551
0.2237641
0.2041916
0.2078391
0.2326442
0.2522569
0.2472586
0.2261421
0.2143804
0.2268433
0.2543915
0.2749342
0.2717343
0.2401116
0.1836484
0.1118774
0.0407745
-0.0134549
-0.0474230
-0.0745105
-0.1093182
-0.1475508
-0.1671572
-0.1534944
-0.1203371
-0.0999987
-0.1110418
-0.1393484
-0.1540699
-0.1405179
-0.1140250
-0.1023237
-0.1188643
-0.1540336
-0.1844626
-0.1807861
-0.1065344
0.0756489
0.3767304
0.7494154
1.0880587
1.2761846
1.2528050
1.0463536
0.7501926
0.4626338
0.2396170
0.0882240
-0.0103867
-0.0780398
-0.1313648
-0.1815167
-0.2321398
-0.2778581
-0.3102598
-0.3282652
-0.3404520
-0.3540016
-0.3620838
-0.3469569
-0.2998570
-0.2376757
-0.1962213
-0.2034138
-0.2571394
-0.3275798
-0.3795299
-0.3941830
-0.3758868
-0.3447906
-0.3235622
-0.3243972
-0.3410240
-0.3515787
-0.3343813
-0.2869782
-0.2307771
-0.1931990
-0.1821726
-0.1793972
-0.1613850
-0.1263458
-0.0964729
-0.0921326
-0.1071252
-0.1137692
-0.0925007
-0.0522915
-0.0185283
-0.0025416
0.0113385
0.0451795
0.0967911
0.1356146
0.1317332
0.0859376
0.0275082
-0.0161406
-0.0427086
-0.0672744
-0.0974378
-0.1232175
-0.1322881
-0.1287408
-0.1299452
-0.1449489
-0.1626281
-0.1663895
-0.1577799
-0.1579196
-0.1823922
-0.2196167
-0.2406266
-0.2307694
-0.2069350
-0.2003635
-0.2247489
-0.2651349
-0.2976153
-0.3144728
-0.3258321
-0.3397806
-0.3491276
-0.3420380
-0.3208752
-0.3021242
-0.2951435
-0.2858827
-0.2470518
-0.1652751
-0.0569333
0.0420633
0.1005341
0.1084886
0.0769606
0.0284954
-0.0126318
-0.0291131
-0.0179601
0.0110533
0.0524596
0.1265607
0.2791312
0.5466555
0.9102397
1.2815215
1.5419335
1.6103939
1.4881228
1.2480299
0.9822360
0.7521778
0.5748360
0.4410134
0.3373754
0.2537909
0.1814648
0.1140695
0.0512444
-0.0042519
-0.0547566
-0.1088559
-0.1698047
-0.2244021
-0.2504281
-0.2401173
-0.2134115
-0.2008579
-0.2114675
-0.2234555
-0.2117518
-0.1802857
-0.1584088
-0.1648181
-0.1842243
-0.1863691
-0.1627704
-0.1341379
-0.1203491
-0.1145505
-0.0973344
-0.0712152
-0.0634117
-0.0846788
-0.0972375
-0.0457697
0.0720301
0.1807080
0.1918269
0.0962057
-0.0200307
-0.0592010
-0.0074860
0.0593384
0.0612713
-0.0057158
-0.0778338
-0.1002912
-0.0810115
-0.0666012
-0.0803754
-0.0997084
-0.0929107
-0.0626892
-0.0428606
-0.0578088
-0.0965811
-0.1290062
-0.1392295
-0.1368708
-0.1386078
-0.1479773
-0.1571379
-0.1616204
-0.1633072
-0.1586960
-0.1356914
-0.0911654
-0.0462683
-0.0307483
-0.0471908
-0.0596962
-0.0290885
0.0392249
0.0897534
0.0664510
-0.0305754
-0.1405683
-0.1966205
-0.1841281
-0.1450431
-0.1293031
-0.1487046
-0.1770902
-0.1852237
-0.1680262
-0.1422737
-0.1269869
-0.1280164
-0.1362587
-0.1366609
-0.1199028
-0.0886190
-0.0548618
-0.0315804
-0.0233030
-0.0219115
-0.0131915
0.0083858
0.0320985
0.0425387
0.0383040
0.0339666
0.0432378
0.0661868
0.0941755
0.1198971
0.1378957
0.1403232
0.1187031
0.0708350
0.0062851
-0.0531272
-0.0825977
-0.0744820
-0.0521405
