0.0898133
0.1074957
0.1167816
0.1200426
0.1282473
0.1526458
0.1905827
0.2269743
0.2506283
0.2639081
0.2763014
0.2937654
0.3152048
0.3349052
0.3470381
0.3509831
0.3531807
0.3610161
0.3740039
0.3831751
0.3798680
0.3635575
0.3408503
0.3184132
0.2973526
0.2737017
0.2443648
0.2126670
0.1867475
0.1715031
0.1632065
0.1530254
0.1347637
0.1086177
0.0794873
0.0533426
0.0336288
0.0191142
0.0061370
-0.0054358
-0.0098929
-0.0020254
0.0143257
0.0268401
0.0256808
0.0132930
0.0017612
-0.0001798
0.0035162
0.0014216
-0.0110529
-0.0252952
-0.0292712
-0.0213647
-0.0109074
-0.0057739
-0.0041528
-0.0004183
0.0048321
0.0049738
-0.0032737
-0.0148622
-0.0225821
-0.0256963
-0.0290238
-0.0334183
-0.0311878
-0.0150657
0.0088350
0.0219406
0.0108456
-0.0170455
-0.0387296
-0.0374350
-0.0181814
-0.0015179
-0.0030962
-0.0198705
-0.0353238
-0.0369831
-0.0282346
-0.0230990
-0.0305401
-0.0456778
-0.0569518
-0.0600281
-0.0621041
-0.0720807
-0.0884971
-0.0994730
-0.0951833
-0.0791049
-0.0652737
-0.0643883
-0.0742726
-0.0847263
-0.0895648
-0.0912044
-0.0942300
-0.0982133
-0.0987842
-0.0937771
-0.0858130
-0.0791916
-0.0761436
-0.0763379
-0.0783599
-0.0806509
-0.0820932
-0.0833585
-0.0875496
-0.0974477
-0.1107449
-0.1194850
-0.1170031
-0.1059087
-0.0969849
-0.0988390
-0.1100570
-0.1227239
-0.1315528
-0.1366662
-0.1385047
-0.1346279
-0.1240683
-0.1122289
-0.1072718
-0.1110173
-0.1164560
-0.1163907
-0.1126509
-0.1134713
-0.1220498
-0.1318729
-0.1357842
-0.1363104
-0.1418183
-0.1526410
-0.1568958
-0.1441977
-0.1209440
-0.1066459
-0.1137746
-0.1344324
-0.1493572
-0.1484531
-0.1395589
-0.1372662
-0.1464386
-0.1586690
-0.1627249
-0.1550364
-0.1401797
-0.1249828
-0.1144332
-0.1108115
-0.1129375
-0.1160664
-0.1154399
-0.1112129
-0.1079891
-0.1080042
-0.1065754
-0.0973465
-0.0823770
-0.0740372
-0.0838599
-0.1094622
-0.1348577
-0.1453315
-0.1413136
-0.1364334
-0.1426719
-0.1591875
-0.1755152
-0.1832213
-0.1828469
-0.1809571
-0.1829876
-0.1893759
-0.1967810
-0.2015793
-0.2027279
-0.2026289
-0.2052416
-0.2116770
-0.2164979
-0.2101440
-0.1888496
-0.1637912
-0.1568670
-0.1811352
-0.2220342
-0.2398641
-0.1950173
-0.0732954
0.1125136
0.3425595
0.6040779
0.8790789
1.1193396
1.2461069
1.1925310
0.9591408
0.6285097
0.3170419
0.1013295
-0.0182291
-0.0903219
-0.1557982
-0.2165848
-0.2519795
-0.2542361
-0.2419604
-0.2408954
-0.2583187
-0.2799973
-0.2896159
-0.2862466
-0.2817685
-0.2851118
-0.2930056
-0.2958004
-0.2889054
-0.2764743
-0.2653095
-0.2578872
-0.2521553
-0.2463403
-0.2417374
-0.2405777
-0.2427364
-0.2455199
-0.2458387
-0.2415512
-0.2314677
-0.2159554
-0.1981350
-0.1830736
-0.1742124
-0.1703411
-0.1666651
-0.1590880
-0.1473038
-0.1338142
-0.1204020
-0.1058477
-0.0868663
-0.0610443
-0.0293142
0.0036262
0.0314756
0.0505557
0.0634052
0.0775367
0.0985055
0.1234507
0.1431553
0.1521574
0.1560258
0.1663490
0.1876749
0.2108463
0.2210087
0.2123551
0.1938901
0.1800710
0.1763926
0.1749437
0.1637551
0.1393783
0.1100321
0.0875241
0.0769754
0.0736420
0.0681680
0.0545367
0.0340293
0.0126030
-0.0053361
-0.0207264
-0.0374772
-0.0564696
-0.0725546
-0.0783193
-0.0712923
-0.0574350
-0.0472264
-0.0477279
-0.0576494
-0.0693845
-0.0756814
-0.0751462
-0.0725262
-0.0740291
-0.0812837
-0.0886961
-0.0873189
-0.0732598
-0.0530628
-0.0392798
-0.0388904
-0.0462199
-0.0487887
-0.0406010
-0.0283685
-0.0235224
-0.0289357
-0.0354540
-0.0321498
-0.0185207
-0.0049158
-0.0013126
-0.0075815
-0.0155198
-0.0187671
-0.0187348
-0.0211060
-0.0285787
-0.0380986
-0.0442465
-0.0442091
-0.0398099
-0.0357762
-0.0360914
-0.0409845
-0.0467989
-0.0493702
-0.0484492
-0.0486435
-0.0547630
-0.0654835
-0.0724703
-0.0673395
-0.0500334
-0.0296356
-0.0164029
-0.0132473
-0.0149422
-0.0144444
-0.0088933
-0.0001282
0.0086954
0.0160119
0.0224199
0.0298622
0.0402308
0.0533798
0.0656026
0.0708826
0.0651500
0.0495920
0.0287647
0.0052073
-0.0223960
-0.0540737
-0.0827167
-0.0968017
-0.0913462
-0.0753087
-0.0655276
-0.0719868
-0.0896599
-0.1053981
-0.1116439
-0.1117110
-0.1122598
-0.1140162
-0.1125986
-0.1068156
-0.1013890
-0.0993010
-0.0950824
-0.0812191
-0.0617595
-0.0537290
-0.0689145
-0.0940896
-0.0939469
-0.0363779
0.0871895
0.2675219
0.4960869
0.7645062
1.0389811
1.2449090
1.2974619
1.1634854
0.8955047
0.5981392
0.3552358
0.1861578
0.0654886
-0.0277092
-0.0887258
-0.1089152
-0.1023492
-0.0996588
-0.1176711
-0.1442093
-0.1562415
-0.1477230
-0.1344060
-0.1336968
-0.1460686
-0.1576640
-0.1565442
-0.1431343
-0.1275413
-0.1209662
-0.1288205
-0.1469922
-0.1625449
-0.1620693
-0.1443412
-0.1241391
-0.1185670
-0.1275028
-0.1315420
-0.1137562
-0.0817532
-0.0619399
-0.0693215
-0.0875750
-0.0848453
-0.0488069
-0.0003912
0.0300611
0.0360967
0.0390420
0.0594465
0.0917606
0.1128258
0.1127989
0.1098066
0.1298348
0.1757790
0.2225795
0.2441392
0.2408281
0.2371611
0.2543405
0.2891766
0.3203957
0.3316375
0.3249783
0.3135871
0.3058280
0.2987632
0.2847096
0.2604891
0.2299429
0.2001367
0.1766176
0.1604326
0.1471439
0.1291457
0.1018636
0.0693314
0.0421841
0.0277959
0.0221555
0.0132585
-0.0062328
-0.0304671
-0.0459158
-0.0454844
-0.0359323
-0.0305852
-0.0356053
-0.0447765
-0.0476688
-0.0413755
-0.0331861
-0.0323913
-0.0408445
-0.0520283
-0.0585739
-0.0595123
-0.0596016
-0.0621406
-0.0640183
-0.0593207
-0.0478311
-0.0382170
-0.0406521
-0.0554679
-0.0700780
-0.0688507
-0.0472698
-0.0167766
0.0043767
0.0054263
-0.0104002
-0.0313814
-0.0475464
-0.0559417
-0.0582831
-0.0559002
-0.0477551
-0.0328927
-0.0143266
-0.0000975
0.0007962
-0.0144437
-0.0382746
-0.0570340
-0.0616650
-0.0554448
-0.0503313
-0.0546163
-0.0645987
-0.0696358
-0.0651048
-0.0580620
-0.0583867
-0.0658084
-0.0691528
-0.0598538
-0.0437168
-0.0356806
-0.0422926
-0.0521767
-0.0466236
-0.0194461
0.0156875
0.0383405
0.0403600
0.0312026
0.0262267
0.0322896
0.0445948
0.0542454
0.0562440
0.0515672
0.0452005
0.0435524
0.0512591
0.0672685
0.0835945
0.0899051
0.0810316
0.0603059
0.0357878
0.0141604
-0.0014842
-0.0098251
-0.0101464
-0.0038716
0.0044474
0.0096960
0.0100937
0.0079176
0.0064382
0.0067453
0.0074401
0.0068049
0.0056193
0.0086963
0.0224384
0.0473803
0.0716589
0.0761538
0.0532557
0.0231956
0.0272492
0.0989418
0.2415373
0.4366589
0.6718031
0.9470544
1.2437348
1.4905620
1.5808859
1.4455032
1.1183894
0.7267621
0.4066698
0.2179620
0.1299284
0.0768172
0.0204171
-0.0345846
-0.0690132
-0.0789451
-0.0779481
-0.0803937
-0.0899908
-0.1027258
-0.1148485
-0.1258110
-0.1364280
-0.1470887
-0.1571487
-0.1642250
-0.1644956
-0.1558632
-0.1417288
-0.1303432
-0.1288134
-0.1372920
-0.1491831
-0.1568814
-0.1574167
-0.1536555
-0.1513198
-0.1545158
-0.1621871
-0.1676164
-0.1625947
-0.1445896
-0.1207674
-0.1034590
-0.0997068
-0.1048605
-0.1071325
-0.0986279
-0.0815265
-0.0638131
-0.0502853
-0.0384620
-0.0222846
0.0017543
0.0321910
0.0645017
0.0939387
0.1170808
0.1326959
0.1424808
0.1503847
0.1596154
0.1694734
0.1755226
0.1735738
0.1637925
0.1509888
0.1409780
0.1362781
0.1342557
0.1285569
0.1129046
0.0853975
0.0506081
0.0171310
-0.0086182
-0.0273530
-0.0453696
-0.0671824
-0.0897900
-0.1053239
-0.1098445
-0.1085221
-0.1109073
-0.1212499
-0.1346234
-0.1428694
-0.1432876
-0.1407319
-0.1421090
-0.1503401
-0.1635533
-0.1781039
-0.1907450
-0.1987771
-0.2006824
-0.1979840
-0.1952712
-0.1964228
-0.2006013
-0.2035016
-0.2034630
-0.2051983
-0.2155631
-0.2351578
-0.2554664
-0.2658851
-0.2638547
-0.2571054
-0.2550910
-0.2586560
-0.2595600
-0.2509301
-0.2369322
-0.2295834
-0.2346233
-0.2419110
-0.2327319
-0.1982690
-0.1499964
-0.1101139
-0.0914010
-0.0873611
-0.0819651
-0.0669975
-0.0483904
-0.0372870
-0.0382340
-0.0466602
-0.0544846
-0.0553115
-0.0463208
-0.0302210
-0.0167607
-0.0174987
-0.0333431
-0.0467378
-0.0297581
0.0385279
0.1646173
0.3489602
0.5914056
0.8747641
1.1399183
1.2915832
1.2516383
1.0221276
0.6958668
0.3959064
0.1950320
0.0862837
0.0220117
-0.0284928
-0.0613318
-0.0655463
-0.0517650
-0.0463178
-0.0630088
-0.0905173
-0.1095901
-0.1159633
-0.1207537
-0.1313208
-0.1397815
-0.1339108
-0.1149695
-0.0985790
-0.0973027
-0.1069066
-0.1131400
-0.1100142
-0.1067127
-0.1149039
-0.1324866
-0.1440416
-0.1379601
-0.1202275
-0.1087272
-0.1144432
-0.1305043
-0.1404615
-0.1355923
-0.1221361
-0.1120059
-0.1089895
-0.1059327
-0.0944810
-0.0748122
-0.0543219
-0.0381771
-0.0238683
-0.0061310
0.0142337
0.0286669
0.0290068
0.0171527
0.0061216
0.0108472
0.0365466
0.0742061
0.1062966
0.1177524
0.1041616
0.0725067
0.0358123
0.0065326
-0.0076338
-0.0051662
0.0093985
0.0271534
0.0390223
0.0411085
0.0365805
0.0309525
0.0246051
0.0111843
-0.0146264
-0.0477865
-0.0738539
-0.0817262
-0.0753898
-0.0709805
-0.0809916
-0.1024842
-0.1224991
-0.1344525
-0.1462996
-0.1705389
-0.2075894
-0.2425272
-0.2600771
-0.2613855
-0.2634315
-0.2812420
-0.3122114
-0.3392780
-0.3489583
-0.3446791
-0.3418601
-0.3509757
-0.3667436
-0.3740776
-0.3638304
-0.3420490
-0.3238011
-0.3182161
-0.3199387
-0.3158427
-0.3004916
-0.2839833
-0.2822833
-0.2986215
-0.3165030
-0.3148967
-0.2914148
-0.2669653
-0.2634603
-0.2780583
-0.2853585
-0.2684886
-0.2434565
-0.2443232
-0.2817199
-0.3222717
-0.3154679
-0.2380106
-0.1030100
0.0744886
0.3048715
0.5971732
0.9019381
1.1004345
1.0780331
0.8233797
0.4526999
0.1268514
-0.0630392
-0.1368376
-0.1693429
-0.2090603
-0.2525668
-0.2796209
-0.2903249
-0.3012852
-0.3184258
-0.3292063
-0.3229576
-0.3081934
-0.3026234
-0.3106119
-0.3190678
-0.3163648
-0.3077988
-0.3068749
-0.3150009
-0.3177928
-0.3039140
-0.2820551
-0.2729767
-0.2848215
-0.3015144
-0.2990853
-0.2716678
-0.2375679
-0.2189652
-0.2186043
-0.2190698
-0.2038063
-0.1751614
-0.1499073
-0.1393086
-0.1375943
-0.1312111
-0.1161607
-0.1017862
-0.0966044
-0.0942233
-0.0779507
-0.0402434
0.0057568
0.0374955
0.0456189
0.0425621
0.0474782
0.0652035
0.0834401
0.0901519
0.0890891
0.0943965
0.1113377
0.1272733
0.1245350
0.1003426
0.0705495
0.0532272
0.0512213
0.0526279
0.0463838
0.0336773
0.0231610
0.0181359
0.0121383
-0.0025221
-0.0245739
-0.0441656
-0.0527597
-0.0509854
-0.0466778
-0.0469879
-0.0536902
-0.0649648
-0.0788771
-0.0935293
-0.1053136
-0.1102393
-0.1087757
-0.1081390
-0.1169326
-0.1358709
-0.1547269
-0.1607760
-0.1517185
-0.1397736
-0.1414674
-0.1623373
-0.1916056
-0.2119684
-0.2143464
-0.2032995
-0.1897777
-0.1808647
-0.1766916
-0.1740984
-0.1694603
-0.1579033
-0.1343675
-0.1000725
-0.0672473
-0.0517980
-0.0568067
-0.0649555
-0.0528952
-0.0159300
0.0243529
0.0409260
0.0294701
0.0123702
0.0139512
0.0355008
0.0577466
0.0647387
0.0587821
0.0508961
0.0442543
0.0354129
0.0312978
0.0565211
0.1380548
0.2851890
0.4884558
0.7330163
1.0000549
1.2482740
1.4044509
1.3941160
1.1985031
0.8834272
0.5635531
0.3283749
0.1951874
0.1255908
0.0783892
0.0427335
0.0271393
0.0303418
0.0327008
0.0153608
-0.0191281
-0.0496437
-0.0589266
-0.0509133
-0.0457610
-0.0590339
-0.0860215
-0.1057259
-0.1003269
-0.0720658
-0.0417424
-0.0295651
-0.0361032
-0.0423946
-0.0302805
-0.0028079
0.0173070
0.0109593
-0.0165107
-0.0397992
-0.0392130
-0.0197575
-0.0033695
-0.0039505
-0.0133910
-0.0129169
0.0051646
0.0306086
0.0492227
0.0591071
0.0699879
0.0888045
0.1112651
0.1297651
0.1458083
0.1688649
0.2016849
0.2313185
0.2400193
0.2256386
0.2073361
0.2078412
0.2308296
0.2583006
0.2699852
0.2621218
0.2458981
0.2315076
0.2193087
0.2066306
0.1966803
0.1951454
0.2003058
0.2035254
0.2016348
0.2028122
0.2142289
0.2268598
0.2215211
0.1931946
0.1621330
0.1526976
0.1634275
0.1677740
0.1475072
0.1159611
0.0983723
0.0936586
0.0710036
0.0117530
-0.0557024
-0.0783870
-0.0382296
0.0223611
0.0424579
0.0045818
-0.0539995
-0.0883261
-0.0909362
-0.0857511
-0.0897710
-0.0960839
-0.0931008
-0.0839093
-0.0767439
-0.0663208
-0.0411634
-0.0103982
-0.0069742
-0.0512730
-0.1173268
-0.1507484
-0.1254280
-0.0730459
-0.0480205
-0.0685506
-0.1031226
-0.1140788
-0.0997967
-0.0842346
-0.0751847
-0.0533150
-0.0086571
0.0293915
0.0212468
-0.0192274
-0.0067786
0.1503216
0.4611034
0.8308494
1.1298066
1.2802531
1.2814338
1.1695708
0.9766469
0.7323945
0.4853430
0.2937617
0.1846205
0.1307190
0.0810546
0.0148122
-0.0420996
-0.0560064
-0.0326483
-0.0168927
-0.0462341
-0.1121460
-0.1714354
-0.1916996
-0.1800334
-0.1680164
-0.1750918
-0.1909311
-0.1913987
-0.1669417
-0.1335812
-0.1173910
-0.1287105
-0.1505280
-0.1528265
-0.1218525
-0.0774876
-0.0587273
-0.0863093
-0.1380164
-0.1652869
-0.1391080
-0.0792158
-0.0343942
-0.0334438
-0.0593838
-0.0738401
-0.0618358
-0.0451747
-0.0511158
-0.0758292
-0.0864676
-0.0581661
-0.0014683
0.0505405
0.0773142
0.0861470
0.0929468
0.0961179
0.0776337
0.0307428
-0.0192735
-0.0287266
0.0257582
0.1198134
0.1927140
0.1910468
0.1104006
0.0014136
-0.0664433
-0.0569304
0.0057779
0.0580401
0.0503058
-0.0113262
-0.0720356
-0.0783705
-0.0270609
0.0312746
0.0363242
-0.0303017
-0.1315910
-0.2088130
-0.2291300
-0.2051238
-0.1741415
-0.1625983
-0.1695078
-0.1792550
-0.1836736
-0.1884659
-0.2008450
-0.2171296
-0.2262785
-0.2235420
-0.2155251
-0.2099443
-0.2043085
-0.1899072
-0.1670527
-0.1506983
-0.1555598
-0.1760734
-0.1861112
-0.1623851
-0.1077496
-0.0494243
-0.0144553
-0.0086371
-0.0186961
-0.0304198
-0.0402314
-0.0500239
-0.0567710
-0.0526118
-0.0350743
-0.0129796
0.0009973
0.0031205
0.0018139
0.0075399
0.0207035
0.0305086
0.0253743
0.0044526
-0.0188910
-0.0215455
0.0223635
0.1348868
0.3269615
0.5902387
0.8919845
1.1783128
1.3873744
1.4688787
1.4029098
1.2099274
0.9453631
0.6780847
0.4617065
0.3147345
0.2217982
0.1538755
0.0916642
0.0353516
-0.0033046
-0.0163693
-0.0087948
0.0044297
0.0081474
-0.0045423
-0.0299334
-0.0568619
-0.0727741
-0.0703834
-0.0522635
-0.0301615
-0.0179675
