1.0117474
1.4033655
1.6451710
1.6284945
1.3596785
0.9637430
0.5983255
0.3534964
0.2206988
0.1409378
0.0708359
0.0061227
-0.0402666
-0.0653927
-0.0795388
-0.0925942
-0.1055604
-0.1143376
-0.1166538
-0.1144235
-0.1127893
-0.1180552
-0.1330239
-0.1513621
-0.1590231
-0.1463906
-0.1203196
-0.1004215
-0.1000546
-0.1121039
-0.1166369
-0.1027361
-0.0798214
-0.0658955
-0.0669102
-0.0707896
-0.0616014
-0.0367002
-0.0083075
0.0101901
0.0171399
0.0219700
0.0337675
0.0518692
0.0674697
0.0739593
0.0757551
0.0866474
0.1178411
0.1659528
0.2131225
0.2412654
0.2481708
0.2494009
0.2629372
0.2914053
0.3202350
0.3339464
0.3332836
0.3344972
0.3512062
0.3786010
0.3977304
0.3956876
0.3795514
0.3682935
0.3712354
0.3770753
0.3662264
0.3331249
0.2935026
0.2680442
0.2602508
0.2528418
0.2262506
0.1785716
0.1259270
0.0848050
0.0568134
0.0311862
-0.0003094
-0.0334673
-0.0563439
-0.0621045
-0.0566167
-0.0540240
-0.0648017
-0.0867923
-0.1071343
-0.1141660
-0.1090850
-0.1054303
-0.1148302
-0.1324988
-0.1392251
-0.1206811
-0.0846797
-0.0564715
-0.0550245
-0.0748288
-0.0926005
-0.0913137
-0.0758098
-0.0647381
-0.0694397
-0.0826065
-0.0870248
-0.0736290
-0.0504462
-0.0346874
-0.0364618
-0.0496501
-0.0586354
-0.0549283
-0.0472914
-0.0533892
-0.0792977
-0.1085248
-0.1154897
-0.0922731
-0.0597630
-0.0485556
-0.0685279
-0.1002338
-0.1174332
-0.1147796
-0.1096575
-0.1181819
-0.1350632
-0.1406368
-0.1252863
-0.1019206
-0.0926440
-0.1056370
-0.1276500
-0.1385493
-0.1311228
-0.1163957
-0.1112265
-0.1215997
-0.1371644
-0.1413179
-0.1273133
-0.1053819
-0.0935891
-0.1006608
-0.1179176
-0.1289989
-0.1271935
-0.1213845
-0.1240368
-0.1351472
-0.1408871
-0.1287317
-0.1018368
-0.0764917
-0.0658926
-0.0682463
-0.0710769
-0.0653716
-0.0540208
-0.0470724
-0.0502601
-0.0584378
-0.0595040
-0.0450015
-0.0184441
0.0059323
0.0140682
0.0042336
-0.0106464
-0.0141057
-0.0016018
0.0144241
0.0158028
-0.0040632
-0.0340798
-0.0568861
-0.0659229
-0.0702360
-0.0824915
-0.1040087
-0.1235017
-0.1305174
-0.1280211
-0.1296682
-0.1445421
-0.1661724
-0.1780352
-0.1698684
-0.1478090
-0.1284750
-0.1238772
-0.1320638
-0.1407790
-0.1386135
-0.1234697
-0.1032288
-0.0902015
-0.0935025
-0.1130014
-0.1374068
-0.1469834
-0.1182910
-0.0275285
0.1466482
0.4148241
0.7600965
1.1230976
1.4089359
1.5260713
1.4384172
1.1911891
0.8847618
0.6130868
0.4150210
0.2748481
0.1622225
0.0676427
0.0014332
-0.0327610
-0.0527255
-0.0817759
-0.1225814
-0.1540882
-0.1567212
-0.1364597
-0.1194244
-0.1236420
-0.1411969
-0.1507921
-0.1445509
-0.1369044
-0.1455641
-0.1677789
-0.1804245
-0.1645834
-0.1270632
-0.0947760
-0.0880376
-0.1013054
-0.1108594
-0.1000271
-0.0752309
-0.0572288
-0.0581150
-0.0685125
-0.0675934
-0.0443768
-0.0077730
0.0239383
0.0413765
0.0505553
0.0628343
0.0816181
0.1004684
0.1127949
0.1209809
0.1353171
0.1648150
0.2090093
0.2571195
0.2945138
0.3124291
0.3149736
0.3169453
0.3310573
0.3543352
0.3691225
0.3619505
0.3419051
0.3355473
0.3594590
0.3993442
0.4211004
0.4042532
0.3615327
0.3230090
0.3032905
0.2888873
0.2582963
0.2093355
0.1615814
0.1327239
0.1180605
0.0969094
0.0572650
0.0097761
-0.0241732
-0.0361199
-0.0398877
-0.0570048
-0.0937276
-0.1333636
-0.1517578
-0.1405461
-0.1151546
-0.0999762
-0.1060423
-0.1234073
-0.1345136
-0.1331280
-0.1288649
-0.1338972
-0.1476590
-0.1565527
-0.1485005
-0.1261348
-0.1047608
-0.0980348
-0.1064002
-0.1187958
-0.1241676
-0.1210315
-0.1169977
-0.1199276
-0.1293267
-0.1359910
-0.1305838
-0.1133304
-0.0951333
-0.0882000
-0.0950173
-0.1069289
-0.1140112
-0.1156887
-0.1201231
-0.1326515
-0.1467076
-0.1490515
-0.1348107
-0.1150759
-0.1068673
-0.1155367
-0.1294638
-0.1336499
-0.1270846
-0.1238645
-0.1362557
-0.1587923
-0.1720563
-0.1628783
-0.1388864
-0.1212290
-0.1234183
-0.1391343
-0.1510527
-0.1496135
-0.1413219
-0.1392843
-0.1478355
-0.1578581
-0.1568461
-0.1424496
-0.1254167
-0.1192156
-0.1271449
-0.1399136
-0.1456759
-0.1418106
-0.1362457
-0.1371032
-0.1417233
-0.1372978
-0.1137392
-0.0761651
-0.0433593
-0.0321592
-0.0425960
-0.0587085
-0.0642725
-0.0574350
-0.0495530
-0.0501928
-0.0549608
-0.0499517
-0.0283874
-0.0006750
0.0144936
0.0087305
-0.0092077
-0.0264701
-0.0428829
-0.0698595
-0.1117276
-0.1529840
-0.1700317
-0.1567136
-0.1340884
-0.1306712
-0.1532720
-0.1809053
-0.1890096
-0.1766954
-0.1663126
-0.1765906
-0.2006215
-0.2135104
-0.2001676
-0.1713981
-0.1506380
-0.1471830
-0.1468301
-0.1309724
-0.1023605
-0.0867559
-0.1057672
-0.1489361
-0.1750887
-0.1409845
-0.0262347
0.1684107
0.4370587
0.7681309
1.1200031
1.4048101
1.5172941
1.4017985
1.1020854
0.7424987
0.4488075
0.2737327
0.1866780
0.1257865
0.0567526
-0.0122546
-0.0596025
-0.0826964
-0.1000852
-0.1276558
-0.1598222
-0.1765569
-0.1666791
-0.1413413
-0.1241199
-0.1289370
-0.1479969
-0.1606001
-0.1535768
-0.1339272
-0.1218983
-0.1308751
-0.1531431
-0.1656605
-0.1510081
-0.1136307
-0.0757363
-0.0570588
-0.0583317
-0.0640277
-0.0600910
-0.0473925
-0.0371870
-0.0350344
-0.0322404
-0.0147760
0.0205203
0.0607009
0.0881694
0.0966185
0.0954127
0.0991933
0.1142103
0.1349060
0.1528576
0.1675469
0.1872577
0.2194399
0.2611849
0.3001495
0.3251495
0.3356967
0.3409705
0.3495225
0.3606155
0.3665536
0.3633940
0.3574192
0.3588618
0.3694015
0.3784006
0.3733621
0.3530423
0.3277047
0.3058061
0.2829171
0.2470009
0.1950902
0.1415896
0.1063461
0.0940158
0.0880965
0.0676966
0.0291319
-0.0115164
-0.0371132
-0.0478133
-0.0588738
-0.0817660
-0.1107027
-0.1293143
-0.1289532
-0.1176384
-0.1103302
-0.1128296
-0.1180272
-0.1176063
-0.1138604
-0.1169288
-0.1309263
-0.1460096
-0.1467982
-0.1288244
-0.1049312
-0.0935841
-0.1005582
-0.1134844
-0.1155886
-0.1039473
-0.0921876
-0.0947031
-0.1100916
-0.1222081
-0.1175335
-0.0998365
-0.0864631
-0.0905071
-0.1079256
-0.1229506
-0.1253344
-0.1205040
-0.1220264
-0.1354363
-0.1515355
-0.1562669
-0.1461398
-0.1325269
-0.1301420
-0.1416976
-0.1551198
-0.1569006
-0.1476419
-0.1423979
-0.1543279
-0.1790119
-0.1970844
-0.1932794
-0.1719928
-0.1529295
-0.1514579
-0.1643180
-0.1753820
-0.1745227
-0.1684682
-0.1716766
-0.1880377
-0.2047178
-0.2053525
-0.1875890
-0.1655278
-0.1551737
-0.1594460
-0.1682370
-0.1714399
-0.1693528
-0.1696609
-0.1763608
-0.1844006
-0.1854512
-0.1765006
-0.1610030
-0.1431464
-0.1241113
-0.1047218
-0.0892325
-0.0834693
-0.0883428
-0.0964003
-0.0965465
-0.0833029
-0.0615466
-0.0418004
-0.0309798
-0.0282176
-0.0292417
-0.0330980
-0.0435130
-0.0646717
-0.0971009
-0.1370239
-0.1774727
-0.2094123
-0.2245939
-0.2212781
-0.2082723
-0.2003783
-0.2061223
-0.2197171
-0.2281473
-0.2275624
-0.2294182
-0.2464341
-0.2736438
-0.2889134
-0.2753681
-0.2406343
-0.2099377
-0.2005769
-0.2069321
-0.2119938
-0.2102238
-0.2144182
-0.2385416
-0.2749570
-0.2885790
-0.2317321
-0.0666869
0.2157143
0.5838952
0.9630217
1.2516764
1.3609966
1.2587037
0.9878605
0.6445263
0.3289182
0.1026723
-0.0244076
-0.0792061
-0.0998154
-0.1162886
-0.1423828
-0.1755812
-0.2035711
-0.2160005
-0.2150808
-0.2150954
-0.2288758
-0.2534234
-0.2703735
-0.2631152
-0.2344886
-0.2064854
-0.2005266
-0.2172309
-0.2364788
-0.2380908
-0.2214102
-0.2033185
-0.1981433
-0.2023372
-0.1998419
-0.1802699
-0.1493095
-0.1216181
-0.1060866
-0.0996695
-0.0942581
-0.0864376
-0.0788438
-0.0736348
-0.0677147
-0.0552433
-0.0331082
-0.0030097
0.0300671
0.0598682
0.0812447
0.0940047
0.1050168
0.1235755
0.1521413
0.1824588
0.2034378
0.2138146
0.2251945
0.2502547
0.2879273
0.3224269
0.3383370
0.3355523
0.3278374
0.3275795
0.3342033
0.3376349
0.3306874
0.3164001
0.3040389
0.2989945
0.2962442
0.2834605
0.2519386
0.2059549
0.1606489
0.1285070
0.1071937
0.0824389
0.0447864
0.0025816
-0.0248840
-0.0288543
-0.0233229
-0.0318923
-0.0621817
-0.0971757
-0.1144953
-0.1115291
-0.1071323
-0.1184391
-0.1402323
-0.1502765
-0.1338588
-0.1001935
-0.0736380
-0.0699981
-0.0827816
-0.0924045
-0.0872538
-0.0745357
-0.0709026
-0.0837193
-0.1022377
-0.1073664
-0.0905941
-0.0634821
-0.0474164
-0.0527942
-0.0689904
-0.0764338
-0.0680758
-0.0564162
-0.0584294
-0.0758770
-0.0930194
-0.0933328
-0.0762729
-0.0568999
-0.0506990
-0.0603556
-0.0764440
-0.0881571
-0.0919169
-0.0917092
-0.0943941
-0.1046305
-0.1207249
-0.1334906
-0.1321788
-0.1155307
-0.0964622
-0.0917655
-0.1052308
-0.1231649
-0.1291373
-0.1222616
-0.1177312
-0.1279633
-0.1458185
-0.1506097
-0.1318900
-0.1039625
-0.0927335
-0.1080747
-0.1326483
-0.1402351
-0.1234428
-0.1006178
-0.0951851
-0.1101245
-0.1244035
-0.1145772
-0.0789495
-0.0396835
-0.0213758
-0.0285137
-0.0439567
-0.0477266
-0.0356809
-0.0206495
-0.0174959
-0.0277218
-0.0377504
-0.0322121
-0.0102022
0.0110958
0.0102879
-0.0191321
-0.0631773
-0.1011400
-0.1246453
-0.1421224
-0.1644814
-0.1888934
-0.2004658
-0.1908879
-0.1714399
-0.1627185
-0.1720234
-0.1862492
-0.1895536
-0.1832753
-0.1823585
-0.1930798
-0.2015820
-0.1893029
-0.1568330
-0.1258927
-0.1154487
-0.1206009
-0.1210068
-0.1095550
-0.1051046
-0.1301080
-0.1760379
-0.1955103
-0.1306581
0.0503753
0.3388973
0.6935281
1.0510846
1.3328862
1.4596471
1.3847815
1.1288849
0.7814972
0.4567278
0.2313406
0.1129016
0.0587179
0.0212118
-0.0211499
-0.0647441
-0.0993018
-0.1219720
-0.1385270
-0.1567058
-0.1791761
-0.2005442
-0.2103866
-0.2015279
-0.1781159
-0.1552752
-0.1474490
-0.1546417
-0.1617194
-0.1543748
-0.1355365
-0.1225830
-0.1269121
-0.1391492
-0.1378428
-0.1125354
-0.0757878
-0.0512408
-0.0505490
-0.0629828
-0.0676078
-0.0545546
-0.0330433
-0.0186646
-0.0149886
-0.0100004
0.0095064
0.0423318
0.0734000
0.0897845
0.0948761
0.1048565
0.1303281
0.1633206
0.1858603
0.1919105
0.1968696
0.2216123
0.2684640
0.3171534
0.3455553
0.3512579
0.3501981
0.3560101
0.3651686
0.3645515
0.3508837
0.3375483
0.3397969
0.3559457
0.3672953
0.3569028
0.3253819
0.2871054
0.2536403
0.2235144
0.1872869
0.1400899
0.0882893
0.0445155
0.0165832
0.0010346
-0.0128895
-0.0333487
-0.0597246
-0.0850203
-0.1033081
-0.1151075
-0.1260742
-0.1400357
-0.1531192
-0.1562861
-0.1453565
-0.1278142
-0.1175225
-0.1220643
-0.1363065
-0.1486917
-0.1526610
-0.1509658
-0.1493944
-0.1482647
-0.1423966
-0.1300045
-0.1187483
-0.1189292
-0.1303769
-0.1403220
-0.1375427
-0.1265568
-0.1233677
-0.1361735
-0.1535932
-0.1554169
-0.1351328
-0.1089757
-0.0999555
-0.1134331
-0.1319207
-0.1358640
-0.1264516
-0.1232605
-0.1395166
-0.1646938
-0.1750843
-0.1599891
-0.1340535
-0.1227202
-0.1368896
-0.1633597
-0.1802023
-0.1797353
-0.1740686
-0.1781973
-0.1912462
-0.1978506
-0.1873237
-0.1676544
-0.1580562
-0.1682975
-0.1875898
-0.1958058
-0.1858127
-0.1721845
-0.1747112
-0.1939138
-0.2075791
-0.1946444
-0.1600203
-0.1313450
-0.1306065
-0.1519858
-0.1695060
-0.1648064
-0.1443771
-0.1286092
-0.1267618
-0.1272710
-0.1140590
-0.0880312
-0.0669734
-0.0643514
-0.0735696
-0.0765722
-0.0655526
-0.0516945
-0.0509834
-0.0634648
-0.0700556
-0.0526206
-0.0169587
0.0076560
-0.0050105
-0.0525858
-0.1070091
-0.1421806
-0.1558638
-0.1640845
-0.1780996
-0.1915067
-0.1907675
-0.1747978
-0.1592926
-0.1599933
-0.1750037
-0.1879542
-0.1877621
-0.1799186
-0.1763574
-0.1791165
-0.1788427
-0.1673815
-0.1466588
-0.1248068
-0.1081685
-0.0997885
-0.1026544
-0.1186619
-0.1409552
-0.1477672
-0.1060254
0.0172405
0.2435749
0.5726919
0.9678190
1.3441042
1.5846341
1.5958109
1.3703242
1.0017599
0.6293469
0.3546740
0.1968031
0.1132492
0.0550481
0.0029588
-0.0377867
-0.0626571
-0.0792260
-0.0972216
-0.1172142
-0.1338035
-0.1451998
-0.1537371
-0.1586272
-0.1546604
-0.1404364
-0.1243607
-0.1186496
-0.1269268
-0.1394973
-0.1426805
-0.1331435
-0.1211823
-0.1179907
-0.1212491
-0.1170930
-0.0969138
-0.0684828
-0.0479739
-0.0429914
-0.0460358
-0.0439191
-0.0313290
-0.0144405
-0.0019166
0.0063251
0.0194787
0.0441908
0.0749055
0.0990612
0.1114068
0.1196899
0.1350290
0.1592797
0.1843023
0.2032581
0.2204923
0.2477545
0.2890931
0.3315403
0.3559106
0.3587435
0.3585665
0.3750388
0.4041451
0.4210132
0.4094234
0.3835413
0.3750079
0.3981315
0.4316355
0.4386628
0.4049035
0.3528875
0.3157319
0.3005809
0.2845050
0.2456959
0.1899600
0.1414076
0.1126871
0.0927248
0.0640455
0.0253361
-0.0083040
-0.0262921
-0.0381469
-0.0631109
-0.1044744
-0.1403473
-0.1452789
-0.1191193
-0.0889200
-0.0816473
-0.0991717
-0.1213262
-0.1296255
-0.1247540
-0.1216897
-0.1303053
-0.1431390
-0.1440427
-0.1279263
-0.1077504
-0.0998541
-0.1060639
-0.1143943
-0.1152396
-0.1116272
-0.1127170
-0.1208345
-0.1275796
-0.1228839
-0.1071280
-0.0924609
-0.0902055
-0.0984545
-0.1059021
-0.1072862
-0.1092802
-0.1189290
-0.1316230
-0.1355594
-0.1262147
-0.1121586
-0.1062261
-0.1129722
-0.1255468
-0.1345827
-0.1389840
-0.1452750
-0.1555700
-0.1610887
-0.1527703
-0.1355579
-0.1250237
-0.1292563
-0.1402104
-0.1453340
-0.1431751
-0.1437281
-0.1547522
-0.1705749
-0.1760990
-0.1629617
-0.1405255
-0.1270469
-0.1293582
-0.1365550
-0.1365911
-0.1330982
-0.1391459
-0.1570369
-0.1714834
-0.1643344
-0.1330762
-0.0939958
-0.0678957
-0.0619140
-0.0652973
-0.0642456
-0.0583614
-0.0572482
-0.0626104
-0.0629021
-0.0491109
-0.0282658
-0.0150729
-0.0142036
-0.0171208
-0.0159400
-0.0163687
-0.0342362
-0.0770995
-0.1294263
-0.1617920
-0.1599922
-0.1409926
-0.1334294
-0.1460847
-0.1642037
-0.1739416
-0.1784733
-0.1874198
-0.1999821
-0.2049167
-0.1943562
-0.1741996
-0.1600733
-0.1613032
-0.1691478
-0.1661434
-0.1484851
-0.1314911
-0.1292815
-0.1382872
-0.1473702
-0.1542458
-0.1599708
-0.1507273
-0.0940618
0.0468800
0.2942310
0.6360269
1.0126200
1.3274342
1.4867427
1.4429143
1.2152274
0.8840346
0.5582582
0.3197279
0.1795889
0.0925597
0.0162541
-0.0529304
-0.0989093
-0.1179180
-0.1224010
-0.1281834
-0.1448621
-0.1669781
-0.1747325
-0.1603199
-0.1495102
-0.1712697
-0.2087697
-0.2159138
-0.1863774
-0.1638660
-0.1692160
-0.1625682
-0.1071315
