0.0390859
0.0765612
0.1012032
0.1086334
0.1112049
0.1211807
0.1377386
0.1520613
0.1606126
0.1681482
0.1784717
0.1883093
0.1940076
0.2007532
0.2185730
0.2475272
0.2719557
0.2749366
0.2580528
0.2417831
0.2433288
0.2565433
0.2579331
0.2327534
0.1915862
0.1589042
0.1474151
0.1469641
0.1380824
0.1121856
0.0762173
0.0409707
0.0105134
-0.0160517
-0.0378438
-0.0526337
-0.0629486
-0.0758332
-0.0932089
-0.1057404
-0.1018078
-0.0833562
-0.0681397
-0.0722157
-0.0917304
-0.1064860
-0.1026215
-0.0881222
-0.0828003
-0.0949467
-0.1123877
-0.1173280
-0.1057570
-0.0888773
-0.0781371
-0.0746302
-0.0742368
-0.0771460
-0.0861179
-0.0967794
-0.0972609
-0.0821776
-0.0634182
-0.0600882
-0.0760115
-0.0922681
-0.0869149
-0.0607030
-0.0380620
-0.0408058
-0.0645104
-0.0845184
-0.0836097
-0.0690316
-0.0611742
-0.0699544
-0.0866417
-0.0971018
-0.0970933
-0.0920333
-0.0862301
-0.0785766
-0.0691708
-0.0642309
-0.0695362
-0.0808408
-0.0865998
-0.0824588
-0.0789609
-0.0896668
-0.1118392
-0.1244666
-0.1099583
-0.0763652
-0.0528729
-0.0604261
-0.0890147
-0.1077534
-0.0977936
-0.0721140
-0.0604861
-0.0765445
-0.1032036
-0.1114680
-0.0908791
-0.0587271
-0.0402841
-0.0435406
-0.0548997
-0.0568890
-0.0460005
-0.0325158
-0.0263599
-0.0266696
-0.0248689
-0.0146367
0.0031206
0.0233592
0.0417172
0.0555114
0.0623840
0.0608066
0.0524330
0.0422717
0.0348790
0.0302590
0.0244366
0.0146538
0.0036203
-0.0023006
0.0001425
0.0060542
0.0048326
-0.0111117
-0.0390490
-0.0672080
-0.0840484
-0.0871587
-0.0837112
-0.0828865
-0.0883297
-0.0972299
-0.1045155
-0.1062545
-0.1002794
-0.0871009
-0.0719733
-0.0632808
-0.0645678
-0.0680219
-0.0608056
-0.0417810
-0.0289459
-0.0426911
-0.0779292
-0.0967573
-0.0545610
0.0662553
0.2514066
0.4800612
0.7422668
1.0197113
1.2529935
1.3480373
1.2368762
0.9414254
0.5731220
0.2612717
0.0739533
-0.0016409
-0.0172811
-0.0143584
-0.0106825
-0.0146371
-0.0324722
-0.0595303
-0.0777077
-0.0734948
-0.0572527
-0.0556489
-0.0813251
-0.1154267
-0.1262857
-0.1044254
-0.0736269
-0.0655682
-0.0873993
-0.1176849
-0.1318669
-0.1265193
-0.1175807
-0.1194193
-0.1300861
-0.1361395
-0.1275625
-0.1061939
-0.0823488
-0.0663230
-0.0622741
-0.0665112
-0.0697429
-0.0631606
-0.0458754
-0.0272485
-0.0195507
-0.0257675
-0.0344922
-0.0286787
-0.0011024
0.0384276
0.0714504
0.0866908
0.0881756
0.0889299
0.0980257
0.1140663
0.1299456
0.1419593
0.1535045
0.1709904
0.1975583
0.2304921
0.2629000
0.2870484
0.2980405
0.2974981
0.2944851
0.2998579
0.3159583
0.3315176
0.3301381
0.3070532
0.2770711
0.2628207
0.2731116
0.2936218
0.3002817
0.2815676
0.2468253
0.2139293
0.1916641
0.1750604
0.1548339
0.1274104
0.0958239
0.0652089
0.0407687
0.0280357
0.0297040
0.0398247
0.0444876
0.0332182
0.0106605
-0.0063809
-0.0063067
0.0039740
0.0059816
-0.0096004
-0.0315478
-0.0393245
-0.0245683
0.0008318
0.0178977
0.0190924
0.0122286
0.0082001
0.0087825
0.0078518
0.0018404
-0.0047247
-0.0047241
0.0029843
0.0126898
0.0190642
0.0231484
0.0298907
0.0405888
0.0497649
0.0508251
0.0442829
0.0384338
0.0402888
0.0463111
0.0445231
0.0277925
0.0044664
-0.0067335
0.0058010
0.0344983
0.0589126
0.0637153
0.0497948
0.0292468
0.0132136
0.0062355
0.0086396
0.0182535
0.0282394
0.0285423
0.0155282
-0.0000080
-0.0000077
0.0219672
0.0511240
0.0647309
0.0552089
0.0368337
0.0285559
0.0337440
0.0402015
0.0378340
0.0304087
0.0280037
0.0329759
0.0393955
0.0455392
0.0599584
0.0902435
0.1284005
0.1538672
0.1538125
0.1374735
0.1267493
0.1332101
0.1477515
0.1537299
0.1467035
0.1374202
0.1361886
0.1391725
0.1336011
0.1149195
0.0942106
0.0861417
0.0913050
0.0939256
0.0784356
0.0467938
0.0172830
0.0058478
0.0100823
0.0129209
0.0016124
-0.0188602
-0.0324053
-0.0308665
-0.0239785
-0.0285124
-0.0481946
-0.0672155
-0.0658178
-0.0413989
-0.0112968
0.0061293
0.0099774
0.0129620
0.0209608
0.0235084
0.0101918
-0.0057174
0.0127840
0.0995092
0.2617858
0.4867271
0.7625882
1.0773348
1.3866419
1.5941922
1.5903650
1.3346588
0.9074203
0.4718573
0.1701542
0.0412851
0.0251008
0.0345819
0.0232379
-0.0037228
-0.0233715
-0.0282697
-0.0302550
-0.0427952
-0.0657708
-0.0859191
-0.0892917
-0.0741346
-0.0537988
-0.0463628
-0.0586543
-0.0797121
-0.0917873
-0.0885681
-0.0807072
-0.0822423
-0.0941704
-0.1049365
-0.1061765
-0.1026696
-0.1036040
-0.1075436
-0.1023063
-0.0811748
-0.0545231
-0.0408580
-0.0472569
-0.0623950
-0.0693296
-0.0617074
-0.0457862
-0.0302998
-0.0190593
-0.0124736
-0.0100485
-0.0075296
0.0049185
0.0351019
0.0774523
0.1134219
0.1276317
0.1235202
0.1201438
0.1327388
0.1584581
0.1821021
0.1932706
0.1950016
0.1967796
0.2035884
0.2142621
0.2277108
0.2455988
0.2669650
0.2832048
0.2829076
0.2635869
0.2370440
0.2202267
0.2190963
0.2219241
0.2100996
0.1767254
0.1344365
0.1039825
0.0945902
0.0958300
0.0889411
0.0653636
0.0332617
0.0065997
-0.0097604
-0.0226584
-0.0401498
-0.0618716
-0.0810949
-0.0937760
-0.1020670
-0.1086302
-0.1110665
-0.1055095
-0.0953612
-0.0925393
-0.1065168
-0.1321981
-0.1518148
-0.1517317
-0.1373721
-0.1291280
-0.1415572
-0.1670894
-0.1822932
-0.1713146
-0.1422475
-0.1191292
-0.1181978
-0.1336468
-0.1469235
-0.1474857
-0.1416264
-0.1416360
-0.1505672
-0.1607910
-0.1655122
-0.1665291
-0.1685260
-0.1695431
-0.1626090
-0.1475378
-0.1361809
-0.1411205
-0.1597377
-0.1742863
-0.1708238
-0.1561298
-0.1519501
-0.1715211
-0.2042650
-0.2256549
-0.2211396
-0.1986760
-0.1789405
-0.1764063
-0.1904813
-0.2109874
-0.2276471
-0.2346562
-0.2314100
-0.2231453
-0.2195013
-0.2274651
-0.2431408
-0.2527027
-0.2450285
-0.2239975
-0.2062025
-0.2051568
-0.2185932
-0.2321669
-0.2344623
-0.2265576
-0.2173718
-0.2124973
-0.2094577
-0.2023224
-0.1878376
-0.1664838
-0.1406488
-0.1148609
-0.0967048
-0.0928768
-0.1013869
-0.1098847
-0.1064404
-0.0934834
-0.0875594
-0.1012823
-0.1262272
-0.1384380
-0.1239298
-0.0965811
-0.0864674
-0.1094967
-0.1514644
-0.1839033
-0.1930821
-0.1899421
-0.1930454
-0.2077655
-0.2252515
-0.2370922
-0.2436837
-0.2475866
-0.2459956
-0.2359309
-0.2239686
-0.2226286
-0.2342400
-0.2443118
-0.2373353
-0.2172026
-0.2043165
-0.2100182
-0.2206735
-0.2141417
-0.1890984
-0.1680066
-0.1665358
-0.1664318
-0.1264852
-0.0185514
0.1548298
0.3766145
0.6322755
0.8946524
1.0964172
1.1435586
0.9827114
0.6620323
0.3135363
0.0608461
-0.0625307
-0.1088640
-0.1418427
-0.1769665
-0.1921601
-0.1785284
-0.1621050
-0.1736420
-0.2102496
-0.2385652
-0.2340870
-0.2079451
-0.1913584
-0.2000312
-0.2207578
-0.2313689
-0.2262590
-0.2188440
-0.2234797
-0.2407852
-0.2601143
-0.2707679
-0.2681009
-0.2528021
-0.2301139
-0.2101586
-0.2035256
-0.2117073
-0.2228595
-0.2215721
-0.2049677
-0.1867715
-0.1824505
-0.1908473
-0.1936341
-0.1744207
-0.1366732
-0.1007034
-0.0835496
-0.0838270
-0.0862695
-0.0782751
-0.0599075
-0.0396089
-0.0242742
-0.0148757
-0.0084276
-0.0001644
0.0158177
0.0435083
0.0793125
0.1111533
0.1274545
0.1287253
0.1282005
0.1386368
0.1587394
0.1744365
0.1740245
0.1608583
0.1504446
0.1558625
0.1763930
0.1986626
0.2068642
0.1929968
0.1613372
0.1256173
0.0995602
0.0855603
0.0714150
0.0416980
-0.0042944
-0.0472789
-0.0649846
-0.0562374
-0.0453215
-0.0588165
-0.0981927
-0.1382914
-0.1540955
-0.1465930
-0.1397289
-0.1530973
-0.1811982
-0.2006744
-0.1952081
-0.1707648
-0.1477899
-0.1418208
-0.1521027
-0.1656165
-0.1693275
-0.1600766
-0.1463922
-0.1416093
-0.1521128
-0.1695705
-0.1761901
-0.1613399
-0.1338844
-0.1151429
-0.1172679
-0.1303408
-0.1341609
-0.1223527
-0.1102648
-0.1160368
-0.1366550
-0.1482888
-0.1321150
-0.0962760
-0.0684875
-0.0676171
-0.0860601
-0.1010404
-0.0998730
-0.0907624
-0.0899754
-0.1027313
-0.1187168
-0.1239901
-0.1143353
-0.0975904
-0.0859233
-0.0866349
-0.0977244
-0.1097516
-0.1129662
-0.1057296
-0.0970453
-0.0986956
-0.1127035
-0.1272152
-0.1270983
-0.1093618
-0.0867063
-0.0749747
-0.0783786
-0.0883122
-0.0950301
-0.0971573
-0.0990649
-0.1023858
-0.1037502
-0.1002278
-0.0931273
-0.0845569
-0.0728254
-0.0548218
-0.0328095
-0.0152470
-0.0084333
-0.0089130
-0.0071952
0.0007652
0.0085491
0.0075127
-0.0015404
-0.0076735
-0.0012465
0.0157335
0.0316002
0.0360827
0.0281396
0.0139165
-0.0006365
-0.0144046
-0.0303147
-0.0518636
-0.0797629
-0.1096055
-0.1320546
-0.1377592
-0.1254040
-0.1056113
-0.0944444
-0.1002752
-0.1165174
-0.1285312
-0.1283996
-0.1222448
-0.1223915
-0.1331741
-0.1459133
-0.1478444
-0.1342926
-0.1113369
-0.0888973
-0.0744955
-0.0729517
-0.0859898
-0.1063409
-0.1134483
-0.0817488
0.0029671
0.1385944
0.3210232
0.5562557
0.8428122
1.1333770
1.3246390
1.3103570
1.0655838
0.6824308
0.3134071
0.0683247
-0.0426319
-0.0772851
-0.0891401
-0.0917113
-0.0803268
-0.0648507
-0.0670052
-0.0920548
-0.1189879
-0.1252808
-0.1144715
-0.1109425
-0.1289043
-0.1546791
-0.1632559
-0.1474914
-0.1249941
-0.1169129
-0.1255460
-0.1355202
-0.1336562
-0.1230931
-0.1174768
-0.1243782
-0.1365795
-0.1389851
-0.1228576
-0.0937501
-0.0668615
-0.0546759
-0.0574645
-0.0642511
-0.0630486
-0.0512506
-0.0366922
-0.0283730
-0.0261281
-0.0201772
-0.0015631
0.0273451
0.0538334
0.0669169
0.0681065
0.0695283
0.0812216
0.1008530
0.1167413
0.1212678
0.1205805
0.1297796
0.1577172
0.1969054
0.2294822
0.2437276
0.2442828
0.2454451
0.2548239
0.2653380
0.2647441
0.2521155
0.2417373
0.2482142
0.2685995
0.2825949
0.2724828
0.2415202
0.2100171
0.1929776
0.1842470
0.1650666
0.1273165
0.0848649
0.0596913
0.0579543
0.0626680
0.0511864
0.0182550
-0.0202179
-0.0456694
-0.0563868
-0.0667331
-0.0880592
-0.1135622
-0.1246917
-0.1125081
-0.0901140
-0.0811960
-0.0959331
-0.1204428
-0.1320057
-0.1237845
-0.1115204
-0.1144465
-0.1319439
-0.1428748
-0.1290466
-0.0964732
-0.0700969
-0.0677124
-0.0824815
-0.0931404
-0.0888983
-0.0798544
-0.0820019
-0.0960090
-0.1052688
-0.0950144
-0.0697108
-0.0488152
-0.0463880
-0.0577864
-0.0673436
-0.0667601
-0.0628630
-0.0669675
-0.0795206
-0.0883821
-0.0826027
-0.0655799
-0.0523663
-0.0539874
-0.0662321
-0.0753858
-0.0744476
-0.0714173
-0.0797451
-0.1011658
-0.1205626
-0.1199301
-0.0972256
-0.0697492
-0.0580062
-0.0668762
-0.0833678
-0.0919936
-0.0902677
-0.0880663
-0.0933609
-0.1017371
-0.1017242
-0.0891191
-0.0731524
-0.0671050
-0.0740269
-0.0836937
-0.0841525
-0.0750326
-0.0679286
-0.0731038
-0.0864821
-0.0911524
-0.0730471
-0.0356870
0.0010061
0.0174823
0.0111263
-0.0031433
-0.0082723
-0.0007762
0.0087432
0.0096264
0.0037014
0.0023812
0.0121345
0.0257157
0.0297217
0.0193600
0.0024703
-0.0118704
-0.0253737
-0.0471481
-0.0782614
-0.1042392
-0.1077814
-0.0893648
-0.0711214
-0.0762438
-0.1046564
-0.1323343
-0.1365488
-0.1199327
-0.1067159
-0.1152821
-0.1377159
-0.1490834
-0.1356564
-0.1099348
-0.0954206
-0.0989606
-0.1034343
-0.0903640
-0.0660776
-0.0583922
-0.0834920
-0.1185921
-0.1126751
-0.0265637
0.1390275
0.3545877
0.5934402
0.8417469
1.0733863
1.2252227
1.2174872
1.0159185
0.6780557
0.3301972
0.0862111
-0.0223045
-0.0455722
-0.0540270
-0.0788253
-0.1053397
-0.1113547
-0.1006671
-0.0980782
-0.1187566
-0.1501351
-0.1653627
-0.1512008
-0.1205341
-0.0991888
-0.1028216
-0.1257912
-0.1491839
-0.1578109
-0.1510571
-0.1402600
-0.1367732
-0.1413969
-0.1439959
-0.1336670
-0.1105610
-0.0878984
-0.0807484
-0.0913099
-0.1056959
-0.1068245
-0.0909669
-0.0706030
-0.0604493
-0.0618086
-0.0620731
-0.0492752
-0.0251668
-0.0026380
0.0087594
0.0122989
0.0181361
0.0299201
0.0407311
0.0436392
0.0438677
0.0565539
0.0906788
0.1366831
0.1726529
0.1841633
0.1777057
0.1737390
0.1864705
0.2111245
0.2311470
0.2365708
0.2336842
0.2367453
0.2520781
0.2717279
0.2820268
0.2766566
0.2608865
0.2444251
0.2316888
0.2190414
0.2001084
0.1727208
0.1413155
0.1139961
0.0971718
0.0908493
0.0872923
0.0753318
0.0490038
0.0135097
-0.0185956
-0.0390127
-0.0516782
-0.0679459
-0.0931593
-0.1188661
-0.1298607
-0.1196855
-0.0986802
-0.0857555
-0.0917168
-0.1105889
-0.1269290
-0.1309652
-0.1265511
-0.1252838
-0.1338260
-0.1471011
-0.1535515
-0.1468857
-0.1324993
-0.1220121
-0.1215379
-0.1260250
-0.1256106
-0.1169797
-0.1074129
-0.1071563
-0.1180853
-0.1304878
-0.1316896
-0.1183658
-0.1003493
-0.0918027
-0.0981960
-0.1118733
-0.1203659
-0.1188167
-0.1139964
-0.1160304
-0.1263355
-0.1343784
-0.1274727
-0.1045093
-0.0795416
-0.0705865
-0.0838955
-0.1087098
-0.1271775
-0.1297312
-0.1219146
-0.1172640
-0.1235290
-0.1352429
-0.1396292
-0.1300238
-0.1133202
-0.1036968
-0.1088360
-0.1224593
-0.1304211
-0.1241558
-0.1085601
-0.0971272
-0.0991023
-0.1105333
-0.1172317
-0.1067399
-0.0786610
-0.0447996
-0.0196429
-0.0095609
-0.0098185
-0.0115768
-0.0114978
-0.0133469
-0.0195948
-0.0237493
-0.0149806
0.0082631
0.0321464
0.0386833
0.0237451
0.0016999
-0.0095998
-0.0078207
-0.0084964
-0.0279836
-0.0653164
-0.1021105
-0.1198159
-0.1157858
-0.1030410
-0.0968453
-0.1025325
-0.1139991
-0.1211518
-0.1191554
-0.1129346
-0.1132776
-0.1264035
-0.1457695
-0.1555652
-0.1451128
-0.1207066
-0.1011268
-0.0989060
-0.1065601
-0.1049537
-0.0872383
-0.0708282
-0.0792440
-0.1098668
-0.1233579
-0.0689705
0.0794636
0.3119131
0.5985677
0.9053108
1.1865036
1.3713118
1.3793335
1.1724775
0.8012871
0.3936294
0.0822644
-0.0723172
-0.1013823
-0.0820071
-0.0740191
-0.0910299
-0.1148912
-0.1261919
-0.1219206
-0.1129731
-0.1119477
-0.1236775
-0.1432513
-0.1598122
-0.1633429
-0.1516963
-0.1330903
-0.1201139
-0.1191250
-0.1255636
-0.1302425
-0.1292535
-0.1267492
-0.1288883
-0.1361120
-0.1410380
-0.1341090
-0.1130754
-0.0874618
-0.0714640
-0.0707653
-0.0775621
-0.0796133
-0.0725759
-0.0621743
-0.0559597
-0.0547904
-0.0516575
-0.0378745
-0.0112788
0.0210593
0.0488738
0.0668561
0.0758264
0.0787238
0.0800720
0.0875354
0.1064031
0.1311082
0.1500271
0.1623653
0.1821032
0.2179527
0.2557813
0.2716175
