0.0695449
0.0800816
0.0586841
0.0479724
0.0577286
0.0683433
0.0718484
0.0758992
0.0768586
0.0609302
0.0302344
0.0023748
-0.0160677
-0.0349175
-0.0592600
-0.0812476
-0.0944036
-0.1015164
-0.1070804
-0.1127578
-0.1193321
-0.1240224
-0.1195364
-0.1054382
-0.0953364
-0.1011241
-0.1138217
-0.1127089
-0.0933859
-0.0767876
-0.0876719
-0.1267416
-0.1603267
-0.1337189
-0.0023358
0.2375990
0.5430687
0.8460265
1.0788106
1.1870696
1.1415470
0.9565266
0.6946569
0.4391421
0.2498426
0.1382243
0.0760002
0.0251415
-0.0332492
-0.0908586
-0.1296665
-0.1457255
-0.1527740
-0.1645611
-0.1805437
-0.1906244
-0.1885069
-0.1779105
-0.1692189
-0.1713439
-0.1836644
-0.1955633
-0.1972686
-0.1909548
-0.1873368
-0.1916206
-0.1972720
-0.1945439
-0.1818730
-0.1677976
-0.1630422
-0.1700199
-0.1789616
-0.1768560
-0.1625443
-0.1499520
-0.1525279
-0.1665045
-0.1737926
-0.1608863
-0.1319444
-0.1037507
-0.0899704
-0.0897180
-0.0900931
-0.0805644
-0.0647339
-0.0554058
-0.0579063
-0.0625049
-0.0557250
-0.0360705
-0.0155439
-0.0070468
-0.0122678
-0.0210247
-0.0215711
-0.0125579
-0.0047854
-0.0094396
-0.0250684
-0.0388643
-0.0409398
-0.0345784
-0.0316972
-0.0403013
-0.0570406
-0.0708273
-0.0740854
-0.0716394
-0.0769470
-0.0969441
-0.1216967
-0.1324029
-0.1200930
-0.0945340
-0.0748210
-0.0727971
-0.0849359
-0.0980559
-0.1023992
-0.0999387
-0.0999241
-0.1067994
-0.1147000
-0.1147168
-0.1052072
-0.0929683
-0.0856105
-0.0844930
-0.0844288
-0.0795228
-0.0702307
-0.0644937
-0.0694510
-0.0812902
-0.0862221
-0.0738827
-0.0485637
-0.0253200
-0.0153248
-0.0159422
-0.0148951
-0.0037306
0.0130570
0.0231935
0.0212454
0.0159029
0.0202802
0.0362905
0.0520565
0.0552116
0.0461686
0.0370833
0.0387973
0.0490972
0.0531937
0.0366663
-0.0002130
-0.0408866
-0.0663915
-0.0712808
-0.0661316
-0.0660196
-0.0777130
-0.0965696
-0.1133107
-0.1229971
-0.1279651
-0.1325741
-0.1363250
-0.1339178
-0.1219670
-0.1035620
-0.0856989
-0.0742224
-0.0718037
-0.0779522
-0.0882723
-0.0938360
-0.0817570
-0.0353239
0.0656984
0.2389803
0.4847865
0.7702698
1.0281062
1.1790104
1.1705577
1.0078630
0.7516883
0.4830761
0.2617466
0.1082879
0.0143241
-0.0389592
-0.0706285
-0.0969246
-0.1273307
-0.1603906
-0.1865006
-0.1986365
-0.2008494
-0.2037142
-0.2101647
-0.2095001
-0.1909344
-0.1628498
-0.1513179
-0.1737316
-0.2166000
-0.2461406
-0.2424385
-0.2188236
-0.2045393
-0.2111812
-0.2215229
-0.2126210
-0.1848320
-0.1615272
-0.1598703
-0.1690297
-0.1633093
-0.1333599
-0.0953544
-0.0667398
-0.0409019
0.0048290
0.0752912
0.1387098
0.1492600
0.0914507
0.0004394
-0.0657295
-0.0769601
-0.0545371
-0.0436615
-0.0644680
-0.0928302
-0.0892532
-0.0427836
0.0174469
0.0540483
0.0605690
0.0646649
0.0925200
0.1363520
0.1633672
0.1547136
0.1265354
0.1085448
0.1091201
0.1103630
0.0950005
0.0669906
0.0412163
0.0220318
0.0032880
-0.0121915
-0.0075574
0.0230431
0.0503498
0.0272995
-0.0608017
-0.1702673
-0.2341388
-0.2243004
-0.1725981
-0.1308639
-0.1195881
-0.1209384
-0.1130143
-0.0968339
-0.0870778
-0.0874857
-0.0864532
-0.0757149
-0.0632751
-0.0620955
-0.0712363
-0.0768219
-0.0719054
-0.0670099
-0.0757416
-0.0950557
-0.1078250
-0.1048876
-0.0972619
-0.1025776
-0.1236638
-0.1464689
-0.1586575
-0.1638969
-0.1731601
-0.1847763
-0.1808384
-0.1476086
-0.0954959
-0.0516751
-0.0315195
-0.0228988
-0.0035186
0.0281531
0.0449496
0.0174290
-0.0517371
-0.1213775
-0.1426219
-0.1002239
-0.0266054
0.0250130
0.0246518
-0.0118800
-0.0386306
-0.0139756
0.0791289
0.2394223
0.4612870
0.7306655
1.0040300
1.2023716
1.2464481
1.1142778
0.8662496
0.6058828
0.4082405
0.2818976
0.1934470
0.1180170
0.0596820
0.0293309
0.0180172
0.0023055
-0.0276344
-0.0563613
-0.0643481
-0.0543578
-0.0483549
-0.0594167
-0.0758519
-0.0776543
-0.0626104
-0.0481134
-0.0475956
-0.0522175
-0.0398285
0.0003777
0.0548842
0.0954937
0.0988359
0.0587829
-0.0123667
-0.0892420
-0.1435939
-0.1593202
-0.1437084
-0.1212870
-0.1111851
-0.1099472
-0.0993232
-0.0702366
-0.0346538
-0.0122410
-0.0090381
-0.0128370
-0.0081770
0.0076980
0.0240322
0.0286233
0.0195541
0.0080843
0.0131265
0.0501496
0.1173882
0.1878180
0.2196647
0.1861891
0.1017957
0.0155391
-0.0283241
-0.0268045
-0.0153549
-0.0294265
-0.0705472
-0.1098823
-0.1213226
-0.1071104
-0.0909885
-0.0905265
-0.1007280
-0.1047262
-0.0955108
-0.0825673
-0.0784101
-0.0840281
-0.0904393
-0.0916122
-0.0910656
-0.0946977
-0.1005598
-0.0996858
-0.0875373
-0.0713504
-0.0627845
-0.0639163
-0.0645490
-0.0555214
-0.0416139
-0.0366943
-0.0459469
-0.0573224
-0.0539751
-0.0338772
-0.0134306
-0.0100612
-0.0231665
-0.0351716
-0.0316742
-0.0175163
-0.0102111
-0.0188138
-0.0333306
-0.0365425
-0.0234422
-0.0059750
0.0004887
-0.0077379
-0.0215449
-0.0301813
-0.0311598
-0.0300360
-0.0333725
-0.0432520
-0.0563676
-0.0647895
-0.0573117
-0.0246762
0.0312994
0.0930632
0.1351270
0.1396978
0.1061670
0.0474875
-0.0191673
-0.0770564
-0.1100089
-0.1062018
-0.0674975
-0.0141354
0.0259297
0.0381417
0.0328050
0.0325114
0.0462438
0.0580801
0.0448379
0.0046859
-0.0355973
-0.0451727
-0.0209349
0.0074927
0.0063024
-0.0293302
-0.0721454
-0.0927656
-0.0898737
-0.0877804
-0.1054788
-0.1331740
-0.1424707
-0.1175502
-0.0725127
-0.0379282
-0.0335408
-0.0553447
-0.0852535
-0.1066217
-0.1067547
-0.0674513
0.0386068
0.2335110
0.5103717
0.8210210
1.0884062
1.2387293
1.2350924
1.0930658
0.8688139
0.6277151
0.4148951
0.2461822
0.1194537
0.0299690
-0.0250225
-0.0517191
-0.0636189
-0.0761471
-0.0966314
-0.1204584
-0.1380290
-0.1455365
-0.1485170
-0.1551266
-0.1670170
-0.1775499
-0.1788553
-0.1703315
-0.1599457
-0.1565349
-0.1603909
-0.1623910
-0.1539539
-0.1374844
-0.1246124
-0.1230698
-0.1276131
-0.1268393
-0.1184400
-0.1138553
-0.1249638
-0.1476702
-0.1630892
-0.1574561
-0.1384222
-0.1269893
-0.1322175
-0.1380268
-0.1193824
-0.0709832
-0.0159849
0.0154595
0.0144723
-0.0008782
-0.0058711
0.0078067
0.0286251
0.0408434
0.0406172
0.0377032
0.0447645
0.0664682
0.0964433
0.1212982
0.1277080
0.1096491
0.0723187
0.0290040
-0.0078364
-0.0335630
-0.0501222
-0.0594693
-0.0602663
-0.0516881
-0.0390608
-0.0333979
-0.0433767
-0.0668795
-0.0910107
-0.1019806
-0.0962901
-0.0826729
-0.0731207
-0.0721195
-0.0746450
-0.0741171
-0.0710116
-0.0719821
-0.0798503
-0.0864605
-0.0792734
-0.0568379
-0.0348113
-0.0317070
-0.0472125
-0.0582692
-0.0412923
0.0007660
0.0364244
0.0340584
-0.0068486
-0.0541663
-0.0737591
-0.0607074
-0.0390389
-0.0324992
-0.0399832
-0.0416943
-0.0257090
-0.0024156
0.0091283
0.0050867
0.0020422
0.0174475
0.0482570
0.0724573
0.0717956
0.0503746
0.0296067
0.0269855
0.0421806
0.0624657
0.0772883
0.0851629
0.0887147
0.0872600
0.0762184
0.0528610
0.0210053
-0.0106625
-0.0348552
-0.0502655
-0.0604262
-0.0690273
-0.0771921
-0.0850599
-0.0942169
-0.1061991
-0.1178224
-0.1204044
-0.1078491
-0.0871764
-0.0772715
-0.0914791
-0.1207467
-0.1396725
-0.1340106
-0.1193402
-0.1252253
-0.1581539
-0.1844524
-0.1541779
-0.0402158
0.1494416
0.3928994
0.6730444
0.9636924
1.2028229
1.3015224
1.2018095
0.9335262
0.6075294
0.3419503
0.1862650
0.1089120
0.0494508
-0.0221255
-0.0912154
-0.1293480
-0.1294560
-0.1121200
-0.1046031
-0.1183179
-0.1445737
-0.1672858
-0.1779167
-0.1804915
-0.1852710
-0.1982427
-0.2154213
-0.2262095
-0.2223152
-0.2043554
-0.1812696
-0.1642600
-0.1601906
-0.1680379
-0.1800532
-0.1876407
-0.1883067
-0.1869901
-0.1890926
-0.1921361
-0.1864055
-0.1654097
-0.1345900
-0.1073930
-0.0923336
-0.0857722
-0.0785205
-0.0675538
-0.0581783
-0.0548484
-0.0537094
-0.0469805
-0.0328042
-0.0171540
-0.0061043
0.0002080
0.0046043
0.0072677
0.0065047
0.0034297
0.0013340
-0.0005773
-0.0084280
-0.0245556
-0.0390764
-0.0367237
-0.0152635
0.0063687
0.0037758
-0.0280985
-0.0690417
-0.0937836
-0.0954860
-0.0874910
-0.0854475
-0.0929414
-0.1042665
-0.1148007
-0.1237650
-0.1293101
-0.1272997
-0.1174063
-0.1068610
-0.1041408
-0.1095569
-0.1154285
-0.1159283
-0.1131718
-0.1115258
-0.1093783
-0.1015664
-0.0895519
-0.0833493
-0.0894531
-0.0996646
-0.0974172
-0.0765379
-0.0502500
-0.0386711
-0.0486270
-0.0684654
-0.0821238
-0.0843737
-0.0802345
-0.0731034
-0.0596292
-0.0378789
-0.0154727
-0.0036389
-0.0029098
0.0003090
0.0189385
0.0480840
0.0667886
0.0594649
0.0345779
0.0191068
0.0326341
0.0674584
0.0958114
0.0968720
0.0753804
0.0532170
0.0446792
0.0428584
0.0307297
0.0026575
-0.0287344
-0.0476144
-0.0535563
-0.0613493
-0.0821955
-0.1091653
-0.1248884
-0.1222178
-0.1125115
-0.1117152
-0.1221083
-0.1321075
-0.1324822
-0.1264229
-0.1206373
-0.1119036
-0.0910336
-0.0618571
-0.0479909
-0.0705952
-0.1173247
-0.1394707
-0.0855187
0.0622509
0.2837953
0.5452756
0.8151182
1.0544190
1.2059829
1.2142725
1.0684492
0.8228967
0.5654489
0.3588299
0.2108294
0.0970460
0.0034668
-0.0597347
-0.0818707
-0.0768377
-0.0763987
-0.1001635
-0.1381498
-0.1646522
-0.1657465
-0.1507381
-0.1394958
-0.1433551
-0.1589056
-0.1756062
-0.1848663
-0.1828936
-0.1705451
-0.1542727
-0.1448607
-0.1498818
-0.1654314
-0.1782086
-0.1788369
-0.1722100
-0.1714962
-0.1814139
-0.1909357
-0.1857846
-0.1665694
-0.1493909
-0.1460170
-0.1473985
-0.1330407
-0.0976278
-0.0625140
-0.0550373
-0.0771171
-0.0994533
-0.0894061
-0.0426079
0.0145630
0.0509021
0.0551491
0.0375505
0.0151455
0.0007778
0.0018860
0.0195117
0.0435811
0.0552293
0.0431253
0.0189806
0.0098192
0.0290674
0.0578084
0.0612733
0.0258278
-0.0245963
-0.0524161
-0.0448808
-0.0250605
-0.0251333
-0.0535891
-0.0914511
-0.1167131
-0.1256214
-0.1285918
-0.1316348
-0.1290580
-0.1148777
-0.0956132
-0.0867571
-0.0965766
-0.1161176
-0.1266946
-0.1170428
-0.0932146
-0.0725518
-0.0680304
-0.0768845
-0.0830208
-0.0714748
-0.0433313
-0.0178201
-0.0174105
-0.0468823
-0.0856501
-0.1030590
-0.0845778
-0.0443459
-0.0116120
-0.0044257
-0.0163043
-0.0272898
-0.0256647
-0.0173741
-0.0152373
-0.0217687
-0.0248515
-0.0104788
0.0213927
0.0543480
0.0688164
0.0585607
0.0357110
0.0204904
0.0246549
0.0425177
0.0571235
0.0562833
0.0439568
0.0359779
0.0437949
0.0620838
0.0727326
0.0612754
0.0292896
-0.0089248
-0.0401675
-0.0612578
-0.0753488
-0.0836056
-0.0843866
-0.0799598
-0.0790397
-0.0885808
-0.1041031
-0.1125483
-0.1069749
-0.0960421
-0.0951569
-0.1078209
-0.1193312
-0.1124747
-0.0889146
-0.0708740
-0.0777843
-0.1002791
-0.0980678
-0.0244021
0.1448440
0.3991863
0.6999715
0.9922423
1.2145647
1.3117944
1.2553156
1.0615728
0.7914648
0.5239825
0.3185885
0.1910155
0.1166979
0.0559347
-0.0175364
-0.1015558
-0.1715216
-0.2026463
-0.1927332
-0.1666224
-0.1560716
-0.1715994
-0.1939122
-0.1956779
-0.1726054
-0.1501673
-0.1565135
-0.1898126
-0.2170675
-0.2082855
-0.1697470
-0.1390707
-0.1461817
-0.1823337
-0.2106876
-0.2061008
-0.1803358
-0.1662957
-0.1803392
-0.2044752
-0.2067505
-0.1761452
-0.1339473
-0.1107225
-0.1151490
-0.1278106
-0.1243285
-0.1011282
-0.0767702
-0.0698127
-0.0785537
-0.0835981
-0.0684559
-0.0352719
-0.0004388
0.0225637
0.0338739
0.0423605
0.0539977
0.0672592
0.0781484
0.0862043
0.0944258
0.1054207
0.1196735
0.1365463
0.1540844
0.1670215
0.1677972
0.1530543
0.1293304
0.1090629
0.0982314
0.0889283
0.0672249
0.0293198
-0.0125034
-0.0422966
-0.0578108
-0.0724184
-0.0986100
-0.1320438
-0.1553529
-0.1582333
-0.1508610
-0.1544697
-0.1787298
-0.2108153
-0.2281629
-0.2208642
-0.2000605
-0.1852888
-0.1860980
-0.1966301
-0.2053349
-0.2064538
-0.2015611
-0.1929019
-0.1785831
-0.1551779
-0.1238114
-0.0926036
-0.0730658
-0.0734954
-0.0931197
-0.1185521
-0.1233991
-0.0729242
0.0645116
0.3007433
0.6123738
0.9369418
1.1893468
1.2968626
1.2356808
1.0442249
0.8002814
0.5755746
0.4004898
0.2637189
0.1417032
0.0282358
-0.0615594
-0.1114158
-0.1241008
-0.1209177
-0.1232857
-0.1366257
-0.1514760
-0.1573230
-0.1529674
-0.1440124
-0.1333758
-0.1173401
-0.0917092
-0.0602364
-0.0345838
-0.0245360
-0.0283445
-0.0336468
-0.0287655
-0.0136457
-0.0000549
-0.0011761
-0.0206219
-0.0507246
-0.0805322
-0.1049140
-0.1262722
-0.1487205
-0.1720206
-0.1914901
-0.2027140
-0.2050270
-0.2003509
-0.1899848
-0.1739145
-0.1532773
-0.1321212
-0.1152463
-0.1040193
-0.0952856
-0.0854474
-0.0755275
-0.0710507
-0.0759113
-0.0865381
-0.0933888
-0.0894972
-0.0777781
-0.0689405
-0.0711009
-0.0815143
-0.0897330
-0.0896165
-0.0870995
-0.0941030
-0.1142954
-0.1367907
-0.1461919
-0.1388435
-0.1269233
-0.1249902
-0.1339929
-0.1414897
-0.1380901
-0.1302050
-0.1326349
-0.1488405
-0.1631099
-0.1561303
-0.1273553
-0.0978475
-0.0889619
-0.1004218
-0.1123458
-0.1080266
-0.0906468
-0.0755453
-0.0693794
-0.0624323
-0.0428885
-0.0141710
0.0076057
0.0150518
0.0263177
0.0789374
0.2067130
0.4198720
0.6996655
1.0026762
1.2681346
1.4310915
1.4459446
1.3113830
1.0762359
0.8152199
0.5889725
0.4178595
0.2869955
0.1727806
0.0659234
-0.0254245
-0.0886428
-0.1203796
-0.1297332
-0.1310488
-0.1343796
-0.1415312
-0.1496424
-0.1575257
-0.1677667
-0.1822260
-0.1962956
-0.1998803
-0.1863947
-0.1612643
-0.1398590
-0.1349749
-0.1456744
-0.1590329
-0.1632371
-0.1584708
-0.1544686
-0.1580320
-0.1644947
-0.1625957
-0.1475179
-0.1277484
-0.1176645
-0.1229817
-0.1344696
-0.1373994
-0.1275172
-0.1164074
-0.1193982
-0.1379734
-0.1558673
-0.1544298
-0.1318740
-0.1057447
-0.0954916
-0.1037558
-0.1162130
-0.1186409
-0.1107298
-0.1015753
-0.0948476
-0.0837539
-0.0621147
-0.0359911
-0.0188974
-0.0152757
-0.0137818
-0.0009792
0.0203751
0.0322734
0.0227888
0.0025516
-0.0051659
0.0090875
0.0290078
0.0302394
0.0077832
-0.0187178
-0.0276484
-0.0191085
-0.0122576
-0.0207609
-0.0362387
-0.0388885
-0.0216387
0.0010572
0.0093492
-0.0007637
-0.0154119
-0.0205158
-0.0170861
-0.0169841
-0.0262946
-0.0373618
-0.0386136
-0.0294196
-0.0217313
-0.0266140
-0.0417405
-0.0544277
-0.0563555
-0.0526359
-0.0548137
-0.0662097
-0.0768805
-0.0742884
-0.0575776
-0.0390841
