-0.1264488
-0.1158540
-0.1005104
-0.0322758
0.1355050
0.4103985
0.7549617
1.1092860
1.4129264
1.6080544
1.6361428
1.4553614
1.0818296
0.6142578
0.1965011
-0.0679738
-0.1743712
-0.1925700
-0.1921191
-0.1950350
-0.1904167
-0.1730301
-0.1558232
-0.1518612
-0.1574617
-0.1583372
-0.1483768
-0.1368133
-0.1358235
-0.1451690
-0.1533694
-0.1526718
-0.1473234
-0.1455056
-0.1481667
-0.1498167
-0.1472872
-0.1427547
-0.1387126
-0.1342594
-0.1276812
-0.1202140
-0.1152692
-0.1143470
-0.1149876
-0.1135802
-0.1099455
-0.1075641
-0.1081039
-0.1073296
-0.0993035
-0.0845906
-0.0712602
-0.0662955
-0.0679063
-0.0680257
-0.0613444
-0.0502879
-0.0413785
-0.0379234
-0.0367772
-0.0320801
-0.0215814
-0.0084206
0.0032850
0.0130180
0.0230019
0.0343136
0.0460302
0.0578023
0.0709412
0.0861786
0.1017970
0.1151983
0.1260761
0.1373578
0.1525736
0.1719772
0.1914673
0.2062003
0.2156137
0.2241395
0.2364865
0.2528498
0.2691325
0.2810869
0.2877920
0.2920466
0.2981781
0.3086366
0.3214540
0.3310295
0.3322425
0.3243087
0.3107869
0.2958901
0.2804186
0.2608044
0.2325398
0.1955253
0.1560441
0.1223659
0.0977702
0.0782575
0.0573225
0.0325839
0.0076688
-0.0118823
-0.0242576
-0.0330810
-0.0434937
-0.0565208
-0.0678006
-0.0722642
-0.0696242
-0.0648355
-0.0637301
-0.0687053
-0.0776879
-0.0858434
-0.0885777
-0.0848164
-0.0786509
-0.0770867
-0.0844150
-0.0976170
-0.1076541
-0.1069019
-0.0966437
-0.0868441
-0.0871121
-0.0974932
-0.1090478
-0.1137079
-0.1123575
-0.1124858
-0.1189847
-0.1287516
-0.1343693
-0.1320547
-0.1254230
-0.1217602
-0.1251354
-0.1333361
-0.1410926
-0.1454560
-0.1477258
-0.1509510
-0.1565300
-0.1630706
-0.1676712
-0.1681647
-0.1648193
-0.1602650
-0.1575425
-0.1580046
-0.1609611
-0.1648690
-0.1684670
-0.1712011
-0.1733694
-0.1759371
-0.1795803
-0.1835487
-0.1857253
-0.1842658
-0.1795392
-0.1745316
-0.1728583
-0.1756508
-0.1803330
-0.1831339
-0.1831301
-0.1833112
-0.1872427
-0.1949522
-0.2023811
-0.2046870
-0.2001350
-0.1914981
-0.1841984
-0.1825793
-0.1869493
-0.1936634
-0.1981660
-0.1984472
-0.1961265
-0.1944269
-0.1948029
-0.1952825
-0.1924548
-0.1854694
-0.1776003
-0.1729404
-0.1714395
-0.1680585
-0.1575834
-0.1403365
-0.1227939
-0.1120542
-0.1090419
-0.1067927
-0.0957985
-0.0719198
-0.0399778
-0.0104612
0.0068987
0.0074487
-0.0077188
-0.0331445
-0.0612440
-0.0853218
-0.1023128
-0.1131629
-0.1203745
-0.1252649
-0.1281043
-0.1310357
-0.1396312
-0.1592628
-0.1884581
-0.2168910
-0.2325921
-0.2326539
-0.2260632
-0.2246670
-0.2313335
-0.2378355
-0.2344377
-0.2205256
-0.2050035
-0.1968816
-0.1970214
-0.1995421
-0.1993710
-0.1959175
-0.1898033
-0.1797910
-0.1655838
-0.1512171
-0.1408668
-0.1308625
-0.1115050
-0.0817660
-0.0588586
-0.0629261
-0.0848398
-0.0724646
0.0401494
0.2811178
0.6160495
0.9740937
1.2933441
1.5354124
1.6620612
1.6196294
1.3706382
0.9492381
0.4744429
0.0896881
-0.1253712
-0.1922609
-0.1913609
-0.1876440
-0.1940094
-0.1923300
-0.1731576
-0.1486908
-0.1351653
-0.1346251
-0.1374006
-0.1365736
-0.1343011
-0.1351971
-0.1387443
-0.1406107
-0.1391685
-0.1376096
-0.1392457
-0.1426174
-0.1427394
-0.1368894
-0.1280268
-0.1220099
-0.1217940
-0.1246671
-0.1250663
-0.1200852
-0.1124398
-0.1078681
-0.1090070
-0.1117728
-0.1087318
-0.0968477
-0.0814364
-0.0713978
-0.0703114
-0.0729372
-0.0709492
-0.0616944
-0.0506307
-0.0450677
-0.0460943
-0.0472183
-0.0408252
-0.0254204
-0.0064899
0.0089052
0.0177588
0.0222403
0.0268687
0.0350872
0.0474720
0.0619855
0.0758788
0.0881333
0.1005500
0.1162096
0.1363210
0.1583676
0.1777396
0.1918268
0.2026944
0.2152672
0.2324268
0.2520302
0.2691365
0.2811567
0.2904906
0.3019482
0.3176378
0.3344153
0.3464412
0.3504995
0.3489138
0.3469410
0.3469967
0.3455935
0.3363433
0.3161020
0.2880486
0.2586959
0.2319722
0.2062777
0.1772316
0.1430229
0.1067477
0.0735180
0.0458119
0.0221051
-0.0002942
-0.0218866
-0.0405975
-0.0540604
-0.0618310
-0.0657893
-0.0690217
-0.0742310
-0.0824038
-0.0922782
-0.1011247
-0.1067578
-0.1094267
-0.1116120
-0.1153469
-0.1196319
-0.1212218
-0.1185352
-0.1142903
-0.1133183
-0.1176041
-0.1241865
-0.1284386
-0.1290746
-0.1292949
-0.1328628
-0.1395078
-0.1447476
-0.1443963
-0.1389843
-0.1334920
-0.1328429
-0.1378061
-0.1450159
-0.1504910
-0.1531371
-0.1553130
-0.1601602
-0.1679739
-0.1750081
-0.1764532
-0.1713374
-0.1644262
-0.1624731
-0.1679236
-0.1764023
-0.1810064
-0.1794649
-0.1767360
-0.1798200
-0.1897874
-0.1996122
-0.2007329
-0.1918494
-0.1806701
-0.1765813
-0.1817413
-0.1896705
-0.1925674
-0.1896194
-0.1875848
-0.1929272
-0.2038044
-0.2107978
-0.2062123
-0.1923508
-0.1798156
-0.1773298
-0.1835997
-0.1895606
-0.1883708
-0.1824544
-0.1801394
-0.1855312
-0.1925328
-0.1896689
-0.1710629
-0.1425822
-0.1171842
-0.1040129
-0.1010473
-0.0971820
-0.0815945
-0.0530521
-0.0222482
-0.0051892
-0.0120315
-0.0395265
-0.0731153
-0.0974031
-0.1067210
-0.1071332
-0.1087529
-0.1161751
-0.1263007
-0.1347556
-0.1428464
-0.1568133
-0.1802378
-0.2083367
-0.2307299
-0.2400462
-0.2378127
-0.2322491
-0.2307066
-0.2340948
-0.2378091
-0.2371016
-0.2313193
-0.2237303
-0.2182752
-0.2165348
-0.2167444
-0.2147977
-0.2066935
-0.1915452
-0.1730990
-0.1574566
-0.1475487
-0.1393079
-0.1250881
-0.1032817
-0.0840856
-0.0810434
-0.0912462
-0.0825932
-0.0052884
0.1768691
0.4607321
0.8046580
1.1503272
1.4408668
1.6220026
1.6406740
1.4632738
1.1094985
0.6672323
0.2598044
-0.0192723
-0.1527885
-0.1897976
-0.1931180
-0.1944398
-0.1914783
-0.1756729
-0.1533580
-0.1403356
-0.1433116
-0.1530667
-0.1559518
-0.1483745
-0.1382423
-0.1344432
-0.1378847
-0.1427862
-0.1441054
-0.1419904
-0.1399628
-0.1406088
-0.1433433
-0.1452286
-0.1432905
-0.1366720
-0.1274921
-0.1196740
-0.1161165
-0.1162307
-0.1162216
-0.1123935
-0.1047295
-0.0972113
-0.0941748
-0.0959273
-0.0977960
-0.0936928
-0.0812136
-0.0639796
-0.0491791
-0.0420989
-0.0420062
-0.0429519
-0.0389822
-0.0291445
-0.0176997
-0.0095164
-0.0052118
-0.0005959
0.0093649
0.0259836
0.0457788
0.0635352
0.0765290
0.0862925
0.0967641
0.1107300
0.1275717
0.1440440
0.1574179
0.1683806
0.1809588
0.1990570
0.2225125
0.2465219
0.2653091
0.2767747
0.2839574
0.2922359
0.3048932
0.3206211
0.3346556
0.3425312
0.3437123
0.3423517
0.3441852
0.3513734
0.3592555
0.3584073
0.3414511
0.3093389
0.2711419
0.2367641
0.2089944
0.1824557
0.1503736
0.1123247
0.0753559
0.0477107
0.0315670
0.0216173
0.0102498
-0.0060078
-0.0244868
-0.0397014
-0.0482497
-0.0511810
-0.0526749
-0.0566694
-0.0639503
-0.0716714
-0.0757637
-0.0745217
-0.0703516
-0.0679944
-0.0707154
-0.0778039
-0.0853922
-0.0896349
-0.0895438
-0.0874013
-0.0866871
-0.0892252
-0.0937166
-0.0968024
-0.0959420
-0.0918645
-0.0883887
-0.0894215
-0.0956046
-0.1037686
-0.1098508
-0.1124972
-0.1138924
-0.1171973
-0.1232112
-0.1293410
-0.1317205
-0.1286884
-0.1227177
-0.1189647
-0.1213289
-0.1293007
-0.1384764
-0.1443381
-0.1458219
-0.1455573
-0.1469853
-0.1513079
-0.1567974
-0.1604254
-0.1600423
-0.1557363
-0.1500452
-0.1468246
-0.1486571
-0.1542254
-0.1586001
-0.1575621
-0.1523458
-0.1492733
-0.1535368
-0.1633111
-0.1708674
-0.1699279
-0.1615344
-0.1524289
-0.1482834
-0.1492409
-0.1515828
-0.1520607
-0.1495016
-0.1432474
-0.1324194
-0.1178549
-0.1033820
-0.0929148
-0.0856482
-0.0754684
-0.0565885
-0.0299230
-0.0033003
0.0146576
0.0203233
0.0149880
0.0007314
-0.0215735
-0.0496949
-0.0772536
-0.0959187
-0.1015336
-0.0977794
-0.0934114
-0.0960489
-0.1083100
-0.1282262
-0.1514058
-0.1727404
-0.1882026
-0.1971380
-0.2027690
-0.2088496
-0.2150605
-0.2167370
-0.2103029
-0.1984287
-0.1882952
-0.1845277
-0.1851959
-0.1852944
-0.1823507
-0.1768362
-0.1685875
-0.1565576
-0.1429930
-0.1337587
-0.1302211
-0.1226059
-0.0984764
-0.0617607
-0.0379575
-0.0497258
-0.0817213
-0.0743166
0.0383648
0.2781456
0.6079381
0.9621233
1.2834939
1.5276502
1.6438375
1.5764317
1.3060228
0.8916898
0.4591448
0.1300859
-0.0484326
-0.1127544
-0.1295619
-0.1387365
-0.1422924
-0.1328379
-0.1173938
-0.1109450
-0.1166836
-0.1226195
-0.1179635
-0.1065646
-0.1009889
-0.1067780
-0.1170322
-0.1220444
-0.1201646
-0.1173224
-0.1184811
-0.1227420
-0.1263127
-0.1270683
-0.1248205
-0.1193130
-0.1106850
-0.1017309
-0.0972065
-0.0992869
-0.1043675
-0.1057108
-0.0996139
-0.0886318
-0.0788056
-0.0741846
-0.0739425
-0.0739192
-0.0702112
-0.0616149
-0.0497685
-0.0377719
-0.0284390
-0.0229517
-0.0204190
-0.0185243
-0.0148423
-0.0080381
0.0016066
0.0125076
0.0229027
0.0323208
0.0422536
0.0550517
0.0716600
0.0903156
0.1077205
0.1217820
0.1333388
0.1452214
0.1595640
0.1759448
0.1920663
0.2061675
0.2186695
0.2314679
0.2458436
0.2613448
0.2766654
0.2911530
0.3049854
0.3179384
0.3286386
0.3356983
0.3395795
0.3426163
0.3465120
0.3498959
0.3489893
0.3410110
0.3266156
0.3086744
0.2889646
0.2665976
0.2396820
0.2079559
0.1734628
0.1390243
0.1065950
0.0770332
0.0507487
0.0279837
0.0086452
-0.0074720
-0.0200167
-0.0281002
-0.0315621
-0.0321615
-0.0328805
-0.0355869
-0.0395111
-0.0424180
-0.0433983
-0.0442575
-0.0478197
-0.0547316
-0.0620969
-0.0655915
-0.0632228
-0.0571850
-0.0521519
-0.0517801
-0.0565195
-0.0640096
-0.0709337
-0.0747704
-0.0749427
-0.0732886
-0.0732253
-0.0772555
-0.0843249
-0.0898635
-0.0895341
-0.0837306
-0.0781316
-0.0789903
-0.0873878
-0.0981990
-0.1048711
-0.1052178
-0.1027027
-0.1025845
-0.1071743
-0.1144604
-0.1204487
-0.1223724
-0.1201805
-0.1160393
-0.1130212
-0.1137322
-0.1188976
-0.1263897
-0.1320235
-0.1325814
-0.1289733
-0.1261616
-0.1289289
-0.1369683
-0.1443090
-0.1443518
-0.1360815
-0.1253929
-0.1200715
-0.1232566
-0.1315201
-0.1387140
-0.1411206
-0.1391721
-0.1355003
-0.1325040
-0.1315308
-0.1327963
-0.1346972
-0.1333354
-0.1241964
-0.1058472
-0.0825214
-0.0623983
-0.0519834
-0.0509060
-0.0516935
-0.0451652
-0.0274118
-0.0029658
0.0181944
0.0273105
0.0220176
0.0064976
-0.0125403
-0.0301117
-0.0443768
-0.0555487
-0.0645949
-0.0729408
-0.0824260
-0.0946628
-0.1102503
-0.1286741
-0.1486619
-0.1681857
-0.1842499
-0.1935853
-0.1945907
-0.1890539
-0.1817245
-0.1775593
-0.1785984
-0.1828044
-0.1856935
-0.1836780
-0.1768412
-0.1688706
-0.1636283
-0.1610276
-0.1565696
-0.1458421
-0.1293979
-0.1119527
-0.0964335
-0.0808484
-0.0633475
-0.0490905
-0.0466298
-0.0523097
-0.0383657
0.0381353
0.2084572
0.4704358
0.7899786
1.1186417
1.4050971
1.5930506
1.6235426
1.4599152
1.1234329
0.7026100
0.3148956
0.0442682
-0.0957537
-0.1469279
-0.1598934
-0.1604734
-0.1509301
-0.1308496
-0.1092092
-0.0978465
-0.0996798
-0.1071895
-0.1113417
-0.1097550
-0.1066014
-0.1069680
-0.1123918
-0.1204583
-0.1269137
-0.1281491
-0.1231536
-0.1142781
-0.1060347
-0.1022767
-0.1037133
-0.1077331
-0.1106179
-0.1103098
-0.1076114
-0.1050165
-0.1041562
-0.1039868
-0.1014850
-0.0945754
-0.0846666
-0.0760282
-0.0721364
-0.0724034
-0.0726344
-0.0688734
-0.0609139
-0.0522404
-0.0467154
-0.0451446
-0.0445632
-0.0405598
-0.0305887
-0.0156613
0.0007361
0.0153453
0.0270889
0.0369156
0.0463474
0.0564693
0.0679364
0.0810934
0.0955679
0.1101457
0.1238715
0.1374882
0.1531061
0.1717762
0.1916335
0.2092971
0.2234405
0.2363985
0.2515728
0.2693287
0.2860393
0.2974735
0.3029817
0.3063030
0.3124884
0.3239610
0.3387959
0.3519232
0.3580227
0.3543924
0.3422183
0.3252002
0.3061384
0.2842579
0.2561708
0.2201163
0.1793281
0.1406518
0.1093364
0.0851477
0.0636641
0.0411351
0.0177653
-0.0035080
-0.0206282
-0.0342042
-0.0460060
-0.0565979
-0.0650034
-0.0703295
-0.0729331
-0.0737949
-0.0734403
-0.0722395
-0.0716196
-0.0739389
-0.0802714
-0.0884492
-0.0942695
-0.0954409
-0.0942393
-0.0955004
-0.1014290
-0.1085841
-0.1106566
-0.1047099
-0.0946764
-0.0883782
-0.0907089
-0.0993898
-0.1072469
-0.1088225
-0.1052034
-0.1026934
-0.1066462
-0.1162148
-0.1249005
-0.1263770
-0.1201716
-0.1120580
-0.1090934
-0.1140402
-0.1239157
-0.1331639
-0.1380308
-0.1386141
-0.1378056
-0.1386739
-0.1421682
-0.1463634
-0.1478164
-0.1445066
-0.1382039
-0.1337552
-0.1352144
-0.1421294
-0.1497155
-0.1530272
-0.1512340
-0.1480322
-0.1480059
-0.1523784
-0.1577929
-0.1590192
-0.1534452
-0.1438633
-0.1369909
-0.1381175
-0.1457974
-0.1516049
-0.1463936
-0.1283431
-0.1053278
-0.0886539
-0.0833676
-0.0839160
-0.0790367
-0.0612986
-0.0330665
-0.0046401
0.0128709
0.0140390
0.0008930
-0.0200316
-0.0424144
-0.0631823
-0.0821113
-0.0991401
-0.1125948
-0.1206432
-0.1246887
-0.1305441
-0.1447513
-0.1685697
-0.1955731
-0.2161021
-0.2250598
-0.2257110
-0.2257427
-0.2295892
-0.2348484
-0.2361830
-0.2319235
-0.2257104
-0.2215101
-0.2184558
-0.2122659
-0.2015405
-0.1904936
-0.1839702
-0.1811407
-0.1767764
-0.1687485
-0.1606892
-0.1545722
-0.1436555
-0.1194059
-0.0876679
-0.0711441
-0.0852906
-0.1076876
-0.0772623
0.0666693
0.3389395
0.6986426
1.0777356
1.4107876
1.6371444
1.6923662
1.5266591
1.1517881
0.6677373
0.2240786
-0.0657516
-0.1857567
-0.2024388
-0.1948761
-0.1981711
-0.2031861
-0.1934758
-0.1713983
-0.1518722
-0.1428933
-0.1397756
-0.1357258
-0.1312510
-0.1311651
-0.1362310
-0.1416604
-0.1434434
-0.1431902
-0.1453164
-0.1506709
-0.1546061
-0.1516364
-0.1414141
-0.1297948
-0.1239996
-0.1264084
-0.1325762
-0.1352598
-0.1308857
-0.1225423
-0.1166792
-0.1167293
-0.1199033
-0.1201167
-0.1138042
-0.1028762
-0.0925628
-0.0869703
-0.0864691
-0.0882699
-0.0887305
-0.0855838
-0.0791530
-0.0719194
-0.0662302
-0.0616112
-0.0545169
-0.0416329
-0.0238144
-0.0061533
0.0066244
0.0148504
0.0235304
0.0370904
0.0547987
0.0716250
0.0834368
0.0911564
0.1000471
0.1152511
0.1377138
0.1635472
0.1868329
0.2036553
0.2146512
0.2242723
0.2370692
0.2537601
0.2705263
0.2824626
0.2882111
0.2914389
0.2976942
0.3094835
0.3238808
0.3344617
0.3356761
0.3262095
0.3090862
0.2887267
0.2672667
0.2431190
0.2132531
0.1773980
0.1399900
0.1072684
0.0818829
0.0606369
0.0381714
0.0128765
-0.0114815
