-0.1107302
-0.1048417
-0.0994981
-0.0972082
-0.0980317
-0.1006950
-0.1038982
-0.1066560
-0.1083868
-0.1094773
-0.1114168
-0.1153399
-0.1200159
-0.1219751
-0.1185626
-0.1110278
-0.1040783
-0.1020132
-0.1053551
-0.1112106
-0.1164101
-0.1199194
-0.1226566
-0.1259209
-0.1303034
-0.1353529
-0.1393977
-0.1398522
-0.1348886
-0.1258101
-0.1175834
-0.1157754
-0.1216184
-0.1295721
-0.1303860
-0.1180368
-0.0950712
-0.0714713
-0.0571696
-0.0539096
-0.0533952
-0.0438510
-0.0198729
0.0127098
0.0409802
0.0541568
0.0499165
0.0333877
0.0114855
-0.0113836
-0.0332455
-0.0522782
-0.0661187
-0.0736986
-0.0771872
-0.0814770
-0.0913298
-0.1085701
-0.1313557
-0.1555146
-0.1765534
-0.1912508
-0.1986665
-0.2005268
-0.2004857
-0.2020045
-0.2059111
-0.2096305
-0.2090902
-0.2019900
-0.1898254
-0.1771174
-0.1685367
-0.1659265
-0.1670331
-0.1668221
-0.1609124
-0.1488588
-0.1342190
-0.1207971
-0.1089736
-0.0969802
-0.0859865
-0.0809019
-0.0812130
-0.0685866
-0.0064397
0.1418052
0.3880303
0.7084226
1.0525669
1.3596973
1.5681186
1.6213554
1.4850355
1.1736607
0.7627628
0.3630544
0.0659173
-0.0995306
-0.1647016
-0.1821439
-0.1865364
-0.1855811
-0.1762669
-0.1610208
-0.1480769
-0.1425169
-0.1421164
-0.1417257
-0.1388936
-0.1345480
-0.1303319
-0.1270559
-0.1250959
-0.1246745
-0.1254220
-0.1265210
-0.1276132
-0.1289419
-0.1303191
-0.1307030
-0.1295048
-0.1278344
-0.1273905
-0.1279454
-0.1268543
-0.1218260
-0.1139174
-0.1070947
-0.1046547
-0.1062765
-0.1084454
-0.1073613
-0.1016637
-0.0933245
-0.0864463
-0.0843360
-0.0863352
-0.0873006
-0.0814618
-0.0679479
-0.0522783
-0.0414392
-0.0372205
-0.0348812
-0.0284037
-0.0162820
-0.0018124
0.0111945
0.0215599
0.0299910
0.0374173
0.0456084
0.0582390
0.0785212
0.1044881
0.1282021
0.1420612
0.1464636
0.1499188
0.1606078
0.1784243
0.1961466
0.2077232
0.2137479
0.2185458
0.2239086
0.2278531
0.2291370
0.2302194
0.2336669
0.2364931
0.2307131
0.2109698
0.1807458
0.1495664
0.1240069
0.1024657
0.0789623
0.0507540
0.0210104
-0.0053669
-0.0266258
-0.0439893
-0.0579430
-0.0668358
-0.0698471
-0.0700296
-0.0727306
-0.0806201
-0.0910450
-0.0988257
-0.1013469
-0.1005217
-0.1001812
-0.1023877
-0.1064216
-0.1103922
-0.1127640
-0.1124114
-0.1085030
-0.1015509
-0.0944635
-0.0913367
-0.0941700
-0.1007742
-0.1064860
-0.1081639
-0.1062974
-0.1033542
-0.1009282
-0.0992628
-0.0990701
-0.1021575
-0.1089651
-0.1159338
-0.1171236
-0.1098398
-0.0984321
-0.0913108
-0.0934950
-0.1023414
-0.1108409
-0.1145882
-0.1149217
-0.1157476
-0.1187725
-0.1227006
-0.1261839
-0.1297184
-0.1338526
-0.1366431
-0.1346660
-0.1271808
-0.1183593
-0.1140801
-0.1160233
-0.1192803
-0.1162978
-0.1035340
-0.0846103
-0.0672339
-0.0568038
-0.0521313
-0.0465209
-0.0330780
-0.0101707
0.0166983
0.0376133
0.0436455
0.0316899
0.0060731
-0.0238765
-0.0489052
-0.0645876
-0.0728396
-0.0793245
-0.0888464
-0.1023885
-0.1179081
-0.1334327
-0.1489199
-0.1651240
-0.1813813
-0.1953746
-0.2051689
-0.2108441
-0.2138154
-0.2151332
-0.2150356
-0.2136089
-0.2106716
-0.2049371
-0.1949326
-0.1821224
-0.1720522
-0.1697268
-0.1729414
-0.1725144
-0.1617126
-0.1444534
-0.1306308
-0.1226831
-0.1115355
-0.0906003
-0.0709530
-0.0725968
-0.0930874
-0.0878686
0.0075482
0.2275905
0.5472186
0.9017413
1.2302335
1.4931823
1.6523384
1.6535361
1.4531969
1.0720356
0.6144172
0.2180698
-0.0289807
-0.1310328
-0.1541321
-0.1603196
-0.1694006
-0.1708574
-0.1562446
-0.1334110
-0.1159725
-0.1093545
-0.1100764
-0.1136571
-0.1185771
-0.1239541
-0.1278783
-0.1295402
-0.1305398
-0.1320273
-0.1317758
-0.1264901
-0.1171390
-0.1098213
-0.1098072
-0.1154767
-0.1197767
-0.1179782
-0.1128914
-0.1115557
-0.1171339
-0.1249054
-0.1265195
-0.1179928
-0.1035836
-0.0921182
-0.0893598
-0.0932497
-0.0961775
-0.0922867
-0.0830698
-0.0755924
-0.0746488
-0.0768241
-0.0733120
-0.0592576
-0.0396855
-0.0249850
-0.0203051
-0.0204376
-0.0159629
-0.0036352
0.0109098
0.0209222
0.0271527
0.0369303
0.0550951
0.0779482
0.0973301
0.1095310
0.1183838
0.1295827
0.1438248
0.1569475
0.1660438
0.1734767
0.1840058
0.1989521
0.2145072
0.2257838
0.2314928
0.2341663
0.2364962
0.2382728
0.2367760
0.2294807
0.2162388
0.1993165
0.1815519
0.1640695
0.1454086
0.1231532
0.0969203
0.0696243
0.0451017
0.0242690
0.0044873
-0.0163001
-0.0352382
-0.0461799
-0.0468799
-0.0436462
-0.0466120
-0.0593822
-0.0746033
-0.0814738
-0.0775407
-0.0714366
-0.0731193
-0.0826507
-0.0904195
-0.0884014
-0.0791853
-0.0724135
-0.0734100
-0.0778215
-0.0782731
-0.0742460
-0.0728048
-0.0794185
-0.0902867
-0.0955988
-0.0900315
-0.0785292
-0.0712332
-0.0736571
-0.0826479
-0.0912807
-0.0960882
-0.0988108
-0.1022011
-0.1059471
-0.1074213
-0.1055737
-0.1028276
-0.1027168
-0.1060887
-0.1101827
-0.1116071
-0.1100266
-0.1085981
-0.1105633
-0.1154997
-0.1192757
-0.1180060
-0.1120610
-0.1059793
-0.1043150
-0.1076524
-0.1127635
-0.1163488
-0.1178649
-0.1181432
-0.1158086
-0.1067401
-0.0885030
-0.0650794
-0.0454481
-0.0358478
-0.0332955
-0.0277962
-0.0118565
0.0121113
0.0339355
0.0447246
0.0431770
0.0334785
0.0190227
0.0001764
-0.0220561
-0.0428085
-0.0562778
-0.0620155
-0.0666140
-0.0778306
-0.0972128
-0.1191775
-0.1371319
-0.1495646
-0.1598121
-0.1707587
-0.1809970
-0.1865409
-0.1857493
-0.1819625
-0.1810015
-0.1856600
-0.1921994
-0.1926967
-0.1823133
-0.1650851
-0.1513346
-0.1475467
-0.1491650
-0.1457643
-0.1339212
-0.1216473
-0.1167231
-0.1130082
-0.0956289
-0.0634794
-0.0401983
-0.0510620
-0.0838313
-0.0791819
0.0294870
0.2628858
0.5838191
0.9341463
1.2708230
1.5563563
1.7247666
1.6869887
1.3977070
0.9227186
0.4249062
0.0634086
-0.1068563
-0.1451982
-0.1460725
-0.1566025
-0.1646883
-0.1473417
-0.1115474
-0.0857629
-0.0850561
-0.0973623
-0.1033246
-0.0999696
-0.0995374
-0.1095997
-0.1219381
-0.1227469
-0.1093684
-0.0930900
-0.0864176
-0.0908553
-0.0979588
-0.0999686
-0.0972231
-0.0957035
-0.0993227
-0.1055161
-0.1078005
-0.1021336
-0.0910344
-0.0816670
-0.0794091
-0.0828506
-0.0854124
-0.0823854
-0.0760534
-0.0728999
-0.0754791
-0.0782257
-0.0728608
-0.0580596
-0.0421757
-0.0349559
-0.0370318
-0.0393117
-0.0333229
-0.0206568
-0.0104862
-0.0080954
-0.0079712
0.0003429
0.0203729
0.0445127
0.0621820
0.0708091
0.0772527
0.0887842
0.1047490
0.1184703
0.1263164
0.1326250
0.1447934
0.1647150
0.1865355
0.2027777
0.2114564
0.2166001
0.2226897
0.2299305
0.2352577
0.2369425
0.2370374
0.2390650
0.2437830
0.2474855
0.2443573
0.2307586
0.2080521
0.1817635
0.1574442
0.1364096
0.1153366
0.0906214
0.0634108
0.0397509
0.0250070
0.0181455
0.0122568
0.0012521
-0.0142408
-0.0281447
-0.0358330
-0.0388147
-0.0420919
-0.0477712
-0.0527634
-0.0531479
-0.0495787
-0.0469799
-0.0488769
-0.0533017
-0.0554393
-0.0541318
-0.0543543
-0.0618829
-0.0755027
-0.0859838
-0.0844529
-0.0721105
-0.0605134
-0.0609438
-0.0733305
-0.0865036
-0.0899613
-0.0848055
-0.0819129
-0.0891362
-0.1017655
-0.1073409
-0.0998332
-0.0871688
-0.0832219
-0.0930255
-0.1077364
-0.1147561
-0.1113253
-0.1064889
-0.1099607
-0.1210225
-0.1297342
-0.1282282
-0.1188631
-0.1106650
-0.1093266
-0.1125295
-0.1148240
-0.1149286
-0.1165577
-0.1224978
-0.1295059
-0.1300955
-0.1193395
-0.0996427
-0.0788809
-0.0639573
-0.0558551
-0.0502380
-0.0421896
-0.0302095
-0.0160575
-0.0015814
0.0132763
0.0285731
0.0406615
0.0419611
0.0266531
-0.0023294
-0.0330691
-0.0534861
-0.0615000
-0.0660218
-0.0772153
-0.0960361
-0.1141838
-0.1243920
-0.1294707
-0.1396299
-0.1606186
-0.1859110
-0.2022364
-0.2029995
-0.1950485
-0.1913625
-0.1976551
-0.2072428
-0.2090042
-0.1990996
-0.1840360
-0.1730835
-0.1693928
-0.1690043
-0.1669223
-0.1621412
-0.1567027
-0.1517393
-0.1456559
-0.1352659
-0.1177842
-0.0934218
-0.0687900
-0.0566801
-0.0659740
-0.0849486
-0.0742465
0.0165664
0.2166783
0.5125856
0.8555401
1.1863742
1.4504647
1.5944618
1.5666248
1.3423221
0.9600066
0.5250297
0.1603772
-0.0624870
-0.1539675
-0.1745400
-0.1765785
-0.1745652
-0.1606891
-0.1349130
-0.1125293
-0.1068856
-0.1143749
-0.1207198
-0.1183978
-0.1130261
-0.1131582
-0.1185589
-0.1212733
-0.1162100
-0.1072330
-0.1021596
-0.1037712
-0.1074179
-0.1071242
-0.1026615
-0.0997349
-0.1033057
-0.1113848
-0.1161256
-0.1114453
-0.0993875
-0.0883311
-0.0845329
-0.0859484
-0.0853582
-0.0795483
-0.0737420
-0.0752778
-0.0834334
-0.0880040
-0.0796149
-0.0604630
-0.0428390
-0.0366618
-0.0398235
-0.0415550
-0.0341747
-0.0201202
-0.0077947
-0.0022872
-0.0010718
0.0023824
0.0125296
0.0291291
0.0486233
0.0667028
0.0804946
0.0902236
0.0991879
0.1108539
0.1251878
0.1386601
0.1487764
0.1579215
0.1711501
0.1897813
0.2085286
0.2204277
0.2244428
0.2266861
0.2331732
0.2422894
0.2462057
0.2402388
0.2293557
0.2236880
0.2274179
0.2332059
0.2284352
0.2068347
0.1736303
0.1395970
0.1109120
0.0853882
0.0581352
0.0294002
0.0054394
-0.0083919
-0.0141750
-0.0199849
-0.0319592
-0.0484600
-0.0623588
-0.0686964
-0.0695943
-0.0716045
-0.0787203
-0.0885235
-0.0951667
-0.0955018
-0.0917965
-0.0888255
-0.0891619
-0.0915981
-0.0935857
-0.0945032
-0.0963016
-0.1010380
-0.1079396
-0.1132112
-0.1132139
-0.1081194
-0.1023066
-0.1008098
-0.1050979
-0.1122320
-0.1181420
-0.1215708
-0.1244511
-0.1283475
-0.1313689
-0.1298974
-0.1236859
-0.1179518
-0.1188631
-0.1268540
-0.1356570
-0.1388367
-0.1367842
-0.1361400
-0.1420001
-0.1515765
-0.1566224
-0.1521468
-0.1417777
-0.1339637
-0.1335965
-0.1382830
-0.1422746
-0.1422751
-0.1386349
-0.1323071
-0.1227521
-0.1093357
-0.0934600
-0.0778980
-0.0638659
-0.0495164
-0.0318738
-0.0102172
0.0123491
0.0298973
0.0357764
0.0251826
-0.0013438
-0.0353016
-0.0629047
-0.0741178
-0.0711268
-0.0669179
-0.0736105
-0.0917996
-0.1122026
-0.1276712
-0.1416561
-0.1628994
-0.1922983
-0.2179903
-0.2259760
-0.2151678
-0.1995104
-0.1941186
-0.2007333
-0.2083217
-0.2069668
-0.1985922
-0.1930743
-0.1956188
-0.2003666
-0.1968743
-0.1814602
-0.1610341
-0.1462296
-0.1416638
-0.1423883
-0.1383686
-0.1226144
-0.0976800
-0.0762419
-0.0727064
-0.0879845
-0.0981044
-0.0592257
0.0701913
0.3052312
0.6255769
0.9836337
1.3168499
1.5551387
1.6306511
1.5016753
1.1837685
0.7599052
0.3483968
0.0436671
-0.1261628
-0.1936062
-0.2101132
-0.2089224
-0.1991890
-0.1822749
-0.1639306
-0.1509173
-0.1431899
-0.1354547
-0.1259983
-0.1198605
-0.1215992
-0.1276910
-0.1295199
-0.1237733
-0.1169269
-0.1177524
-0.1267467
-0.1350033
-0.1335925
-0.1226391
-0.1105030
-0.1049237
-0.1061684
-0.1088526
-0.1090335
-0.1079083
-0.1084480
-0.1101101
-0.1087079
-0.1015974
-0.0915340
-0.0841898
-0.0820046
-0.0814187
-0.0767801
-0.0667749
-0.0562544
-0.0511405
-0.0517308
-0.0517753
-0.0445172
-0.0293069
-0.0120250
0.0006094
0.0067761
0.0100843
0.0152116
0.0233570
0.0319356
0.0386172
0.0452333
0.0568147
0.0761293
0.0994985
0.1190141
0.1296657
0.1343132
0.1410472
0.1550114
0.1728549
0.1860414
0.1901926
0.1905734
0.1972428
0.2146210
0.2366859
0.2529095
0.2582896
0.2568078
0.2553439
0.2553980
0.2517853
0.2393236
0.2194639
0.1989031
0.1816454
0.1640080
0.1388608
0.1044525
0.0676183
0.0375929
0.0172182
0.0010058
-0.0180581
-0.0403017
-0.0584748
-0.0652566
-0.0613826
-0.0558384
-0.0578786
-0.0690477
-0.0828644
-0.0916631
-0.0934667
-0.0926980
-0.0947850
-0.1002052
-0.1039149
-0.1009660
-0.0926459
-0.0863431
-0.0886890
-0.0989600
-0.1097748
-0.1144431
-0.1132513
-0.1120756
-0.1149263
-0.1188497
-0.1173731
-0.1089022
-0.1000110
-0.0989614
-0.1065648
-0.1152075
-0.1173436
-0.1135747
-0.1111591
-0.1150831
-0.1221057
-0.1244061
-0.1185524
-0.1096799
-0.1062616
-0.1114201
-0.1203541
-0.1260955
-0.1265231
-0.1252198
-0.1265083
-0.1306926
-0.1337211
-0.1304840
-0.1185563
-0.0998964
-0.0796772
-0.0631301
-0.0525161
-0.0461393
-0.0398158
-0.0296484
-0.0142297
0.0050766
0.0252707
0.0423335
0.0508425
0.0449806
0.0226241
-0.0106867
-0.0433598
-0.0652902
-0.0746361
-0.0773090
-0.0803112
-0.0863083
-0.0946426
-0.1060245
-0.1235957
-0.1478487
-0.1720744
-0.1864774
-0.1885917
-0.1874520
-0.1942395
-0.2088296
-0.2186447
-0.2126163
-0.1945315
-0.1798170
-0.1790564
-0.1873200
-0.1914573
-0.1858583
-0.1772265
-0.1733608
-0.1716150
-0.1623765
-0.1419749
-0.1169930
-0.0954989
-0.0798919
-0.0716222
-0.0761993
-0.0922141
-0.0921368
-0.0230844
0.1606847
0.4601116
0.8264930
1.1926079
1.5024173
1.7085425
1.7552279
1.5911352
1.2192873
0.7323556
0.2792725
-0.0226178
-0.1536266
-0.1783827
-0.1746815
-0.1768291
-0.1772950
-0.1642108
-0.1442390
-0.1320522
-0.1309973
-0.1327370
-0.1320246
-0.1330382
-0.1395747
-0.1459242
-0.1430002
-0.1309940
-0.1202819
-0.1190800
-0.1243375
-0.1271991
-0.1248686
-0.1232447
-0.1275302
-0.1336007
-0.1318484
-0.1192185
-0.1042538
-0.0981834
-0.1025590
-0.1083080
-0.1066848
-0.0983585
-0.0905987
-0.0876479
-0.0862183
-0.0803033
-0.0686715
-0.0564173
-0.0491364
-0.0465142
-0.0428941
-0.0343399
-0.0235734
-0.0164383
-0.0141413
-0.0109138
-0.0000594
0.0185111
0.0375265
0.0492978
0.0534538
0.0573524
0.0679897
0.0838636
0.0967061
0.1019700
0.1054703
0.1173192
0.1399111
0.1643420
0.1796250
0.1842284
0.1871204
0.1972789
0.2133544
0.2253779
0.2269407
0.2233801
0.2255310
0.2364663
0.2476920
0.2488964
0.2382497
0.2212403
0.2018983
0.1786700
0.1491678
0.1164063
0.0879592
0.0683539
0.0535592
0.0350081
0.0094606
-0.0171402
-0.0369101
-0.0491113
-0.0596366
-0.0726725
-0.0859049
-0.0941858
-0.0955778
-0.0928814
-0.0904331
-0.0901316
-0.0904164
-0.0893278
-0.0882576
-0.0909573
-0.0980858
-0.1047086
-0.1049829
-0.0983211
-0.0896556
-0.0846281
-0.0853600
-0.0894674
-0.0922102
-0.0910207
-0.0885509
-0.0894299
-0.0936456
-0.0958850
-0.0925271
-0.0865228
-0.0836873
-0.0862890
-0.0916084
-0.0949746
-0.0936669
-0.0899614
-0.0900720
-0.0969456
-0.1045623
-0.1036641
-0.0932947
-0.0820791
-0.0777878
-0.0805650
-0.0865231
-0.0920466
-0.0941041
-0.0931306
-0.0964017
-0.1104502
-0.1283171
