-0.1261333
-0.0931902
-0.0791184
-0.0871028
-0.1042143
-0.1139315
-0.1115972
-0.1048159
-0.1018154
-0.1044029
-0.1106584
-0.1182100
-0.1232233
-0.1209208
-0.1107989
-0.0997295
-0.0966839
-0.1037009
-0.1133581
-0.1162416
-0.1109497
-0.1057788
-0.1094786
-0.1207951
-0.1289819
-0.1252740
-0.1122503
-0.1007716
-0.0990538
-0.1060822
-0.1143168
-0.1166714
-0.1115132
-0.1034897
-0.1000910
-0.1050186
-0.1127310
-0.1102825
-0.0875678
-0.0482115
-0.0099814
0.0085157
0.0043889
-0.0059236
-0.0011758
0.0254148
0.0610979
0.0865878
0.0922999
0.0820899
0.0645903
0.0445301
0.0225633
0.0003072
-0.0176355
-0.0273762
-0.0304065
-0.0336147
-0.0444956
-0.0660960
-0.0953326
-0.1246240
-0.1454823
-0.1532890
-0.1510026
-0.1476300
-0.1507447
-0.1596572
-0.1669333
-0.1669993
-0.1620785
-0.1589986
-0.1613743
-0.1662728
-0.1678387
-0.1623445
-0.1497243
-0.1327698
-0.1166339
-0.1068094
-0.1032767
-0.0966157
-0.0760763
-0.0465845
-0.0330707
-0.0557736
-0.0943175
-0.0826168
0.0478054
0.3126400
0.6633673
1.0289006
1.3591120
1.6201264
1.7573401
1.6918815
1.3810576
0.8880984
0.3755285
0.0072215
-0.1574437
-0.1806906
-0.1672764
-0.1740272
-0.1897909
-0.1835987
-0.1535330
-0.1264854
-0.1235656
-0.1384933
-0.1498699
-0.1460356
-0.1332676
-0.1239789
-0.1233941
-0.1281079
-0.1324925
-0.1332061
-0.1297552
-0.1245009
-0.1221880
-0.1263199
-0.1342510
-0.1374792
-0.1292435
-0.1123026
-0.0978650
-0.0955892
-0.1044239
-0.1136002
-0.1127497
-0.1010336
-0.0866892
-0.0783386
-0.0770939
-0.0766296
-0.0700909
-0.0566826
-0.0419718
-0.0321605
-0.0280475
-0.0245432
-0.0162018
-0.0031294
0.0089773
0.0149543
0.0162852
0.0208321
0.0359636
0.0612298
0.0875025
0.1040618
0.1079491
0.1071814
0.1142279
0.1349743
0.1631555
0.1858112
0.1952052
0.1962280
0.2020337
0.2216901
0.2516108
0.2791510
0.2946465
0.2996647
0.3035385
0.3127768
0.3249554
0.3329348
0.3337319
0.3318290
0.3334202
0.3381965
0.3378630
0.3232413
0.2926996
0.2535169
0.2153507
0.1826333
0.1527183
0.1203024
0.0833120
0.0453922
0.0135991
-0.0066896
-0.0159734
-0.0207032
-0.0286620
-0.0428847
-0.0593111
-0.0708130
-0.0743445
-0.0741803
-0.0774181
-0.0860536
-0.0943337
-0.0948186
-0.0867641
-0.0774744
-0.0750757
-0.0807433
-0.0886337
-0.0928029
-0.0929748
-0.0933105
-0.0967411
-0.1018193
-0.1049940
-0.1045839
-0.1017205
-0.0983487
-0.0958081
-0.0952708
-0.0977550
-0.1024791
-0.1062068
-0.1061496
-0.1038588
-0.1046046
-0.1114322
-0.1204009
-0.1235962
-0.1177836
-0.1090116
-0.1070350
-0.1150481
-0.1262750
-0.1314951
-0.1289277
-0.1252330
-0.1269771
-0.1328945
-0.1356968
-0.1307101
-0.1212403
-0.1151503
-0.1171100
-0.1248313
-0.1322586
-0.1353874
-0.1349120
-0.1342981
-0.1361992
-0.1403880
-0.1441005
-0.1440935
-0.1392389
-0.1319582
-0.1268841
-0.1272183
-0.1319141
-0.1365936
-0.1374966
-0.1346499
-0.1313481
-0.1307345
-0.1327231
-0.1336978
-0.1289040
-0.1156841
-0.0955191
-0.0735891
-0.0557846
-0.0447895
-0.0381544
-0.0303366
-0.0172447
0.0008792
0.0207393
0.0392213
0.0543756
0.0634574
0.0618620
0.0460792
0.0183430
-0.0125716
-0.0365294
-0.0489964
-0.0536228
-0.0586431
-0.0707721
-0.0913134
-0.1161449
-0.1385674
-0.1535385
-0.1613567
-0.1676639
-0.1781393
-0.1919087
-0.2012975
-0.2000569
-0.1916233
-0.1867922
-0.1918089
-0.2004534
-0.2004464
-0.1874490
-0.1699602
-0.1592003
-0.1567055
-0.1546781
-0.1468459
-0.1341975
-0.1191994
-0.1005366
-0.0797296
-0.0696012
-0.0842160
-0.1118914
-0.1023974
0.0067290
0.2427974
0.5762046
0.9449364
1.2928729
1.5761904
1.7390402
1.7081607
1.4391475
0.9780909
0.4658095
0.0607738
-0.1581073
-0.2230361
-0.2224561
-0.2210950
-0.2279788
-0.2240495
-0.2022208
-0.1762719
-0.1617276
-0.1603969
-0.1646981
-0.1691581
-0.1724815
-0.1720969
-0.1637650
-0.1484025
-0.1350964
-0.1333911
-0.1430457
-0.1539668
-0.1567661
-0.1517062
-0.1464685
-0.1466303
-0.1500973
-0.1505994
-0.1448092
-0.1350136
-0.1257346
-0.1192872
-0.1149183
-0.1110614
-0.1072146
-0.1036803
-0.1004740
-0.0971420
-0.0933492
-0.0889554
-0.0832866
-0.0747933
-0.0621886
-0.0463706
-0.0309562
-0.0200599
-0.0147399
-0.0115152
-0.0049672
0.0074932
0.0231778
0.0366934
0.0454431
0.0527761
0.0653343
0.0866723
0.1132096
0.1367351
0.1514229
0.1588321
0.1663104
0.1805295
0.2021149
0.2257221
0.2448082
0.2567984
0.2648080
0.2751169
0.2924445
0.3162033
0.3402453
0.3565828
0.3608135
0.3551336
0.3460147
0.3380344
0.3293788
0.3136105
0.2863543
0.2503811
0.2138869
0.1835517
0.1591725
0.1349047
0.1054595
0.0710362
0.0366940
0.0076537
-0.0145756
-0.0321840
-0.0482025
-0.0637706
-0.0774052
-0.0863563
-0.0891322
-0.0875784
-0.0865188
-0.0903202
-0.0988169
-0.1067292
-0.1081300
-0.1023631
-0.0955377
-0.0954828
-0.1045597
-0.1172176
-0.1247017
-0.1223820
-0.1129581
-0.1033287
-0.0989667
-0.1009498
-0.1070023
-0.1139932
-0.1193099
-0.1211686
-0.1192556
-0.1156105
-0.1139454
-0.1166994
-0.1222633
-0.1257947
-0.1236572
-0.1171706
-0.1115225
-0.1108379
-0.1146750
-0.1194632
-0.1227384
-0.1252247
-0.1288781
-0.1337838
-0.1375985
-0.1377784
-0.1338733
-0.1278882
-0.1231356
-0.1226878
-0.1276664
-0.1358800
-0.1426400
-0.1445791
-0.1433810
-0.1445786
-0.1512254
-0.1590144
-0.1593582
-0.1483928
-0.1323462
-0.1227853
-0.1261338
-0.1381287
-0.1484164
-0.1498168
-0.1428795
-0.1325403
-0.1219292
-0.1098824
-0.0935650
-0.0725555
-0.0502717
-0.0315167
-0.0181034
-0.0063167
0.0106542
0.0360091
0.0638528
0.0809941
0.0760473
0.0484703
0.0095341
-0.0254241
-0.0464828
-0.0531699
-0.0520174
-0.0515994
-0.0585522
-0.0752472
-0.0991432
-0.1247354
-0.1477638
-0.1682176
-0.1885696
-0.2086262
-0.2230490
-0.2255081
-0.2159049
-0.2026969
-0.1966875
-0.2015710
-0.2105669
-0.2129936
-0.2046686
-0.1916452
-0.1832177
-0.1815847
-0.1797419
-0.1701886
-0.1539904
-0.1385810
-0.1268097
-0.1125487
-0.0912519
-0.0724011
-0.0723456
-0.0870358
-0.0735752
0.0311041
0.2636908
0.6030002
0.9835641
1.3360128
1.6093709
1.7591765
1.7340884
1.4988145
1.0817962
0.5920618
0.1700779
-0.0945783
-0.2068965
-0.2357054
-0.2448226
-0.2523119
-0.2448363
-0.2155443
-0.1796686
-0.1579497
-0.1552254
-0.1598755
-0.1602946
-0.1564472
-0.1553515
-0.1600040
-0.1660886
-0.1681592
-0.1656194
-0.1615854
-0.1579922
-0.1540438
-0.1491438
-0.1451202
-0.1440988
-0.1449062
-0.1433982
-0.1372439
-0.1295661
-0.1263224
-0.1294726
-0.1336122
-0.1307006
-0.1184416
-0.1031208
-0.0934039
-0.0917100
-0.0925205
-0.0889944
-0.0800092
-0.0700549
-0.0632707
-0.0591799
-0.0543083
-0.0462527
-0.0348566
-0.0204078
-0.0030213
0.0153855
0.0303632
0.0386114
0.0427082
0.0503174
0.0670417
0.0902924
0.1114470
0.1244648
0.1317925
0.1415747
0.1597935
0.1856437
0.2136592
0.2386787
0.2583378
0.2724179
0.2819453
0.2893470
0.2979009
0.3093705
0.3221030
0.3324757
0.3386819
0.3424109
0.3460059
0.3481677
0.3434834
0.3269809
0.2990976
0.2656111
0.2323385
0.2000724
0.1650744
0.1245952
0.0815675
0.0434936
0.0165535
0.0006626
-0.0100939
-0.0226030
-0.0400244
-0.0606158
-0.0797877
-0.0931427
-0.0989163
-0.0991787
-0.0989886
-0.1030423
-0.1116465
-0.1198002
-0.1212485
-0.1143807
-0.1042958
-0.0988072
-0.1021246
-0.1119156
-0.1217449
-0.1260781
-0.1237957
-0.1182733
-0.1145535
-0.1155029
-0.1194849
-0.1216302
-0.1182530
-0.1106832
-0.1045001
-0.1044027
-0.1097423
-0.1154175
-0.1172022
-0.1158581
-0.1158882
-0.1205666
-0.1283883
-0.1340992
-0.1329783
-0.1246551
-0.1136886
-0.1066197
-0.1074591
-0.1147446
-0.1225840
-0.1252753
-0.1219521
-0.1172605
-0.1173152
-0.1243674
-0.1347590
-0.1417820
-0.1409049
-0.1331613
-0.1242780
-0.1204093
-0.1236691
-0.1307624
-0.1358667
-0.1355896
-0.1317982
-0.1296817
-0.1327928
-0.1397769
-0.1456364
-0.1456268
-0.1376819
-0.1219945
-0.1001311
-0.0757026
-0.0547990
-0.0430436
-0.0402897
-0.0387107
-0.0281489
-0.0047728
0.0254584
0.0519610
0.0674709
0.0706023
0.0622164
0.0423151
0.0123162
-0.0208953
-0.0464021
-0.0571281
-0.0565484
-0.0566017
-0.0680735
-0.0923868
-0.1218691
-0.1469691
-0.1631328
-0.1721034
-0.1784412
-0.1854700
-0.1936088
-0.2010801
-0.2055098
-0.2053364
-0.2007699
-0.1941286
-0.1889555
-0.1876002
-0.1886050
-0.1867500
-0.1771958
-0.1606613
-0.1437336
-0.1323151
-0.1245852
-0.1127854
-0.0942477
-0.0791349
-0.0816255
-0.0980068
-0.0931249
-0.0136697
0.1781409
0.4781462
0.8418336
1.2064527
1.5090866
1.6896887
1.6939434
1.4941290
1.1196230
0.6642998
0.2497905
-0.0355795
-0.1756350
-0.2144596
-0.2103417
-0.1979460
-0.1843143
-0.1677973
-0.1523855
-0.1449903
-0.1463060
-0.1500876
-0.1511714
-0.1508270
-0.1528727
-0.1567067
-0.1569378
-0.1500977
-0.1396466
-0.1327561
-0.1326937
-0.1359165
-0.1370323
-0.1352987
-0.1347974
-0.1383232
-0.1426504
-0.1411795
-0.1311825
-0.1173491
-0.1074669
-0.1049117
-0.1059763
-0.1043838
-0.0975720
-0.0882804
-0.0809404
-0.0776588
-0.0775028
-0.0780631
-0.0764433
-0.0694409
-0.0549708
-0.0348610
-0.0156351
-0.0044384
-0.0025914
-0.0032902
0.0030168
0.0198960
0.0413966
0.0576458
0.0643560
0.0669390
0.0753034
0.0946595
0.1212671
0.1466240
0.1651882
0.1780546
0.1901229
0.2049356
0.2224705
0.2407179
0.2579239
0.2731760
0.2861793
0.2977511
0.3102308
0.3258635
0.3437661
0.3590597
0.3663375
0.3644914
0.3573494
0.3487169
0.3371238
0.3166704
0.2837322
0.2423072
0.2018126
0.1692945
0.1439901
0.1193924
0.0900569
0.0562976
0.0232146
-0.0037195
-0.0222784
-0.0342895
-0.0440828
-0.0555862
-0.0692952
-0.0813178
-0.0863166
-0.0827618
-0.0755087
-0.0722956
-0.0769590
-0.0861827
-0.0931962
-0.0944624
-0.0924364
-0.0921198
-0.0956896
-0.1007334
-0.1031329
-0.1011265
-0.0968679
-0.0946908
-0.0977303
-0.1052430
-0.1126399
-0.1149218
-0.1114254
-0.1074329
-0.1098730
-0.1201772
-0.1315444
-0.1345262
-0.1261797
-0.1134383
-0.1067879
-0.1104833
-0.1192418
-0.1244103
-0.1227151
-0.1186084
-0.1185972
-0.1242135
-0.1308004
-0.1325627
-0.1281864
-0.1216700
-0.1182424
-0.1196398
-0.1229674
-0.1238737
-0.1210434
-0.1178592
-0.1194207
-0.1273521
-0.1373325
-0.1421821
-0.1380264
-0.1277554
-0.1184400
-0.1152843
-0.1178838
-0.1218219
-0.1232723
-0.1219903
-0.1204775
-0.1207543
-0.1215825
-0.1181733
-0.1050291
-0.0807438
-0.0511858
-0.0269307
-0.0150113
-0.0116880
-0.0043806
0.0169607
0.0491817
0.0770670
0.0860926
0.0744021
0.0523177
0.0309837
0.0129034
-0.0061824
-0.0280629
-0.0473644
-0.0571292
-0.0580253
-0.0602577
-0.0752835
-0.1053300
-0.1408650
-0.1681737
-0.1798389
-0.1791037
-0.1754456
-0.1763811
-0.1826777
-0.1899156
-0.1935629
-0.1926712
-0.1897804
-0.1882034
-0.1892006
-0.1907065
-0.1882993
-0.1784663
-0.1624977
-0.1470794
-0.1387870
-0.1361336
-0.1285884
-0.1075694
-0.0802376
-0.0682230
-0.0848791
-0.1092262
-0.0853833
0.0442137
0.2976915
0.6408785
1.0108241
1.3472060
1.6002637
1.7186339
1.6502748
1.3752283
0.9440988
0.4751260
0.0963278
-0.1251646
-0.2079108
-0.2187392
-0.2133445
-0.2077798
-0.1944700
-0.1719755
-0.1535699
-0.1517985
-0.1632821
-0.1724443
-0.1678565
-0.1520730
-0.1364809
-0.1297888
-0.1324237
-0.1393641
-0.1453786
-0.1476960
-0.1463371
-0.1436718
-0.1427717
-0.1444125
-0.1455193
-0.1419188
-0.1333553
-0.1248292
-0.1217071
-0.1236870
-0.1249041
-0.1205765
-0.1125917
-0.1073525
-0.1082579
-0.1115115
-0.1099751
-0.1005208
-0.0867613
-0.0747877
-0.0672454
-0.0619719
-0.0555444
-0.0469461
-0.0375860
-0.0287060
-0.0197450
-0.0092619
0.0032370
0.0168711
0.0305834
0.0442805
0.0585879
0.0737108
0.0889137
0.1032794
0.1167920
0.1303809
0.1448939
0.1604041
0.1768313
0.1949246
0.2157821
0.2388544
0.2608584
0.2777511
0.2884700
0.2964192
0.3064406
0.3199091
0.3330942
0.3407463
0.3412052
0.3375418
0.3334881
0.3285691
0.3177451
0.2960984
0.2638184
0.2264424
0.1901446
0.1568353
0.1239284
0.0888024
0.0531036
0.0221893
0.0001772
-0.0141317
-0.0260317
-0.0397028
-0.0546287
-0.0672466
-0.0754881
-0.0809326
-0.0865981
-0.0935529
-0.1002523
-0.1045321
-0.1052481
-0.1022405
-0.0963056
-0.0901792
-0.0883250
-0.0934740
-0.1027104
-0.1087630
-0.1071949
-0.1021243
-0.1028216
-0.1134677
-0.1273279
-0.1327680
-0.1252082
-0.1119216
-0.1044888
-0.1075098
-0.1156604
-0.1209798
-0.1211869
-0.1203609
-0.1230435
-0.1292994
-0.1352547
-0.1369468
-0.1332247
-0.1262317
-0.1202964
-0.1196460
-0.1252462
-0.1330152
-0.1363382
-0.1321091
-0.1246511
-0.1224759
-0.1299511
-0.1421154
-0.1485390
-0.1429754
-0.1293406
-0.1181145
-0.1168677
-0.1242126
-0.1325336
-0.1359106
-0.1350066
-0.1346397
-0.1376193
-0.1418276
-0.1432565
-0.1408562
-0.1372759
-0.1347143
-0.1310740
-0.1214352
-0.1036305
-0.0816745
-0.0629120
-0.0516213
-0.0455497
-0.0383870
-0.0249592
-0.0041575
0.0215181
0.0471473
0.0657141
0.0694203
0.0538402
0.0224696
-0.0135331
-0.0420220
-0.0578157
-0.0648018
-0.0707041
-0.0802048
-0.0929191
-0.1067325
-0.1214643
-0.1386675
-0.1586347
-0.1787226
-0.1949619
-0.2050374
-0.2097138
-0.2118816
-0.2144248
-0.2182990
-0.2217389
-0.2213971
-0.2153723
-0.2058679
-0.1981548
-0.1955519
-0.1952660
-0.1906067
-0.1784469
-0.1635576
-0.1534840
-0.1488327
-0.1412688
-0.1239446
-0.1029277
-0.0931157
-0.0976703
-0.0908749
-0.0254156
0.1381241
0.4047125
0.7426337
1.1005154
1.4210956
1.6417312
1.6973054
1.5445451
1.1988064
0.7475006
0.3152742
-0.0003565
-0.1733791
-0.2409142
-0.2573458
-0.2555712
-0.2432233
-0.2221184
-0.2009503
-0.1889490
-0.1848815
-0.1791418
-0.1668773
-0.1548916
-0.1532251
-0.1619746
-0.1698836
-0.1667098
-0.1547888
-0.1463990
-0.1501786
-0.1619000
-0.1691473
-0.1638686
-0.1493597
-0.1357722
-0.1304621
-0.1329724
-0.1376440
-0.1392506
-0.1363048
-0.1308467
-0.1263777
-0.1252871
-0.1266625
-0.1262113
-0.1195390
-0.1066082
-0.0925644
-0.0829734
-0.0780008
-0.0723053
-0.0614355
-0.0476028
-0.0377029
-0.0352585
-0.0354174
-0.0290704
-0.0118350
0.0118295
0.0334574
0.0485601
0.0593080
0.0703055
0.0834042
0.0972009
0.1103882
0.1239824
0.1400064
0.1590729
0.1801003
0.2019207
0.2240781
0.2458360
