-0.1211921
-0.1266746
-0.1228313
-0.1352830
-0.1415372
-0.0784573
0.0979118
0.3791830
0.7235382
1.0811540
1.3953252
1.5973559
1.6181975
1.4184348
1.0251613
0.5472554
0.1331157
-0.1177179
-0.2114807
-0.2263494
-0.2290333
-0.2329632
-0.2243624
-0.2020108
-0.1823049
-0.1785132
-0.1867843
-0.1918997
-0.1837183
-0.1677267
-0.1584030
-0.1623768
-0.1722201
-0.1778167
-0.1776509
-0.1756560
-0.1734205
-0.1709205
-0.1700690
-0.1716301
-0.1717157
-0.1663323
-0.1572294
-0.1495857
-0.1460855
-0.1459797
-0.1472916
-0.1473125
-0.1435160
-0.1365375
-0.1303220
-0.1276264
-0.1270081
-0.1247450
-0.1176597
-0.1045433
-0.0880625
-0.0749544
-0.0703326
-0.0711746
-0.0688315
-0.0585473
-0.0435686
-0.0298224
-0.0197526
-0.0115877
-0.0015004
0.0140323
0.0353375
0.0583469
0.0779961
0.0928601
0.1053392
0.1184199
0.1338282
0.1518239
0.1706860
0.1876529
0.2023451
0.2179682
0.2372494
0.2585050
0.2774780
0.2917548
0.3019122
0.3099533
0.3181718
0.3277846
0.3367412
0.3400851
0.3341721
0.3199357
0.3013659
0.2818224
0.2619589
0.2394464
0.2103363
0.1727882
0.1304455
0.0907237
0.0590370
0.0354386
0.0163340
-0.0022043
-0.0221123
-0.0416956
-0.0561447
-0.0620741
-0.0622475
-0.0640629
-0.0725590
-0.0857112
-0.0965981
-0.0995677
-0.0951457
-0.0901086
-0.0918165
-0.1008995
-0.1101120
-0.1117598
-0.1056771
-0.0987810
-0.0976491
-0.1027888
-0.1093377
-0.1120005
-0.1097840
-0.1068798
-0.1084936
-0.1153929
-0.1233126
-0.1277358
-0.1277776
-0.1252401
-0.1221450
-0.1204650
-0.1224101
-0.1288428
-0.1376698
-0.1449894
-0.1481807
-0.1481098
-0.1486678
-0.1534041
-0.1614637
-0.1674490
-0.1668442
-0.1612513
-0.1566782
-0.1569487
-0.1606105
-0.1642695
-0.1668917
-0.1700376
-0.1751714
-0.1816697
-0.1871225
-0.1893675
-0.1883848
-0.1859393
-0.1833996
-0.1808777
-0.1787445
-0.1783997
-0.1804351
-0.1832751
-0.1850246
-0.1858330
-0.1870999
-0.1889190
-0.1895364
-0.1871193
-0.1813739
-0.1738785
-0.1674519
-0.1646610
-0.1660884
-0.1697635
-0.1719577
-0.1684501
-0.1565610
-0.1380847
-0.1198687
-0.1086790
-0.1039308
-0.0967753
-0.0779668
-0.0467365
-0.0118710
0.0151627
0.0278504
0.0265686
0.0146616
-0.0057900
-0.0332241
-0.0625256
-0.0848922
-0.0944230
-0.0943529
-0.0947891
-0.1039548
-0.1223846
-0.1448966
-0.1663373
-0.1850431
-0.2021384
-0.2186558
-0.2335343
-0.2443122
-0.2494075
-0.2491187
-0.2446032
-0.2370532
-0.2282535
-0.2207153
-0.2161016
-0.2136601
-0.2106298
-0.2042439
-0.1938960
-0.1821025
-0.1726340
-0.1662114
-0.1587073
-0.1461826
-0.1318114
-0.1233598
-0.1187714
-0.0937897
-0.0084469
0.1679417
0.4332550
0.7506593
1.0675435
1.3344282
1.5071770
1.5412450
1.4016985
1.0936535
0.6841492
0.2825423
-0.0157075
-0.1778504
-0.2357518
-0.2451339
-0.2426628
-0.2352583
-0.2190844
-0.1987277
-0.1855367
-0.1832622
-0.1832343
-0.1758695
-0.1630696
-0.1558277
-0.1608833
-0.1728742
-0.1801874
-0.1768103
-0.1675348
-0.1622145
-0.1656679
-0.1731768
-0.1753803
-0.1670965
-0.1515586
-0.1371869
-0.1309883
-0.1338809
-0.1403518
-0.1424340
-0.1358789
-0.1238668
-0.1143616
-0.1130129
-0.1182487
-0.1228784
-0.1201263
-0.1086770
-0.0930174
-0.0793328
-0.0706522
-0.0654500
-0.0603265
-0.0532299
-0.0441219
-0.0338928
-0.0235808
-0.0137275
-0.0032269
0.0106890
0.0298509
0.0522841
0.0729504
0.0881009
0.0988927
0.1104666
0.1271224
0.1480976
0.1683798
0.1843073
0.1981640
0.2161871
0.2416156
0.2703907
0.2942387
0.3078442
0.3132015
0.3176618
0.3276900
0.3435114
0.3592663
0.3686963
0.3707044
0.3688030
0.3652572
0.3569844
0.3381904
0.3069259
0.2683431
0.2307491
0.1979312
0.1656724
0.1269875
0.0813878
0.0380213
0.0084181
-0.0039237
-0.0064220
-0.0105397
-0.0225969
-0.0402942
-0.0563982
-0.0653069
-0.0671695
-0.0669207
-0.0696867
-0.0766349
-0.0843804
-0.0878983
-0.0845976
-0.0766538
-0.0695104
-0.0672818
-0.0693605
-0.0720692
-0.0734666
-0.0753180
-0.0799046
-0.0860910
-0.0897645
-0.0880359
-0.0823415
-0.0773110
-0.0767719
-0.0807364
-0.0860173
-0.0895787
-0.0911289
-0.0926529
-0.0960874
-0.1016695
-0.1077153
-0.1113307
-0.1101534
-0.1047440
-0.0992647
-0.0986327
-0.1043391
-0.1132765
-0.1208184
-0.1249078
-0.1272566
-0.1308227
-0.1361147
-0.1400368
-0.1388774
-0.1327576
-0.1266483
-0.1262406
-0.1324874
-0.1402188
-0.1424167
-0.1367211
-0.1285689
-0.1273459
-0.1376645
-0.1535974
-0.1626444
-0.1569348
-0.1408636
-0.1272426
-0.1256868
-0.1346258
-0.1442232
-0.1465425
-0.1425471
-0.1391853
-0.1402326
-0.1411017
-0.1332886
-0.1134306
-0.0873192
-0.0652083
-0.0533918
-0.0492902
-0.0433675
-0.0263232
0.0032320
0.0362792
0.0587141
0.0609802
0.0444622
0.0195648
-0.0025829
-0.0175631
-0.0281032
-0.0382259
-0.0481965
-0.0560634
-0.0632020
-0.0757862
-0.0990978
-0.1310004
-0.1624222
-0.1844990
-0.1948167
-0.1971886
-0.1968237
-0.1965685
-0.1970198
-0.1982895
-0.2001527
-0.2009705
-0.1985268
-0.1930120
-0.1877205
-0.1848335
-0.1811583
-0.1707366
-0.1526044
-0.1336404
-0.1213567
-0.1149579
-0.1069778
-0.0948613
-0.0868020
-0.0893617
-0.0860883
-0.0324397
0.1195547
0.3846286
0.7288238
1.0877141
1.3964539
1.6028635
1.6627266
1.5423275
1.2423844
0.8225649
0.3915930
0.0564485
-0.1333285
-0.2008572
-0.2072101
-0.2015187
-0.1980301
-0.1893863
-0.1710918
-0.1505655
-0.1384488
-0.1379571
-0.1438781
-0.1488299
-0.1486301
-0.1432516
-0.1353150
-0.1284427
-0.1255880
-0.1271786
-0.1305940
-0.1324393
-0.1318874
-0.1311645
-0.1322150
-0.1336354
-0.1319497
-0.1256842
-0.1171493
-0.1100297
-0.1059931
-0.1039205
-0.1017621
-0.0986007
-0.0951933
-0.0929876
-0.0925924
-0.0928016
-0.0908691
-0.0841107
-0.0721680
-0.0582739
-0.0475333
-0.0424913
-0.0400524
-0.0339724
-0.0213210
-0.0058285
0.0062450
0.0133833
0.0208864
0.0352115
0.0568182
0.0794024
0.0963860
0.1076110
0.1189682
0.1355394
0.1560905
0.1749278
0.1884398
0.1987287
0.2110543
0.2289159
0.2517993
0.2763431
0.2985555
0.3154990
0.3264560
0.3334237
0.3400078
0.3485387
0.3574020
0.3615961
0.3570480
0.3447627
0.3298928
0.3160156
0.3008433
0.2784657
0.2457602
0.2059183
0.1656338
0.1295055
0.0975274
0.0675089
0.0389854
0.0141246
-0.0050061
-0.0191003
-0.0307885
-0.0415436
-0.0504549
-0.0563200
-0.0600536
-0.0642761
-0.0708091
-0.0791385
-0.0872288
-0.0933269
-0.0968348
-0.0978352
-0.0964006
-0.0928479
-0.0885755
-0.0859146
-0.0864611
-0.0895686
-0.0928728
-0.0943713
-0.0939269
-0.0930501
-0.0935214
-0.0958605
-0.0985654
-0.0990720
-0.0962484
-0.0921279
-0.0904835
-0.0930597
-0.0973542
-0.0987707
-0.0954752
-0.0910381
-0.0915501
-0.0993908
-0.1099643
-0.1154553
-0.1123549
-0.1050279
-0.1015484
-0.1061565
-0.1158267
-0.1237139
-0.1255490
-0.1230006
-0.1214473
-0.1246928
-0.1315769
-0.1373073
-0.1377904
-0.1328433
-0.1259786
-0.1217225
-0.1227105
-0.1281744
-0.1346164
-0.1384568
-0.1388243
-0.1380295
-0.1391385
-0.1428536
-0.1466282
-0.1468923
-0.1424445
-0.1358782
-0.1315545
-0.1319446
-0.1358067
-0.1395638
-0.1399061
-0.1351883
-0.1255134
-0.1125820
-0.0991652
-0.0874195
-0.0769195
-0.0646187
-0.0474018
-0.0250573
-0.0008320
0.0208919
0.0372954
0.0473453
0.0497044
0.0416823
0.0217134
-0.0067807
-0.0350231
-0.0537992
-0.0598736
-0.0583828
-0.0592047
-0.0700979
-0.0916258
-0.1175458
-0.1402989
-0.1569785
-0.1705047
-0.1851752
-0.2013236
-0.2145909
-0.2203335
-0.2182471
-0.2122851
-0.2064203
-0.2015059
-0.1966484
-0.1922341
-0.1895716
-0.1875623
-0.1821683
-0.1709198
-0.1565190
-0.1434868
-0.1317907
-0.1174200
-0.1010668
-0.0923660
-0.0984305
-0.1043190
-0.0679188
0.0584188
0.2945582
0.6165015
0.9691487
1.2903587
1.5227213
1.6129561
1.5199597
1.2412205
0.8358516
0.4120806
0.0760921
-0.1215265
-0.1995367
-0.2132106
-0.2083791
-0.2008911
-0.1887921
-0.1730595
-0.1623889
-0.1622951
-0.1670025
-0.1656226
-0.1547870
-0.1425331
-0.1393626
-0.1469645
-0.1567967
-0.1593065
-0.1533962
-0.1463661
-0.1453124
-0.1497155
-0.1526630
-0.1484212
-0.1380336
-0.1278685
-0.1235475
-0.1253781
-0.1289168
-0.1292894
-0.1250826
-0.1187819
-0.1141057
-0.1128761
-0.1136773
-0.1128375
-0.1070193
-0.0958899
-0.0827786
-0.0722038
-0.0660342
-0.0619441
-0.0558426
-0.0458512
-0.0338353
-0.0231577
-0.0151224
-0.0076317
0.0028509
0.0182154
0.0374875
0.0580929
0.0776494
0.0946725
0.1087738
0.1212629
0.1351364
0.1530206
0.1743784
0.1953660
0.2123588
0.2257221
0.2395764
0.2575438
0.2789548
0.2995468
0.3157143
0.3275606
0.3377392
0.3481131
0.3582539
0.3666186
0.3717804
0.3721299
0.3656656
0.3514303
0.3309717
0.3072348
0.2815541
0.2523719
0.2176154
0.1782493
0.1388421
0.1041715
0.0753503
0.0496173
0.0239455
-0.0015009
-0.0235473
-0.0390616
-0.0474049
-0.0504084
-0.0509871
-0.0520162
-0.0555768
-0.0620608
-0.0696269
-0.0751453
-0.0766631
-0.0755264
-0.0758025
-0.0807440
-0.0892172
-0.0958258
-0.0952484
-0.0870636
-0.0766548
-0.0713337
-0.0748066
-0.0842302
-0.0922368
-0.0928516
-0.0868475
-0.0815189
-0.0841169
-0.0945390
-0.1046649
-0.1057777
-0.0971317
-0.0869372
-0.0844836
-0.0913870
-0.1009286
-0.1057053
-0.1049698
-0.1041018
-0.1079439
-0.1159841
-0.1238575
-0.1280092
-0.1280764
-0.1257579
-0.1229677
-0.1213756
-0.1225145
-0.1269424
-0.1330023
-0.1372879
-0.1374918
-0.1351726
-0.1350370
-0.1405039
-0.1496121
-0.1557262
-0.1530293
-0.1419832
-0.1297149
-0.1247613
-0.1305055
-0.1427275
-0.1531652
-0.1559565
-0.1516924
-0.1461914
-0.1454555
-0.1508200
-0.1578018
-0.1595725
-0.1526804
-0.1403955
-0.1303236
-0.1278929
-0.1315571
-0.1341920
-0.1291914
-0.1155214
-0.0976649
-0.0814937
-0.0701402
-0.0626539
-0.0551518
-0.0428634
-0.0224194
0.0056306
0.0353330
0.0571465
0.0631988
0.0522333
0.0297874
0.0034702
-0.0219273
-0.0450033
-0.0646419
-0.0780582
-0.0832540
-0.0833737
-0.0870132
-0.1021084
-0.1285549
-0.1574758
-0.1787195
-0.1892332
-0.1939577
-0.1992554
-0.2066703
-0.2131311
-0.2155769
-0.2137564
-0.2088953
-0.2016624
-0.1926864
-0.1839763
-0.1778019
-0.1738054
-0.1687610
-0.1601037
-0.1484719
-0.1355880
-0.1213534
-0.1061668
-0.0956502
-0.0972218
-0.1056586
-0.0916509
-0.0106911
0.1695600
0.4463722
0.7827653
1.1255276
1.4178623
1.5988119
1.6076985
1.4116190
1.0417290
0.5987591
0.2074560
-0.0508988
-0.1733060
-0.2118306
-0.2204651
-0.2216356
-0.2130820
-0.1932672
-0.1726107
-0.1629997
-0.1645255
-0.1671152
-0.1632442
-0.1552067
-0.1497551
-0.1491395
-0.1499662
-0.1493953
-0.1490231
-0.1513614
-0.1545104
-0.1531062
-0.1451516
-0.1360679
-0.1338815
-0.1401115
-0.1468450
-0.1441154
-0.1300905
-0.1132366
-0.1043402
-0.1068163
-0.1145842
-0.1183471
-0.1134418
-0.1025932
-0.0925717
-0.0884641
-0.0899277
-0.0916606
-0.0875131
-0.0753252
-0.0587719
-0.0444070
-0.0361388
-0.0320824
-0.0267805
-0.0165164
-0.0024044
0.0114547
0.0223347
0.0313866
0.0424607
0.0588834
0.0809156
0.1055436
0.1285613
0.1474174
0.1627038
0.1772509
0.1938541
0.2135657
0.2353891
0.2568247
0.2748015
0.2872778
0.2952440
0.3032267
0.3164474
0.3359762
0.3565182
0.3700981
0.3728829
0.3682071
0.3622967
0.3571593
0.3483578
0.3298744
0.3004776
0.2649258
0.2295415
0.1974417
0.1679159
0.1391750
0.1105595
0.0822479
0.0541768
0.0264176
0.0004443
-0.0211275
-0.0368116
-0.0479007
-0.0570950
-0.0653723
-0.0708069
-0.0710106
-0.0666404
-0.0619538
-0.0614385
-0.0658328
-0.0717301
-0.0753100
-0.0763196
-0.0780800
-0.0835243
-0.0915212
-0.0973983
-0.0971921
-0.0914537
-0.0850009
-0.0828910
-0.0862683
-0.0916813
-0.0942759
-0.0919578
-0.0870823
-0.0845822
-0.0882518
-0.0979169
-0.1093065
-0.1166762
-0.1165441
-0.1100559
-0.1022497
-0.0986628
-0.1017133
-0.1094412
-0.1174038
-0.1221775
-0.1237316
-0.1248518
-0.1282331
-0.1338567
-0.1389714
-0.1406337
-0.1385063
-0.1354054
-0.1350250
-0.1387316
-0.1442943
-0.1478647
-0.1475318
-0.1451319
-0.1445424
-0.1480452
-0.1541634
-0.1588662
-0.1588532
-0.1539221
-0.1466654
-0.1403774
-0.1372826
-0.1380117
-0.1416272
-0.1457182
-0.1474259
-0.1458347
-0.1436310
-0.1450262
-0.1504926
-0.1536703
-0.1453628
-0.1224693
-0.0930850
-0.0711537
-0.0643206
-0.0665415
-0.0632211
-0.0442584
-0.0124633
0.0199942
0.0421193
0.0508103
0.0489759
0.0398369
0.0244432
0.0036530
-0.0195740
-0.0407768
-0.0563986
-0.0654325
-0.0698356
-0.0744979
-0.0859771
-0.1085328
-0.1393519
-0.1683929
-0.1854382
-0.1888400
-0.1868133
-0.1891186
-0.1975759
-0.2053981
-0.2055347
-0.1985043
-0.1916169
-0.1914099
-0.1975881
-0.2036131
-0.2020207
-0.1896740
-0.1699847
-0.1509898
-0.1393402
-0.1337828
-0.1254751
-0.1083811
-0.0903074
-0.0884072
-0.1062487
-0.1132206
-0.0523966
0.1227143
0.4134809
0.7740120
1.1376536
1.4403424
1.6221517
1.6250512
1.4149140
1.0210151
0.5489420
0.1357514
-0.1265513
-0.2352580
-0.2529171
-0.2442800
-0.2350048
-0.2200907
-0.1955831
-0.1720510
-0.1611114
-0.1604009
-0.1583739
-0.1505279
-0.1443890
-0.1475485
-0.1557704
-0.1570427
-0.1461296
-0.1312315
-0.1249845
-0.1309896
-0.1410214
-0.1444860
-0.1385818
-0.1291577
-0.1236278
-0.1243197
-0.1276367
-0.1277961
-0.1211944
-0.1088488
-0.0959602
-0.0884495
-0.0881987
-0.0910294
-0.0903078
-0.0835669
-0.0752875
-0.0720879
-0.0748838
-0.0767191
-0.0693238
-0.0517343
-0.0315912
-0.0175036
-0.0106341
-0.0044327
0.0076048
0.0249001
0.0408972
0.0504458
0.0551425
0.0614425
0.0745399
0.0946760
0.1185496
0.1427606
0.1653913
0.1854982
0.2027999
0.2183057
0.2341691
0.2517721
0.2700310
0.2865262
0.3006795
0.3150612
0.3326266
0.3527189
0.3707208
0.3822521
0.3873360
0.3896886
0.3918213
0.3915183
0.3837502
0.3659236
0.3406478
0.3130342
0.2855616
0.2560351
0.2206989
0.1791911
0.1363255
0.0989261
0.0705920
0.0490964
0.0288248
0.0062715
-0.0163107
-0.0327965
-0.0393568
-0.0390907
-0.0399872
-0.0474583
-0.0588772
-0.0664321
-0.0660800
-0.0630528
-0.0670412
-0.0812346
-0.0970667
-0.1014420
-0.0898757
-0.0718664
-0.0623952
-0.0680125
-0.0816682
-0.0910091
-0.0907257
-0.0860981
-0.0852836
-0.0899628
-0.0945223
-0.0934603
-0.0877763
-0.0833961
-0.0843568
-0.0888975
-0.0922992
