-0.1051050
-0.3058415
-0.1079576
-0.0103881
-0.1345601
-0.2016038
-0.1162803
-0.0701557
-0.1292983
-0.1462329
-0.0777737
-0.0464738
-0.0787445
-0.0683400
-0.0046962
0.0095112
-0.0322553
-0.0298457
0.0313423
0.0676820
0.0625285
0.0737609
0.0969073
0.0752694
0.0229679
0.0009000
-0.0002396
-0.0307504
-0.0735992
-0.0780156
-0.0601814
-0.0683606
-0.0921848
-0.0981695
-0.1058260
-0.1436848
-0.1812841
-0.1821922
-0.1720731
-0.1857772
-0.2024247
-0.1947907
-0.1854588
-0.1971054
-0.2042208
-0.1849402
-0.1649300
-0.1666082
-0.1701805
-0.1603466
-0.1553713
-0.1611594
-0.1535743
-0.1289366
-0.1143813
-0.1119477
-0.0930270
-0.0612105
-0.0564135
-0.0792911
-0.0680287
0.0354446
0.2424287
0.5388185
0.8934993
1.2409119
1.5024513
1.6284355
1.5907746
1.3639622
0.9690076
0.5172422
0.1492803
-0.0711508
-0.1715088
-0.2032536
-0.2032914
-0.1983735
-0.1975373
-0.1870902
-0.1618629
-0.1436573
-0.1461339
-0.1502209
-0.1399446
-0.1312841
-0.1392350
-0.1486196
-0.1440692
-0.1378088
-0.1430513
-0.1494753
-0.1462722
-0.1408001
-0.1377686
-0.1292474
-0.1178869
-0.1193003
-0.1315212
-0.1334823
-0.1211143
-0.1132201
-0.1167071
-0.1180599
-0.1121647
-0.1077566
-0.1033344
-0.0889414
-0.0710056
-0.0652867
-0.0680507
-0.0629245
-0.0508205
-0.0451109
-0.0446411
-0.0384948
-0.0283855
-0.0210548
-0.0099631
0.0111785
0.0300193
0.0340272
0.0329659
0.0416342
0.0562759
0.0679356
0.0813319
0.1013192
0.1191468
0.1299934
0.1453174
0.1719140
0.1980319
0.2140525
0.2270474
0.2432779
0.2570648
0.2667960
0.2806852
0.2987695
0.3107770
0.3173832
0.3308620
0.3503564
0.3597277
0.3534484
0.3419843
0.3294934
0.3085082
0.2777105
0.2440274
0.2081553
0.1677248
0.1307306
0.1056345
0.0838150
0.0521022
0.0160628
-0.0089524
-0.0223990
-0.0353738
-0.0512158
-0.0664213
-0.0811668
-0.0932436
-0.0932039
-0.0807014
-0.0727857
-0.0813131
-0.0954836
-0.1002361
-0.0977279
-0.0979773
-0.1027620
-0.1101577
-0.1203734
-0.1275800
-0.1214072
-0.1048350
-0.0949966
-0.0996686
-0.1088181
-0.1137911
-0.1175521
-0.1222760
-0.1246636
-0.1267570
-0.1341054
-0.1415146
-0.1380071
-0.1265776
-0.1218004
-0.1279469
-0.1358217
-0.1397194
-0.1416676
-0.1416998
-0.1391317
-0.1394168
-0.1455688
-0.1488204
-0.1416798
-0.1324948
-0.1328752
-0.1392421
-0.1410631
-0.1385422
-0.1383857
-0.1407406
-0.1427048
-0.1457566
-0.1491651
-0.1463124
-0.1369876
-0.1320071
-0.1370102
-0.1435930
-0.1440475
-0.1421884
-0.1428426
-0.1437807
-0.1439924
-0.1466756
-0.1493389
-0.1446192
-0.1343966
-0.1287174
-0.1278073
-0.1199220
-0.1000752
-0.0771582
-0.0602324
-0.0499002
-0.0430472
-0.0340296
-0.0135166
0.0206452
0.0540105
0.0694540
0.0667292
0.0565172
0.0414945
0.0172532
-0.0134033
-0.0408848
-0.0596407
-0.0683680
-0.0662172
-0.0591313
-0.0619496
-0.0830274
-0.1133835
-0.1397174
-0.1600166
-0.1785487
-0.1949687
-0.2064833
-0.2122317
-0.2099330
-0.1981312
-0.1855630
-0.1855129
-0.1960623
-0.1995049
-0.1873204
-0.1727707
-0.1719798
-0.1833894
-0.1919294
-0.1851530
-0.1620939
-0.1335024
-0.1134104
-0.1039253
-0.0933187
-0.0778804
-0.0747655
-0.0937958
-0.1002207
-0.0264849
0.1728605
0.4858513
0.8569489
1.2186609
1.5070161
1.6620354
1.6310766
1.3888042
0.9711232
0.4893717
0.0850999
-0.1549208
-0.2431440
-0.2516660
-0.2409205
-0.2307316
-0.2185786
-0.2020281
-0.1847564
-0.1739565
-0.1740477
-0.1803749
-0.1831741
-0.1789295
-0.1715069
-0.1630223
-0.1533629
-0.1477462
-0.1521506
-0.1604899
-0.1594769
-0.1483138
-0.1409349
-0.1458234
-0.1549517
-0.1557630
-0.1447890
-0.1278061
-0.1146422
-0.1134994
-0.1225111
-0.1286700
-0.1226592
-0.1111285
-0.1062644
-0.1083189
-0.1078932
-0.1006356
-0.0898879
-0.0789221
-0.0693950
-0.0633421
-0.0591619
-0.0505414
-0.0359180
-0.0229120
-0.0170418
-0.0127993
-0.0021424
0.0149825
0.0340394
0.0525286
0.0683706
0.0793270
0.0884557
0.1025511
0.1217499
0.1387854
0.1512735
0.1659379
0.1877940
0.2134866
0.2375351
0.2573228
0.2711290
0.2795968
0.2892605
0.3059708
0.3252018
0.3375081
0.3424710
0.3481155
0.3574595
0.3644343
0.3624417
0.3496182
0.3274003
0.3003075
0.2738880
0.2468045
0.2099511
0.1602892
0.1099037
0.0735296
0.0519838
0.0349614
0.0149621
-0.0083750
-0.0324260
-0.0533116
-0.0677543
-0.0779185
-0.0895469
-0.1023537
-0.1090147
-0.1067014
-0.1020535
-0.1014418
-0.1038460
-0.1063343
-0.1089648
-0.1115597
-0.1129716
-0.1154773
-0.1224829
-0.1306138
-0.1317747
-0.1242328
-0.1146345
-0.1088605
-0.1077385
-0.1107767
-0.1166171
-0.1209264
-0.1211630
-0.1218337
-0.1279377
-0.1354925
-0.1359124
-0.1277067
-0.1173240
-0.1109809
-0.1112713
-0.1179761
-0.1263887
-0.1291678
-0.1256053
-0.1244260
-0.1319340
-0.1424060
-0.1456337
-0.1391150
-0.1281742
-0.1193259
-0.1176155
-0.1246501
-0.1350196
-0.1399711
-0.1378101
-0.1353368
-0.1372396
-0.1406336
-0.1417246
-0.1407140
-0.1382907
-0.1342965
-0.1314653
-0.1336629
-0.1391472
-0.1418925
-0.1399141
-0.1358671
-0.1297802
-0.1180912
-0.0998775
-0.0781735
-0.0559288
-0.0356168
-0.0200489
-0.0077028
0.0091930
0.0348254
0.0607348
0.0732145
0.0675257
0.0495685
0.0270330
0.0046355
-0.0151817
-0.0323235
-0.0475924
-0.0586301
-0.0622697
-0.0637035
-0.0762759
-0.1066611
-0.1450108
-0.1743590
-0.1862198
-0.1849344
-0.1819689
-0.1877892
-0.2032390
-0.2167246
-0.2156332
-0.2019506
-0.1905289
-0.1910561
-0.1984236
-0.2017897
-0.1960408
-0.1828179
-0.1669982
-0.1544547
-0.1482158
-0.1448072
-0.1371107
-0.1209095
-0.0980199
-0.0772760
-0.0732207
-0.0923860
-0.1103137
-0.0693456
0.0849106
0.3598398
0.7110289
1.0758193
1.4015996
1.6421710
1.7417912
1.6429986
1.3278884
0.8603120
0.3777697
0.0178843
-0.1654745
-0.2182104
-0.2229449
-0.2275926
-0.2316774
-0.2211546
-0.1982955
-0.1793794
-0.1752460
-0.1801896
-0.1797587
-0.1681461
-0.1546222
-0.1503524
-0.1535172
-0.1538183
-0.1481713
-0.1432424
-0.1435978
-0.1461907
-0.1473993
-0.1479090
-0.1487991
-0.1484110
-0.1446900
-0.1372107
-0.1272874
-0.1188841
-0.1169063
-0.1208722
-0.1234097
-0.1192517
-0.1122685
-0.1090411
-0.1090745
-0.1063264
-0.0973769
-0.0836606
-0.0685849
-0.0561918
-0.0494027
-0.0461895
-0.0407222
-0.0308572
-0.0207153
-0.0138290
-0.0081893
-0.0000362
0.0121229
0.0288712
0.0499975
0.0713951
0.0870542
0.0963426
0.1050856
0.1181819
0.1352103
0.1535562
0.1712474
0.1866927
0.2003709
0.2165852
0.2388618
0.2640346
0.2852686
0.3000097
0.3108022
0.3199945
0.3281481
0.3356805
0.3413899
0.3413779
0.3339634
0.3233781
0.3139450
0.3026876
0.2821934
0.2493596
0.2082025
0.1660744
0.1292675
0.0991238
0.0702903
0.0365873
0.0006526
-0.0266654
-0.0388575
-0.0412644
-0.0439067
-0.0515208
-0.0628577
-0.0746849
-0.0832954
-0.0860503
-0.0845234
-0.0837951
-0.0873905
-0.0949259
-0.1037737
-0.1096373
-0.1074252
-0.0969208
-0.0866038
-0.0861214
-0.0950081
-0.1037490
-0.1056392
-0.1028069
-0.1009024
-0.1024802
-0.1057126
-0.1062558
-0.1010279
-0.0927480
-0.0889057
-0.0935238
-0.1022959
-0.1083771
-0.1098318
-0.1088003
-0.1074120
-0.1079517
-0.1128842
-0.1204250
-0.1234529
-0.1172410
-0.1061925
-0.0996324
-0.1024864
-0.1117452
-0.1198446
-0.1207037
-0.1154443
-0.1125426
-0.1187195
-0.1296868
-0.1343240
-0.1281370
-0.1177233
-0.1115862
-0.1117046
-0.1150470
-0.1183821
-0.1199875
-0.1203626
-0.1223589
-0.1277571
-0.1337115
-0.1353803
-0.1315028
-0.1249030
-0.1189381
-0.1157930
-0.1155138
-0.1134595
-0.1020042
-0.0794089
-0.0547981
-0.0397172
-0.0357855
-0.0337092
-0.0227380
0.0012247
0.0336384
0.0635705
0.0798531
0.0784240
0.0632812
0.0401787
0.0125559
-0.0158590
-0.0392598
-0.0534027
-0.0586388
-0.0585494
-0.0587063
-0.0664927
-0.0867726
-0.1157360
-0.1428630
-0.1607171
-0.1701203
-0.1757558
-0.1807979
-0.1864244
-0.1923101
-0.1958957
-0.1938250
-0.1853479
-0.1733271
-0.1626351
-0.1581857
-0.1613302
-0.1659363
-0.1620769
-0.1474810
-0.1313582
-0.1218200
-0.1136466
-0.0965115
-0.0743731
-0.0671799
-0.0861525
-0.1071085
-0.0722109
0.0750542
0.3484276
0.7068317
1.0811146
1.4087988
1.6406855
1.7257137
1.6152705
1.3021274
0.8544423
0.3977238
0.0493458
-0.1420486
-0.2061264
-0.2092761
-0.2018463
-0.1966704
-0.1863627
-0.1691655
-0.1534143
-0.1448517
-0.1408595
-0.1378985
-0.1370656
-0.1399724
-0.1444215
-0.1470907
-0.1476537
-0.1482453
-0.1501525
-0.1516166
-0.1485680
-0.1390518
-0.1277828
-0.1233347
-0.1284472
-0.1358381
-0.1364738
-0.1296440
-0.1221152
-0.1197104
-0.1225521
-0.1263490
-0.1254830
-0.1166986
-0.1024377
-0.0893661
-0.0820849
-0.0796254
-0.0783529
-0.0755394
-0.0696136
-0.0604415
-0.0506147
-0.0432577
-0.0372737
-0.0277321
-0.0121929
0.0059615
0.0214178
0.0319706
0.0395559
0.0485891
0.0628347
0.0811920
0.0972235
0.1060066
0.1111001
0.1217398
0.1432991
0.1727106
0.2021598
0.2246986
0.2377769
0.2448138
0.2530065
0.2670360
0.2850619
0.3019708
0.3148959
0.3242392
0.3317686
0.3396930
0.3490637
0.3566725
0.3557394
0.3421435
0.3183890
0.2897928
0.2588086
0.2247680
0.1872410
0.1480377
0.1112030
0.0812836
0.0592948
0.0402256
0.0174980
-0.0093685
-0.0340569
-0.0507487
-0.0595574
-0.0646948
-0.0702197
-0.0778974
-0.0863612
-0.0917809
-0.0915794
-0.0877505
-0.0848389
-0.0852505
-0.0883118
-0.0926225
-0.0969267
-0.0999072
-0.1016818
-0.1043765
-0.1088067
-0.1119401
-0.1103315
-0.1051126
-0.1011530
-0.1018552
-0.1063348
-0.1107778
-0.1115905
-0.1088785
-0.1077292
-0.1137431
-0.1259284
-0.1362623
-0.1377769
-0.1312154
-0.1228985
-0.1185492
-0.1202476
-0.1265468
-0.1335492
-0.1375265
-0.1379493
-0.1371467
-0.1371141
-0.1381989
-0.1401683
-0.1420400
-0.1413772
-0.1367438
-0.1308591
-0.1284643
-0.1307421
-0.1342353
-0.1355301
-0.1349687
-0.1355370
-0.1394665
-0.1455287
-0.1487637
-0.1444862
-0.1342243
-0.1258826
-0.1257596
-0.1317932
-0.1367725
-0.1367153
-0.1338885
-0.1329663
-0.1364554
-0.1427740
-0.1466701
-0.1421958
-0.1271026
-0.1046216
-0.0811127
-0.0626828
-0.0525085
-0.0479949
-0.0404815
-0.0218519
0.0063969
0.0328242
0.0462259
0.0445396
0.0332552
0.0178481
-0.0002872
-0.0217450
-0.0447173
-0.0633875
-0.0721356
-0.0726517
-0.0752018
-0.0899376
-0.1169101
-0.1462524
-0.1675230
-0.1774786
-0.1804748
-0.1840511
-0.1931831
-0.2059263
-0.2147066
-0.2138640
-0.2057485
-0.1980488
-0.1959246
-0.1981090
-0.1994756
-0.1955238
-0.1851792
-0.1712628
-0.1584531
-0.1498144
-0.1445917
-0.1384505
-0.1258441
-0.1053718
-0.0859759
-0.0839980
-0.1047848
-0.1231846
-0.0882170
0.0448153
0.2836169
0.5978630
0.9417311
1.2693369
1.5277122
1.6473258
1.5617212
1.2570097
0.8081697
0.3550080
0.0231652
-0.1461965
-0.1985795
-0.2070864
-0.2135290
-0.2175557
-0.2057994
-0.1798905
-0.1568869
-0.1502300
-0.1565501
-0.1620825
-0.1587388
-0.1505322
-0.1453614
-0.1452406
-0.1465283
-0.1461834
-0.1443359
-0.1421683
-0.1403178
-0.1392019
-0.1390111
-0.1391199
-0.1381554
-0.1346078
-0.1278466
-0.1197175
-0.1144684
-0.1146859
-0.1170602
-0.1147937
-0.1054631
-0.0946796
-0.0904541
-0.0945614
-0.1000080
-0.0967003
-0.0803767
-0.0573511
-0.0397986
-0.0344201
-0.0358163
-0.0325816
-0.0196452
-0.0029305
0.0080057
0.0103157
0.0107950
0.0195521
0.0404359
0.0668348
0.0875483
0.0976476
0.1027702
0.1121803
0.1291475
0.1492600
0.1664809
0.1789765
0.1899624
0.2046061
0.2256850
0.2509584
0.2748587
0.2932585
0.3063042
0.3168469
0.3272963
0.3379627
0.3469335
0.3513574
0.3503855
0.3469637
0.3447569
0.3425967
0.3336965
0.3116257
0.2765699
0.2354634
0.1965398
0.1633424
0.1328786
0.0997932
0.0633537
0.0298914
0.0071000
-0.0038031
-0.0092625
-0.0173445
-0.0314569
-0.0489171
-0.0638491
-0.0718223
-0.0733799
-0.0734138
-0.0763753
-0.0821285
-0.0867455
-0.0867203
-0.0820998
-0.0764871
-0.0744397
-0.0776900
-0.0832678
-0.0864593
-0.0861979
-0.0862077
-0.0900216
-0.0962108
-0.0997769
-0.0976175
-0.0918073
-0.0879140
-0.0903487
-0.0986288
-0.1078669
-0.1134167
-0.1149693
-0.1155878
-0.1174269
-0.1196862
-0.1203815
-0.1186530
-0.1153833
-0.1128053
-0.1133313
-0.1173332
-0.1219836
-0.1236490
-0.1218723
-0.1201156
-0.1220633
-0.1273853
-0.1312420
-0.1283746
-0.1187254
-0.1090914
-0.1075606
-0.1152267
-0.1245881
-0.1274355
-0.1234978
-0.1199730
-0.1230438
-0.1311663
-0.1367521
-0.1337473
-0.1235320
-0.1136581
-0.1107274
-0.1146505
-0.1201765
-0.1232749
-0.1246265
-0.1269974
-0.1309054
-0.1337026
-0.1321363
-0.1253258
-0.1156548
-0.1065972
-0.0988651
-0.0890057
-0.0731531
-0.0524189
-0.0332768
-0.0215907
-0.0162759
-0.0091016
0.0087508
0.0385595
0.0711620
0.0925074
0.0936293
0.0763424
0.0499974
0.0236214
0.0011339
-0.0177430
-0.0340174
-0.0472025
-0.0559411
-0.0608322
-0.0664449
-0.0790685
-0.1010130
-0.1273430
-0.1493999
-0.1620751
-0.1675382
-0.1719245
-0.1786240
-0.1850293
-0.1860655
-0.1805907
-0.1731482
-0.1688328
-0.1678195
-0.1665209
-0.1630339
-0.1588400
-0.1551346
-0.1504285
-0.1431420
-0.1339734
-0.1230461
-0.1067297
-0.0824375
-0.0582293
-0.0519188
-0.0716132
-0.0933677
-0.0635046
0.0679660
0.3116080
0.6349889
0.9893184
1.3290465
1.6012368
1.7302334
1.6407217
1.3176779
0.8455966
0.3748353
0.0325931
-0.1457372
-0.2084833
-0.2226092
-0.2208152
-0.2031099
-0.1702732
-0.1398901
-0.1297367
-0.1373734
-0.1447296
-0.1404312
-0.1310885
-0.1297683
-0.1385366
-0.1462997
-0.1423166
-0.1279485
-0.1139350
-0.1084767
-0.1103565
-0.1130013
-0.1124473
-0.1100419
-0.1090215
-0.1105233
-0.1127825
-0.1127221
-0.1080210
-0.0987641
-0.0877608
-0.0786915
-0.0732079
-0.0697731
-0.0655820
-0.0596835
-0.0540723
-0.0514407
-0.0516406
-0.0506059
-0.0434466
-0.0290593
-0.0115460
0.0031970
0.0123471
0.0178041
0.0234874
0.0313786
0.0402204
0.0479345
0.0550365
0.0651158
0.0813851
0.1028084
0.1242594
0.1409779
0.1528527
0.1642193
0.1795402
0.1993081
0.2199430
0.2374242
0.2510083
0.2636644
0.2792245
0.2991538
0.3215592
0.3425851
0.3586769
0.3683410
0.3726506
0.3741032
0.3742960
0.3722192
0.3650095
0.3508310
0.3310788
0.3093097
0.2875615
0.2638324
0.2337707
0.1953161
