-0.1546692
-0.1634274
-0.1505628
-0.1413409
-0.1400741
-0.1336245
-0.1191103
-0.1080003
-0.1065199
-0.1093411
-0.1121269
-0.1165241
-0.1222723
-0.1251395
-0.1230361
-0.1163256
-0.1040326
-0.0876186
-0.0754193
-0.0740658
-0.0771904
-0.0714566
-0.0533043
-0.0322870
-0.0180574
-0.0104242
-0.0022214
0.0132642
0.0376251
0.0658349
0.0895569
0.1047365
0.1150342
0.1263074
0.1404477
0.1562739
0.1722157
0.1850645
0.1904747
0.1892662
0.1902162
0.2016133
0.2208735
0.2357458
0.2354593
0.2193587
0.1960100
0.1750476
0.1585259
0.1398079
0.1125434
0.0799873
0.0521886
0.0341911
0.0211833
0.0062701
-0.0110839
-0.0265270
-0.0377402
-0.0472020
-0.0590200
-0.0742578
-0.0889502
-0.0969759
-0.0960319
-0.0902843
-0.0859121
-0.0850048
-0.0853193
-0.0846252
-0.0831234
-0.0826456
-0.0855556
-0.0932967
-0.1038582
-0.1120154
-0.1147507
-0.1154568
-0.1196192
-0.1262166
-0.1262953
-0.1119288
-0.0863729
-0.0644954
-0.0616047
-0.0797359
-0.1046279
-0.1181232
-0.1145368
-0.1038978
-0.0994318
-0.1042271
-0.1105409
-0.1091084
-0.0971155
-0.0789528
-0.0616586
-0.0494564
-0.0414424
-0.0341380
-0.0258151
-0.0175540
-0.0105857
-0.0039404
0.0054449
0.0213188
0.0458348
0.0763077
0.1039943
0.1182229
0.1132995
0.0917429
0.0616803
0.0319393
0.0082438
-0.0086854
-0.0226578
-0.0390473
-0.0612505
-0.0887990
-0.1174685
-0.1413811
-0.1572595
-0.1678437
-0.1794133
-0.1943760
-0.2077360
-0.2127592
-0.2090330
-0.2026343
-0.1986578
-0.1959784
-0.1901578
-0.1794467
-0.1655324
-0.1488126
-0.1268906
-0.1016647
-0.0859411
-0.0942005
-0.1191691
-0.1197214
-0.0414672
0.1443921
0.4226247
0.7520986
1.0926637
1.4049326
1.6280343
1.6786530
1.4975525
1.1107016
0.6395436
0.2345222
-0.0174077
-0.1304587
-0.1756200
-0.2068851
-0.2297706
-0.2275352
-0.1999163
-0.1694295
-0.1575064
-0.1648928
-0.1770776
-0.1828031
-0.1825817
-0.1816834
-0.1814914
-0.1807660
-0.1813831
-0.1869910
-0.1956098
-0.1983533
-0.1886310
-0.1708118
-0.1570067
-0.1554663
-0.1635021
-0.1712390
-0.1707250
-0.1614512
-0.1487390
-0.1382237
-0.1320231
-0.1290835
-0.1274181
-0.1250735
-0.1200481
-0.1112054
-0.0997641
-0.0890222
-0.0821192
-0.0800518
-0.0812144
-0.0820818
-0.0788750
-0.0698851
-0.0565490
-0.0418354
-0.0276941
-0.0143912
-0.0016330
0.0107702
0.0233818
0.0375067
0.0546803
0.0755810
0.0989123
0.1213098
0.1393610
0.1525794
0.1640764
0.1776945
0.1944202
0.2114320
0.2241316
0.2294612
0.2285704
0.2264874
0.2275056
0.2295746
0.2242642
0.2043515
0.1721721
0.1394741
0.1176453
0.1074751
0.0989608
0.0818361
0.0558906
0.0297644
0.0099776
-0.0061199
-0.0247787
-0.0455814
-0.0606963
-0.0649694
-0.0634444
-0.0660868
-0.0759121
-0.0850880
-0.0840678
-0.0734402
-0.0647602
-0.0689156
-0.0848587
-0.1013126
-0.1090447
-0.1092377
-0.1090944
-0.1115842
-0.1122226
-0.1057785
-0.0938083
-0.0840668
-0.0829117
-0.0893132
-0.0965811
-0.0992022
-0.0970268
-0.0931133
-0.0895969
-0.0873338
-0.0882070
-0.0944791
-0.1046781
-0.1123653
-0.1115478
-0.1032750
-0.0950377
-0.0924623
-0.0920240
-0.0833659
-0.0601315
-0.0286503
-0.0045285
0.0011202
-0.0072241
-0.0123352
0.0013204
0.0348678
0.0747138
0.1034628
0.1119143
0.1027087
0.0843798
0.0629123
0.0390320
0.0122636
-0.0147551
-0.0373554
-0.0535651
-0.0665782
-0.0823909
-0.1051974
-0.1343752
-0.1648260
-0.1901032
-0.2061612
-0.2132421
-0.2149633
-0.2157367
-0.2181854
-0.2216223
-0.2224018
-0.2164398
-0.2024772
-0.1834699
-0.1647804
-0.1504401
-0.1404014
-0.1315455
-0.1225161
-0.1173951
-0.1210954
-0.1265303
-0.1056075
-0.0176322
0.1666602
0.4441880
0.7785782
1.1162128
1.4014510
1.5806939
1.6048567
1.4457086
1.1225069
0.7124713
0.3232125
0.0393519
-0.1161753
-0.1766766
-0.1928361
-0.1975263
-0.1990389
-0.1956365
-0.1886765
-0.1828225
-0.1802992
-0.1800726
-0.1822160
-0.1892883
-0.2013556
-0.2117332
-0.2113128
-0.1983345
-0.1821025
-0.1750758
-0.1810794
-0.1919260
-0.1957068
-0.1880944
-0.1755479
-0.1678508
-0.1680468
-0.1700786
-0.1659432
-0.1540079
-0.1397482
-0.1295377
-0.1253734
-0.1253940
-0.1273892
-0.1303907
-0.1337472
-0.1364695
-0.1380102
-0.1385432
-0.1372201
-0.1304707
-0.1139746
-0.0879112
-0.0595093
-0.0379840
-0.0257307
-0.0157390
0.0006690
0.0237397
0.0442518
0.0531919
0.0521068
0.0533184
0.0693562
0.1014292
0.1377428
0.1633030
0.1721151
0.1707273
0.1707684
0.1784273
0.1905279
0.1995654
0.2018617
0.2009619
0.2032644
0.2102769
0.2154488
0.2093576
0.1884976
0.1589173
0.1310406
0.1107555
0.0952201
0.0770396
0.0525056
0.0256965
0.0041550
-0.0094450
-0.0204844
-0.0365047
-0.0585091
-0.0791749
-0.0901265
-0.0905542
-0.0881975
-0.0917487
-0.1023139
-0.1123596
-0.1131669
-0.1034624
-0.0908874
-0.0852250
-0.0900641
-0.1001709
-0.1060767
-0.1017821
-0.0897932
-0.0795127
-0.0794566
-0.0892580
-0.0991481
-0.0987211
-0.0874344
-0.0762802
-0.0778451
-0.0936728
-0.1116516
-0.1171004
-0.1072121
-0.0940202
-0.0922426
-0.1043100
-0.1180085
-0.1187216
-0.1032857
-0.0819481
-0.0677645
-0.0644928
-0.0639533
-0.0542005
-0.0305905
-0.0003668
0.0224747
0.0276917
0.0170613
0.0047218
0.0086757
0.0381889
0.0859163
0.1317544
0.1563819
0.1534266
0.1301750
0.0978513
0.0622435
0.0235960
-0.0162919
-0.0498677
-0.0690135
-0.0745424
-0.0783781
-0.0938314
-0.1231392
-0.1556676
-0.1787940
-0.1894535
-0.1943641
-0.2004655
-0.2074490
-0.2098693
-0.2042403
-0.1920153
-0.1766111
-0.1605740
-0.1466389
-0.1383006
-0.1354730
-0.1308498
-0.1165762
-0.0975407
-0.0923612
-0.1115867
-0.1317902
-0.0978774
0.0400221
0.2885490
0.6097919
0.9534079
1.2804781
1.5510388
1.6995337
1.6475630
1.3630120
0.9114778
0.4377935
0.0805317
-0.1085187
-0.1720784
-0.1866380
-0.1981254
-0.2078294
-0.2027569
-0.1854024
-0.1731955
-0.1781371
-0.1946029
-0.2066803
-0.2032490
-0.1854202
-0.1635297
-0.1500324
-0.1529949
-0.1714232
-0.1948491
-0.2097668
-0.2095613
-0.1990756
-0.1889569
-0.1853408
-0.1851900
-0.1812658
-0.1707071
-0.1582051
-0.1510709
-0.1518753
-0.1562401
-0.1574635
-0.1526941
-0.1445354
-0.1372551
-0.1320201
-0.1259368
-0.1157002
-0.1021698
-0.0909183
-0.0873445
-0.0907232
-0.0936032
-0.0880418
-0.0729281
-0.0551336
-0.0432377
-0.0397098
-0.0386799
-0.0311427
-0.0127500
0.0128239
0.0377089
0.0569075
0.0719585
0.0882840
0.1092531
0.1324651
0.1514317
0.1613950
0.1645207
0.1694726
0.1845056
0.2093202
0.2333009
0.2429148
0.2326295
0.2096745
0.1877904
0.1751509
0.1676857
0.1543831
0.1292468
0.0975339
0.0699659
0.0516008
0.0374312
0.0187695
-0.0072209
-0.0349244
-0.0563861
-0.0689449
-0.0767314
-0.0855793
-0.0973187
-0.1087456
-0.1149510
-0.1131207
-0.1042626
-0.0929161
-0.0852037
-0.0853154
-0.0922691
-0.1003156
-0.1037742
-0.1021331
-0.1001171
-0.1023734
-0.1082550
-0.1123136
-0.1101466
-0.1034151
-0.0985522
-0.1004725
-0.1080353
-0.1158044
-0.1195138
-0.1191749
-0.1174963
-0.1166724
-0.1171226
-0.1182280
-0.1190220
-0.1182492
-0.1150522
-0.1106169
-0.1086141
-0.1122600
-0.1196899
-0.1229709
-0.1138157
-0.0916648
-0.0656610
-0.0473646
-0.0408314
-0.0396802
-0.0334475
-0.0163139
0.0098535
0.0391407
0.0662766
0.0874680
0.0985346
0.0949853
0.0753804
0.0439473
0.0085463
-0.0241997
-0.0513977
-0.0724595
-0.0874829
-0.0983292
-0.1098395
-0.1271367
-0.1504050
-0.1735174
-0.1896286
-0.1983051
-0.2057859
-0.2174606
-0.2311556
-0.2392063
-0.2367154
-0.2262223
-0.2143036
-0.2055688
-0.2005733
-0.1968173
-0.1890850
-0.1710977
-0.1427414
-0.1175518
-0.1163729
-0.1436375
-0.1666256
-0.1249542
0.0293626
0.2961027
0.6300590
0.9766201
1.2967810
1.5542021
1.6893465
1.6299034
1.3466332
0.9025484
0.4359375
0.0797652
-0.1147399
-0.1861508
-0.2060879
-0.2187500
-0.2277551
-0.2239670
-0.2108204
-0.2011854
-0.2003560
-0.2021165
-0.2010007
-0.2009870
-0.2082988
-0.2195697
-0.2229903
-0.2119964
-0.1940487
-0.1832143
-0.1855332
-0.1943503
-0.1996851
-0.1989998
-0.1970167
-0.1972396
-0.1973168
-0.1932839
-0.1854102
-0.1774743
-0.1713873
-0.1652026
-0.1569762
-0.1485520
-0.1437781
-0.1435311
-0.1442185
-0.1417967
-0.1362431
-0.1309406
-0.1278722
-0.1246296
-0.1168087
-0.1027972
-0.0854585
-0.0692739
-0.0564439
-0.0456524
-0.0337836
-0.0185112
0.0000510
0.0193438
0.0360035
0.0483584
0.0581442
0.0699316
0.0882307
0.1140303
0.1432975
0.1689285
0.1851916
0.1915513
0.1928797
0.1956476
0.2028550
0.2117720
0.2166637
0.2143837
0.2074860
0.2013023
0.1977065
0.1924613
0.1794775
0.1573479
0.1306542
0.1046314
0.0796658
0.0522373
0.0210880
-0.0090528
-0.0311485
-0.0430762
-0.0500068
-0.0589373
-0.0714273
-0.0825856
-0.0870780
-0.0852241
-0.0828194
-0.0855273
-0.0939380
-0.1038027
-0.1104960
-0.1131713
-0.1149714
-0.1194806
-0.1268841
-0.1333878
-0.1344673
-0.1291070
-0.1212212
-0.1167173
-0.1184903
-0.1238953
-0.1274071
-0.1261754
-0.1228712
-0.1226924
-0.1275698
-0.1337228
-0.1351525
-0.1293936
-0.1197170
-0.1119849
-0.1098150
-0.1127479
-0.1180979
-0.1231711
-0.1252922
-0.1210833
-0.1078497
-0.0866361
-0.0632250
-0.0449432
-0.0356921
-0.0333214
-0.0308560
-0.0201849
0.0035252
0.0380513
0.0732774
0.0957551
0.0973983
0.0817370
0.0611098
0.0460645
0.0367601
0.0249457
0.0039245
-0.0247541
-0.0546734
-0.0825254
-0.1104175
-0.1405255
-0.1701016
-0.1936005
-0.2087087
-0.2181184
-0.2252094
-0.2301487
-0.2317038
-0.2312214
-0.2316345
-0.2319270
-0.2257854
-0.2089437
-0.1867103
-0.1698514
-0.1614223
-0.1519853
-0.1332348
-0.1149663
-0.1194278
-0.1502312
-0.1674071
-0.1024608
0.0925789
0.4075466
0.7838908
1.1562160
1.4768071
1.7013901
1.7696830
1.6264320
1.2767433
0.8152117
0.3831119
0.0820916
-0.0778800
-0.1527365
-0.1965455
-0.2227552
-0.2219194
-0.1983075
-0.1765293
-0.1758059
-0.1900114
-0.1987924
-0.1929293
-0.1819680
-0.1786881
-0.1837932
-0.1890896
-0.1905456
-0.1918131
-0.1952933
-0.1957603
-0.1866805
-0.1705625
-0.1585264
-0.1584659
-0.1661213
-0.1698184
-0.1630568
-0.1506235
-0.1425404
-0.1437359
-0.1501490
-0.1534474
-0.1482294
-0.1353449
-0.1201116
-0.1082239
-0.1025109
-0.1019558
-0.1027369
-0.1003880
-0.0922052
-0.0789183
-0.0643891
-0.0528284
-0.0451752
-0.0378743
-0.0257658
-0.0068245
0.0158026
0.0365978
0.0525303
0.0651869
0.0785871
0.0955831
0.1162710
0.1385927
0.1593084
0.1750503
0.1844743
0.1903554
0.1982340
0.2111290
0.2255357
0.2341778
0.2335538
0.2279031
0.2246101
0.2259244
0.2262608
0.2178146
0.1978451
0.1700070
0.1399075
0.1112573
0.0862320
0.0669167
0.0537765
0.0429096
0.0274414
0.0038048
-0.0235102
-0.0450000
-0.0549414
-0.0569964
-0.0604621
-0.0707205
-0.0836674
-0.0899355
-0.0846957
-0.0731571
-0.0663896
-0.0718171
-0.0875161
-0.1048979
-0.1160580
-0.1187064
-0.1155000
-0.1104019
-0.1062122
-0.1043140
-0.1047812
-0.1058587
-0.1043970
-0.0985350
-0.0904462
-0.0853289
-0.0865346
-0.0919136
-0.0960499
-0.0964069
-0.0962169
-0.1001498
-0.1073802
-0.1105256
-0.1027468
-0.0856396
-0.0688839
-0.0615773
-0.0645426
-0.0713962
-0.0757167
-0.0753340
-0.0701377
-0.0590280
-0.0419764
-0.0242962
-0.0149142
-0.0172357
-0.0222195
-0.0136341
0.0173098
0.0622521
0.1012707
0.1184971
0.1126784
0.0940575
0.0732195
0.0536886
0.0334244
0.0106927
-0.0126404
-0.0326564
-0.0471137
-0.0577034
-0.0690956
-0.0855799
-0.1079321
-0.1330712
-0.1566061
-0.1755535
-0.1886908
-0.1952743
-0.1949416
-0.1893326
-0.1824047
-0.1773620
-0.1732431
-0.1660700
-0.1539621
-0.1396394
-0.1266608
-0.1148681
-0.1025657
-0.0929566
-0.0933633
-0.1025257
-0.0979350
-0.0399140
0.1069431
0.3528803
0.6781716
1.0400437
1.3769476
1.6100744
1.6597736
1.4852700
1.1233053
0.6852043
0.3007900
0.0477081
-0.0778996
-0.1305849
-0.1598280
-0.1801228
-0.1834850
-0.1680046
-0.1484540
-0.1427828
-0.1551580
-0.1746698
-0.1877935
-0.1894174
-0.1833539
-0.1762447
-0.1727623
-0.1744952
-0.1801657
-0.1859590
-0.1872018
-0.1815611
-0.1711935
-0.1613768
-0.1564300
-0.1563618
-0.1569994
-0.1533773
-0.1436991
-0.1308823
-0.1205259
-0.1168648
-0.1199259
-0.1260824
-0.1310880
-0.1325460
-0.1299953
-0.1238047
-0.1149040
-0.1051619
-0.0966176
-0.0896108
-0.0823754
-0.0733507
-0.0634554
-0.0548478
-0.0472568
-0.0368636
-0.0200134
0.0023050
0.0248046
0.0429852
0.0571923
0.0714087
0.0888980
0.1097294
0.1317676
0.1525888
0.1703144
0.1842018
0.1956898
0.2080666
0.2233871
0.2394132
0.2509041
0.2547941
0.2533614
0.2512951
0.2499611
0.2455759
0.2329999
0.2102813
0.1793411
0.1438485
0.1080361
0.0768553
0.0545818
0.0413790
0.0319163
0.0193317
0.0014467
-0.0175251
-0.0319714
-0.0411496
-0.0499401
-0.0636268
-0.0825171
-0.1016009
-0.1147592
-0.1190834
-0.1160119
-0.1095910
-0.1040815
-0.1023160
-0.1047679
-0.1092324
-0.1118935
-0.1102172
-0.1058687
-0.1042498
-0.1095113
-0.1190789
-0.1240590
-0.1170431
-0.1005035
-0.0865737
-0.0868446
-0.1014892
-0.1186237
-0.1247840
-0.1163992
-0.1018423
-0.0934544
-0.0977041
-0.1113152
-0.1246654
-0.1286827
-0.1207152
-0.1061875
-0.0948004
-0.0933368
-0.1005046
-0.1085383
-0.1102678
-0.1046818
-0.0955234
-0.0852437
-0.0718751
-0.0526518
-0.0296863
-0.0099804
0.0014788
0.0081231
0.0197601
0.0429933
0.0736578
0.0993648
0.1097333
0.1036995
0.0868340
0.0632216
0.0326314
-0.0034867
-0.0360141
-0.0527188
-0.0510865
-0.0447291
-0.0532626
-0.0839941
-0.1246538
-0.1555381
-0.1682234
-0.1711189
-0.1776046
-0.1917373
-0.2069131
-0.2156154
-0.2160671
-0.2089585
-0.1926574
-0.1666086
-0.1382547
-0.1201701
-0.1162836
-0.1144546
-0.0997680
-0.0766158
-0.0699511
-0.0949762
-0.1237408
-0.0893523
0.0674241
0.3514531
0.7111461
1.0775681
1.3980644
1.6314200
1.7253306
1.6232509
1.3111303
0.8578414
0.3967707
0.0523385
-0.1278371
-0.1799445
-0.1745191
-0.1624466
-0.1584966
-0.1587379
-0.1605060
-0.1658082
-0.1751075
-0.1855165
-0.1948010
-0.2030463
-0.2092752
-0.2093825
-0.2001429
-0.1846884
-0.1716208
-0.1675414
-0.1710984
-0.1750915
-0.1740579
-0.1692171
-0.1663603
-0.1698423
-0.1787638
-0.1879773
-0.1918461
-0.1874672
-0.1758718
-0.1613591
