-0.0581336
-0.0197945
-0.0637258
-0.1004899
-0.0989458
-0.0983366
-0.1172971
-0.1326163
-0.1374957
-0.1513853
-0.1728328
-0.1779313
-0.1656272
-0.1585421
-0.1604969
-0.1539881
-0.1368441
-0.1238339
-0.1150189
-0.0973179
-0.0748593
-0.0650642
-0.0639178
-0.0409098
0.0322608
0.1676831
0.3681784
0.6229424
0.8951044
1.1279468
1.2623008
1.2470441
1.0581968
0.7325295
0.3703457
0.0780893
-0.0976216
-0.1776321
-0.2082125
-0.2240548
-0.2378545
-0.2452134
-0.2392371
-0.2264822
-0.2232554
-0.2341273
-0.2460050
-0.2483905
-0.2470248
-0.2513193
-0.2603048
-0.2681004
-0.2732415
-0.2763911
-0.2771462
-0.2772755
-0.2795552
-0.2817517
-0.2799245
-0.2773782
-0.2803685
-0.2852587
-0.2809125
-0.2645372
-0.2447743
-0.2279643
-0.2107994
-0.1880369
-0.1597358
-0.1297135
-0.1021860
-0.0789545
-0.0558681
-0.0261329
0.0079421
0.0325701
0.0388775
0.0359024
0.0392291
0.0516910
0.0638119
0.0694203
0.0720803
0.0774891
0.0858699
0.0915309
0.0872757
0.0714145
0.0511207
0.0343234
0.0183064
-0.0064522
-0.0401184
-0.0700670
-0.0869604
-0.0961140
-0.1080632
-0.1242589
-0.1372872
-0.1411530
-0.1373731
-0.1330691
-0.1342264
-0.1386751
-0.1370777
-0.1244260
-0.1078125
-0.0972562
-0.0915567
-0.0805990
-0.0605842
-0.0395105
-0.0267655
-0.0227375
-0.0194027
-0.0075374
0.0157900
0.0433430
0.0627162
0.0682099
0.0655125
0.0622383
0.0581278
0.0488031
0.0352422
0.0240610
0.0201810
0.0229288
0.0275939
0.0283508
0.0220559
0.0111246
0.0000867
-0.0113731
-0.0277765
-0.0493559
-0.0694854
-0.0828845
-0.0918275
-0.1016845
-0.1142019
-0.1276906
-0.1408464
-0.1542606
-0.1696578
-0.1874754
-0.2032274
-0.2084984
-0.2000356
-0.1865179
-0.1809435
-0.1862080
-0.1926618
-0.1899960
-0.1773493
-0.1612653
-0.1471324
-0.1333973
-0.1127083
-0.0798491
-0.0399593
-0.0063378
0.0122841
0.0196814
0.0251622
0.0323175
0.0382592
0.0408578
0.0421919
0.0460686
0.0552092
0.0696286
0.0855228
0.0972762
0.1025409
0.1041586
0.1061323
0.1091243
0.1098843
0.1033909
0.0877975
0.0727928
0.0834436
0.1496097
0.2870675
0.4884977
0.7292793
0.9742917
1.1769862
1.2809491
1.2366277
1.0288185
0.6956768
0.3209575
-0.0027176
-0.2183664
-0.3246184
-0.3580906
-0.3589956
-0.3503303
-0.3383111
-0.3209517
-0.2947942
-0.2596371
-0.2204908
-0.1843961
-0.1555282
-0.1343386
-0.1199934
-0.1117209
-0.1086057
-0.1093156
-0.1112986
-0.1105332
-0.1047294
-0.0971984
-0.0942902
-0.0978639
-0.1034643
-0.1071724
-0.1106006
-0.1167776
-0.1239496
-0.1264489
-0.1208766
-0.1101309
-0.1019018
-0.1028429
-0.1124734
-0.1231742
-0.1281599
-0.1287259
-0.1312114
-0.1377995
-0.1436950
-0.1433992
-0.1368038
-0.1285714
-0.1234483
-0.1221221
-0.1201090
-0.1113560
-0.0944053
-0.0737386
-0.0534534
-0.0316794
-0.0040293
0.0287095
0.0592421
0.0798528
0.0880853
0.0870043
0.0813453
0.0731273
0.0607557
0.0434625
0.0259989
0.0159695
0.0158509
0.0205405
0.0238095
0.0242241
0.0234943
0.0224894
0.0215406
0.0223498
0.0264859
0.0326459
0.0377989
0.0416871
0.0490022
0.0648510
0.0857695
0.0964964
0.0822145
0.0500184
0.0371118
0.0921760
0.2451280
0.4918292
0.7991110
1.1136628
1.3659732
1.4812265
1.4081777
1.1530221
0.7886141
0.4225105
0.1413053
-0.0278179
-0.1106506
-0.1479466
-0.1649846
-0.1703023
-0.1692350
-0.1688435
-0.1722836
-0.1763931
-0.1775581
-0.1772806
-0.1801684
-0.1873554
-0.1933318
-0.1904337
-0.1771393
-0.1609261
-0.1512854
-0.1504825
-0.1529929
-0.1531151
-0.1502601
-0.1468534
-0.1442709
-0.1421218
-0.1396107
-0.1364890
-0.1334578
-0.1313694
-0.1287696
-0.1211271
-0.1047505
-0.0812343
-0.0558951
-0.0318621
-0.0078884
0.0174890
0.0413850
0.0575454
0.0622553
0.0593308
0.0579898
0.0635513
0.0705485
0.0683927
0.0548861
0.0402920
0.0351458
0.0370775
0.0341441
0.0203481
0.0033407
-0.0049128
-0.0024174
0.0009153
-0.0042649
-0.0150368
-0.0198066
-0.0127556
0.0001105
0.0116255
0.0247148
0.0458350
0.0690508
0.0767784
0.0626769
0.0503288
0.0833160
0.1957667
0.3926984
0.6527731
0.9382192
1.1947550
1.3494647
1.3310613
1.1158631
0.7625380
0.3917948
0.1151345
-0.0289864
-0.0780443
-0.0947102
-0.1166224
-0.1460968
-0.1714749
-0.1877856
-0.1992475
-0.2108907
-0.2235957
-0.2362357
-0.2481311
-0.2573392
-0.2595570
-0.2527963
-0.2425322
-0.2380117
-0.2421548
-0.2482029
-0.2481852
-0.2423493
-0.2380078
-0.2404327
-0.2470269
-0.2502958
-0.2455236
-0.2354629
-0.2273852
-0.2249748
-0.2236290
-0.2149911
-0.1959313
-0.1717834
-0.1507932
-0.1365144
-0.1255613
-0.1118124
-0.0927954
-0.0721430
-0.0546980
-0.0388619
-0.0163513
0.0178224
0.0562961
0.0834228
0.0891783
0.0776293
0.0613188
0.0485285
0.0367737
0.0184192
-0.0082118
-0.0347717
-0.0510628
-0.0561717
-0.0588637
-0.0666332
-0.0771397
-0.0820251
-0.0771775
-0.0670377
-0.0594710
-0.0580720
-0.0597033
-0.0591071
-0.0556977
-0.0548609
-0.0612809
-0.0716715
-0.0764505
-0.0694156
-0.0543164
-0.0409074
-0.0352962
-0.0349498
-0.0329225
-0.0262880
-0.0193195
-0.0172340
-0.0178396
-0.0128483
0.0011222
0.0165690
0.0242644
0.0267008
0.0367070
0.0604904
0.0859242
0.0928592
0.0770060
0.0626778
0.0906748
0.1928892
0.3763208
0.6239678
0.8987953
1.1399110
1.2649874
1.2012415
0.9365057
0.5457149
0.1576961
-0.1191049
-0.2529219
-0.2849460
-0.2786129
-0.2717545
-0.2679733
-0.2598720
-0.2496382
-0.2462854
-0.2513794
-0.2560036
-0.2522540
-0.2427645
-0.2366991
-0.2389437
-0.2455529
-0.2488824
-0.2455391
-0.2392309
-0.2363991
-0.2392739
-0.2434883
-0.2425965
-0.2342952
-0.2219262
-0.2109052
-0.2044538
-0.2018696
-0.1997519
-0.1951204
-0.1877477
-0.1788634
-0.1676642
-0.1509671
-0.1275671
-0.1016844
-0.0804031
-0.0678673
-0.0627413
-0.0607794
-0.0588704
-0.0566295
-0.0546230
-0.0515003
-0.0438222
-0.0297816
-0.0126496
0.0010026
0.0068281
0.0055242
0.0002982
-0.0070597
-0.0171859
-0.0312233
-0.0482603
-0.0642880
-0.0743442
-0.0770406
-0.0767972
-0.0800973
-0.0890409
-0.0993151
-0.1045309
-0.1016869
-0.0923049
-0.0792366
-0.0633890
-0.0442337
-0.0235932
-0.0073890
-0.0011106
-0.0030007
-0.0041342
0.0027610
0.0156193
0.0258457
0.0280477
0.0250897
0.0234309
0.0250690
0.0251840
0.0175896
0.0017055
-0.0168560
-0.0328467
-0.0471018
-0.0640875
-0.0844115
-0.1021549
-0.1105602
-0.1091147
-0.1041879
-0.1033859
-0.1096232
-0.1198344
-0.1288026
-0.1343421
-0.1385571
-0.1437976
-0.1484555
-0.1483926
-0.1425220
-0.1353693
-0.1330329
-0.1367975
-0.1412489
-0.1391581
-0.1286084
-0.1148082
-0.1037737
-0.0946906
-0.0808297
-0.0586651
-0.0331099
-0.0109383
0.0090605
0.0346501
0.0673097
0.0945534
0.1005279
0.0869469
0.0820162
0.1252106
0.2411214
0.4273260
0.6635498
0.9227454
1.1650562
1.3260217
1.3301615
1.1373533
0.7854739
0.3832561
0.0495813
-0.1534749
-0.2404301
-0.2662132
-0.2744340
-0.2762359
-0.2670596
-0.2503445
-0.2393183
-0.2410776
-0.2478266
-0.2467354
-0.2350064
-0.2221113
-0.2181532
-0.2226016
-0.2253453
-0.2177473
-0.2011206
-0.1837695
-0.1709165
-0.1595951
-0.1438724
-0.1231927
-0.1038120
-0.0923699
-0.0892464
-0.0884963
-0.0841218
-0.0765972
-0.0729715
-0.0795317
-0.0941546
-0.1071735
-0.1107731
-0.1069572
-0.1054093
-0.1136773
-0.1299397
-0.1452841
-0.1526170
-0.1527971
-0.1514886
-0.1505210
-0.1445674
-0.1280547
-0.1039428
-0.0825832
-0.0711470
-0.0664397
-0.0599325
-0.0488315
-0.0398889
-0.0413813
-0.0524581
-0.0624371
-0.0616986
-0.0521491
-0.0448560
-0.0473305
-0.0555732
-0.0599330
-0.0565063
-0.0497919
-0.0445751
-0.0384390
-0.0243207
0.0003747
0.0291073
0.0515423
0.0631224
0.0683170
0.0741658
0.0820568
0.0874671
0.0870464
0.0833107
0.0811538
0.0812511
0.0786443
0.0677164
0.0476659
0.0230226
-0.0007084
-0.0215943
-0.0414672
-0.0620440
-0.0819889
-0.0985413
-0.1111240
-0.1218513
-0.1325659
-0.1427667
-0.1509279
-0.1568406
-0.1617143
-0.1660444
-0.1680236
-0.1648943
-0.1565315
-0.1472086
-0.1422663
-0.1423950
-0.1424888
-0.1372389
-0.1267715
-0.1151443
-0.1039494
-0.0898141
-0.0692587
-0.0443769
-0.0212779
-0.0023712
0.0175313
0.0443629
0.0739131
0.0920348
0.0907783
0.0851571
0.1105127
0.2002124
0.3647309
0.5892288
0.8434123
1.0859523
1.2607348
1.3025744
1.1661704
0.8637872
0.4761536
0.1162079
-0.1327021
-0.2560433
-0.2958255
-0.3045314
-0.3088295
-0.3083622
-0.2974937
-0.2812939
-0.2717848
-0.2743029
-0.2818451
-0.2834569
-0.2763743
-0.2681008
-0.2667112
-0.2711062
-0.2723256
-0.2638478
-0.2488934
-0.2366391
-0.2314414
-0.2266584
-0.2103450
-0.1778632
-0.1381852
-0.1062417
-0.0888830
-0.0797202
-0.0681144
-0.0513466
-0.0361925
-0.0293800
-0.0290046
-0.0267037
-0.0173748
-0.0047784
0.0033987
0.0047178
0.0038782
0.0050759
0.0052633
-0.0020400
-0.0168532
-0.0300187
-0.0322188
-0.0243286
-0.0167636
-0.0185115
-0.0283119
-0.0375208
-0.0406566
-0.0410766
-0.0454809
-0.0547745
-0.0632874
-0.0672791
-0.0711379
-0.0825368
-0.1024090
-0.1224384
-0.1331867
-0.1331163
-0.1285234
-0.1255693
-0.1240304
-0.1191466
-0.1080522
-0.0925850
-0.0759375
-0.0589660
-0.0416968
-0.0270798
-0.0199256
-0.0209428
-0.0239516
-0.0213164
-0.0119895
-0.0026841
-0.0006631
-0.0062974
-0.0135798
-0.0176001
-0.0200176
-0.0259218
-0.0360512
-0.0447079
-0.0469180
-0.0459181
-0.0504141
-0.0637955
-0.0786641
-0.0845234
-0.0802320
-0.0758042
-0.0799166
-0.0873403
-0.0830532
-0.0611950
-0.0369290
-0.0333352
-0.0533102
-0.0665393
-0.0275729
0.0925603
0.2915844
0.5454209
0.8206405
1.0714250
1.2323354
1.2344051
1.0486261
0.7215117
0.3612271
0.0753249
-0.0898823
-0.1580272
-0.1801833
-0.1884739
-0.1865444
-0.1717097
-0.1533284
-0.1465268
-0.1546473
-0.1655290
-0.1665338
-0.1593399
-0.1566591
-0.1657247
-0.1790309
-0.1830255
-0.1736052
-0.1602513
-0.1552757
-0.1614797
-0.1713332
-0.1766254
-0.1768707
-0.1778239
-0.1829962
-0.1885144
-0.1875183
-0.1789573
-0.1698521
-0.1673139
-0.1690277
-0.1635724
-0.1412046
-0.1038928
-0.0638754
-0.0321855
-0.0092902
0.0122862
0.0367476
0.0584603
0.0679122
0.0630362
0.0521808
0.0453268
0.0443753
0.0436693
0.0388163
0.0322802
0.0292478
0.0296232
0.0266262
0.0143117
-0.0048115
-0.0216369
-0.0302193
-0.0339538
-0.0406596
-0.0525502
-0.0632838
-0.0655282
-0.0598583
-0.0545671
-0.0567355
-0.0647410
-0.0705524
-0.0690984
-0.0638696
-0.0620507
-0.0648822
-0.0651848
-0.0557105
-0.0385445
-0.0238729
-0.0189202
-0.0197409
-0.0155108
-0.0005907
0.0194414
0.0347552
0.0428652
0.0506031
0.0638627
0.0784574
0.0849481
0.0820897
0.0806016
0.0900368
0.1045298
0.1082329
0.0989989
0.1046456
0.1702374
0.3250860
0.5605109
0.8371433
1.1076474
1.3271930
1.4469447
1.4151617
1.2049993
0.8501721
0.4467896
0.1058086
-0.1093077
-0.2073351
-0.2397780
-0.2511228
-0.2551713
-0.2489767
-0.2362750
-0.2304195
-0.2383477
-0.2505696
-0.2512139
-0.2351159
-0.2112711
-0.1906519
-0.1750274
-0.1594193
-0.1423625
-0.1295430
-0.1265831
-0.1310721
-0.1344964
-0.1317990
-0.1266149
-0.1258953
-0.1311336
-0.1373093
-0.1402489
-0.1423059
-0.1489358
-0.1607303
-0.1711887
-0.1733556
-0.1677052
-0.1619598
-0.1625489
-0.1670246
-0.1661843
-0.1541005
-0.1352360
-0.1207374
-0.1177542
-0.1229264
-0.1262544
-0.1206717
-0.1076047
-0.0938654
-0.0842011
-0.0775887
-0.0705039
-0.0623774
-0.0563164
-0.0544579
-0.0542035
-0.0502923
-0.0401059
-0.0257813
-0.0112424
0.0013953
0.0116121
0.0177908
0.0170304
0.0091027
-0.0001955
-0.0020623
0.0071024
0.0207310
0.0267746
0.0182566
-0.0007740
-0.0195790
-0.0304939
-0.0345617
-0.0384884
-0.0467913
-0.0569824
-0.0624291
-0.0600425
-0.0545800
-0.0539662
-0.0595886
-0.0625370
-0.0521069
-0.0292714
-0.0095474
-0.0081147
-0.0191523
-0.0107306
0.0567951
0.2048513
0.4264164
0.6957572
0.9798669
1.2360094
1.4047568
1.4220110
1.2550044
0.9353089
0.5548516
0.2205448
0.0000015
-0.1024195
-0.1280668
-0.1266247
-0.1284360
-0.1391112
-0.1499429
-0.1519652
-0.1452468
-0.1391814
-0.1439879
-0.1605769
-0.1792382
-0.1897983
-0.1928191
-0.1988002
-0.2154318
-0.2373007
-0.2505157
-0.2477454
-0.2367503
-0.2325245
-0.2417041
-0.2563151
-0.2627814
-0.2552709
-0.2394560
-0.2251362
-0.2176449
-0.2162825
-0.2183158
-0.2220702
-0.2262287
-0.2279427
-0.2231145
-0.2088396
-0.1854162
-0.1561653
-0.1256603
-0.0977399
-0.0738075
-0.0517546
-0.0268623
0.0044687
0.0404647
0.0736178
0.0957223
0.1041097
0.1030255
0.0988165
0.0939582
0.0859658
0.0717609
0.0521150
0.0310641
0.0113758
-0.0081110
-0.0299866
-0.0538088
-0.0750475
-0.0884166
-0.0919306
-0.0884436
-0.0844764
-0.0870883
-0.0992857
-0.1164064
-0.1280687
-0.1268011
-0.1162983
-0.1094816
-0.1157166
-0.1289085
-0.1280102
-0.0873300
0.0158691
0.1999229
0.4711742
0.8020978
1.1132335
1.2914670
1.2506322
0.9929746
0.6161161
0.2536338
-0.0029241
-0.1391944
-0.1937788
-0.2109456
-0.2143721
-0.2112850
-0.2054267
-0.2006991
-0.1986493
-0.1997530
-0.2068557
-0.2224412
-0.2414732
-0.2517099
-0.2454309
-0.2297181
-0.2211171
-0.2288909
-0.2458962
-0.2575920
-0.2581403
-0.2548951
-0.2576600
-0.2671921
-0.2763256
-0.2800138
-0.2803570
-0.2813142
-0.2820369
-0.2784135
-0.2699869
-0.2618227
-0.2581685
-0.2561591
-0.2478122
-0.2277717
-0.1974687
-0.1619214
-0.1247393
-0.0874654
-0.0518295
-0.0197157
0.0090345
0.0356964
0.0578830
0.0684340
0.0631535
0.0495993
0.0436056
0.0537318
0.0713214
0.0803602
0.0771217
0.0747989
0.0852101
0.1000561
0.0986460
0.0778125
0.0697379
0.1237937
0.2692005
0.4965321
0.7712079
1.0535428
1.2982517
1.4433403
1.4226098
1.2100664
0.8570857
0.4761639
0.1746327
-0.0059029
-0.0937723
-0.1413850
-0.1801344
-0.2133977
-0.2372473
-0.2546670
-0.2698579
-0.2793804
-0.2769532
-0.2648668
-0.2540193
-0.2512246
-0.2513292
-0.2454328
-0.2340110
-0.2266435
-0.2283882
-0.2314145
-0.2238226
-0.2046339
-0.1856442
-0.1780210
-0.1808660
-0.1851416
-0.1857785
-0.1854649
-0.1867306
-0.1850656
-0.1731504
-0.1500439
-0.1225671
-0.0974385
-0.0751580
-0.0530810
-0.0317091
-0.0143272
-0.0006468
0.0155825
0.0402596
0.0713605
0.0996563
0.1167796
0.1212083
