-0.0019818
0.0044410
0.0181932
0.0357789
0.0513698
0.0623894
0.0715301
0.0839147
0.1025476
0.1261417
0.1506577
0.1725560
0.1908352
0.2066866
0.2218375
0.2372831
0.2530571
0.2685827
0.2831093
0.2962705
0.3087152
0.3220931
0.3377175
0.3546345
0.3691632
0.3771359
0.3772057
0.3717766
0.3640351
0.3538338
0.3370607
0.3098411
0.2735003
0.2347872
0.2005744
0.1722288
0.1453585
0.1149714
0.0805645
0.0462984
0.0169676
-0.0056323
-0.0229089
-0.0373300
-0.0506080
-0.0631452
-0.0739881
-0.0810575
-0.0823937
-0.0782552
-0.0721006
-0.0687419
-0.0707570
-0.0764682
-0.0816097
-0.0832603
-0.0824210
-0.0828873
-0.0874352
-0.0947323
-0.0998771
-0.0984526
-0.0907528
-0.0822331
-0.0793101
-0.0840360
-0.0925603
-0.0988265
-0.0999017
-0.0979398
-0.0973909
-0.1006507
-0.1061999
-0.1102618
-0.1098741
-0.1048940
-0.0980446
-0.0933815
-0.0939347
-0.0996490
-0.1071475
-0.1120509
-0.1124094
-0.1103229
-0.1100795
-0.1142995
-0.1214579
-0.1268856
-0.1263120
-0.1191070
-0.1089320
-0.1015006
-0.1009509
-0.1071087
-0.1155254
-0.1205946
-0.1197669
-0.1155293
-0.1131337
-0.1157108
-0.1211801
-0.1240674
-0.1206591
-0.1125315
-0.1051259
-0.1030326
-0.1066306
-0.1127517
-0.1178244
-0.1202267
-0.1204012
-0.1196032
-0.1184217
-0.1155251
-0.1074548
-0.0908009
-0.0662480
-0.0406400
-0.0231884
-0.0174969
-0.0169593
-0.0095149
0.0113666
0.0397813
0.0615474
0.0655409
0.0515842
0.0285648
0.0063392
-0.0103558
-0.0219733
-0.0308928
-0.0392003
-0.0485569
-0.0604014
-0.0754935
-0.0936178
-0.1140046
-0.1356179
-0.1566708
-0.1743608
-0.1860035
-0.1907838
-0.1901393
-0.1864430
-0.1818495
-0.1784698
-0.1783605
-0.1816823
-0.1848816
-0.1827283
-0.1739543
-0.1641688
-0.1607515
-0.1638434
-0.1642558
-0.1526282
-0.1302079
-0.1078663
-0.0935299
-0.0835671
-0.0700694
-0.0552166
-0.0516993
-0.0628736
-0.0629820
-0.0032074
0.1566224
0.4193684
0.7501987
1.0977732
1.4090866
1.6261175
1.6844272
1.5378781
1.1997058
0.7584541
0.3407179
0.0426339
-0.1149597
-0.1740649
-0.1894105
-0.1896391
-0.1774305
-0.1531111
-0.1285938
-0.1188079
-0.1263932
-0.1399085
-0.1466043
-0.1441732
-0.1396692
-0.1396206
-0.1434990
-0.1461768
-0.1442915
-0.1389569
-0.1333805
-0.1296074
-0.1277996
-0.1272608
-0.1269807
-0.1256635
-0.1226691
-0.1194817
-0.1192325
-0.1233988
-0.1288157
-0.1291366
-0.1204948
-0.1059228
-0.0934872
-0.0893838
-0.0926131
-0.0962943
-0.0939676
-0.0847429
-0.0731108
-0.0645848
-0.0613311
-0.0607962
-0.0576532
-0.0475910
-0.0306444
-0.0116626
0.0030035
0.0104651
0.0137400
0.0192199
0.0312235
0.0485730
0.0662098
0.0800377
0.0903803
0.1012430
0.1166258
0.1373149
0.1604697
0.1818379
0.1988147
0.2122735
0.2257872
0.2425085
0.2620642
0.2804509
0.2936109
0.3016307
0.3092377
0.3215231
0.3387655
0.3555626
0.3652865
0.3653936
0.3583516
0.3477727
0.3342817
0.3153020
0.2882720
0.2535006
0.2141713
0.1743786
0.1373518
0.1046629
0.0759939
0.0494809
0.0231985
-0.0027552
-0.0256507
-0.0423545
-0.0527100
-0.0604849
-0.0703623
-0.0836438
-0.0969385
-0.1051918
-0.1061454
-0.1021756
-0.0981934
-0.0977959
-0.1009585
-0.1048454
-0.1066713
-0.1060789
-0.1051262
-0.1060638
-0.1089343
-0.1111860
-0.1098112
-0.1043105
-0.0978355
-0.0951332
-0.0986530
-0.1061435
-0.1122388
-0.1131059
-0.1100506
-0.1083678
-0.1120377
-0.1193342
-0.1241277
-0.1220314
-0.1151072
-0.1099678
-0.1111776
-0.1170347
-0.1219944
-0.1225367
-0.1200139
-0.1182872
-0.1198296
-0.1244098
-0.1302519
-0.1350812
-0.1364323
-0.1328345
-0.1258594
-0.1201108
-0.1195380
-0.1234599
-0.1273809
-0.1283677
-0.1286041
-0.1323361
-0.1396521
-0.1449987
-0.1428526
-0.1341585
-0.1260056
-0.1248406
-0.1306329
-0.1377317
-0.1406057
-0.1383074
-0.1341864
-0.1325032
-0.1353344
-0.1413358
-0.1462210
-0.1447540
-0.1338482
-0.1149974
-0.0937917
-0.0763738
-0.0655158
-0.0592911
-0.0528926
-0.0418081
-0.0242739
-0.0019649
0.0210695
0.0403396
0.0522532
0.0540237
0.0432183
0.0190227
-0.0147514
-0.0484030
-0.0705459
-0.0763376
-0.0724769
-0.0727684
-0.0868414
-0.1123362
-0.1382084
-0.1555832
-0.1649809
-0.1732837
-0.1851189
-0.1984582
-0.2081018
-0.2116015
-0.2107900
-0.2086817
-0.2067341
-0.2051909
-0.2040612
-0.2021919
-0.1964765
-0.1845036
-0.1687101
-0.1559540
-0.1510230
-0.1511269
-0.1486340
-0.1391950
-0.1250798
-0.1099752
-0.0937544
-0.0759946
-0.0628319
-0.0625239
-0.0673123
-0.0408264
0.0679441
0.2893445
0.6072826
0.9661750
1.2994897
1.5491709
1.6646568
1.6025750
1.3487775
0.9489946
0.5085072
0.1436028
-0.0818202
-0.1805870
-0.2096498
-0.2167213
-0.2156332
-0.2021121
-0.1794008
-0.1621101
-0.1600077
-0.1669975
-0.1694009
-0.1617081
-0.1506974
-0.1454314
-0.1471281
-0.1500596
-0.1496954
-0.1471485
-0.1460304
-0.1474774
-0.1494912
-0.1498905
-0.1482527
-0.1451265
-0.1408413
-0.1358469
-0.1314466
-0.1291016
-0.1288456
-0.1289514
-0.1275670
-0.1246211
-0.1218891
-0.1210092
-0.1213250
-0.1197583
-0.1132026
-0.1015341
-0.0883840
-0.0785073
-0.0737896
-0.0716392
-0.0675906
-0.0597455
-0.0504257
-0.0430297
-0.0373823
-0.0289906
-0.0136006
0.0076510
0.0283289
0.0423933
0.0497472
0.0559625
0.0666195
0.0821855
0.0985101
0.1119999
0.1238067
0.1387441
0.1603621
0.1873917
0.2148422
0.2380676
0.2556976
0.2694126
0.2819098
0.2952472
0.3101126
0.3253946
0.3382260
0.3455613
0.3469697
0.3457894
0.3461000
0.3474812
0.3434344
0.3266764
0.2966897
0.2610474
0.2280932
0.1985979
0.1659940
0.1253532
0.0809045
0.0430818
0.0180623
0.0016519
-0.0155132
-0.0375811
-0.0597956
-0.0750846
-0.0825175
-0.0879241
-0.0970002
-0.1095780
-0.1208861
-0.1267559
-0.1264023
-0.1213115
-0.1137977
-0.1073098
-0.1061028
-0.1120666
-0.1215968
-0.1275582
-0.1260043
-0.1205673
-0.1188422
-0.1241849
-0.1320782
-0.1350713
-0.1304551
-0.1222805
-0.1165268
-0.1156746
-0.1180711
-0.1209479
-0.1226391
-0.1224943
-0.1206397
-0.1187501
-0.1197248
-0.1246709
-0.1301158
-0.1300900
-0.1224991
-0.1128258
-0.1097199
-0.1162052
-0.1262313
-0.1310558
-0.1288437
-0.1267999
-0.1331282
-0.1473212
-0.1593272
-0.1588407
-0.1454269
-0.1294453
-0.1230497
-0.1299492
-0.1430565
-0.1513386
-0.1492625
-0.1408312
-0.1353842
-0.1391988
-0.1501356
-0.1597065
-0.1603873
-0.1515759
-0.1393769
-0.1313033
-0.1308954
-0.1359771
-0.1405081
-0.1381094
-0.1258001
-0.1065889
-0.0886135
-0.0794537
-0.0787797
-0.0764423
-0.0600922
-0.0270483
0.0108652
0.0352623
0.0351592
0.0141688
-0.0147428
-0.0404508
-0.0600709
-0.0765084
-0.0921002
-0.1054924
-0.1139603
-0.1177187
-0.1215600
-0.1321463
-0.1530014
-0.1810390
-0.2076480
-0.2243140
-0.2289023
-0.2271686
-0.2274849
-0.2332110
-0.2400650
-0.2411076
-0.2339829
-0.2227985
-0.2132761
-0.2072947
-0.2028418
-0.1981614
-0.1938520
-0.1903176
-0.1852142
-0.1758511
-0.1636228
-0.1528311
-0.1435762
-0.1291512
-0.1053994
-0.0821990
-0.0779566
-0.0945063
-0.0970799
-0.0269367
0.1576766
0.4494976
0.7993004
1.1495692
1.4543971
1.6677422
1.7286095
1.5819274
1.2296536
0.7595447
0.3099154
-0.0087014
-0.1691232
-0.2174557
-0.2182061
-0.2098327
-0.2009769
-0.1908703
-0.1821303
-0.1770908
-0.1725897
-0.1645184
-0.1550320
-0.1507807
-0.1541936
-0.1600100
-0.1616694
-0.1587479
-0.1561247
-0.1571943
-0.1603912
-0.1623267
-0.1619075
-0.1599854
-0.1564021
-0.1496901
-0.1401188
-0.1314427
-0.1281244
-0.1308080
-0.1353798
-0.1368579
-0.1338951
-0.1292701
-0.1262911
-0.1250687
-0.1222984
-0.1146162
-0.1022889
-0.0895980
-0.0812057
-0.0778269
-0.0756538
-0.0703033
-0.0611256
-0.0512695
-0.0437034
-0.0378131
-0.0301397
-0.0179637
-0.0016510
0.0162844
0.0336373
0.0496500
0.0643333
0.0777542
0.0904662
0.1040230
0.1200892
0.1387125
0.1578660
0.1751575
0.1901653
0.2051644
0.2235234
0.2469571
0.2736584
0.2988442
0.3176600
0.3284784
0.3340091
0.3392050
0.3475000
0.3582085
0.3669862
0.3689419
0.3619931
0.3478492
0.3299166
0.3100182
0.2868303
0.2574315
0.2205991
0.1788276
0.1370158
0.0988815
0.0646540
0.0325027
0.0020658
-0.0240623
-0.0426236
-0.0530098
-0.0579042
-0.0610819
-0.0652236
-0.0714513
-0.0795050
-0.0874527
-0.0921421
-0.0918250
-0.0890291
-0.0895055
-0.0965927
-0.1066010
-0.1113809
-0.1064975
-0.0961430
-0.0889663
-0.0895226
-0.0949338
-0.0994843
-0.1005414
-0.0992577
-0.0974164
-0.0959036
-0.0958582
-0.0985502
-0.1025023
-0.1023698
-0.0935855
-0.0788197
-0.0677138
-0.0680971
-0.0777855
-0.0867456
-0.0876407
-0.0828093
-0.0802044
-0.0840096
-0.0909853
-0.0953920
-0.0951595
-0.0922569
-0.0887525
-0.0848450
-0.0809229
-0.0794425
-0.0828255
-0.0897471
-0.0953348
-0.0961631
-0.0942822
-0.0948781
-0.0997738
-0.1044525
-0.1025122
-0.0928499
-0.0816727
-0.0771139
-0.0820003
-0.0918021
-0.0991721
-0.1002020
-0.0967465
-0.0936885
-0.0944777
-0.0986135
-0.1021999
-0.1007654
-0.0928795
-0.0821988
-0.0752794
-0.0754929
-0.0783749
-0.0743600
-0.0579720
-0.0345323
-0.0162966
-0.0105570
-0.0116700
-0.0059294
0.0151798
0.0469582
0.0764960
0.0941405
0.0987888
0.0932988
0.0783870
0.0534785
0.0221890
-0.0065546
-0.0247670
-0.0320019
-0.0345573
-0.0387437
-0.0465527
-0.0579408
-0.0746779
-0.0988458
-0.1272982
-0.1505436
-0.1601106
-0.1572449
-0.1524613
-0.1553420
-0.1653475
-0.1733355
-0.1714117
-0.1601783
-0.1467005
-0.1372381
-0.1330773
-0.1320518
-0.1314059
-0.1283965
-0.1206194
-0.1086328
-0.0975163
-0.0920472
-0.0887618
-0.0765796
-0.0503214
-0.0227632
-0.0155412
-0.0306246
-0.0309974
0.0431436
0.2317275
0.5248716
0.8724745
1.2169082
1.5096825
1.6998640
1.7254056
1.5406589
1.1658256
0.7040466
0.2935368
0.0273693
-0.0906771
-0.1206277
-0.1243166
-0.1266928
-0.1244274
-0.1145953
-0.1057042
-0.1055545
-0.1097000
-0.1076485
-0.0971876
-0.0873910
-0.0874170
-0.0961410
-0.1045289
-0.1059551
-0.1018413
-0.0980899
-0.0985590
-0.1025953
-0.1069263
-0.1081998
-0.1044534
-0.0963267
-0.0876801
-0.0835621
-0.0858100
-0.0907301
-0.0924643
-0.0890581
-0.0841723
-0.0821219
-0.0821346
-0.0788582
-0.0686133
-0.0540692
-0.0419648
-0.0363884
-0.0348219
-0.0309278
-0.0209328
-0.0070662
0.0049871
0.0114909
0.0136009
0.0158899
0.0227802
0.0359917
0.0540596
0.0733576
0.0899727
0.1019072
0.1105875
0.1202965
0.1350747
0.1549752
0.1753445
0.1910264
0.2022020
0.2154376
0.2375681
0.2681003
0.2984437
0.3194459
0.3297390
0.3363956
0.3474354
0.3640023
0.3799702
0.3887841
0.3900421
0.3891781
0.3911894
0.3951788
0.3948209
0.3836569
0.3601766
0.3286685
0.2955258
0.2641189
0.2325845
0.1966883
0.1552417
0.1127221
0.0762796
0.0499550
0.0316868
0.0157749
-0.0018412
-0.0205256
-0.0365878
-0.0473849
-0.0536260
-0.0581682
-0.0633615
-0.0696231
-0.0756503
-0.0793436
-0.0791906
-0.0759115
-0.0727635
-0.0731413
-0.0772636
-0.0818258
-0.0837343
-0.0840206
-0.0870538
-0.0951807
-0.1046380
-0.1080943
-0.1020496
-0.0911929
-0.0844729
-0.0868460
-0.0955612
-0.1042824
-0.1094075
-0.1116867
-0.1131116
-0.1143046
-0.1152216
-0.1166641
-0.1194532
-0.1223081
-0.1221290
-0.1174963
-0.1113404
-0.1087372
-0.1116439
-0.1168810
-0.1201708
-0.1213429
-0.1240958
-0.1306363
-0.1380384
-0.1408692
-0.1369268
-0.1296209
-0.1247683
-0.1254830
-0.1300408
-0.1340268
-0.1342136
-0.1309379
-0.1277034
-0.1286053
-0.1348963
-0.1428238
-0.1454575
-0.1387296
-0.1266324
-0.1190305
-0.1224600
-0.1331095
-0.1403617
-0.1379429
-0.1306691
-0.1290499
-0.1372893
-0.1478006
-0.1486776
-0.1365321
-0.1208023
-0.1143747
-0.1200754
-0.1271923
-0.1216965
-0.0999010
-0.0723813
-0.0547182
-0.0535602
-0.0602738
-0.0578422
-0.0353311
0.0025124
0.0387660
0.0573376
0.0536992
0.0349164
0.0111761
-0.0120243
-0.0344499
-0.0561188
-0.0736983
-0.0827726
-0.0831995
-0.0810514
-0.0846278
-0.0985790
-0.1214275
-0.1474402
-0.1702388
-0.1859113
-0.1946730
-0.2000844
-0.2055597
-0.2106350
-0.2109399
-0.2028707
-0.1887605
-0.1766398
-0.1734697
-0.1781344
-0.1821464
-0.1782681
-0.1678157
-0.1582889
-0.1543522
-0.1529475
-0.1473691
-0.1338882
-0.1132158
-0.0881093
-0.0634157
-0.0481407
-0.0512900
-0.0683196
-0.0697887
-0.0088269
0.1519262
0.4150780
0.7467339
1.0953096
1.4070767
1.6252316
1.6885069
1.5525567
1.2278693
0.7966188
0.3802337
0.0751705
-0.0924558
-0.1591903
-0.1783698
-0.1813267
-0.1740775
-0.1574077
-0.1398050
-0.1311666
-0.1318206
-0.1336690
-0.1311278
-0.1271454
-0.1278329
-0.1339003
-0.1394361
-0.1384925
-0.1312371
-0.1231740
-0.1192522
-0.1196812
-0.1211863
-0.1210308
-0.1192067
-0.1176792
-0.1185254
-0.1221839
-0.1262122
-0.1260267
-0.1185716
-0.1061314
-0.0956406
-0.0929561
-0.0973175
-0.1016331
-0.0987817
-0.0883360
-0.0771854
-0.0727667
-0.0751535
-0.0763991
-0.0683848
-0.0509925
-0.0319567
-0.0190307
-0.0130241
-0.0083601
0.0003930
0.0130554
0.0247875
0.0321610
0.0376690
0.0475933
0.0655499
0.0887651
0.1105809
0.1259725
0.1350948
0.1429486
0.1558446
0.1764667
0.2009777
0.2216200
0.2337082
0.2406516
0.2515797
0.2731151
0.3026772
0.3298488
0.3453242
0.3493188
0.3506697
0.3569723
0.3662972
0.3696980
0.3613359
0.3445891
0.3278405
0.3151684
0.3017118
0.2781198
0.2398500
0.1924630
0.1473870
0.1119678
0.0838719
0.0553225
0.0220636
-0.0121722
-0.0390831
-0.0530498
-0.0560401
-0.0563514
-0.0618926
-0.0736380
-0.0856347
-0.0916394
-0.0913883
-0.0903601
-0.0940868
-0.1027657
-0.1107523
-0.1115597
-0.1045018
-0.0963902
-0.0953569
-0.1026958
-0.1118548
-0.1156259
-0.1132092
-0.1100016
-0.1114934
-0.1176434
-0.1225833
-0.1201302
-0.1105433
-0.1014632
-0.1009620
-0.1097235
-0.1208039
-0.1265025
-0.1246269
-0.1190975
-0.1160049
-0.1185329
-0.1242732
-0.1276935
-0.1259910
-0.1218136
-0.1196638
-0.1210198
-0.1239874
-0.1262356
-0.1269738
-0.1272895
-0.1294633
-0.1343074
-0.1383596
-0.1361424
-0.1269708
-0.1175495
-0.1157018
-0.1225059
-0.1317725
-0.1362166
-0.1338204
-0.1297699
-0.1319150
-0.1418787
-0.1512476
-0.1502049
-0.1396621
-0.1302654
-0.1290636
-0.1324169
-0.1332952
-0.1301108
-0.1262305
-0.1256302
-0.1308266
-0.1400158
-0.1449472
-0.1381244
-0.1243142
-0.1176098
-0.1235448
