-0.1131852
-0.0885711
-0.1010695
-0.1072524
-0.0978251
-0.0963663
-0.1066535
-0.1080112
-0.0965515
-0.0909588
-0.0977548
-0.1034572
-0.1023100
-0.1041892
-0.1128541
-0.1191388
-0.1178422
-0.1134204
-0.1091691
-0.1063750
-0.1116204
-0.1294121
-0.1501578
-0.1598738
-0.1592924
-0.1605938
-0.1685249
-0.1769183
-0.1807208
-0.1802726
-0.1764059
-0.1706454
-0.1671065
-0.1665130
-0.1625802
-0.1511715
-0.1378550
-0.1298837
-0.1265005
-0.1236962
-0.1225657
-0.1261107
-0.1328233
-0.1394963
-0.1459643
-0.1522503
-0.1554388
-0.1533165
-0.1470401
-0.1379389
-0.1266128
-0.1166260
-0.1130155
-0.1153652
-0.1183527
-0.1205274
-0.1259805
-0.1355171
-0.1427913
-0.1421376
-0.1354484
-0.1290245
-0.1270703
-0.1291074
-0.1307693
-0.1276287
-0.1210246
-0.1177870
-0.1204139
-0.1210815
-0.1113984
-0.0955513
-0.0866185
-0.0901184
-0.0972282
-0.0952521
-0.0808072
-0.0619550
-0.0498885
-0.0489057
-0.0536347
-0.0562249
-0.0535375
-0.0411283
0.0003822
0.1041361
0.2941004
0.5622761
0.8671831
1.1479723
1.3382435
1.3792644
1.2406211
0.9422464
0.5584174
0.1916316
-0.0742052
-0.2127040
-0.2568758
-0.2619381
-0.2626598
-0.2622129
-0.2525956
-0.2350661
-0.2197626
-0.2139454
-0.2163705
-0.2209975
-0.2231111
-0.2223916
-0.2211062
-0.2196073
-0.2152941
-0.2072449
-0.1993305
-0.1958060
-0.1955232
-0.1937043
-0.1883551
-0.1818736
-0.1767287
-0.1717190
-0.1622450
-0.1436349
-0.1160600
-0.0870253
-0.0660397
-0.0547794
-0.0450537
-0.0287039
-0.0070695
0.0118752
0.0236640
0.0316170
0.0418293
0.0562500
0.0711290
0.0818322
0.0887905
0.0969632
0.1080296
0.1158800
0.1141754
0.1072749
0.1078416
0.1214193
0.1372749
0.1379375
0.1168960
0.0851496
0.0604061
0.0501018
0.0449513
0.0298267
0.0007441
-0.0313418
-0.0543530
-0.0687132
-0.0836398
-0.1027491
-0.1190906
-0.1251582
-0.1235119
-0.1246346
-0.1351998
-0.1502465
-0.1578734
-0.1517498
-0.1376675
-0.1261946
-0.1203216
-0.1138118
-0.1014927
-0.0864423
-0.0746634
-0.0660394
-0.0539178
-0.0323569
-0.0017027
0.0317738
0.0601751
0.0795893
0.0938182
0.1118007
0.1385185
0.1668569
0.1796997
0.1643669
0.1306628
0.1169873
0.1744167
0.3370782
0.6012566
0.9262498
1.2474451
1.4877182
1.5713549
1.4522464
1.1467207
0.7400279
0.3493918
0.0652064
-0.0871117
-0.1404319
-0.1477742
-0.1472335
-0.1525698
-0.1635565
-0.1764274
-0.1864194
-0.1894259
-0.1865752
-0.1846301
-0.1885891
-0.1957538
-0.1999301
-0.1997725
-0.1994701
-0.2013853
-0.2011540
-0.1917287
-0.1714513
-0.1467693
-0.1261954
-0.1118355
-0.0982086
-0.0799423
-0.0586051
-0.0398449
-0.0252038
-0.0099018
0.0112222
0.0381667
0.0665941
0.0919250
0.1117491
0.1258459
0.1349955
0.1394189
0.1384965
0.1327080
0.1252286
0.1200708
0.1182377
0.1162179
0.1083753
0.0911971
0.0665320
0.0411369
0.0216641
0.0092668
0.0001600
-0.0084386
-0.0152974
-0.0192225
-0.0234390
-0.0329295
-0.0481170
-0.0638575
-0.0753420
-0.0834741
-0.0932065
-0.1067264
-0.1194599
-0.1243315
-0.1201791
-0.1138829
-0.1124065
-0.1144036
-0.1126643
-0.1042326
-0.0943479
-0.0889516
-0.0859551
-0.0765825
-0.0551802
-0.0263451
-0.0014757
0.0125169
0.0213021
0.0383995
0.0703284
0.1068866
0.1290406
0.1288841
0.1224276
0.1424673
0.2183532
0.3614793
0.5674136
0.8251796
1.1138937
1.3838012
1.5485740
1.5186026
1.2642165
0.8540303
0.4239048
0.0949270
-0.0916748
-0.1725171
-0.2073736
-0.2294630
-0.2404544
-0.2374749
-0.2310519
-0.2348251
-0.2474159
-0.2543018
-0.2475754
-0.2369451
-0.2379483
-0.2531031
-0.2689949
-0.2713093
-0.2595907
-0.2461458
-0.2418501
-0.2446960
-0.2428097
-0.2277635
-0.2032140
-0.1800620
-0.1649487
-0.1551073
-0.1434085
-0.1261742
-0.1056447
-0.0861671
-0.0689634
-0.0508616
-0.0282824
-0.0019189
0.0238024
0.0458741
0.0652897
0.0833110
0.0969608
0.1007800
0.0933656
0.0807631
0.0723705
0.0730435
0.0788271
0.0805975
0.0725703
0.0572310
0.0414384
0.0284496
0.0154039
-0.0014744
-0.0214176
-0.0401996
-0.0556910
-0.0708419
-0.0906427
-0.1161435
-0.1418319
-0.1600225
-0.1686328
-0.1737110
-0.1828990
-0.1968005
-0.2082578
-0.2101247
-0.2023937
-0.1913039
-0.1824969
-0.1758514
-0.1669407
-0.1530868
-0.1370759
-0.1238427
-0.1138814
-0.1020582
-0.0840814
-0.0624578
-0.0438624
-0.0309965
-0.0191866
-0.0019784
0.0209611
0.0430394
0.0583441
0.0689046
0.0820458
0.0995619
0.1122195
0.1093780
0.0956755
0.0965946
0.1464494
0.2708742
0.4771853
0.7511228
1.0513173
1.3048786
1.4211875
1.3324696
1.0408328
0.6321991
0.2355789
-0.0479706
-0.1929452
-0.2401743
-0.2483952
-0.2529930
-0.2595309
-0.2616235
-0.2570323
-0.2496918
-0.2439670
-0.2410507
-0.2395967
-0.2371258
-0.2307180
-0.2188931
-0.2045106
-0.1940331
-0.1907859
-0.1888330
-0.1766700
-0.1489554
-0.1131184
-0.0825228
-0.0638267
-0.0525211
-0.0400720
-0.0231851
-0.0053614
0.0090973
0.0206196
0.0332075
0.0486220
0.0632891
0.0716186
0.0713901
0.0649646
0.0562330
0.0479886
0.0417396
0.0379209
0.0356356
0.0336702
0.0326791
0.0352268
0.0421782
0.0490509
0.0473411
0.0312286
0.0040459
-0.0224435
-0.0369591
-0.0380425
-0.0343780
-0.0360226
-0.0464936
-0.0633756
-0.0837908
-0.1064288
-0.1290777
-0.1477020
-0.1598960
-0.1678893
-0.1758391
-0.1837554
-0.1860283
-0.1781917
-0.1650084
-0.1589156
-0.1677229
-0.1844310
-0.1919493
-0.1789722
-0.1500554
-0.1197707
-0.0987185
-0.0862300
-0.0748149
-0.0589934
-0.0393527
-0.0200039
-0.0043194
0.0062793
0.0109016
0.0090026
0.0026196
-0.0026256
-0.0009360
0.0083757
0.0192484
0.0228226
0.0137947
-0.0055121
-0.0264753
-0.0408561
-0.0482079
-0.0568943
-0.0763383
-0.1072697
-0.1398154
-0.1617813
-0.1693809
-0.1703813
-0.1767892
-0.1938987
-0.2161259
-0.2335784
-0.2422097
-0.2466106
-0.2530662
-0.2615977
-0.2661244
-0.2619502
-0.2518302
-0.2440434
-0.2444861
-0.2509080
-0.2554411
-0.2529830
-0.2462559
-0.2417812
-0.2416912
-0.2412517
-0.2346512
-0.2215494
-0.2066993
-0.1937676
-0.1808484
-0.1625577
-0.1361955
-0.1053065
-0.0769242
-0.0556062
-0.0405238
-0.0277609
-0.0141553
0.0010742
0.0164796
0.0287133
0.0339088
0.0308753
0.0232162
0.0169838
0.0155310
0.0169842
0.0168057
0.0123083
0.0046452
-0.0027271
-0.0066969
-0.0060802
-0.0025212
-0.0015446
-0.0114016
-0.0358528
-0.0631669
-0.0622651
0.0051401
0.1624255
0.4030381
0.6923959
0.9796867
1.2073607
1.3176033
1.2656804
1.0432213
0.6963296
0.3165309
0.0003517
-0.1977938
-0.2845348
-0.3058550
-0.3068435
-0.3069215
-0.3041971
-0.2943661
-0.2818109
-0.2752534
-0.2774958
-0.2819197
-0.2786016
-0.2626526
-0.2367080
-0.2070793
-0.1791483
-0.1558678
-0.1381770
-0.1251814
-0.1145131
-0.1036585
-0.0909521
-0.0751350
-0.0550767
-0.0314155
-0.0083733
0.0078023
0.0139363
0.0138341
0.0159685
0.0257030
0.0394421
0.0477605
0.0454326
0.0376265
0.0347856
0.0417089
0.0533305
0.0615703
0.0646425
0.0682868
0.0785493
0.0948649
0.1106364
0.1197928
0.1220037
0.1217019
0.1231571
0.1273334
0.1327278
0.1372769
0.1385194
0.1331683
0.1183770
0.0940095
0.0633091
0.0311722
0.0016309
-0.0235851
-0.0445936
-0.0616575
-0.0743913
-0.0834078
-0.0921443
-0.1044885
-0.1185946
-0.1243698
-0.1106929
-0.0771422
-0.0370672
-0.0063494
0.0110453
0.0237724
0.0384411
0.0484182
0.0432380
0.0288013
0.0291759
0.0597680
0.1015044
0.1140183
0.0831000
0.0515967
0.0939441
0.2559810
0.5215229
0.8354997
1.1474604
1.4203815
1.6023646
1.6161028
1.4055373
1.0032824
0.5399170
0.1674054
-0.0393728
-0.1129243
-0.1355870
-0.1605865
-0.1866890
-0.1932106
-0.1809069
-0.1729889
-0.1857569
-0.2105425
-0.2269026
-0.2267336
-0.2200520
-0.2198897
-0.2278229
-0.2356386
-0.2365817
-0.2311312
-0.2231206
-0.2138070
-0.2008122
-0.1813168
-0.1552976
-0.1265020
-0.1012643
-0.0857996
-0.0828379
-0.0895664
-0.0991971
-0.1059167
-0.1090320
-0.1119010
-0.1167157
-0.1213858
-0.1223665
-0.1196871
-0.1176482
-0.1203240
-0.1273906
-0.1348967
-0.1394950
-0.1411291
-0.1415738
-0.1411113
-0.1376794
-0.1298462
-0.1200244
-0.1133858
-0.1128772
-0.1158571
-0.1164831
-0.1115577
-0.1037979
-0.0993477
-0.1020845
-0.1101673
-0.1181249
-0.1225095
-0.1253953
-0.1319831
-0.1449069
-0.1614824
-0.1765610
-0.1872417
-0.1941522
-0.1985825
-0.1995516
-0.1946386
-0.1836952
-0.1705985
-0.1598879
-0.1515144
-0.1404603
-0.1228464
-0.1016127
-0.0844436
-0.0760781
-0.0743454
-0.0742384
-0.0736689
-0.0728538
-0.0691883
-0.0573448
-0.0379727
-0.0241699
-0.0322601
-0.0601951
-0.0753057
-0.0283659
0.1155789
0.3566851
0.6634703
0.9859096
1.2602732
1.4109949
1.3712219
1.1243470
0.7333394
0.3202129
-0.0003544
-0.1824065
-0.2553102
-0.2772138
-0.2847086
-0.2821043
-0.2655634
-0.2438895
-0.2327179
-0.2363113
-0.2436971
-0.2433679
-0.2364485
-0.2322010
-0.2335162
-0.2321790
-0.2201198
-0.2019237
-0.1918971
-0.1980939
-0.2120289
-0.2163553
-0.2018964
-0.1753820
-0.1507947
-0.1352229
-0.1241565
-0.1091291
-0.0876472
-0.0648146
-0.0464957
-0.0329381
-0.0200180
-0.0056845
0.0066754
0.0118823
0.0090723
0.0033835
0.0018152
0.0077756
0.0191663
0.0308189
0.0383868
0.0403175
0.0370330
0.0293138
0.0181316
0.0057122
-0.0042450
-0.0081765
-0.0048115
0.0039407
0.0139264
0.0207426
0.0214630
0.0150337
0.0014982
-0.0185860
-0.0437176
-0.0709254
-0.0963919
-0.1168577
-0.1304799
-0.1368427
-0.1368097
-0.1323964
-0.1262832
-0.1211610
-0.1194700
-0.1231629
-0.1325260
-0.1444436
-0.1523574
-0.1495476
-0.1338072
-0.1087250
-0.0791796
-0.0455906
-0.0049657
0.0402358
0.0762072
0.0866724
0.0729760
0.0660125
0.1147373
0.2580587
0.5024882
0.8196846
1.1572299
1.4483036
1.6190873
1.6064051
1.3896576
1.0166170
0.5935188
0.2347876
0.0054312
-0.1009333
-0.1360668
-0.1510372
-0.1684936
-0.1869561
-0.2005310
-0.2105027
-0.2216419
-0.2338225
-0.2411702
-0.2392658
-0.2312841
-0.2260421
-0.2301472
-0.2421069
-0.2537944
-0.2578318
-0.2542544
-0.2500649
-0.2514764
-0.2563868
-0.2557465
-0.2435578
-0.2247468
-0.2109839
-0.2078069
-0.2075460
-0.1975027
-0.1755194
-0.1548859
-0.1508129
-0.1619404
-0.1683191
-0.1505353
-0.1104444
-0.0706542
-0.0528138
-0.0580415
-0.0696140
-0.0727264
-0.0684094
-0.0677752
-0.0760970
-0.0863361
-0.0885216
-0.0821563
-0.0764045
-0.0787225
-0.0864641
-0.0912664
-0.0898620
-0.0878672
-0.0927035
-0.1048924
-0.1178307
-0.1254304
-0.1283517
-0.1322002
-0.1406204
-0.1515063
-0.1602172
-0.1653249
-0.1698129
-0.1765369
-0.1837884
-0.1865622
-0.1822304
-0.1740961
-0.1685725
-0.1687512
-0.1713044
-0.1704333
-0.1648754
-0.1600074
-0.1620360
-0.1704650
-0.1776469
-0.1762924
-0.1663758
-0.1536153
-0.1420089
-0.1300537
-0.1152074
-0.1000327
-0.0906524
-0.0882440
-0.0849883
-0.0720670
-0.0516319
-0.0371477
-0.0393964
-0.0542128
-0.0675716
-0.0721807
-0.0744222
-0.0826960
-0.0933764
-0.0949562
-0.0864656
-0.0839734
-0.1005164
-0.1191983
-0.0930426
0.0225349
0.2362801
0.5186446
0.8243928
1.1071423
1.3119061
1.3710113
1.2326238
0.9087021
0.4923911
0.1141696
-0.1342229
-0.2446255
-0.2721111
-0.2765604
-0.2817337
-0.2794750
-0.2594759
-0.2282869
-0.2032562
-0.1954246
-0.2011336
-0.2078424
-0.2058439
-0.1954094
-0.1847633
-0.1813905
-0.1840784
-0.1830152
-0.1685910
-0.1408376
-0.1098801
-0.0866189
-0.0733937
-0.0644742
-0.0549879
-0.0471228
-0.0460680
-0.0511311
-0.0538141
-0.0461627
-0.0298093
-0.0148671
-0.0097032
-0.0130695
-0.0169258
-0.0159374
-0.0126191
-0.0128826
-0.0180101
-0.0228180
-0.0220108
-0.0167938
-0.0135378
-0.0159823
-0.0203702
-0.0194975
-0.0111421
-0.0012478
0.0017086
-0.0051116
-0.0169401
-0.0271246
-0.0336560
-0.0395283
-0.0477222
-0.0576078
-0.0667875
-0.0750014
-0.0844224
-0.0959874
-0.1068266
-0.1123548
-0.1106515
-0.1041516
-0.0970739
-0.0916450
-0.0867307
-0.0793969
-0.0674366
-0.0511299
-0.0335580
-0.0188847
-0.0087362
0.0004104
0.0146279
0.0354160
0.0560912
0.0684792
0.0741059
0.0848671
0.1081569
0.1329511
0.1385161
0.1232085
0.1223060
0.1888160
0.3510815
0.5907159
0.8639121
1.1378140
1.3943056
1.5958517
1.6639297
1.5170711
1.1470762
0.6561032
0.2051046
-0.0884351
-0.2136684
-0.2411427
-0.2462155
-0.2575086
-0.2655046
-0.2604876
-0.2508965
-0.2501677
-0.2587106
-0.2651674
-0.2614948
-0.2510740
-0.2422352
-0.2382717
-0.2358011
-0.2303781
-0.2207065
-0.2075706
-0.1909916
-0.1697314
-0.1430993
-0.1127045
-0.0827715
-0.0587807
-0.0445016
-0.0387722
-0.0352158
-0.0268022
-0.0120265
0.0037172
0.0137901
0.0172219
0.0191288
0.0241531
0.0305357
0.0315567
0.0224621
0.0050489
-0.0146560
-0.0322971
-0.0480425
-0.0640543
-0.0804226
-0.0944485
-0.1036368
-0.1084930
-0.1119593
-0.1164657
-0.1219612
-0.1266972
-0.1295086
-0.1312280
-0.1340803
-0.1397129
-0.1474636
-0.1542832
-0.1566538
-0.1533768
-0.1471094
-0.1429583
-0.1445823
-0.1508355
-0.1563945
-0.1565430
-0.1517627
-0.1470953
-0.1463290
-0.1470201
-0.1421328
-0.1270609
-0.1045538
-0.0820679
-0.0645097
-0.0505556
-0.0363460
-0.0213502
-0.0086799
0.0004428
0.0102708
0.0264218
0.0484396
0.0685086
0.0787165
0.0786285
0.0744447
0.0713766
0.0687981
0.0632105
0.0535309
0.0408995
0.0241071
-0.0005131
-0.0306110
-0.0485092
-0.0224694
0.0795822
0.2729469
0.5448307
0.8507588
1.1186257
1.2649366
1.2264204
0.9956030
0.6348885
0.2512627
-0.0568130
-0.2440806
-0.3247411
-0.3428679
-0.3367345
-0.3238471
-0.3081759
-0.2920510
-0.2789797
-0.2695849
-0.2603490
-0.2480407
-0.2336930
-0.2207069
-0.2097291
-0.1971727
-0.1795051
-0.1581058
-0.1386266
-0.1251735
-0.1156239
-0.1032648
-0.0832358
-0.0573472
-0.0326044
-0.0149841
-0.0044073
0.0045094
0.0168509
0.0323462
0.0456175
0.0513807
0.0494483
0.0445679
0.0412735
0.0390599
0.0330415
0.0196285
0.0012304
-0.0153791
-0.0257235
-0.0321860
-0.0411223
-0.0552242
-0.0694390
-0.0753262
-0.0696621
-0.0583285
-0.0513565
-0.0541410
-0.0634727
-0.0717030
-0.0742648
-0.0732590
-0.0745141
-0.0817487
-0.0932617
-0.1034800
-0.1075260
-0.1050621
-0.1005557
-0.0996919
-0.1045083
-0.1111847
-0.1127593
-0.1049211
-0.0898451
-0.0742523
-0.0631357
-0.0550907
-0.0440689
-0.0260646
