-0.1226216
-0.1020526
-0.1130042
-0.1091759
-0.0814106
-0.0568498
-0.0484753
-0.0465070
-0.0472257
-0.0490362
-0.0232324
0.0748989
0.2611422
0.5116639
0.7933751
1.0763320
1.3129740
1.4328611
1.3767615
1.1370298
0.7706330
0.3798569
0.0662789
-0.1213780
-0.2030090
-0.2290612
-0.2325309
-0.2216310
-0.2021008
-0.1854644
-0.1774870
-0.1738435
-0.1693025
-0.1635513
-0.1591333
-0.1594070
-0.1655133
-0.1707353
-0.1630174
-0.1386034
-0.1083400
-0.0854827
-0.0721058
-0.0616865
-0.0494721
-0.0357742
-0.0240452
-0.0195920
-0.0255639
-0.0374602
-0.0466536
-0.0515149
-0.0595140
-0.0762039
-0.0977811
-0.1168050
-0.1300743
-0.1387871
-0.1455358
-0.1527096
-0.1598863
-0.1622943
-0.1559348
-0.1440642
-0.1342918
-0.1296711
-0.1268177
-0.1218157
-0.1135033
-0.1021361
-0.0897201
-0.0809515
-0.0791058
-0.0809419
-0.0790023
-0.0686503
-0.0509869
-0.0310807
-0.0158372
-0.0106509
-0.0145379
-0.0205254
-0.0236130
-0.0260224
-0.0320240
-0.0402639
-0.0440757
-0.0373807
-0.0185964
0.0081551
0.0334330
0.0473285
0.0473590
0.0403641
0.0348539
0.0326423
0.0286995
0.0179036
0.0021029
-0.0083938
-0.0030600
0.0151623
0.0273242
0.0179309
0.0001707
0.0173246
0.1147863
0.3091521
0.5800287
0.8825756
1.1618099
1.3587124
1.4161279
1.2974389
1.0152748
0.6446167
0.2947526
0.0504550
-0.0708358
-0.1100802
-0.1207596
-0.1316445
-0.1438392
-0.1497500
-0.1485643
-0.1467203
-0.1492706
-0.1542810
-0.1562409
-0.1529100
-0.1465019
-0.1395814
-0.1336897
-0.1318198
-0.1372642
-0.1477605
-0.1544899
-0.1502682
-0.1373847
-0.1253249
-0.1216586
-0.1261136
-0.1323164
-0.1344487
-0.1329798
-0.1339133
-0.1415478
-0.1528524
-0.1606370
-0.1613194
-0.1574629
-0.1535929
-0.1520583
-0.1524399
-0.1523867
-0.1490955
-0.1420782
-0.1342407
-0.1282958
-0.1225344
-0.1122384
-0.0952467
-0.0744531
-0.0546463
-0.0378324
-0.0216103
-0.0019285
0.0218660
0.0449743
0.0618073
0.0725676
0.0827116
0.0956090
0.1089989
0.1198584
0.1289164
0.1373145
0.1417189
0.1375400
0.1270977
0.1204063
0.1245459
0.1327656
0.1279276
0.1012177
0.0689176
0.0682766
0.1346647
0.2829596
0.5076556
0.7881195
1.0799589
1.3033717
1.3615843
1.1969877
0.8435040
0.4220044
0.0716517
-0.1311310
-0.2021757
-0.2106427
-0.2148230
-0.2301879
-0.2452089
-0.2520861
-0.2565830
-0.2662457
-0.2799073
-0.2905393
-0.2932539
-0.2880235
-0.2773448
-0.2642001
-0.2519790
-0.2440368
-0.2411836
-0.2391860
-0.2306496
-0.2116693
-0.1863758
-0.1629384
-0.1450978
-0.1296893
-0.1126222
-0.0948291
-0.0812999
-0.0760524
-0.0791522
-0.0873678
-0.0967468
-0.1053502
-0.1140605
-0.1242414
-0.1348086
-0.1426612
-0.1460588
-0.1467450
-0.1487339
-0.1552619
-0.1658966
-0.1756679
-0.1782436
-0.1717882
-0.1613881
-0.1543031
-0.1528858
-0.1529318
-0.1484629
-0.1374100
-0.1234965
-0.1136103
-0.1126042
-0.1195008
-0.1289762
-0.1368721
-0.1434533
-0.1510108
-0.1596219
-0.1660348
-0.1656420
-0.1550285
-0.1342792
-0.1084083
-0.0857949
-0.0732804
-0.0714832
-0.0743542
-0.0737228
-0.0661124
-0.0566036
-0.0548236
-0.0648368
-0.0792780
-0.0859187
-0.0806872
-0.0723587
-0.0733382
-0.0868631
-0.1041285
-0.1134485
-0.1116947
-0.1068839
-0.1096365
-0.1222509
-0.1367752
-0.1437516
-0.1415902
-0.1369570
-0.1377060
-0.1467506
-0.1613688
-0.1762617
-0.1873954
-0.1944670
-0.2001965
-0.2068776
-0.2137719
-0.2180799
-0.2180145
-0.2147760
-0.2119847
-0.2127135
-0.2155369
-0.2132922
-0.1977012
-0.1669136
-0.1283366
-0.0934054
-0.0693907
-0.0554891
-0.0454177
-0.0335804
-0.0200209
-0.0101917
-0.0095101
-0.0179205
-0.0299723
-0.0397210
-0.0449054
-0.0470807
-0.0490610
-0.0522402
-0.0554842
-0.0566838
-0.0559717
-0.0568334
-0.0630228
-0.0747390
-0.0888486
-0.1025835
-0.1159421
-0.1304278
-0.1462428
-0.1610435
-0.1714646
-0.1762239
-0.1777695
-0.1802542
-0.1858087
-0.1934507
-0.2012579
-0.2079535
-0.2119922
-0.2110017
-0.2036451
-0.1912450
-0.1763564
-0.1601854
-0.1425121
-0.1241611
-0.1086401
-0.1003767
-0.1005575
-0.1047922
-0.1063482
-0.1029299
-0.0992901
-0.1012639
-0.1075243
-0.1095329
-0.1007179
-0.0844205
-0.0713175
-0.0689376
-0.0743536
-0.0775986
-0.0721900
-0.0615078
-0.0539960
-0.0528777
-0.0526618
-0.0459522
-0.0309622
-0.0107876
0.0115690
0.0330141
0.0459256
0.0402609
0.0161419
-0.0050229
0.0139335
0.1047436
0.2755476
0.5113690
0.7861061
1.0647378
1.2911930
1.3871435
1.2866342
0.9901860
0.5861260
0.2066539
-0.0517874
-0.1769365
-0.2206580
-0.2382062
-0.2471567
-0.2367156
-0.2031063
-0.1658136
-0.1498145
-0.1601621
-0.1798078
-0.1901061
-0.1883241
-0.1850453
-0.1894166
-0.2001512
-0.2091215
-0.2103889
-0.2049096
-0.1979740
-0.1936001
-0.1916268
-0.1892707
-0.1844462
-0.1777126
-0.1720286
-0.1707237
-0.1744369
-0.1793110
-0.1791551
-0.1705974
-0.1562762
-0.1428982
-0.1364651
-0.1389541
-0.1481001
-0.1594649
-0.1693642
-0.1766606
-0.1818114
-0.1844783
-0.1830959
-0.1771999
-0.1692398
-0.1630102
-0.1600612
-0.1578389
-0.1516334
-0.1389287
-0.1221687
-0.1066058
-0.0946832
-0.0830164
-0.0659151
-0.0417787
-0.0151871
0.0073125
0.0228426
0.0337735
0.0443632
0.0558165
0.0642980
0.0641947
0.0539823
0.0386797
0.0258894
0.0193327
0.0163604
0.0113900
0.0014763
-0.0110404
-0.0209082
-0.0251719
-0.0262339
-0.0294297
-0.0374726
-0.0476819
-0.0546192
-0.0548884
-0.0496599
-0.0437133
-0.0421830
-0.0467402
-0.0538959
-0.0579373
-0.0569279
-0.0556314
-0.0608642
-0.0726102
-0.0802765
-0.0703978
-0.0407809
-0.0064337
0.0132209
0.0178233
0.0372858
0.1160955
0.2824542
0.5294384
0.8216317
1.1141391
1.3625585
1.5202583
1.5398996
1.3934604
1.1003366
0.7345847
0.3945878
0.1528123
0.0240646
-0.0255211
-0.0425697
-0.0559973
-0.0710321
-0.0816717
-0.0843123
-0.0821282
-0.0814493
-0.0865625
-0.0973058
-0.1098511
-0.1193633
-0.1232451
-0.1230390
-0.1226983
-0.1239987
-0.1241511
-0.1192722
-0.1099631
-0.1016865
-0.0990058
-0.1009148
-0.1031750
-0.1045374
-0.1088407
-0.1200160
-0.1356184
-0.1468622
-0.1464124
-0.1361162
-0.1257505
-0.1233622
-0.1275923
-0.1303000
-0.1259503
-0.1170787
-0.1106696
-0.1105085
-0.1137362
-0.1143196
-0.1091861
-0.1008412
-0.0943491
-0.0923630
-0.0934529
-0.0947049
-0.0948830
-0.0948878
-0.0959993
-0.0981002
-0.0991612
-0.0965388
-0.0898899
-0.0832637
-0.0830097
-0.0920090
-0.1058726
-0.1159832
-0.1172493
-0.1129680
-0.1115414
-0.1178698
-0.1280735
-0.1333376
-0.1290258
-0.1190834
-0.1110365
-0.1078535
-0.1059124
-0.1000598
-0.0888216
-0.0747159
-0.0612949
-0.0503747
-0.0402394
-0.0251294
0.0016083
0.0400743
0.0782317
0.0974754
0.0899485
0.0735081
0.0872363
0.1677939
0.3279712
0.5564941
0.8315734
1.1233538
1.3789047
1.5168463
1.4599381
1.1921424
0.7881889
0.3786135
0.0724907
-0.0983528
-0.1712755
-0.2000819
-0.2130107
-0.2132723
-0.2036062
-0.1974819
-0.2066580
-0.2272578
-0.2447147
-0.2506549
-0.2502154
-0.2524070
-0.2573990
-0.2565577
-0.2440913
-0.2253638
-0.2119023
-0.2093466
-0.2123408
-0.2113236
-0.2024309
-0.1897277
-0.1791964
-0.1724524
-0.1661845
-0.1561041
-0.1407295
-0.1221513
-0.1041541
-0.0898559
-0.0807238
-0.0769747
-0.0780036
-0.0822730
-0.0875981
-0.0924063
-0.0969343
-0.1030501
-0.1126756
-0.1258934
-0.1402136
-0.1521498
-0.1603046
-0.1666451
-0.1736051
-0.1797718
-0.1798349
-0.1699584
-0.1526379
-0.1349140
-0.1215178
-0.1108550
-0.0987724
-0.0857506
-0.0783148
-0.0817105
-0.0921219
-0.0989052
-0.0957244
-0.0875120
-0.0842340
-0.0888933
-0.0948245
-0.0953983
-0.0930645
-0.0955719
-0.1041742
-0.1095747
-0.1018113
-0.0820283
-0.0608308
-0.0450440
-0.0305248
-0.0110502
0.0094178
0.0203672
0.0219249
0.0312420
0.0640995
0.1112457
0.1418498
0.1375853
0.1226111
0.1546032
0.2827056
0.5126468
0.8074405
1.1107005
1.3610620
1.4918764
1.4419036
1.1922336
0.8011322
0.3908724
0.0810068
-0.0802877
-0.1282632
-0.1325049
-0.1381587
-0.1485763
-0.1507277
-0.1439640
-0.1412272
-0.1506142
-0.1656328
-0.1753242
-0.1783975
-0.1830554
-0.1948785
-0.2094342
-0.2178668
-0.2170280
-0.2120613
-0.2100285
-0.2129358
-0.2171838
-0.2183539
-0.2153460
-0.2102132
-0.2052757
-0.2011198
-0.1968654
-0.1915653
-0.1853857
-0.1798805
-0.1767979
-0.1758210
-0.1735510
-0.1656824
-0.1506889
-0.1310946
-0.1112389
-0.0945508
-0.0829879
-0.0776206
-0.0782295
-0.0824981
-0.0871018
-0.0905744
-0.0945066
-0.1005883
-0.1062478
-0.1048323
-0.0919426
-0.0713376
-0.0524806
-0.0412186
-0.0344414
-0.0257052
-0.0151300
-0.0108708
-0.0196474
-0.0376780
-0.0533591
-0.0590438
-0.0583367
-0.0605660
-0.0692583
-0.0784193
-0.0807109
-0.0769479
-0.0749581
-0.0795231
-0.0863002
-0.0871185
-0.0795869
-0.0692955
-0.0629739
-0.0618416
-0.0627598
-0.0641828
-0.0682483
-0.0762244
-0.0839554
-0.0846372
-0.0767805
-0.0675138
-0.0660920
-0.0745262
-0.0862612
-0.0942571
-0.0986126
-0.1049107
-0.1159486
-0.1271895
-0.1314401
-0.1272102
-0.1208454
-0.1197828
-0.1247307
-0.1298427
-0.1302731
-0.1276685
-0.1271802
-0.1303922
-0.1332100
-0.1309028
-0.1236820
-0.1163571
-0.1132683
-0.1146434
-0.1174385
-0.1178913
-0.1124424
-0.0983142
-0.0767934
-0.0566528
-0.0498745
-0.0577045
-0.0585646
-0.0129769
0.1141760
0.3317054
0.6173894
0.9284940
1.2122536
1.4095361
1.4624922
1.3376216
1.0543043
0.6906740
0.3503965
0.1090236
-0.0193578
-0.0712116
-0.0937211
-0.1127589
-0.1300343
-0.1400190
-0.1437906
-0.1485864
-0.1596752
-0.1760511
-0.1932901
-0.2083903
-0.2212161
-0.2325417
-0.2420549
-0.2483132
-0.2500555
-0.2476743
-0.2439695
-0.2430824
-0.2473518
-0.2546266
-0.2596224
-0.2589938
-0.2548158
-0.2521572
-0.2531923
-0.2546421
-0.2516040
-0.2433657
-0.2344284
-0.2295054
-0.2282543
-0.2256554
-0.2169866
-0.2009627
-0.1778176
-0.1465480
-0.1066510
-0.0625800
-0.0238679
0.0014677
0.0136914
0.0204402
0.0287980
0.0390129
0.0464329
0.0486928
0.0494735
0.0547518
0.0665224
0.0813876
0.0947280
0.1045639
0.1110631
0.1141771
0.1134359
0.1092819
0.1027102
0.0935900
0.0814246
0.0688614
0.0623612
0.0660827
0.0747025
0.0763172
0.0676083
0.0676124
0.1132351
0.2366023
0.4437980
0.7126176
1.0049005
1.2746504
1.4657619
1.5159108
1.3828846
1.0810037
0.6918648
0.3283369
0.0736980
-0.0560953
-0.0995423
-0.1052652
-0.0993326
-0.0864989
-0.0695247
-0.0581172
-0.0601681
-0.0719555
-0.0823771
-0.0858951
-0.0877905
-0.0959470
-0.1101775
-0.1221200
-0.1250447
-0.1212101
-0.1183273
-0.1202413
-0.1232714
-0.1219590
-0.1166895
-0.1142454
-0.1210859
-0.1368822
-0.1546532
-0.1667485
-0.1708102
-0.1707095
-0.1723605
-0.1785980
-0.1874927
-0.1948800
-0.1981830
-0.1980999
-0.1971575
-0.1968072
-0.1956802
-0.1905466
-0.1792469
-0.1630523
-0.1462320
-0.1329292
-0.1236835
-0.1143767
-0.0989093
-0.0742090
-0.0435646
-0.0145181
0.0078519
0.0260516
0.0479049
0.0784260
0.1140501
0.1454601
0.1660642
0.1769037
0.1828057
0.1848195
0.1786069
0.1613596
0.1387334
0.1219725
0.1167502
0.1161503
0.1068192
0.0826677
0.0515661
0.0278030
0.0183914
0.0175328
0.0142854
0.0043521
-0.0067232
-0.0114763
-0.0099379
-0.0101686
-0.0200427
-0.0396176
-0.0616686
-0.0787958
-0.0895539
-0.0983238
-0.1100901
-0.1253945
-0.1398391
-0.1483013
-0.1499876
-0.1496901
-0.1538300
-0.1646480
-0.1780618
-0.1877062
-0.1914582
-0.1934341
-0.1986470
-0.2059497
-0.2078832
-0.1986639
-0.1814773
-0.1659427
-0.1575789
-0.1508336
-0.1340363
-0.1017562
-0.0618829
-0.0301404
-0.0175296
-0.0226664
-0.0350733
-0.0445809
-0.0476923
-0.0469103
-0.0462347
-0.0478340
-0.0517099
-0.0570310
-0.0632406
-0.0699830
-0.0761670
-0.0796044
-0.0784532
-0.0735383
-0.0687614
-0.0682880
-0.0730830
-0.0807649
-0.0890254
-0.0981032
-0.1085785
-0.1173120
-0.1184081
-0.1105621
-0.1020896
-0.1039388
-0.1137380
-0.1068996
-0.0468631
0.0922473
0.3097279
0.5797250
0.8618233
1.1071200
1.2597854
1.2674728
1.1066384
0.8067683
0.4479329
0.1248548
-0.0989667
-0.2135877
-0.2491433
-0.2442447
-0.2233288
-0.1944145
-0.1587825
-0.1189961
-0.0802124
-0.0480819
-0.0269407
-0.0185748
-0.0210988
-0.0293324
-0.0378662
-0.0447554
-0.0519426
-0.0615826
-0.0722621
-0.0795664
-0.0805757
-0.0773514
-0.0754681
-0.0788589
-0.0860855
-0.0919084
-0.0929758
-0.0921463
-0.0966064
-0.1107020
-0.1302106
-0.1444527
-0.1454297
-0.1357823
-0.1275665
-0.1322267
-0.1508026
-0.1735458
-0.1891676
-0.1947119
-0.1968913
-0.2045518
-0.2202645
-0.2386731
-0.2518223
-0.2555905
-0.2517275
-0.2447155
-0.2367815
-0.2253468
-0.2052209
-0.1741029
-0.1365285
-0.1015095
-0.0744224
-0.0505523
-0.0184242
0.0278908
0.0793346
0.1169783
0.1288599
0.1214025
0.1121318
0.1108154
0.1101687
0.0969477
0.0702779
0.0451462
0.0367930
0.0449789
0.0568447
0.0634235
0.0680150
0.0765283
0.0848656
0.0826245
0.0691735
0.0587737
0.0640449
0.0771525
0.0753374
0.0494293
0.0248480
0.0513603
0.1718718
0.3990303
0.7113480
1.0560952
1.3500740
1.4932090
1.4115389
1.1109001
0.6916602
0.2965118
0.0255645
-0.1112403
-0.1687070
-0.2019329
-0.2270413
-0.2339137
-0.2203290
-0.2031998
-0.1994735
-0.2065921
-0.2078079
-0.1936588
-0.1721890
-0.1571075
-0.1505434
-0.1415499
-0.1207496
-0.0927922
-0.0725849
-0.0705022
-0.0828553
-0.0964792
-0.1011968
-0.0975216
-0.0936379
-0.0964795
-0.1059266
-0.1165112
-0.1235617
-0.1274533
-0.1324260
-0.1418020
-0.1544562
-0.1658024
-0.1721363
-0.1740609
-0.1757736
-0.1810747
-0.1900098
-0.1991712
-0.2050037
-0.2067320
-0.2062202
-0.2052595
-0.2032827
-0.1979469
-0.1879308
-0.1748047
-0.1616892
-0.1499442
-0.1375651
-0.1214359
-0.1014342
-0.0819926
-0.0688921
-0.0639144
-0.0626164
-0.0579178
-0.0466000
-0.0326802
-0.0242705
-0.0265811
-0.0373474
-0.0486999
-0.0536006
-0.0509917
-0.0453206
-0.0414759
-0.0403058
-0.0389772
-0.0354367
-0.0320154
-0.0339711
-0.0439958
-0.0583979
-0.0697537
-0.0743379
-0.0767268
-0.0856074
-0.1039313
-0.1239592
-0.1339451
-0.1303322
-0.1216049
-0.1182295
-0.1198845
-0.1162779
-0.1023856
-0.0893932
-0.0939376
-0.1127227
-0.1100210
-0.0358742
0.1386930
0.4008176
0.7040512
0.9901919
1.2018867
1.2852659
1.2011696
0.9515254
0.5980698
0.2443304
-0.0166542
-0.1498838
