-0.1292767
-0.1311899
-0.1312222
-0.1261462
-0.1180942
-0.1125639
-0.1131649
-0.1175046
-0.1180005
-0.1077096
-0.0867587
-0.0634727
-0.0482318
-0.0448748
-0.0475831
-0.0465665
-0.0372754
-0.0240314
-0.0144279
-0.0103689
-0.0052334
0.0096334
0.0356599
0.0646013
0.0856448
0.0951721
0.0996833
0.1092472
0.1280586
0.1511265
0.1697676
0.1800828
0.1862092
0.1956875
0.2118973
0.2308371
0.2448136
0.2489525
0.2443606
0.2357025
0.2263588
0.2158176
0.2008980
0.1788008
0.1493318
0.1153312
0.0815896
0.0525646
0.0296154
0.0097636
-0.0120355
-0.0380997
-0.0650773
-0.0864555
-0.0987167
-0.1049409
-0.1117961
-0.1228407
-0.1351329
-0.1425922
-0.1423668
-0.1376213
-0.1343533
-0.1359696
-0.1409673
-0.1453379
-0.1467695
-0.1466234
-0.1481986
-0.1531433
-0.1593112
-0.1620873
-0.1582765
-0.1492530
-0.1403596
-0.1367256
-0.1391219
-0.1437031
-0.1458637
-0.1444404
-0.1422960
-0.1430725
-0.1475628
-0.1530262
-0.1555411
-0.1528787
-0.1457112
-0.1369720
-0.1303209
-0.1283864
-0.1312297
-0.1360451
-0.1390814
-0.1388640
-0.1376637
-0.1390282
-0.1433110
-0.1461255
-0.1422973
-0.1318751
-0.1217010
-0.1199698
-0.1284717
-0.1401417
-0.1447786
-0.1379708
-0.1250706
-0.1165297
-0.1186865
-0.1280120
-0.1335914
-0.1254412
-0.1015533
-0.0682099
-0.0343284
-0.0055178
0.0173312
0.0354232
0.0498047
0.0622094
0.0768637
0.0992354
0.1313068
0.1677376
0.1973969
0.2097680
0.2010617
0.1753476
0.1407288
0.1044711
0.0706130
0.0403487
0.0132687
-0.0118790
-0.0366464
-0.0620580
-0.0879832
-0.1134655
-0.1376267
-0.1598824
-0.1791792
-0.1937186
-0.2024801
-0.2072830
-0.2123148
-0.2202627
-0.2287136
-0.2315107
-0.2246691
-0.2106958
-0.1963846
-0.1867049
-0.1817598
-0.1790224
-0.1758526
-0.1684187
-0.1513411
-0.1241559
-0.0997461
-0.0998877
-0.1322935
-0.1673660
-0.1426218
0.0000471
0.2739078
0.6393881
1.0307104
1.3840674
1.6403520
1.7358180
1.6160969
1.2798732
0.8105820
0.3498118
0.0193993
-0.1453913
-0.1952450
-0.2060348
-0.2186489
-0.2290606
-0.2213276
-0.1980283
-0.1783942
-0.1761386
-0.1870064
-0.1972930
-0.1989082
-0.1938134
-0.1873571
-0.1818945
-0.1772559
-0.1739826
-0.1733382
-0.1747016
-0.1751553
-0.1725789
-0.1682783
-0.1655414
-0.1656570
-0.1660564
-0.1627624
-0.1545602
-0.1445432
-0.1374070
-0.1351111
-0.1352162
-0.1336326
-0.1289700
-0.1237933
-0.1212851
-0.1209577
-0.1183252
-0.1091342
-0.0937115
-0.0769502
-0.0641931
-0.0572417
-0.0538513
-0.0501858
-0.0434493
-0.0329762
-0.0200168
-0.0067815
0.0052466
0.0171065
0.0323456
0.0540208
0.0807775
0.1062274
0.1234702
0.1312900
0.1359155
0.1457700
0.1635339
0.1832770
0.1961637
0.1996133
0.2004646
0.2081080
0.2240659
0.2389641
0.2406166
0.2252339
0.2002896
0.1763677
0.1568175
0.1358199
0.1060553
0.0672833
0.0272250
-0.0051032
-0.0263228
-0.0399617
-0.0525195
-0.0686262
-0.0884821
-0.1082199
-0.1226545
-0.1291587
-0.1301185
-0.1314317
-0.1375376
-0.1472164
-0.1544335
-0.1538857
-0.1460946
-0.1370889
-0.1330077
-0.1349603
-0.1390344
-0.1410490
-0.1409925
-0.1426176
-0.1486153
-0.1563276
-0.1588068
-0.1510306
-0.1355773
-0.1216344
-0.1173243
-0.1224641
-0.1291798
-0.1299923
-0.1250718
-0.1211971
-0.1238829
-0.1313166
-0.1363425
-0.1338015
-0.1251983
-0.1164154
-0.1119599
-0.1120076
-0.1140938
-0.1160790
-0.1170731
-0.1167903
-0.1154582
-0.1143250
-0.1150284
-0.1176680
-0.1199210
-0.1189428
-0.1144047
-0.1091736
-0.1065147
-0.1067462
-0.1071557
-0.1053256
-0.1018432
-0.0987340
-0.0949195
-0.0841440
-0.0591655
-0.0195979
0.0241124
0.0561249
0.0674698
0.0650752
0.0682880
0.0937723
0.1408852
0.1907602
0.2207169
0.2215187
0.2022187
0.1791255
0.1604080
0.1412592
0.1130894
0.0757959
0.0396537
0.0150617
0.0014699
-0.0126251
-0.0386616
-0.0771903
-0.1174927
-0.1470045
-0.1610084
-0.1643613
-0.1655398
-0.1697175
-0.1765154
-0.1824989
-0.1848758
-0.1835776
-0.1811094
-0.1805473
-0.1826526
-0.1843313
-0.1806152
-0.1690478
-0.1519268
-0.1336249
-0.1164315
-0.1009424
-0.0907506
-0.0928744
-0.1073823
-0.1133470
-0.0682025
0.0714088
0.3209527
0.6552190
1.0198780
1.3519419
1.5901443
1.6769911
1.5708234
1.2735996
0.8513173
0.4171332
0.0776638
-0.1193318
-0.1951821
-0.2054458
-0.1955048
-0.1826941
-0.1681296
-0.1539384
-0.1460935
-0.1465052
-0.1497583
-0.1497409
-0.1469133
-0.1467911
-0.1519931
-0.1578136
-0.1564783
-0.1452445
-0.1297581
-0.1193953
-0.1191698
-0.1256749
-0.1306189
-0.1286821
-0.1224059
-0.1192049
-0.1230029
-0.1289736
-0.1276482
-0.1149832
-0.0977302
-0.0876108
-0.0898875
-0.0983805
-0.1020661
-0.0959134
-0.0846837
-0.0767359
-0.0753231
-0.0762107
-0.0727271
-0.0620408
-0.0467653
-0.0317415
-0.0199590
-0.0108279
-0.0012315
0.0117164
0.0278223
0.0431737
0.0533121
0.0582715
0.0642684
0.0789302
0.1037721
0.1317066
0.1530257
0.1643698
0.1714593
0.1825247
0.1992761
0.2151268
0.2226667
0.2222220
0.2219932
0.2293631
0.2425169
0.2512054
0.2459648
0.2265719
0.2014683
0.1789769
0.1592944
0.1354444
0.1022135
0.0636019
0.0304908
0.0104010
-0.0000769
-0.0118961
-0.0322745
-0.0571691
-0.0756084
-0.0815544
-0.0806960
-0.0847123
-0.0989921
-0.1169059
-0.1265531
-0.1225581
-0.1107740
-0.1020555
-0.1024416
-0.1092968
-0.1155869
-0.1166705
-0.1132643
-0.1093682
-0.1084403
-0.1111318
-0.1152864
-0.1174018
-0.1149263
-0.1084729
-0.1019979
-0.0997548
-0.1022148
-0.1053571
-0.1049326
-0.1016234
-0.1010529
-0.1075886
-0.1181133
-0.1232512
-0.1162516
-0.1007909
-0.0886394
-0.0884158
-0.0969618
-0.1029494
-0.0991894
-0.0903114
-0.0874795
-0.0960565
-0.1095742
-0.1160720
-0.1096212
-0.0952439
-0.0834143
-0.0809201
-0.0867397
-0.0947575
-0.0989031
-0.0965966
-0.0896875
-0.0829847
-0.0800729
-0.0783852
-0.0686829
-0.0419572
0.0009975
0.0469736
0.0791208
0.0903516
0.0892545
0.0929304
0.1132369
0.1484552
0.1864024
0.2143767
0.2266479
0.2246171
0.2121080
0.1913396
0.1627533
0.1276449
0.0901268
0.0558372
0.0282194
0.0060683
-0.0149077
-0.0379601
-0.0628212
-0.0870567
-0.1090674
-0.1290725
-0.1473081
-0.1622114
-0.1713232
-0.1742071
-0.1739893
-0.1753825
-0.1807835
-0.1879924
-0.1914956
-0.1863998
-0.1724577
-0.1552150
-0.1422168
-0.1359705
-0.1303836
-0.1168246
-0.0961157
-0.0826342
-0.0906976
-0.1120657
-0.1073538
-0.0247249
0.1670110
0.4586447
0.8076109
1.1576848
1.4491673
1.6183417
1.6067250
1.3915393
1.0162989
0.5856349
0.2156731
-0.0254050
-0.1403317
-0.1766113
-0.1815854
-0.1778169
-0.1692195
-0.1578015
-0.1493061
-0.1471771
-0.1486706
-0.1497531
-0.1510296
-0.1558194
-0.1633369
-0.1671083
-0.1617155
-0.1497722
-0.1403073
-0.1398807
-0.1461314
-0.1506160
-0.1476154
-0.1395106
-0.1335184
-0.1338742
-0.1378028
-0.1388995
-0.1337390
-0.1249342
-0.1181572
-0.1165474
-0.1178864
-0.1169143
-0.1103892
-0.1001648
-0.0915988
-0.0888842
-0.0913052
-0.0932334
-0.0878121
-0.0720313
-0.0497908
-0.0300311
-0.0201770
-0.0197259
-0.0201169
-0.0120393
0.0060584
0.0265243
0.0399952
0.0447033
0.0482530
0.0600398
0.0821900
0.1082010
0.1298363
0.1442843
0.1546630
0.1651687
0.1770857
0.1889293
0.1987851
0.2059030
0.2109967
0.2159181
0.2225191
0.2304722
0.2357254
0.2321872
0.2164759
0.1914095
0.1639071
0.1386418
0.1140552
0.0852572
0.0506086
0.0146627
-0.0154596
-0.0359720
-0.0487265
-0.0586617
-0.0696633
-0.0823098
-0.0944120
-0.1032346
-0.1077862
-0.1098261
-0.1128084
-0.1191418
-0.1277279
-0.1342784
-0.1348526
-0.1295826
-0.1226861
-0.1185579
-0.1181063
-0.1191134
-0.1196147
-0.1200958
-0.1222722
-0.1263712
-0.1301947
-0.1309019
-0.1274913
-0.1214787
-0.1154171
-0.1111159
-0.1091709
-0.1093615
-0.1107084
-0.1115064
-0.1105406
-0.1088311
-0.1093332
-0.1137428
-0.1194855
-0.1208170
-0.1138931
-0.1010258
-0.0895176
-0.0856913
-0.0897186
-0.0961897
-0.0994860
-0.0983169
-0.0954237
-0.0940040
-0.0950312
-0.0971826
-0.0980470
-0.0953620
-0.0883511
-0.0787585
-0.0700162
-0.0640599
-0.0582231
-0.0458213
-0.0213424
0.0135194
0.0489016
0.0733440
0.0833230
0.0872486
0.0994150
0.1283474
0.1694226
0.2081802
0.2313507
0.2357337
0.2272136
0.2119760
0.1899142
0.1574395
0.1157730
0.0740579
0.0426361
0.0236027
0.0091160
-0.0108304
-0.0396536
-0.0729767
-0.1044547
-0.1310558
-0.1527328
-0.1692079
-0.1794306
-0.1841028
-0.1864541
-0.1890111
-0.1906642
-0.1887166
-0.1835492
-0.1792205
-0.1785679
-0.1791862
-0.1759392
-0.1669832
-0.1553953
-0.1443841
-0.1331855
-0.1203082
-0.1098142
-0.1089543
-0.1139484
-0.0974155
-0.0147830
0.1700910
0.4597293
0.8173458
1.1800463
1.4758930
1.6363483
1.6103839
1.3863709
1.0105922
0.5801215
0.2027379
-0.0531770
-0.1825619
-0.2261916
-0.2317247
-0.2267874
-0.2186327
-0.2078616
-0.1969865
-0.1888410
-0.1832261
-0.1784660
-0.1749646
-0.1748440
-0.1779747
-0.1804175
-0.1784203
-0.1734344
-0.1714021
-0.1762332
-0.1847083
-0.1887702
-0.1829305
-0.1692897
-0.1556971
-0.1492887
-0.1510799
-0.1556644
-0.1558717
-0.1485350
-0.1367403
-0.1268795
-0.1231735
-0.1242380
-0.1243720
-0.1184942
-0.1067296
-0.0945389
-0.0877896
-0.0870877
-0.0870259
-0.0813761
-0.0690998
-0.0551344
-0.0452621
-0.0402670
-0.0351695
-0.0242058
-0.0063965
0.0140023
0.0322344
0.0473483
0.0615558
0.0764990
0.0915240
0.1053824
0.1180388
0.1300145
0.1409266
0.1500295
0.1582533
0.1685047
0.1828123
0.1991628
0.2121532
0.2176100
0.2163035
0.2122975
0.2076577
0.1997562
0.1842968
0.1603770
0.1319312
0.1044288
0.0804978
0.0583583
0.0339614
0.0048895
-0.0271392
-0.0573588
-0.0817828
-0.1001906
-0.1153825
-0.1295627
-0.1416377
-0.1483280
-0.1481397
-0.1440505
-0.1416541
-0.1442614
-0.1501312
-0.1548625
-0.1561520
-0.1557804
-0.1574039
-0.1631214
-0.1717985
-0.1795706
-0.1818385
-0.1761689
-0.1646214
-0.1531717
-0.1476714
-0.1493370
-0.1540922
-0.1568989
-0.1569869
-0.1581642
-0.1632859
-0.1691620
-0.1687647
-0.1591898
-0.1460839
-0.1386286
-0.1403464
-0.1461081
-0.1484592
-0.1458053
-0.1434414
-0.1468670
-0.1552271
-0.1620112
-0.1617161
-0.1548104
-0.1461346
-0.1398091
-0.1367196
-0.1359078
-0.1363700
-0.1371119
-0.1369498
-0.1351157
-0.1309579
-0.1219112
-0.1028730
-0.0703352
-0.0287720
0.0084116
0.0277959
0.0286468
0.0264801
0.0411475
0.0789352
0.1262747
0.1618890
0.1749378
0.1708312
0.1606503
0.1477362
0.1262651
0.0917340
0.0499725
0.0137573
-0.0094432
-0.0249250
-0.0450677
-0.0767824
-0.1154118
-0.1502843
-0.1744287
-0.1885372
-0.1975889
-0.2057852
-0.2144103
-0.2224596
-0.2280493
-0.2298687
-0.2285598
-0.2268881
-0.2274133
-0.2290072
-0.2265057
-0.2158154
-0.1996957
-0.1860560
-0.1785454
-0.1708641
-0.1546307
-0.1335908
-0.1249800
-0.1403672
-0.1629133
-0.1463576
-0.0408896
0.1761805
0.4903452
0.8614440
1.2354787
1.5433080
1.7012529
1.6379142
1.3423458
0.8924437
0.4266493
0.0705571
-0.1265012
-0.1976992
-0.2114136
-0.2165518
-0.2229911
-0.2203237
-0.2051315
-0.1888335
-0.1849677
-0.1950301
-0.2080585
-0.2118193
-0.2032712
-0.1896569
-0.1810921
-0.1818891
-0.1879211
-0.1917435
-0.1900235
-0.1858387
-0.1840997
-0.1855399
-0.1856144
-0.1791958
-0.1663164
-0.1531942
-0.1468956
-0.1482931
-0.1507287
-0.1467464
-0.1363770
-0.1278445
-0.1291936
-0.1391396
-0.1467537
-0.1410499
-0.1215338
-0.0990597
-0.0855183
-0.0826803
-0.0819674
-0.0749426
-0.0622063
-0.0508977
-0.0448734
-0.0396536
-0.0275599
-0.0065527
0.0171659
0.0353157
0.0456433
0.0533959
0.0650106
0.0814362
0.0984323
0.1125512
0.1251353
0.1401207
0.1591824
0.1798791
0.1980478
0.2113837
0.2208152
0.2286569
0.2353960
0.2383961
0.2340058
0.2209282
0.2015591
0.1804330
0.1612389
0.1440926
0.1248355
0.0980878
0.0628047
0.0249428
-0.0068332
-0.0289972
-0.0463117
-0.0664791
-0.0915209
-0.1148284
-0.1274038
-0.1273618
-0.1226085
-0.1232217
-0.1316354
-0.1417369
-0.1474604
-0.1500089
-0.1551616
-0.1648259
-0.1734981
-0.1736087
-0.1635454
-0.1499419
-0.1421673
-0.1444842
-0.1531956
-0.1608940
-0.1629913
-0.1604276
-0.1574343
-0.1575817
-0.1609803
-0.1638294
-0.1611495
-0.1516575
-0.1401585
-0.1337127
-0.1348382
-0.1393723
-0.1415035
-0.1400597
-0.1389511
-0.1415599
-0.1456224
-0.1448178
-0.1360785
-0.1244749
-0.1190051
-0.1230145
-0.1303576
-0.1322647
-0.1270015
-0.1212389
-0.1220996
-0.1288729
-0.1325396
-0.1229353
-0.0968800
-0.0604908
-0.0243177
0.0036979
0.0214452
0.0313994
0.0386514
0.0498282
0.0708446
0.1029959
0.1407490
0.1738588
0.1923101
0.1908992
0.1714423
0.1415605
0.1102568
0.0830304
0.0600074
0.0377056
0.0123984
-0.0168256
-0.0468863
-0.0731264
-0.0941325
-0.1135747
-0.1357443
-0.1595666
-0.1788130
-0.1887894
-0.1916554
-0.1941927
-0.2004441
-0.2071079
-0.2068849
-0.1967989
-0.1824802
-0.1729991
-0.1717869
-0.1739982
-0.1721030
-0.1616902
-0.1425529
-0.1190974
-0.1022631
-0.1055293
-0.1296414
-0.1472541
-0.1074280
0.0357266
0.2917976
0.6278275
0.9904754
1.3298966
1.5991160
1.7383225
1.6818427
1.4034939
0.9619319
0.4897701
0.1204403
-0.0878255
-0.1664147
-0.1854322
-0.1925988
-0.1949234
-0.1841389
-0.1648583
-0.1533109
-0.1563626
-0.1630496
-0.1598138
-0.1478045
-0.1399043
-0.1437072
-0.1532698
-0.1577877
-0.1539766
-0.1479179
-0.1467254
-0.1504575
-0.1524234
-0.1468416
-0.1352100
-0.1242010
-0.1180684
-0.1151197
-0.1115985
-0.1066122
-0.1023661
-0.1013352
-0.1039230
-0.1073289
-0.1064902
-0.0982928
-0.0855361
-0.0748418
-0.0699326
-0.0684819
-0.0657774
-0.0596770
-0.0516391
-0.0444216
-0.0388926
-0.0320855
-0.0194302
-0.0006553
0.0179162
0.0296156
0.0352304
0.0421018
0.0560649
0.0764239
0.0979473
0.1155597
0.1280567
0.1393907
0.1552994
0.1768217
0.1984700
0.2143009
0.2237659
0.2300088
0.2351365
0.2394088
0.2425244
0.2433732
0.2407127
0.2354969
0.2294250
0.2198913
0.2006557
0.1700101
0.1345744
0.1024991
0.0759749
0.0518745
0.0261989
-0.0028175
-0.0316423
-0.0514891
-0.0572263
-0.0563312
-0.0619839
-0.0767029
-0.0905641
-0.0963912
-0.0978561
-0.1008615
-0.1059298
-0.1111379
-0.1138969
-0.1093317
-0.0974806
-0.0916846
-0.1055475
-0.1305499
