-0.0402276
-0.0662828
-0.0926499
-0.1091204
-0.1149846
-0.1177638
-0.1238942
-0.1321966
-0.1364450
-0.1323991
-0.1208677
-0.1050107
-0.0872452
-0.0697621
-0.0561178
-0.0496046
-0.0495017
-0.0506973
-0.0486028
-0.0440450
-0.0419158
-0.0448277
-0.0495678
-0.0510203
-0.0488766
-0.0486188
-0.0550994
-0.0663346
-0.0753240
-0.0782584
-0.0796303
-0.0879456
-0.1063502
-0.1283449
-0.1433737
-0.1466124
-0.1431194
-0.1425560
-0.1500547
-0.1620216
-0.1702895
-0.1700278
-0.1637218
-0.1577312
-0.1552170
-0.1528228
-0.1447394
-0.1298616
-0.1137380
-0.1022178
-0.0936212
-0.0795448
-0.0553620
-0.0288572
-0.0146472
-0.0166888
-0.0160276
0.0220619
0.1267254
0.3051319
0.5423480
0.8091246
1.0631631
1.2453560
1.2889823
1.1514381
0.8496508
0.4651699
0.1057231
-0.1509296
-0.2883096
-0.3386027
-0.3456035
-0.3375054
-0.3247361
-0.3110615
-0.2999390
-0.2925166
-0.2861211
-0.2783281
-0.2710878
-0.2683260
-0.2698444
-0.2701561
-0.2645969
-0.2550894
-0.2478687
-0.2456985
-0.2443835
-0.2381733
-0.2273887
-0.2184952
-0.2159202
-0.2151579
-0.2057760
-0.1819079
-0.1493457
-0.1216400
-0.1086811
-0.1084709
-0.1095058
-0.1012928
-0.0833591
-0.0647392
-0.0545817
-0.0526696
-0.0490382
-0.0335793
-0.0066463
0.0200927
0.0341093
0.0336427
0.0286213
0.0300172
0.0390857
0.0477344
0.0485979
0.0429133
0.0379726
0.0385866
0.0429942
0.0465579
0.0467554
0.0432485
0.0354293
0.0235243
0.0124023
0.0104002
0.0208750
0.0364318
0.0468728
0.0563106
0.0905952
0.1833967
0.3522069
0.5866696
0.8564700
1.1235185
1.3428011
1.4588873
1.4193934
1.2091768
0.8772926
0.5233845
0.2444576
0.0826653
0.0158427
-0.0073393
-0.0243118
-0.0433328
-0.0580107
-0.0666058
-0.0756686
-0.0906917
-0.1092125
-0.1240893
-0.1311158
-0.1322108
-0.1327033
-0.1371905
-0.1473318
-0.1614845
-0.1755858
-0.1855918
-0.1904748
-0.1928133
-0.1956699
-0.1989097
-0.1993262
-0.1944327
-0.1850785
-0.1735955
-0.1602003
-0.1428408
-0.1210216
-0.0983533
-0.0795376
-0.0645605
-0.0470924
-0.0196877
0.0195576
0.0658237
0.1121850
0.1541467
0.1900598
0.2197447
0.2451315
0.2714646
0.3043126
0.3428601
0.3774557
0.3972160
0.4013217
0.4004197
0.4042493
0.4090600
0.4012683
0.3751210
0.3430988
0.3239331
0.3202150
0.3129714
0.2828914
0.2364309
0.2081854
0.2378139
0.3471697
0.5371806
0.7942339
1.0842328
1.3373839
1.4551404
1.3584565
1.0486090
0.6236227
0.2250957
-0.0456124
-0.1740766
-0.2117854
-0.2189038
-0.2253776
-0.2330901
-0.2379894
-0.2417551
-0.2470538
-0.2518618
-0.2532098
-0.2532317
-0.2569493
-0.2644628
-0.2692864
-0.2662413
-0.2586095
-0.2544977
-0.2564766
-0.2577677
-0.2503766
-0.2356723
-0.2246890
-0.2275760
-0.2440570
-0.2649071
-0.2815569
-0.2927799
-0.3025418
-0.3136246
-0.3247939
-0.3331875
-0.3374956
-0.3383447
-0.3368713
-0.3339637
-0.3302613
-0.3255051
-0.3175359
-0.3029635
-0.2799409
-0.2503724
-0.2188126
-0.1890187
-0.1620320
-0.1378181
-0.1180354
-0.1061194
-0.1042730
-0.1106935
-0.1199640
-0.1261252
-0.1258419
-0.1198061
-0.1119705
-0.1069352
-0.1066492
-0.1087462
-0.1083075
-0.1017357
-0.0887892
-0.0706088
-0.0466092
-0.0150896
0.0222880
0.0581471
0.0839533
0.0975551
0.1044959
0.1105253
0.1143545
0.1109246
0.1029405
0.1072691
0.1478088
0.2418671
0.3930373
0.5924180
0.8177722
1.0258085
1.1507749
1.1268797
0.9296266
0.6037123
0.2472469
-0.0417050
-0.2155021
-0.2871373
-0.3010135
-0.2967300
-0.2941009
-0.2991895
-0.3129784
-0.3320479
-0.3474326
-0.3502933
-0.3407114
-0.3282718
-0.3218859
-0.3201631
-0.3139096
-0.2979383
-0.2781396
-0.2654978
-0.2641461
-0.2671328
-0.2642757
-0.2529258
-0.2399726
-0.2337178
-0.2350436
-0.2370841
-0.2328069
-0.2219137
-0.2103541
-0.2040816
-0.2038828
-0.2056837
-0.2048208
-0.1997856
-0.1926138
-0.1864632
-0.1828245
-0.1804636
-0.1765929
-0.1692015
-0.1587231
-0.1476251
-0.1380498
-0.1295165
-0.1191113
-0.1043681
-0.0859631
-0.0671630
-0.0506154
-0.0364016
-0.0238100
-0.0144421
-0.0121651
-0.0191436
-0.0323867
-0.0453254
-0.0532403
-0.0565939
-0.0586195
-0.0604312
-0.0597489
-0.0542387
-0.0442394
-0.0310686
-0.0142644
0.0067632
0.0283886
0.0440208
0.0540414
0.0750526
0.1358287
0.2601653
0.4514492
0.6915437
0.9493404
1.1845570
1.3444900
1.3699909
1.2235455
0.9242693
0.5545102
0.2207484
-0.0055002
-0.1191636
-0.1630094
-0.1827118
-0.1980726
-0.2081291
-0.2114849
-0.2147996
-0.2246559
-0.2392394
-0.2521401
-0.2616362
-0.2719803
-0.2856835
-0.2984934
-0.3044352
-0.3040649
-0.3046888
-0.3119546
-0.3232665
-0.3309403
-0.3310068
-0.3272586
-0.3263925
-0.3303989
-0.3346156
-0.3327114
-0.3225610
-0.3072620
-0.2914045
-0.2768792
-0.2617417
-0.2424393
-0.2172380
-0.1879593
-0.1584224
-0.1310503
-0.1053676
-0.0802988
-0.0573921
-0.0402254
-0.0296750
-0.0207178
-0.0060048
0.0163088
0.0393077
0.0537103
0.0579323
0.0602973
0.0697986
0.0852311
0.0953772
0.0907434
0.0738802
0.0566271
0.0474302
0.0430112
0.0334549
0.0145183
-0.0069328
-0.0203495
-0.0231254
-0.0232104
-0.0300487
-0.0445157
-0.0592337
-0.0682326
-0.0741934
-0.0848148
-0.1027838
-0.1211856
-0.1297999
-0.1253442
-0.1144729
-0.1067401
-0.1058301
-0.1084101
-0.1103397
-0.1117223
-0.1151024
-0.1204530
-0.1242052
-0.1235315
-0.1200487
-0.1180452
-0.1193563
-0.1209510
-0.1178056
-0.1076454
-0.0927348
-0.0777768
-0.0667229
-0.0609571
-0.0589834
-0.0571946
-0.0520139
-0.0425902
-0.0312567
-0.0205598
-0.0104578
-0.0001573
0.0074379
0.0066004
-0.0018284
-0.0012927
0.0368295
0.1363181
0.3006532
0.5126551
0.7449763
0.9647049
1.1264648
1.1710909
1.0495956
0.7639473
0.3870229
0.0326791
-0.2083146
-0.3155541
-0.3324283
-0.3183488
-0.3063128
-0.2978899
-0.2857014
-0.2707846
-0.2586094
-0.2472279
-0.2277455
-0.1971445
-0.1655492
-0.1471697
-0.1454564
-0.1504263
-0.1509803
-0.1470868
-0.1477376
-0.1581515
-0.1720875
-0.1782493
-0.1727774
-0.1630642
-0.1589311
-0.1619863
-0.1652162
-0.1620429
-0.1533774
-0.1449012
-0.1391214
-0.1324025
-0.1203239
-0.1044308
-0.0918439
-0.0877077
-0.0891232
-0.0880071
-0.0802745
-0.0710646
-0.0694702
-0.0778028
-0.0871316
-0.0849092
-0.0676401
-0.0451867
-0.0309211
-0.0269331
-0.0203658
0.0033953
0.0434697
0.0812971
0.0975883
0.0911095
0.0787683
0.0765830
0.0825797
0.0807703
0.0614979
0.0345142
0.0192042
0.0227691
0.0315060
0.0255053
0.0001046
-0.0300426
-0.0478758
-0.0515526
-0.0531709
-0.0619956
-0.0730692
-0.0742907
-0.0625426
-0.0489759
-0.0467924
-0.0558228
-0.0622741
-0.0544495
-0.0365726
-0.0249196
-0.0306719
-0.0486086
-0.0634069
-0.0652663
-0.0571052
-0.0467172
-0.0351965
-0.0165428
0.0113771
0.0393838
0.0542717
0.0532373
0.0473439
0.0482888
0.0539595
0.0516519
0.0376622
0.0318386
0.0699459
0.1804482
0.3673290
0.6100184
0.8706742
1.0959056
1.2183619
1.1761083
0.9510197
0.5968093
0.2227282
-0.0651424
-0.2212249
-0.2711172
-0.2729121
-0.2690054
-0.2685284
-0.2637425
-0.2522379
-0.2408329
-0.2344279
-0.2290541
-0.2179679
-0.2010155
-0.1847900
-0.1745047
-0.1685113
-0.1614291
-0.1508698
-0.1398274
-0.1331908
-0.1330249
-0.1370308
-0.1405474
-0.1398367
-0.1345195
-0.1279465
-0.1249863
-0.1281415
-0.1350285
-0.1402243
-0.1403994
-0.1373028
-0.1347903
-0.1331877
-0.1281520
-0.1159876
-0.0990649
-0.0843442
-0.0762935
-0.0725303
-0.0674891
-0.0597225
-0.0537125
-0.0534317
-0.0553109
-0.0499600
-0.0318474
-0.0059596
0.0167133
0.0299267
0.0369010
0.0442319
0.0529839
0.0574950
0.0525563
0.0400070
0.0273695
0.0207563
0.0200647
0.0206361
0.0182450
0.0124131
0.0067073
0.0070199
0.0177132
0.0364348
0.0530500
0.0581993
0.0569505
0.0733246
0.1375755
0.2666498
0.4566174
0.6911124
0.9491877
1.1976635
1.3784725
1.4186630
1.2720328
0.9621534
0.5829285
0.2472698
0.0239468
-0.0865636
-0.1258319
-0.1348870
-0.1338784
-0.1294677
-0.1274214
-0.1329061
-0.1438928
-0.1520483
-0.1525911
-0.1506057
-0.1553467
-0.1696263
-0.1872972
-0.2009191
-0.2091261
-0.2151373
-0.2201640
-0.2212133
-0.2156305
-0.2056521
-0.1968585
-0.1924585
-0.1901544
-0.1849921
-0.1749382
-0.1633053
-0.1556219
-0.1539945
-0.1540568
-0.1470519
-0.1255829
-0.0891892
-0.0457270
-0.0066508
0.0211092
0.0398567
0.0574227
0.0781691
0.0980055
0.1089909
0.1086761
0.1038519
0.1041955
0.1122743
0.1205915
0.1190330
0.1048435
0.0845257
0.0661881
0.0514410
0.0356304
0.0149398
-0.0085460
-0.0291380
-0.0436206
-0.0540224
-0.0645856
-0.0767990
-0.0878069
-0.0934147
-0.0920177
-0.0851960
-0.0747974
-0.0602896
-0.0396068
-0.0127562
0.0154302
0.0364821
0.0435222
0.0370899
0.0263281
0.0230078
0.0323308
0.0485803
0.0600355
0.0589539
0.0475846
0.0350032
0.0281856
0.0259954
0.0217252
0.0111672
-0.0025967
-0.0129382
-0.0176859
-0.0222432
-0.0340714
-0.0543035
-0.0753890
-0.0875109
-0.0876923
-0.0827069
-0.0827925
-0.0922071
-0.1057820
-0.1143564
-0.1130435
-0.1043605
-0.0945777
-0.0882288
-0.0859924
-0.0866305
-0.0898458
-0.0967445
-0.1074440
-0.1186886
-0.1249205
-0.1228700
-0.1154787
-0.1106541
-0.1148909
-0.1270310
-0.1383165
-0.1398476
-0.1311706
-0.1212126
-0.1195391
-0.1264378
-0.1326564
-0.1295200
-0.1184266
-0.1091575
-0.1088737
-0.1140469
-0.1143686
-0.1043901
-0.0897075
-0.0801962
-0.0777925
-0.0736666
-0.0592461
-0.0382472
-0.0239766
-0.0233118
-0.0263767
-0.0165121
0.0085756
0.0296025
0.0250197
-0.0004796
-0.0092741
0.0440756
0.1801682
0.3860985
0.6326868
0.8891842
1.1154143
1.2486902
1.2194830
0.9990236
0.6373927
0.2477619
-0.0590475
-0.2361262
-0.3082339
-0.3284548
-0.3312004
-0.3211976
-0.2938041
-0.2539355
-0.2144651
-0.1841722
-0.1631808
-0.1482207
-0.1373913
-0.1292162
-0.1212266
-0.1127188
-0.1075436
-0.1105999
-0.1204416
-0.1278344
-0.1244240
-0.1125780
-0.1041880
-0.1087519
-0.1242840
-0.1412405
-0.1537632
-0.1645182
-0.1786292
-0.1956259
-0.2092959
-0.2146226
-0.2129749
-0.2100305
-0.2098259
-0.2118457
-0.2130990
-0.2110526
-0.2039850
-0.1906579
-0.1722088
-0.1539008
-0.1418755
-0.1363226
-0.1293634
-0.1120708
-0.0837469
-0.0526671
-0.0269997
-0.0062150
0.0170876
0.0470518
0.0780253
0.0995513
0.1073822
0.1077441
0.1100031
0.1165565
0.1214573
0.1182982
0.1075302
0.0955479
0.0878619
0.0841250
0.0794622
0.0699710
0.0568158
0.0451305
0.0390137
0.0376304
0.0360040
0.0291715
0.0156206
-0.0022290
-0.0196394
-0.0316521
-0.0350923
-0.0302318
-0.0208606
-0.0111809
-0.0006681
0.0174770
0.0491493
0.0880302
0.1145438
0.1132029
0.0949842
0.0997211
0.1711981
0.3277656
0.5565449
0.8305247
1.1202056
1.3819807
1.5437050
1.5241933
1.2892801
0.8965289
0.4762468
0.1534560
-0.0243151
-0.0931050
-0.1177443
-0.1358524
-0.1480182
-0.1458096
-0.1356596
-0.1345510
-0.1510653
-0.1777605
-0.2013800
-0.2157789
-0.2235047
-0.2287021
-0.2326787
-0.2357295
-0.2392301
-0.2440495
-0.2488401
-0.2516032
-0.2515959
-0.2479812
-0.2379855
-0.2194845
-0.1961575
-0.1776108
-0.1716212
-0.1757386
-0.1779987
-0.1673337
-0.1432454
-0.1144220
-0.0882751
-0.0639282
-0.0366359
-0.0070117
0.0175074
0.0310721
0.0369608
0.0447313
0.0601842
0.0793093
0.0923541
0.0933273
0.0852565
0.0764690
0.0723975
0.0714101
0.0680345
0.0590686
0.0464146
0.0351911
0.0296293
0.0294377
0.0289028
0.0206174
0.0022006
-0.0203640
-0.0376398
-0.0460040
-0.0512359
-0.0614297
-0.0761050
-0.0841772
-0.0754333
-0.0547431
-0.0419276
-0.0530066
-0.0792011
-0.0848449
-0.0271476
0.1194092
0.3504867
0.6312229
0.8999461
1.0778712
1.0939339
0.9222893
0.6084624
0.2562989
-0.0252497
-0.1800512
-0.2237668
-0.2130597
-0.1970043
-0.1920230
-0.1915357
-0.1883032
-0.1844976
-0.1859906
-0.1939943
-0.2043796
-0.2129228
-0.2190037
-0.2244797
-0.2308666
-0.2385978
-0.2476669
-0.2569581
-0.2631740
-0.2628054
-0.2563984
-0.2494920
-0.2478078
-0.2519015
-0.2573442
-0.2595374
-0.2575032
-0.2536239
-0.2509412
-0.2507468
-0.2517370
-0.2506012
-0.2432738
-0.2264263
-0.1994464
-0.1661792
-0.1339507
-0.1089846
-0.0919165
-0.0780258
-0.0616661
-0.0402496
-0.0152444
0.0087749
0.0262230
0.0338598
0.0334077
0.0301907
0.0282489
0.0267059
0.0210835
0.0082449
-0.0096558
-0.0259729
-0.0347952
-0.0358461
-0.0341138
-0.0347801
-0.0389416
-0.0435290
-0.0436844
-0.0355050
-0.0194797
-0.0029609
0.0034193
-0.0038540
-0.0125303
0.0029705
0.0694893
0.2036827
0.4074877
0.6665388
0.9453645
1.1831513
1.3041278
1.2503466
1.0207809
0.6832944
0.3414593
0.0779509
-0.0813275
-0.1591361
-0.1923005
-0.2051561
-0.2071406
-0.2036441
-0.2017517
-0.2057489
-0.2120426
-0.2130156
-0.2063738
-0.1981986
-0.1957153
-0.1992466
-0.2032404
-0.2038011
-0.2028473
-0.2051490
-0.2129219
-0.2231903
-0.2293696
-0.2260317
-0.2135868
-0.1981925
-0.1860080
-0.1775880
-0.1686517
-0.1561718
-0.1428498
-0.1349305
-0.1350615
-0.1375031
-0.1323475
-0.1163480
-0.0981853
-0.0897580
-0.0921454
-0.0936249
-0.0832101
-0.0635500
-0.0477646
-0.0443347
-0.0474798
-0.0434087
-0.0256008
-0.0028747
0.0088880
0.0030745
-0.0113145
-0.0204775
-0.0206894
-0.0199551
-0.0262188
-0.0372653
-0.0429922
-0.0358702
-0.0182945
0.0001463
0.0130693
0.0248119
0.0453896
0.0766901
0.1064381
0.1200054
0.1194788
0.1301711
0.1877392
0.3170850
0.5184635
0.7669683
1.0201382
1.2249325
1.3236487
1.2687438
1.0501641
0.7162086
0.3607491
0.0762725
-0.0927858
-0.1608389
-0.1740944
-0.1736108
-0.1764648
-0.1816351
-0.1863691
-0.1939402
-0.2075792
-0.2230266
-0.2319558
-0.2314409
-0.2263295
-0.2229847
-0.2239853
-0.2281787
-0.2322983
-0.2327150
-0.2288924
-0.2252403
-0.2269061
-0.2336735
-0.2398306
-0.2394372
-0.2305100
-0.2160453
-0.2028560
-0.1969723
-0.1975555
-0.1972201
-0.1902425
-0.1778583
-0.1637850
-0.1483224
-0.1297993
-0.1087108
-0.0876864
-0.0699958
-0.0593130
-0.0566816
-0.0561586
-0.0487405
-0.0330918
-0.0173424
-0.0079464
-0.0022793
0.0050638
0.0140100
0.0196287
0.0163134
0.0005254
-0.0247956
-0.0487234
-0.0625754
-0.0708058
-0.0827741
-0.0958961
-0.0999392
-0.0970514
-0.1007531
-0.1126575
-0.1190060
-0.1165422
-0.1218789
-0.1439582
