-0.0850636
-0.0789543
-0.0808776
-0.0743114
-0.0586636
-0.0464172
-0.0426713
-0.0408101
-0.0347996
-0.0237732
-0.0066813
0.0163057
0.0377105
0.0482646
0.0496495
0.0540340
0.0697014
0.0929326
0.1145398
0.1292427
0.1382897
0.1472815
0.1617765
0.1818932
0.2016743
0.2160879
0.2268395
0.2385402
0.2515701
0.2623250
0.2686577
0.2715462
0.2727640
0.2738259
0.2755507
0.2756156
0.2680376
0.2483428
0.2188008
0.1864161
0.1562445
0.1279863
0.0981965
0.0648060
0.0304692
0.0017776
-0.0165933
-0.0272958
-0.0376990
-0.0513981
-0.0648650
-0.0734159
-0.0777822
-0.0829395
-0.0920452
-0.1030811
-0.1107206
-0.1110648
-0.1057317
-0.1015122
-0.1044954
-0.1139177
-0.1226877
-0.1241870
-0.1181618
-0.1107790
-0.1098067
-0.1182471
-0.1306244
-0.1364447
-0.1298796
-0.1162530
-0.1072516
-0.1095490
-0.1193504
-0.1278171
-0.1301996
-0.1292470
-0.1306997
-0.1362049
-0.1410863
-0.1396216
-0.1320476
-0.1247420
-0.1231422
-0.1262459
-0.1290215
-0.1286416
-0.1269348
-0.1276687
-0.1326449
-0.1397929
-0.1441920
-0.1417432
-0.1330185
-0.1234500
-0.1191943
-0.1225390
-0.1306869
-0.1382111
-0.1411904
-0.1402597
-0.1395466
-0.1413438
-0.1418036
-0.1333939
-0.1124252
-0.0836986
-0.0574736
-0.0418214
-0.0368400
-0.0348438
-0.0262764
-0.0068675
0.0199294
0.0467679
0.0673853
0.0774475
0.0728763
0.0510028
0.0149818
-0.0242764
-0.0531619
-0.0647520
-0.0644827
-0.0658579
-0.0786749
-0.1007574
-0.1221117
-0.1370840
-0.1503667
-0.1698782
-0.1955508
-0.2176962
-0.2267216
-0.2230425
-0.2166319
-0.2171374
-0.2248685
-0.2314849
-0.2290525
-0.2177252
-0.2045985
-0.1963443
-0.1939567
-0.1936819
-0.1912782
-0.1852156
-0.1768039
-0.1673831
-0.1551593
-0.1364196
-0.1123158
-0.0936052
-0.0933509
-0.1092243
-0.1116512
-0.0531103
0.1047222
0.3668396
0.7018986
1.0574719
1.3745964
1.5908247
1.6437750
1.4931550
1.1548920
0.7140739
0.2919494
-0.0160403
-0.1838467
-0.2479441
-0.2630393
-0.2622839
-0.2511187
-0.2274220
-0.1988213
-0.1793934
-0.1749926
-0.1776861
-0.1756844
-0.1660990
-0.1564003
-0.1548090
-0.1611690
-0.1672916
-0.1652563
-0.1549359
-0.1435529
-0.1381584
-0.1389570
-0.1401526
-0.1367081
-0.1295001
-0.1239855
-0.1244557
-0.1295634
-0.1330348
-0.1290478
-0.1176769
-0.1051300
-0.0980605
-0.0974021
-0.0979271
-0.0937161
-0.0838058
-0.0726444
-0.0653149
-0.0622679
-0.0587021
-0.0493620
-0.0339320
-0.0172902
-0.0044683
0.0040352
0.0119086
0.0228668
0.0372190
0.0518929
0.0634197
0.0714965
0.0800750
0.0942526
0.1151641
0.1380267
0.1560489
0.1668359
0.1749148
0.1874878
0.2071093
0.2284536
0.2429962
0.2475608
0.2480347
0.2540473
0.2698685
0.2904836
0.3059194
0.3090090
0.3000348
0.2854774
0.2723932
0.2625429
0.2508921
0.2302209
0.1982266
0.1606266
0.1270099
0.1028539
0.0849838
0.0650693
0.0383093
0.0088007
-0.0143154
-0.0262763
-0.0316617
-0.0395495
-0.0541986
-0.0709970
-0.0813033
-0.0808521
-0.0736748
-0.0683341
-0.0704074
-0.0782745
-0.0857127
-0.0880598
-0.0858026
-0.0830407
-0.0834531
-0.0875156
-0.0924164
-0.0941857
-0.0907938
-0.0841855
-0.0792712
-0.0801554
-0.0866397
-0.0942115
-0.0979016
-0.0969246
-0.0957189
-0.0996539
-0.1089951
-0.1174593
-0.1176591
-0.1083844
-0.0963805
-0.0907788
-0.0953940
-0.1057213
-0.1131202
-0.1126107
-0.1074325
-0.1058678
-0.1128412
-0.1243621
-0.1306778
-0.1254775
-0.1123031
-0.1018212
-0.1022883
-0.1121394
-0.1218520
-0.1233018
-0.1172392
-0.1115332
-0.1127316
-0.1201536
-0.1277600
-0.1300736
-0.1253165
-0.1139758
-0.0966502
-0.0746750
-0.0522178
-0.0356449
-0.0287625
-0.0281889
-0.0246497
-0.0102972
0.0147851
0.0431688
0.0661985
0.0786891
0.0786132
0.0649991
0.0385708
0.0045971
-0.0268777
-0.0462197
-0.0513495
-0.0499350
-0.0535641
-0.0686414
-0.0921610
-0.1155783
-0.1323249
-0.1422422
-0.1502544
-0.1614268
-0.1763911
-0.1905119
-0.1978003
-0.1966465
-0.1919128
-0.1906864
-0.1954650
-0.2016627
-0.2020258
-0.1933115
-0.1785033
-0.1631651
-0.1508780
-0.1423649
-0.1368710
-0.1317949
-0.1218585
-0.1034062
-0.0825744
-0.0750725
-0.0889683
-0.1027521
-0.0646290
0.0771306
0.3359992
0.6759690
1.0351766
1.3559485
1.5905920
1.6881321
1.5969101
1.3007577
0.8583728
0.3956951
0.0408079
-0.1491212
-0.2065997
-0.2068723
-0.2039775
-0.2057820
-0.1971372
-0.1739790
-0.1512290
-0.1442641
-0.1517606
-0.1594755
-0.1569121
-0.1463822
-0.1370604
-0.1344653
-0.1372063
-0.1410664
-0.1430911
-0.1421197
-0.1381916
-0.1329976
-0.1297809
-0.1308244
-0.1344308
-0.1353604
-0.1294585
-0.1181006
-0.1075028
-0.1032088
-0.1052496
-0.1085353
-0.1074736
-0.1002668
-0.0897507
-0.0808617
-0.0766379
-0.0753509
-0.0713019
-0.0595662
-0.0410336
-0.0226770
-0.0118730
-0.0095963
-0.0091553
-0.0023348
0.0125604
0.0289015
0.0386001
0.0409528
0.0440638
0.0569978
0.0807602
0.1074148
0.1279095
0.1403286
0.1505355
0.1653558
0.1856753
0.2061203
0.2208274
0.2289740
0.2349853
0.2443209
0.2593780
0.2783650
0.2967253
0.3096753
0.3147901
0.3132628
0.3085226
0.3029160
0.2953615
0.2822580
0.2608540
0.2320520
0.2002674
0.1705285
0.1451932
0.1228090
0.0997880
0.0734448
0.0442333
0.0157525
-0.0075958
-0.0238412
-0.0349466
-0.0448892
-0.0558796
-0.0664823
-0.0734981
-0.0754383
-0.0740806
-0.0730476
-0.0751314
-0.0804957
-0.0867330
-0.0906524
-0.0907682
-0.0887068
-0.0880789
-0.0912673
-0.0967810
-0.1000357
-0.0975701
-0.0908915
-0.0856356
-0.0862835
-0.0918364
-0.0972183
-0.0988463
-0.0981999
-0.0997577
-0.1059432
-0.1144418
-0.1201955
-0.1197358
-0.1138844
-0.1068913
-0.1032342
-0.1047662
-0.1099854
-0.1154159
-0.1180316
-0.1173244
-0.1155803
-0.1158208
-0.1189019
-0.1224359
-0.1226292
-0.1173682
-0.1080314
-0.0989160
-0.0947162
-0.0973332
-0.1040933
-0.1093824
-0.1091436
-0.1042368
-0.0987595
-0.0944503
-0.0872725
-0.0709583
-0.0448263
-0.0172726
0.0004688
0.0052919
0.0064341
0.0173556
0.0425844
0.0724900
0.0909011
0.0878530
0.0659564
0.0364333
0.0103770
-0.0069578
-0.0161254
-0.0206371
-0.0248919
-0.0332230
-0.0483423
-0.0692898
-0.0914958
-0.1102328
-0.1245522
-0.1373637
-0.1512107
-0.1642748
-0.1713427
-0.1693123
-0.1616105
-0.1562986
-0.1588927
-0.1669651
-0.1725375
-0.1702964
-0.1630614
-0.1584521
-0.1601197
-0.1630488
-0.1583588
-0.1427841
-0.1225036
-0.1067364
-0.0981010
-0.0911543
-0.0812766
-0.0726390
-0.0730407
-0.0783847
-0.0639046
0.0051472
0.1504996
0.3656459
0.6195019
0.8700402
1.0722422
1.1788849
1.1483334
0.9674320
0.6737722
0.3500876
0.0841573
-0.0779029
-0.1471797
-0.1665831
-0.1717553
-0.1729433
-0.1658695
-0.1506083
-0.1360380
-0.1296331
-0.1293956
-0.1284788
-0.1251078
-0.1243996
-0.1304832
-0.1399257
-0.1448796
-0.1415153
-0.1333821
-0.1266311
-0.1237693
-0.1228679
-0.1214699
-0.1194104
-0.1176884
-0.1162131
-0.1140575
-0.1115131
-0.1102750
-0.1107623
-0.1101136
-0.1042610
-0.0924508
-0.0791156
-0.0705782
-0.0695307
-0.0724886
-0.0725663
-0.0652040
-0.0519724
-0.0391110
-0.0318830
-0.0296417
-0.0261441
-0.0150380
0.0043079
0.0259223
0.0422553
0.0507253
0.0558090
0.0646037
0.0799661
0.0978668
0.1116390
0.1190281
0.1251192
0.1381079
0.1616912
0.1911688
0.2170557
0.2329652
0.2404008
0.2462197
0.2558874
0.2693663
0.2828021
0.2929202
0.2993790
0.3038704
0.3080944
0.3123802
0.3149356
0.3117500
0.2982409
0.2727294
0.2389074
0.2038545
0.1724039
0.1435771
0.1135291
0.0819428
0.0539851
0.0348489
0.0232691
0.0122515
-0.0033749
-0.0214247
-0.0353245
-0.0419226
-0.0450106
-0.0508368
-0.0611506
-0.0715435
-0.0762402
-0.0735143
-0.0664042
-0.0595081
-0.0561821
-0.0580056
-0.0648055
-0.0741124
-0.0817258
-0.0846705
-0.0841052
-0.0843306
-0.0880063
-0.0926483
-0.0929131
-0.0868696
-0.0793496
-0.0779430
-0.0853145
-0.0962160
-0.1028647
-0.1030214
-0.1018998
-0.1058777
-0.1150357
-0.1226015
-0.1217237
-0.1124308
-0.1019111
-0.0982124
-0.1035599
-0.1131222
-0.1195756
-0.1190039
-0.1134570
-0.1088038
-0.1099027
-0.1166115
-0.1236249
-0.1246255
-0.1177086
-0.1073719
-0.1009779
-0.1026187
-0.1097811
-0.1156329
-0.1148149
-0.1078440
-0.1005094
-0.0985821
-0.1019202
-0.1030293
-0.0921931
-0.0659388
-0.0318171
-0.0041909
0.0069899
0.0052024
0.0052575
0.0206815
0.0515014
0.0836615
0.1004104
0.0949291
0.0734129
0.0477738
0.0261275
0.0091171
-0.0068061
-0.0239094
-0.0406153
-0.0534002
-0.0610808
-0.0677156
-0.0809437
-0.1057602
-0.1384197
-0.1670459
-0.1805003
-0.1781845
-0.1706552
-0.1695468
-0.1769880
-0.1855675
-0.1880258
-0.1850502
-0.1827481
-0.1842276
-0.1861584
-0.1837874
-0.1769286
-0.1691652
-0.1624260
-0.1550893
-0.1456445
-0.1351601
-0.1240507
-0.1090991
-0.0885654
-0.0705274
-0.0693539
-0.0858141
-0.0892055
-0.0256628
0.1471933
0.4282293
0.7716056
1.1127444
1.3918761
1.5566409
1.5583363
1.3675733
1.0070116
0.5656216
0.1655768
-0.1018846
-0.2208362
-0.2404499
-0.2252212
-0.2119451
-0.2038687
-0.1925788
-0.1774799
-0.1661579
-0.1637336
-0.1673649
-0.1706028
-0.1699246
-0.1660923
-0.1611827
-0.1562670
-0.1517243
-0.1482925
-0.1469640
-0.1480188
-0.1504697
-0.1525123
-0.1526538
-0.1506849
-0.1476356
-0.1445733
-0.1412926
-0.1363468
-0.1286664
-0.1192152
-0.1107663
-0.1056484
-0.1035576
-0.1017532
-0.0976392
-0.0912067
-0.0848038
-0.0803034
-0.0763861
-0.0688853
-0.0545748
-0.0352524
-0.0176331
-0.0077613
-0.0046161
-0.0000281
0.0134822
0.0343662
0.0527355
0.0606238
0.0612978
0.0669435
0.0862887
0.1151520
0.1403023
0.1526891
0.1559941
0.1618845
0.1778688
0.2007515
0.2213017
0.2336238
0.2394509
0.2447756
0.2539691
0.2669737
0.2804308
0.2903236
0.2941313
0.2918668
0.2855736
0.2770821
0.2654815
0.2471544
0.2194402
0.1847677
0.1503420
0.1224477
0.1006115
0.0780419
0.0487274
0.0143780
-0.0160785
-0.0345560
-0.0418028
-0.0472871
-0.0605957
-0.0823712
-0.1035367
-0.1136032
-0.1101111
-0.1004832
-0.0951681
-0.0989437
-0.1080748
-0.1149355
-0.1152009
-0.1113159
-0.1098085
-0.1151725
-0.1255220
-0.1336621
-0.1329829
-0.1235374
-0.1128685
-0.1100677
-0.1177951
-0.1297958
-0.1368548
-0.1356585
-0.1315684
-0.1323773
-0.1396830
-0.1470909
-0.1470837
-0.1391436
-0.1305881
-0.1294658
-0.1370094
-0.1470445
-0.1521903
-0.1501912
-0.1446961
-0.1410020
-0.1415420
-0.1447201
-0.1469104
-0.1453255
-0.1398492
-0.1330708
-0.1286213
-0.1287500
-0.1327930
-0.1378189
-0.1409986
-0.1415430
-0.1402967
-0.1374464
-0.1309966
-0.1180883
-0.0981668
-0.0747339
-0.0535836
-0.0388472
-0.0302352
-0.0236170
-0.0140936
0.0010405
0.0212440
0.0432962
0.0621774
0.0719196
0.0673969
0.0473729
0.0167825
-0.0146784
-0.0379200
-0.0499828
-0.0550390
-0.0600892
-0.0695237
-0.0834530
-0.1003405
-0.1198502
-0.1422772
-0.1658131
-0.1859764
-0.1987553
-0.2039637
-0.2048242
-0.2045788
-0.2044493
-0.2047398
-0.2061551
-0.2085382
-0.2091121
-0.2043050
-0.1943131
-0.1842543
-0.1788563
-0.1765787
-0.1713593
-0.1605684
-0.1483037
-0.1384963
-0.1274438
-0.1087595
-0.0867843
-0.0781515
-0.0910955
-0.1012986
-0.0547861
0.0974335
0.3640626
0.7098476
1.0790628
1.4129996
1.6455184
1.7010791
1.5259054
1.1392080
0.6504463
0.2085393
-0.0838767
-0.2187173
-0.2564372
-0.2606082
-0.2572621
-0.2443487
-0.2214593
-0.1999739
-0.1893615
-0.1855414
-0.1781339
-0.1650386
-0.1545108
-0.1536643
-0.1596589
-0.1639860
-0.1625024
-0.1584199
-0.1565419
-0.1575005
-0.1581856
-0.1557194
-0.1497010
-0.1418076
-0.1348144
-0.1314332
-0.1321549
-0.1337039
-0.1312167
-0.1234069
-0.1149362
-0.1119333
-0.1147052
-0.1161761
-0.1087114
-0.0921481
-0.0741229
-0.0624871
-0.0582286
-0.0559561
-0.0501912
-0.0401993
-0.0291864
-0.0202354
-0.0136351
-0.0072515
0.0017136
0.0152621
0.0335315
0.0541016
0.0727621
0.0863402
0.0956413
0.1052465
0.1194881
0.1381568
0.1564476
0.1696772
0.1783279
0.1882379
0.2052626
0.2292393
0.2532251
0.2692555
0.2754669
0.2776149
0.2831712
0.2936049
0.3025866
0.3020570
0.2900643
0.2723900
0.2564135
0.2436573
0.2285720
0.2043933
0.1698212
0.1301637
0.0927039
0.0613076
0.0348393
0.0096994
-0.0163818
-0.0422062
-0.0638054
-0.0773412
-0.0822164
-0.0820324
-0.0823777
-0.0869859
-0.0953671
-0.1038642
-0.1091255
-0.1109550
-0.1122117
-0.1160286
-0.1227848
-0.1293752
-0.1314934
-0.1272383
-0.1190886
-0.1123683
-0.1112509
-0.1156567
-0.1216981
-0.1251124
-0.1245858
-0.1223596
-0.1220514
-0.1255819
-0.1313728
-0.1351349
-0.1330477
-0.1251743
-0.1160111
-0.1110357
-0.1120882
-0.1162117
-0.1193387
-0.1208623
-0.1238953
-0.1308656
-0.1396258
-0.1448021
-0.1430280
-0.1362366
-0.1295750
-0.1266221
-0.1270828
-0.1286134
-0.1297913
-0.1308946
-0.1325453
-0.1346266
-0.1366782
-0.1385550
-0.1399425
-0.1393994
-0.1348459
-0.1257766
-0.1147580
-0.1056814
-0.0997173
-0.0933102
-0.0813451
-0.0630810
-0.0443950
-0.0326891
-0.0286324
-0.0234862
-0.0061538
0.0258555
0.0621558
0.0864670
0.0885269
0.0702751
0.0419564
0.0133937
-0.0112945
-0.0324683
-0.0507739
-0.0650156
-0.0736415
-0.0775673
-0.0811820
-0.0902360
-0.1079556
-0.1323634
-0.1571898
-0.1759814
-0.1861836
-0.1899647
-0.1916415
-0.1944693
-0.1991831
-0.2041705
-0.2062015
-0.2019450
-0.1907392
-0.1766302
-0.1663262
-0.1634131
-0.1645845
-0.1628283
-0.1545049
-0.1418358
-0.1279675
-0.1122715
-0.0939878
-0.0796482
-0.0802847
-0.0941915
-0.0916390
-0.0229214
0.1506948
0.4293025
0.7740682
1.1288695
1.4369777
1.6398323
1.6762096
1.5056694
1.1477031
0.6959152
0.2791008
-0.0085117
-0.1516705
-0.1989795
-0.2094659
-0.2122174
-0.2073829
-0.1915453
-0.1728397
-0.1632267
-0.1644747
-0.1674003
-0.1637269
-0.1548729
-0.1483181
-0.1480851
-0.1510687
-0.1518522
-0.1487837
-0.1446021
-0.1425252
-0.1430892
-0.1444023
-0.1440732
-0.1403965
-0.1326692
-0.1216545
-0.1099626
-0.1010721
-0.0969370
-0.0962040
-0.0951270
-0.0907979
-0.0838292
-0.0778184
-0.0757761
-0.0765889
-0.0748965
-0.0650910
-0.0465163
-0.0252879
-0.0102898
-0.0058516
-0.0074243
-0.0050163
0.0077476
0.0273071
0.0434197
0.0495692
0.0501443
0.0565458
0.0758137
0.1035710
0.1286158
0.1439751
0.1526503
0.1627911
