0.0434181
0.0487592
0.0566854
0.0525999
0.0276891
-0.0011425
0.0081140
0.0954333
0.2704299
0.5117376
0.7896620
1.0779001
1.3357444
1.4883377
1.4489724
1.1837924
0.7609174
0.3256423
0.0114341
-0.1381227
-0.1713031
-0.1640058
-0.1576042
-0.1506711
-0.1324995
-0.1093444
-0.0973293
-0.1008808
-0.1078049
-0.1052016
-0.0940759
-0.0856733
-0.0869695
-0.0938376
-0.0978324
-0.0958741
-0.0916133
-0.0896370
-0.0912038
-0.0952858
-0.1008706
-0.1065797
-0.1095072
-0.1070026
-0.1002916
-0.0948959
-0.0960224
-0.1035362
-0.1122637
-0.1174314
-0.1191685
-0.1211545
-0.1251900
-0.1279611
-0.1236780
-0.1098095
-0.0899576
-0.0710510
-0.0576866
-0.0488492
-0.0396658
-0.0262782
-0.0093678
0.0068208
0.0190640
0.0289726
0.0420475
0.0624519
0.0884374
0.1130962
0.1299745
0.1382079
0.1423536
0.1474621
0.1544765
0.1601046
0.1603572
0.1537133
0.1414309
0.1259859
0.1096089
0.0934323
0.0771223
0.0596977
0.0416935
0.0263400
0.0171100
0.0133196
0.0095528
0.0015162
-0.0076111
-0.0091514
0.0010165
0.0160527
0.0251049
0.0269643
0.0328257
0.0520143
0.0775294
0.0929118
0.0976487
0.1224020
0.2121947
0.3912185
0.6449941
0.9354707
1.2257134
1.4821755
1.6566786
1.6840302
1.5180977
1.1799244
0.7655892
0.3952538
0.1439980
0.0132622
-0.0408383
-0.0601597
-0.0635057
-0.0580357
-0.0543436
-0.0632397
-0.0834160
-0.1017590
-0.1089559
-0.1108962
-0.1210319
-0.1432545
-0.1667056
-0.1785066
-0.1782736
-0.1772414
-0.1845108
-0.1976362
-0.2074525
-0.2091828
-0.2060349
-0.2028022
-0.1993309
-0.1920716
-0.1803008
-0.1678702
-0.1582776
-0.1502728
-0.1402351
-0.1278700
-0.1169394
-0.1095331
-0.1015182
-0.0857849
-0.0599292
-0.0291016
-0.0004694
0.0241703
0.0489986
0.0775648
0.1070022
0.1299199
0.1417366
0.1451809
0.1474209
0.1535677
0.1632538
0.1724841
0.1776281
0.1778468
0.1748843
0.1710477
0.1667356
0.1593466
0.1450902
0.1228169
0.0962067
0.0713248
0.0512473
0.0334205
0.0133061
-0.0091987
-0.0281466
-0.0374736
-0.0381239
-0.0377979
-0.0430422
-0.0525137
-0.0589290
-0.0570885
-0.0487588
-0.0394766
-0.0316737
-0.0220550
-0.0057486
0.0177476
0.0431497
0.0633673
0.0742742
0.0760394
0.0713253
0.0632456
0.0543842
0.0460462
0.0374376
0.0259985
0.0095895
-0.0109779
-0.0315991
-0.0476313
-0.0577093
-0.0650332
-0.0743973
-0.0874799
-0.1012280
-0.1112735
-0.1167954
-0.1214545
-0.1292759
-0.1399158
-0.1484662
-0.1501843
-0.1453946
-0.1396138
-0.1389126
-0.1453173
-0.1564027
-0.1681930
-0.1774290
-0.1815053
-0.1779713
-0.1653669
-0.1444027
-0.1177561
-0.0887841
-0.0606874
-0.0363938
-0.0180766
-0.0060647
0.0013973
0.0063369
0.0085330
0.0053969
-0.0046612
-0.0186870
-0.0300663
-0.0339211
-0.0315921
-0.0293523
-0.0327454
-0.0422609
-0.0538274
-0.0626057
-0.0665253
-0.0674387
-0.0696550
-0.0767298
-0.0884096
-0.1001851
-0.1065354
-0.1057654
-0.1020559
-0.1020421
-0.1085357
-0.1177538
-0.1234726
-0.1239453
-0.1238969
-0.1292040
-0.1399920
-0.1493706
-0.1488119
-0.1348112
-0.1111097
-0.0852994
-0.0632517
-0.0460595
-0.0315949
-0.0185942
-0.0090264
-0.0063517
-0.0113576
-0.0198217
-0.0249460
-0.0230831
-0.0174038
-0.0152572
-0.0212286
-0.0329420
-0.0440001
-0.0505750
-0.0544777
-0.0602018
-0.0701076
-0.0827620
-0.0949432
-0.1042787
-0.1102390
-0.1138464
-0.1173089
-0.1234378
-0.1339022
-0.1470871
-0.1583687
-0.1639553
-0.1648074
-0.1658077
-0.1704855
-0.1772414
-0.1814979
-0.1811325
-0.1788739
-0.1792014
-0.1834249
-0.1880539
-0.1876555
-0.1789645
-0.1624581
-0.1408125
-0.1166796
-0.0918642
-0.0676489
-0.0452303
-0.0261285
-0.0123179
-0.0049489
-0.0020700
0.0013182
0.0088870
0.0184722
0.0241188
0.0241835
0.0257355
0.0374372
0.0569200
0.0686073
0.0595191
0.0400049
0.0468586
0.1218328
0.2840069
0.5200389
0.7947163
1.0626623
1.2686114
1.3487466
1.2526564
0.9801069
0.5988872
0.2175750
-0.0723292
-0.2397437
-0.3109712
-0.3316945
-0.3327448
-0.3242424
-0.3088198
-0.2906330
-0.2725371
-0.2524548
-0.2276588
-0.2008851
-0.1785434
-0.1630005
-0.1498391
-0.1344110
-0.1193114
-0.1126625
-0.1185185
-0.1308269
-0.1385735
-0.1365976
-0.1300611
-0.1282900
-0.1355738
-0.1483353
-0.1596298
-0.1650100
-0.1650480
-0.1642439
-0.1677019
-0.1770320
-0.1881209
-0.1935645
-0.1889419
-0.1775639
-0.1684966
-0.1686761
-0.1763376
-0.1827111
-0.1808672
-0.1725308
-0.1652933
-0.1633212
-0.1622156
-0.1538723
-0.1357863
-0.1145577
-0.0998510
-0.0947884
-0.0920541
-0.0796531
-0.0514508
-0.0130120
0.0226659
0.0456530
0.0564141
0.0639177
0.0767672
0.0951520
0.1104367
0.1128696
0.1006490
0.0816560
0.0658270
0.0558131
0.0456464
0.0286383
0.0059192
-0.0134702
-0.0211363
-0.0178509
-0.0132030
-0.0164433
-0.0278832
-0.0398638
-0.0459107
-0.0477272
-0.0525961
-0.0647658
-0.0804179
-0.0910763
-0.0915757
-0.0850101
-0.0804074
-0.0852482
-0.0991661
-0.1139591
-0.1195500
-0.1109193
-0.0911061
-0.0687533
-0.0521187
-0.0437046
-0.0397602
-0.0352833
-0.0297016
-0.0273013
-0.0320687
-0.0427371
-0.0533755
-0.0588044
-0.0593040
-0.0598759
-0.0645916
-0.0717030
-0.0750330
-0.0707308
-0.0621348
-0.0570595
-0.0601648
-0.0684761
-0.0745866
-0.0741082
-0.0699013
-0.0687866
-0.0737664
-0.0798021
-0.0783671
-0.0667173
-0.0518273
-0.0440742
-0.0469942
-0.0539139
-0.0549662
-0.0472227
-0.0375489
-0.0351192
-0.0412111
-0.0473465
-0.0444469
-0.0333352
-0.0246938
-0.0280667
-0.0417539
-0.0543571
-0.0561373
-0.0485201
-0.0425224
-0.0479338
-0.0639488
-0.0804562
-0.0884772
-0.0888277
-0.0902216
-0.0995756
-0.1151474
-0.1290971
-0.1358474
-0.1373942
-0.1405089
-0.1489098
-0.1585115
-0.1609970
-0.1522988
-0.1370392
-0.1242578
-0.1191468
-0.1191699
-0.1176202
-0.1104504
-0.0999555
-0.0919781
-0.0889046
-0.0853378
-0.0722983
-0.0476187
-0.0219595
-0.0116582
-0.0217901
-0.0337869
-0.0101956
0.0850072
0.2659269
0.5188169
0.8099205
1.0933839
1.3120293
1.4020999
1.3164723
1.0587424
0.6977070
0.3398222
0.0736421
-0.0720397
-0.1256346
-0.1345706
-0.1289402
-0.1152311
-0.0940401
-0.0741683
-0.0675532
-0.0761698
-0.0900943
-0.0990491
-0.1026354
-0.1078375
-0.1186897
-0.1310558
-0.1377733
-0.1370967
-0.1343544
-0.1352879
-0.1393999
-0.1412683
-0.1377334
-0.1317999
-0.1288138
-0.1301807
-0.1320319
-0.1295208
-0.1213520
-0.1099527
-0.0977305
-0.0837791
-0.0650783
-0.0414555
-0.0184871
-0.0036736
0.0010816
0.0023747
0.0096225
0.0261105
0.0457685
0.0591584
0.0631595
0.0646416
0.0735834
0.0920986
0.1113907
0.1207354
0.1187862
0.1144991
0.1169779
0.1259395
0.1328873
0.1306998
0.1207539
0.1102281
0.1031397
0.0954818
0.0801489
0.0558876
0.0296294
0.0095753
-0.0026701
-0.0124001
-0.0255123
-0.0430718
-0.0614116
-0.0762013
-0.0860696
-0.0926768
-0.0975423
-0.0991443
-0.0937342
-0.0792793
-0.0584408
-0.0376312
-0.0230045
-0.0164721
-0.0147329
-0.0125810
-0.0081613
-0.0049120
-0.0075495
-0.0163323
-0.0262600
-0.0319889
-0.0327264
-0.0321884
-0.0344876
-0.0403425
-0.0469426
-0.0513835
-0.0542026
-0.0590249
-0.0683289
-0.0800778
-0.0892433
-0.0926464
-0.0921052
-0.0930344
-0.0998595
-0.1120842
-0.1246480
-0.1327758
-0.1364901
-0.1393948
-0.1430251
-0.1441219
-0.1386368
-0.1272892
-0.1153951
-0.1070600
-0.1006970
-0.0911433
-0.0761803
-0.0602064
-0.0503339
-0.0484541
-0.0482920
-0.0416872
-0.0276071
-0.0138797
-0.0099463
-0.0184160
-0.0331068
-0.0442374
-0.0461101
-0.0416096
-0.0397547
-0.0474911
-0.0627018
-0.0754541
-0.0768029
-0.0668417
-0.0544638
-0.0492668
-0.0532630
-0.0601650
-0.0625423
-0.0587973
-0.0522797
-0.0447652
-0.0335444
-0.0155878
0.0079653
0.0332430
0.0575314
0.0789238
0.0932003
0.0957769
0.0905630
0.0967832
0.1438617
0.2558073
0.4375881
0.6734139
0.9328393
1.1731144
1.3373307
1.3635739
1.2145618
0.9101961
0.5303949
0.1769786
-0.0785508
-0.2214857
-0.2799741
-0.2911913
-0.2787859
-0.2535224
-0.2241252
-0.2004221
-0.1868833
-0.1789230
-0.1692948
-0.1569245
-0.1473174
-0.1452366
-0.1491420
-0.1523896
-0.1477884
-0.1309960
-0.1020426
-0.0656893
-0.0301748
-0.0038923
0.0087984
0.0098549
0.0054748
0.0006499
-0.0044193
-0.0119246
-0.0211441
-0.0273973
-0.0268482
-0.0209242
-0.0149097
-0.0126581
-0.0131068
-0.0114673
-0.0036885
0.0096081
0.0235717
0.0341598
0.0425660
0.0536127
0.0696778
0.0872921
0.1002279
0.1054461
0.1057436
0.1066853
0.1107102
0.1141766
0.1109813
0.0995188
0.0851092
0.0747899
0.0706114
0.0689130
0.0650721
0.0575529
0.0480908
0.0397856
0.0352387
0.0351760
0.0378613
0.0397374
0.0370462
0.0279451
0.0143416
0.0014694
-0.0059186
-0.0076676
-0.0079242
-0.0107857
-0.0173065
-0.0265441
-0.0374877
-0.0489296
-0.0588657
-0.0656297
-0.0695719
-0.0730085
-0.0784116
-0.0864051
-0.0950769
-0.1014919
-0.1044783
-0.1057977
-0.1083753
-0.1140992
-0.1235552
-0.1361185
-0.1487171
-0.1560032
-0.1545750
-0.1471954
-0.1404759
-0.1371496
-0.1318736
-0.1163448
-0.0889272
-0.0581893
-0.0351819
-0.0215082
-0.0070976
0.0171988
0.0454901
0.0602771
0.0540292
0.0467123
0.0791162
0.1872754
0.3812477
0.6425556
0.9332136
1.2018276
1.3851939
1.4189431
1.2662573
0.9496210
0.5541756
0.1885986
-0.0711490
-0.2114695
-0.2656921
-0.2759498
-0.2676721
-0.2498781
-0.2276520
-0.2082903
-0.1971749
-0.1932516
-0.1924834
-0.1948910
-0.2044178
-0.2206520
-0.2342790
-0.2345802
-0.2208785
-0.2036773
-0.1940096
-0.1933856
-0.1945243
-0.1903030
-0.1808131
-0.1719026
-0.1677204
-0.1660256
-0.1619055
-0.1552077
-0.1517965
-0.1565228
-0.1666180
-0.1734211
-0.1700491
-0.1569396
-0.1408239
-0.1286022
-0.1210441
-0.1120417
-0.0951689
-0.0713435
-0.0488209
-0.0351325
-0.0300249
-0.0266866
-0.0189359
-0.0067729
0.0044628
0.0100832
0.0112351
0.0134705
0.0198945
0.0272878
0.0302744
0.0276513
0.0222154
0.0152964
0.0046654
-0.0112142
-0.0289603
-0.0422190
-0.0480300
-0.0506121
-0.0578029
-0.0728511
-0.0904005
-0.1022464
-0.1066308
-0.1092779
-0.1149249
-0.1212229
-0.1230894
-0.1203161
-0.1173262
-0.1162386
-0.1137161
-0.1058405
-0.0938407
-0.0823805
-0.0720882
-0.0568230
-0.0320925
-0.0058536
0.0051101
-0.0043128
-0.0109128
0.0284842
0.1496321
0.3606100
0.6417868
0.9533342
1.2359853
1.4129238
1.4119165
1.2070203
0.8490807
0.4506558
0.1258793
-0.0709530
-0.1589655
-0.1912051
-0.2053626
-0.2087017
-0.1977025
-0.1789846
-0.1678630
-0.1726259
-0.1866100
-0.1969991
-0.1993922
-0.2016276
-0.2130456
-0.2323374
-0.2487389
-0.2546215
-0.2535373
-0.2547505
-0.2625805
-0.2731742
-0.2802416
-0.2818771
-0.2817937
-0.2844641
-0.2890200
-0.2888108
-0.2784656
-0.2607990
-0.2446015
-0.2355945
-0.2316593
-0.2272179
-0.2200334
-0.2125079
-0.2074102
-0.2034049
-0.1951178
-0.1783798
-0.1556473
-0.1345977
-0.1202510
-0.1102635
-0.0996837
-0.0883049
-0.0803140
-0.0774057
-0.0752057
-0.0671603
-0.0505931
-0.0286858
-0.0072323
0.0105751
0.0261170
0.0414269
0.0540375
0.0581877
0.0516889
0.0390680
0.0265756
0.0160927
0.0054232
-0.0071473
-0.0203788
-0.0313815
-0.0383658
-0.0424305
-0.0464019
-0.0509554
-0.0527849
-0.0486619
-0.0407314
-0.0351579
-0.0353734
-0.0390628
-0.0422276
-0.0439808
-0.0464083
-0.0509988
-0.0559104
-0.0566531
-0.0505326
-0.0412646
-0.0374985
-0.0449482
-0.0612119
-0.0799619
-0.0983477
-0.1175303
-0.1369751
-0.1514031
-0.1543119
-0.1437799
-0.1250008
-0.1070946
-0.0959279
-0.0897014
-0.0833591
-0.0772453
-0.0779969
-0.0892657
-0.1046484
-0.1128567
-0.1089982
-0.0989960
-0.0934504
-0.0979254
-0.1084621
-0.1162523
-0.1172034
-0.1158971
-0.1186727
-0.1246236
-0.1267919
-0.1216357
-0.1134839
-0.1088327
-0.1091172
-0.1103102
-0.1080560
-0.1026239
-0.0993311
-0.1027087
-0.1087754
-0.1054890
-0.0844462
-0.0512063
-0.0202225
0.0007785
0.0178930
0.0405303
0.0654828
0.0755462
0.0591541
0.0341894
0.0481309
0.1461521
0.3357065
0.5852649
0.8554481
1.1194626
1.3456223
1.4713606
1.4188515
1.1550739
0.7400412
0.3073222
-0.0164746
-0.1860804
-0.2428473
-0.2551208
-0.2587526
-0.2513602
-0.2269996
-0.1983845
-0.1839040
-0.1861196
-0.1919392
-0.1899203
-0.1807057
-0.1710271
-0.1625317
-0.1497247
-0.1288105
-0.1057638
-0.0917397
-0.0898794
-0.0909043
-0.0845799
-0.0721487
-0.0636755
-0.0655786
-0.0748662
-0.0841853
-0.0887649
-0.0890066
-0.0890446
-0.0924650
-0.0981937
-0.1019586
-0.1024531
-0.1033036
-0.1075992
-0.1134187
-0.1164527
-0.1142986
-0.1066712
-0.0943079
-0.0793836
-0.0645905
-0.0506646
-0.0370632
-0.0251308
-0.0172731
-0.0126059
-0.0068019
0.0033045
0.0180253
0.0373693
0.0613043
0.0870693
0.1096592
0.1255406
0.1336862
0.1339856
0.1275747
0.1174127
0.1053032
0.0897560
0.0698651
0.0492160
0.0322363
0.0185171
0.0044861
-0.0108980
-0.0255210
-0.0375963
-0.0468929
-0.0541158
-0.0610105
-0.0686379
-0.0740940
-0.0726868
-0.0654208
-0.0601403
-0.0624896
-0.0694344
-0.0742201
-0.0740285
-0.0703490
-0.0653755
-0.0603275
-0.0544734
-0.0447985
-0.0298526
-0.0139410
-0.0034053
0.0009786
0.0033036
0.0050455
0.0040026
0.0006024
-0.0006275
0.0032796
0.0110559
0.0199800
0.0271605
0.0293578
0.0263135
0.0228405
0.0228796
0.0233510
0.0189653
0.0114673
0.0091977
0.0182355
0.0363215
0.0527084
0.0529849
0.0314615
0.0045088
0.0068353
0.0694066
0.2040926
0.4091949
0.6752465
0.9712098
1.2288729
1.3573357
1.2887745
1.0239889
0.6433068
0.2686317
-0.0036812
-0.1490581
-0.2027577
-0.2108456
-0.1993258
-0.1801862
-0.1639741
-0.1568829
-0.1563199
-0.1577275
-0.1610397
-0.1673867
-0.1746216
-0.1778517
-0.1712199
-0.1520081
-0.1279323
-0.1148452
-0.1194482
-0.1300663
-0.1332774
-0.1324921
-0.1389167
-0.1510913
-0.1569904
-0.1524036
-0.1449107
-0.1422126
-0.1459241
-0.1532577
-0.1576696
-0.1536093
-0.1459658
-0.1454814
-0.1495972
-0.1410596
-0.1131334
-0.0817503
-0.0633399
-0.0550791
-0.0467045
-0.0369566
-0.0283749
-0.0201385
-0.0143984
-0.0150597
-0.0152008
-0.0035808
0.0129857
0.0156214
0.0047452
-0.0000270
0.0056254
0.0055490
-0.0037863
-0.0073913
-0.0032379
-0.0044109
-0.0067969
0.0045117
0.0141437
-0.0081998
-0.0456448
-0.0482226
-0.0242311
-0.0475012
-0.1406281
