0.0470812
0.0448653
0.0308825
0.0088259
-0.0156526
-0.0368574
-0.0519786
-0.0624760
-0.0721281
-0.0834070
-0.0960842
-0.1094019
-0.1243162
-0.1419892
-0.1602726
-0.1738852
-0.1797016
-0.1809068
-0.1838962
-0.1910635
-0.1987749
-0.2033290
-0.2065267
-0.2125379
-0.2201190
-0.2218382
-0.2129702
-0.1986181
-0.1886217
-0.1860124
-0.1842389
-0.1770941
-0.1677990
-0.1643063
-0.1667167
-0.1643252
-0.1476733
-0.1207637
-0.0975818
-0.0870455
-0.0850183
-0.0821570
-0.0759615
-0.0715722
-0.0722939
-0.0741909
-0.0719347
-0.0668379
-0.0654352
-0.0706082
-0.0774010
-0.0787593
-0.0729535
-0.0630793
-0.0506953
-0.0334655
-0.0101319
0.0148271
0.0342221
0.0453157
0.0515389
0.0565114
0.0586257
0.0535921
0.0413024
0.0272684
0.0161351
0.0057209
-0.0100770
-0.0326289
-0.0552565
-0.0700612
-0.0767585
-0.0824262
-0.0924206
-0.1040657
-0.1112187
-0.1136132
-0.1183928
-0.1312935
-0.1486938
-0.1611616
-0.1645182
-0.1645390
-0.1691832
-0.1780496
-0.1824476
-0.1762185
-0.1639210
-0.1562188
-0.1580680
-0.1638383
-0.1646901
-0.1589177
-0.1532330
-0.1541117
-0.1592623
-0.1583757
-0.1425394
-0.1138702
-0.0869229
-0.0793985
-0.0972242
-0.1242098
-0.1251932
-0.0625356
0.0848778
0.3126845
0.5942754
0.8870788
1.1349475
1.2733040
1.2492851
1.0538057
0.7406827
0.4083560
0.1494317
0.0041750
-0.0474393
-0.0545051
-0.0560637
-0.0647301
-0.0763671
-0.0865229
-0.0965938
-0.1097739
-0.1265266
-0.1445357
-0.1604942
-0.1711186
-0.1746285
-0.1731415
-0.1725227
-0.1774783
-0.1864196
-0.1929625
-0.1934977
-0.1918469
-0.1945423
-0.2019241
-0.2063618
-0.2007461
-0.1874095
-0.1763062
-0.1741027
-0.1771269
-0.1764845
-0.1686695
-0.1585714
-0.1518766
-0.1472294
-0.1381311
-0.1215418
-0.1016605
-0.0840631
-0.0682105
-0.0486601
-0.0240232
-0.0020322
0.0071065
0.0025342
-0.0042347
0.0002284
0.0181643
0.0390819
0.0510787
0.0522891
0.0504202
0.0521480
0.0549041
0.0497960
0.0314627
0.0035088
-0.0258211
-0.0517525
-0.0755685
-0.1000295
-0.1244910
-0.1457296
-0.1624471
-0.1769414
-0.1916815
-0.2053702
-0.2137893
-0.2147562
-0.2113419
-0.2093295
-0.2115792
-0.2156356
-0.2171318
-0.2147248
-0.2106842
-0.2068027
-0.2011290
-0.1899309
-0.1726383
-0.1534214
-0.1366940
-0.1213571
-0.1011840
-0.0723270
-0.0398052
-0.0141746
-0.0002317
0.0097339
0.0288286
0.0609445
0.0952876
0.1177585
0.1272514
0.1375132
0.1606639
0.1906695
0.2076806
0.2016410
0.1903579
0.2111831
0.2938681
0.4422664
0.6401315
0.8665088
1.0965456
1.2869893
1.3728873
1.2962851
1.0509966
0.7013307
0.3505571
0.0816281
-0.0810699
-0.1624862
-0.1994184
-0.2139916
-0.2149762
-0.2106208
-0.2108518
-0.2183660
-0.2251148
-0.2221333
-0.2111154
-0.2027821
-0.2039805
-0.2099338
-0.2112198
-0.2059862
-0.2014324
-0.2029085
-0.2052063
-0.1977070
-0.1772179
-0.1527278
-0.1364704
-0.1318143
-0.1309447
-0.1230585
-0.1030327
-0.0727899
-0.0373346
-0.0017847
0.0288538
0.0505651
0.0633480
0.0725120
0.0846415
0.1013917
0.1181867
0.1295985
0.1350315
0.1380345
0.1405489
0.1394776
0.1298239
0.1106060
0.0865561
0.0637157
0.0441786
0.0259586
0.0074629
-0.0096214
-0.0228354
-0.0332538
-0.0453820
-0.0621944
-0.0813982
-0.0977228
-0.1086234
-0.1166350
-0.1257001
-0.1360226
-0.1436982
-0.1455284
-0.1430541
-0.1408101
-0.1410799
-0.1417812
-0.1398996
-0.1357365
-0.1325385
-0.1322440
-0.1327138
-0.1295168
-0.1199732
-0.1051584
-0.0880904
-0.0699583
-0.0480149
-0.0177480
0.0214564
0.0619064
0.0901558
0.0975221
0.0915400
0.0977063
0.1477613
0.2633612
0.4482325
0.6909019
0.9666876
1.2312035
1.4166498
1.4507501
1.2982067
0.9939438
0.6336303
0.3213430
0.1140129
0.0053242
-0.0457564
-0.0751631
-0.0970578
-0.1131751
-0.1258028
-0.1383634
-0.1498111
-0.1559435
-0.1569435
-0.1592902
-0.1680048
-0.1796498
-0.1862610
-0.1855893
-0.1840667
-0.1881461
-0.1950799
-0.1954684
-0.1849292
-0.1701845
-0.1616386
-0.1617205
-0.1635642
-0.1610875
-0.1569763
-0.1582375
-0.1651899
-0.1680753
-0.1561603
-0.1294004
-0.0997902
-0.0807812
-0.0754917
-0.0749945
-0.0672302
-0.0469798
-0.0178837
0.0133628
0.0432507
0.0720582
0.0995429
0.1213989
0.1310657
0.1256757
0.1097609
0.0916491
0.0753567
0.0568977
0.0299103
-0.0052914
-0.0398258
-0.0642858
-0.0780469
-0.0895244
-0.1070624
-0.1303770
-0.1516124
-0.1642969
-0.1699759
-0.1755653
-0.1852972
-0.1966129
-0.2037326
-0.2038739
-0.1995087
-0.1955212
-0.1948934
-0.1965695
-0.1967332
-0.1924074
-0.1844366
-0.1767707
-0.1721383
-0.1684993
-0.1607934
-0.1468323
-0.1304363
-0.1167455
-0.1040719
-0.0832418
-0.0486135
-0.0093526
0.0156974
0.0199352
0.0260598
0.0767924
0.2044133
0.4078841
0.6580326
0.9196389
1.1619974
1.3480982
1.4248834
1.3420025
1.0935807
0.7429540
0.3974204
0.1466866
0.0156647
-0.0312129
-0.0460453
-0.0580430
-0.0685591
-0.0717399
-0.0713855
-0.0779422
-0.0952228
-0.1154149
-0.1277148
-0.1294330
-0.1273399
-0.1295488
-0.1379156
-0.1480348
-0.1548073
-0.1571721
-0.1582017
-0.1614270
-0.1670361
-0.1714823
-0.1709813
-0.1654202
-0.1585569
-0.1543955
-0.1537983
-0.1548158
-0.1558203
-0.1574552
-0.1608588
-0.1640419
-0.1611059
-0.1465636
-0.1210903
-0.0923567
-0.0692646
-0.0550071
-0.0455266
-0.0341575
-0.0175392
0.0022526
0.0203932
0.0338518
0.0435322
0.0520111
0.0593027
0.0614553
0.0539915
0.0368653
0.0156049
-0.0031133
-0.0176040
-0.0328332
-0.0550792
-0.0842834
-0.1123305
-0.1300393
-0.1358753
-0.1368851
-0.1409820
-0.1493470
-0.1568474
-0.1588468
-0.1563208
-0.1543163
-0.1564818
-0.1618157
-0.1662233
-0.1660589
-0.1599421
-0.1486989
-0.1352287
-0.1237147
-0.1162963
-0.1095516
-0.0967589
-0.0763734
-0.0571826
-0.0507928
-0.0558185
-0.0497131
0.0017012
0.1246307
0.3243021
0.5854325
0.8772335
1.1527531
1.3479862
1.3970850
1.2666443
0.9853849
0.6387293
0.3250816
0.1058168
-0.0138132
-0.0653088
-0.0837501
-0.0893415
-0.0901133
-0.0914035
-0.0979532
-0.1095084
-0.1200855
-0.1245495
-0.1248177
-0.1277225
-0.1371751
-0.1500904
-0.1602650
-0.1650144
-0.1673251
-0.1720795
-0.1808010
-0.1900615
-0.1948388
-0.1934211
-0.1890095
-0.1865632
-0.1882729
-0.1920789
-0.1942161
-0.1930576
-0.1907571
-0.1911344
-0.1954826
-0.2004159
-0.2005423
-0.1936707
-0.1830168
-0.1740401
-0.1695070
-0.1678389
-0.1657374
-0.1619343
-0.1585480
-0.1590027
-0.1644082
-0.1717585
-0.1757720
-0.1726941
-0.1626823
-0.1492634
-0.1369802
-0.1289937
-0.1258855
-0.1263596
-0.1291371
-0.1337564
-0.1391517
-0.1422779
-0.1396816
-0.1310593
-0.1206113
-0.1140326
-0.1137933
-0.1173684
-0.1203626
-0.1215858
-0.1245281
-0.1328083
-0.1441756
-0.1505950
-0.1457097
-0.1319391
-0.1190106
-0.1150505
-0.1195113
-0.1250445
-0.1258745
-0.1235601
-0.1239730
-0.1290675
-0.1332738
-0.1293069
-0.1167765
-0.1032505
-0.0965932
-0.0977729
-0.1016986
-0.1033351
-0.1013891
-0.0970820
-0.0918796
-0.0871306
-0.0836123
-0.0787630
-0.0651897
-0.0366938
0.0003196
0.0240596
0.0142897
-0.0215520
-0.0403125
0.0130689
0.1693930
0.4195998
0.7279776
1.0499324
1.3315630
1.5019461
1.4893842
1.2679601
0.8956911
0.4971291
0.1913695
0.0234791
-0.0419502
-0.0670715
-0.0851122
-0.0924606
-0.0803684
-0.0598749
-0.0528718
-0.0671418
-0.0888813
-0.1003801
-0.0996562
-0.0992668
-0.1085932
-0.1227121
-0.1301013
-0.1272310
-0.1215647
-0.1213871
-0.1269493
-0.1329622
-0.1367638
-0.1410209
-0.1488689
-0.1588255
-0.1656713
-0.1655556
-0.1591010
-0.1495832
-0.1395057
-0.1300999
-0.1231109
-0.1204313
-0.1209263
-0.1195406
-0.1117321
-0.0984060
-0.0846647
-0.0734296
-0.0618013
-0.0447379
-0.0217824
0.0009661
0.0160809
0.0216821
0.0224509
0.0238523
0.0265762
0.0276362
0.0257477
0.0232702
0.0224068
0.0214352
0.0161179
0.0040670
-0.0133727
-0.0330693
-0.0527945
-0.0719470
-0.0905432
-0.1082742
-0.1246469
-0.1394764
-0.1525563
-0.1630883
-0.1705765
-0.1765328
-0.1837704
-0.1927829
-0.1999511
-0.2012325
-0.1974252
-0.1939139
-0.1945337
-0.1969116
-0.1949933
-0.1859201
-0.1735467
-0.1646965
-0.1621409
-0.1620120
-0.1586320
-0.1511850
-0.1443372
-0.1422571
-0.1433309
-0.1413414
-0.1310536
-0.1124251
-0.0905326
-0.0720140
-0.0604445
-0.0540140
-0.0480469
-0.0403392
-0.0333426
-0.0302580
-0.0296548
-0.0256707
-0.0144645
0.0003926
0.0108882
0.0138577
0.0154593
0.0231681
0.0332238
0.0310508
0.0098434
-0.0105270
0.0131635
0.1215889
0.3271018
0.6075014
0.9160581
1.1922424
1.3686288
1.3850558
1.2167639
0.9004831
0.5297462
0.2105138
0.0057970
-0.0876233
-0.1155593
-0.1230392
-0.1295871
-0.1349097
-0.1366356
-0.1385086
-0.1455541
-0.1571748
-0.1672846
-0.1701306
-0.1647350
-0.1543423
-0.1433838
-0.1353266
-0.1313264
-0.1290270
-0.1237219
-0.1130522
-0.1004797
-0.0919404
-0.0886171
-0.0851879
-0.0765701
-0.0648988
-0.0577802
-0.0596682
-0.0666061
-0.0706874
-0.0693513
-0.0686408
-0.0759590
-0.0903816
-0.1024257
-0.1041879
-0.0978860
-0.0929064
-0.0957275
-0.1046382
-0.1136217
-0.1190910
-0.1222606
-0.1265422
-0.1339512
-0.1437684
-0.1535815
-0.1607708
-0.1632255
-0.1602402
-0.1542042
-0.1506485
-0.1543103
-0.1643252
-0.1746397
-0.1799808
-0.1804212
-0.1793847
-0.1783231
-0.1747655
-0.1655723
-0.1512281
-0.1362446
-0.1249141
-0.1167878
-0.1072243
-0.0927915
-0.0750407
-0.0581293
-0.0440730
-0.0319719
-0.0207510
-0.0100889
0.0011217
0.0140441
0.0260910
0.0304714
0.0232537
0.0110825
0.0077993
0.0192781
0.0329910
0.0300106
0.0136116
0.0234008
0.1119552
0.3019492
0.5682998
0.8634354
1.1520432
1.4106640
1.5955313
1.6303100
1.4497083
1.0676294
0.5974879
0.1906226
-0.0594337
-0.1622744
-0.1913535
-0.2087784
-0.2279544
-0.2347407
-0.2249540
-0.2128106
-0.2109943
-0.2151520
-0.2116002
-0.1949371
-0.1731088
-0.1562489
-0.1451492
-0.1330593
-0.1164511
-0.1000842
-0.0909419
-0.0902788
-0.0934428
-0.0953796
-0.0940090
-0.0897191
-0.0845936
-0.0821890
-0.0856387
-0.0948517
-0.1064369
-0.1169377
-0.1257185
-0.1344540
-0.1440413
-0.1523842
-0.1559666
-0.1542727
-0.1518069
-0.1539306
-0.1605570
-0.1658106
-0.1648280
-0.1596161
-0.1570594
-0.1616156
-0.1704784
-0.1755966
-0.1706477
-0.1569875
-0.1427892
-0.1355131
-0.1354458
-0.1376012
-0.1392587
-0.1434105
-0.1539407
-0.1687627
-0.1792791
-0.1773763
-0.1633927
-0.1468244
-0.1376099
-0.1359134
-0.1319495
-0.1172221
-0.0945510
-0.0748390
-0.0644363
-0.0580494
-0.0450662
-0.0219107
0.0028962
0.0163987
0.0140162
0.0040241
-0.0016130
0.0000918
0.0017994
-0.0032291
-0.0123634
-0.0176797
-0.0161975
-0.0124877
-0.0111670
-0.0100865
-0.0038755
0.0056578
0.0059485
-0.0141450
-0.0448692
-0.0493960
0.0184138
0.1854051
0.4424859
0.7475584
1.0375290
1.2405662
1.2925646
1.1620816
0.8730862
0.5049958
0.1604074
-0.0838182
-0.2092020
-0.2488562
-0.2503438
-0.2419528
-0.2274375
-0.2030717
-0.1726817
-0.1468628
-0.1327466
-0.1275713
-0.1219436
-0.1088062
-0.0894920
-0.0713140
-0.0598156
-0.0542399
-0.0500947
-0.0443457
-0.0376980
-0.0334024
-0.0344471
-0.0405318
-0.0473855
-0.0507157
-0.0514903
-0.0556424
-0.0674754
-0.0844761
-0.0996355
-0.1083587
-0.1126836
-0.1190782
-0.1319014
-0.1486096
-0.1622435
-0.1694202
-0.1743949
-0.1835372
-0.1972958
-0.2104475
-0.2197877
-0.2282833
-0.2402441
-0.2541329
-0.2621080
-0.2574375
-0.2425779
-0.2291609
-0.2281836
-0.2396875
-0.2536801
-0.2615344
-0.2638308
-0.2654090
-0.2655022
-0.2565176
-0.2328073
-0.1985650
-0.1658993
-0.1447461
-0.1341462
-0.1238666
-0.1057684
-0.0829528
-0.0656513
-0.0584696
-0.0547424
-0.0445605
-0.0259427
-0.0063777
0.0052510
0.0066720
0.0028042
-0.0003856
-0.0018983
-0.0049721
-0.0108955
-0.0161868
-0.0174217
-0.0160839
-0.0153360
-0.0138361
-0.0074379
0.0027134
0.0087731
0.0072662
0.0122278
0.0557255
0.1720966
0.3762723
0.6517301
0.9552964
1.2309977
1.4205785
1.4710271
1.3501761
1.0697728
0.6950539
0.3226477
0.0364291
-0.1281897
-0.1887332
-0.1907945
-0.1749360
-0.1585366
-0.1407716
-0.1185412
-0.0948776
-0.0750722
-0.0605916
-0.0489426
-0.0371856
-0.0244412
-0.0127296
-0.0059336
-0.0062904
-0.0117402
-0.0183419
-0.0249113
-0.0331435
-0.0434758
-0.0533507
-0.0600815
-0.0638917
-0.0679211
-0.0759508
-0.0891843
-0.1043612
-0.1167146
-0.1260776
-0.1376499
-0.1542799
-0.1700681
-0.1750882
-0.1662113
-0.1511782
-0.1420636
-0.1453762
-0.1571292
-0.1665319
-0.1659334
-0.1579805
-0.1515370
-0.1506413
-0.1503949
-0.1443508
-0.1323477
-0.1190175
-0.1072740
-0.0958486
-0.0821810
-0.0663438
-0.0525593
-0.0464241
-0.0491227
-0.0552242
-0.0584621
-0.0588113
-0.0612598
-0.0687657
-0.0797411
-0.0915022
-0.1022634
-0.1099488
-0.1128777
-0.1120756
-0.1097274
-0.1048198
-0.0931901
-0.0732796
-0.0509457
-0.0378731
-0.0433585
-0.0630311
-0.0724707
-0.0338474
0.0869211
0.3041899
0.6025075
0.9284684
1.1913522
1.2916976
1.1766063
0.8821700
0.5204401
0.2143280
0.0300506
-0.0434601
-0.0604112
-0.0655101
-0.0692337
-0.0645210
-0.0543650
-0.0542413
-0.0719633
-0.0971541
-0.1145310
-0.1212006
-0.1268867
-0.1409992
-0.1628903
-0.1831563
-0.1931710
-0.1944001
-0.1975336
-0.2106031
-0.2299434
-0.2457316
-0.2538827
-0.2583905
-0.2639984
-0.2710856
-0.2766533
-0.2768258
-0.2698426
-0.2593454
-0.2522202
-0.2503715
-0.2478564
-0.2392398
-0.2269703
-0.2166778
-0.2086551
-0.1979218
-0.1799708
-0.1536837
-0.1219807
-0.0920521
-0.0710447
-0.0589822
-0.0495171
-0.0391223
-0.0310974
-0.0292269
-0.0324051
-0.0368334
-0.0389227
-0.0359010
-0.0290609
-0.0260875
-0.0337206
-0.0482452
-0.0598712
-0.0659326
-0.0722751
-0.0818961
-0.0903614
-0.0934263
-0.0920270
-0.0881768
-0.0810866
-0.0682722
-0.0481958
-0.0243866
-0.0081582
-0.0085235
-0.0123213
0.0184590
0.1207249
0.3053664
0.5599594
0.8598925
1.1603375
1.3859654
1.4533663
1.3200243
1.0181915
0.6459477
0.3190544
0.1095068
0.0134887
-0.0213356
-0.0377486
-0.0450114
-0.0436857
-0.0468360
-0.0657822
-0.0938578
-0.1179268
-0.1343691
-0.1459434
-0.1558043
-0.1700351
-0.1919191
-0.2111157
-0.2154091
-0.2131661
-0.2227703
-0.2410923
-0.2492610
-0.2485719
-0.2577917
-0.2741964
-0.2764564
-0.2698338
-0.2813517
-0.2990008
-0.2701222
-0.1855768
