0.0363057
0.0511137
0.0802515
0.1280942
0.1762730
0.1984248
0.1903437
0.1852309
0.2365137
0.3834160
0.6294771
0.9452703
1.2796711
1.5638820
1.7165375
1.6694352
1.4100810
1.0055544
0.5760755
0.2304352
0.0134479
-0.0953945
-0.1416541
-0.1575299
-0.1550431
-0.1414788
-0.1291707
-0.1286389
-0.1388213
-0.1498722
-0.1553536
-0.1584782
-0.1658060
-0.1777885
-0.1881026
-0.1914980
-0.1897502
-0.1890583
-0.1930878
-0.1998256
-0.2043822
-0.2031481
-0.1950679
-0.1805280
-0.1604610
-0.1363299
-0.1098894
-0.0824922
-0.0549817
-0.0284231
-0.0043863
0.0160400
0.0332393
0.0483118
0.0611701
0.0701559
0.0742739
0.0754732
0.0776669
0.0829909
0.0895486
0.0935204
0.0933733
0.0912183
0.0895103
0.0867141
0.0771556
0.0561023
0.0253994
-0.0062727
-0.0295781
-0.0418313
-0.0487641
-0.0592707
-0.0781156
-0.1029901
-0.1277539
-0.1481406
-0.1647732
-0.1815405
-0.2015424
-0.2242166
-0.2455500
-0.2608018
-0.2678044
-0.2686353
-0.2680489
-0.2691826
-0.2700721
-0.2649927
-0.2503363
-0.2292587
-0.2094591
-0.1954439
-0.1832138
-0.1636227
-0.1316968
-0.0924803
-0.0571244
-0.0330564
-0.0183324
-0.0056835
0.0087152
0.0214145
0.0263842
0.0223411
0.0145965
0.0099209
0.0102575
0.0115466
0.0081556
-0.0018940
-0.0156489
-0.0283368
-0.0375313
-0.0448918
-0.0545134
-0.0693911
-0.0887158
-0.1085173
-0.1258488
-0.1428102
-0.1652966
-0.1960993
-0.2292604
-0.2532668
-0.2616605
-0.2601911
-0.2616956
-0.2729037
-0.2870940
-0.2909678
-0.2784556
-0.2561869
-0.2349481
-0.2177653
-0.1987218
-0.1729754
-0.1446974
-0.1228181
-0.1100334
-0.0987053
-0.0785506
-0.0471132
-0.0117885
0.0172535
0.0344957
0.0402754
0.0378641
0.0316627
0.0267999
0.0267366
0.0296383
0.0294189
0.0231767
0.0168079
0.0198359
0.0334784
0.0467982
0.0479416
0.0381867
0.0305726
0.0327118
0.0347979
0.0208445
-0.0059056
-0.0120560
0.0472161
0.1970176
0.4287134
0.7098325
0.9969402
1.2344450
1.3520415
1.2862104
1.0239913
0.6307169
0.2259381
-0.0819830
-0.2507858
-0.3066311
-0.3021944
-0.2755067
-0.2415315
-0.2075968
-0.1837679
-0.1768399
-0.1821880
-0.1882804
-0.1887434
-0.1863286
-0.1849035
-0.1815661
-0.1697192
-0.1486262
-0.1264704
-0.1125949
-0.1083591
-0.1073718
-0.1039406
-0.0991024
-0.0978813
-0.1025523
-0.1102451
-0.1164355
-0.1191391
-0.1196641
-0.1207134
-0.1243998
-0.1311314
-0.1393708
-0.1467259
-0.1522100
-0.1575935
-0.1655513
-0.1754264
-0.1810193
-0.1741454
-0.1519833
-0.1211468
-0.0935556
-0.0773904
-0.0716593
-0.0690098
-0.0630231
-0.0527113
-0.0410372
-0.0303969
-0.0201338
-0.0083118
0.0046496
0.0149983
0.0190100
0.0170793
0.0133810
0.0108224
0.0070547
-0.0030563
-0.0202685
-0.0370768
-0.0428388
-0.0342142
-0.0201824
-0.0149671
-0.0247040
-0.0413149
-0.0502608
-0.0443785
-0.0299269
-0.0195575
-0.0199986
-0.0263613
-0.0277476
-0.0183521
-0.0034832
0.0056134
0.0038973
-0.0002226
0.0086370
0.0366063
0.0698264
0.0822639
0.0591913
0.0175881
0.0049836
0.0759065
0.2628824
0.5591930
0.9166527
1.2532700
1.4713811
1.4911879
1.2915831
0.9309872
0.5240542
0.1825910
-0.0385286
-0.1522480
-0.2061961
-0.2400566
-0.2675454
-0.2863835
-0.2943829
-0.2938220
-0.2869016
-0.2740509
-0.2573476
-0.2416297
-0.2300209
-0.2201002
-0.2068030
-0.1889824
-0.1716133
-0.1610995
-0.1592528
-0.1623052
-0.1649280
-0.1641216
-0.1596358
-0.1526042
-0.1451490
-0.1403480
-0.1405003
-0.1447502
-0.1492948
-0.1502623
-0.1456883
-0.1350039
-0.1188080
-0.1007643
-0.0882193
-0.0875548
-0.0971409
-0.1062419
-0.1035778
-0.0881860
-0.0707479
-0.0626573
-0.0640591
-0.0643729
-0.0549680
-0.0392189
-0.0282705
-0.0282758
-0.0348055
-0.0402609
-0.0436913
-0.0502673
-0.0615584
-0.0697189
-0.0641763
-0.0441022
-0.0220359
-0.0132869
-0.0219554
-0.0385547
-0.0510077
-0.0559619
-0.0585209
-0.0630540
-0.0672612
-0.0658425
-0.0580209
-0.0494304
-0.0463482
-0.0492312
-0.0530090
-0.0534690
-0.0518562
-0.0522116
-0.0552226
-0.0566480
-0.0520819
-0.0414908
-0.0277170
-0.0116044
0.0088706
0.0332403
0.0535951
0.0586056
0.0465259
0.0359799
0.0621425
0.1584591
0.3379299
0.5871717
0.8719387
1.1431334
1.3398102
1.3990322
1.2810311
0.9991152
0.6280579
0.2740726
0.0208233
-0.1098027
-0.1530986
-0.1616273
-0.1673185
-0.1743655
-0.1776748
-0.1798030
-0.1893885
-0.2087584
-0.2286998
-0.2368034
-0.2293121
-0.2135983
-0.2000523
-0.1934276
-0.1921289
-0.1933352
-0.1962203
-0.2005286
-0.2045770
-0.2061404
-0.2045904
-0.2012627
-0.1979870
-0.1956176
-0.1935117
-0.1899289
-0.1832665
-0.1735528
-0.1629360
-0.1544086
-0.1494374
-0.1462211
-0.1403093
-0.1277635
-0.1083090
-0.0851424
-0.0616090
-0.0390608
-0.0186556
-0.0040064
0.0002596
-0.0063354
-0.0172133
-0.0226957
-0.0183871
-0.0101739
-0.0099351
-0.0246244
-0.0490382
-0.0702515
-0.0797379
-0.0804788
-0.0819231
-0.0893694
-0.0997753
-0.1074152
-0.1114094
-0.1160596
-0.1242288
-0.1324618
-0.1344331
-0.1288407
-0.1215989
-0.1188380
-0.1192340
-0.1156059
-0.1039167
-0.0883907
-0.0768660
-0.0728114
-0.0733595
-0.0739458
-0.0723194
-0.0672402
-0.0554958
-0.0337353
-0.0048282
0.0197494
0.0277859
0.0181964
0.0030522
-0.0045101
-0.0037656
-0.0056251
-0.0182603
-0.0359980
-0.0448923
-0.0391348
-0.0294022
-0.0324725
-0.0528348
-0.0776171
-0.0917467
-0.0955186
-0.1022651
-0.1182258
-0.1309186
-0.1237024
-0.1006241
-0.0889139
-0.1100528
-0.1481910
-0.1515546
-0.0682837
0.1185349
0.3880605
0.7030950
1.0219271
1.2880954
1.4255126
1.3688368
1.1145791
0.7418067
0.3723287
0.0992050
-0.0565571
-0.1308958
-0.1682321
-0.1878419
-0.1873463
-0.1655423
-0.1346813
-0.1127509
-0.1094714
-0.1213065
-0.1372049
-0.1477871
-0.1516115
-0.1550862
-0.1652821
-0.1810375
-0.1923548
-0.1910710
-0.1815943
-0.1777752
-0.1874863
-0.2023924
-0.2060322
-0.1922777
-0.1730024
-0.1650464
-0.1707499
-0.1750509
-0.1632991
-0.1388794
-0.1195258
-0.1169270
-0.1239550
-0.1236655
-0.1083322
-0.0868645
-0.0740075
-0.0746109
-0.0796136
-0.0766155
-0.0629179
-0.0474991
-0.0408682
-0.0443444
-0.0497083
-0.0483848
-0.0401981
-0.0336591
-0.0381422
-0.0549383
-0.0751079
-0.0866964
-0.0850805
-0.0762847
-0.0700561
-0.0705421
-0.0742849
-0.0760245
-0.0744752
-0.0720042
-0.0699986
-0.0662158
-0.0575883
-0.0452490
-0.0351868
-0.0326817
-0.0368559
-0.0424261
-0.0466596
-0.0524962
-0.0638458
-0.0793762
-0.0927778
-0.0991541
-0.1000448
-0.1014497
-0.1069331
-0.1133210
-0.1141970
-0.1079503
-0.1013667
-0.1042136
-0.1202989
-0.1437323
-0.1625538
-0.1653511
-0.1468607
-0.1111624
-0.0708510
-0.0408854
-0.0300442
-0.0363757
-0.0501842
-0.0614738
-0.0652729
-0.0611012
-0.0492300
-0.0297710
-0.0061748
0.0130981
0.0205008
0.0177824
0.0152548
0.0205165
0.0301642
0.0359752
0.0382671
0.0481380
0.0730385
0.1022705
0.1130676
0.0962362
0.0756865
0.0983194
0.2013394
0.3891760
0.6399017
0.9246251
1.2096644
1.4400844
1.5372759
1.4350696
1.1331572
0.7166631
0.3145518
0.0256417
-0.1280749
-0.1873617
-0.2038948
-0.2024796
-0.1841705
-0.1511614
-0.1186547
-0.1035419
-0.1086260
-0.1221142
-0.1315384
-0.1360818
-0.1451392
-0.1659821
-0.1940212
-0.2158695
-0.2218116
-0.2146018
-0.2060096
-0.2054430
-0.2120311
-0.2170511
-0.2137356
-0.2048189
-0.1998141
-0.2040364
-0.2112985
-0.2095749
-0.1940918
-0.1727612
-0.1575194
-0.1514911
-0.1460530
-0.1303435
-0.1029030
-0.0736659
-0.0543033
-0.0464827
-0.0401068
-0.0235394
0.0048824
0.0357230
0.0577830
0.0678814
0.0725700
0.0816187
0.0993267
0.1208100
0.1365077
0.1406192
0.1347195
0.1231489
0.1067313
0.0829929
0.0521678
0.0208531
-0.0018905
-0.0125071
-0.0166675
-0.0239115
-0.0376628
-0.0515311
-0.0574065
-0.0568067
-0.0613046
-0.0801199
-0.1089034
-0.1328972
-0.1411876
-0.1368626
-0.1329649
-0.1388520
-0.1508420
-0.1565862
-0.1484727
-0.1315541
-0.1175576
-0.1124033
-0.1113396
-0.1057896
-0.0929236
-0.0778773
-0.0675590
-0.0629249
-0.0575835
-0.0448687
-0.0266188
-0.0132674
-0.0134050
-0.0240051
-0.0331975
-0.0331628
-0.0287452
-0.0322206
-0.0499424
-0.0751254
-0.0944489
-0.1013624
-0.1013159
-0.1032759
-0.1086652
-0.1118825
-0.1103339
-0.1085087
-0.1099937
-0.1102328
-0.1028151
-0.0918874
-0.0914574
-0.1066662
-0.1156204
-0.0739972
0.0574644
0.2863261
0.5846923
0.9044689
1.1896575
1.3773801
1.4054618
1.2422598
0.9205612
0.5368006
0.2032128
-0.0124303
-0.1112301
-0.1380446
-0.1372549
-0.1291782
-0.1178771
-0.1086235
-0.1108882
-0.1274937
-0.1489510
-0.1623063
-0.1629990
-0.1557796
-0.1468558
-0.1389891
-0.1333544
-0.1320185
-0.1365210
-0.1451312
-0.1530416
-0.1559846
-0.1540553
-0.1518416
-0.1541218
-0.1613347
-0.1697532
-0.1757392
-0.1788914
-0.1813219
-0.1849166
-0.1889537
-0.1893762
-0.1814341
-0.1652469
-0.1484030
-0.1402519
-0.1424342
-0.1466659
-0.1432022
-0.1309010
-0.1181649
-0.1139667
-0.1178945
-0.1191765
-0.1066512
-0.0805695
-0.0537587
-0.0401725
-0.0427602
-0.0527821
-0.0592696
-0.0578170
-0.0517718
-0.0474201
-0.0482816
-0.0528194
-0.0571491
-0.0596471
-0.0618914
-0.0650300
-0.0670560
-0.0649239
-0.0583741
-0.0504844
-0.0447965
-0.0423915
-0.0414316
-0.0396178
-0.0375771
-0.0389893
-0.0460588
-0.0560346
-0.0649259
-0.0743982
-0.0912972
-0.1181930
-0.1464492
-0.1618625
-0.1582424
-0.1445944
-0.1374405
-0.1448247
-0.1582239
-0.1620316
-0.1512325
-0.1370040
-0.1332680
-0.1405510
-0.1465742
-0.1414639
-0.1282728
-0.1175981
-0.1146737
-0.1138084
-0.1048896
-0.0840956
-0.0577015
-0.0353499
-0.0202096
-0.0067179
0.0119531
0.0347274
0.0503610
0.0444887
0.0133105
-0.0235703
-0.0235065
0.0588634
0.2434501
0.5120940
0.8197170
1.1124785
1.3343426
1.4267974
1.3420244
1.0744748
0.6858465
0.2902694
-0.0035856
-0.1532680
-0.1953044
-0.2000685
-0.2127463
-0.2326402
-0.2383113
-0.2217891
-0.1971963
-0.1839516
-0.1881791
-0.1999654
-0.2048569
-0.1962913
-0.1784305
-0.1600723
-0.1476927
-0.1425685
-0.1407739
-0.1352943
-0.1218238
-0.1049500
-0.0962897
-0.1034814
-0.1216071
-0.1373687
-0.1413615
-0.1352012
-0.1274513
-0.1239164
-0.1219492
-0.1141036
-0.0975238
-0.0785154
-0.0659729
-0.0610736
-0.0563858
-0.0456358
-0.0316194
-0.0229662
-0.0246168
-0.0328251
-0.0390091
-0.0380276
-0.0327440
-0.0298377
-0.0310675
-0.0308512
-0.0240146
-0.0133541
-0.0059633
-0.0030946
0.0020490
0.0148440
0.0297819
0.0328417
0.0144892
-0.0189691
-0.0478254
-0.0555437
-0.0444672
-0.0335246
-0.0391517
-0.0599245
-0.0805046
-0.0876871
-0.0803491
-0.0663812
-0.0542212
-0.0480699
-0.0486875
-0.0559810
-0.0689921
-0.0834203
-0.0920376
-0.0906115
-0.0826612
-0.0755842
-0.0726289
-0.0715183
-0.0699143
-0.0676282
-0.0627447
-0.0505236
-0.0296276
-0.0073116
0.0049559
0.0015194
-0.0124818
-0.0256141
-0.0287852
-0.0197463
-0.0012196
0.0213933
0.0380839
0.0350114
0.0077777
-0.0208675
-0.0026254
0.1078292
0.3221585
0.6134306
0.9327159
1.2213492
1.4112208
1.4337152
1.2528040
0.9028014
0.4901684
0.1419866
-0.0661522
-0.1442858
-0.1573900
-0.1637665
-0.1801308
-0.1933530
-0.1897113
-0.1684251
-0.1375191
-0.1076630
-0.0893935
-0.0886551
-0.1011786
-0.1135220
-0.1136333
-0.1025410
-0.0946979
-0.1039237
-0.1282162
-0.1512368
-0.1601275
-0.1581569
-0.1569518
-0.1606069
-0.1635413
-0.1624029
-0.1629488
-0.1724912
-0.1891395
-0.2015875
-0.1991592
-0.1813241
-0.1575593
-0.1380550
-0.1252011
-0.1148783
-0.1038796
-0.0919969
-0.0773216
-0.0554123
-0.0261276
0.0027439
0.0226314
0.0332189
0.0418024
0.0553174
0.0751573
0.0982408
0.1205833
0.1396143
0.1536075
0.1593002
0.1522431
0.1318721
0.1047892
0.0797900
0.0602520
0.0441822
0.0301487
0.0186800
0.0081076
-0.0061524
-0.0264575
-0.0496677
-0.0701514
-0.0848419
-0.0957419
-0.1087535
-0.1285654
-0.1524748
-0.1704924
-0.1739252
-0.1633327
-0.1471055
-0.1340163
-0.1278711
-0.1260775
-0.1212667
-0.1072447
-0.0856568
-0.0639728
-0.0449483
-0.0221676
0.0099593
0.0444592
0.0653879
0.0650660
0.0577545
0.0769420
0.1581368
0.3203101
0.5592805
0.8525104
1.1605327
1.4194388
1.5449118
1.4686479
1.1886545
0.7851792
0.3797648
0.0688870
-0.1162733
-0.2014511
-0.2309707
-0.2353796
-0.2267160
-0.2127833
-0.2050440
-0.2103912
-0.2233530
-0.2336975
-0.2388979
-0.2434899
-0.2487220
-0.2495205
-0.2419341
-0.2290753
-0.2187979
-0.2175423
-0.2259990
-0.2393132
-0.2521837
-0.2634745
-0.2733160
-0.2769045
-0.2672297
-0.2457711
-0.2247433
-0.2148241
-0.2138416
-0.2101526
-0.1943061
-0.1659027
-0.1326476
-0.1046035
-0.0863645
-0.0733358
-0.0578198
-0.0385643
-0.0214169
-0.0113921
-0.0075437
-0.0046144
0.0034344
0.0189179
0.0349835
0.0382389
0.0238482
0.0059228
0.0043634
0.0203682
0.0325088
0.0210592
-0.0075123
-0.0248980
-0.0114866
0.0184221
0.0277440
0.0007956
-0.0242687
0.0230050
0.1869181
0.4538253
0.7760292
1.1080291
1.4042546
1.5936702
1.5887431
1.3449361
0.9178477
0.4528534
0.1004384
-0.0771557
-0.1267244
-0.1371817
-0.1568906
-0.1762213
-0.1740066
-0.1573108
-0.1507848
-0.1636061
-0.1802144
-0.1803139
-0.1609503
-0.1387905
-0.1322131
-0.1412593
-0.1482177
-0.1402482
-0.1258072
-0.1226727
-0.1347603
-0.1491624
-0.1533885
-0.1476007
-0.1412517
-0.1438564
-0.1573003
-0.1725330
-0.1770564
-0.1697324
-0.1631768
-0.1670231
-0.1751281
-0.1749819
-0.1633955
-0.1463859
-0.1290579
-0.1120491
-0.0941119
-0.0740522
-0.0538756
-0.0407371
-0.0387153
-0.0383311
-0.0242445
0.0043670
0.0311148
0.0427027
0.0419975
0.0384195
0.0359129
0.0341121
0.0322948
0.0286593
0.0223423
0.0165913
0.0134809
0.0083637
-0.0021955
-0.0118003
-0.0139714
-0.0149470
-0.0242574
-0.0375418
-0.0421356
-0.0355783
-0.0256505
-0.0163594
-0.0064584
0.0024111
0.0074168
0.0094379
0.0072364
-0.0053857
-0.0278020
-0.0481078
-0.0592681
-0.0675854
-0.0768129
-0.0796614
-0.0755921
-0.0797496
-0.1012304
-0.1281769
-0.1460748
-0.1549217
-0.1592072
-0.1597485
-0.1639218
-0.1826898
-0.2092060
-0.2229681
-0.2213148
-0.2210948
-0.2253292
-0.2195839
-0.2055233
-0.2017173
-0.2054439
-0.1931825
-0.1645782
-0.1423851
-0.1250143
-0.0907175
-0.0528112
-0.0475142
-0.0579404
-0.0273583
0.0286762
0.0104091
-0.1187086
