-0.0999845
-0.0983651
-0.0897780
-0.0807893
-0.0776822
-0.0819968
-0.0899051
-0.0955890
-0.0958710
-0.0925178
-0.0905087
-0.0937784
-0.1019088
-0.1103770
-0.1140679
-0.1112238
-0.1047504
-0.0999069
-0.1002726
-0.1052809
-0.1113223
-0.1153537
-0.1176772
-0.1212204
-0.1279149
-0.1357802
-0.1399960
-0.1374270
-0.1302921
-0.1250181
-0.1268593
-0.1351560
-0.1437397
-0.1463167
-0.1421142
-0.1367311
-0.1372094
-0.1454549
-0.1559455
-0.1602175
-0.1544435
-0.1431391
-0.1352813
-0.1363339
-0.1437805
-0.1502590
-0.1505741
-0.1451043
-0.1367413
-0.1261797
-0.1118065
-0.0938506
-0.0764263
-0.0637432
-0.0547385
-0.0430954
-0.0233295
0.0035851
0.0307133
0.0502138
0.0571963
0.0499680
0.0294582
0.0002786
-0.0288697
-0.0490296
-0.0573836
-0.0596126
-0.0648210
-0.0779813
-0.0976316
-0.1199283
-0.1428289
-0.1655649
-0.1858905
-0.2003730
-0.2078167
-0.2107593
-0.2124249
-0.2131039
-0.2110683
-0.2067283
-0.2036773
-0.2043292
-0.2060216
-0.2038181
-0.1970880
-0.1908311
-0.1892187
-0.1896683
-0.1854150
-0.1729350
-0.1543066
-0.1328989
-0.1111009
-0.0945657
-0.0937094
-0.1118690
-0.1276420
-0.0940996
0.0349184
0.2718586
0.5873586
0.9318751
1.2580249
1.5178605
1.6485173
1.5838073
1.3013403
0.8637585
0.4028810
0.0466054
-0.1527653
-0.2290739
-0.2507773
-0.2617600
-0.2651624
-0.2495442
-0.2174224
-0.1863904
-0.1707170
-0.1697621
-0.1739795
-0.1765383
-0.1765775
-0.1748601
-0.1712425
-0.1669222
-0.1655866
-0.1694926
-0.1751789
-0.1755746
-0.1672164
-0.1541059
-0.1435577
-0.1393223
-0.1399220
-0.1424043
-0.1450706
-0.1462553
-0.1433986
-0.1358623
-0.1276019
-0.1240844
-0.1256165
-0.1256071
-0.1172726
-0.1015717
-0.0868244
-0.0801410
-0.0805505
-0.0812851
-0.0773648
-0.0690896
-0.0588908
-0.0478449
-0.0366486
-0.0274550
-0.0213974
-0.0145240
0.0004953
0.0265767
0.0573519
0.0820731
0.0955424
0.1022604
0.1109497
0.1263652
0.1468793
0.1682687
0.1875735
0.2034138
0.2153711
0.2252738
0.2378431
0.2569648
0.2803154
0.2996128
0.3079576
0.3064009
0.3021258
0.3006472
0.3010021
0.2981451
0.2880725
0.2696803
0.2432604
0.2098747
0.1731434
0.1398055
0.1157238
0.1002833
0.0859754
0.0650313
0.0366084
0.0070397
-0.0164727
-0.0316156
-0.0411265
-0.0489807
-0.0571307
-0.0649746
-0.0706774
-0.0727185
-0.0708672
-0.0666075
-0.0630243
-0.0635865
-0.0696627
-0.0785928
-0.0850692
-0.0856887
-0.0823876
-0.0807270
-0.0842862
-0.0907815
-0.0940006
-0.0899414
-0.0812797
-0.0754742
-0.0778124
-0.0861262
-0.0927624
-0.0920561
-0.0858451
-0.0817450
-0.0860497
-0.0976636
-0.1082204
-0.1086955
-0.0975508
-0.0831704
-0.0773187
-0.0848301
-0.0993464
-0.1095480
-0.1098801
-0.1052967
-0.1055859
-0.1151092
-0.1282289
-0.1349641
-0.1309653
-0.1214952
-0.1157380
-0.1180481
-0.1250690
-0.1304100
-0.1310974
-0.1297194
-0.1310945
-0.1368526
-0.1428869
-0.1425389
-0.1332078
-0.1199686
-0.1119095
-0.1141024
-0.1228027
-0.1285210
-0.1241732
-0.1108074
-0.0956845
-0.0848506
-0.0777968
-0.0692958
-0.0554312
-0.0367209
-0.0158622
0.0056559
0.0275282
0.0478081
0.0612498
0.0613636
0.0452260
0.0173395
-0.0115203
-0.0310466
-0.0387164
-0.0409394
-0.0467008
-0.0597569
-0.0768030
-0.0928757
-0.1077921
-0.1261554
-0.1503726
-0.1747645
-0.1889638
-0.1883081
-0.1796254
-0.1751260
-0.1807488
-0.1914795
-0.1977763
-0.1953204
-0.1882262
-0.1836627
-0.1840439
-0.1844968
-0.1780679
-0.1636598
-0.1483538
-0.1404752
-0.1393791
-0.1334750
-0.1121381
-0.0821114
-0.0686079
-0.0911933
-0.1321793
-0.1322823
-0.0276640
0.2016058
0.5187037
0.8632692
1.1896365
1.4659352
1.6428334
1.6458853
1.4230071
1.0087827
0.5324266
0.1447130
-0.0766754
-0.1583394
-0.1780304
-0.1890865
-0.1950516
-0.1817835
-0.1543653
-0.1356590
-0.1381271
-0.1498309
-0.1510462
-0.1381898
-0.1257324
-0.1264738
-0.1362646
-0.1409839
-0.1348535
-0.1266612
-0.1276153
-0.1372386
-0.1440025
-0.1383296
-0.1224438
-0.1074957
-0.1026548
-0.1074593
-0.1138207
-0.1145374
-0.1095795
-0.1043720
-0.1027948
-0.1027462
-0.0986672
-0.0879445
-0.0745906
-0.0663372
-0.0672189
-0.0725423
-0.0722965
-0.0610201
-0.0440027
-0.0321597
-0.0302917
-0.0314321
-0.0235937
-0.0019088
0.0262253
0.0480549
0.0575541
0.0606893
0.0686094
0.0860936
0.1077233
0.1253796
0.1377750
0.1511965
0.1715455
0.1972375
0.2204977
0.2352323
0.2431697
0.2518200
0.2661543
0.2830729
0.2953182
0.3005566
0.3046287
0.3146732
0.3300869
0.3418137
0.3407266
0.3259722
0.3046549
0.2835984
0.2623363
0.2352505
0.2003272
0.1636582
0.1335767
0.1114338
0.0905984
0.0649262
0.0362753
0.0123586
-0.0020697
-0.0105667
-0.0210748
-0.0368570
-0.0520627
-0.0573603
-0.0502708
-0.0389434
-0.0348440
-0.0420969
-0.0545504
-0.0627830
-0.0633065
-0.0611603
-0.0639153
-0.0730192
-0.0813326
-0.0802732
-0.0696407
-0.0590765
-0.0587724
-0.0692767
-0.0812572
-0.0850270
-0.0798107
-0.0738833
-0.0759385
-0.0862605
-0.0964924
-0.0983012
-0.0918054
-0.0849395
-0.0852374
-0.0933653
-0.1041831
-0.1123492
-0.1162969
-0.1178685
-0.1191272
-0.1197919
-0.1180360
-0.1138274
-0.1104873
-0.1118498
-0.1181433
-0.1255972
-0.1301395
-0.1310196
-0.1310305
-0.1335247
-0.1387624
-0.1429065
-0.1414282
-0.1341341
-0.1261014
-0.1228915
-0.1253957
-0.1300360
-0.1333522
-0.1353732
-0.1385066
-0.1436935
-0.1480974
-0.1472963
-0.1403549
-0.1318043
-0.1267494
-0.1239220
-0.1156996
-0.0965524
-0.0707639
-0.0502725
-0.0439474
-0.0483288
-0.0487450
-0.0309061
0.0063069
0.0482863
0.0751775
0.0759864
0.0542305
0.0224636
-0.0072715
-0.0295245
-0.0456689
-0.0597798
-0.0737481
-0.0859882
-0.0949207
-0.1028210
-0.1148656
-0.1340790
-0.1577820
-0.1793255
-0.1935431
-0.2009992
-0.2068391
-0.2148193
-0.2227249
-0.2248507
-0.2188953
-0.2087658
-0.2002864
-0.1960412
-0.1951729
-0.1958795
-0.1959137
-0.1920590
-0.1823062
-0.1692006
-0.1584313
-0.1516779
-0.1420961
-0.1214898
-0.0947870
-0.0828092
-0.1004996
-0.1269159
-0.1030434
0.0290506
0.2796015
0.6049892
0.9460573
1.2631541
1.5266566
1.6821029
1.6490465
1.3783959
0.9188429
0.4160466
0.0278843
-0.1741359
-0.2297508
-0.2274720
-0.2247388
-0.2238819
-0.2066885
-0.1732896
-0.1441309
-0.1352901
-0.1425602
-0.1499763
-0.1480318
-0.1406016
-0.1369741
-0.1414334
-0.1508610
-0.1586980
-0.1589441
-0.1491095
-0.1332669
-0.1213826
-0.1212246
-0.1295216
-0.1341956
-0.1274989
-0.1151191
-0.1099492
-0.1173856
-0.1286479
-0.1292144
-0.1133810
-0.0901078
-0.0743891
-0.0731025
-0.0798151
-0.0829243
-0.0770816
-0.0661242
-0.0570707
-0.0533315
-0.0527002
-0.0497119
-0.0400459
-0.0242642
-0.0075112
0.0053172
0.0141188
0.0229701
0.0355470
0.0516539
0.0676570
0.0799403
0.0887391
0.0989151
0.1158533
0.1398853
0.1654992
0.1864728
0.2010851
0.2122957
0.2240959
0.2380848
0.2525246
0.2643159
0.2726541
0.2806107
0.2918906
0.3060058
0.3179462
0.3228168
0.3197801
0.3114980
0.3008666
0.2882910
0.2711123
0.2458671
0.2123309
0.1754422
0.1423352
0.1171895
0.0988820
0.0826330
0.0634502
0.0395802
0.0142855
-0.0064136
-0.0191859
-0.0264188
-0.0331635
-0.0417219
-0.0499099
-0.0538372
-0.0517553
-0.0461280
-0.0425296
-0.0452995
-0.0533027
-0.0608093
-0.0633559
-0.0621173
-0.0620981
-0.0667256
-0.0743349
-0.0791505
-0.0760668
-0.0659738
-0.0563737
-0.0550226
-0.0623779
-0.0713563
-0.0746746
-0.0714228
-0.0667144
-0.0663819
-0.0720350
-0.0798418
-0.0837929
-0.0811192
-0.0747701
-0.0702998
-0.0709554
-0.0762152
-0.0836479
-0.0907294
-0.0958459
-0.0992432
-0.1026180
-0.1066446
-0.1095329
-0.1091260
-0.1057625
-0.1020283
-0.1002337
-0.1008346
-0.1025901
-0.1037395
-0.1039748
-0.1056037
-0.1113503
-0.1202713
-0.1271708
-0.1270765
-0.1197218
-0.1095039
-0.1020725
-0.1007754
-0.1046858
-0.1095888
-0.1121407
-0.1132731
-0.1163302
-0.1220336
-0.1268678
-0.1264330
-0.1188514
-0.1049589
-0.0870212
-0.0678564
-0.0500144
-0.0350813
-0.0236460
-0.0149337
-0.0057627
0.0086061
0.0304995
0.0565880
0.0791662
0.0901521
0.0843565
0.0620680
0.0308675
0.0029399
-0.0131236
-0.0189351
-0.0238790
-0.0360443
-0.0557443
-0.0769031
-0.0937279
-0.1062010
-0.1192147
-0.1360558
-0.1536704
-0.1658679
-0.1704009
-0.1706098
-0.1705789
-0.1716341
-0.1737429
-0.1767614
-0.1786295
-0.1752293
-0.1648602
-0.1518394
-0.1432287
-0.1415493
-0.1419233
-0.1373736
-0.1266612
-0.1151454
-0.1067032
-0.0975831
-0.0833196
-0.0709543
-0.0747665
-0.0912016
-0.0808858
0.0137399
0.2258758
0.5381198
0.8953124
1.2356375
1.5048965
1.6488130
1.6123905
1.3693359
0.9619075
0.5032189
0.1218654
-0.1107135
-0.2068919
-0.2262446
-0.2200811
-0.2083152
-0.1932757
-0.1782218
-0.1682695
-0.1618723
-0.1509134
-0.1317324
-0.1127615
-0.1072154
-0.1178037
-0.1320835
-0.1353996
-0.1263402
-0.1164103
-0.1158300
-0.1232024
-0.1288895
-0.1252403
-0.1129261
-0.0997360
-0.0939126
-0.0969684
-0.1024978
-0.1029588
-0.0972767
-0.0908079
-0.0887329
-0.0908884
-0.0923097
-0.0875320
-0.0751975
-0.0597226
-0.0477701
-0.0422346
-0.0404034
-0.0379643
-0.0328871
-0.0251327
-0.0153899
-0.0054957
0.0023876
0.0089918
0.0186192
0.0346664
0.0553278
0.0749221
0.0889392
0.0977022
0.1062361
0.1203013
0.1408263
0.1623422
0.1786899
0.1900234
0.2022336
0.2198223
0.2415348
0.2627309
0.2796943
0.2915927
0.3003789
0.3090687
0.3186393
0.3267306
0.3304553
0.3296458
0.3261392
0.3211504
0.3147475
0.3062171
0.2930491
0.2713390
0.2399004
0.2033583
0.1691337
0.1414675
0.1190340
0.0972667
0.0724390
0.0452707
0.0215100
0.0072205
0.0024520
0.0009813
-0.0033717
-0.0120740
-0.0233042
-0.0347809
-0.0440663
-0.0489278
-0.0493177
-0.0475790
-0.0457573
-0.0440109
-0.0419522
-0.0399905
-0.0391244
-0.0405830
-0.0451210
-0.0513138
-0.0558381
-0.0575214
-0.0597263
-0.0660355
-0.0746420
-0.0799784
-0.0793921
-0.0755943
-0.0728757
-0.0732335
-0.0760092
-0.0794710
-0.0828091
-0.0873234
-0.0945852
-0.1029076
-0.1077726
-0.1069904
-0.1033259
-0.1007316
-0.1002824
-0.1012350
-0.1035111
-0.1071013
-0.1110053
-0.1147318
-0.1194716
-0.1263751
-0.1346213
-0.1415529
-0.1435963
-0.1380299
-0.1266479
-0.1171402
-0.1170441
-0.1253867
-0.1331785
-0.1331874
-0.1271273
-0.1227524
-0.1257911
-0.1347861
-0.1421005
-0.1404557
-0.1303339
-0.1202130
-0.1177415
-0.1217962
-0.1247963
-0.1207507
-0.1087703
-0.0913180
-0.0728027
-0.0584474
-0.0503702
-0.0442515
-0.0321138
-0.0091083
0.0222647
0.0529245
0.0718867
0.0731713
0.0599076
0.0400300
0.0177264
-0.0078317
-0.0350592
-0.0562184
-0.0644218
-0.0621383
-0.0602522
-0.0695175
-0.0930284
-0.1244687
-0.1528910
-0.1714949
-0.1825580
-0.1923877
-0.2023956
-0.2080662
-0.2062114
-0.1998721
-0.1955715
-0.1977109
-0.2050386
-0.2107074
-0.2075247
-0.1959394
-0.1850086
-0.1821480
-0.1837230
-0.1795618
-0.1651963
-0.1452958
-0.1258732
-0.1081902
-0.0921269
-0.0822863
-0.0860266
-0.1009506
-0.1020159
-0.0451154
0.1076598
0.3608865
0.6830394
1.0259635
1.3379429
1.5581955
1.6172660
1.4673388
1.1251139
0.6831121
0.2684108
-0.0248239
-0.1781091
-0.2356172
-0.2524573
-0.2543656
-0.2407866
-0.2127376
-0.1848059
-0.1709809
-0.1698880
-0.1695017
-0.1622827
-0.1521084
-0.1482677
-0.1546608
-0.1645238
-0.1663470
-0.1559034
-0.1405997
-0.1305647
-0.1283963
-0.1299936
-0.1317460
-0.1328377
-0.1330331
-0.1323367
-0.1313024
-0.1287595
-0.1214762
-0.1090949
-0.0971159
-0.0917489
-0.0931540
-0.0957194
-0.0934522
-0.0844104
-0.0725643
-0.0656892
-0.0675957
-0.0716485
-0.0662636
-0.0481657
-0.0262258
-0.0110131
-0.0045395
-0.0013072
0.0047556
0.0158543
0.0293325
0.0401597
0.0472184
0.0566965
0.0756176
0.1024394
0.1278408
0.1446261
0.1539132
0.1626829
0.1780711
0.2018782
0.2272360
0.2433502
0.2477094
0.2510787
0.2658534
0.2914353
0.3152883
0.3266261
0.3254046
0.3197144
0.3175312
0.3192639
0.3163411
0.2997379
0.2713329
0.2430101
0.2227782
0.2061350
0.1832801
0.1505124
0.1123652
0.0767642
0.0500061
0.0322832
0.0165242
-0.0042303
-0.0273160
-0.0427465
-0.0458044
-0.0427915
-0.0435018
-0.0521209
-0.0656834
-0.0774227
-0.0820685
-0.0816830
-0.0847216
-0.0950819
-0.1047725
-0.1032455
-0.0919389
-0.0832141
-0.0857123
-0.0960837
-0.1045254
-0.1043749
-0.0975115
-0.0933984
-0.1003019
-0.1146900
-0.1230559
-0.1173340
-0.1041828
-0.0958541
-0.0969591
-0.1038817
-0.1117488
-0.1173316
-0.1194490
-0.1205806
-0.1244481
-0.1296188
-0.1301657
-0.1247384
-0.1197478
-0.1213154
-0.1287971
-0.1375723
-0.1433702
-0.1435852
-0.1399190
-0.1394749
-0.1470123
-0.1566323
-0.1578785
-0.1495700
-0.1407195
-0.1383510
-0.1413196
-0.1455874
-0.1488526
-0.1502379
-0.1508778
-0.1536154
-0.1576707
-0.1568688
-0.1483286
-0.1387269
-0.1358219
-0.1376003
-0.1356337
-0.1253149
-0.1079128
-0.0875462
-0.0709491
-0.0640534
-0.0629547
-0.0539004
-0.0280803
0.0079487
0.0399613
0.0582218
0.0593963
0.0445090
0.0198144
-0.0061979
-0.0297445
-0.0505780
-0.0646278
-0.0669534
-0.0627463
-0.0654051
-0.0814113
-0.1053402
-0.1303456
-0.1544109
-0.1757741
-0.1915740
-0.2020596
-0.2085909
-0.2086265
-0.2005609
-0.1909666
-0.1882745
-0.1918966
-0.1957663
-0.1987191
-0.2028654
-0.2062181
-0.2053851
-0.2007727
-0.1920779
-0.1757180
-0.1539751
-0.1373493
-0.1289956
-0.1173285
-0.0954613
-0.0781820
-0.0843187
-0.1037421
-0.0900101
0.0141657
0.2408020
0.5717516
0.9427851
1.2791293
1.5278795
1.6502137
1.5987210
1.3396175
0.9113776
0.4380567
0.0607651
-0.1481729
-0.2108517
-0.2035830
-0.1947789
-0.2038669
-0.2080198
-0.1879391
-0.1587355
-0.1474413
-0.1549058
-0.1603655
-0.1546189
-0.1464465
-0.1420681
-0.1397299
-0.1404427
-0.1451899
-0.1466364
-0.1402215
-0.1356122
-0.1412959
-0.1482900
-0.1448517
-0.1347603
-0.1259404
-0.1163775
-0.1062971
-0.1059603
-0.1157486
-0.1187638
-0.1084686
-0.1009139
-0.1045877
-0.1040077
-0.0889653
-0.0724707
-0.0642316
-0.0554330
-0.0435261
-0.0401067
-0.0422488
-0.0315963
-0.0118067
-0.0066027
-0.0126094
-0.0004652
0.0298999
0.0474996
0.0500208
0.0660191
0.0922102
0.0968604
0.0908961
0.1159442
0.1551290
0.1513958
0.1269887
0.1668150
0.2488012
0.2242088
0.0379052
