-0.1843536
-0.1960427
-0.1818682
-0.1480307
-0.1132715
-0.1010843
-0.1226342
-0.1504617
-0.1159914
0.0454831
0.3392877
0.7063608
1.0712577
1.3826632
1.6048357
1.6883681
1.5752726
1.2484367
0.7769020
0.3008574
-0.0465007
-0.2181997
-0.2635838
-0.2649116
-0.2678662
-0.2689906
-0.2524828
-0.2215789
-0.1942090
-0.1817412
-0.1807416
-0.1822837
-0.1829227
-0.1851173
-0.1898814
-0.1929529
-0.1901540
-0.1843316
-0.1826961
-0.1867775
-0.1892285
-0.1829838
-0.1706532
-0.1617922
-0.1622580
-0.1686721
-0.1726811
-0.1690151
-0.1598329
-0.1521513
-0.1505875
-0.1524012
-0.1505449
-0.1414832
-0.1286143
-0.1180364
-0.1125926
-0.1101498
-0.1059103
-0.0961212
-0.0814163
-0.0672839
-0.0597276
-0.0592554
-0.0594285
-0.0517021
-0.0320736
-0.0044305
0.0215385
0.0372136
0.0423507
0.0457993
0.0573923
0.0786700
0.1023610
0.1208201
0.1339777
0.1488843
0.1720029
0.2020064
0.2302792
0.2492852
0.2604630
0.2725540
0.2916838
0.3146095
0.3327492
0.3415065
0.3441153
0.3470087
0.3528451
0.3579023
0.3551609
0.3396756
0.3116489
0.2752067
0.2350495
0.1943158
0.1541516
0.1137956
0.0718279
0.0293453
-0.0081448
-0.0342683
-0.0484148
-0.0575955
-0.0702665
-0.0883937
-0.1062529
-0.1170653
-0.1204278
-0.1227449
-0.1299534
-0.1403031
-0.1457958
-0.1414494
-0.1318283
-0.1268748
-0.1316306
-0.1413021
-0.1464719
-0.1424060
-0.1334192
-0.1288538
-0.1345431
-0.1472232
-0.1569826
-0.1557711
-0.1443122
-0.1313962
-0.1266143
-0.1327913
-0.1440321
-0.1510323
-0.1495802
-0.1444404
-0.1440561
-0.1510540
-0.1590404
-0.1595838
-0.1515915
-0.1426426
-0.1410446
-0.1473331
-0.1541121
-0.1542463
-0.1486579
-0.1451998
-0.1497118
-0.1593256
-0.1655878
-0.1635027
-0.1561815
-0.1507771
-0.1512640
-0.1556739
-0.1593776
-0.1600698
-0.1594840
-0.1606711
-0.1641635
-0.1673673
-0.1676724
-0.1653377
-0.1628436
-0.1620264
-0.1625114
-0.1626018
-0.1610882
-0.1584058
-0.1565240
-0.1574998
-0.1615529
-0.1663991
-0.1686959
-0.1664891
-0.1608240
-0.1553218
-0.1535226
-0.1555581
-0.1575535
-0.1555118
-0.1500027
-0.1455116
-0.1439515
-0.1397195
-0.1233397
-0.0914249
-0.0527900
-0.0231524
-0.0119175
-0.0132814
-0.0108963
0.0076720
0.0404407
0.0739282
0.0950047
0.0994047
0.0906188
0.0736020
0.0509524
0.0240202
-0.0043404
-0.0295128
-0.0481330
-0.0613182
-0.0743687
-0.0926131
-0.1170855
-0.1438217
-0.1669423
-0.1826690
-0.1914067
-0.1967613
-0.2023480
-0.2088672
-0.2139143
-0.2146744
-0.2111162
-0.2069015
-0.2067223
-0.2112461
-0.2140486
-0.2057960
-0.1846807
-0.1622413
-0.1540147
-0.1610617
-0.1642152
-0.1439214
-0.1078701
-0.0913669
-0.1193101
-0.1643075
-0.1499977
-0.0065048
0.2729520
0.6306681
0.9946694
1.3193526
1.5719894
1.6944253
1.6081792
1.2806950
0.7873616
0.2910353
-0.0586461
-0.2179169
-0.2510279
-0.2504428
-0.2595131
-0.2647856
-0.2439290
-0.2043974
-0.1749919
-0.1725222
-0.1868931
-0.1967582
-0.1919043
-0.1782273
-0.1663996
-0.1610635
-0.1602174
-0.1604165
-0.1600417
-0.1591679
-0.1588353
-0.1604437
-0.1638362
-0.1652944
-0.1593808
-0.1448302
-0.1281273
-0.1190857
-0.1218134
-0.1306652
-0.1356650
-0.1315721
-0.1214879
-0.1123919
-0.1080154
-0.1059848
-0.1011036
-0.0907325
-0.0769237
-0.0638968
-0.0541253
-0.0469157
-0.0400950
-0.0324717
-0.0246644
-0.0176985
-0.0107700
-0.0006949
0.0155862
0.0374931
0.0603702
0.0794190
0.0941922
0.1087820
0.1274336
0.1502088
0.1731202
0.1924407
0.2086473
0.2258544
0.2473234
0.2719303
0.2954173
0.3147935
0.3308087
0.3460326
0.3611952
0.3739949
0.3815164
0.3835764
0.3832860
0.3836017
0.3828299
0.3741204
0.3507460
0.3126640
0.2675199
0.2244845
0.1868987
0.1511584
0.1127922
0.0730383
0.0385916
0.0146460
-0.0008934
-0.0151602
-0.0325271
-0.0505015
-0.0640400
-0.0725632
-0.0807572
-0.0922118
-0.1038895
-0.1085012
-0.1026171
-0.0916428
-0.0858760
-0.0912060
-0.1037254
-0.1136291
-0.1144033
-0.1083169
-0.1034137
-0.1055171
-0.1128326
-0.1177458
-0.1139932
-0.1027574
-0.0919484
-0.0890205
-0.0942234
-0.1011740
-0.1040219
-0.1032641
-0.1038708
-0.1082428
-0.1125052
-0.1108536
-0.1031840
-0.0967506
-0.0988625
-0.1083348
-0.1159922
-0.1146673
-0.1076058
-0.1051654
-0.1129487
-0.1247196
-0.1284517
-0.1192351
-0.1049716
-0.0984313
-0.1040402
-0.1136895
-0.1161663
-0.1097536
-0.1039278
-0.1083234
-0.1214348
-0.1315877
-0.1288716
-0.1150237
-0.1012343
-0.0970779
-0.1024504
-0.1099835
-0.1137864
-0.1144302
-0.1156761
-0.1182718
-0.1186583
-0.1135862
-0.1045562
-0.0968665
-0.0946205
-0.0971567
-0.1002728
-0.1005239
-0.0979032
-0.0939180
-0.0871187
-0.0717789
-0.0429965
-0.0041331
0.0319939
0.0519936
0.0540488
0.0511967
0.0608490
0.0895273
0.1276256
0.1590985
0.1751827
0.1776958
0.1707085
0.1532479
0.1227880
0.0837980
0.0482022
0.0251281
0.0119026
-0.0023018
-0.0240574
-0.0491822
-0.0695029
-0.0838407
-0.0991722
-0.1206592
-0.1436891
-0.1586504
-0.1627201
-0.1635394
-0.1696263
-0.1792576
-0.1819731
-0.1715439
-0.1548581
-0.1453693
-0.1480667
-0.1537600
-0.1501079
-0.1364192
-0.1236210
-0.1187378
-0.1140224
-0.0970806
-0.0713018
-0.0584808
-0.0729709
-0.0923224
-0.0602454
0.0735900
0.3130970
0.6133038
0.9137208
1.1682147
1.3427641
1.3975259
1.2920108
1.0217734
0.6483445
0.2805266
0.0131035
-0.1253645
-0.1720622
-0.1844688
-0.1957618
-0.2058277
-0.2023685
-0.1825784
-0.1564437
-0.1366143
-0.1292119
-0.1320576
-0.1378940
-0.1394081
-0.1343475
-0.1273703
-0.1253995
-0.1296482
-0.1331343
-0.1278167
-0.1140905
-0.1014853
-0.0990637
-0.1061209
-0.1136380
-0.1144952
-0.1104833
-0.1084239
-0.1108141
-0.1125033
-0.1070400
-0.0946454
-0.0823784
-0.0766971
-0.0770707
-0.0772547
-0.0720833
-0.0623896
-0.0535318
-0.0497224
-0.0499734
-0.0492078
-0.0429357
-0.0309763
-0.0172495
-0.0063772
-0.0001413
0.0035384
0.0085465
0.0172190
0.0285991
0.0398532
0.0493578
0.0582846
0.0691565
0.0830257
0.0981941
0.1117050
0.1221324
0.1309193
0.1407774
0.1525392
0.1637650
0.1709857
0.1736566
0.1756555
0.1822143
0.1947366
0.2085036
0.2160242
0.2133909
0.2035196
0.1927090
0.1838613
0.1736820
0.1570582
0.1336494
0.1090050
0.0887933
0.0727796
0.0555609
0.0332542
0.0083884
-0.0127177
-0.0270056
-0.0377942
-0.0503041
-0.0650843
-0.0772410
-0.0821147
-0.0804175
-0.0771879
-0.0767292
-0.0796947
-0.0845033
-0.0897409
-0.0943654
-0.0969316
-0.0966388
-0.0954044
-0.0970474
-0.1027176
-0.1077850
-0.1055633
-0.0952020
-0.0843952
-0.0822174
-0.0893065
-0.0969654
-0.0969422
-0.0909039
-0.0885471
-0.0963448
-0.1097112
-0.1173735
-0.1129088
-0.1008103
-0.0912397
-0.0901689
-0.0954206
-0.1011030
-0.1038622
-0.1044503
-0.1050083
-0.1065518
-0.1087745
-0.1107011
-0.1108817
-0.1079472
-0.1022075
-0.0966785
-0.0953700
-0.0995745
-0.1060088
-0.1095793
-0.1085560
-0.1065823
-0.1087914
-0.1158274
-0.1223341
-0.1219190
-0.1136280
-0.1032744
-0.0982562
-0.1010380
-0.1075857
-0.1118772
-0.1116049
-0.1094352
-0.1091780
-0.1112790
-0.1119211
-0.1058322
-0.0899326
-0.0655408
-0.0384265
-0.0163609
-0.0044577
-0.0009579
0.0024045
0.0142822
0.0365240
0.0628251
0.0848720
0.0995850
0.1094671
0.1158575
0.1137409
0.0956935
0.0616869
0.0232931
-0.0042331
-0.0152368
-0.0188484
-0.0302892
-0.0565628
-0.0904559
-0.1183066
-0.1332145
-0.1403643
-0.1498501
-0.1654425
-0.1812615
-0.1890153
-0.1871098
-0.1819462
-0.1811178
-0.1865428
-0.1939789
-0.1974508
-0.1931023
-0.1803967
-0.1625687
-0.1464218
-0.1382823
-0.1367523
-0.1311138
-0.1125592
-0.0892563
-0.0841803
-0.1082549
-0.1320792
-0.0906004
0.0741071
0.3682098
0.7406092
1.1164932
1.4302012
1.6274901
1.6539421
1.4685124
1.0863733
0.6047948
0.1673519
-0.1174797
-0.2347989
-0.2487074
-0.2353048
-0.2291430
-0.2237111
-0.2064565
-0.1820886
-0.1649832
-0.1607424
-0.1625991
-0.1629443
-0.1615857
-0.1613580
-0.1607005
-0.1550639
-0.1444831
-0.1355589
-0.1343054
-0.1390586
-0.1424972
-0.1400313
-0.1342975
-0.1310137
-0.1318820
-0.1328581
-0.1290371
-0.1199982
-0.1098751
-0.1029163
-0.0998016
-0.0981333
-0.0956212
-0.0922451
-0.0895631
-0.0883728
-0.0871597
-0.0827974
-0.0729895
-0.0583977
-0.0425100
-0.0291725
-0.0197796
-0.0124505
-0.0038505
0.0078306
0.0212053
0.0328899
0.0408614
0.0471603
0.0571966
0.0755958
0.1017922
0.1294551
0.1510618
0.1642898
0.1743876
0.1894957
0.2126265
0.2382529
0.2576655
0.2681488
0.2762910
0.2914585
0.3160518
0.3428777
0.3623199
0.3713519
0.3747642
0.3780306
0.3804265
0.3758617
0.3594829
0.3321343
0.2987003
0.2638482
0.2300691
0.1980880
0.1668679
0.1332892
0.0943447
0.0516069
0.0126265
-0.0146452
-0.0299578
-0.0419071
-0.0590769
-0.0800819
-0.0943062
-0.0937695
-0.0832871
-0.0770073
-0.0844355
-0.1010230
-0.1134249
-0.1134568
-0.1058516
-0.1023829
-0.1094980
-0.1223648
-0.1303218
-0.1269841
-0.1150442
-0.1027132
-0.0968484
-0.0989664
-0.1057351
-0.1118384
-0.1132481
-0.1099353
-0.1064157
-0.1084279
-0.1172174
-0.1267754
-0.1282364
-0.1185702
-0.1048329
-0.0983722
-0.1038507
-0.1145332
-0.1194475
-0.1151148
-0.1090886
-0.1113864
-0.1232930
-0.1356972
-0.1383399
-0.1297473
-0.1178956
-0.1122468
-0.1161080
-0.1259943
-0.1363094
-0.1434250
-0.1464569
-0.1465866
-0.1466160
-0.1496079
-0.1558613
-0.1611519
-0.1597891
-0.1507356
-0.1400433
-0.1357273
-0.1398174
-0.1463616
-0.1479372
-0.1435269
-0.1389366
-0.1395481
-0.1440060
-0.1459893
-0.1414073
-0.1321515
-0.1222383
-0.1116002
-0.0954001
-0.0699032
-0.0382752
-0.0098206
0.0069177
0.0110206
0.0103842
0.0165945
0.0372681
0.0707697
0.1064598
0.1304272
0.1333151
0.1151722
0.0841133
0.0502890
0.0201940
-0.0048324
-0.0264483
-0.0466556
-0.0665581
-0.0862182
-0.1050760
-0.1230165
-0.1413071
-0.1616144
-0.1831840
-0.2016451
-0.2124150
-0.2159973
-0.2184282
-0.2246519
-0.2318503
-0.2316376
-0.2199807
-0.2032132
-0.1920116
-0.1899796
-0.1906938
-0.1862965
-0.1757698
-0.1625290
-0.1472154
-0.1289083
-0.1140066
-0.1158547
-0.1361359
-0.1455613
-0.0910081
0.0697224
0.3376052
0.6756622
1.0355437
1.3706161
1.6220721
1.7099279
1.5658345
1.1939482
0.6983992
0.2352469
-0.0797721
-0.2293249
-0.2731774
-0.2792279
-0.2760407
-0.2600152
-0.2293923
-0.1992658
-0.1863510
-0.1900736
-0.1949238
-0.1888022
-0.1743116
-0.1623676
-0.1591564
-0.1617009
-0.1638547
-0.1631390
-0.1612930
-0.1605061
-0.1608727
-0.1609296
-0.1591919
-0.1548589
-0.1479570
-0.1395458
-0.1315878
-0.1260249
-0.1236901
-0.1240006
-0.1254558
-0.1262941
-0.1250517
-0.1210771
-0.1146361
-0.1062745
-0.0962093
-0.0849251
-0.0744044
-0.0676298
-0.0655226
-0.0644086
-0.0581029
-0.0440031
-0.0269089
-0.0152044
-0.0121204
-0.0112936
-0.0023095
0.0189191
0.0460359
0.0690051
0.0843166
0.0974486
0.1153903
0.1382502
0.1595127
0.1742069
0.1853220
0.2011825
0.2267967
0.2585513
0.2875168
0.3074724
0.3196284
0.3302821
0.3445839
0.3621898
0.3778300
0.3856059
0.3834840
0.3745979
0.3641870
0.3544547
0.3419169
0.3201460
0.2857921
0.2422078
0.1970756
0.1563764
0.1205937
0.0864602
0.0518287
0.0185710
-0.0089110
-0.0275431
-0.0381915
-0.0452030
-0.0535041
-0.0651999
-0.0779815
-0.0869802
-0.0892701
-0.0872350
-0.0870347
-0.0928414
-0.1023278
-0.1083601
-0.1057081
-0.0962083
-0.0872203
-0.0850503
-0.0899203
-0.0969909
-0.1015582
-0.1028551
-0.1032718
-0.1048443
-0.1070257
-0.1075895
-0.1051523
-0.1006641
-0.0966783
-0.0953229
-0.0968091
-0.0996204
-0.1020517
-0.1037348
-0.1058913
-0.1100756
-0.1163586
-0.1225240
-0.1253480
-0.1233613
-0.1187617
-0.1162528
-0.1191963
-0.1264449
-0.1332175
-0.1356575
-0.1347153
-0.1351672
-0.1403909
-0.1482038
-0.1524014
-0.1488499
-0.1400711
-0.1335370
-0.1351098
-0.1437930
-0.1526453
-0.1549697
-0.1501941
-0.1441640
-0.1434530
-0.1487537
-0.1537113
-0.1508972
-0.1395432
-0.1271267
-0.1225024
-0.1272060
-0.1341526
-0.1353072
-0.1297611
-0.1228459
-0.1173685
-0.1079161
-0.0861506
-0.0517809
-0.0161527
0.0069804
0.0144022
0.0165281
0.0276861
0.0537465
0.0884621
0.1195925
0.1370193
0.1363702
0.1186112
0.0889948
0.0558379
0.0273179
0.0070165
-0.0077647
-0.0226735
-0.0411564
-0.0627536
-0.0858612
-0.1106739
-0.1382038
-0.1665433
-0.1894218
-0.2000079
-0.1971346
-0.1878198
-0.1827306
-0.1877988
-0.1994336
-0.2081542
-0.2076087
-0.2002336
-0.1937320
-0.1921220
-0.1912715
-0.1839235
-0.1680807
-0.1486153
-0.1308277
-0.1155287
-0.1029980
-0.0992065
-0.1107701
-0.1277834
-0.1128381
-0.0146667
0.1989606
0.5163909
0.8857895
1.2389876
1.5104146
1.6411669
1.5840142
1.3255429
0.9130533
0.4528221
0.0648678
-0.1777410
-0.2774021
-0.2884677
-0.2682337
-0.2456279
-0.2246841
-0.2042735
-0.1880419
-0.1794584
-0.1759682
-0.1725006
-0.1685690
-0.1681116
-0.1721721
-0.1749486
-0.1694788
-0.1564233
-0.1449055
-0.1436617
-0.1521195
-0.1610356
-0.1616699
-0.1536827
-0.1441555
-0.1397606
-0.1404647
-0.1404922
-0.1346076
-0.1231681
-0.1115092
-0.1049132
-0.1041114
-0.1052282
-0.1038512
-0.0992360
-0.0945528
-0.0927822
-0.0923429
-0.0874146
-0.0735497
-0.0532383
-0.0350029
-0.0257101
-0.0234908
-0.0192144
-0.0058818
0.0137963
0.0303162
0.0381962
0.0428130
0.0552124
0.0802344
0.1110869
0.1364136
0.1518773
0.1634773
0.1796164
0.2016307
0.2234293
0.2396876
0.2523836
0.2683047
0.2911052
0.3172526
0.3398374
0.3552231
0.3653483
0.3742782
0.3835072
0.3904465
0.3904205
0.3797940
0.3582330
0.3292008
0.2981359
0.2687417
0.2400109
0.2073037
0.1674832
0.1233432
0.0822199
0.0494943
0.0237071
-0.0010985
-0.0280013
-0.0529001
-0.0683768
-0.0718678
-0.0693221
-0.0701672
-0.0786514
-0.0904477
-0.0978287
-0.0978576
-0.0951946
-0.0969168
-0.1048798
-0.1134132
-0.1146704
-0.1064309
-0.0947831
-0.0889376
-0.0928725
-0.1017244
-0.1066388
-0.1037045
-0.0981873
-0.0993733
-0.1107140
-0.1253503
-0.1322190
-0.1269700
-0.1163668
-0.1113584
-0.1161488
-0.1249502
-0.1295104
-0.1285043
-0.1282191
-0.1343612
-0.1449303
-0.1522394
-0.1511704
-0.1440181
-0.1371954
-0.1347022
-0.1358533
-0.1383809
-0.1416946
-0.1463684
-0.1517720
-0.1558820
-0.1575419
-0.1577587
