-0.1422158
-0.1615317
-0.1563006
-0.1375334
-0.1238405
-0.1230467
-0.1289359
-0.1305124
-0.1232836
-0.1140015
-0.1133771
-0.1221218
-0.1275256
-0.1180011
-0.0979683
-0.0827109
-0.0800642
-0.0831087
-0.0809701
-0.0713466
-0.0605466
-0.0546561
-0.0529710
-0.0491806
-0.0383497
-0.0227997
-0.0098658
-0.0031513
0.0017353
0.0108460
0.0235282
0.0334833
0.0373228
0.0391726
0.0464084
0.0623299
0.0831607
0.1014910
0.1130060
0.1202471
0.1290744
0.1415321
0.1539997
0.1629637
0.1704328
0.1818419
0.1995706
0.2199791
0.2365008
0.2450721
0.2472237
0.2483746
0.2524931
0.2582427
0.2610567
0.2587325
0.2535810
0.2488521
0.2444694
0.2370196
0.2231668
0.2025699
0.1778587
0.1518940
0.1249785
0.0955316
0.0641515
0.0357443
0.0156525
0.0037151
-0.0061371
-0.0197451
-0.0370554
-0.0529745
-0.0631989
-0.0685990
-0.0737517
-0.0813267
-0.0886866
-0.0910796
-0.0879126
-0.0840538
-0.0840702
-0.0867377
-0.0869969
-0.0828201
-0.0784012
-0.0799367
-0.0887863
-0.0992215
-0.1031397
-0.0974006
-0.0866783
-0.0788841
-0.0779118
-0.0812138
-0.0839330
-0.0841976
-0.0841509
-0.0867638
-0.0921586
-0.0966906
-0.0957668
-0.0885027
-0.0798219
-0.0769172
-0.0827002
-0.0928229
-0.0996339
-0.0993479
-0.0954792
-0.0951155
-0.1013772
-0.1095947
-0.1117924
-0.1053195
-0.0960053
-0.0918499
-0.0944980
-0.0984761
-0.0985730
-0.0960436
-0.0963815
-0.1017883
-0.1074642
-0.1062270
-0.0964371
-0.0842199
-0.0770863
-0.0757886
-0.0733184
-0.0617390
-0.0391918
-0.0106937
0.0161484
0.0357300
0.0469585
0.0537272
0.0631195
0.0813394
0.1095196
0.1424692
0.1712199
0.1873080
0.1859831
0.1671337
0.1347650
0.0961574
0.0601452
0.0333240
0.0158520
0.0013899
-0.0171655
-0.0413369
-0.0669419
-0.0900146
-0.1114373
-0.1347822
-0.1602526
-0.1822796
-0.1941216
-0.1947255
-0.1901312
-0.1874976
-0.1883649
-0.1888310
-0.1858451
-0.1812768
-0.1788760
-0.1789306
-0.1778447
-0.1721803
-0.1607932
-0.1431669
-0.1193963
-0.0949130
-0.0827070
-0.0931977
-0.1155931
-0.1104997
-0.0286278
0.1562828
0.4309217
0.7567196
1.0937456
1.4027620
1.6266783
1.6884391
1.5309561
1.1724231
0.7189988
0.3097951
0.0355296
-0.1003692
-0.1517972
-0.1704501
-0.1749950
-0.1651616
-0.1476430
-0.1386235
-0.1458095
-0.1588808
-0.1623619
-0.1542547
-0.1475067
-0.1538360
-0.1700098
-0.1817463
-0.1791686
-0.1660601
-0.1542870
-0.1515249
-0.1557046
-0.1599485
-0.1605103
-0.1593645
-0.1605262
-0.1650288
-0.1692515
-0.1677684
-0.1583956
-0.1450836
-0.1354165
-0.1342312
-0.1391766
-0.1427458
-0.1391126
-0.1293705
-0.1202559
-0.1175029
-0.1200233
-0.1205419
-0.1123103
-0.0955422
-0.0773544
-0.0653537
-0.0610519
-0.0591337
-0.0529637
-0.0410447
-0.0282224
-0.0202536
-0.0171236
-0.0124478
-0.0001736
0.0185444
0.0361781
0.0467778
0.0523216
0.0603840
0.0755790
0.0941116
0.1076185
0.1125392
0.1149332
0.1250377
0.1468021
0.1733171
0.1929597
0.1999040
0.1985804
0.1983699
0.2044606
0.2137686
0.2191987
0.2172972
0.2113415
0.2069319
0.2051157
0.2005567
0.1866504
0.1621570
0.1326843
0.1057848
0.0844776
0.0652422
0.0423654
0.0145892
-0.0125208
-0.0312653
-0.0392332
-0.0419229
-0.0475902
-0.0593026
-0.0723052
-0.0796155
-0.0801415
-0.0804021
-0.0873260
-0.0996989
-0.1082574
-0.1051955
-0.0928786
-0.0819739
-0.0809797
-0.0885558
-0.0964173
-0.0987106
-0.0973610
-0.0982875
-0.1037118
-0.1094976
-0.1100558
-0.1046747
-0.0981131
-0.0954397
-0.0973955
-0.1009579
-0.1033982
-0.1049202
-0.1075801
-0.1123977
-0.1178884
-0.1213177
-0.1212380
-0.1187718
-0.1165210
-0.1163751
-0.1183175
-0.1209557
-0.1229174
-0.1240063
-0.1254395
-0.1288124
-0.1342228
-0.1392349
-0.1403157
-0.1361064
-0.1294727
-0.1257024
-0.1277594
-0.1330305
-0.1355496
-0.1324250
-0.1278048
-0.1289381
-0.1372983
-0.1444570
-0.1384929
-0.1151853
-0.0821913
-0.0515681
-0.0287631
-0.0100036
0.0097986
0.0289259
0.0411825
0.0463768
0.0553453
0.0807755
0.1219582
0.1606741
0.1747425
0.1566059
0.1184764
0.0796415
0.0497051
0.0242873
-0.0047428
-0.0375271
-0.0658725
-0.0833810
-0.0937199
-0.1077503
-0.1329275
-0.1660704
-0.1961383
-0.2136468
-0.2181429
-0.2178289
-0.2220086
-0.2325549
-0.2417537
-0.2392116
-0.2224049
-0.2008235
-0.1884563
-0.1907795
-0.1992050
-0.1994179
-0.1853438
-0.1637992
-0.1453790
-0.1335446
-0.1254336
-0.1211107
-0.1243278
-0.1277414
-0.0990715
0.0091510
0.2271434
0.5410695
0.8972791
1.2307253
1.4870794
1.6220453
1.5951886
1.3846729
1.0188274
0.5876255
0.2069903
-0.0438165
-0.1597178
-0.1920477
-0.1974608
-0.2016992
-0.2025400
-0.1942705
-0.1818491
-0.1745289
-0.1744046
-0.1761155
-0.1755259
-0.1742563
-0.1752987
-0.1778621
-0.1790904
-0.1790991
-0.1808980
-0.1847328
-0.1852404
-0.1768073
-0.1614141
-0.1487704
-0.1470695
-0.1542468
-0.1600497
-0.1572027
-0.1491914
-0.1456619
-0.1506807
-0.1574964
-0.1559169
-0.1437814
-0.1294514
-0.1227329
-0.1246333
-0.1271357
-0.1225857
-0.1118450
-0.1024711
-0.0997021
-0.1006331
-0.0975773
-0.0861638
-0.0693379
-0.0539422
-0.0444028
-0.0397473
-0.0356993
-0.0288581
-0.0190757
-0.0084686
0.0014876
0.0118023
0.0248414
0.0413052
0.0586049
0.0728254
0.0826599
0.0910470
0.1021379
0.1164347
0.1297649
0.1380250
0.1427035
0.1504218
0.1661953
0.1876239
0.2065977
0.2168184
0.2191917
0.2198208
0.2233016
0.2283485
0.2296049
0.2230724
0.2096230
0.1936736
0.1788596
0.1648486
0.1479697
0.1250101
0.0968508
0.0683756
0.0441404
0.0238867
0.0032370
-0.0202383
-0.0423062
-0.0552302
-0.0564332
-0.0527169
-0.0540666
-0.0632262
-0.0731436
-0.0758674
-0.0726893
-0.0729837
-0.0823501
-0.0942784
-0.0964590
-0.0854007
-0.0719778
-0.0702967
-0.0820613
-0.0946039
-0.0952033
-0.0854060
-0.0790477
-0.0863984
-0.1024790
-0.1124049
-0.1072115
-0.0924886
-0.0813367
-0.0809263
-0.0875816
-0.0938016
-0.0971392
-0.1009166
-0.1079896
-0.1163537
-0.1213932
-0.1209839
-0.1172450
-0.1138489
-0.1128382
-0.1141568
-0.1170294
-0.1207501
-0.1245250
-0.1276635
-0.1301450
-0.1321826
-0.1329339
-0.1306804
-0.1253083
-0.1200383
-0.1191151
-0.1232162
-0.1282139
-0.1295656
-0.1274638
-0.1261587
-0.1275800
-0.1267483
-0.1151786
-0.0893757
-0.0552259
-0.0233613
-0.0005643
0.0138744
0.0244678
0.0345093
0.0457152
0.0611074
0.0849799
0.1177915
0.1513561
0.1712274
0.1662489
0.1371749
0.0960437
0.0565353
0.0243101
-0.0039327
-0.0330704
-0.0625683
-0.0873735
-0.1050281
-0.1202815
-0.1411386
-0.1699147
-0.1991675
-0.2179864
-0.2228782
-0.2215148
-0.2245038
-0.2336084
-0.2396608
-0.2332456
-0.2165117
-0.2021193
-0.1994038
-0.2033159
-0.1999613
-0.1835021
-0.1641906
-0.1561184
-0.1582712
-0.1535618
-0.1304856
-0.1017637
-0.0921370
-0.1017618
-0.0850851
0.0246753
0.2627111
0.6014619
0.9696784
1.2972748
1.5382464
1.6574550
1.6155105
1.3879929
1.0065430
0.5704732
0.2003566
-0.0327983
-0.1393598
-0.1784842
-0.1990853
-0.2114953
-0.2058603
-0.1832969
-0.1616585
-0.1557855
-0.1621129
-0.1665938
-0.1631588
-0.1588758
-0.1618246
-0.1695886
-0.1729593
-0.1683986
-0.1623521
-0.1624083
-0.1674226
-0.1692847
-0.1636199
-0.1555499
-0.1532903
-0.1577451
-0.1610670
-0.1559063
-0.1441049
-0.1345906
-0.1332839
-0.1369018
-0.1373812
-0.1312061
-0.1228324
-0.1188076
-0.1198525
-0.1199924
-0.1133607
-0.1006921
-0.0883993
-0.0818269
-0.0804498
-0.0798115
-0.0770892
-0.0735634
-0.0714966
-0.0696453
-0.0632269
-0.0489365
-0.0294246
-0.0116481
-0.0002285
0.0070156
0.0161869
0.0302022
0.0456253
0.0571373
0.0643337
0.0726800
0.0873310
0.1070626
0.1254701
0.1378544
0.1455170
0.1528275
0.1616684
0.1706409
0.1792483
0.1901434
0.2054445
0.2220882
0.2334093
0.2359356
0.2328127
0.2291471
0.2252133
0.2165337
0.2007000
0.1815037
0.1643613
0.1490350
0.1298831
0.1038778
0.0756220
0.0521071
0.0339331
0.0151022
-0.0077796
-0.0291792
-0.0403695
-0.0405487
-0.0390035
-0.0449867
-0.0575985
-0.0679705
-0.0704995
-0.0688617
-0.0699384
-0.0744764
-0.0768063
-0.0733145
-0.0678305
-0.0667663
-0.0708505
-0.0746594
-0.0743636
-0.0729831
-0.0758464
-0.0822250
-0.0846481
-0.0777540
-0.0659437
-0.0597860
-0.0646944
-0.0751252
-0.0811932
-0.0797557
-0.0768706
-0.0792843
-0.0858359
-0.0892267
-0.0854818
-0.0790713
-0.0773690
-0.0815476
-0.0855023
-0.0843801
-0.0819897
-0.0870933
-0.1020701
-0.1175633
-0.1206534
-0.1083271
-0.0911941
-0.0830070
-0.0874320
-0.0962575
-0.0999371
-0.0977555
-0.0964815
-0.1004767
-0.1058081
-0.1050218
-0.0957763
-0.0822267
-0.0678543
-0.0497097
-0.0224389
0.0121383
0.0421584
0.0551220
0.0511001
0.0457736
0.0587372
0.0970092
0.1485274
0.1911102
0.2084614
0.1995303
0.1748846
0.1456756
0.1160330
0.0845319
0.0508829
0.0195460
-0.0037058
-0.0181994
-0.0304031
-0.0489724
-0.0774666
-0.1114335
-0.1419028
-0.1617490
-0.1701278
-0.1725322
-0.1765696
-0.1856546
-0.1951372
-0.1955399
-0.1821006
-0.1618372
-0.1488840
-0.1504272
-0.1581255
-0.1565304
-0.1406055
-0.1213569
-0.1112090
-0.1070336
-0.0946999
-0.0720583
-0.0587970
-0.0718371
-0.0883485
-0.0426358
0.1281506
0.4302404
0.8055203
1.1747291
1.4811763
1.6904820
1.7620832
1.6469677
1.3320339
0.8847862
0.4373219
0.1094803
-0.0613942
-0.1213720
-0.1400045
-0.1541299
-0.1626292
-0.1577259
-0.1464084
-0.1416237
-0.1446919
-0.1457908
-0.1397402
-0.1336657
-0.1366814
-0.1470285
-0.1543114
-0.1530150
-0.1488429
-0.1501172
-0.1563514
-0.1587789
-0.1513823
-0.1381426
-0.1282963
-0.1265324
-0.1297388
-0.1322600
-0.1317732
-0.1295565
-0.1273309
-0.1258764
-0.1258550
-0.1274844
-0.1286304
-0.1250881
-0.1147597
-0.1013324
-0.0920483
-0.0908725
-0.0945177
-0.0960306
-0.0919220
-0.0848011
-0.0790186
-0.0750159
-0.0690494
-0.0580578
-0.0434904
-0.0298277
-0.0201011
-0.0136238
-0.0076482
-0.0001329
0.0093237
0.0201845
0.0315401
0.0422438
0.0516872
0.0611068
0.0734605
0.0907556
0.1110107
0.1286145
0.1388609
0.1425985
0.1459238
0.1545600
0.1682563
0.1809331
0.1866883
0.1858711
0.1851957
0.1915286
0.2050566
0.2182601
0.2217704
0.2118022
0.1925131
0.1715926
0.1536452
0.1374157
0.1185933
0.0946460
0.0670772
0.0399168
0.0168524
-0.0004230
-0.0123815
-0.0213291
-0.0305583
-0.0423252
-0.0556779
-0.0668487
-0.0729742
-0.0755353
-0.0790122
-0.0854145
-0.0909929
-0.0898881
-0.0813658
-0.0721592
-0.0703156
-0.0768716
-0.0847984
-0.0866446
-0.0823357
-0.0785271
-0.0807776
-0.0876907
-0.0930542
-0.0925278
-0.0872139
-0.0813940
-0.0784169
-0.0791904
-0.0831613
-0.0890601
-0.0947512
-0.0979758
-0.0984511
-0.0987945
-0.1021147
-0.1082457
-0.1131174
-0.1126955
-0.1074763
-0.1023952
-0.1019210
-0.1055064
-0.1082819
-0.1063104
-0.1009492
-0.0978011
-0.1012228
-0.1098082
-0.1173212
-0.1181667
-0.1120699
-0.1036463
-0.0978469
-0.0961569
-0.0968808
-0.0980503
-0.0991009
-0.0998719
-0.0991352
-0.0950095
-0.0864594
-0.0733493
-0.0549038
-0.0295305
0.0022609
0.0348820
0.0595337
0.0710702
0.0735628
0.0781775
0.0943042
0.1217896
0.1510890
0.1705188
0.1737501
0.1618231
0.1398640
0.1128103
0.0835884
0.0537432
0.0245536
-0.0027305
-0.0274782
-0.0503691
-0.0734508
-0.0990321
-0.1275863
-0.1560749
-0.1786651
-0.1903464
-0.1910890
-0.1866759
-0.1845443
-0.1877423
-0.1927449
-0.1936589
-0.1886164
-0.1813860
-0.1765457
-0.1743034
-0.1713063
-0.1654940
-0.1572788
-0.1452064
-0.1245314
-0.0954725
-0.0723466
-0.0758338
-0.1064975
-0.1250193
-0.0676525
0.1085786
0.3923989
0.7298963
1.0655334
1.3638410
1.5897428
1.6826934
1.5752354
1.2543123
0.8028320
0.3661409
0.0625090
-0.0835424
-0.1289891
-0.1441571
-0.1595023
-0.1682022
-0.1611400
-0.1463076
-0.1373671
-0.1363816
-0.1355722
-0.1319700
-0.1321581
-0.1410770
-0.1522529
-0.1544678
-0.1465919
-0.1403834
-0.1463684
-0.1600370
-0.1658244
-0.1545789
-0.1339728
-0.1201885
-0.1212785
-0.1309215
-0.1375322
-0.1362934
-0.1310558
-0.1271030
-0.1255265
-0.1248038
-0.1245483
-0.1249162
-0.1232603
-0.1147047
-0.0979183
-0.0791169
-0.0680117
-0.0688748
-0.0762467
-0.0800425
-0.0746813
-0.0631137
-0.0526780
-0.0478950
-0.0470465
-0.0445155
-0.0356872
-0.0202779
-0.0022737
0.0129459
0.0224709
0.0282211
0.0356239
0.0488476
0.0663790
0.0815916
0.0887810
0.0892694
0.0911560
0.1022700
0.1229959
0.1460102
0.1629142
0.1709680
0.1738883
0.1773863
0.1847618
0.1959109
0.2084871
0.2188958
0.2233706
0.2203702
0.2127963
0.2065930
0.2054399
0.2064689
0.2020820
0.1866924
0.1616302
0.1333567
0.1073606
0.0842600
0.0614022
0.0371242
0.0128820
-0.0081459
-0.0235938
-0.0331305
-0.0382805
-0.0418622
-0.0471193
-0.0560597
-0.0677465
-0.0784787
-0.0845895
-0.0857410
-0.0854073
-0.0876057
-0.0927769
-0.0969759
-0.0955601
-0.0880677
-0.0795208
-0.0766145
-0.0821139
-0.0925187
-0.1010472
-0.1031919
-0.1000134
-0.0966188
-0.0975510
-0.1031895
-0.1099251
-0.1134290
-0.1120241
-0.1076875
-0.1044786
-0.1058854
-0.1126992
-0.1223760
-0.1303364
-0.1329538
-0.1305421
-0.1276227
-0.1292421
-0.1359792
-0.1426856
-0.1431591
-0.1366378
-0.1291310
-0.1274929
-0.1322470
-0.1371390
-0.1361903
-0.1304527
-0.1267918
-0.1300381
-0.1374181
-0.1415118
-0.1382676
-0.1311116
-0.1269543
-0.1289712
-0.1339888
-0.1364959
-0.1341310
-0.1289745
-0.1245309
-0.1226236
-0.1229548
-0.1239115
-0.1222754
-0.1126829
-0.0898927
-0.0540441
-0.0139639
0.0168145
0.0299951
0.0298535
0.0302756
0.0433393
0.0698486
0.1003424
0.1244400
0.1384489
0.1443432
0.1433159
0.1324760
0.1084445
0.0730733
0.0342643
0.0007098
-0.0241277
-0.0433385
-0.0629154
-0.0870404
-0.1157938
-0.1457867
-0.1722961
-0.1915591
-0.2024956
-0.2072438
-0.2099705
-0.2142185
-0.2203893
-0.2255780
-0.2265403
-0.2234561
-0.2203647
-0.2208005
-0.2227789
-0.2193736
-0.2054814
-0.1834182
-0.1602962
-0.1403279
-0.1227637
-0.1090846
-0.1081735
-0.1262328
-0.1466744
-0.1235255
-0.0039482
0.2348710
0.5672858
0.9338867
1.2694767
1.5156410
1.6170005
1.5275740
1.2415538
0.8228308
0.3917778
0.0636623
-0.1150129
-0.1778988
-0.1920861
-0.2010814
-0.2075157
-0.1986846
-0.1764445
-0.1588258
-0.1591251
-0.1718887
