-0.2816765
-0.2778730
-0.2711727
-0.2617430
-0.2501933
-0.2384468
-0.2293355
-0.2243767
-0.2222307
-0.2201880
-0.2171707
-0.2143386
-0.2122426
-0.2082774
-0.1984720
-0.1823330
-0.1649607
-0.1531330
-0.1491005
-0.1488465
-0.1465603
-0.1401260
-0.1318867
-0.1248522
-0.1192638
-0.1129411
-0.1040791
-0.0930038
-0.0814206
-0.0706640
-0.0610178
-0.0523498
-0.0447454
-0.0383579
-0.0331394
-0.0292002
-0.0273192
-0.0287125
-0.0341988
-0.0436597
-0.0562086
-0.0708229
-0.0870668
-0.1053181
-0.1258429
-0.1472143
-0.1660148
-0.1789252
-0.1853922
-0.1878621
-0.1890996
-0.1894909
-0.1873638
-0.1819809
-0.1756164
-0.1717615
-0.1709699
-0.1693221
-0.1620507
-0.1484947
-0.1324056
-0.1173438
-0.1032657
-0.0886085
-0.0744944
-0.0646640
-0.0606686
-0.0588639
-0.0542241
-0.0468898
-0.0418297
-0.0386304
-0.0214395
0.0376235
0.1615794
0.3536361
0.5970683
0.8643145
1.1196133
1.3127732
1.3814196
1.2767498
1.0008735
0.6220021
0.2456309
-0.0416725
-0.2124745
-0.2933769
-0.3269755
-0.3393327
-0.3369417
-0.3227743
-0.3061065
-0.2966048
-0.2947401
-0.2924731
-0.2831067
-0.2682673
-0.2547659
-0.2464911
-0.2413504
-0.2358981
-0.2306294
-0.2290566
-0.2325399
-0.2380136
-0.2409639
-0.2392399
-0.2336670
-0.2263826
-0.2194513
-0.2141409
-0.2102720
-0.2062284
-0.2003640
-0.1929874
-0.1870585
-0.1864291
-0.1925390
-0.2026098
-0.2118386
-0.2178120
-0.2220433
-0.2266547
-0.2305476
-0.2301255
-0.2236359
-0.2138493
-0.2062029
-0.2044049
-0.2073922
-0.2102373
-0.2086047
-0.2028921
-0.1975741
-0.1959107
-0.1956619
-0.1907359
-0.1772860
-0.1581429
-0.1411157
-0.1323890
-0.1311630
-0.1313530
-0.1291290
-0.1277010
-0.1331324
-0.1461880
-0.1607011
-0.1702737
-0.1740722
-0.1745723
-0.1717931
-0.1629605
-0.1480436
-0.1325806
-0.1222829
-0.1155941
-0.1051739
-0.0885645
-0.0739381
-0.0700458
-0.0711518
-0.0595388
-0.0282577
0.0033921
0.0069335
-0.0187673
-0.0322132
0.0246700
0.1843844
0.4359685
0.7399057
1.0473222
1.2994657
1.4221671
1.3486822
1.0707844
0.6696789
0.2815767
0.0154855
-0.1066886
-0.1384970
-0.1472959
-0.1649733
-0.1865433
-0.1985975
-0.1994668
-0.1963380
-0.1940370
-0.1928632
-0.1943025
-0.2023140
-0.2173524
-0.2334085
-0.2443719
-0.2512595
-0.2596558
-0.2708816
-0.2793439
-0.2793079
-0.2716221
-0.2624073
-0.2566735
-0.2546077
-0.2534799
-0.2519868
-0.2522318
-0.2573484
-0.2674034
-0.2782317
-0.2844628
-0.2833827
-0.2764148
-0.2681536
-0.2636802
-0.2646817
-0.2673046
-0.2654464
-0.2573659
-0.2479571
-0.2434091
-0.2443542
-0.2450371
-0.2386443
-0.2232076
-0.2032811
-0.1861653
-0.1753441
-0.1670316
-0.1539791
-0.1331214
-0.1088835
-0.0888659
-0.0769444
-0.0705772
-0.0641822
-0.0550360
-0.0458651
-0.0409761
-0.0400711
-0.0379614
-0.0312264
-0.0223904
-0.0150038
-0.0070424
0.0062144
0.0228033
0.0327387
0.0302353
0.0269088
0.0502250
0.1273224
0.2698432
0.4721441
0.7168998
0.9723873
1.1814740
1.2662115
1.1664077
0.8902403
0.5267612
0.1973047
-0.0177886
-0.1157004
-0.1465676
-0.1602050
-0.1745236
-0.1843911
-0.1873985
-0.1931014
-0.2095312
-0.2299167
-0.2392732
-0.2323120
-0.2195800
-0.2152582
-0.2226158
-0.2330033
-0.2366956
-0.2327482
-0.2288974
-0.2326884
-0.2426324
-0.2485433
-0.2414215
-0.2226719
-0.2028904
-0.1921607
-0.1920824
-0.1960728
-0.1961999
-0.1904598
-0.1844035
-0.1850832
-0.1930679
-0.2017517
-0.2050427
-0.2039058
-0.2041757
-0.2095078
-0.2178564
-0.2237380
-0.2228439
-0.2154943
-0.2064840
-0.2005161
-0.1970420
-0.1905438
-0.1764274
-0.1558107
-0.1344137
-0.1176619
-0.1065259
-0.0968373
-0.0831604
-0.0649739
-0.0485327
-0.0406759
-0.0411292
-0.0430488
-0.0411660
-0.0373924
-0.0380527
-0.0470081
-0.0616013
-0.0742832
-0.0785118
-0.0741088
-0.0665101
-0.0603222
-0.0549501
-0.0474670
-0.0379430
-0.0300248
-0.0272479
-0.0303757
-0.0376471
-0.0465358
-0.0560955
-0.0681925
-0.0850427
-0.1049239
-0.1222833
-0.1334247
-0.1406344
-0.1493785
-0.1623637
-0.1770724
-0.1881716
-0.1920826
-0.1903580
-0.1885143
-0.1901734
-0.1927448
-0.1905510
-0.1814131
-0.1678057
-0.1525420
-0.1372321
-0.1256228
-0.1239780
-0.1335197
-0.1412293
-0.1192767
-0.0365184
0.1242025
0.3545179
0.6222731
0.8819053
1.0824826
1.1728497
1.1155533
0.9114528
0.6138424
0.3097952
0.0760803
-0.0568556
-0.1070279
-0.1138810
-0.1082288
-0.1014201
-0.0945014
-0.0900006
-0.0919040
-0.0987511
-0.1042662
-0.1064898
-0.1115486
-0.1256808
-0.1467192
-0.1664816
-0.1798770
-0.1891414
-0.1997759
-0.2139373
-0.2278972
-0.2359223
-0.2369265
-0.2361793
-0.2390417
-0.2442423
-0.2455080
-0.2389884
-0.2268502
-0.2143894
-0.2059579
-0.2028356
-0.2023403
-0.1992750
-0.1905664
-0.1784153
-0.1673225
-0.1587135
-0.1500939
-0.1386338
-0.1240522
-0.1088711
-0.0968967
-0.0898687
-0.0842464
-0.0730689
-0.0527463
-0.0268031
-0.0017499
0.0193648
0.0385786
0.0600332
0.0859359
0.1132720
0.1339926
0.1412336
0.1365223
0.1284101
0.1227865
0.1168036
0.1036334
0.0812562
0.0551364
0.0332645
0.0191910
0.0093374
-0.0024699
-0.0173615
-0.0300614
-0.0363238
-0.0388567
-0.0430145
-0.0493242
-0.0543144
-0.0564232
-0.0555884
-0.0479260
-0.0278851
0.0011612
0.0236432
0.0266207
0.0209599
0.0447099
0.1387208
0.3140069
0.5440484
0.7908324
1.0319733
1.2518186
1.4083115
1.4292611
1.2630953
0.9385294
0.5653290
0.2661041
0.0995730
0.0413619
0.0293324
0.0218482
0.0155532
0.0195515
0.0280245
0.0243139
0.0032969
-0.0223060
-0.0385831
-0.0453861
-0.0522419
-0.0654691
-0.0833350
-0.1006385
-0.1141291
-0.1240205
-0.1323577
-0.1406990
-0.1495803
-0.1594292
-0.1696528
-0.1764937
-0.1754990
-0.1684715
-0.1646378
-0.1711955
-0.1845067
-0.1939201
-0.1930701
-0.1848242
-0.1764671
-0.1724786
-0.1710415
-0.1659291
-0.1529356
-0.1352671
-0.1205242
-0.1114233
-0.1019313
-0.0837356
-0.0543704
-0.0184722
0.0160411
0.0422946
0.0584540
0.0693629
0.0822992
0.1000873
0.1196308
0.1364170
0.1479183
0.1536130
0.1552991
0.1570828
0.1613800
0.1647394
0.1608609
0.1480429
0.1309658
0.1151486
0.1020944
0.0897243
0.0755105
0.0594564
0.0452299
0.0372242
0.0356614
0.0367214
0.0380838
0.0406921
0.0439163
0.0444924
0.0439040
0.0512165
0.0715097
0.0939116
0.1001415
0.0899218
0.0956188
0.1659303
0.3291987
0.5695294
0.8395503
1.0960163
1.3165517
1.4778317
1.5296837
1.4142063
1.1241326
0.7368531
0.3778760
0.1415410
0.0396691
0.0175356
0.0126622
-0.0002240
-0.0115531
-0.0096625
-0.0011177
-0.0001270
-0.0096985
-0.0215678
-0.0298442
-0.0360260
-0.0418984
-0.0455032
-0.0458822
-0.0466235
-0.0520933
-0.0621324
-0.0716542
-0.0751512
-0.0723436
-0.0693096
-0.0716996
-0.0767059
-0.0754583
-0.0644831
-0.0507283
-0.0433593
-0.0443609
-0.0491528
-0.0523952
-0.0505516
-0.0422916
-0.0295920
-0.0166218
-0.0057887
0.0036195
0.0128079
0.0220358
0.0314746
0.0402922
0.0452713
0.0439599
0.0390030
0.0358577
0.0366299
0.0396154
0.0440111
0.0510142
0.0606961
0.0715411
0.0827181
0.0935684
0.1015184
0.1035098
0.0988561
0.0887326
0.0747323
0.0599074
0.0482031
0.0398383
0.0300310
0.0155470
0.0000795
-0.0098563
-0.0121221
-0.0096744
-0.0066944
-0.0061766
-0.0086305
-0.0111544
-0.0103230
-0.0071487
-0.0059883
-0.0076078
-0.0071754
-0.0004545
0.0115703
0.0251671
0.0372116
0.0452887
0.0483054
0.0480333
0.0469837
0.0446614
0.0390581
0.0311391
0.0241117
0.0190192
0.0148778
0.0121067
0.0116750
0.0117683
0.0093717
0.0044759
-0.0006130
-0.0048659
-0.0083756
-0.0105665
-0.0117737
-0.0144173
-0.0193471
-0.0232587
-0.0228267
-0.0191547
-0.0155438
-0.0135228
-0.0133975
-0.0155410
-0.0186153
-0.0194450
-0.0166279
-0.0113350
-0.0036539
0.0077290
0.0213800
0.0338475
0.0460380
0.0630767
0.0849176
0.1025196
0.1088807
0.1135542
0.1444635
0.2341576
0.3996501
0.6294164
0.8882150
1.1347079
1.3311214
1.4364664
1.4053744
1.2140658
0.8942521
0.5327904
0.2273128
0.0341531
-0.0509838
-0.0721296
-0.0746067
-0.0790869
-0.0837704
-0.0835624
-0.0809019
-0.0798560
-0.0796816
-0.0793970
-0.0825033
-0.0914660
-0.1018764
-0.1075322
-0.1084259
-0.1095469
-0.1143443
-0.1224425
-0.1310381
-0.1360944
-0.1349041
-0.1292037
-0.1231865
-0.1181276
-0.1123262
-0.1056534
-0.0993710
-0.0919976
-0.0809626
-0.0683703
-0.0594535
-0.0549147
-0.0500838
-0.0420730
-0.0330345
-0.0263113
-0.0236065
-0.0252189
-0.0288194
-0.0292340
-0.0237751
-0.0163915
-0.0125825
-0.0121520
-0.0107669
-0.0060738
0.0016897
0.0123037
0.0247627
0.0365930
0.0473758
0.0598908
0.0749950
0.0892677
0.1003964
0.1102570
0.1197847
0.1259846
0.1275777
0.1286750
0.1328409
0.1374464
0.1375597
0.1327394
0.1278090
0.1289362
0.1386799
0.1521604
0.1613787
0.1705410
0.2062005
0.3039201
0.4818314
0.7291300
1.0146924
1.2953232
1.5149981
1.6108474
1.5370583
1.2942996
0.9422535
0.5807548
0.3026080
0.1458292
0.0837836
0.0616007
0.0412060
0.0145630
-0.0124057
-0.0357559
-0.0562000
-0.0762080
-0.0971508
-0.1169858
-0.1321866
-0.1432120
-0.1541043
-0.1650798
-0.1709684
-0.1696327
-0.1664724
-0.1675906
-0.1733894
-0.1810693
-0.1881026
-0.1913964
-0.1888262
-0.1835750
-0.1814350
-0.1823473
-0.1802104
-0.1721778
-0.1625026
-0.1561278
-0.1534148
-0.1513338
-0.1452892
-0.1311633
-0.1109187
-0.0941189
-0.0876830
-0.0860511
-0.0778510
-0.0604447
-0.0417006
-0.0293582
-0.0245892
-0.0239582
-0.0220317
-0.0140018
-0.0005720
0.0118701
0.0193227
0.0249008
0.0327375
0.0422977
0.0519337
0.0618825
0.0696145
0.0685474
0.0564050
0.0396756
0.0254450
0.0134724
-0.0004629
-0.0182904
-0.0391303
-0.0599215
-0.0751310
-0.0815702
-0.0844838
-0.0927379
-0.1073257
-0.1207850
-0.1277501
-0.1292183
-0.1269499
-0.1213737
-0.1152427
-0.1122263
-0.1115468
-0.1099006
-0.1078275
-0.1085492
-0.1123651
-0.1177992
-0.1255412
-0.1355063
-0.1435011
-0.1470091
-0.1507134
-0.1601584
-0.1734467
-0.1846439
-0.1913874
-0.1943303
-0.1940752
-0.1935898
-0.1982268
-0.2082684
-0.2166488
-0.2184776
-0.2173933
-0.2187147
-0.2221802
-0.2249477
-0.2259165
-0.2243799
-0.2204636
-0.2186310
-0.2239617
-0.2336834
-0.2396857
-0.2403527
-0.2422325
-0.2492879
-0.2583313
-0.2655336
-0.2695560
-0.2680515
-0.2590397
-0.2462927
-0.2366784
-0.2325673
-0.2323996
-0.2360590
-0.2432415
-0.2500116
-0.2539937
-0.2591823
-0.2686198
-0.2768223
-0.2770406
-0.2717534
-0.2685643
-0.2696534
-0.2717554
-0.2722850
-0.2698881
-0.2638078
-0.2575156
-0.2572921
-0.2629199
-0.2661186
-0.2619068
-0.2544141
-0.2482654
-0.2424583
-0.2363471
-0.2331736
-0.2336393
-0.2336442
-0.2315953
-0.2306842
-0.2319448
-0.2324713
-0.2314365
-0.2302414
-0.2270526
-0.2197287
-0.2133098
-0.2152636
-0.2237611
-0.2294825
-0.2281981
-0.2234908
-0.2191718
-0.2173311
-0.2210828
-0.2306714
-0.2397038
-0.2431001
-0.2452552
-0.2531127
-0.2657015
-0.2773918
-0.2859439
-0.2906370
-0.2890598
-0.2828224
-0.2795225
-0.2819744
-0.2824322
-0.2741923
-0.2620228
-0.2550537
-0.2560566
-0.2623949
-0.2701807
-0.2738168
-0.2695261
-0.2622568
-0.2605825
-0.2631322
-0.2598414
-0.2478053
-0.2349467
-0.2265524
-0.2195496
-0.2119150
-0.2065307
-0.2033881
-0.1978377
-0.1884258
-0.1783664
-0.1691450
-0.1595240
-0.1485318
-0.1334243
-0.1110879
-0.0892720
-0.0861627
-0.1041972
-0.1098380
-0.0541094
0.0873587
0.3016430
0.5568404
0.8182235
1.0477959
1.2000646
1.2259746
1.0909642
0.8062754
0.4467784
0.1194935
-0.1027157
-0.2169377
-0.2637068
-0.2808249
-0.2866127
-0.2876303
-0.2852870
-0.2796059
-0.2742900
-0.2743065
-0.2779262
-0.2795361
-0.2798399
-0.2831377
-0.2864519
-0.2838766
-0.2797381
-0.2832683
-0.2912781
-0.2905622
-0.2774431
-0.2618572
-0.2525686
-0.2499872
-0.2515224
-0.2527596
-0.2466052
-0.2320577
-0.2193312
-0.2161355
-0.2150727
-0.2047814
-0.1860697
-0.1667360
-0.1489115
-0.1320249
-0.1194536
-0.1120756
-0.1041886
-0.0946359
-0.0917158
-0.0986613
-0.1054479
-0.1034230
-0.0971409
-0.0945274
-0.0965150
-0.1020278
-0.1110999
-0.1185462
-0.1174637
-0.1123789
-0.1150526
-0.1246539
-0.1267487
-0.1141782
-0.0944128
-0.0751593
-0.0575759
-0.0439520
-0.0370491
-0.0320933
-0.0234482
-0.0169129
-0.0212278
-0.0314141
-0.0353947
-0.0324924
-0.0308963
-0.0326278
-0.0352070
-0.0411063
-0.0514470
-0.0582560
-0.0564097
-0.0541249
-0.0587712
-0.0627673
-0.0562371
-0.0426429
-0.0301898
-0.0196727
-0.0113660
-0.0106570
-0.0168976
-0.0205568
-0.0199301
-0.0255047
-0.0403740
-0.0530006
-0.0565174
-0.0581149
-0.0630658
-0.0668631
-0.0683102
-0.0728237
-0.0790779
-0.0800577
-0.0790987
-0.0864632
-0.0996203
-0.1056825
-0.1024589
-0.0985560
-0.0956885
-0.0898611
-0.0850764
-0.0862154
-0.0848015
-0.0719032
-0.0570680
-0.0532975
-0.0517482
-0.0335115
-0.0001861
0.0264334
0.0297492
0.0121212
-0.0028753
0.0301925
0.1569033
0.3808834
0.6550135
0.9227883
1.1464448
1.2858596
1.2860670
1.1183931
0.8226026
0.4900616
0.2118193
0.0407481
-0.0251784
-0.0359270
-0.0452082
-0.0631211
-0.0668213
-0.0515747
-0.0410161
-0.0480029
-0.0593804
-0.0642544
-0.0674622
-0.0715027
-0.0725919
-0.0754221
-0.0860867
-0.0937572
-0.0852050
-0.0704102
-0.0671537
-0.0703166
-0.0640059
-0.0516505
-0.0457098
-0.0414569
-0.0289543
-0.0154634
-0.0092721
0.0005643
0.0227954
0.0434052
0.0510803
0.0594200
0.0799517
0.0994552
0.1074400
0.1179032
0.1415377
0.1657860
0.1821480
0.2015364
0.2254204
0.2363333
0.2322052
0.2333640
0.2428606
0.2392165
0.2189716
0.2048941
0.2036405
0.1979678
0.1858177
0.1824825
0.1824618
0.1657986
0.1406621
0.1316167
0.1309961
0.1116585
0.0791368
0.0600801
0.0512885
0.0318548
0.0095147
0.0031149
0.0000031
-0.0177033
-0.0312567
-0.0211121
-0.0111230
-0.0243085
-0.0337496
-0.0116959
0.0162777
0.0202929
0.0204758
0.0393745
0.0548322
0.0518307
0.0603035
0.0919427
0.1078286
0.0957882
0.1023584
0.1424383
0.1638931
0.1460853
0.1382013
0.1582234
0.1590147
0.1327286
0.1324890
0.1568126
0.1424167
0.1003197
0.1121551
0.1668674
0.1680716
0.1251461
0.1461618
0.2203075
0.2259960
0.1767944
0.2069700
0.2904326
0.2806522
0.2722347
0.5390599
0.9870156
1.0885188
0.6060541
