-0.1104070
-0.1145596
-0.1229775
-0.1285900
-0.1265797
-0.1185462
-0.1104335
-0.1066332
-0.1065373
-0.1070103
-0.1073951
-0.1104957
-0.1177882
-0.1248296
-0.1238262
-0.1120815
-0.0966880
-0.0883166
-0.0891639
-0.0883772
-0.0717674
-0.0371211
0.0009907
0.0232587
0.0236491
0.0159050
0.0220313
0.0534736
0.1019922
0.1472092
0.1723393
0.1737286
0.1578134
0.1316154
0.0975250
0.0565606
0.0143358
-0.0189221
-0.0359662
-0.0400794
-0.0436803
-0.0580777
-0.0842527
-0.1138961
-0.1389329
-0.1586924
-0.1772223
-0.1950789
-0.2062936
-0.2046702
-0.1920458
-0.1784203
-0.1731180
-0.1763684
-0.1800968
-0.1765670
-0.1656948
-0.1541619
-0.1478459
-0.1447821
-0.1353218
-0.1110124
-0.0762679
-0.0509859
-0.0555245
-0.0852366
-0.0978992
-0.0329612
0.1471578
0.4294231
0.7624801
1.0940799
1.3908843
1.6199992
1.7228024
1.6296397
1.3191093
0.8648832
0.4109323
0.0842443
-0.0796622
-0.1338818
-0.1524472
-0.1692629
-0.1754927
-0.1590180
-0.1317200
-0.1177013
-0.1258766
-0.1431394
-0.1526948
-0.1518099
-0.1494674
-0.1521076
-0.1571082
-0.1589850
-0.1567544
-0.1532295
-0.1501830
-0.1473634
-0.1452658
-0.1456043
-0.1481682
-0.1496194
-0.1474778
-0.1441116
-0.1440512
-0.1469985
-0.1462361
-0.1362651
-0.1209195
-0.1109926
-0.1128712
-0.1213273
-0.1252101
-0.1194761
-0.1096916
-0.1044249
-0.1050960
-0.1050477
-0.0980586
-0.0855700
-0.0743105
-0.0680535
-0.0638693
-0.0568305
-0.0465291
-0.0373066
-0.0325725
-0.0305359
-0.0260629
-0.0158477
-0.0010683
0.0144944
0.0279368
0.0387107
0.0476617
0.0557773
0.0640364
0.0734753
0.0843359
0.0951958
0.1038669
0.1097575
0.1151016
0.1233224
0.1358647
0.1504930
0.1627644
0.1696225
0.1720265
0.1739505
0.1783077
0.1837842
0.1860951
0.1824638
0.1743874
0.1656269
0.1577765
0.1484208
0.1338905
0.1134814
0.0903855
0.0683322
0.0479543
0.0272262
0.0052975
-0.0151815
-0.0301209
-0.0378287
-0.0402819
-0.0411156
-0.0431244
-0.0473699
-0.0534166
-0.0596510
-0.0638920
-0.0648347
-0.0635063
-0.0628799
-0.0651297
-0.0689513
-0.0703534
-0.0669424
-0.0611449
-0.0581902
-0.0606988
-0.0661415
-0.0702124
-0.0720652
-0.0751642
-0.0826996
-0.0928068
-0.0992222
-0.0972273
-0.0888114
-0.0813066
-0.0805298
-0.0855698
-0.0906260
-0.0915051
-0.0896305
-0.0898454
-0.0950956
-0.1035327
-0.1102536
-0.1113812
-0.1067651
-0.0996080
-0.0941515
-0.0934179
-0.0978121
-0.1046917
-0.1097357
-0.1104303
-0.1089447
-0.1103779
-0.1168367
-0.1237226
-0.1235067
-0.1138778
-0.1013293
-0.0955670
-0.1001344
-0.1091262
-0.1135925
-0.1107803
-0.1062640
-0.1070617
-0.1139113
-0.1210856
-0.1227307
-0.1178701
-0.1096723
-0.1019850
-0.0975007
-0.0975385
-0.1011448
-0.1038600
-0.0989766
-0.0820524
-0.0551678
-0.0263813
-0.0039585
0.0097718
0.0195283
0.0328000
0.0546307
0.0852196
0.1201771
0.1518683
0.1717306
0.1735819
0.1561893
0.1234214
0.0826294
0.0426579
0.0112566
-0.0084369
-0.0200254
-0.0314155
-0.0486394
-0.0714540
-0.0952555
-0.1171842
-0.1392188
-0.1641739
-0.1893185
-0.2062619
-0.2086275
-0.1988972
-0.1862245
-0.1780958
-0.1755937
-0.1758154
-0.1757173
-0.1725831
-0.1638977
-0.1500896
-0.1362485
-0.1270763
-0.1192398
-0.1033291
-0.0779870
-0.0591560
-0.0651056
-0.0845886
-0.0635888
0.0640832
0.3236842
0.6756902
1.0451087
1.3695089
1.6131334
1.7411000
1.7019128
1.4583273
1.0425335
0.5697013
0.1792552
-0.0503660
-0.1369159
-0.1532949
-0.1585566
-0.1665134
-0.1661672
-0.1541778
-0.1412331
-0.1361901
-0.1363021
-0.1351513
-0.1333992
-0.1367990
-0.1461762
-0.1547414
-0.1564968
-0.1537543
-0.1533593
-0.1569359
-0.1585181
-0.1526373
-0.1418121
-0.1337049
-0.1323292
-0.1347262
-0.1360208
-0.1350601
-0.1340202
-0.1343432
-0.1350212
-0.1345365
-0.1327911
-0.1302986
-0.1262896
-0.1191202
-0.1091813
-0.1003719
-0.0970668
-0.0993080
-0.1021326
-0.1003992
-0.0937300
-0.0861701
-0.0815045
-0.0794881
-0.0763210
-0.0682926
-0.0551591
-0.0403967
-0.0282003
-0.0201500
-0.0146938
-0.0093112
-0.0025314
0.0058154
0.0152477
0.0252311
0.0358336
0.0480806
0.0630090
0.0798642
0.0955486
0.1064850
0.1115668
0.1136615
0.1179593
0.1277609
0.1411501
0.1524021
0.1576090
0.1588143
0.1619651
0.1708125
0.1831157
0.1924488
0.1932977
0.1849737
0.1715169
0.1578579
0.1454978
0.1316960
0.1129470
0.0891649
0.0644535
0.0439634
0.0298115
0.0195664
0.0087735
-0.0045138
-0.0178289
-0.0275381
-0.0337113
-0.0405330
-0.0514537
-0.0648488
-0.0751231
-0.0777083
-0.0727945
-0.0649147
-0.0594251
-0.0588478
-0.0617222
-0.0646026
-0.0653209
-0.0648871
-0.0668371
-0.0744042
-0.0869552
-0.0986013
-0.1017674
-0.0940026
-0.0813292
-0.0736693
-0.0764400
-0.0867463
-0.0972656
-0.1029682
-0.1041827
-0.1042044
-0.1048205
-0.1045675
-0.1014451
-0.0967517
-0.0950786
-0.0999013
-0.1095802
-0.1181860
-0.1203901
-0.1160905
-0.1110121
-0.1122998
-0.1219205
-0.1338656
-0.1391288
-0.1345048
-0.1259549
-0.1225116
-0.1272003
-0.1346878
-0.1377852
-0.1354741
-0.1337024
-0.1379921
-0.1461518
-0.1499714
-0.1446060
-0.1345955
-0.1289790
-0.1313171
-0.1364795
-0.1372143
-0.1320462
-0.1260501
-0.1251777
-0.1308703
-0.1394867
-0.1454058
-0.1438886
-0.1318500
-0.1083675
-0.0766972
-0.0452593
-0.0234632
-0.0139896
-0.0093273
0.0027146
0.0293039
0.0674865
0.1069891
0.1370335
0.1514660
0.1494253
0.1328344
0.1044068
0.0682854
0.0310531
-0.0004193
-0.0233695
-0.0408757
-0.0586271
-0.0799959
-0.1038272
-0.1260273
-0.1431222
-0.1551426
-0.1655350
-0.1778292
-0.1919384
-0.2036209
-0.2076401
-0.2021696
-0.1913435
-0.1833494
-0.1837182
-0.1888261
-0.1875739
-0.1721289
-0.1468597
-0.1242381
-0.1113261
-0.1029009
-0.0903127
-0.0755284
-0.0708016
-0.0787423
-0.0719409
0.0018481
0.1859548
0.4806644
0.8400078
1.1989481
1.5001829
1.6975561
1.7476313
1.6171604
1.3112908
0.8942886
0.4724788
0.1429848
-0.0536018
-0.1398551
-0.1673682
-0.1761719
-0.1800216
-0.1782179
-0.1711897
-0.1636961
-0.1596034
-0.1591889
-0.1613729
-0.1657522
-0.1714746
-0.1755499
-0.1741880
-0.1667518
-0.1577983
-0.1537099
-0.1566530
-0.1626392
-0.1659928
-0.1647764
-0.1612388
-0.1581201
-0.1557302
-0.1521100
-0.1451753
-0.1352122
-0.1259010
-0.1219505
-0.1244705
-0.1289729
-0.1290681
-0.1225310
-0.1135693
-0.1090127
-0.1117898
-0.1174855
-0.1176635
-0.1077349
-0.0917877
-0.0788860
-0.0744851
-0.0759907
-0.0762301
-0.0701508
-0.0585492
-0.0468651
-0.0404266
-0.0392729
-0.0370916
-0.0266301
-0.0072454
0.0133898
0.0260061
0.0286149
0.0288194
0.0368012
0.0549860
0.0746257
0.0841038
0.0814502
0.0773765
0.0847355
0.1058303
0.1310871
0.1490071
0.1557983
0.1561365
0.1570034
0.1618004
0.1693124
0.1766446
0.1819881
0.1845937
0.1837017
0.1792062
0.1727697
0.1661254
0.1579131
0.1441477
0.1228969
0.0973045
0.0729477
0.0528456
0.0357277
0.0187496
0.0014766
-0.0127420
-0.0198296
-0.0201436
-0.0199709
-0.0263685
-0.0401778
-0.0549741
-0.0631435
-0.0626975
-0.0586143
-0.0581713
-0.0643788
-0.0730896
-0.0769441
-0.0728655
-0.0651654
-0.0607576
-0.0622984
-0.0669098
-0.0705245
-0.0719466
-0.0729768
-0.0757441
-0.0800213
-0.0828408
-0.0812529
-0.0758180
-0.0706761
-0.0696708
-0.0728799
-0.0770736
-0.0789148
-0.0778641
-0.0769924
-0.0806847
-0.0899088
-0.0995056
-0.1019665
-0.0950179
-0.0846724
-0.0799849
-0.0849340
-0.0952163
-0.1023496
-0.1013822
-0.0956742
-0.0937884
-0.1004391
-0.1106772
-0.1143401
-0.1064958
-0.0927338
-0.0841082
-0.0871963
-0.0984950
-0.1079116
-0.1084115
-0.1028745
-0.1006304
-0.1066702
-0.1156296
-0.1176505
-0.1090892
-0.0958558
-0.0865973
-0.0837551
-0.0811555
-0.0698304
-0.0467696
-0.0185589
0.0041505
0.0164291
0.0234966
0.0360202
0.0615892
0.0992920
0.1397976
0.1702044
0.1813528
0.1727066
0.1505043
0.1215215
0.0894950
0.0567978
0.0269450
0.0037881
-0.0114952
-0.0222519
-0.0351250
-0.0557631
-0.0841243
-0.1140597
-0.1385624
-0.1553680
-0.1669213
-0.1758052
-0.1815154
-0.1814362
-0.1742114
-0.1625457
-0.1526870
-0.1493873
-0.1504105
-0.1479010
-0.1368735
-0.1207202
-0.1061468
-0.0942794
-0.0806958
-0.0650248
-0.0560348
-0.0606162
-0.0641064
-0.0245517
0.1049912
0.3409507
0.6543347
0.9916504
1.3065805
1.5655227
1.7265966
1.7315635
1.5385829
1.1710351
0.7283546
0.3366251
0.0760811
-0.0538184
-0.1072773
-0.1361270
-0.1579918
-0.1672378
-0.1613087
-0.1490978
-0.1399460
-0.1349691
-0.1313968
-0.1296495
-0.1322740
-0.1383301
-0.1427762
-0.1422348
-0.1396753
-0.1415143
-0.1495233
-0.1571316
-0.1559386
-0.1456540
-0.1350211
-0.1321327
-0.1362277
-0.1404457
-0.1404847
-0.1382547
-0.1379115
-0.1402994
-0.1416001
-0.1370814
-0.1264486
-0.1151716
-0.1093987
-0.1096846
-0.1109826
-0.1085242
-0.1021131
-0.0949216
-0.0900590
-0.0884072
-0.0878200
-0.0839992
-0.0739238
-0.0592232
-0.0452138
-0.0362004
-0.0321099
-0.0291964
-0.0233096
-0.0133147
-0.0022518
0.0058851
0.0114592
0.0197272
0.0344351
0.0523005
0.0661332
0.0729076
0.0768141
0.0842885
0.0971429
0.1106354
0.1181399
0.1184941
0.1186821
0.1275639
0.1462938
0.1664022
0.1779687
0.1783562
0.1727671
0.1683372
0.1684486
0.1707595
0.1694094
0.1603078
0.1451671
0.1295440
0.1167203
0.1045850
0.0885505
0.0664570
0.0409004
0.0178368
0.0020652
-0.0075425
-0.0174855
-0.0323139
-0.0485179
-0.0579844
-0.0573827
-0.0520814
-0.0505526
-0.0563103
-0.0654438
-0.0711638
-0.0708957
-0.0690812
-0.0719001
-0.0791330
-0.0835761
-0.0798249
-0.0714529
-0.0673256
-0.0719473
-0.0812068
-0.0869542
-0.0847474
-0.0780071
-0.0751677
-0.0814285
-0.0926975
-0.0990997
-0.0950637
-0.0846769
-0.0770170
-0.0779534
-0.0865323
-0.0970119
-0.1035608
-0.1046499
-0.1036737
-0.1044426
-0.1064905
-0.1063425
-0.1028044
-0.0989065
-0.0986610
-0.1034240
-0.1109716
-0.1167044
-0.1168610
-0.1126876
-0.1105799
-0.1156495
-0.1253275
-0.1312909
-0.1278122
-0.1171780
-0.1074042
-0.1053773
-0.1111221
-0.1179096
-0.1192048
-0.1159831
-0.1152240
-0.1205172
-0.1269403
-0.1270617
-0.1198399
-0.1113888
-0.1082036
-0.1112618
-0.1157889
-0.1155853
-0.1081842
-0.0961157
-0.0825482
-0.0668458
-0.0466588
-0.0234567
-0.0023618
0.0143620
0.0309286
0.0537129
0.0842904
0.1164693
0.1386605
0.1402474
0.1188907
0.0827283
0.0443212
0.0122632
-0.0114304
-0.0285207
-0.0419580
-0.0546975
-0.0681685
-0.0821856
-0.0978269
-0.1187364
-0.1469078
-0.1778257
-0.2021066
-0.2123917
-0.2086439
-0.1982691
-0.1913960
-0.1933263
-0.1998362
-0.2015319
-0.1939800
-0.1819038
-0.1729295
-0.1696074
-0.1680938
-0.1616227
-0.1445017
-0.1169987
-0.0895085
-0.0787048
-0.0929182
-0.1163821
-0.1068657
-0.0132961
0.1944112
0.5035762
0.8636645
1.2135073
1.5025789
1.6873279
1.7203750
1.5645893
1.2306569
0.7977154
0.3845764
0.0867788
-0.0709258
-0.1299751
-0.1503109
-0.1645454
-0.1713798
-0.1622146
-0.1431601
-0.1297510
-0.1293725
-0.1364515
-0.1422293
-0.1434950
-0.1425636
-0.1432487
-0.1475029
-0.1536214
-0.1572963
-0.1553740
-0.1484860
-0.1402869
-0.1352733
-0.1363337
-0.1417663
-0.1452666
-0.1421900
-0.1358044
-0.1339013
-0.1389731
-0.1451914
-0.1455375
-0.1386186
-0.1280529
-0.1185477
-0.1133931
-0.1128239
-0.1136433
-0.1121110
-0.1074236
-0.1013096
-0.0954696
-0.0910058
-0.0882940
-0.0849688
-0.0762862
-0.0607866
-0.0440800
-0.0338031
-0.0316387
-0.0324286
-0.0297373
-0.0205611
-0.0067787
0.0058802
0.0124821
0.0146995
0.0200694
0.0338160
0.0534984
0.0728033
0.0877142
0.0977007
0.1042685
0.1104317
0.1189631
0.1293045
0.1381365
0.1438337
0.1483275
0.1545828
0.1646345
0.1791859
0.1954985
0.2063277
0.2054091
0.1946061
0.1822374
0.1740170
0.1683224
0.1596391
0.1435366
0.1193352
0.0915363
0.0679944
0.0533127
0.0443311
0.0342811
0.0200173
0.0032382
-0.0128299
-0.0251890
-0.0321781
-0.0359772
-0.0417044
-0.0511690
-0.0598102
-0.0623441
-0.0590225
-0.0541927
-0.0514568
-0.0522058
-0.0558556
-0.0595570
-0.0606172
-0.0606885
-0.0643488
-0.0723354
-0.0796434
-0.0814227
-0.0774914
-0.0707086
-0.0647748
-0.0637559
-0.0692462
-0.0773015
-0.0821478
-0.0832276
-0.0847983
-0.0889292
-0.0931880
-0.0951596
-0.0952411
-0.0949584
-0.0956449
-0.0980237
-0.1005100
-0.0999057
-0.0964917
-0.0953529
-0.0992752
-0.1040867
-0.1054245
-0.1063383
-0.1125759
-0.1226868
-0.1282247
-0.1231977
-0.1103485
-0.0992516
-0.0992857
-0.1111911
-0.1241963
-0.1256544
-0.1152233
-0.1052171
-0.1057038
-0.1144255
-0.1227619
-0.1255009
-0.1222346
-0.1149164
-0.1075361
-0.1042721
-0.1054173
-0.1077108
-0.1088654
-0.1085873
-0.1065953
-0.1042500
-0.1061643
-0.1142470
-0.1216936
-0.1193918
-0.1076044
-0.0955961
-0.0907450
-0.0932440
-0.0994532
-0.1042872
-0.1016826
-0.0886377
-0.0685269
-0.0470733
-0.0271698
-0.0100765
0.0031327
0.0155241
0.0347777
0.0645389
0.0987131
0.1275925
0.1450700
0.1474937
0.1324846
0.1035666
0.0703041
0.0396173
0.0117765
-0.0127842
-0.0295759
-0.0366143
-0.0391937
-0.0450620
-0.0590915
-0.0827119
-0.1121836
-0.1375996
-0.1511497
-0.1567502
-0.1644013
-0.1756001
-0.1821400
-0.1786768
-0.1684736
-0.1572845
-0.1490129
-0.1462078
-0.1476324
-0.1469682
-0.1401213
-0.1304370
-0.1206804
-0.1060039
-0.0837604
-0.0646410
-0.0623864
-0.0723410
-0.0655266
-0.0017073
0.1523500
0.4055918
0.7321331
1.0797520
1.3916177
1.6151260
1.6958644
1.5891445
1.2977235
0.8929271
0.4847926
0.1654363
-0.0280708
-0.1147545
-0.1433098
-0.1542454
-0.1579553
-0.1487878
-0.1325887
-0.1265678
-0.1354876
-0.1458558
-0.1461613
-0.1388620
-0.1312093
-0.1277515
-0.1322767
-0.1441329
-0.1532650
-0.1511358
-0.1440291
-0.1435862
-0.1491280
-0.1520931
-0.1511889
-0.1493281
-0.1435656
-0.1328069
-0.1268438
-0.1326856
-0.1409029
-0.1396678
-0.1320263
-0.1262669
-0.1220165
-0.1186680
-0.1221081
-0.1296630
-0.1257128
-0.1062978
-0.0897923
-0.0896616
-0.0961975
-0.0972608
-0.0947991
-0.0895888
-0.0750472
-0.0574562
-0.0546599
-0.0640587
-0.0616593
-0.0415949
-0.0233411
-0.0133050
0.0019302
0.0186195
0.0171375
0.0063847
0.0169726
0.0442558
0.0540731
0.0493830
0.0649644
0.0912751
0.0848179
0.0651849
0.1017163
0.1726779
0.1492867
-0.0174902
