0.0108624
0.0257180
0.0302281
0.0324321
0.0436252
0.0723650
0.1173982
0.1647308
0.1941803
0.1931291
0.1662083
0.1308930
0.1021382
0.0808734
0.0574804
0.0253171
-0.0111091
-0.0416912
-0.0624282
-0.0795256
-0.1019661
-0.1317569
-0.1622924
-0.1850484
-0.1965077
-0.1993483
-0.1991563
-0.2007557
-0.2057687
-0.2113963
-0.2117340
-0.2025329
-0.1860276
-0.1701310
-0.1614157
-0.1589014
-0.1554855
-0.1450993
-0.1275583
-0.1074649
-0.0912525
-0.0856485
-0.0935003
-0.1033114
-0.0809883
0.0206284
0.2329685
0.5458405
0.9093646
1.2612945
1.5501980
1.7334232
1.7650772
1.6068399
1.2659284
0.8213916
0.3981698
0.0981441
-0.0547764
-0.1085063
-0.1274755
-0.1437151
-0.1536502
-0.1478711
-0.1329585
-0.1248766
-0.1301754
-0.1406154
-0.1450109
-0.1412888
-0.1355865
-0.1331983
-0.1338419
-0.1348237
-0.1353385
-0.1362487
-0.1375600
-0.1383081
-0.1385909
-0.1397264
-0.1415754
-0.1409506
-0.1342617
-0.1219374
-0.1093171
-0.1024582
-0.1029948
-0.1071246
-0.1093721
-0.1072083
-0.1023722
-0.0982574
-0.0962167
-0.0942207
-0.0889757
-0.0794799
-0.0685877
-0.0607681
-0.0578071
-0.0565744
-0.0515041
-0.0399325
-0.0252068
-0.0141463
-0.0108015
-0.0122505
-0.0105382
0.0006902
0.0206026
0.0416308
0.0558387
0.0618263
0.0659059
0.0761024
0.0943604
0.1146706
0.1294103
0.1376220
0.1462779
0.1626461
0.1857734
0.2066765
0.2174930
0.2196746
0.2221664
0.2317645
0.2464589
0.2585814
0.2631979
0.2621116
0.2602505
0.2601001
0.2604244
0.2587634
0.2530367
0.2408675
0.2198730
0.1906460
0.1586972
0.1310040
0.1094637
0.0889407
0.0633920
0.0337599
0.0082714
-0.0058263
-0.0100086
-0.0130933
-0.0224909
-0.0376448
-0.0519250
-0.0597979
-0.0615424
-0.0618520
-0.0651159
-0.0720519
-0.0796606
-0.0836629
-0.0817797
-0.0759736
-0.0715672
-0.0729139
-0.0790663
-0.0843200
-0.0841179
-0.0803810
-0.0798957
-0.0867735
-0.0971327
-0.1022688
-0.0973208
-0.0862940
-0.0782589
-0.0789560
-0.0863920
-0.0940990
-0.0977256
-0.0982181
-0.0994500
-0.1037345
-0.1096477
-0.1135202
-0.1128043
-0.1085277
-0.1048500
-0.1057132
-0.1111345
-0.1168080
-0.1181978
-0.1155673
-0.1144454
-0.1200971
-0.1311953
-0.1396930
-0.1379802
-0.1265469
-0.1142606
-0.1106830
-0.1178691
-0.1292821
-0.1361117
-0.1345623
-0.1279524
-0.1229268
-0.1236160
-0.1280042
-0.1285696
-0.1168121
-0.0892451
-0.0510479
-0.0141468
0.0100482
0.0185359
0.0190699
0.0245987
0.0438180
0.0751145
0.1082750
0.1319744
0.1408156
0.1367789
0.1249249
0.1079226
0.0846071
0.0536352
0.0179316
-0.0155291
-0.0411904
-0.0601406
-0.0792101
-0.1042955
-0.1344763
-0.1627746
-0.1825576
-0.1931207
-0.1994497
-0.2072154
-0.2179826
-0.2283289
-0.2329078
-0.2291061
-0.2201086
-0.2133170
-0.2138119
-0.2180698
-0.2155853
-0.1992021
-0.1737908
-0.1519184
-0.1396862
-0.1301274
-0.1148586
-0.1006731
-0.1060374
-0.1331750
-0.1445305
-0.0760217
0.1175863
0.4273405
0.7981472
1.1656464
1.4778725
1.6840868
1.7224327
1.5448946
1.1686536
0.6971114
0.2729779
-0.0053607
-0.1318629
-0.1674269
-0.1749293
-0.1788963
-0.1757651
-0.1645606
-0.1568089
-0.1612010
-0.1710262
-0.1732362
-0.1660752
-0.1612581
-0.1681719
-0.1809679
-0.1849759
-0.1742044
-0.1585272
-0.1524984
-0.1596192
-0.1699378
-0.1721622
-0.1653799
-0.1580280
-0.1573667
-0.1620581
-0.1646636
-0.1594472
-0.1470850
-0.1332689
-0.1242653
-0.1232226
-0.1285665
-0.1346746
-0.1351836
-0.1278439
-0.1170527
-0.1104990
-0.1117551
-0.1159822
-0.1139801
-0.1012108
-0.0825526
-0.0676572
-0.0617092
-0.0610855
-0.0579188
-0.0482712
-0.0354490
-0.0256169
-0.0208327
-0.0167693
-0.0071369
0.0099693
0.0300920
0.0464438
0.0558684
0.0612510
0.0684830
0.0810173
0.0970430
0.1117581
0.1223757
0.1308683
0.1417651
0.1573429
0.1751159
0.1900463
0.1991133
0.2036979
0.2076220
0.2130681
0.2186045
0.2211582
0.2195071
0.2153480
0.2109400
0.2062394
0.1987748
0.1861366
0.1681047
0.1462970
0.1222894
0.0966486
0.0697599
0.0429577
0.0183015
-0.0026125
-0.0191084
-0.0308201
-0.0375886
-0.0406723
-0.0434027
-0.0491852
-0.0582203
-0.0669624
-0.0717607
-0.0728962
-0.0741324
-0.0779732
-0.0821911
-0.0820791
-0.0761608
-0.0686511
-0.0654310
-0.0679193
-0.0718903
-0.0726139
-0.0704080
-0.0704166
-0.0770670
-0.0891920
-0.1004931
-0.1044607
-0.0992825
-0.0891538
-0.0815173
-0.0822448
-0.0917289
-0.1044984
-0.1131474
-0.1142241
-0.1112439
-0.1113745
-0.1180426
-0.1267042
-0.1289428
-0.1214724
-0.1105050
-0.1060797
-0.1117963
-0.1210079
-0.1239883
-0.1185509
-0.1123750
-0.1141428
-0.1231823
-0.1294045
-0.1240111
-0.1092852
-0.0967672
-0.0960342
-0.1061688
-0.1180646
-0.1236933
-0.1223041
-0.1186508
-0.1171021
-0.1180846
-0.1188963
-0.1162770
-0.1080693
-0.0937679
-0.0744956
-0.0520484
-0.0273107
-0.0002648
0.0272363
0.0493623
0.0598835
0.0602021
0.0627646
0.0827483
0.1234147
0.1698031
0.1990333
0.1985868
0.1749660
0.1447788
0.1184366
0.0933873
0.0621228
0.0240245
-0.0124291
-0.0382226
-0.0526393
-0.0634137
-0.0795765
-0.1046577
-0.1352493
-0.1642137
-0.1853851
-0.1971612
-0.2030444
-0.2081994
-0.2141484
-0.2167384
-0.2105960
-0.1962233
-0.1814329
-0.1741314
-0.1739814
-0.1729675
-0.1645453
-0.1502239
-0.1358277
-0.1236148
-0.1118771
-0.1019885
-0.0995999
-0.1019547
-0.0834261
-0.0002897
0.1819875
0.4618208
0.8000176
1.1417335
1.4356147
1.6332337
1.6834212
1.5474755
1.2338129
0.8168369
0.4098082
0.1053368
-0.0684975
-0.1428153
-0.1668519
-0.1727792
-0.1711923
-0.1656890
-0.1615044
-0.1611666
-0.1603129
-0.1535969
-0.1432065
-0.1374994
-0.1409363
-0.1485850
-0.1522744
-0.1501963
-0.1479482
-0.1505954
-0.1562640
-0.1586966
-0.1546178
-0.1467808
-0.1401101
-0.1367052
-0.1353323
-0.1343317
-0.1333395
-0.1324461
-0.1312799
-0.1294491
-0.1267849
-0.1223811
-0.1143529
-0.1019867
-0.0881209
-0.0780019
-0.0746890
-0.0757622
-0.0753666
-0.0698718
-0.0612447
-0.0545539
-0.0523577
-0.0519741
-0.0482583
-0.0385919
-0.0249679
-0.0116925
-0.0015547
0.0059828
0.0134868
0.0227458
0.0331097
0.0425957
0.0507035
0.0597812
0.0729403
0.0903915
0.1083320
0.1221206
0.1307709
0.1380149
0.1484771
0.1626593
0.1760541
0.1837078
0.1857520
0.1880915
0.1972855
0.2145206
0.2342520
0.2484327
0.2523891
0.2475311
0.2390694
0.2309939
0.2227318
0.2103668
0.1910800
0.1664334
0.1413289
0.1197208
0.1012108
0.0817994
0.0582085
0.0317077
0.0075084
-0.0100321
-0.0217043
-0.0326711
-0.0471346
-0.0637235
-0.0762778
-0.0794554
-0.0739546
-0.0664200
-0.0639797
-0.0684415
-0.0755832
-0.0799776
-0.0803211
-0.0799913
-0.0826849
-0.0879457
-0.0913097
-0.0890833
-0.0829362
-0.0791268
-0.0823316
-0.0902667
-0.0955551
-0.0938112
-0.0892858
-0.0910481
-0.1029324
-0.1180543
-0.1245386
-0.1171990
-0.1031803
-0.0955580
-0.1013581
-0.1159682
-0.1286768
-0.1325794
-0.1290325
-0.1241932
-0.1230613
-0.1265769
-0.1323372
-0.1366787
-0.1368122
-0.1326297
-0.1270902
-0.1241746
-0.1256461
-0.1297270
-0.1333035
-0.1353857
-0.1377652
-0.1418742
-0.1457059
-0.1451282
-0.1386468
-0.1299505
-0.1247830
-0.1253956
-0.1286782
-0.1297224
-0.1266772
-0.1219985
-0.1194911
-0.1206011
-0.1234033
-0.1245424
-0.1217008
-0.1144416
-0.1034736
-0.0895735
-0.0728086
-0.0522522
-0.0269088
0.0019733
0.0293649
0.0487214
0.0576264
0.0616969
0.0717530
0.0952872
0.1293353
0.1614091
0.1780318
0.1733805
0.1508514
0.1178539
0.0804766
0.0427325
0.0081919
-0.0205321
-0.0441461
-0.0664581
-0.0903239
-0.1144884
-0.1357363
-0.1537995
-0.1722052
-0.1931736
-0.2130351
-0.2250992
-0.2275635
-0.2265178
-0.2293039
-0.2359301
-0.2393816
-0.2343757
-0.2232210
-0.2119097
-0.2029290
-0.1945579
-0.1856416
-0.1767930
-0.1661239
-0.1487832
-0.1256827
-0.1102300
-0.1170076
-0.1363317
-0.1222319
-0.0153425
0.2138269
0.5412346
0.9064205
1.2477142
1.5170076
1.6676856
1.6483847
1.4296758
1.0449216
0.5972289
0.2111207
-0.0365225
-0.1487144
-0.1815244
-0.1902856
-0.1977642
-0.2012075
-0.1956790
-0.1851747
-0.1769853
-0.1740292
-0.1752888
-0.1799818
-0.1877487
-0.1956191
-0.1981214
-0.1921919
-0.1812464
-0.1729698
-0.1725580
-0.1782765
-0.1834777
-0.1825212
-0.1750737
-0.1659517
-0.1614400
-0.1644626
-0.1714118
-0.1736742
-0.1643760
-0.1453987
-0.1273665
-0.1210439
-0.1276726
-0.1378846
-0.1406891
-0.1337693
-0.1247463
-0.1221841
-0.1258264
-0.1264980
-0.1157654
-0.0949421
-0.0740752
-0.0626152
-0.0616612
-0.0646073
-0.0638631
-0.0565407
-0.0449409
-0.0332368
-0.0241361
-0.0176481
-0.0115529
-0.0026183
0.0115285
0.0302976
0.0497502
0.0653783
0.0759963
0.0845666
0.0948012
0.1072810
0.1192944
0.1281682
0.1342126
0.1404110
0.1496490
0.1624450
0.1770966
0.1914205
0.2038454
0.2131112
0.2180705
0.2186455
0.2164204
0.2130381
0.2077530
0.1975372
0.1804025
0.1583436
0.1362153
0.1172551
0.0998117
0.0789715
0.0519423
0.0218746
-0.0041896
-0.0216736
-0.0328072
-0.0444897
-0.0617417
-0.0828784
-0.1005209
-0.1074427
-0.1026074
-0.0926089
-0.0870564
-0.0913753
-0.1029749
-0.1138750
-0.1172535
-0.1124885
-0.1051743
-0.1025993
-0.1081729
-0.1189058
-0.1278225
-0.1292555
-0.1227062
-0.1126217
-0.1050109
-0.1036843
-0.1083472
-0.1153516
-0.1204580
-0.1217032
-0.1204161
-0.1198540
-0.1224877
-0.1276717
-0.1315900
-0.1303825
-0.1244117
-0.1191677
-0.1206241
-0.1289948
-0.1376620
-0.1392132
-0.1329207
-0.1260268
-0.1270859
-0.1375384
-0.1498354
-0.1542327
-0.1476030
-0.1355926
-0.1267178
-0.1252233
-0.1293862
-0.1349337
-0.1387024
-0.1397368
-0.1388142
-0.1378486
-0.1389680
-0.1428201
-0.1471801
-0.1477836
-0.1417364
-0.1308341
-0.1210277
-0.1174675
-0.1193976
-0.1199263
-0.1110352
-0.0894500
-0.0589611
-0.0280485
-0.0045287
0.0095008
0.0188541
0.0313434
0.0518405
0.0792811
0.1084353
0.1336562
0.1508729
0.1570262
0.1491743
0.1256745
0.0891400
0.0477857
0.0120557
-0.0120117
-0.0269960
-0.0417775
-0.0646747
-0.0977999
-0.1364039
-0.1724830
-0.1993816
-0.2145796
-0.2199111
-0.2201522
-0.2208174
-0.2251425
-0.2313122
-0.2332012
-0.2261424
-0.2128661
-0.2021039
-0.1997138
-0.2019734
-0.1994480
-0.1873846
-0.1702682
-0.1552831
-0.1437057
-0.1321608
-0.1218505
-0.1202433
-0.1264427
-0.1141668
-0.0363004
0.1453459
0.4309739
0.7816550
1.1423426
1.4603202
1.6833047
1.7546559
1.6315547
1.3216630
0.9012285
0.4856343
0.1682086
-0.0234927
-0.1204946
-0.1691967
-0.1959336
-0.2051426
-0.1983115
-0.1855108
-0.1791904
-0.1829004
-0.1898004
-0.1913102
-0.1854194
-0.1769918
-0.1719450
-0.1722381
-0.1756342
-0.1785272
-0.1783944
-0.1748797
-0.1701107
-0.1676955
-0.1697596
-0.1742016
-0.1756422
-0.1699592
-0.1580415
-0.1451260
-0.1366441
-0.1344265
-0.1361590
-0.1379792
-0.1375756
-0.1350330
-0.1313629
-0.1271888
-0.1229679
-0.1192280
-0.1154986
-0.1096616
-0.0997935
-0.0869208
-0.0750120
-0.0675135
-0.0639071
-0.0599813
-0.0518457
-0.0399732
-0.0290737
-0.0233882
-0.0219856
-0.0191064
-0.0091494
0.0089725
0.0316920
0.0534712
0.0695967
0.0784618
0.0830264
0.0895499
0.1028735
0.1217048
0.1389602
0.1480523
0.1497930
0.1527745
0.1655994
0.1880133
0.2105308
0.2237509
0.2274676
0.2295685
0.2365088
0.2463986
0.2516327
0.2469481
0.2341178
0.2194618
0.2076949
0.1981859
0.1864342
0.1683395
0.1429346
0.1122489
0.0802369
0.0517549
0.0303157
0.0150907
0.0009586
-0.0166129
-0.0363448
-0.0517533
-0.0575881
-0.0555154
-0.0531009
-0.0569243
-0.0665913
-0.0757499
-0.0790928
-0.0777174
-0.0770805
-0.0806051
-0.0867022
-0.0916698
-0.0935889
-0.0927486
-0.0898884
-0.0856553
-0.0815459
-0.0800603
-0.0829153
-0.0887865
-0.0933332
-0.0927302
-0.0879509
-0.0847561
-0.0881714
-0.0969578
-0.1043447
-0.1043615
-0.0971752
-0.0886628
-0.0854009
-0.0896209
-0.0979543
-0.1047082
-0.1067146
-0.1053799
-0.1045170
-0.1067073
-0.1113568
-0.1151089
-0.1140758
-0.1071653
-0.0980734
-0.0929164
-0.0946798
-0.1003079
-0.1039953
-0.1031156
-0.1004579
-0.1008610
-0.1059079
-0.1117222
-0.1120872
-0.1043266
-0.0922316
-0.0827399
-0.0795669
-0.0799781
-0.0769191
-0.0637732
-0.0386184
-0.0063348
0.0231425
0.0409734
0.0462976
0.0479353
0.0587862
0.0867491
0.1284570
0.1704114
0.1974711
0.2025909
0.1894802
0.1662929
0.1378923
0.1048377
0.0681501
0.0323660
0.0029695
-0.0183736
-0.0353479
-0.0537434
-0.0767137
-0.1031661
-0.1302564
-0.1559430
-0.1781894
-0.1936396
-0.2003259
-0.2016978
-0.2044258
-0.2102590
-0.2125833
-0.2042348
-0.1880162
-0.1759978
-0.1765964
-0.1840366
-0.1835649
-0.1677927
-0.1450833
-0.1288945
-0.1210231
-0.1116786
-0.0977442
-0.0925340
-0.1066658
-0.1183442
-0.0722000
0.0832262
0.3548042
0.7009645
1.0621559
1.3862948
1.6239292
1.7143176
1.6021803
1.2866267
0.8519027
0.4329404
0.1340395
-0.0270799
-0.1016240
-0.1458448
-0.1781654
-0.1892062
-0.1762163
-0.1568169
-0.1516442
-0.1628481
-0.1750087
-0.1748172
-0.1646205
-0.1559129
-0.1547614
-0.1580101
-0.1611286
-0.1637389
-0.1665642
-0.1678855
-0.1661331
-0.1635940
-0.1643691
-0.1688659
-0.1721358
-0.1684270
-0.1573703
-0.1453741
-0.1399774
-0.1423469
-0.1463954
-0.1459378
-0.1411721
-0.1369177
-0.1362366
-0.1377314
-0.1377696
-0.1331754
-0.1227376
-0.1084769
-0.0951692
-0.0866514
-0.0822816
-0.0778811
-0.0700652
-0.0594845
-0.0505065
-0.0473253
-0.0486421
-0.0465016
-0.0332796
-0.0106854
0.0108255
0.0229443
0.0277080
0.0337566
0.0466718
0.0644207
0.0805058
0.0901443
0.0944631
0.0994431
0.1100248
0.1254592
0.1413509
0.1549002
0.1660969
0.1753335
0.1830402
0.1908947
0.2001160
0.2087681
0.2135057
0.2136984
0.2115348
0.2088254
0.2058082
0.2015797
0.1931608
0.1760498
0.1490596
0.1174612
0.0884056
0.0641080
0.0415111
0.0170590
-0.0098371
-0.0357196
-0.0540409
-0.0605690
-0.0597118
-0.0616567
-0.0710328
-0.0823597
-0.0887412
-0.0903032
-0.0913957
-0.0943008
-0.0988023
-0.1036935
-0.1062040
-0.1041529
-0.1001592
-0.0988606
-0.0995473
-0.0979053
-0.0950289
-0.0964507
-0.1017162
-0.1045106
-0.1043496
-0.1075481
-0.1147215
-0.1187231
-0.1171587
-0.1145528
-0.1104978
-0.1016022
-0.0989973
-0.1242389
-0.1773954
