-0.1155623
-0.0973003
-0.0981816
-0.1151388
-0.1138422
-0.0433008
0.1315074
0.4065624
0.7431295
1.0887534
1.3900071
1.5894964
1.6267635
1.4631617
1.1192625
0.6863846
0.2880960
0.0139482
-0.1223725
-0.1687461
-0.1832456
-0.1938490
-0.1980662
-0.1888028
-0.1725832
-0.1638622
-0.1686068
-0.1786752
-0.1819455
-0.1749806
-0.1648551
-0.1605187
-0.1641736
-0.1705779
-0.1730580
-0.1695885
-0.1638630
-0.1612625
-0.1635772
-0.1670447
-0.1655472
-0.1563539
-0.1431713
-0.1333545
-0.1315963
-0.1359777
-0.1400304
-0.1385818
-0.1317618
-0.1238762
-0.1188949
-0.1168825
-0.1141671
-0.1067460
-0.0940533
-0.0799151
-0.0695406
-0.0648901
-0.0628405
-0.0583705
-0.0497989
-0.0404181
-0.0343390
-0.0308300
-0.0236654
-0.0069437
0.0183739
0.0442941
0.0626838
0.0725309
0.0804764
0.0943186
0.1158562
0.1394936
0.1573486
0.1660526
0.1695191
0.1756397
0.1898308
0.2107337
0.2313318
0.2441079
0.2457661
0.2380358
0.2247680
0.2084102
0.1888251
0.1649120
0.1369607
0.1072856
0.0786285
0.0520939
0.0267164
0.0010301
-0.0249449
-0.0492631
-0.0696906
-0.0858995
-0.0999039
-0.1139764
-0.1279504
-0.1387278
-0.1427707
-0.1395028
-0.1327350
-0.1287762
-0.1322192
-0.1422325
-0.1525898
-0.1564220
-0.1523575
-0.1462459
-0.1458651
-0.1530125
-0.1610159
-0.1610232
-0.1512541
-0.1394601
-0.1354280
-0.1411931
-0.1495459
-0.1523582
-0.1492616
-0.1471015
-0.1513488
-0.1594414
-0.1631339
-0.1567872
-0.1428947
-0.1299590
-0.1255091
-0.1306383
-0.1399451
-0.1460186
-0.1448288
-0.1384406
-0.1332164
-0.1344302
-0.1413072
-0.1471924
-0.1454479
-0.1356480
-0.1237127
-0.1159782
-0.1137649
-0.1137521
-0.1122543
-0.1075987
-0.0986387
-0.0831746
-0.0599049
-0.0319079
-0.0062197
0.0120155
0.0252775
0.0423902
0.0703548
0.1070924
0.1421398
0.1641038
0.1675954
0.1545278
0.1309522
0.1035111
0.0775592
0.0562544
0.0398015
0.0255414
0.0098073
-0.0094468
-0.0318465
-0.0565793
-0.0843450
-0.1157471
-0.1472763
-0.1706800
-0.1789321
-0.1737550
-0.1658436
-0.1657375
-0.1739986
-0.1813485
-0.1791461
-0.1689242
-0.1603781
-0.1602574
-0.1648854
-0.1640744
-0.1507139
-0.1257250
-0.0966476
-0.0752403
-0.0743494
-0.0977347
-0.1245492
-0.1057934
0.0122283
0.2496987
0.5752290
0.9275995
1.2541299
1.5225605
1.6964809
1.7152503
1.5223625
1.1281600
0.6393616
0.2090273
-0.0587952
-0.1648378
-0.1842286
-0.1885464
-0.1977197
-0.1955807
-0.1734939
-0.1480027
-0.1406576
-0.1531802
-0.1687307
-0.1731367
-0.1682133
-0.1645976
-0.1675699
-0.1732266
-0.1755215
-0.1727230
-0.1669719
-0.1607778
-0.1555993
-0.1523104
-0.1511000
-0.1509626
-0.1505195
-0.1496519
-0.1493860
-0.1495684
-0.1475466
-0.1405823
-0.1297275
-0.1200278
-0.1158971
-0.1166327
-0.1171415
-0.1128897
-0.1037838
-0.0937066
-0.0869008
-0.0842853
-0.0821878
-0.0747371
-0.0588889
-0.0380861
-0.0203925
-0.0116396
-0.0096778
-0.0058047
0.0072144
0.0281293
0.0485102
0.0613936
0.0683086
0.0773047
0.0944944
0.1183790
0.1421774
0.1603384
0.1723099
0.1812964
0.1907780
0.2019391
0.2130423
0.2206386
0.2221328
0.2181969
0.2126650
0.2089043
0.2052798
0.1947549
0.1707888
0.1346444
0.0958869
0.0641617
0.0404523
0.0174727
-0.0111862
-0.0433344
-0.0700873
-0.0847908
-0.0893350
-0.0918394
-0.0988684
-0.1102784
-0.1211489
-0.1276354
-0.1303210
-0.1325328
-0.1365852
-0.1417821
-0.1450810
-0.1433759
-0.1362454
-0.1274235
-0.1228558
-0.1258027
-0.1333619
-0.1385784
-0.1369013
-0.1308345
-0.1278016
-0.1326994
-0.1422664
-0.1473898
-0.1417964
-0.1285121
-0.1172258
-0.1151863
-0.1209799
-0.1270059
-0.1273080
-0.1227950
-0.1194133
-0.1217230
-0.1281886
-0.1325375
-0.1296720
-0.1202934
-0.1100323
-0.1045452
-0.1053564
-0.1094685
-0.1122390
-0.1111683
-0.1079416
-0.1068893
-0.1107007
-0.1172491
-0.1209813
-0.1179676
-0.1098495
-0.1026362
-0.1009103
-0.1025573
-0.0995250
-0.0848927
-0.0597691
-0.0327703
-0.0121855
0.0014120
0.0151627
0.0372547
0.0699078
0.1072638
0.1388755
0.1557992
0.1550591
0.1397655
0.1156439
0.0874108
0.0578836
0.0297300
0.0070963
-0.0058809
-0.0096045
-0.0119333
-0.0241888
-0.0516343
-0.0876197
-0.1187904
-0.1371228
-0.1463629
-0.1561048
-0.1701211
-0.1816521
-0.1808192
-0.1663361
-0.1486939
-0.1406241
-0.1445963
-0.1510975
-0.1497783
-0.1407134
-0.1326096
-0.1301260
-0.1260483
-0.1096210
-0.0833246
-0.0671218
-0.0786601
-0.1044092
-0.0927498
0.0166146
0.2492477
0.5774807
0.9404569
1.2765757
1.5346913
1.6637151
1.6122606
1.3589003
0.9500764
0.4994677
0.1328282
-0.0822428
-0.1626568
-0.1740080
-0.1719419
-0.1734760
-0.1712808
-0.1608309
-0.1489350
-0.1430956
-0.1423092
-0.1411130
-0.1386132
-0.1393800
-0.1458837
-0.1536148
-0.1558432
-0.1518108
-0.1476258
-0.1487470
-0.1535233
-0.1552504
-0.1495311
-0.1385288
-0.1285892
-0.1246043
-0.1262639
-0.1288572
-0.1277498
-0.1226556
-0.1175751
-0.1162681
-0.1178890
-0.1174023
-0.1104466
-0.0978457
-0.0852177
-0.0777048
-0.0749323
-0.0718003
-0.0646788
-0.0558721
-0.0506780
-0.0503719
-0.0496518
-0.0416146
-0.0245023
-0.0031378
0.0156202
0.0283382
0.0365735
0.0441794
0.0538224
0.0659900
0.0801615
0.0955333
0.1107005
0.1242835
0.1367886
0.1507600
0.1678146
0.1859570
0.2009265
0.2101017
0.2142559
0.2155414
0.2146533
0.2104414
0.2019306
0.1899694
0.1762125
0.1604605
0.1400106
0.1127179
0.0804495
0.0483892
0.0206543
-0.0027737
-0.0247973
-0.0476479
-0.0704800
-0.0895459
-0.1007218
-0.1030529
-0.1004398
-0.0991062
-0.1025903
-0.1091940
-0.1144802
-0.1160748
-0.1158341
-0.1172894
-0.1211040
-0.1236814
-0.1211462
-0.1145437
-0.1096562
-0.1108448
-0.1160756
-0.1192130
-0.1167986
-0.1115648
-0.1094460
-0.1138351
-0.1224758
-0.1291667
-0.1286367
-0.1207356
-0.1105595
-0.1044966
-0.1055666
-0.1115221
-0.1167688
-0.1168729
-0.1125932
-0.1095181
-0.1124433
-0.1197330
-0.1243691
-0.1212443
-0.1126297
-0.1057178
-0.1052732
-0.1094680
-0.1129046
-0.1130677
-0.1129746
-0.1168675
-0.1238026
-0.1272348
-0.1220371
-0.1108662
-0.1018589
-0.0999589
-0.1015639
-0.0978577
-0.0827965
-0.0581377
-0.0317032
-0.0108662
0.0032720
0.0162544
0.0351674
0.0627666
0.0954369
0.1255670
0.1458888
0.1529413
0.1474988
0.1318534
0.1072683
0.0752717
0.0411598
0.0137324
-0.0007245
-0.0043342
-0.0066432
-0.0173347
-0.0394432
-0.0685971
-0.0978627
-0.1231057
-0.1440150
-0.1608726
-0.1719489
-0.1751435
-0.1715373
-0.1659973
-0.1639479
-0.1675217
-0.1738306
-0.1763323
-0.1696823
-0.1557050
-0.1438435
-0.1420553
-0.1455876
-0.1380318
-0.1086864
-0.0702055
-0.0537572
-0.0780745
-0.1185954
-0.1109597
0.0063918
0.2470667
0.5713400
0.9206065
1.2482544
1.5131325
1.6550710
1.6019359
1.3225941
0.8781535
0.4097585
0.0580379
-0.1207536
-0.1698366
-0.1719626
-0.1775848
-0.1851424
-0.1751386
-0.1476187
-0.1235434
-0.1195680
-0.1315608
-0.1432621
-0.1451758
-0.1416275
-0.1416891
-0.1474724
-0.1529302
-0.1521645
-0.1460640
-0.1403176
-0.1388948
-0.1407697
-0.1419192
-0.1392562
-0.1333504
-0.1283913
-0.1286511
-0.1336129
-0.1371389
-0.1329960
-0.1213526
-0.1089319
-0.1026626
-0.1036154
-0.1068317
-0.1063918
-0.1006731
-0.0930302
-0.0874660
-0.0840177
-0.0789738
-0.0692708
-0.0556244
-0.0413969
-0.0295543
-0.0208405
-0.0136194
-0.0050187
0.0067285
0.0205288
0.0337361
0.0454888
0.0579196
0.0736567
0.0927188
0.1121702
0.1285559
0.1408674
0.1515635
0.1642789
0.1799123
0.1954400
0.2072655
0.2150804
0.2214134
0.2278284
0.2326252
0.2321094
0.2234319
0.2065914
0.1843714
0.1599228
0.1338845
0.1045879
0.0717865
0.0392986
0.0126635
-0.0058498
-0.0193302
-0.0332988
-0.0506246
-0.0688780
-0.0828944
-0.0906527
-0.0961458
-0.1050259
-0.1175197
-0.1274809
-0.1291652
-0.1236126
-0.1174616
-0.1163281
-0.1200559
-0.1238804
-0.1237451
-0.1207393
-0.1201945
-0.1257855
-0.1346719
-0.1393078
-0.1343229
-0.1215742
-0.1089807
-0.1045654
-0.1102760
-0.1203606
-0.1265097
-0.1258111
-0.1231688
-0.1249854
-0.1313655
-0.1360161
-0.1334209
-0.1246967
-0.1163156
-0.1139133
-0.1173479
-0.1213270
-0.1210141
-0.1171628
-0.1152175
-0.1191981
-0.1271177
-0.1325686
-0.1302977
-0.1206748
-0.1099027
-0.1054189
-0.1091568
-0.1150221
-0.1148830
-0.1077141
-0.1008691
-0.1007356
-0.1031932
-0.0954596
-0.0685829
-0.0282503
0.0077491
0.0249887
0.0269628
0.0332839
0.0612052
0.1083134
0.1540899
0.1781686
0.1763968
0.1602779
0.1431234
0.1276282
0.1061992
0.0726379
0.0325527
0.0005822
-0.0135708
-0.0153592
-0.0207220
-0.0416762
-0.0765360
-0.1125854
-0.1371086
-0.1470713
-0.1499772
-0.1556430
-0.1667728
-0.1776679
-0.1817021
-0.1786774
-0.1744134
-0.1742016
-0.1773313
-0.1776928
-0.1699399
-0.1555048
-0.1413952
-0.1316560
-0.1218374
-0.1056878
-0.0873077
-0.0810637
-0.0933515
-0.1029446
-0.0625841
0.0744833
0.3233439
0.6565302
1.0185923
1.3474371
1.5827276
1.6658753
1.5537567
1.2507049
0.8291414
0.4061743
0.0836848
-0.1015561
-0.1788399
-0.2021328
-0.2076723
-0.2038107
-0.1894317
-0.1714707
-0.1618250
-0.1635139
-0.1680416
-0.1675881
-0.1645689
-0.1662271
-0.1732791
-0.1782069
-0.1743082
-0.1634749
-0.1541637
-0.1527722
-0.1576289
-0.1613351
-0.1586735
-0.1515076
-0.1456845
-0.1444495
-0.1460878
-0.1467522
-0.1436710
-0.1364269
-0.1274510
-0.1211218
-0.1201301
-0.1222122
-0.1219853
-0.1164859
-0.1079682
-0.1011110
-0.0980649
-0.0959667
-0.0889898
-0.0738602
-0.0541069
-0.0376602
-0.0290811
-0.0250315
-0.0183252
-0.0053952
0.0111366
0.0260495
0.0365765
0.0449494
0.0568685
0.0763550
0.1011861
0.1243688
0.1408725
0.1521027
0.1634905
0.1788787
0.1974889
0.2149103
0.2265494
0.2313436
0.2325507
0.2340350
0.2358743
0.2345235
0.2265561
0.2107259
0.1873100
0.1579583
0.1262354
0.0959537
0.0681096
0.0406976
0.0120046
-0.0166620
-0.0415231
-0.0592649
-0.0702702
-0.0794133
-0.0921347
-0.1085603
-0.1229401
-0.1303219
-0.1323970
-0.1350787
-0.1414106
-0.1486138
-0.1515283
-0.1477371
-0.1399115
-0.1339583
-0.1340953
-0.1391178
-0.1441869
-0.1461759
-0.1458741
-0.1452572
-0.1449892
-0.1451377
-0.1459742
-0.1468520
-0.1459739
-0.1424528
-0.1375805
-0.1334591
-0.1312430
-0.1308087
-0.1312230
-0.1317920
-0.1334653
-0.1381270
-0.1450285
-0.1493101
-0.1465483
-0.1382811
-0.1308285
-0.1288828
-0.1320161
-0.1368610
-0.1405398
-0.1420344
-0.1420983
-0.1423297
-0.1435820
-0.1452478
-0.1460401
-0.1445892
-0.1396614
-0.1318064
-0.1245642
-0.1207183
-0.1162952
-0.1021131
-0.0745075
-0.0425111
-0.0206845
-0.0142472
-0.0126139
0.0018723
0.0381451
0.0875135
0.1296998
0.1488263
0.1443714
0.1271037
0.1066291
0.0849498
0.0600471
0.0316179
0.0029605
-0.0200568
-0.0320472
-0.0333490
-0.0329100
-0.0430904
-0.0696596
-0.1070918
-0.1432690
-0.1681220
-0.1793914
-0.1825341
-0.1850017
-0.1892299
-0.1915089
-0.1881882
-0.1811734
-0.1756800
-0.1739409
-0.1729715
-0.1679497
-0.1568958
-0.1427080
-0.1305093
-0.1216923
-0.1119981
-0.0990660
-0.0903551
-0.0952813
-0.1037539
-0.0763197
0.0361659
0.2579660
0.5704630
0.9234568
1.2586351
1.5209964
1.6553126
1.6094251
1.3624993
0.9609041
0.5176964
0.1569550
-0.0570594
-0.1438555
-0.1674962
-0.1785060
-0.1889787
-0.1894770
-0.1768801
-0.1627595
-0.1599257
-0.1678822
-0.1751351
-0.1736761
-0.1664298
-0.1602567
-0.1571672
-0.1553812
-0.1545654
-0.1553379
-0.1559284
-0.1538987
-0.1504958
-0.1497602
-0.1530360
-0.1563773
-0.1538777
-0.1434466
-0.1300455
-0.1225361
-0.1250253
-0.1315533
-0.1322219
-0.1246629
-0.1161731
-0.1140304
-0.1171683
-0.1184962
-0.1124097
-0.0988092
-0.0823074
-0.0687459
-0.0607332
-0.0559020
-0.0504388
-0.0432969
-0.0352953
-0.0260256
-0.0147083
-0.0027043
0.0082543
0.0195343
0.0341752
0.0525411
0.0719690
0.0900267
0.1060192
0.1204512
0.1349540
0.1511566
0.1677103
0.1804221
0.1875105
0.1928533
0.2018877
0.2157271
0.2303931
0.2396166
0.2376981
0.2231143
0.2011370
0.1798670
0.1616975
0.1410968
0.1121432
0.0757635
0.0386559
0.0077720
-0.0135925
-0.0274176
-0.0396809
-0.0549955
-0.0721469
-0.0869375
-0.0982448
-0.1079973
-0.1164952
-0.1221405
-0.1254309
-0.1289903
-0.1333200
-0.1358806
-0.1347005
-0.1306037
-0.1263505
-0.1251878
-0.1284646
-0.1329573
-0.1335209
-0.1308495
-0.1328340
-0.1441960
-0.1577158
-0.1604703
-0.1477720
-0.1280120
-0.1149094
-0.1164911
-0.1290463
-0.1399153
-0.1387831
-0.1279796
-0.1194071
-0.1209713
-0.1295440
-0.1372386
-0.1394060
-0.1352702
-0.1262755
-0.1166702
-0.1118375
-0.1133753
-0.1179132
-0.1213111
-0.1216619
-0.1191930
-0.1168005
-0.1192400
-0.1272407
-0.1337123
-0.1308723
-0.1203644
-0.1114724
-0.1100255
-0.1135859
-0.1166685
-0.1161733
-0.1121050
-0.1062654
-0.0992813
-0.0871066
-0.0639094
-0.0313386
-0.0006033
0.0190422
0.0306124
0.0445204
0.0668970
0.0958897
0.1250149
0.1459129
0.1514531
0.1404795
0.1179032
0.0891668
0.0582384
0.0308274
0.0128373
0.0032793
-0.0058262
-0.0204812
-0.0403731
-0.0637737
-0.0902807
-0.1173875
-0.1404617
-0.1577484
-0.1705185
-0.1782102
-0.1789594
-0.1747921
-0.1708044
-0.1694413
-0.1699572
-0.1714904
-0.1719911
-0.1676592
-0.1590764
-0.1532656
-0.1525599
-0.1465500
-0.1249059
-0.0958753
-0.0819334
-0.0941739
-0.1133058
-0.0943219
0.0099080
0.2203451
0.5177057
0.8552934
1.1831365
1.4524107
1.6025887
1.5707485
1.3357715
0.9526960
0.5332022
0.1864363
-0.0315322
-0.1303160
-0.1604162
-0.1702534
-0.1776197
-0.1777023
-0.1690626
-0.1603326
-0.1560526
-0.1519185
-0.1461597
-0.1434261
-0.1454752
-0.1484935
-0.1504694
-0.1519925
-0.1512911
-0.1480922
-0.1489049
-0.1574872
-0.1642499
-0.1571953
-0.1396683
-0.1259297
-0.1234194
-0.1294151
-0.1386599
-0.1440210
-0.1379211
-0.1239445
-0.1176465
-0.1252149
-0.1324106
-0.1255674
-0.1108348
-0.1010156
-0.0969999
-0.0941527
-0.0928780
-0.0913740
-0.0827528
-0.0694450
-0.0640708
-0.0673825
-0.0639631
-0.0471522
-0.0271008
-0.0085430
0.0141908
0.0352025
0.0401287
0.0373245
0.0528996
0.0876472
0.1141900
0.1231208
0.1328256
0.1483877
0.1557266
0.1616945
0.1880266
0.2194595
0.2188869
0.2022857
0.2229021
0.2605255
0.2149071
0.0553078
