-0.0297832
-0.0044841
0.0151251
0.0248811
0.0234299
0.0119486
-0.0078554
-0.0330726
-0.0578718
-0.0756858
-0.0842531
-0.0873771
-0.0915052
-0.1013807
-0.1181943
-0.1396664
-0.1611943
-0.1783986
-0.1898305
-0.1971888
-0.2028669
-0.2076878
-0.2108237
-0.2110985
-0.2081585
-0.2029713
-0.1975449
-0.1938432
-0.1924492
-0.1918684
-0.1890896
-0.1815320
-0.1694055
-0.1561088
-0.1453446
-0.1376478
-0.1305657
-0.1220553
-0.1119712
-0.0998582
-0.0842727
-0.0673493
-0.0580809
-0.0642143
-0.0752453
-0.0545199
0.0447668
0.2482440
0.5408180
0.8760533
1.2014566
1.4712685
1.6383808
1.6491629
1.4666051
1.1106789
0.6727945
0.2767989
0.0105808
-0.1158705
-0.1538226
-0.1624958
-0.1692778
-0.1711199
-0.1609648
-0.1448152
-0.1353186
-0.1369286
-0.1427313
-0.1443579
-0.1409014
-0.1373304
-0.1371434
-0.1390039
-0.1397561
-0.1384886
-0.1369427
-0.1371155
-0.1395332
-0.1434501
-0.1474896
-0.1496863
-0.1479039
-0.1414455
-0.1323186
-0.1240883
-0.1191274
-0.1173458
-0.1175096
-0.1187777
-0.1203112
-0.1202834
-0.1168078
-0.1102212
-0.1034109
-0.0988364
-0.0953512
-0.0889690
-0.0774289
-0.0635593
-0.0531093
-0.0488616
-0.0475281
-0.0431592
-0.0333967
-0.0216391
-0.0129203
-0.0082377
-0.0033218
0.0072034
0.0246174
0.0447444
0.0614801
0.0719230
0.0786042
0.0870069
0.1007494
0.1187580
0.1368139
0.1518883
0.1651549
0.1806963
0.2009641
0.2235128
0.2426770
0.2548735
0.2621632
0.2702970
0.2831835
0.2992573
0.3130344
0.3199926
0.3201027
0.3170329
0.3141442
0.3111295
0.3042817
0.2898743
0.2673509
0.2394697
0.2095718
0.1787700
0.1458112
0.1097303
0.0725237
0.0387959
0.0124004
-0.0065345
-0.0211241
-0.0345856
-0.0479662
-0.0606438
-0.0719852
-0.0817891
-0.0896013
-0.0947717
-0.0976984
-0.1003086
-0.1042405
-0.1084265
-0.1095260
-0.1057525
-0.0999655
-0.0977195
-0.1016503
-0.1085297
-0.1127847
-0.1126890
-0.1120496
-0.1154171
-0.1224018
-0.1276072
-0.1261912
-0.1189073
-0.1114417
-0.1092212
-0.1132118
-0.1202725
-0.1265594
-0.1302448
-0.1318600
-0.1331605
-0.1356520
-0.1391942
-0.1415031
-0.1397537
-0.1336952
-0.1271630
-0.1254506
-0.1302825
-0.1375131
-0.1406701
-0.1374029
-0.1322017
-0.1320193
-0.1388655
-0.1471431
-0.1489185
-0.1419544
-0.1322095
-0.1281473
-0.1326096
-0.1403817
-0.1436781
-0.1398509
-0.1336306
-0.1319382
-0.1368203
-0.1436600
-0.1460548
-0.1419466
-0.1349158
-0.1301143
-0.1295851
-0.1313574
-0.1321286
-0.1300344
-0.1250061
-0.1174367
-0.1073848
-0.0950674
-0.0813691
-0.0672316
-0.0526167
-0.0365141
-0.0181534
0.0018177
0.0210655
0.0359190
0.0420150
0.0357081
0.0164270
-0.0114407
-0.0393351
-0.0585630
-0.0653189
-0.0630766
-0.0603702
-0.0653479
-0.0808927
-0.1036740
-0.1275619
-0.1484874
-0.1665571
-0.1834916
-0.1981074
-0.2053387
-0.2011819
-0.1888043
-0.1780123
-0.1766936
-0.1827801
-0.1863943
-0.1809079
-0.1707207
-0.1664428
-0.1725558
-0.1816011
-0.1814458
-0.1672382
-0.1452511
-0.1261747
-0.1164525
-0.1150873
-0.1150575
-0.1064173
-0.0826109
-0.0499214
-0.0297720
-0.0418652
-0.0752888
-0.0767560
0.0221634
0.2553126
0.5943952
0.9688265
1.3086606
1.5646470
1.6936394
1.6460615
1.3918979
0.9685037
0.4923727
0.1038488
-0.1161839
-0.1847844
-0.1800671
-0.1702126
-0.1739661
-0.1757714
-0.1631043
-0.1432252
-0.1310102
-0.1315500
-0.1381965
-0.1427671
-0.1427002
-0.1394349
-0.1346169
-0.1298739
-0.1276911
-0.1294782
-0.1330528
-0.1342984
-0.1320269
-0.1296985
-0.1311242
-0.1352921
-0.1370353
-0.1330037
-0.1256939
-0.1207000
-0.1206311
-0.1228548
-0.1231659
-0.1204650
-0.1171060
-0.1153606
-0.1147043
-0.1126853
-0.1075631
-0.0995609
-0.0900718
-0.0804267
-0.0714155
-0.0632827
-0.0557524
-0.0483805
-0.0413723
-0.0358906
-0.0328145
-0.0307618
-0.0258479
-0.0144259
0.0033619
0.0229894
0.0390437
0.0496788
0.0577611
0.0677528
0.0814878
0.0967675
0.1097690
0.1188086
0.1261206
0.1363157
0.1529484
0.1758367
0.2009228
0.2226899
0.2376744
0.2468354
0.2548142
0.2660272
0.2804548
0.2932112
0.2991467
0.2985542
0.2978754
0.3035833
0.3147273
0.3221160
0.3159641
0.2947729
0.2662702
0.2393299
0.2154067
0.1883904
0.1525212
0.1096111
0.0683036
0.0368718
0.0170276
0.0039030
-0.0091331
-0.0256074
-0.0442468
-0.0605928
-0.0705266
-0.0738016
-0.0750690
-0.0805858
-0.0923459
-0.1050837
-0.1102424
-0.1041507
-0.0923312
-0.0849969
-0.0878861
-0.0976387
-0.1060366
-0.1081094
-0.1057463
-0.1041840
-0.1063434
-0.1109759
-0.1151135
-0.1168496
-0.1158612
-0.1129493
-0.1102888
-0.1111647
-0.1173056
-0.1256882
-0.1295572
-0.1247616
-0.1154026
-0.1114573
-0.1190301
-0.1330233
-0.1410444
-0.1357718
-0.1230704
-0.1166373
-0.1240850
-0.1389594
-0.1473464
-0.1423698
-0.1314576
-0.1287431
-0.1403507
-0.1575492
-0.1646945
-0.1540747
-0.1331709
-0.1176422
-0.1172884
-0.1284470
-0.1392019
-0.1412088
-0.1364515
-0.1333747
-0.1374825
-0.1460117
-0.1511945
-0.1479875
-0.1385575
-0.1298907
-0.1276214
-0.1318983
-0.1382040
-0.1414408
-0.1396559
-0.1350573
-0.1321609
-0.1342981
-0.1404260
-0.1444834
-0.1386402
-0.1191224
-0.0904182
-0.0636639
-0.0491914
-0.0485996
-0.0530315
-0.0495584
-0.0307294
0.0001459
0.0314739
0.0508695
0.0519678
0.0366446
0.0124819
-0.0121075
-0.0320671
-0.0469655
-0.0590070
-0.0698813
-0.0796359
-0.0886818
-0.1001673
-0.1187201
-0.1454703
-0.1745083
-0.1958444
-0.2033241
-0.1999247
-0.1947967
-0.1948090
-0.1990083
-0.2011639
-0.1972074
-0.1898180
-0.1857698
-0.1888639
-0.1953308
-0.1963270
-0.1858072
-0.1667884
-0.1495576
-0.1424895
-0.1441403
-0.1452168
-0.1386704
-0.1261369
-0.1127442
-0.0977507
-0.0758312
-0.0499194
-0.0365745
-0.0479407
-0.0637458
-0.0277238
0.1169695
0.3827541
0.7276126
1.0872942
1.4092260
1.6500921
1.7520471
1.6486653
1.3185412
0.8364349
0.3548970
0.0142914
-0.1428046
-0.1761546
-0.1750298
-0.1843871
-0.1947571
-0.1857652
-0.1628478
-0.1498142
-0.1576651
-0.1724156
-0.1738889
-0.1590188
-0.1425329
-0.1383752
-0.1458863
-0.1542849
-0.1560630
-0.1530089
-0.1511126
-0.1533075
-0.1579155
-0.1616320
-0.1619267
-0.1574115
-0.1482940
-0.1374315
-0.1296008
-0.1279755
-0.1310176
-0.1337675
-0.1328335
-0.1297529
-0.1288128
-0.1315981
-0.1343304
-0.1311091
-0.1198290
-0.1047239
-0.0929520
-0.0885067
-0.0890879
-0.0885004
-0.0820825
-0.0703788
-0.0582646
-0.0506140
-0.0480838
-0.0462482
-0.0388238
-0.0226846
-0.0007186
0.0201319
0.0344271
0.0427047
0.0506671
0.0635569
0.0810045
0.0975943
0.1089038
0.1169448
0.1290133
0.1505168
0.1789249
0.2053698
0.2226982
0.2319129
0.2404264
0.2540635
0.2712514
0.2853163
0.2920437
0.2942382
0.2986866
0.3092304
0.3232232
0.3341263
0.3364373
0.3281057
0.3099173
0.2844759
0.2557465
0.2274627
0.2000740
0.1696533
0.1318851
0.0883410
0.0477734
0.0192494
0.0033901
-0.0085427
-0.0259328
-0.0496050
-0.0720573
-0.0863388
-0.0931788
-0.0987700
-0.1069153
-0.1151872
-0.1188692
-0.1169439
-0.1129432
-0.1106745
-0.1107701
-0.1117241
-0.1128278
-0.1147641
-0.1178215
-0.1210368
-0.1235153
-0.1254484
-0.1268799
-0.1262248
-0.1216351
-0.1142818
-0.1090070
-0.1102762
-0.1173981
-0.1247257
-0.1271623
-0.1250556
-0.1231186
-0.1248067
-0.1285742
-0.1299386
-0.1266089
-0.1208861
-0.1171010
-0.1173181
-0.1198465
-0.1216036
-0.1214865
-0.1214338
-0.1244606
-0.1316436
-0.1406501
-0.1470029
-0.1472378
-0.1417525
-0.1351522
-0.1333518
-0.1390604
-0.1491026
-0.1563924
-0.1557802
-0.1489773
-0.1435556
-0.1460601
-0.1554030
-0.1633547
-0.1622987
-0.1527076
-0.1425276
-0.1389962
-0.1416648
-0.1441224
-0.1420704
-0.1381154
-0.1375686
-0.1402832
-0.1385405
-0.1242309
-0.0978604
-0.0695333
-0.0505212
-0.0436828
-0.0416233
-0.0334791
-0.0137286
0.0137334
0.0378950
0.0467412
0.0338446
0.0025912
-0.0345222
-0.0623744
-0.0722647
-0.0671522
-0.0588156
-0.0591799
-0.0728716
-0.0963781
-0.1229445
-0.1478511
-0.1697802
-0.1885383
-0.2026096
-0.2093756
-0.2077191
-0.2002494
-0.1925648
-0.1895899
-0.1919466
-0.1957623
-0.1963426
-0.1923014
-0.1861838
-0.1813015
-0.1783991
-0.1753929
-0.1695963
-0.1596238
-0.1458822
-0.1306961
-0.1180138
-0.1107897
-0.1066154
-0.0972854
-0.0768670
-0.0522379
-0.0415017
-0.0541317
-0.0684551
-0.0325285
0.1043646
0.3546980
0.6841487
1.0366553
1.3626041
1.6201447
1.7577733
1.7156888
1.4641917
1.0479399
0.5844064
0.2033855
-0.0263525
-0.1220277
-0.1483438
-0.1581293
-0.1649841
-0.1598019
-0.1401477
-0.1192474
-0.1120739
-0.1201827
-0.1320525
-0.1353959
-0.1274137
-0.1150930
-0.1082378
-0.1119065
-0.1230103
-0.1329090
-0.1346017
-0.1290490
-0.1242625
-0.1269146
-0.1347114
-0.1382452
-0.1310125
-0.1166885
-0.1054618
-0.1036272
-0.1080349
-0.1108216
-0.1080785
-0.1027567
-0.0999607
-0.1012037
-0.1036328
-0.1033578
-0.0982930
-0.0886135
-0.0763981
-0.0652993
-0.0588307
-0.0571491
-0.0557583
-0.0491712
-0.0368436
-0.0246283
-0.0189830
-0.0195836
-0.0186634
-0.0083987
0.0112915
0.0327146
0.0479216
0.0557864
0.0618414
0.0720352
0.0872657
0.1036179
0.1170333
0.1274088
0.1386003
0.1548346
0.1768033
0.2006502
0.2207671
0.2342863
0.2434427
0.2533741
0.2669922
0.2818140
0.2923493
0.2961892
0.2975463
0.3038178
0.3178175
0.3335038
0.3402295
0.3318953
0.3119191
0.2889470
0.2678850
0.2457575
0.2165620
0.1794364
0.1409716
0.1091800
0.0858822
0.0657715
0.0427864
0.0165702
-0.0076939
-0.0251744
-0.0363007
-0.0458406
-0.0577647
-0.0713297
-0.0818463
-0.0849726
-0.0806784
-0.0737522
-0.0704573
-0.0737616
-0.0809480
-0.0860551
-0.0855814
-0.0822573
-0.0826300
-0.0901056
-0.1004118
-0.1048626
-0.0988927
-0.0872518
-0.0800724
-0.0833467
-0.0933327
-0.1005202
-0.0990767
-0.0922964
-0.0888927
-0.0941821
-0.1049145
-0.1124438
-0.1107778
-0.1018614
-0.0936163
-0.0930246
-0.1005243
-0.1102288
-0.1152518
-0.1133614
-0.1083382
-0.1062379
-0.1100012
-0.1170895
-0.1220600
-0.1215812
-0.1172080
-0.1134139
-0.1130068
-0.1146584
-0.1150671
-0.1133159
-0.1124898
-0.1164445
-0.1249707
-0.1326950
-0.1334501
-0.1261240
-0.1161617
-0.1109710
-0.1134607
-0.1198348
-0.1236711
-0.1222362
-0.1188822
-0.1192535
-0.1251293
-0.1321030
-0.1336014
-0.1274315
-0.1182440
-0.1130212
-0.1136806
-0.1142961
-0.1063785
-0.0875662
-0.0650074
-0.0493441
-0.0445335
-0.0434226
-0.0338545
-0.0098839
0.0223388
0.0491959
0.0598667
0.0527652
0.0336689
0.0094959
-0.0154146
-0.0383109
-0.0559501
-0.0654454
-0.0674474
-0.0675100
-0.0731005
-0.0883745
-0.1113009
-0.1355709
-0.1554104
-0.1691310
-0.1787760
-0.1867841
-0.1930026
-0.1947677
-0.1898649
-0.1795390
-0.1686210
-0.1623505
-0.1624328
-0.1657354
-0.1670204
-0.1636800
-0.1582140
-0.1554673
-0.1564561
-0.1552065
-0.1437035
-0.1215654
-0.0993951
-0.0889014
-0.0883157
-0.0814183
-0.0565210
-0.0262341
-0.0200982
-0.0480539
-0.0700489
-0.0107339
0.1848307
0.5049408
0.8794846
1.2309723
1.5119861
1.6937835
1.7342639
1.5820381
1.2285693
0.7533840
0.3007376
-0.0059889
-0.1379416
-0.1573550
-0.1480996
-0.1509580
-0.1572118
-0.1477769
-0.1253784
-0.1094993
-0.1113015
-0.1224699
-0.1276350
-0.1214360
-0.1109561
-0.1051577
-0.1061723
-0.1104095
-0.1142787
-0.1167007
-0.1177549
-0.1175761
-0.1168849
-0.1168185
-0.1171848
-0.1158134
-0.1109582
-0.1042003
-0.0996914
-0.0998577
-0.1025184
-0.1031891
-0.1001762
-0.0964834
-0.0961012
-0.0988450
-0.0997641
-0.0940439
-0.0821036
-0.0693147
-0.0606964
-0.0563971
-0.0526999
-0.0469880
-0.0407131
-0.0368708
-0.0350433
-0.0302128
-0.0174680
0.0022236
0.0218557
0.0347316
0.0409229
0.0468953
0.0585363
0.0749932
0.0899283
0.0988111
0.1043819
0.1144207
0.1341059
0.1607737
0.1862034
0.2039010
0.2142606
0.2231413
0.2359175
0.2528427
0.2696002
0.2818794
0.2895161
0.2965724
0.3074269
0.3223603
0.3366549
0.3443260
0.3433725
0.3375260
0.3322561
0.3284248
0.3200703
0.2994449
0.2650736
0.2246960
0.1893745
0.1639986
0.1435505
0.1189546
0.0865892
0.0518861
0.0237366
0.0058358
-0.0062393
-0.0197932
-0.0374214
-0.0546132
-0.0644163
-0.0642617
-0.0585552
-0.0549794
-0.0580937
-0.0659585
-0.0726962
-0.0745564
-0.0736733
-0.0756177
-0.0829516
-0.0915391
-0.0940881
-0.0877662
-0.0777877
-0.0726838
-0.0760080
-0.0833802
-0.0879497
-0.0879975
-0.0882086
-0.0935532
-0.1029799
-0.1099244
-0.1088315
-0.1006820
-0.0922290
-0.0902476
-0.0962579
-0.1058265
-0.1124275
-0.1127024
-0.1091528
-0.1079002
-0.1128784
-0.1215148
-0.1265991
-0.1233502
-0.1147584
-0.1091784
-0.1121151
-0.1207429
-0.1270572
-0.1262307
-0.1211982
-0.1189131
-0.1227990
-0.1294613
-0.1325177
-0.1289646
-0.1217108
-0.1165177
-0.1169061
-0.1216498
-0.1264276
-0.1276225
-0.1250144
-0.1215246
-0.1206647
-0.1238986
-0.1297336
-0.1347060
-0.1352524
-0.1295746
-0.1190378
-0.1083067
-0.1031526
-0.1063700
-0.1149221
-0.1217681
-0.1217837
-0.1162197
-0.1105262
-0.1072223
-0.1017505
-0.0869350
-0.0620519
-0.0362433
-0.0211610
-0.0195627
-0.0218735
-0.0149089
0.0057698
0.0320412
0.0509421
0.0553697
0.0476144
0.0342944
0.0196947
0.0041223
-0.0129279
-0.0297632
-0.0431027
-0.0513037
-0.0567917
-0.0652937
-0.0820701
-0.1076768
-0.1366202
-0.1605518
-0.1738840
-0.1771724
-0.1754901
-0.1738513
-0.1741741
-0.1756996
-0.1768908
-0.1765276
-0.1742179
-0.1711413
-0.1697469
-0.1710190
-0.1717802
-0.1666463
-0.1542686
-0.1404978
-0.1328757
-0.1317448
-0.1293158
-0.1190149
-0.1034754
-0.0901938
-0.0805610
-0.0684905
-0.0522380
-0.0419081
-0.0460028
-0.0474224
0.0006652
0.1456834
0.3980106
0.7221529
1.0623313
1.3694833
1.6000606
1.6994364
1.6095151
1.3127602
0.8727432
0.4195376
0.0780505
-0.1031380
-0.1621268
-0.1711393
-0.1757645
-0.1784466
-0.1665412
-0.1430264
-0.1266409
-0.1291869
-0.1416713
-0.1454115
-0.1332587
-0.1163611
-0.1107704
-0.1206012
-0.1355962
-0.1431273
-0.1400698
-0.1331855
-0.1305030
-0.1340374
-0.1397608
-0.1422147
-0.1384027
-0.1289293
-0.1174014
-0.1087657
-0.1064628
-0.1097464
-0.1139586
-0.1144881
-0.1109629
-0.1072385
-0.1069503
-0.1092889
-0.1095010
-0.1035465
-0.0920702
-0.0798316
-0.0714262
-0.0674627
-0.0644882
-0.0583892
-0.0481701
-0.0369411
