-0.0962530
-0.1162427
-0.1147423
-0.1118567
-0.1156051
-0.1185820
-0.1163970
-0.1129009
-0.1092629
-0.1014487
-0.0890875
-0.0773164
-0.0698842
-0.0675160
-0.0709260
-0.0778349
-0.0795035
-0.0687983
-0.0509144
-0.0388789
-0.0388839
-0.0459548
-0.0528453
-0.0570303
-0.0596032
-0.0630691
-0.0703999
-0.0818522
-0.0926941
-0.0974589
-0.0960452
-0.0929990
-0.0917944
-0.0921702
-0.0918328
-0.0887979
-0.0833962
-0.0789465
-0.0778891
-0.0762779
-0.0660560
-0.0453226
-0.0227723
-0.0083699
-0.0018650
0.0059087
0.0213362
0.0403897
0.0526352
0.0516843
0.0418359
0.0341939
0.0351808
0.0396770
0.0375093
0.0257531
0.0114105
0.0020441
-0.0025147
-0.0078223
-0.0169502
-0.0267790
-0.0309882
-0.0260214
-0.0151001
-0.0064270
-0.0062562
-0.0137299
-0.0232408
-0.0308693
-0.0370254
-0.0437164
-0.0512144
-0.0572948
-0.0587005
-0.0541655
-0.0471023
-0.0439246
-0.0477528
-0.0544778
-0.0568539
-0.0521673
-0.0444638
-0.0395009
-0.0387789
-0.0386984
-0.0350918
-0.0284798
-0.0243427
-0.0273218
-0.0358270
-0.0441765
-0.0497012
-0.0551052
-0.0631578
-0.0717717
-0.0762713
-0.0750415
-0.0709497
-0.0675645
-0.0651192
-0.0600207
-0.0478513
-0.0275828
-0.0041043
0.0129375
0.0139306
-0.0037287
-0.0290725
-0.0363024
0.0068633
0.1247068
0.3233777
0.5897742
0.8918538
1.1744820
1.3616337
1.3812187
1.2069804
0.8852023
0.5173630
0.2057944
0.0027451
-0.1000756
-0.1415046
-0.1542158
-0.1522054
-0.1412101
-0.1285799
-0.1199939
-0.1135727
-0.1042441
-0.0933489
-0.0894042
-0.0982906
-0.1157219
-0.1315908
-0.1404799
-0.1454114
-0.1508465
-0.1545330
-0.1494065
-0.1337522
-0.1161429
-0.1074079
-0.1088968
-0.1118287
-0.1084127
-0.1005729
-0.0960130
-0.0975685
-0.0991283
-0.0925410
-0.0771957
-0.0614213
-0.0540292
-0.0552327
-0.0570274
-0.0523144
-0.0419317
-0.0319247
-0.0256361
-0.0205084
-0.0122345
-0.0001168
0.0123149
0.0210686
0.0253631
0.0276621
0.0303889
0.0331336
0.0337506
0.0320094
0.0309960
0.0342341
0.0418575
0.0499184
0.0530829
0.0481564
0.0360533
0.0208746
0.0064678
-0.0065711
-0.0202959
-0.0360770
-0.0527628
-0.0683005
-0.0821895
-0.0956286
-0.1095770
-0.1231815
-0.1342312
-0.1412350
-0.1449766
-0.1474711
-0.1491289
-0.1478080
-0.1416149
-0.1322392
-0.1244392
-0.1220329
-0.1248214
-0.1292793
-0.1317711
-0.1313049
-0.1296666
-0.1287819
-0.1277632
-0.1230849
-0.1122383
-0.0968560
-0.0815699
-0.0698645
-0.0615216
-0.0542009
-0.0472628
-0.0436360
-0.0471533
-0.0574229
-0.0680117
-0.0713215
-0.0658845
-0.0579410
-0.0551098
-0.0590190
-0.0647238
-0.0668853
-0.0657032
-0.0665689
-0.0741670
-0.0873442
-0.1002471
-0.1084663
-0.1131643
-0.1185391
-0.1261464
-0.1332252
-0.1366483
-0.1370420
-0.1379456
-0.1412353
-0.1443444
-0.1427542
-0.1354418
-0.1272413
-0.1247000
-0.1293271
-0.1359676
-0.1385904
-0.1368003
-0.1353256
-0.1372829
-0.1394588
-0.1352935
-0.1222996
-0.1055797
-0.0931478
-0.0877176
-0.0840908
-0.0755311
-0.0620075
-0.0504585
-0.0465782
-0.0478797
-0.0460627
-0.0355659
-0.0186768
-0.0025465
0.0075412
0.0116247
0.0132040
0.0156723
0.0207117
0.0280949
0.0347736
0.0350923
0.0265892
0.0198994
0.0424839
0.1279282
0.2965593
0.5427092
0.8365392
1.1332830
1.3793540
1.5163968
1.4941364
1.2952614
0.9567487
0.5646463
0.2168497
-0.0231609
-0.1485879
-0.1948211
-0.2056250
-0.2079598
-0.2083702
-0.2035621
-0.1912558
-0.1741009
-0.1576637
-0.1464932
-0.1413582
-0.1390269
-0.1345957
-0.1250796
-0.1117638
-0.0990631
-0.0904622
-0.0853386
-0.0799230
-0.0712604
-0.0600515
-0.0500478
-0.0452249
-0.0471488
-0.0540907
-0.0624362
-0.0694873
-0.0750759
-0.0801405
-0.0840170
-0.0841602
-0.0790815
-0.0709764
-0.0645002
-0.0625380
-0.0634188
-0.0627864
-0.0583694
-0.0523561
-0.0483864
-0.0465489
-0.0426622
-0.0331695
-0.0199059
-0.0088569
-0.0040377
-0.0030426
0.0012135
0.0143115
0.0354143
0.0580438
0.0758842
0.0881835
0.0994301
0.1136397
0.1292472
0.1399854
0.1407885
0.1325345
0.1206578
0.1090329
0.0958206
0.0763811
0.0504663
0.0250446
0.0082549
0.0006479
-0.0058775
-0.0194159
-0.0390702
-0.0557429
-0.0619786
-0.0602368
-0.0607142
-0.0709307
-0.0879133
-0.1009800
-0.1019873
-0.0925381
-0.0817302
-0.0780022
-0.0831353
-0.0923213
-0.0982821
-0.0957518
-0.0840623
-0.0669180
-0.0495847
-0.0353749
-0.0240316
-0.0130780
-0.0006422
0.0128851
0.0256917
0.0365831
0.0456585
0.0529904
0.0576636
0.0591711
0.0593147
0.0610588
0.0646516
0.0659022
0.0599212
0.0470623
0.0342940
0.0295066
0.0340411
0.0415331
0.0450374
0.0448100
0.0470659
0.0540419
0.0577361
0.0482793
0.0316137
0.0376979
0.1069283
0.2638733
0.5007186
0.7827979
1.0659656
1.3060647
1.4558139
1.4658516
1.3058821
0.9954990
0.6127307
0.2613640
0.0164525
-0.1095574
-0.1555746
-0.1711374
-0.1833952
-0.1938308
-0.1955669
-0.1877154
-0.1752823
-0.1622499
-0.1494155
-0.1376428
-0.1292226
-0.1248555
-0.1217467
-0.1168381
-0.1110420
-0.1081002
-0.1088935
-0.1086605
-0.1015223
-0.0876162
-0.0742705
-0.0690427
-0.0719395
-0.0755294
-0.0728168
-0.0639156
-0.0543221
-0.0476584
-0.0417399
-0.0320338
-0.0177166
-0.0031306
0.0067456
0.0115024
0.0154160
0.0224726
0.0319364
0.0394409
0.0422163
0.0423003
0.0440703
0.0490745
0.0539736
0.0536559
0.0461537
0.0345820
0.0244794
0.0191624
0.0173249
0.0148484
0.0087644
-0.0004855
-0.0101928
-0.0182171
-0.0246915
-0.0313313
-0.0392456
-0.0473995
-0.0534799
-0.0566567
-0.0592665
-0.0649334
-0.0744727
-0.0839065
-0.0872531
-0.0819492
-0.0718510
-0.0646020
-0.0651843
-0.0713599
-0.0755971
-0.0721412
-0.0625801
-0.0544163
-0.0540403
-0.0609192
-0.0683261
-0.0695641
-0.0637991
-0.0563952
-0.0538748
-0.0584389
-0.0669446
-0.0745495
-0.0788869
-0.0809842
-0.0829703
-0.0854128
-0.0867739
-0.0853291
-0.0817917
-0.0799590
-0.0840810
-0.0949599
-0.1087391
-0.1200249
-0.1263865
-0.1296021
-0.1324135
-0.1344387
-0.1319934
-0.1224566
-0.1085932
-0.0977221
-0.0959632
-0.1032741
-0.1141762
-0.1229581
-0.1279736
-0.1315770
-0.1368258
-0.1442215
-0.1508232
-0.1522684
-0.1464472
-0.1359811
-0.1268404
-0.1235289
-0.1249585
-0.1253059
-0.1196753
-0.1092675
-0.1005299
-0.0985801
-0.1014862
-0.1016399
-0.0932329
-0.0784153
-0.0659251
-0.0631467
-0.0685406
-0.0715337
-0.0615024
-0.0394657
-0.0210658
-0.0239827
-0.0470676
-0.0600248
-0.0168350
0.1151997
0.3350184
0.6121151
0.9061539
1.1778344
1.3818307
1.4607086
1.3642357
1.0893330
0.7033841
0.3190978
0.0330436
-0.1232411
-0.1816558
-0.1948559
-0.1956433
-0.1898342
-0.1753372
-0.1580151
-0.1481613
-0.1481567
-0.1498818
-0.1447442
-0.1329663
-0.1215894
-0.1156244
-0.1136475
-0.1114123
-0.1071976
-0.1026961
-0.1002916
-0.1011052
-0.1051504
-0.1115034
-0.1175781
-0.1196264
-0.1158623
-0.1093104
-0.1059711
-0.1088110
-0.1140053
-0.1144133
-0.1069618
-0.0955559
-0.0861143
-0.0795270
-0.0706276
-0.0542099
-0.0312718
-0.0087433
0.0067864
0.0146009
0.0191528
0.0245000
0.0301287
0.0322951
0.0288524
0.0222377
0.0177343
0.0188648
0.0241680
0.0282336
0.0262423
0.0180598
0.0079942
0.0003148
-0.0049430
-0.0114627
-0.0220347
-0.0349948
-0.0457563
-0.0518331
-0.0557381
-0.0622887
-0.0730827
-0.0843635
-0.0908735
-0.0914255
-0.0898933
-0.0906751
-0.0938985
-0.0954081
-0.0908887
-0.0794760
-0.0638046
-0.0475493
-0.0333037
-0.0221732
-0.0143998
-0.0099479
-0.0088364
-0.0113195
-0.0174977
-0.0261753
-0.0342971
-0.0386851
-0.0391798
-0.0394882
-0.0436918
-0.0516416
-0.0586997
-0.0607222
-0.0588195
-0.0581957
-0.0620453
-0.0674546
-0.0683896
-0.0628706
-0.0562704
-0.0565662
-0.0662944
-0.0797846
-0.0885243
-0.0889001
-0.0846439
-0.0823801
-0.0853550
-0.0912131
-0.0951460
-0.0949555
-0.0933984
-0.0958790
-0.1056016
-0.1203803
-0.1338145
-0.1398521
-0.1369860
-0.1286649
-0.1197379
-0.1123206
-0.1050255
-0.0960523
-0.0865068
-0.0801899
-0.0802455
-0.0865702
-0.0967079
-0.1087805
-0.1228337
-0.1390516
-0.1551048
-0.1662696
-0.1691965
-0.1658681
-0.1631127
-0.1670681
-0.1774905
-0.1877019
-0.1906895
-0.1855904
-0.1780803
-0.1741537
-0.1736926
-0.1708258
-0.1609919
-0.1469169
-0.1363491
-0.1336097
-0.1345360
-0.1309125
-0.1195669
-0.1057622
-0.0970252
-0.0944793
-0.0914237
-0.0805122
-0.0613680
-0.0405773
-0.0248864
-0.0153112
-0.0074398
0.0040144
0.0211809
0.0413442
0.0572325
0.0605143
0.0497927
0.0389658
0.0571250
0.1360374
0.2930189
0.5220506
0.7970291
1.0784249
1.3148395
1.4447527
1.4123065
1.1984863
0.8458670
0.4496409
0.1126003
-0.1052493
-0.2055225
-0.2298739
-0.2226703
-0.2089458
-0.1964531
-0.1872249
-0.1825098
-0.1803866
-0.1757168
-0.1661472
-0.1565917
-0.1545992
-0.1606156
-0.1648878
-0.1559568
-0.1322030
-0.1039613
-0.0838812
-0.0756866
-0.0726307
-0.0662715
-0.0557033
-0.0478906
-0.0498243
-0.0615313
-0.0769296
-0.0903647
-0.1010363
-0.1110496
-0.1204316
-0.1253744
-0.1217362
-0.1098591
-0.0954174
-0.0852059
-0.0818513
-0.0823287
-0.0813061
-0.0758871
-0.0675335
-0.0599750
-0.0554415
-0.0526453
-0.0481552
-0.0397097
-0.0281282
-0.0158226
-0.0036603
0.0099697
0.0265238
0.0442893
0.0590958
0.0685167
0.0747546
0.0824014
0.0931479
0.1034545
0.1081683
0.1061525
0.1013774
0.0981020
0.0957720
0.0895277
0.0755021
0.0547763
0.0320993
0.0116733
-0.0053305
-0.0200841
-0.0343960
-0.0498556
-0.0673677
-0.0862790
-0.1040901
-0.1181167
-0.1279209
-0.1353405
-0.1413003
-0.1431926
-0.1370441
-0.1230261
-0.1077553
-0.0995257
-0.1008111
-0.1061832
-0.1081559
-0.1047568
-0.1008700
-0.1023420
-0.1094818
-0.1166967
-0.1181115
-0.1129964
-0.1058234
-0.1017887
-0.1027393
-0.1068898
-0.1114067
-0.1147287
-0.1167303
-0.1173062
-0.1153283
-0.1094158
-0.1000062
-0.0903699
-0.0846642
-0.0841954
-0.0857487
-0.0845097
-0.0792446
-0.0741355
-0.0744189
-0.0798345
-0.0834279
-0.0783475
-0.0661078
-0.0567841
-0.0596079
-0.0734408
-0.0877478
-0.0935984
-0.0929287
-0.0958196
-0.1086458
-0.1261800
-0.1365953
-0.1341410
-0.1256259
-0.1234238
-0.1324260
-0.1449805
-0.1490941
-0.1408455
-0.1277928
-0.1202680
-0.1203656
-0.1203427
-0.1116476
-0.0945515
-0.0782220
-0.0716377
-0.0752581
-0.0817446
-0.0838478
-0.0805757
-0.0760343
-0.0738109
-0.0734988
-0.0721101
-0.0676453
-0.0609996
-0.0551032
-0.0525319
-0.0532565
-0.0542195
-0.0520900
-0.0478553
-0.0479734
-0.0578404
-0.0722557
-0.0753852
-0.0559988
-0.0245557
-0.0094464
-0.0279192
-0.0579333
-0.0435238
0.0656928
0.2776424
0.5581019
0.8604052
1.1444886
1.3644714
1.4525328
1.3412803
1.0216134
0.5788976
0.1571011
-0.1296971
-0.2616664
-0.2981309
-0.3062724
-0.3071320
-0.2835116
-0.2248921
-0.1524631
-0.1005918
-0.0831389
-0.0846110
-0.0819658
-0.0686317
-0.0554156
-0.0528387
-0.0582071
-0.0604287
-0.0536358
-0.0430653
-0.0381356
-0.0420026
-0.0489306
-0.0511666
-0.0472598
-0.0431320
-0.0451311
-0.0525775
-0.0578879
-0.0545425
-0.0446455
-0.0376972
-0.0413042
-0.0535598
-0.0654554
-0.0706522
-0.0714857
-0.0744023
-0.0805820
-0.0833396
-0.0756870
-0.0589634
-0.0419756
-0.0314735
-0.0251623
-0.0153478
0.0013464
0.0197644
0.0323505
0.0382149
0.0443918
0.0577888
0.0771127
0.0938987
0.1012468
0.1003542
0.0979075
0.0978962
0.0973499
0.0905826
0.0767120
0.0615856
0.0517473
0.0472862
0.0417826
0.0294123
0.0110742
-0.0071446
-0.0206170
-0.0297217
-0.0367019
-0.0409279
-0.0392316
-0.0308135
-0.0200096
-0.0130731
-0.0128806
-0.0175921
-0.0234122
-0.0266860
-0.0236621
-0.0117377
0.0062505
0.0211292
0.0266329
0.0332565
0.0709250
0.1729549
0.3540348
0.6021387
0.8874599
1.1714680
1.4036289
1.5182571
1.4547475
1.1999675
0.8167078
0.4220118
0.1227710
-0.0409198
-0.0998211
-0.1118485
-0.1159993
-0.1206769
-0.1218015
-0.1203918
-0.1219038
-0.1268328
-0.1295525
-0.1265571
-0.1213996
-0.1193955
-0.1200338
-0.1178984
-0.1108204
-0.1040595
-0.1046082
-0.1126332
-0.1207627
-0.1222323
-0.1183691
-0.1170042
-0.1239425
-0.1369674
-0.1483997
-0.1528400
-0.1518337
-0.1512269
-0.1547373
-0.1605284
-0.1637038
-0.1614154
-0.1551847
-0.1485824
-0.1433438
-0.1381588
-0.1309484
-0.1214770
-0.1110681
-0.0999731
-0.0860128
-0.0666509
-0.0423281
-0.0170109
0.0050148
0.0226664
0.0380458
0.0531213
0.0670960
0.0774595
0.0832888
0.0867831
0.0912189
0.0976802
0.1040932
0.1072386
0.1053035
0.0986152
0.0885148
0.0757538
0.0595524
0.0380630
0.0106682
-0.0191405
-0.0437496
-0.0564852
-0.0581350
-0.0571313
-0.0605648
-0.0645355
-0.0564382
-0.0300594
0.0024758
0.0187974
0.0109775
0.0029147
0.0409473
0.1646721
0.3835025
0.6742188
0.9905160
1.2691016
1.4349033
1.4220489
1.2119898
0.8601476
0.4781183
0.1742785
-0.0031791
-0.0763797
-0.0997471
-0.1137658
-0.1286294
-0.1391547
-0.1440143
-0.1487500
-0.1569724
-0.1656155
-0.1696000
-0.1677241
-0.1623110
-0.1553002
-0.1474225
-0.1408410
-0.1398283
-0.1471202
-0.1604301
-0.1740906
-0.1842300
-0.1913474
-0.1975770
-0.2025320
-0.2029645
-0.1964747
-0.1847773
-0.1729093
-0.1653761
-0.1630622
-0.1634016
-0.1630991
-0.1608866
-0.1582729
-0.1579062
-0.1608117
-0.1646920
-0.1650344
-0.1586514
-0.1467835
-0.1345419
-0.1264727
-0.1220591
-0.1158009
-0.1024464
-0.0824972
-0.0621040
-0.0468794
-0.0359691
-0.0232454
-0.0049441
0.0148196
0.0277348
0.0306726
0.0295797
0.0323471
0.0387395
0.0403605
0.0319732
0.0203469
0.0177847
0.0257506
0.0282687
0.0064101
-0.0377304
-0.0705086
-0.0400198
0.0970441
0.3514412
0.6881447
1.0260131
1.2568272
1.2885419
1.0973109
0.7511739
0.3776619
0.0912951
-0.0652627
-0.1230244
-0.1396084
-0.1516210
-0.1643413
-0.1724019
-0.1780393
-0.1880318
-0.2013880
-0.2084283
-0.2028150
-0.1900462
-0.1814726
-0.1818830
-0.1857545
-0.1852099
-0.1788054
-0.1713269
-0.1669519
-0.1650347
-0.1624633
-0.1580161
-0.1532288
-0.1500616
-0.1492857
-0.1510962
-0.1558821
-0.1635988
-0.1731138
-0.1831808
-0.1938717
-0.2059607
-0.2184911
-0.2279151
-0.2308796
-0.2279559
-0.2235984
-0.2216627
-0.2213898
-0.2187494
-0.2118358
-0.2038869
-0.1999006
-0.2003234
-0.1991219
-0.1890065
-0.1686427
-0.1443110
-0.1242840
-0.1117397
-0.1032552
-0.0938993
-0.0833109
-0.0765817
