-0.0238642
-0.0362031
-0.0456089
-0.0568045
-0.0683955
-0.0755580
-0.0759747
-0.0723832
-0.0699819
-0.0721881
-0.0786085
-0.0860749
-0.0912929
-0.0932477
-0.0938297
-0.0959522
-0.1003695
-0.1042342
-0.1034486
-0.0970017
-0.0888110
-0.0847410
-0.0875484
-0.0947728
-0.1014183
-0.1043728
-0.1043129
-0.1040399
-0.1056108
-0.1088516
-0.1117867
-0.1121028
-0.1087905
-0.1032399
-0.0988206
-0.0986005
-0.1027311
-0.1080861
-0.1109737
-0.1104908
-0.1090957
-0.1097626
-0.1127194
-0.1151703
-0.1141798
-0.1096771
-0.1046561
-0.1025827
-0.1045414
-0.1085644
-0.1114925
-0.1116788
-0.1102979
-0.1101579
-0.1129313
-0.1172128
-0.1193673
-0.1167205
-0.1102525
-0.1040835
-0.1019658
-0.1039957
-0.1067294
-0.1066629
-0.1037456
-0.1015043
-0.1035598
-0.1097841
-0.1158176
-0.1166746
-0.1113324
-0.1040175
-0.1006866
-0.1037137
-0.1098129
-0.1133794
-0.1120015
-0.1083510
-0.1061738
-0.1045858
-0.0973586
-0.0789747
-0.0515884
-0.0250658
-0.0088537
-0.0030927
0.0021400
0.0181805
0.0474661
0.0806919
0.1034246
0.1060006
0.0888671
0.0605715
0.0315417
0.0086330
-0.0067958
-0.0175312
-0.0276668
-0.0401144
-0.0556661
-0.0737791
-0.0940438
-0.1167255
-0.1415906
-0.1660426
-0.1848206
-0.1926821
-0.1887366
-0.1786212
-0.1714155
-0.1726889
-0.1796919
-0.1839960
-0.1798719
-0.1700552
-0.1624978
-0.1614970
-0.1632275
-0.1604198
-0.1496443
-0.1321063
-0.1090612
-0.0816228
-0.0576367
-0.0533474
-0.0780017
-0.1112802
-0.1007716
0.0081224
0.2335176
0.5470244
0.8991179
1.2455928
1.5423769
1.7228429
1.7051720
1.4478413
1.0066818
0.5262348
0.1558910
-0.0408399
-0.1050149
-0.1205848
-0.1390331
-0.1580131
-0.1562852
-0.1329071
-0.1093123
-0.1035295
-0.1131879
-0.1240637
-0.1277965
-0.1269228
-0.1265333
-0.1274991
-0.1288378
-0.1318546
-0.1379291
-0.1436448
-0.1423554
-0.1322236
-0.1204744
-0.1170278
-0.1238983
-0.1326601
-0.1331867
-0.1239557
-0.1128159
-0.1081622
-0.1105919
-0.1134112
-0.1101987
-0.1008914
-0.0908262
-0.0849838
-0.0836823
-0.0832471
-0.0799834
-0.0733777
-0.0660263
-0.0608569
-0.0581393
-0.0547145
-0.0462095
-0.0307044
-0.0108752
0.0075236
0.0199817
0.0268253
0.0328741
0.0433513
0.0595883
0.0782025
0.0943112
0.1059485
0.1160047
0.1300730
0.1517731
0.1791998
0.2056211
0.2243728
0.2341194
0.2397338
0.2476851
0.2601706
0.2737402
0.2836398
0.2890260
0.2933253
0.2994897
0.3055693
0.3054942
0.2941183
0.2712686
0.2411908
0.2087167
0.1760394
0.1423962
0.1061231
0.0672774
0.0291096
-0.0029274
-0.0246819
-0.0369330
-0.0454560
-0.0564704
-0.0713579
-0.0860901
-0.0961320
-0.1014654
-0.1061927
-0.1135219
-0.1222117
-0.1283957
-0.1300615
-0.1287552
-0.1272240
-0.1267099
-0.1270566
-0.1282948
-0.1306887
-0.1333945
-0.1346542
-0.1342370
-0.1347584
-0.1390249
-0.1458743
-0.1500155
-0.1472076
-0.1393548
-0.1333666
-0.1344584
-0.1409891
-0.1463496
-0.1457462
-0.1407406
-0.1372098
-0.1392335
-0.1450299
-0.1485784
-0.1452284
-0.1362627
-0.1283316
-0.1279404
-0.1356048
-0.1451743
-0.1495251
-0.1474973
-0.1449909
-0.1486244
-0.1583314
-0.1669008
-0.1672121
-0.1594969
-0.1509550
-0.1485294
-0.1528070
-0.1589255
-0.1622712
-0.1623740
-0.1618804
-0.1632549
-0.1669456
-0.1715259
-0.1743357
-0.1724878
-0.1650852
-0.1553701
-0.1495488
-0.1516879
-0.1593489
-0.1653533
-0.1647666
-0.1597603
-0.1567601
-0.1589042
-0.1622468
-0.1597979
-0.1485702
-0.1318493
-0.1149670
-0.1002146
-0.0865593
-0.0732470
-0.0616872
-0.0527760
-0.0432296
-0.0265076
0.0011096
0.0349854
0.0631425
0.0736863
0.0624258
0.0346365
0.0005738
-0.0306570
-0.0544639
-0.0707580
-0.0825175
-0.0941351
-0.1092504
-0.1283738
-0.1483212
-0.1649364
-0.1771970
-0.1884335
-0.2026884
-0.2195316
-0.2330614
-0.2369794
-0.2310776
-0.2222936
-0.2185828
-0.2213454
-0.2241118
-0.2190980
-0.2051141
-0.1887463
-0.1777199
-0.1735414
-0.1709576
-0.1639887
-0.1513180
-0.1357506
-0.1204458
-0.1079879
-0.1023243
-0.1065938
-0.1133654
-0.0959611
-0.0146447
0.1607978
0.4290430
0.7551844
1.0886236
1.3808136
1.5868329
1.6594230
1.5584043
1.2808244
0.8853737
0.4780613
0.1590002
-0.0298154
-0.1131357
-0.1448350
-0.1625104
-0.1729646
-0.1703929
-0.1578147
-0.1478331
-0.1481620
-0.1537147
-0.1546664
-0.1486898
-0.1422578
-0.1414182
-0.1449009
-0.1471885
-0.1457101
-0.1426345
-0.1405929
-0.1394289
-0.1378673
-0.1361622
-0.1350911
-0.1333012
-0.1282475
-0.1204582
-0.1147292
-0.1149589
-0.1184545
-0.1178623
-0.1097624
-0.0995982
-0.0959246
-0.0999779
-0.1031241
-0.0959407
-0.0787999
-0.0617718
-0.0539906
-0.0544987
-0.0542810
-0.0463128
-0.0323166
-0.0198535
-0.0141244
-0.0131807
-0.0101839
0.0006941
0.0200680
0.0433088
0.0639467
0.0782178
0.0878694
0.0988087
0.1159711
0.1385871
0.1606009
0.1763911
0.1863563
0.1966967
0.2135461
0.2372595
0.2621539
0.2813963
0.2922410
0.2973968
0.3021179
0.3096657
0.3183990
0.3226065
0.3168594
0.3007090
0.2793269
0.2586831
0.2394993
0.2164578
0.1842344
0.1442963
0.1048516
0.0735044
0.0503580
0.0290251
0.0043412
-0.0216531
-0.0417089
-0.0508657
-0.0515502
-0.0515276
-0.0573034
-0.0692819
-0.0823772
-0.0906910
-0.0921112
-0.0895413
-0.0882551
-0.0915501
-0.0980594
-0.1029314
-0.1020346
-0.0956640
-0.0884913
-0.0857635
-0.0890861
-0.0954208
-0.1000177
-0.1006034
-0.0991575
-0.0997049
-0.1040123
-0.1091576
-0.1096627
-0.1027737
-0.0919661
-0.0846778
-0.0857082
-0.0925851
-0.0979150
-0.0967602
-0.0915785
-0.0894999
-0.0947084
-0.1038390
-0.1090340
-0.1053405
-0.0950941
-0.0855743
-0.0828901
-0.0877681
-0.0960595
-0.1024613
-0.1042516
-0.1027887
-0.1021050
-0.1053839
-0.1117250
-0.1162456
-0.1143114
-0.1064526
-0.0987815
-0.0975974
-0.1031747
-0.1094035
-0.1101945
-0.1060858
-0.1037649
-0.1086538
-0.1184214
-0.1246356
-0.1211352
-0.1104082
-0.1012640
-0.1002565
-0.1057607
-0.1105467
-0.1096082
-0.1046968
-0.1009761
-0.0999168
-0.0965538
-0.0843379
-0.0624598
-0.0377262
-0.0187111
-0.0078687
0.0007006
0.0157667
0.0408858
0.0706480
0.0938529
0.1006171
0.0882728
0.0626235
0.0342240
0.0120093
-0.0017662
-0.0116555
-0.0238956
-0.0403747
-0.0574799
-0.0711253
-0.0825696
-0.0981946
-0.1227368
-0.1530036
-0.1791353
-0.1925460
-0.1926467
-0.1861629
-0.1808224
-0.1800850
-0.1827413
-0.1855431
-0.1855133
-0.1812132
-0.1736808
-0.1661380
-0.1611495
-0.1572879
-0.1498392
-0.1361408
-0.1193638
-0.1049585
-0.0934905
-0.0802376
-0.0643153
-0.0552939
-0.0635006
-0.0786400
-0.0602108
0.0431591
0.2576589
0.5636324
0.9078349
1.2320661
1.4879400
1.6305880
1.6148375
1.4159307
1.0625012
0.6440584
0.2728559
0.0247540
-0.0934539
-0.1271267
-0.1290179
-0.1272933
-0.1254182
-0.1199900
-0.1126794
-0.1084135
-0.1092351
-0.1134350
-0.1188331
-0.1241401
-0.1274547
-0.1261343
-0.1197417
-0.1121282
-0.1087741
-0.1115067
-0.1165344
-0.1182430
-0.1147251
-0.1092774
-0.1066853
-0.1084150
-0.1113683
-0.1109424
-0.1052257
-0.0965989
-0.0895542
-0.0867551
-0.0868237
-0.0859271
-0.0818296
-0.0764872
-0.0742343
-0.0768568
-0.0804292
-0.0776954
-0.0644445
-0.0439448
-0.0248482
-0.0141404
-0.0115966
-0.0107819
-0.0052965
0.0058947
0.0188726
0.0298438
0.0394120
0.0518097
0.0701429
0.0926255
0.1136590
0.1287759
0.1387127
0.1487154
0.1637284
0.1840244
0.2053906
0.2235478
0.2382904
0.2531227
0.2708498
0.2899365
0.3057245
0.3153131
0.3207292
0.3266990
0.3351949
0.3425092
0.3419398
0.3293279
0.3060962
0.2774796
0.2484034
0.2208115
0.1937615
0.1650283
0.1328385
0.0973437
0.0613300
0.0291145
0.0037202
-0.0152678
-0.0306370
-0.0440841
-0.0543477
-0.0594691
-0.0606380
-0.0625638
-0.0691060
-0.0789086
-0.0865126
-0.0883017
-0.0866774
-0.0874396
-0.0930665
-0.0995062
-0.1003251
-0.0938199
-0.0853529
-0.0823718
-0.0873446
-0.0957779
-0.1009916
-0.1006017
-0.0984346
-0.1003928
-0.1084306
-0.1182025
-0.1224554
-0.1172562
-0.1057227
-0.0958989
-0.0943262
-0.1007921
-0.1090168
-0.1127284
-0.1113434
-0.1096975
-0.1122260
-0.1177885
-0.1207097
-0.1169844
-0.1089921
-0.1036001
-0.1055654
-0.1130497
-0.1196662
-0.1206554
-0.1169466
-0.1136017
-0.1148488
-0.1205238
-0.1265120
-0.1280453
-0.1231085
-0.1139481
-0.1059512
-0.1042783
-0.1100691
-0.1191617
-0.1250942
-0.1244740
-0.1199112
-0.1173805
-0.1202583
-0.1258965
-0.1282197
-0.1237165
-0.1148394
-0.1076785
-0.1065336
-0.1106578
-0.1157693
-0.1182136
-0.1175476
-0.1153231
-0.1116924
-0.1036417
-0.0872365
-0.0622758
-0.0346722
-0.0130791
-0.0015978
0.0048715
0.0172171
0.0423479
0.0754306
0.1016485
0.1067002
0.0872836
0.0529101
0.0182766
-0.0066880
-0.0212039
-0.0305791
-0.0402194
-0.0523261
-0.0668898
-0.0842097
-0.1055069
-0.1310577
-0.1581701
-0.1814376
-0.1954549
-0.1980891
-0.1921049
-0.1840153
-0.1804450
-0.1837868
-0.1902100
-0.1925166
-0.1866649
-0.1763249
-0.1700204
-0.1723288
-0.1779710
-0.1760497
-0.1607858
-0.1369161
-0.1136209
-0.0950181
-0.0798454
-0.0700914
-0.0735721
-0.0902748
-0.0946481
-0.0381543
0.1214051
0.3878820
0.7223168
1.0672402
1.3703670
1.5845671
1.6573512
1.5422524
1.2375889
0.8150737
0.3971750
0.0898850
-0.0742863
-0.1351941
-0.1539687
-0.1643766
-0.1665194
-0.1535111
-0.1326481
-0.1199605
-0.1223126
-0.1318596
-0.1375054
-0.1370663
-0.1365290
-0.1406216
-0.1475636
-0.1524652
-0.1527061
-0.1487808
-0.1420838
-0.1343809
-0.1289950
-0.1296696
-0.1363770
-0.1431764
-0.1425189
-0.1328132
-0.1209820
-0.1162195
-0.1207622
-0.1272835
-0.1259186
-0.1139047
-0.0981078
-0.0881066
-0.0871150
-0.0898307
-0.0887225
-0.0815954
-0.0726479
-0.0667733
-0.0639012
-0.0592428
-0.0483404
-0.0311634
-0.0116863
0.0054490
0.0177102
0.0255881
0.0322481
0.0419512
0.0569391
0.0747170
0.0894136
0.0977372
0.1040001
0.1176650
0.1442573
0.1787242
0.2089756
0.2266751
0.2343053
0.2415748
0.2556567
0.2754667
0.2945650
0.3079606
0.3156121
0.3207120
0.3261620
0.3324845
0.3373461
0.3359915
0.3231925
0.2968806
0.2607594
0.2223484
0.1870433
0.1538652
0.1178222
0.0768772
0.0360308
0.0037589
-0.0156627
-0.0259140
-0.0347919
-0.0471982
-0.0621044
-0.0755464
-0.0852907
-0.0922357
-0.0983510
-0.1045590
-0.1106520
-0.1160770
-0.1199150
-0.1206160
-0.1170624
-0.1105427
-0.1051246
-0.1050423
-0.1110999
-0.1196501
-0.1254341
-0.1258758
-0.1230978
-0.1220171
-0.1261882
-0.1347961
-0.1432370
-0.1468704
-0.1448065
-0.1403249
-0.1374864
-0.1373161
-0.1375569
-0.1361699
-0.1344114
-0.1356195
-0.1408731
-0.1466665
-0.1477627
-0.1424737
-0.1346274
-0.1299748
-0.1308214
-0.1344333
-0.1364836
-0.1355158
-0.1338723
-0.1347899
-0.1392282
-0.1454776
-0.1511067
-0.1546921
-0.1559384
-0.1550683
-0.1527949
-0.1506646
-0.1505201
-0.1528902
-0.1559588
-0.1567823
-0.1540880
-0.1498701
-0.1478418
-0.1500322
-0.1548842
-0.1587016
-0.1588429
-0.1555161
-0.1508931
-0.1470882
-0.1450653
-0.1446321
-0.1443375
-0.1411877
-0.1317412
-0.1151234
-0.0952903
-0.0789092
-0.0692562
-0.0618420
-0.0473003
-0.0201029
0.0150536
0.0458479
0.0616684
0.0605968
0.0478067
0.0284856
0.0037011
-0.0267657
-0.0591564
-0.0853125
-0.0985881
-0.1002936
-0.1000383
-0.1091768
-0.1327010
-0.1659358
-0.1983298
-0.2211921
-0.2332822
-0.2399012
-0.2466794
-0.2541194
-0.2580634
-0.2548922
-0.2453105
-0.2330099
-0.2211794
-0.2117451
-0.2068380
-0.2077757
-0.2112594
-0.2094107
-0.1972802
-0.1797153
-0.1663489
-0.1581933
-0.1444333
-0.1186750
-0.0957224
-0.1002703
-0.1293756
-0.1298058
-0.0262258
0.2179599
0.5674671
0.9441550
1.2832046
1.5520139
1.7178373
1.7202935
1.5039410
1.0887453
0.5960191
0.1839585
-0.0558439
-0.1440283
-0.1644207
-0.1797845
-0.1965066
-0.1961048
-0.1788429
-0.1665286
-0.1722256
-0.1833838
-0.1799200
-0.1609882
-0.1457890
-0.1496651
-0.1668078
-0.1791624
-0.1776162
-0.1695553
-0.1670263
-0.1727021
-0.1794593
-0.1803815
-0.1753171
-0.1680535
-0.1607343
-0.1532091
-0.1462547
-0.1424494
-0.1429085
-0.1446468
-0.1429005
-0.1362949
-0.1287740
-0.1255721
-0.1272406
-0.1282243
-0.1219434
-0.1074366
-0.0906546
-0.0788404
-0.0737046
-0.0704139
-0.0631277
-0.0508531
-0.0375524
-0.0272128
-0.0198660
-0.0124561
-0.0023380
0.0111904
0.0282142
0.0491363
0.0731138
0.0964486
0.1145488
0.1265536
0.1372746
0.1531553
0.1757801
0.1999050
0.2185116
0.2298281
0.2390744
0.2531963
0.2740027
0.2964641
0.3134847
0.3221015
0.3250789
0.3267709
0.3276968
0.3232042
0.3074585
0.2790171
0.2429193
0.2074004
0.1780295
0.1541650
0.1304479
0.1017275
0.0672526
0.0311155
-0.0007968
-0.0247468
-0.0413290
-0.0546820
-0.0692793
-0.0863251
-0.1024070
-0.1119462
-0.1121131
-0.1061965
-0.1018488
-0.1048987
-0.1141104
-0.1222658
-0.1231596
-0.1178969
-0.1140807
-0.1184811
-0.1303968
-0.1421308
-0.1457787
-0.1396196
-0.1285847
-0.1194823
-0.1160198
-0.1174232
-0.1203346
-0.1215230
-0.1198199
-0.1168489
-0.1159999
-0.1194947
-0.1255402
-0.1288563
-0.1251925
-0.1157684
-0.1067116
-0.1035691
-0.1064985
-0.1111252
-0.1137113
-0.1146161
-0.1165202
-0.1203050
-0.1238753
-0.1248986
-0.1233678
-0.1207561
-0.1177023
-0.1140887
-0.1112657
-0.1122185
-0.1179986
-0.1247879
-0.1266848
-0.1223955
-0.1179161
-0.1207509
-0.1312533
-0.1411187
-0.1415136
-0.1321430
-0.1212866
-0.1172346
-0.1209895
-0.1274150
-0.1315868
-0.1323690
-0.1308622
-0.1282052
-0.1260799
-0.1273119
-0.1330024
-0.1385328
-0.1347449
-0.1156794
-0.0856256
-0.0571373
-0.0407465
-0.0362236
-0.0337241
-0.0229242
-0.0010548
0.0263834
0.0505893
0.0646932
0.0660514
0.0558451
0.0373715
0.0142138
-0.0106304
-0.0342572
-0.0532345
-0.0647801
-0.0696707
-0.0738075
-0.0853117
-0.1082544
-0.1385369
-0.1664349
-0.1839408
-0.1901586
-0.1903376
-0.1907241
-0.1944178
-0.2005291
-0.2054379
-0.2050323
-0.1978451
-0.1874237
-0.1805316
-0.1808009
-0.1836176
-0.1790921
-0.1619313
-0.1378071
-0.1178191
-0.1064479
-0.0979956
-0.0872605
-0.0804789
-0.0881563
-0.1025315
-0.0854252
0.0138822
0.2230863
0.5264341
0.8756947
1.2148354
1.4907472
1.6478966
1.6321737
1.4205231
1.0547644
0.6380643
0.2826423
0.0487942
-0.0723708
-0.1246398
-0.1431180
-0.1418950
-0.1289634
-0.1167421
