-0.0060520
-0.0107104
0.0051088
0.0170804
0.0231370
0.0380499
0.0622788
0.0800006
0.0839465
0.0819360
0.0797200
0.0740872
0.0632863
0.0504120
0.0356930
0.0166862
-0.0036760
-0.0190109
-0.0293988
-0.0412403
-0.0581029
-0.0788680
-0.1030459
-0.1305312
-0.1577220
-0.1807411
-0.2010536
-0.2219349
-0.2412919
-0.2538877
-0.2591546
-0.2615894
-0.2647153
-0.2688634
-0.2732965
-0.2768545
-0.2781701
-0.2780142
-0.2791827
-0.2817652
-0.2813484
-0.2740571
-0.2602773
-0.2417382
-0.2192203
-0.1959169
-0.1788287
-0.1725906
-0.1738108
-0.1744037
-0.1693541
-0.1599354
-0.1510951
-0.1465516
-0.1445880
-0.1385020
-0.1236492
-0.1041083
-0.0896352
-0.0857824
-0.0893968
-0.0934282
-0.0932412
-0.0886004
-0.0828819
-0.0807580
-0.0839950
-0.0893500
-0.0928835
-0.0958680
-0.1034853
-0.1174707
-0.1327390
-0.1423295
-0.1443603
-0.1432811
-0.1442878
-0.1465193
-0.1433252
-0.1318424
-0.1207264
-0.1213663
-0.1265175
-0.1007153
0.0015916
0.2045326
0.4936120
0.8220057
1.1267609
1.3413792
1.4069027
1.2903932
1.0079835
0.6328921
0.2697361
0.0033213
-0.1409763
-0.1934156
-0.2011802
-0.1940540
-0.1803660
-0.1624344
-0.1460939
-0.1359929
-0.1284690
-0.1141858
-0.0888888
-0.0602531
-0.0421686
-0.0416133
-0.0524722
-0.0630442
-0.0678326
-0.0703579
-0.0762054
-0.0861673
-0.0959639
-0.1005538
-0.0985356
-0.0936849
-0.0921210
-0.0969096
-0.1055759
-0.1134330
-0.1185358
-0.1225985
-0.1280184
-0.1350033
-0.1408702
-0.1413965
-0.1338462
-0.1197551
-0.1042760
-0.0921384
-0.0844903
-0.0793934
-0.0741957
-0.0674244
-0.0598607
-0.0540622
-0.0513233
-0.0486723
-0.0405300
-0.0244559
-0.0044882
0.0120048
0.0207218
0.0241262
0.0296437
0.0436912
0.0659846
0.0894119
0.1063302
0.1151203
0.1202336
0.1265054
0.1342553
0.1391977
0.1360312
0.1228590
0.1036004
0.0857990
0.0745507
0.0680710
0.0596132
0.0437099
0.0206257
-0.0042478
-0.0246802
-0.0382334
-0.0478429
-0.0587342
-0.0733109
-0.0891545
-0.1017610
-0.1084425
-0.1099711
-0.1100853
-0.1136407
-0.1232060
-0.1360292
-0.1454467
-0.1469933
-0.1432744
-0.1420309
-0.1489739
-0.1623682
-0.1746393
-0.1796249
-0.1782091
-0.1759041
-0.1747165
-0.1693776
-0.1535271
-0.1285242
-0.1034825
-0.0862321
-0.0761975
-0.0668348
-0.0532765
-0.0361409
-0.0188359
-0.0032106
0.0113482
0.0257311
0.0398868
0.0540191
0.0688977
0.0833041
0.0931485
0.0967193
0.1001360
0.1119825
0.1293627
0.1342766
0.1125705
0.0800452
0.0857295
0.1825937
0.3898066
0.6790159
0.9909472
1.2594165
1.4218077
1.4230389
1.2342099
0.8837731
0.4666962
0.1043521
-0.1232509
-0.2163283
-0.2328169
-0.2308418
-0.2310350
-0.2246667
-0.2047350
-0.1813397
-0.1694696
-0.1704347
-0.1710495
-0.1595948
-0.1378287
-0.1161531
-0.1006806
-0.0881398
-0.0718683
-0.0493639
-0.0235732
0.0007784
0.0207169
0.0359921
0.0481157
0.0589377
0.0697944
0.0812361
0.0927913
0.1030742
0.1110200
0.1173619
0.1241787
0.1324678
0.1405388
0.1451184
0.1438160
0.1366515
0.1258651
0.1143218
0.1033866
0.0920840
0.0787935
0.0637799
0.0494655
0.0382084
0.0304729
0.0251836
0.0210424
0.0171300
0.0127556
0.0072639
0.0001709
-0.0083522
-0.0172126
-0.0251756
-0.0320872
-0.0385819
-0.0442688
-0.0474544
-0.0479622
-0.0495382
-0.0575284
-0.0733295
-0.0918386
-0.1052290
-0.1094582
-0.1069762
-0.1029837
-0.0992650
-0.0924416
-0.0788179
-0.0601002
-0.0427435
-0.0313881
-0.0242826
-0.0159585
-0.0035413
0.0104302
0.0208102
0.0244893
0.0224899
0.0184412
0.0154581
0.0141836
0.0130460
0.0095291
0.0011198
-0.0137349
-0.0342237
-0.0567772
-0.0771678
-0.0935676
-0.1073694
-0.1210257
-0.1352594
-0.1480669
-0.1561680
-0.1580844
-0.1565936
-0.1576735
-0.1657029
-0.1791799
-0.1917428
-0.1980208
-0.1986520
-0.1995458
-0.2060215
-0.2172989
-0.2267420
-0.2279473
-0.2206271
-0.2099875
-0.2003286
-0.1901804
-0.1743492
-0.1502836
-0.1218019
-0.0965726
-0.0799611
-0.0708123
-0.0627149
-0.0493688
-0.0291211
-0.0052181
0.0169023
0.0320917
0.0373398
0.0341101
0.0291325
0.0299354
0.0370333
0.0414311
0.0327830
0.0112283
-0.0106276
-0.0196654
-0.0157686
-0.0110221
-0.0150276
-0.0247151
-0.0323633
-0.0407403
-0.0612628
-0.0912021
-0.0965777
-0.0267889
0.1485737
0.4170351
0.7337265
1.0448796
1.2944720
1.4167528
1.3470446
1.0648488
0.6338928
0.1872428
-0.1468861
-0.3192206
-0.3688214
-0.3667421
-0.3548142
-0.3336706
-0.2938889
-0.2432290
-0.2012751
-0.1772534
-0.1622317
-0.1429048
-0.1172078
-0.0938054
-0.0797322
-0.0727891
-0.0655198
-0.0526860
-0.0334227
-0.0093433
0.0159689
0.0364562
0.0462741
0.0448576
0.0382889
0.0343827
0.0364124
0.0416233
0.0449296
0.0433157
0.0372180
0.0289097
0.0202116
0.0113741
0.0013519
-0.0111247
-0.0261762
-0.0419117
-0.0553506
-0.0649513
-0.0718894
-0.0777752
-0.0812959
-0.0788877
-0.0698420
-0.0596468
-0.0563546
-0.0630090
-0.0743192
-0.0813809
-0.0796042
-0.0718590
-0.0642417
-0.0596239
-0.0558309
-0.0493025
-0.0388990
-0.0257655
-0.0113593
0.0024348
0.0120195
0.0137254
0.0081767
0.0016443
0.0009258
0.0064693
0.0118264
0.0109295
0.0054202
0.0034299
0.0107383
0.0244698
0.0367853
0.0437195
0.0478949
0.0523128
0.0546844
0.0506620
0.0411768
0.0327482
0.0296953
0.0294916
0.0286787
0.0308399
0.0427854
0.0608958
0.0675168
0.0504169
0.0290556
0.0553731
0.1799166
0.4136526
0.7225711
1.0542124
1.3592073
1.5844633
1.6612870
1.5279582
1.1840943
0.7223517
0.2901167
0.0014112
-0.1259325
-0.1546426
-0.1575010
-0.1634816
-0.1625554
-0.1445783
-0.1205259
-0.1083412
-0.1105324
-0.1135767
-0.1063277
-0.0922661
-0.0825529
-0.0818211
-0.0844307
-0.0828531
-0.0755562
-0.0657847
-0.0559553
-0.0462904
-0.0378721
-0.0335834
-0.0347668
-0.0388893
-0.0423570
-0.0450178
-0.0503695
-0.0613014
-0.0767104
-0.0925754
-0.1055370
-0.1149268
-0.1219195
-0.1277128
-0.1327888
-0.1372118
-0.1408066
-0.1431606
-0.1443275
-0.1457572
-0.1494853
-0.1554072
-0.1598103
-0.1578577
-0.1479388
-0.1330634
-0.1177598
-0.1039497
-0.0898084
-0.0719517
-0.0483851
-0.0199877
0.0098838
0.0370015
0.0582865
0.0733473
0.0843296
0.0934468
0.0998764
0.0996688
0.0901871
0.0750811
0.0635671
0.0631822
0.0727573
0.0828572
0.0835136
0.0721796
0.0552505
0.0424701
0.0390324
0.0415341
0.0409659
0.0305715
0.0121037
-0.0054260
-0.0141333
-0.0149984
-0.0163383
-0.0234284
-0.0307646
-0.0276655
-0.0123582
0.0036437
0.0108973
0.0231405
0.0791355
0.2186133
0.4535105
0.7594451
1.0880802
1.3803046
1.5694602
1.5888244
1.4004229
1.0324779
0.5862769
0.1902331
-0.0704908
-0.1915576
-0.2259161
-0.2282245
-0.2203441
-0.1997744
-0.1666096
-0.1339445
-0.1151877
-0.1099193
-0.1067860
-0.0978348
-0.0857538
-0.0769600
-0.0715970
-0.0634541
-0.0487175
-0.0317617
-0.0211104
-0.0207794
-0.0264670
-0.0297409
-0.0255245
-0.0162709
-0.0097932
-0.0128059
-0.0255031
-0.0417785
-0.0549853
-0.0640605
-0.0742062
-0.0912183
-0.1147559
-0.1373896
-0.1509920
-0.1544784
-0.1549683
-0.1609034
-0.1739690
-0.1877244
-0.1938221
-0.1894882
-0.1795349
-0.1716950
-0.1698333
-0.1710886
-0.1693771
-0.1617836
-0.1514497
-0.1439641
-0.1410133
-0.1381191
-0.1291630
-0.1131624
-0.0959370
-0.0842767
-0.0784516
-0.0715789
-0.0574547
-0.0387199
-0.0259786
-0.0280713
-0.0434804
-0.0615974
-0.0720749
-0.0726650
-0.0685912
-0.0655803
-0.0643723
-0.0617965
-0.0560930
-0.0500628
-0.0487262
-0.0544590
-0.0649896
-0.0761379
-0.0862525
-0.0979149
-0.1152442
-0.1392165
-0.1654840
-0.1872032
-0.2005165
-0.2073342
-0.2127456
-0.2201357
-0.2292145
-0.2383021
-0.2473176
-0.2577228
-0.2697981
-0.2808781
-0.2869872
-0.2863343
-0.2809978
-0.2751943
-0.2721296
-0.2722662
-0.2736431
-0.2732758
-0.2691535
-0.2623237
-0.2568668
-0.2559153
-0.2565068
-0.2497292
-0.2285288
-0.1963180
-0.1663099
-0.1502332
-0.1473149
-0.1456753
-0.1353103
-0.1184351
-0.1053318
-0.1006685
-0.0969558
-0.0835016
-0.0602801
-0.0397871
-0.0342498
-0.0429201
-0.0536701
-0.0562090
-0.0517143
-0.0493889
-0.0558451
-0.0696614
-0.0851559
-0.0985883
-0.1097100
-0.1195420
-0.1291237
-0.1397930
-0.1521077
-0.1639940
-0.1722056
-0.1766133
-0.1803997
-0.1834134
-0.1778956
-0.1570212
-0.1297571
-0.1205602
-0.1441959
-0.1773264
-0.1614083
-0.0428634
0.1858139
0.4847823
0.8020797
1.1003843
1.3446641
1.4757641
1.4213040
1.1530931
0.7363176
0.3096745
0.0017902
-0.1442448
-0.1741383
-0.1617230
-0.1493084
-0.1383466
-0.1192363
-0.0952206
-0.0776681
-0.0700997
-0.0661523
-0.0613832
-0.0597609
-0.0660707
-0.0763808
-0.0807248
-0.0747869
-0.0653578
-0.0626828
-0.0693157
-0.0787206
-0.0844089
-0.0881232
-0.0977503
-0.1180732
-0.1449268
-0.1684845
-0.1815655
-0.1848059
-0.1846504
-0.1868320
-0.1914751
-0.1941045
-0.1912467
-0.1846262
-0.1791927
-0.1770205
-0.1742428
-0.1651175
-0.1489259
-0.1315302
-0.1192172
-0.1116497
-0.1023815
-0.0867572
-0.0678282
-0.0526355
-0.0427606
-0.0307109
-0.0074564
0.0268931
0.0615949
0.0851267
0.0957923
0.1017840
0.1111371
0.1227830
0.1282026
0.1214717
0.1066549
0.0947289
0.0934515
0.1005636
0.1065550
0.1033701
0.0903778
0.0727553
0.0550934
0.0370372
0.0151045
-0.0115877
-0.0380708
-0.0568058
-0.0647205
-0.0668231
-0.0722041
-0.0858950
-0.1045046
-0.1200229
-0.1279935
-0.1316832
-0.1379433
-0.1493208
-0.1611101
-0.1665432
-0.1641799
-0.1592839
-0.1580273
-0.1613177
-0.1648960
-0.1649650
-0.1626848
-0.1625903
-0.1668654
-0.1718690
-0.1708502
-0.1602777
-0.1435239
-0.1283512
-0.1206029
-0.1198088
-0.1204765
-0.1177981
-0.1125028
-0.1099625
-0.1138168
-0.1203138
-0.1199897
-0.1063427
-0.0832511
-0.0629960
-0.0558594
-0.0612365
-0.0691919
-0.0708544
-0.0668539
-0.0651800
-0.0713900
-0.0823633
-0.0903881
-0.0923738
-0.0933869
-0.1007522
-0.1158400
-0.1327093
-0.1444729
-0.1499008
-0.1534832
-0.1599408
-0.1696514
-0.1792253
-0.1853637
-0.1875291
-0.1876590
-0.1884392
-0.1916738
-0.1969466
-0.2012511
-0.2010817
-0.1962678
-0.1913652
-0.1915282
-0.1962185
-0.1982587
-0.1908939
-0.1759088
-0.1630885
-0.1602799
-0.1646178
-0.1653502
-0.1558151
-0.1410233
-0.1318357
-0.1323665
-0.1353708
-0.1308771
-0.1176106
-0.1038329
-0.0972870
-0.0967969
-0.0953925
-0.0904116
-0.0875958
-0.0938005
-0.1071611
-0.1170767
-0.1148573
-0.1032268
-0.0941336
-0.0975798
-0.1135347
-0.1343142
-0.1529578
-0.1680584
-0.1814507
-0.1935686
-0.2024967
-0.2068831
-0.2080057
-0.2080715
-0.2072551
-0.2037651
-0.1971036
-0.1901243
-0.1866227
-0.1868971
-0.1869011
-0.1828281
-0.1760707
-0.1718342
-0.1716310
-0.1685208
-0.1530306
-0.1252762
-0.0983904
-0.0854224
-0.0823662
-0.0694669
-0.0347111
0.0057030
0.0187243
-0.0067962
-0.0338479
0.0033921
0.1489861
0.3931464
0.6877765
0.9842876
1.2460183
1.4266195
1.4576701
1.2843478
0.9261676
0.4950801
0.1360608
-0.0650813
-0.1248235
-0.1223116
-0.1234162
-0.1408644
-0.1541505
-0.1508437
-0.1416069
-0.1427564
-0.1564424
-0.1718186
-0.1798995
-0.1814171
-0.1814491
-0.1819314
-0.1817252
-0.1809058
-0.1812633
-0.1827871
-0.1825939
-0.1786841
-0.1730175
-0.1687164
-0.1645965
-0.1548758
-0.1358039
-0.1115785
-0.0916339
-0.0812547
-0.0757420
-0.0649862
-0.0440035
-0.0184141
0.0009363
0.0087533
0.0105326
0.0171179
0.0343193
0.0580238
0.0790672
0.0920234
0.0988286
0.1046283
0.1116134
0.1177612
0.1209428
0.1226645
0.1265676
0.1332468
0.1375070
0.1318002
0.1129662
0.0856993
0.0592024
0.0399521
0.0270374
0.0141193
-0.0038663
-0.0254609
-0.0439616
-0.0542218
-0.0582443
-0.0635809
-0.0759199
-0.0937178
-0.1106621
-0.1228967
-0.1324311
-0.1428234
-0.1527834
-0.1561507
-0.1489046
-0.1347931
-0.1223072
-0.1161224
-0.1129386
-0.1062537
-0.0939083
-0.0797198
-0.0686042
-0.0620260
-0.0582910
-0.0549681
-0.0493346
-0.0380074
-0.0193241
0.0031096
0.0218365
0.0329286
0.0408602
0.0531145
0.0699904
0.0837192
0.0902724
0.0983535
0.1198376
0.1499804
0.1647912
0.1476696
0.1204686
0.1410974
0.2623440
0.4901124
0.7811161
1.0758922
1.3257548
1.4878774
1.5107206
1.3492881
1.0102980
0.5788257
0.1842888
-0.0757495
-0.1884618
-0.2110274
-0.2099354
-0.2143462
-0.2178491
-0.2094527
-0.1932140
-0.1810901
-0.1770855
-0.1743844
-0.1653977
-0.1495645
-0.1311015
-0.1133318
-0.0976898
-0.0857311
-0.0780000
-0.0703023
-0.0543001
-0.0248171
0.0134332
0.0482234
0.0700139
0.0796419
0.0857969
0.0956398
0.1086139
0.1189490
0.1227440
0.1216521
0.1201478
0.1204246
0.1205807
0.1173911
0.1101241
0.1012824
0.0936845
0.0871412
0.0784684
0.0652060
0.0493811
0.0370988
0.0336183
0.0382128
0.0437971
0.0421340
0.0303587
0.0133075
-0.0002587
-0.0043561
0.0000048
0.0062785
0.0081082
0.0045326
0.0002620
0.0006360
0.0057146
0.0093525
0.0048243
-0.0081796
-0.0225910
-0.0306450
-0.0313842
-0.0306594
-0.0333451
-0.0365424
-0.0319504
-0.0153299
0.0074826
0.0251734
0.0315356
0.0306475
0.0313688
0.0377585
0.0459510
0.0499902
0.0490950
0.0482832
0.0526826
0.0625272
0.0736493
0.0814032
0.0831673
0.0780126
0.0659593
0.0484380
0.0283960
0.0084165
-0.0114019
-0.0325946
-0.0548316
-0.0742557
-0.0866962
-0.0926518
-0.0978843
-0.1080706
-0.1231166
-0.1376103
-0.1470803
-0.1531324
-0.1618503
-0.1773711
-0.1975515
-0.2158474
-0.2268087
-0.2296179
-0.2272563
-0.2234545
-0.2205198
-0.2187874
-0.2167337
-0.2114337
-0.1999571
-0.1814505
-0.1581681
-0.1341116
-0.1122921
-0.0931684
-0.0755003
-0.0581927
-0.0409838
-0.0238233
-0.0066442
0.0097335
0.0232037
0.0321307
0.0378587
0.0445595
0.0555495
0.0697950
0.0828332
0.0912736
0.0955105
0.0974812
0.0968305
0.0909924
0.0792052
0.0647413
0.0520241
0.0427828
0.0368175
0.0353433
0.0395591
0.0441308
0.0365222
0.0104102
-0.0169555
-0.0050768
0.0850062
0.2626118
0.5034211
0.7699200
1.0278045
1.2378423
1.3408394
1.2722497
1.0114199
0.6208775
0.2259799
-0.0599126
-0.2017921
-0.2432990
-0.2485397
-0.2471879
-0.2310686
-0.1900117
-0.1375189
-0.0992191
-0.0849337
-0.0807931
-0.0687228
-0.0473244
-0.0300200
-0.0260100
-0.0286084
-0.0235294
-0.0051972
0.0180526
0.0338217
0.0377916
