-0.2198356
-0.2601460
-0.1776909
-0.1445736
-0.1883816
-0.2091126
-0.1752994
-0.1510628
-0.1585883
-0.1500811
-0.1130579
-0.0936401
-0.1087538
-0.1194479
-0.0925570
-0.0173321
0.1338258
0.3907516
0.7283128
1.0745067
1.3673035
1.5579586
1.5813774
1.3903465
1.0239783
0.5987185
0.2278645
-0.0289215
-0.1616975
-0.2003286
-0.1996469
-0.1984790
-0.1946501
-0.1757897
-0.1543627
-0.1493836
-0.1551241
-0.1546832
-0.1479470
-0.1435736
-0.1399694
-0.1344219
-0.1347404
-0.1441224
-0.1505213
-0.1459764
-0.1403100
-0.1433363
-0.1501935
-0.1544083
-0.1579853
-0.1598432
-0.1521857
-0.1363893
-0.1256288
-0.1256180
-0.1287687
-0.1305214
-0.1340753
-0.1368421
-0.1305815
-0.1176924
-0.1103218
-0.1111632
-0.1104638
-0.1025308
-0.0908166
-0.0778636
-0.0641125
-0.0541394
-0.0506666
-0.0461125
-0.0329863
-0.0177017
-0.0112037
-0.0113199
-0.0068537
0.0064047
0.0250242
0.0466783
0.0686964
0.0846711
0.0926866
0.1005663
0.1147941
0.1315820
0.1456400
0.1588400
0.1735952
0.1872596
0.1995409
0.2157597
0.2366763
0.2545623
0.2647006
0.2715927
0.2795964
0.2868103
0.2915511
0.2952445
0.2960041
0.2886950
0.2736449
0.2566392
0.2393604
0.2183761
0.1931971
0.1663927
0.1368999
0.1025585
0.0678140
0.0395680
0.0169439
-0.0060029
-0.0293595
-0.0474499
-0.0575991
-0.0615622
-0.0615119
-0.0613446
-0.0674441
-0.0808505
-0.0929955
-0.0959807
-0.0927360
-0.0912756
-0.0941435
-0.0990086
-0.1038897
-0.1062804
-0.1028016
-0.0948648
-0.0893965
-0.0899831
-0.0928156
-0.0941579
-0.0952824
-0.0974278
-0.0988399
-0.0993746
-0.1012660
-0.1034048
-0.1018820
-0.0979149
-0.0981938
-0.1055561
-0.1154391
-0.1224503
-0.1248494
-0.1231098
-0.1202341
-0.1223373
-0.1321791
-0.1430709
-0.1455682
-0.1391566
-0.1318243
-0.1301511
-0.1351778
-0.1449346
-0.1549060
-0.1588888
-0.1555699
-0.1519409
-0.1550351
-0.1628821
-0.1679667
-0.1664371
-0.1600978
-0.1531103
-0.1501901
-0.1537678
-0.1597390
-0.1606834
-0.1560826
-0.1540110
-0.1597111
-0.1679732
-0.1701154
-0.1636306
-0.1521594
-0.1405470
-0.1321714
-0.1268267
-0.1197402
-0.1067322
-0.0906292
-0.0779572
-0.0695732
-0.0596675
-0.0436127
-0.0218871
0.0022942
0.0231769
0.0315480
0.0207390
-0.0053760
-0.0348679
-0.0583050
-0.0737990
-0.0839552
-0.0925884
-0.1030573
-0.1158364
-0.1289540
-0.1429778
-0.1618920
-0.1857509
-0.2066429
-0.2164924
-0.2161202
-0.2132534
-0.2145535
-0.2219166
-0.2323063
-0.2382766
-0.2331377
-0.2191519
-0.2069527
-0.2038470
-0.2061538
-0.2056278
-0.1998886
-0.1936685
-0.1920100
-0.1939826
-0.1920801
-0.1788222
-0.1559908
-0.1344621
-0.1212072
-0.1109155
-0.0973132
-0.0879904
-0.0949430
-0.1066141
-0.0784258
0.0406350
0.2709562
0.5896188
0.9467050
1.2866389
1.5529382
1.6819552
1.6134257
1.3310295
0.9003223
0.4521678
0.1084223
-0.0866805
-0.1683012
-0.1963495
-0.2060951
-0.2027906
-0.1852664
-0.1627742
-0.1493940
-0.1486372
-0.1502616
-0.1448965
-0.1375444
-0.1405583
-0.1550041
-0.1668296
-0.1633842
-0.1476355
-0.1332189
-0.1299431
-0.1366797
-0.1447680
-0.1459861
-0.1396694
-0.1332783
-0.1339664
-0.1397904
-0.1419312
-0.1350392
-0.1224323
-0.1117906
-0.1085483
-0.1123041
-0.1167564
-0.1147062
-0.1061628
-0.0994781
-0.1009836
-0.1056848
-0.1024613
-0.0872846
-0.0674950
-0.0535594
-0.0492553
-0.0491825
-0.0440770
-0.0297453
-0.0117820
0.0005194
0.0053742
0.0104580
0.0230351
0.0423277
0.0632154
0.0829497
0.1013268
0.1177514
0.1315208
0.1433390
0.1546401
0.1667500
0.1811561
0.1984573
0.2168186
0.2336577
0.2485754
0.2623384
0.2741624
0.2832242
0.2916056
0.3016119
0.3106041
0.3125431
0.3049963
0.2915478
0.2771974
0.2638106
0.2495844
0.2306648
0.2040848
0.1712313
0.1374119
0.1064140
0.0773175
0.0483705
0.0214745
0.0003392
-0.0138204
-0.0226592
-0.0289413
-0.0362259
-0.0475724
-0.0619620
-0.0739302
-0.0790487
-0.0785902
-0.0776843
-0.0804315
-0.0871656
-0.0941665
-0.0957784
-0.0896957
-0.0807793
-0.0769039
-0.0804952
-0.0867530
-0.0903390
-0.0908193
-0.0911571
-0.0937000
-0.0981817
-0.1015251
-0.0999001
-0.0933932
-0.0880591
-0.0904730
-0.1002695
-0.1102805
-0.1138447
-0.1104753
-0.1054309
-0.1053364
-0.1125309
-0.1217106
-0.1240051
-0.1167316
-0.1074625
-0.1061203
-0.1145468
-0.1259199
-0.1328024
-0.1336397
-0.1326956
-0.1354212
-0.1428551
-0.1496821
-0.1493950
-0.1419677
-0.1343677
-0.1329334
-0.1375069
-0.1434116
-0.1464280
-0.1452492
-0.1420403
-0.1415658
-0.1469349
-0.1548639
-0.1574034
-0.1498617
-0.1360077
-0.1250242
-0.1237759
-0.1306504
-0.1353503
-0.1267618
-0.1042933
-0.0805970
-0.0697785
-0.0726712
-0.0756847
-0.0638023
-0.0334897
0.0051029
0.0355871
0.0459922
0.0357337
0.0136597
-0.0107799
-0.0336664
-0.0545282
-0.0716927
-0.0822837
-0.0855252
-0.0844184
-0.0850439
-0.0943015
-0.1154960
-0.1444345
-0.1717065
-0.1903487
-0.2003579
-0.2058891
-0.2104884
-0.2153103
-0.2188895
-0.2174264
-0.2079292
-0.1927713
-0.1794575
-0.1744094
-0.1775781
-0.1832341
-0.1850178
-0.1806002
-0.1727795
-0.1658065
-0.1600400
-0.1515823
-0.1378770
-0.1209232
-0.1032310
-0.0845731
-0.0670563
-0.0596922
-0.0688142
-0.0797021
-0.0516887
0.0617033
0.2822525
0.5916475
0.9414386
1.2742440
1.5343866
1.6650821
1.6138869
1.3627271
0.9615128
0.5225591
0.1645084
-0.0518658
-0.1424622
-0.1643786
-0.1654402
-0.1614450
-0.1489548
-0.1285739
-0.1116031
-0.1077458
-0.1140099
-0.1199673
-0.1208903
-0.1209231
-0.1245410
-0.1301602
-0.1332907
-0.1321648
-0.1283774
-0.1242961
-0.1215059
-0.1205254
-0.1208569
-0.1216007
-0.1220837
-0.1218039
-0.1207647
-0.1202780
-0.1217082
-0.1234138
-0.1210113
-0.1125233
-0.1016908
-0.0942419
-0.0920157
-0.0922698
-0.0913590
-0.0874300
-0.0808615
-0.0739456
-0.0692989
-0.0669983
-0.0636959
-0.0554949
-0.0414559
-0.0243692
-0.0089519
0.0013559
0.0076954
0.0156032
0.0292961
0.0462137
0.0598223
0.0682627
0.0775740
0.0950287
0.1207916
0.1471721
0.1654389
0.1735173
0.1780425
0.1883698
0.2072109
0.2276927
0.2409751
0.2459416
0.2497371
0.2595456
0.2757167
0.2925194
0.3038602
0.3082332
0.3090130
0.3096202
0.3082094
0.2986145
0.2774426
0.2487098
0.2201971
0.1963123
0.1753170
0.1521159
0.1229524
0.0891017
0.0570704
0.0334992
0.0184815
0.0051455
-0.0129203
-0.0346650
-0.0527084
-0.0606728
-0.0591189
-0.0551608
-0.0562571
-0.0633548
-0.0703407
-0.0713037
-0.0676633
-0.0664935
-0.0722817
-0.0821199
-0.0888047
-0.0872535
-0.0785534
-0.0695141
-0.0676209
-0.0742440
-0.0828054
-0.0853389
-0.0809111
-0.0762346
-0.0780407
-0.0859902
-0.0930985
-0.0925391
-0.0843755
-0.0758773
-0.0744137
-0.0799496
-0.0858754
-0.0872817
-0.0862851
-0.0884067
-0.0958363
-0.1056328
-0.1128285
-0.1138521
-0.1084888
-0.1004480
-0.0954369
-0.0970600
-0.1040775
-0.1116288
-0.1151167
-0.1139041
-0.1123373
-0.1161240
-0.1257261
-0.1338443
-0.1319174
-0.1197018
-0.1067501
-0.1036497
-0.1124379
-0.1253813
-0.1322267
-0.1292163
-0.1223110
-0.1212510
-0.1294019
-0.1400076
-0.1434154
-0.1370009
-0.1265369
-0.1186386
-0.1137172
-0.1063985
-0.0918224
-0.0714843
-0.0530303
-0.0432751
-0.0406629
-0.0354743
-0.0184428
0.0107068
0.0423323
0.0628036
0.0622939
0.0406752
0.0083065
-0.0204250
-0.0370335
-0.0436919
-0.0488542
-0.0590782
-0.0746382
-0.0911510
-0.1045218
-0.1150330
-0.1269285
-0.1434842
-0.1628302
-0.1794974
-0.1895691
-0.1932657
-0.1932856
-0.1923057
-0.1917733
-0.1913647
-0.1893007
-0.1841910
-0.1766697
-0.1687675
-0.1622536
-0.1580413
-0.1559499
-0.1539889
-0.1492473
-0.1411473
-0.1327286
-0.1264693
-0.1190903
-0.1032573
-0.0766880
-0.0493227
-0.0382283
-0.0500147
-0.0644082
-0.0369364
0.0759547
0.2889840
0.5813620
0.9121118
1.2347448
1.4959945
1.6316607
1.5831439
1.3347920
0.9415128
0.5145895
0.1668136
-0.0445528
-0.1340623
-0.1560929
-0.1580277
-0.1575591
-0.1519622
-0.1376165
-0.1186739
-0.1031760
-0.0964622
-0.0986068
-0.1059260
-0.1138687
-0.1191192
-0.1205547
-0.1197560
-0.1204169
-0.1251912
-0.1319202
-0.1343202
-0.1280313
-0.1156328
-0.1047556
-0.1015179
-0.1059729
-0.1127949
-0.1156612
-0.1121152
-0.1054220
-0.1013753
-0.1026360
-0.1063307
-0.1070640
-0.1016366
-0.0912771
-0.0807028
-0.0749363
-0.0751917
-0.0770867
-0.0741610
-0.0641416
-0.0512333
-0.0417815
-0.0379812
-0.0357527
-0.0283226
-0.0123229
0.0087783
0.0275045
0.0392991
0.0463412
0.0541603
0.0656491
0.0795081
0.0933299
0.1061716
0.1183612
0.1307254
0.1446102
0.1614963
0.1816217
0.2029004
0.2215137
0.2344392
0.2424590
0.2503254
0.2622397
0.2766627
0.2871579
0.2893647
0.2860496
0.2842470
0.2880555
0.2947845
0.2972418
0.2891385
0.2693245
0.2421072
0.2135657
0.1870289
0.1616277
0.1344779
0.1038818
0.0714164
0.0420366
0.0212289
0.0100960
0.0031263
-0.0074912
-0.0244781
-0.0428540
-0.0548419
-0.0571354
-0.0539294
-0.0535965
-0.0617561
-0.0762076
-0.0884237
-0.0908157
-0.0830997
-0.0720434
-0.0657907
-0.0682202
-0.0769710
-0.0856156
-0.0887169
-0.0863445
-0.0836584
-0.0853161
-0.0904298
-0.0935443
-0.0904791
-0.0830387
-0.0781033
-0.0815908
-0.0923481
-0.1022356
-0.1036692
-0.0974962
-0.0923314
-0.0955992
-0.1060281
-0.1152756
-0.1160975
-0.1086436
-0.0996977
-0.0964201
-0.1004212
-0.1073598
-0.1119438
-0.1127997
-0.1125426
-0.1144088
-0.1196934
-0.1271915
-0.1334145
-0.1340113
-0.1272680
-0.1170114
-0.1107545
-0.1136031
-0.1236203
-0.1333325
-0.1362725
-0.1327518
-0.1292633
-0.1315363
-0.1382065
-0.1423224
-0.1392053
-0.1314709
-0.1256983
-0.1253860
-0.1280715
-0.1282818
-0.1221311
-0.1098003
-0.0950811
-0.0826851
-0.0748618
-0.0695143
-0.0612251
-0.0448135
-0.0195665
0.0088337
0.0312548
0.0414418
0.0396847
0.0299335
0.0144700
-0.0067616
-0.0319801
-0.0553515
-0.0706894
-0.0769861
-0.0794705
-0.0851922
-0.0976643
-0.1154223
-0.1350634
-0.1547168
-0.1739018
-0.1909046
-0.2024812
-0.2070684
-0.2068253
-0.2051195
-0.2029494
-0.1994564
-0.1953845
-0.1937520
-0.1959782
-0.1985362
-0.1955687
-0.1858663
-0.1760207
-0.1739981
-0.1786547
-0.1783700
-0.1633486
-0.1381286
-0.1173526
-0.1080200
-0.1010488
-0.0854060
-0.0677578
-0.0687022
-0.0926194
-0.1034898
-0.0393425
0.1421489
0.4306155
0.7738403
1.1143973
1.4070698
1.6031630
1.6382957
1.4618134
1.0909226
0.6292954
0.2169042
-0.0518668
-0.1714120
-0.1988321
-0.1942071
-0.1845609
-0.1713704
-0.1546111
-0.1409164
-0.1345375
-0.1318074
-0.1282153
-0.1256276
-0.1280839
-0.1333097
-0.1337370
-0.1263855
-0.1177939
-0.1168187
-0.1242048
-0.1317788
-0.1320446
-0.1266525
-0.1240012
-0.1291952
-0.1381917
-0.1423509
-0.1372252
-0.1256984
-0.1138100
-0.1056642
-0.1021964
-0.1024064
-0.1042364
-0.1051288
-0.1033026
-0.0990143
-0.0942615
-0.0907947
-0.0880829
-0.0834245
-0.0747789
-0.0636266
-0.0540234
-0.0481045
-0.0433590
-0.0355076
-0.0237096
-0.0116219
-0.0029732
0.0031008
0.0116636
0.0269226
0.0477166
0.0682162
0.0833110
0.0932535
0.1028681
0.1165954
0.1347756
0.1541699
0.1709809
0.1835939
0.1939073
0.2064535
0.2247559
0.2473019
0.2677445
0.2803529
0.2853809
0.2883055
0.2935167
0.2993580
0.3001210
0.2929262
0.2815544
0.2721971
0.2655607
0.2548802
0.2328687
0.1997318
0.1630518
0.1302717
0.1026337
0.0762861
0.0477363
0.0176056
-0.0098599
-0.0299473
-0.0406249
-0.0439051
-0.0448592
-0.0487736
-0.0578880
-0.0699358
-0.0802478
-0.0862290
-0.0897273
-0.0941865
-0.0996952
-0.1023201
-0.0989767
-0.0917731
-0.0862871
-0.0859084
-0.0889638
-0.0915645
-0.0924242
-0.0940484
-0.0989979
-0.1055676
-0.1082977
-0.1035556
-0.0942192
-0.0877694
-0.0892829
-0.0966059
-0.1026670
-0.1024793
-0.0979395
-0.0958062
-0.1006522
-0.1096601
-0.1149420
-0.1115829
-0.1030520
-0.0979710
-0.1015940
-0.1109828
-0.1185028
-0.1195379
-0.1166642
-0.1165659
-0.1229749
-0.1325751
-0.1379618
-0.1347858
-0.1259568
-0.1188758
-0.1187258
-0.1243274
-0.1300495
-0.1315553
-0.1298605
-0.1297111
-0.1337790
-0.1389645
-0.1394469
-0.1334867
-0.1259757
-0.1231863
-0.1253224
-0.1253910
-0.1161409
-0.0980113
-0.0796001
-0.0695374
-0.0675748
-0.0640275
-0.0485273
-0.0196473
0.0135031
0.0381454
0.0461318
0.0373487
0.0175986
-0.0058310
-0.0276650
-0.0456211
-0.0592390
-0.0685075
-0.0740674
-0.0785526
-0.0867204
-0.1028390
-0.1268571
-0.1531668
-0.1743293
-0.1871660
-0.1950149
-0.2031082
-0.2119276
-0.2164540
-0.2124298
-0.2020741
-0.1924284
-0.1886227
-0.1899067
-0.1919516
-0.1915093
-0.1883218
-0.1838683
-0.1797420
-0.1768351
-0.1743405
-0.1690623
-0.1575557
-0.1405902
-0.1240045
-0.1121905
-0.1013533
-0.0842323
-0.0641514
-0.0584418
-0.0772878
-0.0949538
-0.0493621
0.1176983
0.4129405
0.7828242
1.1501979
1.4544898
1.6552586
1.7098813
1.5727140
1.2358787
0.7710058
0.3138979
-0.0113058
-0.1649839
-0.1972986
-0.1881839
-0.1842742
-0.1857902
-0.1775065
-0.1586242
-0.1424862
-0.1381162
-0.1413397
-0.1433916
-0.1417025
-0.1392744
-0.1372932
-0.1333296
-0.1267578
-0.1218850
-0.1232971
-0.1296382
-0.1344125
-0.1330439
-0.1276423
-0.1242221
-0.1260756
-0.1305767
-0.1320154
-0.1267553
-0.1158143
-0.1035956
-0.0948287
-0.0919109
-0.0936307
-0.0959582
-0.0950886
-0.0907554
-0.0863625
-0.0850774
-0.0857481
-0.0833750
-0.0740444
-0.0591636
-0.0444655
-0.0347751
-0.0298291
-0.0251663
-0.0168639
-0.0051445
0.0066471
0.0162430
0.0252479
0.0377475
0.0562975
0.0792234
0.1017066
0.1196810
0.1330957
0.1455545
0.1606028
0.1782266
0.1950147
0.2077238
0.2166068
0.2253845
0.2381660
0.2561277
0.2764187
0.2938235
0.3040261
0.3064839
0.3049022
0.3044466
0.3072218
0.3096838
0.3049414
0.2886592
0.2631263
0.2351357
0.2096142
0.1856819
0.1591056
0.1278763
0.0945462
0.0634094
0.0366045
0.0134886
-0.0071901
-0.0258649
-0.0427766
-0.0584107
-0.0720911
-0.0809183
-0.0821429
-0.0775570
-0.0742530
-0.0789696
-0.0910853
-0.1023876
-0.1049865
-0.0993638
-0.0938253
-0.0959048
-0.1049679
-0.1134742
-0.1146262
-0.1079239
-0.0979323
-0.0895733
-0.0855642
-0.0868185
-0.0925925
-0.0994607
-0.1022878
-0.0987461
-0.0929176
-0.0922880
-0.0997010
-0.1091238
-0.1110730
-0.1025376
-0.0904343
-0.0846590
-0.0885304
