-0.1375639
-0.1341897
-0.1301827
-0.1301326
-0.1350021
-0.1406802
-0.1411982
-0.1344301
-0.1247837
-0.1194707
-0.1214810
-0.1265349
-0.1276661
-0.1228705
-0.1175058
-0.1185373
-0.1266310
-0.1345621
-0.1336426
-0.1214442
-0.1031827
-0.0861671
-0.0735670
-0.0633716
-0.0522861
-0.0396107
-0.0272916
-0.0169708
-0.0076845
0.0034372
0.0182999
0.0353787
0.0495271
0.0541622
0.0446371
0.0211402
-0.0104434
-0.0406103
-0.0607768
-0.0680713
-0.0672628
-0.0678540
-0.0776365
-0.0972582
-0.1203077
-0.1390478
-0.1507024
-0.1585221
-0.1670262
-0.1767248
-0.1838716
-0.1850681
-0.1812869
-0.1769404
-0.1754429
-0.1763182
-0.1764433
-0.1731812
-0.1660055
-0.1561932
-0.1462736
-0.1394367
-0.1375374
-0.1384787
-0.1367039
-0.1282585
-0.1153950
-0.1040703
-0.0958094
-0.0844115
-0.0643019
-0.0419175
-0.0330471
-0.0421568
-0.0430349
0.0148264
0.1736784
0.4368315
0.7669840
1.1095497
1.4120825
1.6227153
1.6840707
1.5503194
1.2258865
0.7882300
0.3607884
0.0478519
-0.1175059
-0.1720657
-0.1769326
-0.1728590
-0.1695877
-0.1630347
-0.1522691
-0.1408966
-0.1308060
-0.1213128
-0.1136895
-0.1119695
-0.1174638
-0.1249781
-0.1273456
-0.1235288
-0.1200285
-0.1233132
-0.1320938
-0.1383925
-0.1358346
-0.1257206
-0.1149757
-0.1093791
-0.1094113
-0.1117292
-0.1132777
-0.1136864
-0.1145122
-0.1169060
-0.1200006
-0.1212452
-0.1183494
-0.1112893
-0.1026419
-0.0957540
-0.0921612
-0.0904594
-0.0875282
-0.0809046
-0.0704201
-0.0583044
-0.0480257
-0.0422165
-0.0403070
-0.0376866
-0.0283423
-0.0100359
0.0125151
0.0304837
0.0383176
0.0390182
0.0418529
0.0541159
0.0745926
0.0950510
0.1083513
0.1152421
0.1232967
0.1393550
0.1631214
0.1879307
0.2072956
0.2204747
0.2319649
0.2461481
0.2627888
0.2776784
0.2873739
0.2931422
0.3003381
0.3138503
0.3335549
0.3534532
0.3652901
0.3642003
0.3521702
0.3362146
0.3222240
0.3095712
0.2915353
0.2615530
0.2197423
0.1736926
0.1328102
0.1014415
0.0768189
0.0530010
0.0264776
-0.0015848
-0.0273776
-0.0477751
-0.0620576
-0.0717122
-0.0793318
-0.0871210
-0.0953555
-0.1019876
-0.1044400
-0.1024904
-0.0993278
-0.0991495
-0.1033266
-0.1091566
-0.1127880
-0.1132943
-0.1133906
-0.1160217
-0.1207893
-0.1242334
-0.1234334
-0.1189008
-0.1140907
-0.1125854
-0.1156182
-0.1214229
-0.1263773
-0.1273303
-0.1240044
-0.1196726
-0.1188391
-0.1231469
-0.1291555
-0.1308008
-0.1249882
-0.1150487
-0.1082832
-0.1096717
-0.1177841
-0.1265580
-0.1307445
-0.1298771
-0.1278155
-0.1289501
-0.1342960
-0.1403603
-0.1417662
-0.1359156
-0.1258677
-0.1183776
-0.1181297
-0.1233297
-0.1273935
-0.1257513
-0.1210256
-0.1206925
-0.1290670
-0.1419894
-0.1500985
-0.1473574
-0.1360724
-0.1239931
-0.1174952
-0.1176657
-0.1215434
-0.1254905
-0.1273005
-0.1266552
-0.1250651
-0.1252147
-0.1288830
-0.1345233
-0.1375411
-0.1343087
-0.1262435
-0.1190557
-0.1173214
-0.1201403
-0.1225057
-0.1203570
-0.1134799
-0.1038374
-0.0925182
-0.0792501
-0.0642543
-0.0490869
-0.0348609
-0.0201866
-0.0020337
0.0207051
0.0445873
0.0626997
0.0683578
0.0583565
0.0343064
0.0025087
-0.0275685
-0.0468949
-0.0517070
-0.0463265
-0.0411266
-0.0463399
-0.0657958
-0.0949309
-0.1244462
-0.1468978
-0.1612016
-0.1715854
-0.1821882
-0.1924237
-0.1976010
-0.1942471
-0.1846632
-0.1756058
-0.1720661
-0.1728170
-0.1727717
-0.1692664
-0.1646331
-0.1622975
-0.1620462
-0.1607628
-0.1569335
-0.1519501
-0.1463895
-0.1376380
-0.1238337
-0.1089003
-0.0993767
-0.0944908
-0.0836297
-0.0596603
-0.0342275
-0.0308388
-0.0536999
-0.0638062
0.0050131
0.1981417
0.5057655
0.8736711
1.2394463
1.5487655
1.7406986
1.7414046
1.5027120
1.0615559
0.5518510
0.1354895
-0.0970259
-0.1683822
-0.1661409
-0.1596342
-0.1614753
-0.1539225
-0.1321535
-0.1133216
-0.1123052
-0.1230551
-0.1286263
-0.1231524
-0.1169634
-0.1210306
-0.1325683
-0.1390126
-0.1331844
-0.1205407
-0.1118146
-0.1118792
-0.1171226
-0.1213595
-0.1217882
-0.1197109
-0.1178452
-0.1179783
-0.1200593
-0.1220798
-0.1208198
-0.1139958
-0.1028247
-0.0923738
-0.0881857
-0.0914399
-0.0973466
-0.0989928
-0.0933485
-0.0836445
-0.0758647
-0.0728899
-0.0718966
-0.0672639
-0.0560204
-0.0405913
-0.0263477
-0.0166505
-0.0103945
-0.0039741
0.0051367
0.0168341
0.0293575
0.0409165
0.0508531
0.0603927
0.0724527
0.0895969
0.1111358
0.1324919
0.1486386
0.1590122
0.1686503
0.1834070
0.2036665
0.2236234
0.2376282
0.2467987
0.2581873
0.2771788
0.3015913
0.3237639
0.3378377
0.3444154
0.3486242
0.3545775
0.3617704
0.3659339
0.3626353
0.3503840
0.3313387
0.3096058
0.2881421
0.2660596
0.2388166
0.2023602
0.1581650
0.1136605
0.0764110
0.0475316
0.0214789
-0.0073665
-0.0383424
-0.0649396
-0.0811837
-0.0872471
-0.0890298
-0.0928307
-0.1006473
-0.1100533
-0.1175603
-0.1216487
-0.1233614
-0.1251089
-0.1288476
-0.1342650
-0.1381864
-0.1366356
-0.1286445
-0.1181944
-0.1117135
-0.1129282
-0.1197024
-0.1257949
-0.1261189
-0.1210119
-0.1157094
-0.1153246
-0.1198698
-0.1240530
-0.1221666
-0.1135955
-0.1038982
-0.1003132
-0.1054348
-0.1147253
-0.1205214
-0.1191242
-0.1141183
-0.1125480
-0.1178643
-0.1266821
-0.1321169
-0.1300157
-0.1223728
-0.1154270
-0.1145052
-0.1199491
-0.1272365
-0.1308791
-0.1287927
-0.1238563
-0.1217229
-0.1264001
-0.1365936
-0.1458522
-0.1472115
-0.1390062
-0.1267022
-0.1188201
-0.1204007
-0.1294655
-0.1390402
-0.1428127
-0.1399096
-0.1349973
-0.1336239
-0.1369561
-0.1408228
-0.1399438
-0.1332564
-0.1253191
-0.1224585
-0.1270182
-0.1349276
-0.1391779
-0.1363407
-0.1298751
-0.1267319
-0.1304605
-0.1375231
-0.1401567
-0.1328628
-0.1166862
-0.0978567
-0.0824088
-0.0718060
-0.0633076
-0.0538052
-0.0424361
-0.0295565
-0.0146408
0.0031887
0.0222424
0.0367572
0.0394184
0.0263709
0.0005962
-0.0292986
-0.0541216
-0.0691615
-0.0758342
-0.0796394
-0.0865833
-0.1000354
-0.1191013
-0.1395040
-0.1569800
-0.1705710
-0.1823766
-0.1938860
-0.2031873
-0.2066042
-0.2031587
-0.1967950
-0.1934885
-0.1958151
-0.2005256
-0.2017760
-0.1966396
-0.1871708
-0.1776257
-0.1709056
-0.1677636
-0.1674899
-0.1676253
-0.1640686
-0.1541660
-0.1403202
-0.1281438
-0.1190183
-0.1062696
-0.0829702
-0.0549121
-0.0408722
-0.0519259
-0.0669405
-0.0334063
0.0988485
0.3396311
0.6525006
0.9832638
1.2873442
1.5263434
1.6481517
1.5919085
1.3315821
0.9194396
0.4770361
0.1284201
-0.0706398
-0.1476846
-0.1675453
-0.1755036
-0.1791921
-0.1704092
-0.1503742
-0.1315398
-0.1233884
-0.1245638
-0.1286416
-0.1323523
-0.1359530
-0.1388354
-0.1389276
-0.1365518
-0.1355495
-0.1383957
-0.1417627
-0.1397951
-0.1319125
-0.1246967
-0.1244325
-0.1293652
-0.1316377
-0.1267204
-0.1188620
-0.1161380
-0.1209932
-0.1269962
-0.1252524
-0.1134376
-0.0979352
-0.0872701
-0.0842824
-0.0850648
-0.0844894
-0.0812672
-0.0775255
-0.0748642
-0.0719722
-0.0659837
-0.0556172
-0.0428097
-0.0312087
-0.0229002
-0.0166685
-0.0096125
-0.0002217
0.0104858
0.0205991
0.0295011
0.0384387
0.0494218
0.0636909
0.0809132
0.0995338
0.1177183
0.1339621
0.1473976
0.1584790
0.1694370
0.1828748
0.1990927
0.2155326
0.2299083
0.2434770
0.2598573
0.2801914
0.3004700
0.3148130
0.3215602
0.3252143
0.3312942
0.3393078
0.3422052
0.3339311
0.3167760
0.2995220
0.2879282
0.2782394
0.2607940
0.2293841
0.1866788
0.1414448
0.1015553
0.0693163
0.0420265
0.0158373
-0.0108661
-0.0366353
-0.0582636
-0.0730870
-0.0813316
-0.0867962
-0.0941636
-0.1045346
-0.1141323
-0.1185777
-0.1183012
-0.1185591
-0.1236971
-0.1321229
-0.1376164
-0.1356475
-0.1282217
-0.1223005
-0.1232125
-0.1296272
-0.1352656
-0.1354828
-0.1317739
-0.1298852
-0.1340373
-0.1429270
-0.1505974
-0.1511046
-0.1434282
-0.1327698
-0.1267544
-0.1294348
-0.1383651
-0.1472038
-0.1511987
-0.1507646
-0.1503976
-0.1538918
-0.1599782
-0.1628951
-0.1582092
-0.1482612
-0.1409651
-0.1425023
-0.1513047
-0.1595765
-0.1608832
-0.1563334
-0.1532332
-0.1573780
-0.1667438
-0.1733643
-0.1715638
-0.1635863
-0.1567687
-0.1561119
-0.1604551
-0.1651206
-0.1668375
-0.1659415
-0.1649454
-0.1658334
-0.1685279
-0.1711965
-0.1714630
-0.1676211
-0.1599463
-0.1517422
-0.1481069
-0.1516219
-0.1587908
-0.1624262
-0.1589762
-0.1528980
-0.1523843
-0.1603613
-0.1703107
-0.1717238
-0.1602302
-0.1425083
-0.1307716
-0.1318194
-0.1413328
-0.1487781
-0.1473911
-0.1394025
-0.1327815
-0.1338907
-0.1423384
-0.1511944
-0.1521929
-0.1424993
-0.1276140
-0.1171813
-0.1168646
-0.1236963
-0.1292145
-0.1272338
-0.1187320
-0.1092041
-0.1015328
-0.0925666
-0.0777428
-0.0582173
-0.0410314
-0.0311657
-0.0249718
-0.0133546
0.0084787
0.0351560
0.0546914
0.0572590
0.0412521
0.0127894
-0.0189622
-0.0459313
-0.0628317
-0.0681269
-0.0654010
-0.0627958
-0.0683914
-0.0844991
-0.1064898
-0.1273505
-0.1432368
-0.1551035
-0.1659536
-0.1767772
-0.1847711
-0.1856344
-0.1781118
-0.1661177
-0.1558176
-0.1506938
-0.1497901
-0.1501505
-0.1498214
-0.1483722
-0.1456729
-0.1413607
-0.1357043
-0.1300603
-0.1251029
-0.1184229
-0.1058494
-0.0870884
-0.0686381
-0.0574651
-0.0513436
-0.0400657
-0.0199676
-0.0036913
-0.0067900
-0.0194918
0.0044939
0.1220318
0.3566113
0.6783821
1.0266733
1.3469436
1.5998843
1.7396762
1.7046800
1.4545456
1.0265566
0.5452483
0.1575125
-0.0570102
-0.1213559
-0.1165258
-0.1069983
-0.1058798
-0.0977961
-0.0780844
-0.0620021
-0.0629340
-0.0747870
-0.0811489
-0.0761576
-0.0695072
-0.0717507
-0.0806390
-0.0846597
-0.0771913
-0.0637160
-0.0550941
-0.0560510
-0.0616697
-0.0642467
-0.0614631
-0.0570142
-0.0549612
-0.0557092
-0.0571843
-0.0574536
-0.0551701
-0.0493064
-0.0404129
-0.0317244
-0.0273207
-0.0282942
-0.0309533
-0.0295705
-0.0217955
-0.0115419
-0.0055091
-0.0059663
-0.0076935
-0.0032271
0.0092563
0.0243552
0.0352491
0.0397298
0.0407869
0.0431267
0.0499156
0.0616364
0.0764547
0.0912572
0.1031572
0.1114688
0.1192120
0.1318726
0.1526427
0.1782020
0.2007354
0.2153959
0.2250403
0.2366250
0.2536289
0.2731193
0.2898900
0.3023662
0.3141266
0.3298614
0.3499619
0.3694927
0.3830778
0.3904758
0.3963614
0.4046487
0.4140640
0.4194137
0.4161888
0.4038026
0.3855558
0.3660853
0.3480379
0.3302995
0.3092186
0.2815282
0.2464879
0.2064877
0.1664376
0.1315098
0.1037726
0.0809074
0.0591499
0.0375545
0.0189198
0.0069553
0.0030639
0.0051088
0.0083512
0.0082639
0.0038351
-0.0017542
-0.0045486
-0.0041881
-0.0046239
-0.0103157
-0.0213549
-0.0319843
-0.0347087
-0.0273475
-0.0161161
-0.0103672
-0.0138737
-0.0222620
-0.0288817
-0.0314035
-0.0321799
-0.0342682
-0.0389004
-0.0458791
-0.0542814
-0.0620071
-0.0655881
-0.0621408
-0.0529146
-0.0446188
-0.0449486
-0.0549824
-0.0669821
-0.0717981
-0.0685189
-0.0653578
-0.0707753
-0.0846576
-0.0982562
-0.1020837
-0.0942170
-0.0819424
-0.0754234
-0.0791644
-0.0893194
-0.0987205
-0.1033859
-0.1042618
-0.1047028
-0.1075628
-0.1133638
-0.1195642
-0.1221267
-0.1192625
-0.1137326
-0.1107335
-0.1133349
-0.1199001
-0.1255387
-0.1262919
-0.1228004
-0.1199645
-0.1222617
-0.1294165
-0.1371423
-0.1413111
-0.1402858
-0.1344932
-0.1263847
-0.1207495
-0.1220367
-0.1296573
-0.1373938
-0.1392418
-0.1357042
-0.1333882
-0.1380244
-0.1479602
-0.1550279
-0.1526157
-0.1427802
-0.1342508
-0.1333872
-0.1387401
-0.1447005
-0.1478096
-0.1478511
-0.1453504
-0.1413639
-0.1389961
-0.1417200
-0.1489161
-0.1546501
-0.1524635
-0.1417324
-0.1290462
-0.1226507
-0.1248626
-0.1302811
-0.1320524
-0.1288570
-0.1241287
-0.1194265
-0.1116176
-0.0973482
-0.0779295
-0.0583019
-0.0422699
-0.0295934
-0.0168340
-0.0005705
0.0191403
0.0376205
0.0480018
0.0449773
0.0269543
-0.0030412
-0.0367645
-0.0629142
-0.0737090
-0.0709503
-0.0648254
-0.0662121
-0.0797416
-0.1024612
-0.1272744
-0.1481429
-0.1637191
-0.1765357
-0.1887318
-0.1994074
-0.2062260
-0.2079021
-0.2043075
-0.1959770
-0.1851462
-0.1761763
-0.1731363
-0.1766795
-0.1833421
-0.1874860
-0.1848285
-0.1760755
-0.1669556
-0.1623354
-0.1599329
-0.1523045
-0.1358815
-0.1155214
-0.0984996
-0.0860930
-0.0738564
-0.0600198
-0.0505418
-0.0515860
-0.0535669
-0.0233129
0.0821799
0.2875713
0.5807468
0.9182621
1.2422855
1.4896864
1.5956486
1.5105611
1.2324138
0.8276787
0.4115875
0.0914413
-0.0877267
-0.1532803
-0.1656303
-0.1674507
-0.1656884
-0.1521570
-0.1292577
-0.1114118
-0.1083539
-0.1155303
-0.1215565
-0.1207654
-0.1168388
-0.1163100
-0.1207037
-0.1257011
-0.1272924
-0.1265523
-0.1267416
-0.1275619
-0.1255119
-0.1194964
-0.1127870
-0.1089042
-0.1081614
-0.1087818
-0.1090819
-0.1080225
-0.1056061
-0.1031130
-0.1013293
-0.0986655
-0.0927182
-0.0834626
-0.0734836
-0.0656871
-0.0619381
-0.0623563
-0.0640055
-0.0618888
-0.0538286
-0.0435136
-0.0365962
-0.0344365
-0.0330974
-0.0273464
-0.0145306
0.0036113
0.0213894
0.0332093
0.0389150
0.0438685
0.0529654
0.0664261
0.0818484
0.0974691
0.1122794
0.1258826
0.1399625
0.1576665
0.1800424
0.2045950
0.2277645
0.2471034
0.2616406
0.2730517
0.2861377
0.3045995
0.3258357
0.3428941
0.3521350
0.3567708
0.3630665
0.3751130
0.3921694
0.4083010
0.4156409
0.4109393
0.3981437
0.3823841
0.3632676
0.3367872
0.3017399
0.2611558
0.2192988
0.1802241
0.1471581
0.1199482
0.0945378
0.0675108
0.0398561
0.0150218
-0.0042595
-0.0163515
-0.0218074
-0.0256909
-0.0345405
-0.0485436
-0.0602328
-0.0630523
-0.0580889
-0.0512759
-0.0478813
-0.0506834
-0.0589156
-0.0673114
-0.0701016
-0.0673048
-0.0640239
-0.0638500
-0.0667103
-0.0718631
-0.0778847
-0.0807829
-0.0778239
-0.0727377
-0.0720047
-0.0768356
-0.0834521
-0.0893091
-0.0939161
-0.0960718
-0.0960756
-0.0982456
-0.1055175
-0.1139563
-0.1177544
-0.1166716
-0.1139989
-0.1114415
-0.1107686
-0.1152732
-0.1241865
-0.1309130
-0.1319355
-0.1318767
-0.1353688
-0.1406986
-0.1456086
-0.1512022
-0.1556317
-0.1531177
-0.1443996
-0.1389734
-0.1421042
-0.1488349
-0.1542436
-0.1588563
-0.1613585
-0.1587882
-0.1564319
-0.1629756
-0.1734751
-0.1734993
-0.1624492
-0.1545379
-0.1547896
-0.1549628
-0.1548463
-0.1628197
-0.1727609
-0.1693768
-0.1606391
-0.1701025
-0.1878094
-0.1692126
-0.1024911
