-0.1583900
-0.1703629
-0.1480304
-0.1324000
-0.1299832
-0.1124046
-0.0767112
-0.0587109
-0.0803584
-0.1131964
-0.0978891
0.0180455
0.2540546
0.5821339
0.9382857
1.2638043
1.5277421
1.6945531
1.6924666
1.4571314
1.0166587
0.5090080
0.0981326
-0.1289768
-0.1950290
-0.1855828
-0.1745657
-0.1809171
-0.1835812
-0.1684113
-0.1495390
-0.1455325
-0.1530628
-0.1567637
-0.1538025
-0.1538861
-0.1606498
-0.1664280
-0.1639770
-0.1543159
-0.1438980
-0.1395618
-0.1439545
-0.1518515
-0.1540811
-0.1479186
-0.1398167
-0.1363938
-0.1379695
-0.1420481
-0.1464424
-0.1471036
-0.1399625
-0.1277668
-0.1189736
-0.1172173
-0.1172352
-0.1131540
-0.1055519
-0.0986327
-0.0952384
-0.0959011
-0.0983736
-0.0972960
-0.0883638
-0.0732375
-0.0573146
-0.0439611
-0.0343346
-0.0299945
-0.0300881
-0.0277139
-0.0153467
0.0057451
0.0257752
0.0365572
0.0390625
0.0420145
0.0548353
0.0795707
0.1074397
0.1260844
0.1326925
0.1371186
0.1499242
0.1709916
0.1925936
0.2096414
0.2229857
0.2354578
0.2487911
0.2634701
0.2791222
0.2953576
0.3122824
0.3284300
0.3390736
0.3402630
0.3345401
0.3285211
0.3239814
0.3151665
0.2961921
0.2679338
0.2363824
0.2066331
0.1791660
0.1500294
0.1147869
0.0743388
0.0361371
0.0072623
-0.0128900
-0.0307630
-0.0507728
-0.0717845
-0.0898746
-0.1015297
-0.1051998
-0.1028414
-0.0996669
-0.1001968
-0.1048038
-0.1110366
-0.1167135
-0.1205497
-0.1221047
-0.1230653
-0.1264905
-0.1326276
-0.1371725
-0.1357985
-0.1293408
-0.1230933
-0.1218896
-0.1263619
-0.1325974
-0.1353329
-0.1333374
-0.1314863
-0.1351287
-0.1426726
-0.1469056
-0.1440147
-0.1379891
-0.1350418
-0.1366536
-0.1398058
-0.1419405
-0.1436031
-0.1466305
-0.1508214
-0.1532629
-0.1521975
-0.1512634
-0.1566812
-0.1682411
-0.1761650
-0.1709630
-0.1554681
-0.1433623
-0.1452026
-0.1579951
-0.1688869
-0.1678976
-0.1572612
-0.1491797
-0.1537975
-0.1687052
-0.1811589
-0.1809237
-0.1694514
-0.1563619
-0.1495796
-0.1501502
-0.1541146
-0.1569637
-0.1571371
-0.1567954
-0.1589488
-0.1635464
-0.1672645
-0.1670736
-0.1627495
-0.1562456
-0.1504883
-0.1485962
-0.1518767
-0.1578884
-0.1621639
-0.1625147
-0.1606812
-0.1598610
-0.1616683
-0.1648982
-0.1658527
-0.1607179
-0.1495764
-0.1376068
-0.1302719
-0.1272343
-0.1225003
-0.1107000
-0.0924529
-0.0739987
-0.0621030
-0.0580527
-0.0553469
-0.0442837
-0.0205633
0.0102118
0.0362383
0.0468017
0.0371532
0.0102153
-0.0240918
-0.0533634
-0.0701746
-0.0764508
-0.0804094
-0.0893588
-0.1048468
-0.1230831
-0.1393766
-0.1529594
-0.1674873
-0.1858588
-0.2051204
-0.2184097
-0.2221003
-0.2193798
-0.2165371
-0.2171802
-0.2201539
-0.2213580
-0.2170163
-0.2065632
-0.1933598
-0.1823078
-0.1762930
-0.1743392
-0.1722242
-0.1651946
-0.1521900
-0.1380320
-0.1288203
-0.1235158
-0.1132490
-0.0929540
-0.0718304
-0.0652201
-0.0708362
-0.0538348
0.0391623
0.2444723
0.5534481
0.9147227
1.2598419
1.5252498
1.6561180
1.6074451
1.3637723
0.9681574
0.5236327
0.1483286
-0.0867076
-0.1862971
-0.2060711
-0.2015758
-0.1965171
-0.1887112
-0.1742659
-0.1594223
-0.1519680
-0.1502088
-0.1462977
-0.1380899
-0.1323063
-0.1353585
-0.1449178
-0.1525971
-0.1531089
-0.1488926
-0.1462738
-0.1483657
-0.1521230
-0.1521235
-0.1466245
-0.1391009
-0.1340312
-0.1325270
-0.1324607
-0.1313369
-0.1280696
-0.1231972
-0.1185942
-0.1161790
-0.1158446
-0.1152123
-0.1121077
-0.1066191
-0.1002633
-0.0941294
-0.0885342
-0.0834926
-0.0784813
-0.0722300
-0.0637045
-0.0534793
-0.0439195
-0.0375342
-0.0340950
-0.0289957
-0.0161567
0.0054815
0.0290488
0.0455776
0.0530370
0.0579340
0.0676838
0.0830911
0.0991143
0.1116780
0.1223833
0.1366367
0.1578584
0.1839282
0.2093287
0.2302069
0.2466606
0.2607518
0.2740801
0.2875215
0.3012119
0.3135107
0.3216519
0.3253118
0.3286924
0.3370900
0.3511222
0.3651929
0.3717006
0.3664730
0.3507486
0.3288046
0.3037226
0.2750799
0.2405506
0.1994515
0.1545429
0.1109887
0.0739994
0.0461872
0.0253594
0.0052427
-0.0193984
-0.0473075
-0.0712715
-0.0848526
-0.0884492
-0.0888798
-0.0934983
-0.1042050
-0.1160922
-0.1219398
-0.1189974
-0.1117026
-0.1074729
-0.1099941
-0.1167656
-0.1224016
-0.1236074
-0.1216204
-0.1208188
-0.1246495
-0.1319949
-0.1375140
-0.1361191
-0.1273770
-0.1158631
-0.1077653
-0.1067237
-0.1114876
-0.1170452
-0.1191073
-0.1182493
-0.1190066
-0.1244597
-0.1325046
-0.1379560
-0.1375631
-0.1324469
-0.1264145
-0.1227311
-0.1222513
-0.1239000
-0.1264020
-0.1291634
-0.1316933
-0.1333517
-0.1344958
-0.1369249
-0.1417550
-0.1471262
-0.1493898
-0.1468187
-0.1413881
-0.1369069
-0.1360154
-0.1386955
-0.1427587
-0.1457941
-0.1474074
-0.1496270
-0.1545498
-0.1615116
-0.1669198
-0.1669918
-0.1609039
-0.1518843
-0.1452711
-0.1445599
-0.1486709
-0.1533292
-0.1552253
-0.1544150
-0.1530301
-0.1529471
-0.1549119
-0.1583378
-0.1608066
-0.1587668
-0.1504909
-0.1388924
-0.1306092
-0.1308227
-0.1374985
-0.1406551
-0.1295474
-0.1032038
-0.0738010
-0.0570010
-0.0569769
-0.0613268
-0.0520117
-0.0220909
0.0176291
0.0475895
0.0548689
0.0408872
0.0161915
-0.0099325
-0.0339223
-0.0546782
-0.0702973
-0.0799763
-0.0868406
-0.0958670
-0.1090510
-0.1244340
-0.1398568
-0.1556686
-0.1727794
-0.1893783
-0.2013847
-0.2065092
-0.2068275
-0.2063458
-0.2064689
-0.2053966
-0.2021814
-0.1989842
-0.1972068
-0.1932143
-0.1819281
-0.1652532
-0.1527921
-0.1509228
-0.1533797
-0.1472823
-0.1289739
-0.1092387
-0.0992779
-0.0948203
-0.0815858
-0.0584097
-0.0458238
-0.0591753
-0.0713160
-0.0139151
0.1710699
0.4791447
0.8464075
1.2012809
1.5012514
1.7144058
1.7825054
1.6338904
1.2542837
0.7410733
0.2662963
-0.0341404
-0.1447584
-0.1516075
-0.1484589
-0.1651480
-0.1765360
-0.1592594
-0.1249777
-0.1031218
-0.1067928
-0.1235666
-0.1342694
-0.1322603
-0.1237960
-0.1163007
-0.1116079
-0.1090479
-0.1095941
-0.1141739
-0.1200818
-0.1223008
-0.1187147
-0.1124438
-0.1086065
-0.1095350
-0.1130282
-0.1143307
-0.1099865
-0.1010319
-0.0927544
-0.0902633
-0.0935108
-0.0969620
-0.0946421
-0.0856859
-0.0751897
-0.0697890
-0.0718981
-0.0774873
-0.0792924
-0.0725979
-0.0584800
-0.0421966
-0.0290383
-0.0211823
-0.0169736
-0.0124243
-0.0042613
0.0073748
0.0192276
0.0283852
0.0354328
0.0439902
0.0572758
0.0751709
0.0943832
0.1114327
0.1257380
0.1397438
0.1558521
0.1736471
0.1906686
0.2053875
0.2183487
0.2305653
0.2422435
0.2537926
0.2670756
0.2842098
0.3046371
0.3238866
0.3362711
0.3398352
0.3387960
0.3401090
0.3466267
0.3537121
0.3531497
0.3404724
0.3184399
0.2938627
0.2713874
0.2498205
0.2238266
0.1894248
0.1484283
0.1075593
0.0729715
0.0456220
0.0218037
-0.0024157
-0.0274252
-0.0498413
-0.0652634
-0.0716769
-0.0711811
-0.0689424
-0.0701954
-0.0772675
-0.0882037
-0.0978287
-0.1013745
-0.0987308
-0.0951958
-0.0967095
-0.1037253
-0.1105122
-0.1110507
-0.1051553
-0.0983832
-0.0963678
-0.0997870
-0.1046494
-0.1067309
-0.1052264
-0.1024129
-0.1008949
-0.1020316
-0.1062317
-0.1127890
-0.1187503
-0.1197162
-0.1138162
-0.1048157
-0.0997308
-0.1025418
-0.1105915
-0.1174770
-0.1193031
-0.1179753
-0.1185048
-0.1233005
-0.1294012
-0.1315406
-0.1276902
-0.1211100
-0.1170474
-0.1180058
-0.1222587
-0.1262282
-0.1278484
-0.1279687
-0.1289550
-0.1320336
-0.1360562
-0.1388381
-0.1392541
-0.1376679
-0.1349258
-0.1319337
-0.1301293
-0.1311770
-0.1354269
-0.1409930
-0.1449399
-0.1456232
-0.1439875
-0.1426221
-0.1433076
-0.1452306
-0.1457259
-0.1429945
-0.1380413
-0.1338992
-0.1330978
-0.1357017
-0.1392474
-0.1405913
-0.1386743
-0.1359153
-0.1361237
-0.1402461
-0.1445895
-0.1441379
-0.1376212
-0.1285822
-0.1211535
-0.1152723
-0.1067098
-0.0920481
-0.0732281
-0.0564351
-0.0461573
-0.0407478
-0.0341277
-0.0213024
-0.0019100
0.0202085
0.0388287
0.0468183
0.0386910
0.0146724
-0.0172834
-0.0452819
-0.0613906
-0.0669448
-0.0701643
-0.0782665
-0.0918273
-0.1066276
-0.1198449
-0.1328772
-0.1480753
-0.1646465
-0.1792773
-0.1898173
-0.1964279
-0.1992523
-0.1973021
-0.1911631
-0.1853810
-0.1852323
-0.1899301
-0.1909988
-0.1804188
-0.1608570
-0.1449722
-0.1420643
-0.1468185
-0.1447178
-0.1288141
-0.1072683
-0.0920333
-0.0838242
-0.0739961
-0.0606906
-0.0544596
-0.0592695
-0.0485213
0.0305469
0.2193881
0.5128448
0.8619373
1.2072055
1.5005174
1.6938078
1.7244296
1.5395066
1.1519762
0.6679210
0.2396164
-0.0267647
-0.1285582
-0.1406780
-0.1388638
-0.1473298
-0.1494883
-0.1319772
-0.1074069
-0.0979250
-0.1084995
-0.1231925
-0.1246260
-0.1114479
-0.0964802
-0.0919974
-0.0990885
-0.1092717
-0.1135136
-0.1095140
-0.1022886
-0.0990999
-0.1032239
-0.1111824
-0.1155375
-0.1112326
-0.1001798
-0.0897016
-0.0860114
-0.0890207
-0.0933672
-0.0939184
-0.0899164
-0.0845527
-0.0816727
-0.0827807
-0.0859348
-0.0868038
-0.0814779
-0.0693793
-0.0539375
-0.0403001
-0.0319283
-0.0286950
-0.0275853
-0.0250410
-0.0190077
-0.0093677
0.0029326
0.0167885
0.0312546
0.0456295
0.0594635
0.0722416
0.0832300
0.0923979
0.1016833
0.1143196
0.1317963
0.1515894
0.1688736
0.1811131
0.1908776
0.2037752
0.2232988
0.2474860
0.2705784
0.2880062
0.2998490
0.3097635
0.3211056
0.3342133
0.3466790
0.3555084
0.3594625
0.3603448
0.3619348
0.3663230
0.3704625
0.3671509
0.3508719
0.3231457
0.2913915
0.2617189
0.2330408
0.1993028
0.1579625
0.1151696
0.0809262
0.0589651
0.0429239
0.0235246
-0.0014104
-0.0253766
-0.0410255
-0.0478102
-0.0513750
-0.0569506
-0.0649793
-0.0728005
-0.0784904
-0.0816863
-0.0818478
-0.0783415
-0.0731964
-0.0717333
-0.0778385
-0.0886108
-0.0960565
-0.0955319
-0.0912942
-0.0917966
-0.0995222
-0.1072543
-0.1056919
-0.0942676
-0.0830017
-0.0828602
-0.0946742
-0.1083222
-0.1128163
-0.1065862
-0.0979322
-0.0964992
-0.1049109
-0.1175812
-0.1259576
-0.1248983
-0.1158764
-0.1057260
-0.1020101
-0.1077485
-0.1190470
-0.1278668
-0.1285031
-0.1226495
-0.1180490
-0.1211355
-0.1304634
-0.1378471
-0.1364725
-0.1277022
-0.1196282
-0.1192114
-0.1261603
-0.1341704
-0.1375086
-0.1362202
-0.1352593
-0.1388519
-0.1457464
-0.1499480
-0.1462801
-0.1356475
-0.1251207
-0.1224132
-0.1291997
-0.1392328
-0.1436400
-0.1391754
-0.1315360
-0.1299460
-0.1379899
-0.1498116
-0.1554075
-0.1496689
-0.1366638
-0.1258161
-0.1240735
-0.1309182
-0.1397588
-0.1436991
-0.1407054
-0.1345106
-0.1311234
-0.1336397
-0.1390240
-0.1395814
-0.1287447
-0.1068745
-0.0818289
-0.0632794
-0.0554778
-0.0544445
-0.0513772
-0.0391528
-0.0172384
0.0079660
0.0273091
0.0346513
0.0300473
0.0180951
0.0033053
-0.0130041
-0.0314624
-0.0509618
-0.0674135
-0.0773276
-0.0826557
-0.0907805
-0.1083340
-0.1347518
-0.1623274
-0.1826275
-0.1926639
-0.1954380
-0.1958498
-0.1967679
-0.1982605
-0.1992211
-0.1990238
-0.1978576
-0.1960362
-0.1932997
-0.1887748
-0.1815612
-0.1715188
-0.1597380
-0.1482595
-0.1389793
-0.1322422
-0.1259507
-0.1161275
-0.0997902
-0.0794360
-0.0647674
-0.0657390
-0.0775972
-0.0703775
0.0020433
0.1739133
0.4421576
0.7663344
1.0923464
1.3738605
1.5710791
1.6381620
1.5299726
1.2377888
0.8222868
0.4007288
0.0848329
-0.0824544
-0.1371965
-0.1471832
-0.1553424
-0.1631465
-0.1564987
-0.1358782
-0.1184283
-0.1173635
-0.1276379
-0.1338108
-0.1279219
-0.1160798
-0.1089668
-0.1100283
-0.1143766
-0.1164456
-0.1155420
-0.1141930
-0.1139458
-0.1144962
-0.1157338
-0.1183722
-0.1218431
-0.1228863
-0.1180023
-0.1078275
-0.0980741
-0.0948060
-0.0984555
-0.1032192
-0.1029793
-0.0975504
-0.0923844
-0.0919574
-0.0941429
-0.0920433
-0.0816393
-0.0668660
-0.0560490
-0.0531204
-0.0533252
-0.0485243
-0.0363710
-0.0230238
-0.0162568
-0.0165917
-0.0161708
-0.0065247
0.0130324
0.0349446
0.0509542
0.0596905
0.0669332
0.0791204
0.0972520
0.1169930
0.1338649
0.1477180
0.1623982
0.1816806
0.2056550
0.2306402
0.2522715
0.2688326
0.2820618
0.2950555
0.3092859
0.3232778
0.3340681
0.3403548
0.3445680
0.3513955
0.3632686
0.3769059
0.3849965
0.3821801
0.3694417
0.3520822
0.3332675
0.3103456
0.2784065
0.2374249
0.1947556
0.1593633
0.1334091
0.1103327
0.0818605
0.0466399
0.0114795
-0.0156754
-0.0332488
-0.0464662
-0.0611225
-0.0776574
-0.0912846
-0.0972966
-0.0958681
-0.0919809
-0.0912391
-0.0958052
-0.1036362
-0.1107562
-0.1142264
-0.1138331
-0.1117966
-0.1108637
-0.1120748
-0.1139840
-0.1141883
-0.1119043
-0.1090472
-0.1084702
-0.1109076
-0.1138839
-0.1142350
-0.1119722
-0.1110662
-0.1154447
-0.1239543
-0.1301023
-0.1278878
-0.1182549
-0.1092428
-0.1089546
-0.1179963
-0.1290144
-0.1339665
-0.1317825
-0.1286012
-0.1305960
-0.1372550
-0.1422455
-0.1405413
-0.1338336
-0.1285780
-0.1292729
-0.1343938
-0.1389705
-0.1404317
-0.1411705
-0.1452984
-0.1534555
-0.1613671
-0.1635615
-0.1583576
-0.1494033
-0.1427456
-0.1423124
-0.1474400
-0.1540123
-0.1580343
-0.1587563
-0.1587517
-0.1607722
-0.1642187
-0.1649122
-0.1590707
-0.1480095
-0.1384767
-0.1372003
-0.1443565
-0.1528185
-0.1548280
-0.1497674
-0.1447572
-0.1469133
-0.1550857
-0.1598480
-0.1520416
-0.1313257
-0.1063742
-0.0870855
-0.0768416
-0.0716309
-0.0650923
-0.0533348
-0.0357427
-0.0135664
0.0103334
0.0306238
0.0403664
0.0346621
0.0143118
-0.0140319
-0.0415713
-0.0619613
-0.0737210
-0.0797752
-0.0853668
-0.0955807
-0.1130044
-0.1361582
-0.1598936
-0.1783447
-0.1888987
-0.1940322
-0.1989607
-0.2066491
-0.2147028
-0.2176255
-0.2128448
-0.2043259
-0.1991004
-0.1995653
-0.2001853
-0.1934052
-0.1788603
-0.1648489
-0.1592432
-0.1600363
-0.1572410
-0.1444287
-0.1258165
-0.1099684
-0.0986057
-0.0860931
-0.0708136
-0.0612707
-0.0631399
-0.0581091
-0.0010852
0.1536740
0.4186973
0.7623909
1.1266115
1.4491256
1.6701462
1.7315386
1.5924519
1.2626144
0.8210321
0.3889199
0.0675043
-0.1109049
-0.1802324
-0.1962717
-0.1951272
-0.1859807
-0.1695738
-0.1526393
-0.1438469
-0.1431849
-0.1419586
-0.1336277
-0.1214540
-0.1141746
-0.1160660
-0.1231842
-0.1286286
-0.1293695
-0.1273845
-0.1258190
-0.1257473
-0.1263911
-0.1268016
-0.1263425
-0.1242181
-0.1198188
-0.1138883
-0.1085659
-0.1054410
-0.1036759
-0.1008987
-0.0964361
-0.0930459
-0.0942287
