-0.1084276
-0.1112962
-0.1189643
-0.1216329
-0.1150402
-0.1049523
-0.1008587
-0.1058944
-0.1140046
-0.1172454
-0.1149281
-0.1144202
-0.1227567
-0.1383333
-0.1517337
-0.1547106
-0.1476848
-0.1381356
-0.1322850
-0.1294380
-0.1249101
-0.1177049
-0.1137251
-0.1201774
-0.1368181
-0.1539302
-0.1603593
-0.1540717
-0.1442393
-0.1421826
-0.1502541
-0.1601666
-0.1622633
-0.1555202
-0.1476755
-0.1461863
-0.1506443
-0.1546184
-0.1535329
-0.1490146
-0.1456853
-0.1455279
-0.1464386
-0.1452392
-0.1406436
-0.1335885
-0.1260910
-0.1197002
-0.1130660
-0.1002992
-0.0747324
-0.0383129
-0.0066920
0.0014052
-0.0136502
-0.0205192
0.0277143
0.1617591
0.3781531
0.6496620
0.9442630
1.2241297
1.4280156
1.4737323
1.3035191
0.9415945
0.5030330
0.1305663
-0.0927084
-0.1797149
-0.1994414
-0.2079965
-0.2164827
-0.2122178
-0.1938938
-0.1784877
-0.1803739
-0.1948699
-0.2061782
-0.2067494
-0.2038325
-0.2081413
-0.2208279
-0.2334423
-0.2380177
-0.2343333
-0.2279520
-0.2238258
-0.2227084
-0.2221602
-0.2194894
-0.2140144
-0.2073515
-0.2012855
-0.1946891
-0.1831052
-0.1629564
-0.1367962
-0.1132025
-0.0999293
-0.0969535
-0.0970936
-0.0937223
-0.0870646
-0.0823912
-0.0829019
-0.0858025
-0.0855101
-0.0793714
-0.0692462
-0.0582471
-0.0475027
-0.0365659
-0.0259870
-0.0184362
-0.0171439
-0.0233510
-0.0349088
-0.0469544
-0.0543873
-0.0548073
-0.0497885
-0.0431776
-0.0378080
-0.0339513
-0.0310384
-0.0300628
-0.0329128
-0.0390213
-0.0441813
-0.0444103
-0.0408085
-0.0387897
-0.0416320
-0.0461122
-0.0461058
-0.0399653
-0.0323927
-0.0285214
-0.0278998
-0.0256727
-0.0183023
-0.0056504
0.0121781
0.0361097
0.0634127
0.0846413
0.0921626
0.0958033
0.1272854
0.2230770
0.3992736
0.6423786
0.9211143
1.1994387
1.4333571
1.5627240
1.5255979
1.2997288
0.9364628
0.5462115
0.2367045
0.0530820
-0.0308588
-0.0700799
-0.1000046
-0.1239599
-0.1345473
-0.1355068
-0.1406415
-0.1579369
-0.1813930
-0.1990895
-0.2059584
-0.2070154
-0.2100136
-0.2173845
-0.2252165
-0.2280690
-0.2238048
-0.2148909
-0.2063625
-0.2021677
-0.2020907
-0.2017838
-0.1966587
-0.1864451
-0.1756118
-0.1687885
-0.1659260
-0.1624081
-0.1539342
-0.1409897
-0.1284521
-0.1209660
-0.1186448
-0.1169944
-0.1109311
-0.0992224
-0.0854716
-0.0747490
-0.0686625
-0.0632678
-0.0522141
-0.0328790
-0.0097603
0.0087580
0.0176280
0.0191989
0.0201405
0.0249791
0.0332753
0.0425872
0.0525663
0.0649141
0.0795799
0.0922933
0.0969018
0.0903476
0.0751494
0.0571313
0.0410723
0.0282508
0.0169729
0.0046370
-0.0098197
-0.0237427
-0.0308917
-0.0259201
-0.0106150
0.0054047
0.0133000
0.0156205
0.0258361
0.0537218
0.0913189
0.1183833
0.1269903
0.1407140
0.2043543
0.3501357
0.5733524
0.8407546
1.1171468
1.3752106
1.5778740
1.6633866
1.5680637
1.2788503
0.8652359
0.4504065
0.1388976
-0.0384535
-0.1190140
-0.1578557
-0.1846668
-0.2010643
-0.2045298
-0.2040126
-0.2124654
-0.2317361
-0.2505862
-0.2574399
-0.2524234
-0.2462414
-0.2489315
-0.2609339
-0.2742944
-0.2809797
-0.2797836
-0.2763762
-0.2775284
-0.2847175
-0.2923811
-0.2925454
-0.2821479
-0.2662226
-0.2533787
-0.2477462
-0.2455773
-0.2398547
-0.2276560
-0.2123590
-0.1988208
-0.1873898
-0.1735376
-0.1533369
-0.1284198
-0.1048230
-0.0872568
-0.0753397
-0.0654253
-0.0549580
-0.0442591
-0.0348409
-0.0273733
-0.0215218
-0.0167038
-0.0121926
-0.0069508
-0.0004452
0.0059733
0.0091794
0.0066734
-0.0010760
-0.0114935
-0.0234863
-0.0392573
-0.0613037
-0.0877340
-0.1119946
-0.1282037
-0.1363034
-0.1411357
-0.1465580
-0.1512825
-0.1509226
-0.1437400
-0.1336657
-0.1272658
-0.1278179
-0.1325707
-0.1356473
-0.1332620
-0.1263192
-0.1188646
-0.1145595
-0.1139852
-0.1143213
-0.1116287
-0.1043573
-0.0951103
-0.0884763
-0.0864501
-0.0859452
-0.0813112
-0.0697703
-0.0544518
-0.0418348
-0.0360290
-0.0356002
-0.0358028
-0.0332553
-0.0281631
-0.0229533
-0.0199170
-0.0195796
-0.0193879
-0.0137466
0.0016629
0.0224802
0.0337968
0.0215081
-0.0087483
-0.0232200
0.0249512
0.1662398
0.3952251
0.6758079
0.9602031
1.1993742
1.3402992
1.3297134
1.1404169
0.8043393
0.4152733
0.0850212
-0.1180636
-0.1986928
-0.2110616
-0.2084398
-0.2111186
-0.2124886
-0.2044704
-0.1917231
-0.1849028
-0.1877668
-0.1946851
-0.1986157
-0.1980790
-0.1962801
-0.1960239
-0.1970356
-0.1973194
-0.1955476
-0.1917979
-0.1868599
-0.1817535
-0.1779274
-0.1769912
-0.1793282
-0.1830500
-0.1852243
-0.1847463
-0.1837401
-0.1855098
-0.1907586
-0.1959062
-0.1956528
-0.1879707
-0.1768637
-0.1695432
-0.1699913
-0.1752240
-0.1783757
-0.1754824
-0.1687896
-0.1634197
-0.1614614
-0.1597772
-0.1533902
-0.1405918
-0.1245685
-0.1101585
-0.0993210
-0.0899605
-0.0788512
-0.0651262
-0.0509839
-0.0398267
-0.0340670
-0.0338400
-0.0367583
-0.0391048
-0.0385351
-0.0365518
-0.0381032
-0.0476773
-0.0647375
-0.0828754
-0.0944908
-0.0974746
-0.0973210
-0.1017967
-0.1131384
-0.1258801
-0.1324727
-0.1305489
-0.1246278
-0.1215526
-0.1248253
-0.1326014
-0.1397651
-0.1414556
-0.1355921
-0.1235284
-0.1088382
-0.0945835
-0.0807359
-0.0646977
-0.0456148
-0.0278330
-0.0177796
-0.0162181
-0.0156685
-0.0081877
0.0051546
0.0161466
0.0217444
0.0304466
0.0518192
0.0810378
0.1013695
0.1084035
0.1301274
0.2147223
0.3919787
0.6467239
0.9316789
1.2019828
1.4292838
1.5824903
1.6097657
1.4601485
1.1341959
0.7098213
0.3069868
0.0165965
-0.1441463
-0.2158972
-0.2468500
-0.2599117
-0.2588109
-0.2495150
-0.2453065
-0.2536378
-0.2672983
-0.2731263
-0.2667145
-0.2551482
-0.2466123
-0.2411934
-0.2331822
-0.2200146
-0.2062348
-0.1985493
-0.1987840
-0.2026554
-0.2043725
-0.2011442
-0.1939426
-0.1859955
-0.1810932
-0.1814323
-0.1852713
-0.1872641
-0.1829060
-0.1732535
-0.1644568
-0.1619935
-0.1654910
-0.1694104
-0.1686189
-0.1630376
-0.1569542
-0.1543780
-0.1556769
-0.1585438
-0.1611154
-0.1634536
-0.1667859
-0.1723670
-0.1804621
-0.1887829
-0.1918489
-0.1839831
-0.1647514
-0.1410555
-0.1222886
-0.1126479
-0.1085423
-0.1038505
-0.0971544
-0.0927782
-0.0944559
-0.0991002
-0.0982373
-0.0857002
-0.0631140
-0.0380975
-0.0185064
-0.0082684
-0.0059201
-0.0047923
0.0037528
0.0232531
0.0468500
0.0618771
0.0635763
0.0655726
0.0957358
0.1806535
0.3331949
0.5511274
0.8184949
1.0985270
1.3249794
1.4148169
1.3110522
1.0282723
0.6574311
0.3169201
0.0861348
-0.0265968
-0.0637029
-0.0735972
-0.0818096
-0.0923684
-0.1031830
-0.1144476
-0.1266109
-0.1380487
-0.1479053
-0.1585960
-0.1727428
-0.1888105
-0.2023955
-0.2116274
-0.2188228
-0.2260437
-0.2311207
-0.2300708
-0.2229671
-0.2154602
-0.2133518
-0.2161291
-0.2170127
-0.2098801
-0.1955824
-0.1809236
-0.1720729
-0.1699281
-0.1712545
-0.1722927
-0.1704429
-0.1641067
-0.1530162
-0.1390025
-0.1252188
-0.1135228
-0.1023202
-0.0873475
-0.0654941
-0.0386496
-0.0134539
0.0039661
0.0136932
0.0221286
0.0359216
0.0557069
0.0759022
0.0906703
0.1000862
0.1102234
0.1266944
0.1481031
0.1665401
0.1747330
0.1719365
0.1626565
0.1511875
0.1387886
0.1251628
0.1106393
0.0969668
0.0878382
0.0886656
0.1026086
0.1238379
0.1364186
0.1261236
0.0990741
0.0887617
0.1394602
0.2774402
0.4960216
0.7654883
1.0495704
1.3049518
1.4696652
1.4720111
1.2735910
0.9135529
0.5041666
0.1685143
-0.0311380
-0.1145407
-0.1430028
-0.1623193
-0.1804103
-0.1868998
-0.1803265
-0.1723639
-0.1731852
-0.1818105
-0.1915453
-0.1992183
-0.2061415
-0.2133247
-0.2200080
-0.2266411
-0.2357725
-0.2480115
-0.2586827
-0.2613314
-0.2554039
-0.2485647
-0.2492333
-0.2571486
-0.2635238
-0.2613348
-0.2536403
-0.2499396
-0.2549407
-0.2628136
-0.2632823
-0.2527800
-0.2388232
-0.2329078
-0.2389386
-0.2491187
-0.2519221
-0.2439923
-0.2334903
-0.2318284
-0.2429006
-0.2601488
-0.2725559
-0.2726591
-0.2600358
-0.2392188
-0.2154103
-0.1917481
-0.1691403
-0.1472241
-0.1254359
-0.1045309
-0.0876760
-0.0785291
-0.0766377
-0.0757126
-0.0689905
-0.0571187
-0.0490401
-0.0532412
-0.0679878
-0.0814026
-0.0824720
-0.0723321
-0.0636740
-0.0676684
-0.0816730
-0.0914529
-0.0860589
-0.0690217
-0.0538403
-0.0498625
-0.0544773
-0.0583671
-0.0553358
-0.0451683
-0.0287485
-0.0047579
0.0260334
0.0556346
0.0745466
0.0873933
0.1211917
0.2122383
0.3807365
0.6171365
0.8902795
1.1620040
1.3893163
1.5182382
1.4919541
1.2829387
0.9262556
0.5177339
0.1672303
-0.0599311
-0.1667377
-0.1993781
-0.2033460
-0.2001681
-0.1940531
-0.1873999
-0.1849955
-0.1882924
-0.1928984
-0.1941207
-0.1928656
-0.1939035
-0.1989097
-0.2036542
-0.2033055
-0.1989256
-0.1963425
-0.1987105
-0.2025762
-0.2024639
-0.1978314
-0.1938463
-0.1956463
-0.2029071
-0.2101304
-0.2118750
-0.2077671
-0.2024177
-0.2001885
-0.2003327
-0.1980371
-0.1902361
-0.1795856
-0.1724347
-0.1733024
-0.1812756
-0.1912275
-0.1985388
-0.2030754
-0.2084648
-0.2171839
-0.2267746
-0.2313640
-0.2264565
-0.2118667
-0.1909319
-0.1679400
-0.1456617
-0.1239005
-0.1003147
-0.0736505
-0.0464539
-0.0239466
-0.0097944
-0.0030437
0.0006269
0.0044137
0.0071655
0.0054635
-0.0004708
-0.0043798
0.0001289
0.0114574
0.0208060
0.0226097
0.0218222
0.0280714
0.0437493
0.0616443
0.0756303
0.0903128
0.1154285
0.1501497
0.1783699
0.1864559
0.1871821
0.2210640
0.3288717
0.5221933
0.7802422
1.0676890
1.3445177
1.5571992
1.6354842
1.5209175
1.2143738
0.7967635
0.3927701
0.1000906
-0.0587747
-0.1261095
-0.1585944
-0.1865906
-0.2115346
-0.2271798
-0.2346500
-0.2405016
-0.2488437
-0.2589011
-0.2676257
-0.2721190
-0.2705647
-0.2632886
-0.2537095
-0.2468824
-0.2452247
-0.2453389
-0.2406778
-0.2286729
-0.2140562
-0.2030974
-0.1950705
-0.1821168
-0.1586494
-0.1292427
-0.1056563
-0.0962772
-0.0989489
-0.1037387
-0.1023738
-0.0952114
-0.0892204
-0.0896265
-0.0947390
-0.0995111
-0.1026126
-0.1080217
-0.1198789
-0.1374979
-0.1560160
-0.1711598
-0.1828944
-0.1944797
-0.2078992
-0.2205382
-0.2273317
-0.2263342
-0.2208966
-0.2157369
-0.2121313
-0.2079808
-0.2015774
-0.1939849
-0.1880754
-0.1860871
-0.1878426
-0.1907761
-0.1919406
-0.1903006
-0.1869521
-0.1834613
-0.1806636
-0.1785938
-0.1763685
-0.1723420
-0.1657371
-0.1580257
-0.1510660
-0.1435220
-0.1307618
-0.1094781
-0.0819769
-0.0552484
-0.0356048
-0.0237844
-0.0150631
-0.0048586
0.0054586
0.0096404
0.0045100
-0.0045653
-0.0083403
-0.0037526
0.0024119
0.0004861
-0.0122633
-0.0292357
-0.0416836
-0.0479688
-0.0548945
-0.0690886
-0.0881345
-0.1025966
-0.1069761
-0.1059643
-0.1085776
-0.1185480
-0.1326880
-0.1466376
-0.1583411
-0.1655820
-0.1643130
-0.1538508
-0.1436059
-0.1488054
-0.1719874
-0.1864114
-0.1432901
-0.0031240
0.2363465
0.5407292
0.8601950
1.1423907
1.3281685
1.3541521
1.1835155
0.8467717
0.4474229
0.1113908
-0.0861198
-0.1554059
-0.1608692
-0.1579402
-0.1588082
-0.1498608
-0.1275772
-0.1086114
-0.1092452
-0.1255743
-0.1385856
-0.1354839
-0.1220906
-0.1145307
-0.1214532
-0.1361431
-0.1453174
-0.1431219
-0.1350006
-0.1298235
-0.1315842
-0.1387748
-0.1482699
-0.1577442
-0.1661496
-0.1740692
-0.1833227
-0.1951944
-0.2091293
-0.2232430
-0.2356241
-0.2454780
-0.2538543
-0.2626466
-0.2714977
-0.2761441
-0.2715269
-0.2567111
-0.2358103
-0.2145999
-0.1973351
-0.1857125
-0.1784857
-0.1718395
-0.1619111
-0.1477552
-0.1314022
-0.1151334
-0.0990445
-0.0807789
-0.0576430
-0.0303904
-0.0053199
0.0094447
0.0113456
0.0059168
0.0006697
-0.0024818
-0.0075619
-0.0183654
-0.0332223
-0.0456014
-0.0498451
-0.0473418
-0.0466664
-0.0553073
-0.0704732
-0.0801221
-0.0744751
-0.0553041
-0.0327920
-0.0143537
0.0019533
0.0229433
0.0506057
0.0797335
0.1089982
0.1549937
0.2499458
0.4189616
0.6580836
0.9359874
1.2140486
1.4582891
1.6315414
1.6849870
1.5737679
1.2933389
0.9035061
0.5096833
0.2073676
0.0324290
-0.0427614
-0.0703829
-0.0864791
-0.1014321
-0.1152081
-0.1301653
-0.1494139
-0.1706779
-0.1871326
-0.1943143
-0.1948451
-0.1958043
-0.2015307
-0.2098832
-0.2161981
-0.2192902
-0.2213558
-0.2232474
-0.2234567
-0.2221048
-0.2225874
-0.2277965
-0.2367343
-0.2459332
-0.2527325
-0.2566217
-0.2587785
-0.2606518
-0.2620956
-0.2614407
-0.2585135
-0.2561818
-0.2567277
-0.2576964
-0.2539357
-0.2435589
-0.2299999
-0.2184640
-0.2117003
-0.2083751
-0.2040859
-0.1949053
-0.1813147
-0.1676821
-0.1569220
-0.1471202
-0.1341416
-0.1153836
-0.0900228
-0.0585789
-0.0245270
0.0058318
0.0276887
0.0410141
0.0481980
0.0497307
0.0435878
0.0282081
0.0057397
-0.0169843
-0.0319719
-0.0371844
-0.0396442
-0.0485603
-0.0654122
-0.0834154
-0.0961282
-0.1031498
-0.1075365
-0.1115417
-0.1159056
-0.1202671
-0.1228320
-0.1213872
-0.1156021
-0.1078056
-0.1019751
-0.1021055
-0.1091526
-0.1181456
-0.1212478
-0.1163676
-0.1104138
-0.1111691
-0.1179461
-0.1229662
-0.1198537
-0.1079907
-0.0907530
-0.0728995
-0.0584091
-0.0476293
-0.0365561
-0.0207588
-0.0007921
0.0153968
0.0153661
-0.0075459
-0.0395791
-0.0421838
0.0295236
0.1972782
0.4466217
0.7383352
1.0240859
1.2496061
1.3553207
1.2926399
1.0538515
0.6919728
0.3070714
-0.0014670
-0.1862144
-0.2656867
-0.2910436
-0.3009367
-0.3058499
-0.3033288
-0.2944525
-0.2845208
-0.2768867
-0.2712676
-0.2660547
-0.2606992
-0.2564754
-0.2542277
-0.2514645
-0.2449782
-0.2371524
-0.2347569
-0.2390524
-0.2422170
-0.2372878
-0.2272735
-0.2204651
-0.2203163
-0.2233886
-0.2240371
-0.2184865
-0.2076987
-0.1982175
-0.1965559
-0.2014512
-0.2056140
-0.2054936
-0.2043728
-0.2056825
-0.2089952
-0.2128811
-0.2157139
-0.2135741
-0.2038682
-0.1913980
-0.1844981
-0.1847760
-0.1864288
-0.1852513
-0.1823346
-0.1794588
-0.1764143
-0.1719200
-0.1626934
-0.1442671
-0.1171006
-0.0876149
-0.0588918
-0.0272287
0.0062783
0.0300483
0.0378174
0.0421442
0.0593697
0.0852519
0.0985103
0.0904648
0.0856727
0.1326656
0.2727177
0.5090550
0.8029367
1.1040363
1.3787578
1.5944606
1.6853579
1.5723626
1.2410513
0.7867108
0.3623455
0.0798976
-0.0439992
-0.0696537
-0.0753791
-0.1010332
-0.1336561
-0.1472360
-0.1467977
-0.1567703
-0.1788052
-0.1940893
-0.2030419
-0.2235684
-0.2481873
-0.2475499
-0.2256199
-0.2222747
-0.2424839
-0.2342718
-0.1685531
