0.1377878
0.1423125
0.1526664
0.1694433
0.1861276
0.1958868
0.1986588
0.2005828
0.2067946
0.2160331
0.2227299
0.2232471
0.2187315
0.2120347
0.2033832
0.1901827
0.1705823
0.1459993
0.1198100
0.0944228
0.0703653
0.0477294
0.0272603
0.0094778
-0.0065767
-0.0226872
-0.0393296
-0.0548087
-0.0671081
-0.0764770
-0.0855551
-0.0964993
-0.1081131
-0.1162808
-0.1176376
-0.1129980
-0.1071570
-0.1050954
-0.1079690
-0.1124657
-0.1140819
-0.1113451
-0.1071377
-0.1058999
-0.1092951
-0.1144128
-0.1163038
-0.1126154
-0.1060165
-0.1019734
-0.1037518
-0.1093522
-0.1135006
-0.1129266
-0.1096667
-0.1088822
-0.1133042
-0.1201115
-0.1236465
-0.1211569
-0.1154398
-0.1116470
-0.1119773
-0.1142125
-0.1154248
-0.1161011
-0.1196073
-0.1276462
-0.1371476
-0.1422584
-0.1392765
-0.1294972
-0.1177597
-0.1089085
-0.1054295
-0.1071624
-0.1119928
-0.1168053
-0.1189625
-0.1179568
-0.1155886
-0.1137189
-0.1113926
-0.1045653
-0.0893751
-0.0660934
-0.0399147
-0.0177119
-0.0034804
0.0040214
0.0100068
0.0200065
0.0364136
0.0573776
0.0783533
0.0946465
0.1028835
0.1009742
0.0880267
0.0654157
0.0378819
0.0121639
-0.0072220
-0.0216373
-0.0372788
-0.0596061
-0.0883317
-0.1177231
-0.1414710
-0.1571065
-0.1664216
-0.1728529
-0.1788229
-0.1846058
-0.1886704
-0.1892835
-0.1867083
-0.1839576
-0.1844017
-0.1879849
-0.1904788
-0.1874076
-0.1783422
-0.1662388
-0.1530174
-0.1380723
-0.1220277
-0.1090185
-0.1014916
-0.0938583
-0.0774747
-0.0555192
-0.0472947
-0.0667804
-0.0920311
-0.0628338
0.0792928
0.3425672
0.6771043
1.0151426
1.3129982
1.5485506
1.6856114
1.6622399
1.4343900
1.0357934
0.5845100
0.2165801
0.0030765
-0.0766446
-0.0912834
-0.0950797
-0.1025916
-0.1068446
-0.1050057
-0.1027250
-0.1029271
-0.1010663
-0.0934307
-0.0850576
-0.0854148
-0.0971958
-0.1121759
-0.1188297
-0.1129643
-0.1006221
-0.0915920
-0.0906245
-0.0941943
-0.0948378
-0.0885096
-0.0781130
-0.0701515
-0.0682324
-0.0702717
-0.0719859
-0.0720058
-0.0722230
-0.0731943
-0.0710904
-0.0610905
-0.0437258
-0.0261118
-0.0157472
-0.0137141
-0.0148771
-0.0140159
-0.0101277
-0.0047689
0.0015385
0.0093792
0.0178394
0.0243519
0.0282587
0.0331663
0.0438014
0.0602326
0.0766066
0.0868203
0.0911742
0.0963694
0.1086102
0.1272856
0.1457654
0.1579264
0.1635589
0.1680490
0.1776961
0.1951413
0.2180393
0.2411215
0.2597716
0.2727295
0.2823232
0.2922412
0.3044583
0.3175490
0.3277413
0.3319988
0.3305872
0.3268202
0.3241562
0.3232195
0.3212338
0.3141160
0.2993730
0.2775910
0.2515619
0.2239976
0.1959496
0.1673154
0.1386426
0.1121288
0.0906738
0.0758404
0.0664912
0.0592114
0.0503122
0.0380617
0.0234671
0.0090086
-0.0034706
-0.0138268
-0.0229625
-0.0314566
-0.0388568
-0.0441241
-0.0466852
-0.0471167
-0.0468412
-0.0471060
-0.0481593
-0.0493175
-0.0498819
-0.0502972
-0.0525248
-0.0585952
-0.0677542
-0.0750766
-0.0745330
-0.0651571
-0.0541322
-0.0519676
-0.0628691
-0.0797175
-0.0898139
-0.0868368
-0.0772198
-0.0738779
-0.0830700
-0.0978529
-0.1051548
-0.0992294
-0.0875466
-0.0833104
-0.0926260
-0.1091407
-0.1207139
-0.1207951
-0.1134183
-0.1077190
-0.1082297
-0.1109581
-0.1089799
-0.1012958
-0.0951272
-0.0984321
-0.1097362
-0.1161499
-0.1034638
-0.0702972
-0.0326158
-0.0122715
-0.0182291
-0.0374762
-0.0448478
-0.0237568
0.0201588
0.0637864
0.0847416
0.0773400
0.0538824
0.0318441
0.0189746
0.0090148
-0.0092582
-0.0388798
-0.0702622
-0.0902462
-0.0963186
-0.1013648
-0.1222169
-0.1618352
-0.2037018
-0.2262495
-0.2237866
-0.2118600
-0.2108274
-0.2251564
-0.2405909
-0.2412068
-0.2265786
-0.2105199
-0.2047187
-0.2070326
-0.2067756
-0.1985104
-0.1873171
-0.1810071
-0.1805677
-0.1796347
-0.1709115
-0.1512139
-0.1230229
-0.0955047
-0.0827857
-0.0929300
-0.1108506
-0.0930763
0.0114728
0.2262359
0.5282993
0.8632733
1.1754321
1.4202749
1.5533927
1.5252850
1.3081798
0.9368927
0.5150691
0.1644208
-0.0464753
-0.1322628
-0.1569686
-0.1737371
-0.1936669
-0.2015431
-0.1889359
-0.1671746
-0.1536444
-0.1540071
-0.1605800
-0.1641329
-0.1630982
-0.1619558
-0.1642866
-0.1690636
-0.1722198
-0.1701989
-0.1624104
-0.1516118
-0.1422677
-0.1376977
-0.1378841
-0.1397695
-0.1399976
-0.1377975
-0.1353174
-0.1349649
-0.1363907
-0.1363860
-0.1320382
-0.1239978
-0.1165054
-0.1139969
-0.1172871
-0.1227229
-0.1251957
-0.1223893
-0.1161834
-0.1098462
-0.1043029
-0.0978088
-0.0890090
-0.0791211
-0.0704604
-0.0635219
-0.0565132
-0.0477663
-0.0378260
-0.0286761
-0.0211585
-0.0136932
-0.0037186
0.0099441
0.0264304
0.0440493
0.0613015
0.0767290
0.0890239
0.0983178
0.1068243
0.1169365
0.1284410
0.1385460
0.1453500
0.1508801
0.1597429
0.1741297
0.1902344
0.2003676
0.1995337
0.1902617
0.1805579
0.1765766
0.1769881
0.1742055
0.1609240
0.1360598
0.1055019
0.0775086
0.0563819
0.0393540
0.0194799
-0.0076021
-0.0390512
-0.0669253
-0.0854065
-0.0963442
-0.1073700
-0.1239033
-0.1430336
-0.1561833
-0.1583300
-0.1538877
-0.1526524
-0.1604022
-0.1743848
-0.1874283
-0.1946212
-0.1954483
-0.1914311
-0.1842208
-0.1762503
-0.1710501
-0.1707547
-0.1733645
-0.1742868
-0.1716065
-0.1686555
-0.1697393
-0.1739369
-0.1755856
-0.1718735
-0.1678659
-0.1714547
-0.1834090
-0.1946612
-0.1949218
-0.1834598
-0.1702180
-0.1660928
-0.1728343
-0.1829322
-0.1886577
-0.1897930
-0.1920432
-0.1991680
-0.2083133
-0.2131523
-0.2103987
-0.2026575
-0.1956262
-0.1932523
-0.1952751
-0.1984593
-0.1994389
-0.1963157
-0.1883510
-0.1754899
-0.1589195
-0.1413548
-0.1254402
-0.1114169
-0.0968311
-0.0788805
-0.0569979
-0.0333746
-0.0116799
0.0042217
0.0106778
0.0047348
-0.0140487
-0.0413654
-0.0686333
-0.0878118
-0.0972399
-0.1028083
-0.1130155
-0.1326593
-0.1605123
-0.1914587
-0.2199544
-0.2424913
-0.2586565
-0.2705584
-0.2804690
-0.2881413
-0.2905225
-0.2849555
-0.2732667
-0.2622143
-0.2586082
-0.2631328
-0.2692718
-0.2689775
-0.2596305
-0.2456922
-0.2340977
-0.2277272
-0.2218011
-0.2063269
-0.1752531
-0.1370593
-0.1148811
-0.1282070
-0.1664889
-0.1805822
-0.1082236
0.0825290
0.3699730
0.6968936
1.0091593
1.2727393
1.4552074
1.5051353
1.3707330
1.0519112
0.6309910
0.2384648
-0.0252923
-0.1446874
-0.1752390
-0.1829679
-0.1964892
-0.2073295
-0.2016532
-0.1829354
-0.1668589
-0.1634604
-0.1694581
-0.1753131
-0.1750705
-0.1693987
-0.1630098
-0.1609970
-0.1653461
-0.1724062
-0.1743872
-0.1657400
-0.1490277
-0.1335540
-0.1271405
-0.1291746
-0.1321118
-0.1296802
-0.1228704
-0.1174844
-0.1166551
-0.1171600
-0.1132602
-0.1029167
-0.0894811
-0.0781648
-0.0718723
-0.0699338
-0.0694938
-0.0676713
-0.0630835
-0.0561097
-0.0481154
-0.0404615
-0.0337459
-0.0272224
-0.0189235
-0.0072929
0.0066468
0.0192547
0.0273185
0.0314484
0.0361260
0.0458864
0.0610235
0.0770979
0.0893431
0.0980122
0.1087665
0.1268794
0.1512481
0.1750530
0.1924126
0.2035831
0.2134270
0.2256785
0.2394613
0.2511723
0.2590376
0.2652992
0.2738225
0.2859253
0.2990714
0.3094826
0.3151002
0.3156454
0.3108252
0.2996434
0.2813633
0.2564047
0.2263258
0.1935465
0.1611937
0.1325724
0.1098905
0.0926818
0.0772612
0.0587638
0.0353688
0.0109692
-0.0075117
-0.0166042
-0.0200250
-0.0253865
-0.0370577
-0.0522477
-0.0638352
-0.0669731
-0.0633866
-0.0597708
-0.0622658
-0.0723685
-0.0873329
-0.1030393
-0.1158889
-0.1233637
-0.1247799
-0.1218285
-0.1172834
-0.1127587
-0.1083620
-0.1045851
-0.1033535
-0.1061457
-0.1112270
-0.1138189
-0.1101762
-0.1019793
-0.0959113
-0.0973861
-0.1040616
-0.1063963
-0.0956963
-0.0719766
-0.0441917
-0.0233445
-0.0151317
-0.0176271
-0.0244164
-0.0297015
-0.0311067
-0.0284140
-0.0207125
-0.0061451
0.0150323
0.0379774
0.0551295
0.0616023
0.0596185
0.0579035
0.0655752
0.0846610
0.1075397
0.1221024
0.1203569
0.1030648
0.0774025
0.0510842
0.0280404
0.0078183
-0.0122824
-0.0346172
-0.0599377
-0.0874393
-0.1148888
-0.1388889
-0.1567371
-0.1691581
-0.1800856
-0.1920280
-0.2020073
-0.2040880
-0.1967630
-0.1863983
-0.1814200
-0.1827478
-0.1814908
-0.1678798
-0.1425623
-0.1174000
-0.1041081
-0.1033729
-0.1063067
-0.1045086
-0.0955858
-0.0804525
-0.0616779
-0.0475983
-0.0516934
-0.0772759
-0.0990061
-0.0664707
0.0635888
0.2938202
0.5856410
0.8904977
1.1742633
1.4051641
1.5266755
1.4663514
1.1937380
0.7733971
0.3467965
0.0444103
-0.0956915
-0.1302490
-0.1407414
-0.1644896
-0.1871192
-0.1859052
-0.1662072
-0.1542404
-0.1647122
-0.1857547
-0.1956803
-0.1874466
-0.1730028
-0.1674953
-0.1742056
-0.1844126
-0.1878009
-0.1812686
-0.1697593
-0.1609753
-0.1592998
-0.1632062
-0.1672762
-0.1668672
-0.1620313
-0.1577182
-0.1595267
-0.1680637
-0.1773483
-0.1795276
-0.1715152
-0.1570693
-0.1431401
-0.1348288
-0.1327924
-0.1335854
-0.1322742
-0.1262954
-0.1177162
-0.1110553
-0.1081342
-0.1052953
-0.0962839
-0.0782749
-0.0553022
-0.0355000
-0.0241447
-0.0189887
-0.0128573
-0.0009364
0.0152199
0.0308932
0.0439089
0.0561878
0.0706608
0.0880659
0.1065949
0.1236836
0.1380811
0.1507739
0.1639803
0.1789369
0.1945990
0.2085246
0.2190609
0.2270746
0.2357857
0.2480424
0.2626697
0.2740218
0.2767052
0.2709704
0.2621872
0.2545821
0.2465506
0.2327452
0.2101038
0.1813050
0.1526347
0.1285527
0.1077833
0.0844771
0.0536779
0.0163060
-0.0206081
-0.0482937
-0.0618272
-0.0634627
-0.0612367
-0.0626750
-0.0682183
-0.0713901
-0.0666918
-0.0568883
-0.0512156
-0.0564744
-0.0709515
-0.0872222
-0.0999162
-0.1098933
-0.1207819
-0.1323310
-0.1389056
-0.1358235
-0.1263453
-0.1202624
-0.1247989
-0.1378693
-0.1506494
-0.1558006
-0.1530665
-0.1484660
-0.1491708
-0.1582128
-0.1724834
-0.1852225
-0.1908632
-0.1884345
-0.1813923
-0.1743679
-0.1689405
-0.1617899
-0.1480169
-0.1273380
-0.1057793
-0.0891831
-0.0752946
-0.0545958
-0.0203962
0.0223003
0.0586498
0.0750565
0.0692087
0.0500195
0.0280606
0.0064535
-0.0184408
-0.0484189
-0.0780352
-0.0991154
-0.1095498
-0.1161337
-0.1286575
-0.1514572
-0.1801032
-0.2057237
-0.2227812
-0.2328724
-0.2410505
-0.2495066
-0.2561475
-0.2585887
-0.2572416
-0.2541402
-0.2510021
-0.2495934
-0.2518742
-0.2573098
-0.2607412
-0.2559482
-0.2429089
-0.2295464
-0.2227190
-0.2171580
-0.1986094
-0.1635169
-0.1325759
-0.1329684
-0.1586028
-0.1527592
-0.0429034
0.1998671
0.5366289
0.8946378
1.2173566
1.4741884
1.6285937
1.6201118
1.4022294
1.0056389
0.5517377
0.1845701
-0.0225037
-0.0982548
-0.1203767
-0.1400493
-0.1570771
-0.1522050
-0.1248980
-0.0950994
-0.0787533
-0.0732333
-0.0677145
-0.0601957
-0.0584030
-0.0662494
-0.0764190
-0.0793594
-0.0756309
-0.0746778
-0.0825082
-0.0950107
-0.1041495
-0.1071333
-0.1073096
-0.1079852
-0.1080806
-0.1042457
-0.0960469
-0.0877517
-0.0840500
-0.0842434
-0.0823121
-0.0738049
-0.0616379
-0.0537402
-0.0553738
-0.0646225
-0.0747847
-0.0801346
-0.0796284
-0.0758240
-0.0705196
-0.0622135
-0.0490544
-0.0337084
-0.0227054
-0.0197217
-0.0211600
-0.0199356
-0.0128878
-0.0034242
0.0025768
0.0028487
0.0014539
0.0059931
0.0213852
0.0456496
0.0716861
0.0928918
0.1070691
0.1164566
0.1256002
0.1383240
0.1546674
0.1707212
0.1828799
0.1919879
0.2017691
0.2134778
0.2239837
0.2295322
0.2300266
0.2288426
0.2286930
0.2277956
0.2204956
0.2028238
0.1775754
0.1521175
0.1302465
0.1080057
0.0792420
0.0441050
0.0100462
-0.0155192
-0.0324630
-0.0478201
-0.0684852
-0.0934094
-0.1133744
-0.1200225
-0.1152332
-0.1098559
-0.1126916
-0.1223012
-0.1301984
-0.1304482
-0.1251764
-0.1216709
-0.1247249
-0.1312599
-0.1326827
-0.1236050
-0.1079797
-0.0954456
-0.0919698
-0.0953051
-0.0989395
-0.0986400
-0.0951962
-0.0923124
-0.0920945
-0.0920831
-0.0875296
-0.0774629
-0.0671958
-0.0632117
-0.0663896
-0.0717675
-0.0742591
-0.0732041
-0.0718606
-0.0734929
-0.0773100
-0.0775747
-0.0679001
-0.0475373
-0.0227891
-0.0018264
0.0110396
0.0165614
0.0188069
0.0231824
0.0337291
0.0501641
0.0679295
0.0816428
0.0878911
0.0853682
0.0745922
0.0580514
0.0389191
0.0189991
-0.0011251
-0.0205171
-0.0384717
-0.0565421
-0.0777744
-0.1030964
-0.1292668
-0.1504001
-0.1614585
-0.1621534
-0.1589132
-0.1609475
-0.1716448
-0.1848494
-0.1920261
-0.1919979
-0.1907059
-0.1917991
-0.1908005
-0.1801864
-0.1589680
-0.1352372
-0.1178252
-0.1060207
-0.0913448
-0.0725503
-0.0643168
-0.0808928
-0.1068024
-0.0905427
0.0233731
0.2526751
0.5661064
0.9079002
1.2262502
1.4776483
1.6141792
1.5850545
1.3681146
1.0061153
0.6034504
0.2718591
0.0677996
-0.0245120
-0.0574057
-0.0732707
-0.0866093
-0.0953936
-0.0980381
-0.0990614
-0.1039849
-0.1132142
-0.1224987
-0.1284020
-0.1308879
-0.1304162
-0.1260651
-0.1185787
-0.1122124
-0.1104711
-0.1119035
-0.1128238
-0.1125546
-0.1134006
-0.1165932
-0.1201180
-0.1194837
-0.1101379
-0.0919325
-0.0725423
-0.0631811
-0.0681840
-0.0803873
-0.0883402
-0.0865970
-0.0785937
-0.0721697
-0.0732061
-0.0810525
-0.0890334
-0.0910679
-0.0875129
-0.0823870
-0.0763677
-0.0665839
-0.0528768
-0.0399439
-0.0325965
-0.0318150
-0.0351647
-0.0379764
-0.0348301
-0.0235089
-0.0074263
0.0085025
0.0235617
0.0403650
0.0598200
0.0796362
0.0962997
0.1065235
0.1095450
0.1106702
0.1193025
0.1397420
0.1659827
0.1881186
0.2012225
0.2060448
0.2052581
0.2025028
0.2017557
0.2039905
0.2063467
0.2061584
0.2029436
0.1956995
0.1824061
0.1634011
0.1412108
0.1165183
0.0888757
0.0613476
0.0386136
0.0197699
-0.0011235
-0.0261640
-0.0503782
-0.0680371
-0.0776600
-0.0812164
-0.0832167
-0.0893715
-0.1008135
-0.1112050
-0.1149676
-0.1160761
-0.1227344
-0.1357761
-0.1483678
-0.1546155
-0.1529733
-0.1448931
-0.1361518
-0.1354276
-0.1452679
-0.1583034
-0.1674249
-0.1742455
-0.1824172
-0.1895684
-0.1920712
-0.1909817
-0.1875103
-0.1801942
-0.1720958
-0.1721448
-0.1831316
-0.1963083
-0.2023084
-0.1983805
-0.1826256
-0.1542542
-0.1235513
-0.1070059
-0.1067050
-0.1076927
-0.0993130
-0.0842060
-0.0643445
-0.0372055
-0.0094429
0.0052987
0.0051649
-0.0035133
-0.0264617
-0.0695447
-0.1081810
-0.1074537
-0.0793236
-0.0761902
-0.1118958
-0.1350604
-0.1072372
