-0.1041288
-0.1061948
-0.1098486
-0.1102530
-0.1062966
-0.1022162
-0.1026678
-0.1065534
-0.1072142
-0.0994273
-0.0854939
-0.0735028
-0.0696100
-0.0725713
-0.0758399
-0.0743221
-0.0686494
-0.0632885
-0.0611982
-0.0604694
-0.0558517
-0.0435913
-0.0253628
-0.0077524
0.0028265
0.0058174
0.0074474
0.0151654
0.0302952
0.0464137
0.0559296
0.0585862
0.0626932
0.0770983
0.1020583
0.1288175
0.1484365
0.1603859
0.1718887
0.1893104
0.2113134
0.2308962
0.2434219
0.2516856
0.2629875
0.2818157
0.3056767
0.3276351
0.3424116
0.3501791
0.3551019
0.3605766
0.3657024
0.3660836
0.3581081
0.3425816
0.3239761
0.3057471
0.2864552
0.2611180
0.2268774
0.1870352
0.1487023
0.1161397
0.0870135
0.0560342
0.0222642
-0.0081490
-0.0274075
-0.0341998
-0.0357309
-0.0411906
-0.0533658
-0.0669974
-0.0751656
-0.0766146
-0.0764821
-0.0803364
-0.0883154
-0.0953208
-0.0963565
-0.0910955
-0.0835337
-0.0781578
-0.0769174
-0.0791752
-0.0832847
-0.0877003
-0.0912987
-0.0936893
-0.0954250
-0.0972469
-0.0986678
-0.0978065
-0.0935366
-0.0879418
-0.0856735
-0.0897775
-0.0980747
-0.1045706
-0.1051966
-0.1019669
-0.1007490
-0.1047197
-0.1106370
-0.1122708
-0.1074247
-0.1007440
-0.0989576
-0.1036676
-0.1097626
-0.1113509
-0.1085357
-0.1072118
-0.1119569
-0.1201281
-0.1241172
-0.1194867
-0.1099622
-0.1037675
-0.1054690
-0.1122001
-0.1177361
-0.1190981
-0.1184101
-0.1191107
-0.1219409
-0.1250523
-0.1266821
-0.1262923
-0.1235014
-0.1177817
-0.1102693
-0.1047678
-0.1049749
-0.1101260
-0.1146919
-0.1138340
-0.1089941
-0.1067082
-0.1111949
-0.1189614
-0.1218881
-0.1154964
-0.1029810
-0.0906600
-0.0806761
-0.0697409
-0.0550011
-0.0392883
-0.0287790
-0.0253512
-0.0225505
-0.0104097
0.0151629
0.0474229
0.0726745
0.0792936
0.0647120
0.0361445
0.0057339
-0.0164308
-0.0275286
-0.0324382
-0.0389260
-0.0510588
-0.0664597
-0.0800743
-0.0907032
-0.1031790
-0.1231625
-0.1496299
-0.1735103
-0.1851328
-0.1836056
-0.1782566
-0.1798081
-0.1896827
-0.1984186
-0.1953104
-0.1798055
-0.1628954
-0.1566488
-0.1623618
-0.1696114
-0.1672803
-0.1548736
-0.1421507
-0.1379719
-0.1410075
-0.1420721
-0.1339492
-0.1166763
-0.0938857
-0.0683526
-0.0447568
-0.0341099
-0.0467148
-0.0732748
-0.0737453
0.0069045
0.2033301
0.5055130
0.8660684
1.2255067
1.5254247
1.7029631
1.6931260
1.4617885
1.0493968
0.5753752
0.1803553
-0.0545632
-0.1436246
-0.1596128
-0.1647083
-0.1731972
-0.1689333
-0.1440072
-0.1134796
-0.0977685
-0.1008131
-0.1097128
-0.1117841
-0.1068488
-0.1032019
-0.1061880
-0.1134427
-0.1192617
-0.1201919
-0.1160777
-0.1085000
-0.1002543
-0.0951720
-0.0958533
-0.1007802
-0.1050656
-0.1052899
-0.1030759
-0.1027367
-0.1055113
-0.1074858
-0.1040001
-0.0952810
-0.0863775
-0.0814484
-0.0793750
-0.0758704
-0.0690954
-0.0616731
-0.0569731
-0.0548483
-0.0521482
-0.0466329
-0.0387032
-0.0291259
-0.0169361
-0.0012726
0.0153767
0.0280428
0.0345596
0.0387889
0.0467397
0.0594631
0.0716248
0.0783258
0.0822212
0.0918089
0.1121960
0.1390266
0.1627556
0.1783243
0.1893389
0.2028170
0.2213171
0.2410833
0.2569153
0.2673290
0.2750129
0.2839002
0.2967988
0.3145969
0.3354849
0.3543856
0.3650833
0.3651520
0.3589150
0.3538024
0.3524190
0.3485667
0.3323576
0.2999522
0.2581006
0.2187737
0.1891992
0.1668160
0.1431848
0.1122313
0.0751794
0.0388554
0.0100839
-0.0089485
-0.0214446
-0.0330019
-0.0471625
-0.0626527
-0.0745095
-0.0784024
-0.0746341
-0.0684065
-0.0661463
-0.0709342
-0.0805273
-0.0892823
-0.0925631
-0.0905378
-0.0883076
-0.0915571
-0.1007603
-0.1094018
-0.1091525
-0.0981718
-0.0842494
-0.0784872
-0.0850028
-0.0971554
-0.1044224
-0.1026936
-0.0972915
-0.0963530
-0.1024344
-0.1108867
-0.1152232
-0.1128608
-0.1061401
-0.0995592
-0.0968967
-0.0997322
-0.1066786
-0.1135935
-0.1161868
-0.1141050
-0.1121585
-0.1158338
-0.1248035
-0.1319610
-0.1303466
-0.1210563
-0.1130528
-0.1143228
-0.1236946
-0.1322792
-0.1330064
-0.1278754
-0.1252254
-0.1303348
-0.1396167
-0.1442758
-0.1391026
-0.1273499
-0.1174767
-0.1156317
-0.1208752
-0.1267434
-0.1272407
-0.1221698
-0.1174055
-0.1196041
-0.1295776
-0.1404039
-0.1427783
-0.1334073
-0.1186643
-0.1094898
-0.1117121
-0.1206415
-0.1250004
-0.1165476
-0.0967037
-0.0747260
-0.0597326
-0.0536435
-0.0503995
-0.0412925
-0.0217718
0.0053831
0.0323308
0.0513368
0.0584692
0.0535942
0.0382260
0.0142894
-0.0150770
-0.0443658
-0.0665605
-0.0764965
-0.0746873
-0.0684839
-0.0687003
-0.0829862
-0.1103562
-0.1415780
-0.1660953
-0.1801621
-0.1886922
-0.1986983
-0.2109462
-0.2189685
-0.2167133
-0.2060604
-0.1953652
-0.1908039
-0.1907633
-0.1893857
-0.1841155
-0.1780526
-0.1754420
-0.1769628
-0.1799359
-0.1809655
-0.1766785
-0.1639688
-0.1434807
-0.1230560
-0.1126943
-0.1120290
-0.1062404
-0.0823768
-0.0515950
-0.0457882
-0.0797486
-0.1142641
-0.0667552
0.1291430
0.4687933
0.8788547
1.2681320
1.5691980
1.7348111
1.7173779
1.4826200
1.0580439
0.5568408
0.1297838
-0.1252042
-0.2143603
-0.2157234
-0.2024159
-0.1970241
-0.1870426
-0.1647144
-0.1416578
-0.1316468
-0.1331571
-0.1345500
-0.1307281
-0.1277787
-0.1320500
-0.1406335
-0.1452199
-0.1420892
-0.1348583
-0.1286347
-0.1250443
-0.1235203
-0.1242370
-0.1272400
-0.1300144
-0.1289837
-0.1242172
-0.1205705
-0.1222379
-0.1268295
-0.1269819
-0.1186485
-0.1064621
-0.0993557
-0.1010207
-0.1059336
-0.1052549
-0.0958520
-0.0828480
-0.0737863
-0.0712191
-0.0710807
-0.0674072
-0.0578304
-0.0446852
-0.0318454
-0.0213919
-0.0131588
-0.0062896
-0.0000833
0.0066840
0.0161734
0.0300853
0.0476022
0.0654107
0.0806312
0.0938726
0.1086664
0.1272173
0.1471256
0.1634849
0.1746687
0.1850397
0.2006284
0.2220937
0.2431490
0.2568810
0.2633282
0.2699190
0.2840913
0.3059092
0.3282285
0.3435827
0.3501552
0.3512706
0.3504126
0.3476850
0.3404322
0.3258574
0.3028169
0.2724536
0.2382818
0.2050981
0.1761500
0.1504539
0.1234595
0.0914387
0.0556096
0.0215130
-0.0060686
-0.0273679
-0.0464822
-0.0661671
-0.0843665
-0.0961566
-0.0988351
-0.0949377
-0.0906018
-0.0911476
-0.0975611
-0.1062670
-0.1121668
-0.1127839
-0.1103699
-0.1100064
-0.1149564
-0.1232426
-0.1287819
-0.1264639
-0.1168263
-0.1061164
-0.1016194
-0.1062822
-0.1169213
-0.1268686
-0.1305631
-0.1269880
-0.1201401
-0.1162120
-0.1188997
-0.1261415
-0.1315085
-0.1298352
-0.1222409
-0.1154685
-0.1156744
-0.1225338
-0.1296678
-0.1312201
-0.1279225
-0.1261780
-0.1309414
-0.1399637
-0.1456749
-0.1428001
-0.1337384
-0.1262881
-0.1263089
-0.1327046
-0.1392309
-0.1407473
-0.1376893
-0.1349689
-0.1370638
-0.1440660
-0.1517062
-0.1546555
-0.1504118
-0.1413277
-0.1334205
-0.1322253
-0.1383186
-0.1464063
-0.1495709
-0.1454547
-0.1386264
-0.1363995
-0.1415852
-0.1490455
-0.1497437
-0.1387897
-0.1197734
-0.1011468
-0.0884000
-0.0798971
-0.0700402
-0.0556527
-0.0386272
-0.0226593
-0.0086251
0.0056077
0.0206081
0.0317062
0.0313603
0.0159118
-0.0102576
-0.0375564
-0.0579363
-0.0691030
-0.0737553
-0.0768184
-0.0837035
-0.0989023
-0.1232899
-0.1519356
-0.1762822
-0.1906094
-0.1967265
-0.2012494
-0.2079054
-0.2137064
-0.2136303
-0.2079190
-0.2026841
-0.2030787
-0.2077057
-0.2107943
-0.2084518
-0.2011576
-0.1912645
-0.1808850
-0.1726892
-0.1696265
-0.1710424
-0.1705938
-0.1620340
-0.1477477
-0.1371903
-0.1334113
-0.1249016
-0.0987900
-0.0637332
-0.0499556
-0.0739808
-0.1009773
-0.0522918
0.1372768
0.4643614
0.8579330
1.2308042
1.5239219
1.7024249
1.7270754
1.5562936
1.1918728
0.7170141
0.2704192
-0.0342435
-0.1730506
-0.2042375
-0.2038931
-0.2098248
-0.2170026
-0.2097479
-0.1873273
-0.1618977
-0.1433878
-0.1334003
-0.1306452
-0.1351742
-0.1451214
-0.1535389
-0.1531817
-0.1447016
-0.1372630
-0.1393403
-0.1496636
-0.1583549
-0.1567934
-0.1456969
-0.1336766
-0.1286325
-0.1308784
-0.1342411
-0.1331710
-0.1283021
-0.1250308
-0.1270598
-0.1319067
-0.1330896
-0.1266861
-0.1154281
-0.1060090
-0.1023202
-0.1017251
-0.0983398
-0.0896523
-0.0791254
-0.0720661
-0.0696193
-0.0674385
-0.0600002
-0.0457087
-0.0280142
-0.0122905
-0.0017316
0.0046160
0.0108058
0.0209860
0.0363563
0.0541109
0.0696076
0.0807353
0.0907325
0.1058644
0.1291416
0.1564137
0.1798291
0.1957016
0.2081925
0.2243699
0.2459608
0.2670853
0.2806867
0.2866614
0.2926806
0.3065358
0.3279980
0.3487114
0.3600056
0.3602636
0.3545637
0.3479257
0.3397703
0.3249709
0.2997249
0.2660600
0.2306300
0.1990226
0.1710175
0.1414211
0.1058138
0.0656820
0.0279050
-0.0009893
-0.0204207
-0.0360072
-0.0541643
-0.0759105
-0.0956552
-0.1063122
-0.1060701
-0.1004388
-0.0977428
-0.1024219
-0.1121407
-0.1207720
-0.1241214
-0.1232834
-0.1228674
-0.1259644
-0.1308137
-0.1326094
-0.1287187
-0.1218845
-0.1178560
-0.1196319
-0.1242441
-0.1257707
-0.1218560
-0.1167460
-0.1168516
-0.1230722
-0.1286388
-0.1257989
-0.1144976
-0.1032717
-0.1009761
-0.1081708
-0.1172468
-0.1206684
-0.1181922
-0.1157309
-0.1179904
-0.1234106
-0.1265447
-0.1243655
-0.1192048
-0.1157719
-0.1163866
-0.1194933
-0.1221199
-0.1232054
-0.1247384
-0.1297970
-0.1389239
-0.1480584
-0.1508520
-0.1444113
-0.1332057
-0.1263668
-0.1298008
-0.1404610
-0.1489452
-0.1484887
-0.1414488
-0.1364279
-0.1389565
-0.1456890
-0.1481793
-0.1417895
-0.1302237
-0.1216825
-0.1213789
-0.1275811
-0.1336824
-0.1333924
-0.1246867
-0.1101770
-0.0943966
-0.0802739
-0.0672346
-0.0522002
-0.0328082
-0.0103057
0.0106541
0.0254010
0.0322969
0.0319746
0.0240858
0.0066247
-0.0201242
-0.0496600
-0.0714713
-0.0789253
-0.0753009
-0.0714326
-0.0768493
-0.0930058
-0.1147706
-0.1373019
-0.1599436
-0.1832163
-0.2039350
-0.2157635
-0.2153336
-0.2066946
-0.1985171
-0.1966929
-0.1998465
-0.2018813
-0.1984892
-0.1910705
-0.1846587
-0.1826306
-0.1837823
-0.1840615
-0.1801121
-0.1710011
-0.1580080
-0.1443006
-0.1341170
-0.1295097
-0.1262526
-0.1149970
-0.0907633
-0.0630926
-0.0527336
-0.0705758
-0.0951973
-0.0740450
0.0456180
0.2805832
0.6024623
0.9593178
1.2995451
1.5724515
1.7162190
1.6673003
1.4022844
0.9774141
0.5181743
0.1534644
-0.0557063
-0.1346060
-0.1511520
-0.1565066
-0.1613731
-0.1555222
-0.1368236
-0.1179674
-0.1117347
-0.1177332
-0.1252569
-0.1257131
-0.1197744
-0.1138655
-0.1127039
-0.1160622
-0.1207162
-0.1234213
-0.1224526
-0.1184650
-0.1147812
-0.1153681
-0.1208238
-0.1265346
-0.1261599
-0.1176478
-0.1056229
-0.0976627
-0.0981025
-0.1048352
-0.1113030
-0.1116067
-0.1047983
-0.0954579
-0.0902571
-0.0927259
-0.0997748
-0.1030537
-0.0952658
-0.0769285
-0.0570397
-0.0457709
-0.0455054
-0.0490385
-0.0466812
-0.0350092
-0.0189766
-0.0062789
0.0000569
0.0041446
0.0130214
0.0299146
0.0512838
0.0703169
0.0833363
0.0928870
0.1048202
0.1225693
0.1441589
0.1645348
0.1806530
0.1941686
0.2091598
0.2277152
0.2483150
0.2680998
0.2854354
0.2998712
0.3109935
0.3188592
0.3252872
0.3330633
0.3427587
0.3506431
0.3508170
0.3402853
0.3220201
0.3023442
0.2846732
0.2660773
0.2406411
0.2060795
0.1662844
0.1273177
0.0918931
0.0584959
0.0253775
-0.0057396
-0.0305372
-0.0464505
-0.0554883
-0.0622750
-0.0696633
-0.0771203
-0.0833006
-0.0886423
-0.0943283
-0.0997915
-0.1032329
-0.1047690
-0.1072631
-0.1127587
-0.1188175
-0.1199887
-0.1136070
-0.1036037
-0.0976786
-0.1003245
-0.1088664
-0.1164514
-0.1184007
-0.1153907
-0.1114967
-0.1105451
-0.1140119
-0.1204729
-0.1260607
-0.1266562
-0.1212519
-0.1133675
-0.1085223
-0.1099964
-0.1167387
-0.1245960
-0.1291799
-0.1284743
-0.1241195
-0.1205943
-0.1221843
-0.1293659
-0.1375792
-0.1402900
-0.1346022
-0.1243881
-0.1172449
-0.1177514
-0.1238867
-0.1300591
-0.1327672
-0.1328814
-0.1335459
-0.1370856
-0.1433354
-0.1494584
-0.1513471
-0.1466596
-0.1373675
-0.1288470
-0.1257579
-0.1285912
-0.1340586
-0.1384394
-0.1403644
-0.1407440
-0.1408205
-0.1409912
-0.1412713
-0.1416252
-0.1410862
-0.1377071
-0.1311258
-0.1248480
-0.1236796
-0.1276106
-0.1295061
-0.1208252
-0.1002426
-0.0760982
-0.0596121
-0.0548327
-0.0544933
-0.0459075
-0.0221232
0.0114313
0.0405102
0.0521165
0.0423518
0.0170121
-0.0134248
-0.0398884
-0.0584215
-0.0701694
-0.0786377
-0.0869237
-0.0968151
-0.1090810
-0.1235758
-0.1393601
-0.1555091
-0.1717958
-0.1881335
-0.2034109
-0.2152674
-0.2212878
-0.2208900
-0.2165900
-0.2129790
-0.2131203
-0.2154171
-0.2148638
-0.2080242
-0.1964475
-0.1851381
-0.1783313
-0.1765653
-0.1764045
-0.1724849
-0.1614962
-0.1458383
-0.1325425
-0.1262522
-0.1226314
-0.1111871
-0.0878432
-0.0643025
-0.0589260
-0.0709504
-0.0626540
0.0254353
0.2320784
0.5431075
0.8996164
1.2342687
1.4957398
1.6426798
1.6316486
1.4325717
1.0670382
0.6257100
0.2317858
-0.0285368
-0.1492741
-0.1849370
-0.1927348
-0.1943345
-0.1848462
-0.1632435
-0.1435730
-0.1393570
-0.1472555
-0.1517270
-0.1434137
-0.1286978
-0.1208742
-0.1250861
-0.1342851
-0.1387589
-0.1363487
-0.1322203
-0.1313694
-0.1342254
-0.1384244
-0.1414610
-0.1410890
-0.1359792
-0.1276805
-0.1204928
-0.1178059
-0.1189296
-0.1202703
-0.1192680
-0.1166799
-0.1151817
-0.1160417
-0.1173960
-0.1160754
-0.1107965
-0.1026454
-0.0927757
-0.0815975
-0.0707732
-0.0635135
-0.0607489
-0.0584142
-0.0511071
-0.0383801
-0.0256282
-0.0183308
-0.0161655
-0.0128049
-0.0012141
0.0202164
0.0460562
0.0684621
0.0836198
0.0936618
0.1033598
0.1163651
0.1337634
0.1536838
0.1719399
0.1853610
0.1954769
0.2073782
0.2242587
0.2443794
0.2636507
0.2796272
0.2926156
0.3043847
0.3162455
0.3272738
0.3343603
0.3351023
0.3304582
0.3235438
0.3162798
0.3079518
0.2957477
0.2755616
0.2443070
0.2038884
0.1617363
0.1250123
0.0947571
0.0670511
0.0384756
0.0088472
-0.0194779
-0.0426834
-0.0573762
-0.0637762
-0.0663021
-0.0697167
-0.0757631
-0.0837674
-0.0918567
-0.0969076
-0.0968433
-0.0946145
-0.0965841
-0.1050481
-0.1151595
-0.1205093
-0.1187442
-0.1113371
-0.1022109
-0.0973398
-0.1005359
-0.1080717
-0.1122775
-0.1115186
-0.1113395
-0.1152101
-0.1205729
-0.1246299
-0.1265197
-0.1232371
-0.1128651
-0.1034918
-0.1075888
-0.1234241
-0.1337860
-0.1295695
