-0.1829762
-0.1901126
-0.1731909
-0.1663512
-0.1643650
-0.1433264
-0.1096311
-0.0944854
-0.1079286
-0.1281111
-0.1346620
-0.1289137
-0.1208020
-0.1158480
-0.1171218
-0.1242962
-0.1287336
-0.1214407
-0.1061614
-0.0947179
-0.0910825
-0.0895536
-0.0859981
-0.0811184
-0.0749157
-0.0672277
-0.0620733
-0.0633815
-0.0677512
-0.0676140
-0.0593431
-0.0435025
-0.0214863
0.0022674
0.0195040
0.0268846
0.0327296
0.0487548
0.0766254
0.1070236
0.1302187
0.1445705
0.1570626
0.1775608
0.2093188
0.2435384
0.2673725
0.2788748
0.2893095
0.3086664
0.3337599
0.3532548
0.3601523
0.3565398
0.3494861
0.3447150
0.3416583
0.3329640
0.3108551
0.2746343
0.2303749
0.1845790
0.1412759
0.1036423
0.0734182
0.0483797
0.0244898
0.0014940
-0.0163260
-0.0253368
-0.0266692
-0.0258603
-0.0299040
-0.0424011
-0.0587459
-0.0681997
-0.0646768
-0.0549056
-0.0527253
-0.0650429
-0.0848435
-0.0974110
-0.0928716
-0.0749436
-0.0589569
-0.0588502
-0.0736165
-0.0878084
-0.0871719
-0.0728295
-0.0592660
-0.0598406
-0.0746879
-0.0906888
-0.0926550
-0.0768858
-0.0548801
-0.0422150
-0.0435755
-0.0504605
-0.0528009
-0.0493353
-0.0460954
-0.0484039
-0.0563748
-0.0659568
-0.0720944
-0.0716506
-0.0649864
-0.0555443
-0.0481914
-0.0468769
-0.0510185
-0.0530262
-0.0425404
-0.0165017
0.0160577
0.0420283
0.0566726
0.0665088
0.0812231
0.1050892
0.1351467
0.1644899
0.1867393
0.1995775
0.2056870
0.2104975
0.2185402
0.2304458
0.2416023
0.2442509
0.2335917
0.2126334
0.1889525
0.1658432
0.1387724
0.1018317
0.0561113
0.0104734
-0.0250323
-0.0462346
-0.0569921
-0.0649646
-0.0737758
-0.0787320
-0.0717102
-0.0509583
-0.0242499
0.0004579
0.0296707
0.0899734
0.2145896
0.4145819
0.6546443
0.8575276
0.9416439
0.8666734
0.6530532
0.3638744
0.0676524
-0.1905339
-0.3954596
-0.5501488
-0.6604277
-0.7273961
-0.7494276
-0.7274946
-0.6686225
-0.5866378
-0.4994143
-0.4214742
-0.3564745
-0.2983843
-0.2422262
-0.1927965
-0.1608190
-0.1507424
-0.1540609
-0.1555208
-0.1459672
-0.1293199
-0.1170941
-0.1161847
-0.1225738
-0.1269030
-0.1242946
-0.1172450
-0.1108195
-0.1081506
-0.1101235
-0.1156959
-0.1209116
-0.1201675
-0.1113307
-0.0995007
-0.0937016
-0.0982152
-0.1068526
-0.1070354
-0.0915799
-0.0670452
-0.0488512
-0.0469005
-0.0568141
-0.0659366
-0.0663466
-0.0604469
-0.0551185
-0.0528119
-0.0486638
-0.0350750
-0.0088419
0.0253701
0.0581306
0.0820127
0.0960049
0.1047361
0.1146591
0.1300851
0.1504347
0.1705328
0.1853153
0.1955491
0.2080862
0.2294268
0.2592013
0.2900997
0.3135210
0.3252660
0.3269581
0.3229222
0.3155297
0.3030264
0.2814793
0.2487018
0.2071524
0.1645243
0.1310085
0.1124570
0.1035634
0.0898108
0.0604111
0.0203357
-0.0131579
-0.0278690
-0.0294835
-0.0353883
-0.0556712
-0.0816037
-0.0941195
-0.0836172
-0.0602970
-0.0444609
-0.0477438
-0.0646825
-0.0807279
-0.0856420
-0.0798742
-0.0721272
-0.0725229
-0.0847384
-0.1011706
-0.1071998
-0.0945271
-0.0717015
-0.0585848
-0.0671896
-0.0879990
-0.0979230
-0.0837931
-0.0570137
-0.0426147
-0.0537496
-0.0794517
-0.0980767
-0.0991541
-0.0890983
-0.0788305
-0.0724261
-0.0692433
-0.0711301
-0.0813690
-0.0970763
-0.1080877
-0.1068373
-0.0974438
-0.0908387
-0.0899681
-0.0837138
-0.0595107
-0.0207282
0.0136442
0.0287806
0.0299994
0.0353059
0.0535199
0.0744288
0.0823934
0.0769231
0.0760153
0.0978337
0.1404194
0.1815277
0.1991766
0.1913788
0.1749399
0.1661820
0.1647495
0.1559443
0.1266618
0.0782348
0.0254766
-0.0151011
-0.0367705
-0.0448297
-0.0496732
-0.0583034
-0.0710978
-0.0837871
-0.0908360
-0.0888029
-0.0799018
-0.0726169
-0.0744075
-0.0781921
-0.0543611
0.0386542
0.2250084
0.4816410
0.7342009
0.8898257
0.8878697
0.7315544
0.4777609
0.1971246
-0.0616880
-0.2801807
-0.4554259
-0.5843345
-0.6617919
-0.6888310
-0.6765982
-0.6393615
-0.5849122
-0.5145994
-0.4329618
-0.3541878
-0.2958143
-0.2651203
-0.2525038
-0.2394428
-0.2143915
-0.1821386
-0.1577824
-0.1509773
-0.1560703
-0.1581213
-0.1482194
-0.1319157
-0.1226104
-0.1276743
-0.1414242
-0.1508761
-0.1476547
-0.1346074
-0.1217965
-0.1169595
-0.1199573
-0.1251637
-0.1273681
-0.1251689
-0.1206589
-0.1174239
-0.1178719
-0.1205356
-0.1198629
-0.1103654
-0.0922860
-0.0729637
-0.0614371
-0.0604259
-0.0631095
-0.0587148
-0.0427840
-0.0221121
-0.0081651
-0.0047232
-0.0028349
0.0108106
0.0404052
0.0763306
0.1039565
0.1170072
0.1224293
0.1325146
0.1528348
0.1783937
0.2010444
0.2189069
0.2374057
0.2621773
0.2927205
0.3227820
0.3452173
0.3559968
0.3549992
0.3443500
0.3259277
0.2998435
0.2653319
0.2236077
0.1800512
0.1429176
0.1182927
0.1048133
0.0935076
0.0746134
0.0459547
0.0144550
-0.0110966
-0.0283703
-0.0421982
-0.0576087
-0.0732027
-0.0819154
-0.0784080
-0.0656866
-0.0539264
-0.0518867
-0.0591993
-0.0675908
-0.0698245
-0.0668264
-0.0656978
-0.0712548
-0.0801931
-0.0839198
-0.0774698
-0.0656976
-0.0597374
-0.0660406
-0.0789136
-0.0853864
-0.0786090
-0.0658835
-0.0618647
-0.0727991
-0.0880797
-0.0893343
-0.0694230
-0.0417466
-0.0284595
-0.0385495
-0.0592011
-0.0702455
-0.0656780
-0.0583122
-0.0632592
-0.0797997
-0.0918321
-0.0852170
-0.0619338
-0.0359826
-0.0171627
-0.0017420
0.0202945
0.0513274
0.0820636
0.1010452
0.1060803
0.1059454
0.1127598
0.1334767
0.1664289
0.2030911
0.2330121
0.2497182
0.2543831
0.2540494
0.2548261
0.2555952
0.2486468
0.2275572
0.1944925
0.1584753
0.1258589
0.0940061
0.0561676
0.0120815
-0.0286211
-0.0548657
-0.0651440
-0.0687244
-0.0755410
-0.0855289
-0.0889295
-0.0775354
-0.0543894
-0.0292988
-0.0017114
0.0520085
0.1694824
0.3716321
0.6319387
0.8730942
1.0012222
0.9581962
0.7546065
0.4583548
0.1494419
-0.1216704
-0.3425594
-0.5179860
-0.6476249
-0.7233640
-0.7417469
-0.7125277
-0.6532980
-0.5783408
-0.4951798
-0.4104523
-0.3345004
-0.2771358
-0.2400560
-0.2161721
-0.1968537
-0.1784323
-0.1618483
-0.1486612
-0.1393980
-0.1345113
-0.1340159
-0.1351221
-0.1321518
-0.1214896
-0.1071558
-0.0992721
-0.1045082
-0.1180299
-0.1270552
-0.1236820
-0.1131234
-0.1077607
-0.1133563
-0.1225215
-0.1221898
-0.1068466
-0.0841456
-0.0681251
-0.0671917
-0.0778149
-0.0884684
-0.0892111
-0.0788119
-0.0647810
-0.0570522
-0.0594981
-0.0651165
-0.0599114
-0.0345226
0.0058194
0.0436208
0.0634607
0.0652447
0.0634168
0.0731707
0.0975091
0.1271112
0.1512739
0.1677503
0.1824923
0.2020763
0.2280450
0.2574966
0.2863698
0.3113071
0.3306890
0.3460598
0.3612294
0.3768766
0.3856748
0.3760230
0.3436522
0.2990477
0.2604546
0.2376513
0.2232214
0.2011384
0.1637787
0.1192600
0.0821883
0.0592914
0.0453453
0.0310719
0.0117942
-0.0114099
-0.0349371
-0.0540093
-0.0627953
-0.0578403
-0.0435433
-0.0321750
-0.0349570
-0.0515317
-0.0692201
-0.0743964
-0.0652485
-0.0529513
-0.0501604
-0.0588361
-0.0692585
-0.0697864
-0.0569758
-0.0376659
-0.0233690
-0.0225455
-0.0355770
-0.0546034
-0.0682914
-0.0692135
-0.0591162
-0.0476652
-0.0447476
-0.0522371
-0.0626167
-0.0660727
-0.0593047
-0.0474368
-0.0378825
-0.0334555
-0.0317014
-0.0296147
-0.0275531
-0.0285066
-0.0343584
-0.0429791
-0.0482436
-0.0426336
-0.0210479
0.0156813
0.0594221
0.0975975
0.1204184
0.1281252
0.1311861
0.1411427
0.1596497
0.1772296
0.1844721
0.1847228
0.1940090
0.2261230
0.2766677
0.3227268
0.3403780
0.3241493
0.2896538
0.2572081
0.2334033
0.2087672
0.1718559
0.1232928
0.0752768
0.0390419
0.0151242
-0.0036734
-0.0220009
-0.0373615
-0.0456720
-0.0479411
-0.0482417
-0.0463527
-0.0369779
-0.0175708
0.0087600
0.0455757
0.1180096
0.2642668
0.4977696
0.7708334
0.9814409
1.0298709
0.8831085
0.5934741
0.2580270
-0.0432475
-0.2805354
-0.4627340
-0.6054662
-0.7104957
-0.7671743
-0.7654990
-0.7071825
-0.6088594
-0.4973580
-0.3990582
-0.3282996
-0.2826476
-0.2496081
-0.2196743
-0.1937390
-0.1780959
-0.1735927
-0.1720059
-0.1639731
-0.1488398
-0.1345920
-0.1281881
-0.1278788
-0.1260579
-0.1184013
-0.1082248
-0.1015522
-0.0996701
-0.0983988
-0.0943997
-0.0898111
-0.0888094
-0.0905371
-0.0882136
-0.0767525
-0.0601064
-0.0489487
-0.0502013
-0.0594507
-0.0646341
-0.0576297
-0.0420633
-0.0293216
-0.0267582
-0.0300866
-0.0275040
-0.0109510
0.0167897
0.0451489
0.0647009
0.0735144
0.0767538
0.0816172
0.0921298
0.1070207
0.1216122
0.1324627
0.1414582
0.1554657
0.1806089
0.2156846
0.2516393
0.2788380
0.2952255
0.3067144
0.3196735
0.3343432
0.3461286
0.3517326
0.3520772
0.3494742
0.3439601
0.3334461
0.3163168
0.2923468
0.2613432
0.2228325
0.1785617
0.1347190
0.0996217
0.0775727
0.0648376
0.0523758
0.0331908
0.0076850
-0.0172149
-0.0336458
-0.0383373
-0.0342668
-0.0278492
-0.0243152
-0.0251610
-0.0293126
-0.0357394
-0.0441204
-0.0533058
-0.0605069
-0.0630579
-0.0608379
-0.0562284
-0.0514855
-0.0467385
-0.0411756
-0.0358463
-0.0339662
-0.0373926
-0.0432741
-0.0457967
-0.0421775
-0.0362504
-0.0349051
-0.0406866
-0.0485036
-0.0501108
-0.0418732
-0.0282638
-0.0182132
-0.0181980
-0.0280092
-0.0415736
-0.0509382
-0.0506975
-0.0413395
-0.0298583
-0.0256061
-0.0326305
-0.0449748
-0.0509506
-0.0437103
-0.0276725
-0.0137873
-0.0084186
-0.0073227
-0.0003241
0.0188849
0.0474951
0.0765822
0.0980729
0.1095926
0.1149123
0.1210863
0.1338952
0.1536298
0.1745534
0.1898487
0.1982298
0.2050825
0.2160536
0.2297491
0.2376230
0.2310069
0.2076432
0.1718893
0.1303794
0.0885182
0.0498865
0.0165451
-0.0113428
-0.0353584
-0.0568987
-0.0751430
-0.0875869
-0.0926990
-0.0913831
-0.0858167
-0.0780469
-0.0700030
-0.0620695
-0.0473364
-0.0061697
0.0886505
0.2528538
0.4695492
0.6850191
0.8293758
0.8498530
0.7342618
0.5110600
0.2310366
-0.0537851
-0.3030081
-0.4923458
-0.6141824
-0.6754421
-0.6914117
-0.6771838
-0.6420952
-0.5905237
-0.5263679
-0.4557795
-0.3861062
-0.3236929
-0.2733416
-0.2385364
-0.2198752
-0.2124266
-0.2063493
-0.1928746
-0.1711401
-0.1488084
-0.1351567
-0.1330653
-0.1371220
-0.1386838
-0.1327958
-0.1215713
-0.1121680
-0.1109793
-0.1178529
-0.1247850
-0.1212321
-0.1029312
-0.0769576
-0.0577030
-0.0561490
-0.0712367
-0.0905614
-0.0994274
-0.0907358
-0.0689100
-0.0463916
-0.0353789
-0.0391979
-0.0487545
-0.0483197
-0.0283658
0.0049244
0.0335366
0.0430526
0.0354838
0.0268630
0.0320242
0.0518326
0.0748844
0.0902346
0.0970897
0.1026435
0.1131123
0.1291500
0.1491485
0.1733681
0.2019875
0.2300964
0.2485908
0.2530982
0.2513463
0.2581921
0.2806459
0.3084810
0.3224918
0.3134933
0.2916998
0.2753229
0.2703659
0.2640436
0.2391118
0.1929321
0.1404658
0.0991323
0.0730760
0.0530166
0.0292483
0.0020049
-0.0208472
-0.0333692
-0.0366135
-0.0355335
-0.0341384
-0.0348550
-0.0401301
-0.0512322
-0.0649179
-0.0739451
-0.0736267
-0.0679450
-0.0669954
-0.0765603
-0.0905649
-0.0956771
-0.0845970
-0.0644170
-0.0508139
-0.0535995
-0.0680823
-0.0802352
-0.0796354
-0.0676782
-0.0547906
-0.0509145
-0.0580205
-0.0698206
-0.0773483
-0.0752327
-0.0642764
-0.0497154
-0.0377418
-0.0328870
-0.0365967
-0.0462601
-0.0555337
-0.0578928
-0.0523684
-0.0458133
-0.0470459
-0.0569059
-0.0653007
-0.0607490
-0.0433595
-0.0261639
-0.0219910
-0.0301820
-0.0378973
-0.0334207
-0.0156088
0.0093393
0.0361129
0.0620968
0.0834692
0.0953802
0.0987188
0.1036327
0.1217897
0.1543723
0.1901762
0.2165876
0.2304985
0.2373206
0.2419787
0.2442441
0.2417673
0.2328167
0.2140135
0.1795585
0.1280945
0.0700613
0.0228493
-0.0048126
-0.0213355
-0.0414909
-0.0681439
-0.0893257
-0.0948312
-0.0908354
-0.0927561
-0.1052191
-0.1158710
-0.1115109
-0.0935722
-0.0686659
-0.0238636
0.0775984
0.2635070
0.5110694
0.7417696
0.8641689
0.8286903
0.6493276
0.3826136
0.0914014
-0.1773958
-0.3970316
-0.5590884
-0.6705314
-0.7446007
-0.7868256
-0.7896999
-0.7448101
-0.6605371
-0.5637556
-0.4810094
-0.4192290
-0.3672522
-0.3149168
-0.2664729
-0.2338084
-0.2204425
-0.2171284
-0.2131943
-0.2075096
-0.2051750
-0.2060623
-0.2017856
-0.1855089
-0.1615834
-0.1424211
-0.1364864
-0.1415590
-0.1493478
-0.1536677
-0.1528532
-0.1472901
-0.1388111
-0.1325981
-0.1352103
-0.1469087
-0.1570495
-0.1514049
-0.1264812
-0.0952133
-0.0761545
-0.0766253
-0.0872050
-0.0922514
-0.0843298
-0.0684608
-0.0547153
-0.0487732
-0.0488122
-0.0486646
-0.0424017
-0.0271809
-0.0041382
0.0223263
0.0467279
0.0651025
0.0764902
0.0829681
0.0889017
0.0991704
0.1157998
0.1352256
0.1506673
0.1598971
0.1706437
0.1951393
0.2365791
0.2817682
0.3102505
0.3124384
0.2977996
0.2838424
0.2776014
0.2695585
0.2458760
0.2047931
0.1595457
0.1257239
0.1069726
0.0927855
0.0689079
0.0299248
-0.0161498
-0.0539444
-0.0727514
-0.0758065
-0.0787656
-0.0963651
-0.1273110
-0.1524325
-0.1511823
-0.1227726
-0.0902014
-0.0803877
-0.0988362
-0.1251677
-0.1350400
-0.1253855
-0.1156304
-0.1239061
-0.1453119
-0.1569754
-0.1441001
-0.1171711
-0.1006386
-0.1061338
-0.1208925
-0.1242381
-0.1124041
-0.1025056
-0.1110897
-0.1326269
-0.1435904
-0.1281527
-0.0965054
-0.0751024
-0.0796596
-0.1003515
-0.1141574
-0.1094280
-0.0960087
-0.0918786
-0.1027400
-0.1165621
-0.1171775
-0.1011130
-0.0804553
-0.0704054
-0.0751254
-0.0854672
-0.0895088
-0.0847505
-0.0799301
-0.0846419
-0.0968715
-0.1013281
-0.0817765
-0.0367000
0.0169500
0.0566744
0.0725078
0.0731704
0.0749254
0.0853227
0.0988200
0.1077923
0.1151371
0.1328787
0.1674361
0.2085141
0.2358928
0.2385296
0.2253046
0.2145273
0.2128244
0.2070453
0.1791988
0.1281395
0.0729659
0.0334676
0.0098884
-0.0142957
-0.0499482
-0.0874402
-0.1079024
-0.1070566
-0.1016858
-0.1092690
-0.1248796
-0.1244634
-0.0918836
-0.0363208
0.0240166
0.0945333
0.2112102
0.4042681
0.6503773
0.8645469
0.9478789
0.8531278
0.6124226
0.3074191
0.0134251
-0.2345816
-0.4351894
-0.5937386
-0.7068820
-0.7681537
-0.7793487
-0.7510143
-0.6933120
-0.6112393
-0.5109899
-0.4080736
-0.3239573
-0.2717689
-0.2462365
-0.2301130
-0.2112512
-0.1921653
-0.1822605
-0.1827349
-0.1824232
-0.1696626
