-0.5352454
-0.6111528
-0.5328703
-0.4429705
-0.3990574
-0.3504033
-0.2766730
-0.2192481
-0.1910042
-0.1626280
-0.1349737
-0.1382652
-0.1628748
-0.1663157
-0.1459849
-0.1387126
-0.1519311
-0.1554295
-0.1382838
-0.1203588
-0.1103306
-0.0993978
-0.0923949
-0.1029233
-0.1222547
-0.1296196
-0.1267058
-0.1297047
-0.1362062
-0.1300184
-0.1097343
-0.0868065
-0.0661452
-0.0504907
-0.0494632
-0.0625262
-0.0682008
-0.0512332
-0.0259903
-0.0143386
-0.0152941
-0.0133555
-0.0015244
0.0193639
0.0488964
0.0806140
0.1016730
0.1105794
0.1214052
0.1420571
0.1639435
0.1806031
0.2001432
0.2314171
0.2724078
0.3177395
0.3634126
0.4009185
0.4220555
0.4327641
0.4479013
0.4705362
0.4899414
0.4996995
0.5034156
0.5032571
0.4970664
0.4858187
0.4705393
0.4437494
0.3973148
0.3372993
0.2794038
0.2316847
0.1912080
0.1535277
0.1163090
0.0788751
0.0465015
0.0282854
0.0227132
0.0140323
-0.0077487
-0.0319624
-0.0424679
-0.0401720
-0.0403466
-0.0528568
-0.0727742
-0.0861681
-0.0809895
-0.0585792
-0.0372621
-0.0364283
-0.0542492
-0.0696851
-0.0685288
-0.0578155
-0.0524370
-0.0578687
-0.0690387
-0.0766981
-0.0721061
-0.0541369
-0.0341354
-0.0261543
-0.0311691
-0.0377223
-0.0375327
-0.0330601
-0.0307650
-0.0342558
-0.0426101
-0.0488555
-0.0431615
-0.0249538
-0.0086178
-0.0092935
-0.0254279
-0.0420785
-0.0485570
-0.0467485
-0.0453216
-0.0511104
-0.0626166
-0.0681144
-0.0558233
-0.0305057
-0.0134137
-0.0197533
-0.0414178
-0.0575047
-0.0573500
-0.0485247
-0.0461464
-0.0578419
-0.0757475
-0.0820260
-0.0670221
-0.0422788
-0.0295736
-0.0370075
-0.0528297
-0.0626854
-0.0644994
-0.0649574
-0.0695179
-0.0788094
-0.0887853
-0.0920445
-0.0836267
-0.0669239
-0.0506998
-0.0409045
-0.0382754
-0.0410490
-0.0457408
-0.0485960
-0.0510200
-0.0595639
-0.0750288
-0.0861183
-0.0812174
-0.0638327
-0.0494567
-0.0482601
-0.0560328
-0.0612552
-0.0574669
-0.0497037
-0.0501613
-0.0645550
-0.0820588
-0.0839324
-0.0642053
-0.0368176
-0.0203172
-0.0208286
-0.0318828
-0.0443723
-0.0527506
-0.0563131
-0.0584856
-0.0624380
-0.0659481
-0.0635310
-0.0539054
-0.0418567
-0.0331012
-0.0309624
-0.0364589
-0.0465017
-0.0533172
-0.0516089
-0.0459903
-0.0458101
-0.0523745
-0.0559552
-0.0459674
-0.0211535
0.0095193
0.0338393
0.0469260
0.0579831
0.0830665
0.1266769
0.1731835
0.2012056
0.2052060
0.1998647
0.2050703
0.2289115
0.2626233
0.2895616
0.3012629
0.3059072
0.3179273
0.3390693
0.3550893
0.3530342
0.3361617
0.3180639
0.3057928
0.2923899
0.2643066
0.2147595
0.1517999
0.0934540
0.0523203
0.0254012
0.0019747
-0.0203625
-0.0326183
-0.0269974
-0.0071314
0.0168136
0.0428582
0.0891471
0.1919694
0.3834385
0.6584004
0.9591041
1.1984275
1.3067020
1.2645538
1.1003497
0.8622713
0.5899389
0.3051035
0.0237730
-0.2281261
-0.4178103
-0.5264371
-0.5620652
-0.5486721
-0.5061393
-0.4442343
-0.3713470
-0.3015559
-0.2506266
-0.2258335
-0.2199505
-0.2169342
-0.2067756
-0.1946160
-0.1921012
-0.2006228
-0.2079825
-0.2023245
-0.1848778
-0.1674501
-0.1606851
-0.1656895
-0.1740717
-0.1755471
-0.1683062
-0.1620079
-0.1675831
-0.1839429
-0.1974800
-0.1949640
-0.1753411
-0.1499710
-0.1333492
-0.1320573
-0.1401496
-0.1460714
-0.1451281
-0.1427767
-0.1445960
-0.1474452
-0.1440064
-0.1323635
-0.1162747
-0.0980366
-0.0761515
-0.0502443
-0.0248847
-0.0070610
-0.0000141
0.0008878
0.0056631
0.0214334
0.0469839
0.0770877
0.1099062
0.1458601
0.1810177
0.2086345
0.2289727
0.2515182
0.2834412
0.3192588
0.3460566
0.3580565
0.3632332
0.3745289
0.3945223
0.4096827
0.4023810
0.3696630
0.3269833
0.2908600
0.2610917
0.2241626
0.1718469
0.1113956
0.0577831
0.0200355
-0.0044720
-0.0254419
-0.0503865
-0.0783127
-0.1020629
-0.1168156
-0.1248550
-0.1318136
-0.1407018
-0.1504109
-0.1572515
-0.1568246
-0.1476314
-0.1348848
-0.1280642
-0.1322724
-0.1435016
-0.1537405
-0.1589434
-0.1608690
-0.1629519
-0.1656807
-0.1653154
-0.1575619
-0.1439121
-0.1328034
-0.1313573
-0.1368951
-0.1406036
-0.1396548
-0.1412995
-0.1528275
-0.1698740
-0.1772893
-0.1625697
-0.1294977
-0.0985088
-0.0904827
-0.1072989
-0.1297104
-0.1368120
-0.1265282
-0.1150400
-0.1178061
-0.1338352
-0.1476993
-0.1448715
-0.1258345
-0.1065069
-0.1035311
-0.1178711
-0.1343948
-0.1385975
-0.1315174
-0.1265105
-0.1333186
-0.1475745
-0.1554529
-0.1477086
-0.1295648
-0.1163089
-0.1177332
-0.1279845
-0.1334307
-0.1295709
-0.1259257
-0.1332224
-0.1493961
-0.1606847
-0.1552953
-0.1350341
-0.1144775
-0.1086545
-0.1199440
-0.1367624
-0.1458940
-0.1455324
-0.1455250
-0.1562897
-0.1784891
-0.2012465
-0.2087579
-0.1920096
-0.1584553
-0.1292636
-0.1226352
-0.1381251
-0.1584894
-0.1668709
-0.1610998
-0.1518717
-0.1489271
-0.1503030
-0.1459296
-0.1317168
-0.1172384
-0.1158348
-0.1280897
-0.1401935
-0.1403752
-0.1327390
-0.1314534
-0.1433282
-0.1594221
-0.1638885
-0.1499009
-0.1270308
-0.1129860
-0.1170745
-0.1315403
-0.1395029
-0.1302476
-0.1055539
-0.0733125
-0.0389161
-0.0034682
0.0324201
0.0650817
0.0884319
0.0992318
0.1023875
0.1089308
0.1263380
0.1515853
0.1754072
0.1922537
0.2042889
0.2169206
0.2326006
0.2481532
0.2561185
0.2492199
0.2252719
0.1877565
0.1413273
0.0883712
0.0313503
-0.0229093
-0.0638301
-0.0834077
-0.0828208
-0.0731399
-0.0678691
-0.0724356
-0.0807370
-0.0816959
-0.0646496
-0.0134029
0.1006121
0.3050750
0.5944640
0.9099481
1.1593712
1.2674221
1.2155179
1.0399782
0.7953551
0.5194409
0.2292969
-0.0581015
-0.3120533
-0.4989726
-0.6028140
-0.6307222
-0.6018510
-0.5364797
-0.4547199
-0.3770362
-0.3183783
-0.2805731
-0.2533867
-0.2261888
-0.1997115
-0.1847692
-0.1874066
-0.1969668
-0.1935480
-0.1691317
-0.1380752
-0.1234499
-0.1337781
-0.1550888
-0.1653595
-0.1556994
-0.1380315
-0.1327442
-0.1481049
-0.1713073
-0.1803607
-0.1649201
-0.1351184
-0.1110295
-0.1048538
-0.1121298
-0.1176651
-0.1100945
-0.0929597
-0.0817733
-0.0880396
-0.1055476
-0.1142316
-0.0988242
-0.0635914
-0.0289174
-0.0135622
-0.0187799
-0.0280850
-0.0228670
0.0006064
0.0294509
0.0489105
0.0572934
0.0661427
0.0881946
0.1266782
0.1740126
0.2180409
0.2503845
0.2717474
0.2903001
0.3141150
0.3442915
0.3746609
0.3976499
0.4113868
0.4225042
0.4408159
0.4681666
0.4921126
0.4938005
0.4645212
0.4138795
0.3607683
0.3169205
0.2793786
0.2375472
0.1864788
0.1334177
0.0914647
0.0668163
0.0529106
0.0372670
0.0126536
-0.0187828
-0.0492808
-0.0705347
-0.0774501
-0.0719584
-0.0641872
-0.0660305
-0.0801431
-0.0956640
-0.0974324
-0.0815179
-0.0615276
-0.0570244
-0.0733560
-0.0943376
-0.0987459
-0.0845381
-0.0724571
-0.0827108
-0.1107429
-0.1302407
-0.1202944
-0.0870725
-0.0578766
-0.0551126
-0.0767621
-0.1012174
-0.1091035
-0.0990970
-0.0842093
-0.0770719
-0.0809875
-0.0913781
-0.1002771
-0.0996396
-0.0860826
-0.0658754
-0.0526386
-0.0559504
-0.0713416
-0.0833300
-0.0800871
-0.0656514
-0.0567649
-0.0660759
-0.0883355
-0.1049602
-0.1029747
-0.0875728
-0.0747689
-0.0739409
-0.0803031
-0.0834026
-0.0795502
-0.0747141
-0.0769168
-0.0874237
-0.0993819
-0.1040707
-0.0974576
-0.0811603
-0.0600261
-0.0413971
-0.0344694
-0.0445005
-0.0652236
-0.0809012
-0.0806298
-0.0706002
-0.0689275
-0.0864039
-0.1130577
-0.1255818
-0.1096476
-0.0752079
-0.0485538
-0.0481748
-0.0687863
-0.0891582
-0.0936643
-0.0847175
-0.0763578
-0.0792416
-0.0918252
-0.1028845
-0.1009418
-0.0827705
-0.0545637
-0.0252119
0.0015926
0.0287327
0.0600072
0.0938581
0.1226833
0.1386790
0.1417091
0.1419376
0.1531470
0.1815833
0.2208426
0.2576043
0.2821273
0.2941928
0.3009703
0.3094808
0.3191372
0.3206237
0.3036863
0.2672991
0.2210312
0.1752945
0.1315292
0.0838902
0.0303818
-0.0197509
-0.0516495
-0.0585944
-0.0494116
-0.0406812
-0.0413733
-0.0465782
-0.0456921
-0.0314659
0.0042715
0.0816773
0.2299711
0.4632799
0.7544461
1.0339091
1.2205830
1.2634661
1.1629789
0.9586166
0.6983873
0.4179369
0.1414443
-0.1084042
-0.3093183
-0.4484668
-0.5284382
-0.5614651
-0.5580120
-0.5221174
-0.4579082
-0.3787460
-0.3062224
-0.2567706
-0.2291534
-0.2076795
-0.1791303
-0.1455571
-0.1201008
-0.1121617
-0.1183011
-0.1268428
-0.1295598
-0.1281928
-0.1300333
-0.1381023
-0.1467759
-0.1472951
-0.1363937
-0.1187438
-0.1023014
-0.0927343
-0.0909626
-0.0931523
-0.0927130
-0.0849711
-0.0719597
-0.0619019
-0.0619289
-0.0699917
-0.0742351
-0.0622581
-0.0331701
-0.0005487
0.0187510
0.0202472
0.0156276
0.0202735
0.0381147
0.0597183
0.0739336
0.0795542
0.0858445
0.1032603
0.1341440
0.1715653
0.2062150
0.2339929
0.2574135
0.2812894
0.3083729
0.3382434
0.3681985
0.3947968
0.4163081
0.4348498
0.4554108
0.4817173
0.5125754
0.5416596
0.5605522
0.5632907
0.5500264
0.5266399
0.4993926
0.4690537
0.4307098
0.3799596
0.3195805
0.2603025
0.2144345
0.1868459
0.1706711
0.1524022
0.1229450
0.0848573
0.0492927
0.0260849
0.0158840
0.0100715
-0.0020625
-0.0239462
-0.0474723
-0.0588434
-0.0509376
-0.0309360
-0.0152184
-0.0158791
-0.0313497
-0.0493138
-0.0585435
-0.0584084
-0.0573137
-0.0623138
-0.0712574
-0.0756760
-0.0701509
-0.0572589
-0.0440850
-0.0362539
-0.0357362
-0.0419338
-0.0525691
-0.0637683
-0.0710323
-0.0714711
-0.0656031
-0.0568670
-0.0489060
-0.0431541
-0.0392971
-0.0376039
-0.0394290
-0.0450691
-0.0526560
-0.0602897
-0.0681148
-0.0767748
-0.0844743
-0.0873843
-0.0833876
-0.0746330
-0.0661877
-0.0625247
-0.0649200
-0.0712004
-0.0775192
-0.0809146
-0.0812723
-0.0817178
-0.0866617
-0.0974860
-0.1088872
-0.1112372
-0.0997196
-0.0816763
-0.0722765
-0.0807307
-0.1012129
-0.1184983
-0.1223160
-0.1155895
-0.1093157
-0.1108882
-0.1180910
-0.1235176
-0.1227971
-0.1172186
-0.1096965
-0.1013651
-0.0933285
-0.0890553
-0.0917499
-0.0995791
-0.1062270
-0.1072105
-0.1039712
-0.1003714
-0.0963375
-0.0873768
-0.0712652
-0.0533180
-0.0417768
-0.0366637
-0.0258631
0.0036019
0.0495290
0.0928846
0.1150115
0.1159218
0.1135550
0.1249654
0.1499654
0.1738606
0.1845830
0.1849533
0.1877586
0.2009056
0.2199998
0.2353298
0.2426434
0.2442929
0.2417044
0.2313080
0.2093379
0.1773639
0.1398105
0.0971913
0.0459825
-0.0126496
-0.0665708
-0.1000289
-0.1095200
-0.1094159
-0.1171777
-0.1326988
-0.1369083
-0.1133541
-0.0661337
-0.0083556
0.0683595
0.2036620
0.4348823
0.7461194
1.0524857
1.2435696
1.2533123
1.0965845
0.8442614
0.5659243
0.2935919
0.0302087
-0.2197306
-0.4341066
-0.5838359
-0.6536026
-0.6515499
-0.6026124
-0.5347236
-0.4685807
-0.4143644
-0.3728406
-0.3383296
-0.3036471
-0.2664841
-0.2330415
-0.2143551
-0.2166149
-0.2334305
-0.2480385
-0.2457583
-0.2271796
-0.2091077
-0.2092548
-0.2273803
-0.2429812
-0.2350475
-0.2048466
-0.1765492
-0.1731476
-0.1926529
-0.2103783
-0.2053127
-0.1824396
-0.1669750
-0.1766624
-0.2019156
-0.2148533
-0.1969205
-0.1559042
-0.1166583
-0.0980398
-0.0995363
-0.1068588
-0.1066329
-0.0958321
-0.0805586
-0.0683301
-0.0609048
-0.0524716
-0.0342634
-0.0026445
0.0356138
0.0668925
0.0824469
0.0881272
0.1005858
0.1310892
0.1730880
0.2080988
0.2249339
0.2318446
0.2484733
0.2862720
0.3374830
0.3826078
0.4073987
0.4126843
0.4095682
0.4071685
0.4051548
0.3960020
0.3723155
0.3325368
0.2823005
0.2316809
0.1893725
0.1568785
0.1276921
0.0932698
0.0507885
0.0053544
-0.0351063
-0.0668951
-0.0928468
-0.1181232
-0.1437331
-0.1641468
-0.1718153
-0.1648933
-0.1509001
-0.1422169
-0.1465441
-0.1603247
-0.1714600
-0.1700984
-0.1582929
-0.1487272
-0.1524968
-0.1676459
-0.1804030
-0.1781102
-0.1608510
-0.1409278
-0.1319888
-0.1384806
-0.1537638
-0.1667023
-0.1703903
-0.1664904
-0.1626809
-0.1655242
-0.1741664
-0.1802379
-0.1752371
-0.1597290
-0.1447849
-0.1419649
-0.1508351
-0.1582417
-0.1521427
-0.1357249
-0.1254482
-0.1338221
-0.1550819
-0.1695835
-0.1630138
-0.1407530
-0.1226077
-0.1234493
-0.1396626
-0.1546464
-0.1563822
-0.1483662
-0.1438127
-0.1509749
-0.1650482
-0.1734479
-0.1676967
-0.1503517
-0.1318596
-0.1218349
-0.1228701
-0.1307528
-0.1388426
-0.1425303
-0.1416495
-0.1400591
-0.1419516
-0.1468385
-0.1483221
-0.1397520
-0.1222169
-0.1059054
-0.1017399
-0.1109540
-0.1235547
-0.1279371
-0.1221672
-0.1152557
-0.1169352
-0.1266114
-0.1331896
-0.1260603
-0.1059730
-0.0849804
-0.0757759
-0.0807198
-0.0906561
-0.0944204
-0.0899396
-0.0857600
-0.0907180
-0.1021221
-0.1058989
-0.0902002
-0.0585484
-0.0274513
-0.0095564
0.0001391
0.0194744
0.0596545
0.1114341
0.1521289
0.1666854
0.1611671
0.1556247
0.1652355
0.1891366
0.2156163
0.2349565
0.2464169
0.2551913
0.2652943
0.2755230
0.2805714
0.2752206
0.2585410
0.2351360
0.2113537
0.1881779
0.1577335
0.1098527
0.0451122
-0.0196430
-0.0629883
-0.0786178
-0.0814541
-0.0910368
-0.1092970
-0.1183323
-0.1012467
-0.0603770
-0.0080855
0.0615850
0.1842026
0.3961778
0.6874109
0.9839283
1.1850530
1.2265482
1.1148642
0.9060767
0.6556781
0.3879346
0.1068550
-0.1730173
-0.4137940
-0.5736293
-0.6375169
-0.6279322
-0.5851988
-0.5371723
-0.4862723
-0.4227441
-0.3470766
-0.2773800
-0.2349005
-0.2241476
-0.2293613
-0.2310109
-0.2241309
-0.2187886
-0.2237015
-0.2331638
-0.2326603
-0.2159267
-0.1929805
-0.1800025
-0.1832200
-0.1947206
-0.2030433
-0.2048298
-0.2048593
-0.2069818
-0.2083367
-0.2031339
-0.1899485
-0.1735501
-0.1603326
-0.1534745
-0.1521007
-0.1531328
-0.1533245
-0.1513084
-0.1493281
-0.1518687
-0.1598710
-0.1656032
-0.1560274
-0.1247914
-0.0814368
-0.0458133
-0.0303113
-0.0275718
-0.0180120
0.0093783
0.0452483
0.0705992
0.0785339
0.0827115
0.1028267
0.1433078
0.1889625
0.2219455
0.2405005
0.2586583
0.2883444
0.3251495
0.3538641
0.3665833
0.3720627
0.3856716
0.4114310
0.4359119
0.4401666
0.4167981
0.3751861
0.3311829
0.2927899
0.2554917
0.2100979
0.1542323
0.0965357
0.0502612
0.0223189
0.0073499
-0.0079660
-0.0337258
-0.0681946
-0.0995263
-0.1166659
-0.1196459
-0.1195515
-0.1279270
-0.1455570
-0.1613769
-0.1627222
-0.1473967
-0.1263507
-0.1145110
-0.1181218
-0.1299975
-0.1368872
-0.1322437
