0.1018016
0.0908382
0.0311301
0.0078453
0.0317706
0.0479190
0.0336745
0.0178161
0.0162970
0.0123760
-0.0015195
-0.0125907
-0.0185835
-0.0290481
-0.0370750
-0.0262321
-0.0043971
0.0020722
-0.0126281
-0.0285893
-0.0324649
-0.0300212
-0.0287279
-0.0300588
-0.0366146
-0.0477727
-0.0518496
-0.0392911
-0.0189084
-0.0066129
-0.0046553
-0.0052589
-0.0062784
-0.0094463
-0.0114778
-0.0104851
-0.0136341
-0.0260149
-0.0389300
-0.0403057
-0.0305183
-0.0192476
-0.0133980
-0.0149532
-0.0228631
-0.0308081
-0.0312471
-0.0268977
-0.0294601
-0.0422822
-0.0534900
-0.0511351
-0.0367942
-0.0204893
-0.0105768
-0.0115292
-0.0226826
-0.0355442
-0.0397981
-0.0346950
-0.0284295
-0.0257454
-0.0225431
-0.0119834
0.0106421
0.0465773
0.0886837
0.1201697
0.1283394
0.1201803
0.1164670
0.1296381
0.1531636
0.1721961
0.1796680
0.1827627
0.1966829
0.2288984
0.2665459
0.2848539
0.2729560
0.2461811
0.2272521
0.2201317
0.2084643
0.1761055
0.1236128
0.0672611
0.0261871
0.0080371
0.0038603
-0.0013446
-0.0126304
-0.0228444
-0.0249716
-0.0200526
-0.0122957
-0.0035312
0.0061840
0.0213533
0.0598725
0.1526815
0.3241663
0.5654700
0.8220057
1.0079699
1.0461048
0.9117856
0.6474745
0.3322440
0.0333255
-0.2180705
-0.4165329
-0.5626619
-0.6555653
-0.6965089
-0.6933510
-0.6597629
-0.6085352
-0.5450355
-0.4703774
-0.3922864
-0.3273790
-0.2877584
-0.2681494
-0.2508360
-0.2223683
-0.1838564
-0.1483413
-0.1307371
-0.1363815
-0.1549701
-0.1673776
-0.1619031
-0.1438698
-0.1289504
-0.1284989
-0.1403770
-0.1505992
-0.1445808
-0.1214806
-0.0978583
-0.0923274
-0.1054230
-0.1190022
-0.1168626
-0.1017648
-0.0902225
-0.0938555
-0.1080767
-0.1174099
-0.1106823
-0.0915897
-0.0739891
-0.0667212
-0.0656960
-0.0621079
-0.0541913
-0.0470928
-0.0444103
-0.0446142
-0.0437752
-0.0371490
-0.0196933
0.0094074
0.0418956
0.0640885
0.0680655
0.0595283
0.0544524
0.0663575
0.0938792
0.1209639
0.1330362
0.1340007
0.1436246
0.1763415
0.2255341
0.2701214
0.2936508
0.2956983
0.2882055
0.2833674
0.2831843
0.2787394
0.2603610
0.2287590
0.1949271
0.1695484
0.1542015
0.1418941
0.1236696
0.0957480
0.0634953
0.0380990
0.0262270
0.0227058
0.0157121
-0.0007596
-0.0211953
-0.0345083
-0.0340836
-0.0233039
-0.0131668
-0.0131666
-0.0224757
-0.0311942
-0.0317868
-0.0275347
-0.0278672
-0.0371757
-0.0503989
-0.0582894
-0.0552358
-0.0433256
-0.0306617
-0.0249591
-0.0275571
-0.0338987
-0.0392354
-0.0421242
-0.0432523
-0.0441350
-0.0471060
-0.0529272
-0.0572849
-0.0531727
-0.0391312
-0.0231896
-0.0163106
-0.0220343
-0.0330182
-0.0376493
-0.0311223
-0.0212080
-0.0216588
-0.0376823
-0.0587329
-0.0678983
-0.0580757
-0.0375948
-0.0214436
-0.0190832
-0.0290714
-0.0419879
-0.0483390
-0.0459793
-0.0407518
-0.0396175
-0.0439338
-0.0495965
-0.0514946
-0.0463809
-0.0336426
-0.0159723
0.0013919
0.0142992
0.0232160
0.0329981
0.0490880
0.0724637
0.0964755
0.1102754
0.1095187
0.1042243
0.1117999
0.1395347
0.1760409
0.2024315
0.2111197
0.2119623
0.2201275
0.2389036
0.2551574
0.2526838
0.2300575
0.2030349
0.1875301
0.1821384
0.1702822
0.1386330
0.0906123
0.0423309
0.0082660
-0.0088829
-0.0172302
-0.0264992
-0.0388447
-0.0474552
-0.0435330
-0.0242736
0.0055190
0.0391372
0.0775831
0.1373505
0.2469496
0.4258410
0.6566185
0.8765079
1.0035723
0.9820055
0.8124345
0.5460407
0.2506524
-0.0237888
-0.2570665
-0.4465470
-0.5901499
-0.6825944
-0.7233647
-0.7214676
-0.6901576
-0.6393087
-0.5738442
-0.4972824
-0.4153579
-0.3372628
-0.2736708
-0.2316417
-0.2100489
-0.2004804
-0.1934350
-0.1842796
-0.1744127
-0.1674880
-0.1639052
-0.1588125
-0.1471658
-0.1314066
-0.1215333
-0.1250197
-0.1378519
-0.1480895
-0.1481191
-0.1416478
-0.1386404
-0.1445253
-0.1543103
-0.1567858
-0.1451862
-0.1244729
-0.1076506
-0.1043695
-0.1131332
-0.1238172
-0.1265090
-0.1188530
-0.1075060
-0.1027912
-0.1091491
-0.1192175
-0.1190206
-0.1010291
-0.0721501
-0.0483118
-0.0409365
-0.0475421
-0.0540706
-0.0469354
-0.0249371
-0.0002333
0.0132265
0.0128009
0.0091844
0.0165882
0.0411438
0.0767059
0.1099150
0.1306790
0.1405391
0.1511017
0.1725237
0.2029577
0.2300343
0.2426775
0.2408775
0.2341734
0.2311391
0.2302470
0.2211795
0.1958627
0.1579377
0.1199993
0.0915363
0.0712184
0.0510270
0.0256854
-0.0026690
-0.0266857
-0.0391085
-0.0380820
-0.0299146
-0.0261117
-0.0350122
-0.0545289
-0.0731460
-0.0794792
-0.0727542
-0.0643839
-0.0674840
-0.0833073
-0.0990798
-0.1008007
-0.0872972
-0.0701911
-0.0615169
-0.0640051
-0.0725410
-0.0810806
-0.0863764
-0.0875439
-0.0853497
-0.0824970
-0.0825900
-0.0865161
-0.0895797
-0.0846852
-0.0709281
-0.0578753
-0.0573845
-0.0699741
-0.0826408
-0.0828739
-0.0728572
-0.0666063
-0.0735380
-0.0877841
-0.0946847
-0.0862082
-0.0686569
-0.0557849
-0.0558545
-0.0659724
-0.0773123
-0.0830007
-0.0808811
-0.0729032
-0.0654274
-0.0674486
-0.0824762
-0.1009360
-0.1057002
-0.0895189
-0.0655879
-0.0567392
-0.0725460
-0.0987111
-0.1111142
-0.1004918
-0.0814370
-0.0754699
-0.0863727
-0.0951216
-0.0798372
-0.0383196
0.0103133
0.0437392
0.0541138
0.0505568
0.0487043
0.0583373
0.0777332
0.0973419
0.1093776
0.1155072
0.1257379
0.1486965
0.1813605
0.2082237
0.2129043
0.1929583
0.1626722
0.1390316
0.1249346
0.1081139
0.0762065
0.0299825
-0.0187082
-0.0581308
-0.0828404
-0.0916138
-0.0853135
-0.0693937
-0.0549305
-0.0511325
-0.0545834
-0.0496427
-0.0238420
0.0199054
0.0751652
0.1588123
0.3141400
0.5679280
0.8745759
1.1110517
1.1468598
0.9378152
0.5611533
0.1589749
-0.1600517
-0.3761040
-0.5322353
-0.6665269
-0.7728351
-0.8191077
-0.7903963
-0.7075746
-0.6089299
-0.5210182
-0.4477910
-0.3815651
-0.3187996
-0.2649287
-0.2274201
-0.2073848
-0.1983163
-0.1911760
-0.1798585
-0.1636996
-0.1471031
-0.1361851
-0.1332762
-0.1341042
-0.1320773
-0.1259696
-0.1217804
-0.1257873
-0.1364872
-0.1445159
-0.1407383
-0.1244610
-0.1041141
-0.0901480
-0.0870880
-0.0918708
-0.0984525
-0.1025562
-0.1026674
-0.0993768
-0.0953300
-0.0937832
-0.0946217
-0.0924821
-0.0815153
-0.0628366
-0.0455154
-0.0384316
-0.0410680
-0.0435187
-0.0368522
-0.0234471
-0.0151961
-0.0195935
-0.0284862
-0.0237011
0.0045695
0.0463111
0.0801529
0.0931372
0.0915779
0.0929819
0.1083430
0.1327472
0.1528729
0.1624560
0.1688689
0.1843287
0.2124460
0.2447455
0.2688883
0.2780131
0.2728979
0.2585964
0.2408043
0.2234589
0.2067422
0.1866780
0.1586131
0.1233846
0.0901900
0.0707980
0.0682155
0.0715504
0.0651521
0.0442046
0.0192832
0.0038690
-0.0007085
-0.0050965
-0.0173577
-0.0320223
-0.0358096
-0.0232813
-0.0044989
0.0041163
-0.0040551
-0.0200557
-0.0296609
-0.0277312
-0.0213513
-0.0205882
-0.0286809
-0.0407447
-0.0489269
-0.0476689
-0.0365993
-0.0212350
-0.0104755
-0.0106072
-0.0197855
-0.0288061
-0.0291805
-0.0217378
-0.0164253
-0.0216040
-0.0332843
-0.0373520
-0.0244219
-0.0013284
0.0145020
0.0122791
-0.0020566
-0.0131372
-0.0120314
-0.0040087
-0.0014998
-0.0107791
-0.0260244
-0.0357377
-0.0338393
-0.0242538
-0.0160223
-0.0153111
-0.0214002
-0.0284495
-0.0310769
-0.0301552
-0.0335265
-0.0484030
-0.0710318
-0.0857376
-0.0780783
-0.0505424
-0.0232787
-0.0162506
-0.0293579
-0.0413430
-0.0302663
0.0045667
0.0422348
0.0620160
0.0639826
0.0667733
0.0865535
0.1206071
0.1514414
0.1646043
0.1614978
0.1563396
0.1621453
0.1792121
0.1958597
0.1997832
0.1891429
0.1733820
0.1635629
0.1614637
0.1576174
0.1404571
0.1081293
0.0708272
0.0403492
0.0179984
-0.0048888
-0.0339872
-0.0624658
-0.0770548
-0.0724748
-0.0566436
-0.0408135
-0.0272375
-0.0087747
0.0218809
0.0691428
0.1445849
0.2744730
0.4829738
0.7548296
1.0135772
1.1486390
1.0808741
0.8154014
0.4378587
0.0592644
-0.2443170
-0.4548578
-0.5933351
-0.6857238
-0.7424227
-0.7587944
-0.7271231
-0.6486900
-0.5401862
-0.4306757
-0.3475504
-0.2993471
-0.2714216
-0.2418717
-0.2038313
-0.1710656
-0.1605519
-0.1709735
-0.1809863
-0.1697820
-0.1381691
-0.1075306
-0.0977524
-0.1078413
-0.1193936
-0.1174704
-0.1052250
-0.0977734
-0.1045134
-0.1196212
-0.1288826
-0.1236282
-0.1076634
-0.0922250
-0.0856312
-0.0876404
-0.0922347
-0.0941622
-0.0925923
-0.0899716
-0.0887255
-0.0886970
-0.0867665
-0.0792745
-0.0659857
-0.0516585
-0.0424010
-0.0397154
-0.0386515
-0.0325392
-0.0196364
-0.0048249
0.0056349
0.0112673
0.0188937
0.0359743
0.0620330
0.0875819
0.1026203
0.1063270
0.1080098
0.1184117
0.1398514
0.1643132
0.1811893
0.1878084
0.1929097
0.2089015
0.2393315
0.2735529
0.2944635
0.2927512
0.2745753
0.2553063
0.2446791
0.2373741
0.2190674
0.1829997
0.1399418
0.1096246
0.1013408
0.1042761
0.0985056
0.0753794
0.0458759
0.0283853
0.0291168
0.0358740
0.0315258
0.0123932
-0.0082465
-0.0146572
-0.0047253
0.0091962
0.0137072
0.0065732
-0.0039242
-0.0093827
-0.0095634
-0.0109156
-0.0182003
-0.0283928
-0.0330645
-0.0266094
-0.0119356
0.0017566
0.0065568
0.0017714
-0.0064949
-0.0111555
-0.0102060
-0.0077539
-0.0091004
-0.0146776
-0.0189041
-0.0150487
-0.0014420
0.0162550
0.0283247
0.0276434
0.0152962
0.0004092
-0.0070308
-0.0049536
-0.0010408
-0.0048345
-0.0172967
-0.0284894
-0.0265724
-0.0098530
0.0102533
0.0189882
0.0113323
-0.0046546
-0.0168517
-0.0201879
-0.0189181
-0.0200793
-0.0265726
-0.0358609
-0.0430890
-0.0446532
-0.0402101
-0.0329016
-0.0277023
-0.0283268
-0.0346359
-0.0429530
-0.0495492
-0.0541630
-0.0596298
-0.0676661
-0.0757191
-0.0790672
-0.0760141
-0.0700980
-0.0669191
-0.0693325
-0.0756710
-0.0817337
-0.0842391
-0.0832839
-0.0820262
-0.0831039
-0.0843001
-0.0782112
-0.0580021
-0.0248211
0.0109527
0.0376156
0.0525882
0.0644970
0.0834591
0.1091904
0.1303108
0.1364498
0.1301099
0.1253287
0.1349642
0.1600165
0.1902789
0.2131105
0.2212014
0.2145818
0.1984754
0.1798768
0.1637199
0.1494285
0.1308098
0.1016198
0.0632958
0.0265387
0.0028932
-0.0063016
-0.0115070
-0.0242607
-0.0447693
-0.0607221
-0.0588227
-0.0376995
-0.0088587
0.0174651
0.0504952
0.1231554
0.2723652
0.5049791
0.7749789
0.9941477
1.0749056
0.9779859
0.7315740
0.4095232
0.0876273
-0.1887279
-0.4069389
-0.5687557
-0.6738751
-0.7186229
-0.7047644
-0.6459327
-0.5649218
-0.4843024
-0.4172966
-0.3647250
-0.3195397
-0.2754933
-0.2335446
-0.2009735
-0.1838140
-0.1793869
-0.1766023
-0.1648544
-0.1433789
-0.1217143
-0.1107423
-0.1132340
-0.1225560
-0.1294741
-0.1298620
-0.1267921
-0.1262616
-0.1309109
-0.1372075
-0.1384448
-0.1308733
-0.1174624
-0.1058282
-0.1019712
-0.1051832
-0.1087517
-0.1062522
-0.0978796
-0.0905541
-0.0912771
-0.1001561
-0.1099285
-0.1120491
-0.1032140
-0.0869275
-0.0700849
-0.0582148
-0.0525768
-0.0500848
-0.0455360
-0.0350864
-0.0193474
-0.0037339
0.0055336
0.0077147
0.0102243
0.0234247
0.0510273
0.0854654
0.1136158
0.1277802
0.1314775
0.1350916
0.1463253
0.1645049
0.1830395
0.1964725
0.2051378
0.2138336
0.2267868
0.2436112
0.2588701
0.2649090
0.2563216
0.2336921
0.2037192
0.1746631
0.1503796
0.1283890
0.1039233
0.0759782
0.0495250
0.0319395
0.0270211
0.0317542
0.0382253
0.0388228
0.0307227
0.0168873
0.0034462
-0.0047832
-0.0078467
-0.0103518
-0.0167071
-0.0258158
-0.0310644
-0.0267281
-0.0145941
-0.0034558
-0.0013952
-0.0085296
-0.0175179
-0.0211503
-0.0192672
-0.0181815
-0.0235646
-0.0342813
-0.0432292
-0.0437579
-0.0351050
-0.0224474
-0.0128079
-0.0106731
-0.0157162
-0.0231311
-0.0265313
-0.0224908
-0.0138615
-0.0084293
-0.0126211
-0.0250491
-0.0363442
-0.0367056
-0.0247274
-0.0089045
-0.0002071
-0.0030519
-0.0129452
-0.0216735
-0.0242356
-0.0220469
-0.0213057
-0.0282295
-0.0436915
-0.0606874
-0.0678611
-0.0583050
-0.0370024
-0.0191510
-0.0187063
-0.0363735
-0.0585878
-0.0695722
-0.0656231
-0.0578660
-0.0607626
-0.0776662
-0.0973939
-0.1047422
-0.0945469
-0.0760608
-0.0641034
-0.0659128
-0.0760274
-0.0829950
-0.0802582
-0.0707213
-0.0620106
-0.0582428
-0.0557663
-0.0455980
-0.0201833
0.0201834
0.0657961
0.1027723
0.1220745
0.1254163
0.1230239
0.1253495
0.1362480
0.1528791
0.1702806
0.1846981
0.1934948
0.1949557
0.1904613
0.1856250
0.1858072
0.1887934
0.1838069
0.1607346
0.1209744
0.0775141
0.0431501
0.0193808
-0.0020973
-0.0277889
-0.0542983
-0.0721855
-0.0757695
-0.0670238
-0.0508486
-0.0299027
-0.0048542
0.0252690
0.0695620
0.1519430
0.3014887
0.5229854
0.7710362
0.9588448
1.0052355
0.8851327
0.6412001
0.3487841
0.0681477
-0.1758197
-0.3792796
-0.5371684
-0.6390747
-0.6815516
-0.6761390
-0.6418503
-0.5919822
-0.5304855
-0.4592795
-0.3850191
-0.3172388
-0.2621788
-0.2209490
-0.1929918
-0.1782355
-0.1743337
-0.1739467
-0.1683486
-0.1552087
-0.1414740
-0.1366842
-0.1429285
-0.1518612
-0.1519211
-0.1386524
-0.1185492
-0.1034922
-0.1011663
-0.1095542
-0.1195298
-0.1228903
-0.1190220
-0.1146355
-0.1167854
-0.1254356
-0.1327890
-0.1305522
-0.1182006
-0.1036676
-0.0955151
-0.0947923
-0.0950336
-0.0897136
-0.0786209
-0.0668476
-0.0588675
-0.0547593
-0.0516282
-0.0469013
-0.0393051
-0.0277878
-0.0115767
0.0079301
0.0266354
0.0409391
0.0518798
0.0648992
0.0841663
0.1069714
0.1246718
0.1303776
0.1265447
0.1250471
0.1387255
0.1709796
0.2121355
0.2461011
0.2622813
0.2629573
0.2598094
0.2625517
0.2697776
0.2703493
0.2540737
0.2217223
0.1851195
0.1575553
0.1436293
0.1372006
0.1278082
0.1089306
0.0818270
0.0537481
0.0329564
0.0235313
0.0226233
0.0223496
0.0159861
0.0039132
-0.0064527
-0.0075212
0.0010864
0.0119790
0.0166945
0.0126748
0.0039668
-0.0037171
-0.0077811
-0.0095050
-0.0118430
-0.0169406
-0.0243754
-0.0304458
-0.0298090
-0.0198012
-0.0041494
0.0084874
0.0111073
0.0040541
-0.0059404
-0.0121640
-0.0131198
-0.0121108
-0.0132146
-0.0181399
-0.0254422
-0.0308964
-0.0290565
-0.0171837
0.0004248
0.0132135
0.0123762
-0.0005749
-0.0144238
-0.0189183
-0.0146413
-0.0112780
-0.0163968
-0.0275035
-0.0356804
-0.0353811
-0.0288812
-0.0219436
-0.0179139
-0.0172486
