-0.0864476
-0.0990032
-0.1105456
-0.1109879
-0.0982997
-0.0803205
-0.0683196
-0.0684551
-0.0779600
-0.0881081
-0.0910436
-0.0856415
-0.0784551
-0.0785967
-0.0896375
-0.1050595
-0.1123687
-0.1036877
-0.0835238
-0.0657480
-0.0619528
-0.0721766
-0.0866013
-0.0955408
-0.0972258
-0.0966118
-0.0984222
-0.1024586
-0.1049293
-0.1027786
-0.0963492
-0.0889826
-0.0849393
-0.0869028
-0.0938523
-0.1009575
-0.1028825
-0.0985395
-0.0924378
-0.0903419
-0.0933320
-0.0967581
-0.0952597
-0.0881374
-0.0793780
-0.0732284
-0.0708866
-0.0712899
-0.0734731
-0.0769554
-0.0804995
-0.0820220
-0.0799442
-0.0732823
-0.0596960
-0.0350937
0.0021726
0.0460192
0.0835995
0.1042100
0.1081810
0.1063078
0.1099417
0.1217578
0.1360706
0.1470294
0.1552193
0.1661570
0.1834271
0.2041923
0.2211395
0.2279887
0.2230486
0.2083543
0.1862443
0.1568691
0.1188314
0.0725296
0.0232450
-0.0195969
-0.0477748
-0.0604023
-0.0651050
-0.0721026
-0.0854856
-0.0993353
-0.1030145
-0.0918382
-0.0728516
-0.0573865
-0.0434598
-0.0036282
0.1052653
0.3100711
0.5885925
0.8649650
1.0436950
1.0614809
0.9192737
0.6721793
0.3891773
0.1166344
-0.1296981
-0.3479327
-0.5312989
-0.6649393
-0.7367737
-0.7484685
-0.7156959
-0.6586614
-0.5920283
-0.5221054
-0.4517234
-0.3866535
-0.3365776
-0.3088020
-0.3002541
-0.2965830
-0.2819433
-0.2523108
-0.2195093
-0.2004760
-0.2010661
-0.2103532
-0.2114844
-0.1982313
-0.1803306
-0.1722736
-0.1774377
-0.1842612
-0.1784003
-0.1579461
-0.1357771
-0.1269119
-0.1341185
-0.1458927
-0.1477457
-0.1352710
-0.1172808
-0.1072743
-0.1112869
-0.1223127
-0.1257598
-0.1115857
-0.0831788
-0.0551463
-0.0411653
-0.0421505
-0.0457465
-0.0382821
-0.0180293
0.0034814
0.0135916
0.0116490
0.0098536
0.0216985
0.0501283
0.0860818
0.1167401
0.1349428
0.1429668
0.1498665
0.1650722
0.1916551
0.2232253
0.2479739
0.2588114
0.2616251
0.2724016
0.3032748
0.3499126
0.3935443
0.4167902
0.4178593
0.4093573
0.4041478
0.4032074
0.3965269
0.3741635
0.3359000
0.2913926
0.2521762
0.2230104
0.1991661
0.1710746
0.1325755
0.0864264
0.0422032
0.0075900
-0.0190826
-0.0467053
-0.0805386
-0.1140842
-0.1338247
-0.1330368
-0.1198899
-0.1106798
-0.1152396
-0.1295955
-0.1422500
-0.1460439
-0.1434326
-0.1418630
-0.1460866
-0.1548808
-0.1629099
-0.1642226
-0.1556896
-0.1403052
-0.1276084
-0.1275133
-0.1405532
-0.1550173
-0.1570794
-0.1453019
-0.1334155
-0.1365115
-0.1544056
-0.1702736
-0.1668304
-0.1435667
-0.1174554
-0.1069634
-0.1158814
-0.1320624
-0.1400997
-0.1345675
-0.1228222
-0.1172971
-0.1247925
-0.1406632
-0.1520247
-0.1482142
-0.1305293
-0.1121382
-0.1069228
-0.1170518
-0.1314449
-0.1370041
-0.1314912
-0.1249603
-0.1283513
-0.1412622
-0.1517174
-0.1479479
-0.1298845
-0.1093430
-0.0998925
-0.1062873
-0.1216213
-0.1331216
-0.1320716
-0.1211958
-0.1134062
-0.1209141
-0.1425116
-0.1614091
-0.1586097
-0.1314139
-0.0986437
-0.0848455
-0.0972651
-0.1190935
-0.1269680
-0.1146376
-0.0975798
-0.0945540
-0.1073823
-0.1204560
-0.1180134
-0.0988122
-0.0740122
-0.0540291
-0.0397612
-0.0250925
-0.0045683
0.0223079
0.0515978
0.0769732
0.0924258
0.0968343
0.0974098
0.1058405
0.1277179
0.1560233
0.1774991
0.1858927
0.1870119
0.1901082
0.1965028
0.1987144
0.1895950
0.1694458
0.1435117
0.1151429
0.0840866
0.0506553
0.0180861
-0.0108970
-0.0375499
-0.0642009
-0.0885597
-0.1042011
-0.1077936
-0.1033882
-0.0975047
-0.0911171
-0.0778251
-0.0474873
0.0126019
0.1196923
0.2905920
0.5236144
0.7796079
0.9846853
1.0628099
0.9780055
0.7535481
0.4541299
0.1481078
-0.1208288
-0.3382405
-0.5070554
-0.6336356
-0.7197446
-0.7615154
-0.7543781
-0.7010378
-0.6164665
-0.5242779
-0.4453809
-0.3873574
-0.3436750
-0.3035669
-0.2634266
-0.2292073
-0.2086516
-0.2023452
-0.2027124
-0.2010656
-0.1950883
-0.1896440
-0.1904033
-0.1963354
-0.1986895
-0.1886658
-0.1670747
-0.1458217
-0.1383591
-0.1476703
-0.1634877
-0.1716390
-0.1667435
-0.1563102
-0.1524191
-0.1590981
-0.1679025
-0.1661465
-0.1494109
-0.1258677
-0.1087143
-0.1045887
-0.1085777
-0.1095118
-0.1003202
-0.0842405
-0.0711640
-0.0672549
-0.0679545
-0.0618498
-0.0419858
-0.0132738
0.0116047
0.0239274
0.0269286
0.0323024
0.0486470
0.0734208
0.0965310
0.1115171
0.1223947
0.1394217
0.1689051
0.2072442
0.2439013
0.2697778
0.2840487
0.2943574
0.3101244
0.3342014
0.3601891
0.3782256
0.3841776
0.3835841
0.3862026
0.3957117
0.4043657
0.3987261
0.3718973
0.3301363
0.2866658
0.2490435
0.2133332
0.1705844
0.1181623
0.0645457
0.0235487
0.0034385
0.0000267
-0.0007145
-0.0123481
-0.0378595
-0.0676988
-0.0877941
-0.0915501
-0.0859876
-0.0857073
-0.0986754
-0.1172559
-0.1251093
-0.1144339
-0.0951429
-0.0849823
-0.0909643
-0.1027871
-0.1054013
-0.0962899
-0.0881236
-0.0941097
-0.1125460
-0.1277590
-0.1262631
-0.1102419
-0.0941808
-0.0897222
-0.0956400
-0.1017930
-0.1002420
-0.0918379
-0.0841445
-0.0846103
-0.0945081
-0.1071980
-0.1119954
-0.1018597
-0.0797557
-0.0581115
-0.0502293
-0.0595660
-0.0765227
-0.0871772
-0.0864799
-0.0821313
-0.0843436
-0.0928096
-0.0961630
-0.0851062
-0.0644726
-0.0502661
-0.0540291
-0.0708114
-0.0839047
-0.0821870
-0.0719285
-0.0698797
-0.0845412
-0.1058548
-0.1145198
-0.1009535
-0.0744770
-0.0545634
-0.0538357
-0.0688622
-0.0858025
-0.0938346
-0.0931405
-0.0911548
-0.0931155
-0.0973524
-0.0984972
-0.0931310
-0.0821877
-0.0698023
-0.0608849
-0.0585536
-0.0622021
-0.0678600
-0.0714143
-0.0722877
-0.0739033
-0.0796917
-0.0879314
-0.0912834
-0.0833320
-0.0662885
-0.0506850
-0.0459257
-0.0516934
-0.0597175
-0.0631202
-0.0622453
-0.0613994
-0.0617705
-0.0587315
-0.0456133
-0.0194444
0.0166362
0.0554873
0.0897678
0.1145148
0.1282122
0.1329311
0.1327556
0.1306602
0.1274592
0.1253260
0.1311044
0.1520080
0.1857265
0.2172458
0.2296982
0.2197893
0.2007075
0.1879125
0.1824247
0.1701240
0.1385277
0.0925039
0.0506245
0.0259380
0.0134949
-0.0013430
-0.0250986
-0.0503684
-0.0666137
-0.0719101
-0.0720089
-0.0712177
-0.0680704
-0.0583045
-0.0353948
0.0166212
0.1268381
0.3215029
0.5916604
0.8734398
1.0687434
1.0991727
0.9520795
0.6825379
0.3739518
0.0920176
-0.1363017
-0.3140407
-0.4526282
-0.5562211
-0.6194428
-0.6348337
-0.6024427
-0.5354136
-0.4575039
-0.3917769
-0.3469320
-0.3134845
-0.2756960
-0.2289858
-0.1850200
-0.1592318
-0.1546444
-0.1592767
-0.1589779
-0.1512605
-0.1454326
-0.1493426
-0.1577351
-0.1559789
-0.1359577
-0.1065377
-0.0864614
-0.0869303
-0.1018673
-0.1147231
-0.1139332
-0.1022404
-0.0920994
-0.0922007
-0.0983326
-0.0980074
-0.0843367
-0.0641653
-0.0512159
-0.0515968
-0.0575050
-0.0558637
-0.0425970
-0.0272620
-0.0226002
-0.0296486
-0.0348899
-0.0236072
0.0048292
0.0367564
0.0586735
0.0694836
0.0780292
0.0913119
0.1076092
0.1206088
0.1281184
0.1353993
0.1499821
0.1739782
0.2023570
0.2287338
0.2516106
0.2742065
0.2992872
0.3255259
0.3485399
0.3645536
0.3737376
0.3812785
0.3946002
0.4174176
0.4452928
0.4674454
0.4740230
0.4629215
0.4406118
0.4160854
0.3926650
0.3654276
0.3278585
0.2813346
0.2363270
0.2028895
0.1807624
0.1600913
0.1317411
0.0963409
0.0634563
0.0421620
0.0321124
0.0239470
0.0091306
-0.0107365
-0.0253394
-0.0265771
-0.0173928
-0.0094823
-0.0125167
-0.0253603
-0.0374849
-0.0395225
-0.0329714
-0.0287773
-0.0355821
-0.0502689
-0.0611614
-0.0596075
-0.0471080
-0.0323067
-0.0234458
-0.0235789
-0.0301747
-0.0373768
-0.0396808
-0.0358107
-0.0302700
-0.0302211
-0.0386464
-0.0495282
-0.0516709
-0.0400295
-0.0228545
-0.0145045
-0.0202036
-0.0306224
-0.0333822
-0.0276825
-0.0245177
-0.0328583
-0.0484098
-0.0574521
-0.0510246
-0.0341634
-0.0208535
-0.0205212
-0.0302962
-0.0400070
-0.0427369
-0.0396625
-0.0368259
-0.0396247
-0.0492633
-0.0614113
-0.0679695
-0.0629187
-0.0482532
-0.0334138
-0.0277822
-0.0333923
-0.0442719
-0.0519145
-0.0517350
-0.0458120
-0.0405051
-0.0413238
-0.0490128
-0.0588358
-0.0627644
-0.0544843
-0.0359097
-0.0191112
-0.0177770
-0.0336370
-0.0529870
-0.0598075
-0.0522524
-0.0438351
-0.0477245
-0.0616833
-0.0702361
-0.0616802
-0.0414346
-0.0269545
-0.0296100
-0.0437089
-0.0543748
-0.0537565
-0.0467844
-0.0427803
-0.0457582
-0.0534232
-0.0614036
-0.0656022
-0.0626979
-0.0523070
-0.0395376
-0.0330444
-0.0377864
-0.0489702
-0.0551130
-0.0497247
-0.0397589
-0.0393149
-0.0532671
-0.0695055
-0.0701978
-0.0500234
-0.0211034
-0.0002063
0.0071739
0.0103352
0.0229756
0.0498427
0.0825268
0.1073944
0.1173450
0.1162646
0.1138000
0.1176841
0.1302404
0.1488707
0.1679473
0.1816887
0.1874595
0.1870115
0.1844759
0.1828470
0.1811216
0.1738245
0.1548415
0.1241816
0.0904350
0.0635967
0.0446479
0.0245355
-0.0050137
-0.0408385
-0.0698427
-0.0810035
-0.0754715
-0.0649724
-0.0607010
-0.0641562
-0.0677692
-0.0599200
-0.0238467
0.0667636
0.2389500
0.4929082
0.7781923
1.0041478
1.0865445
0.9963534
0.7719751
0.4875672
0.2066283
-0.0417499
-0.2525982
-0.4226343
-0.5431819
-0.6105011
-0.6330261
-0.6232903
-0.5863581
-0.5216902
-0.4363504
-0.3516187
-0.2921332
-0.2667033
-0.2604605
-0.2481042
-0.2166402
-0.1751408
-0.1426321
-0.1291546
-0.1302527
-0.1361674
-0.1407099
-0.1412564
-0.1362664
-0.1272869
-0.1213655
-0.1264060
-0.1413845
-0.1524510
-0.1427213
-0.1094936
-0.0713568
-0.0541587
-0.0670450
-0.0934017
-0.1071121
-0.0970640
-0.0751822
-0.0625387
-0.0692623
-0.0861404
-0.0932279
-0.0772220
-0.0428881
-0.0086639
0.0090683
0.0080367
-0.0012576
-0.0060311
-0.0004587
0.0121692
0.0241162
0.0308717
0.0356752
0.0465659
0.0688557
0.1004028
0.1330203
0.1576629
0.1703933
0.1762021
0.1861078
0.2070231
0.2338199
0.2540485
0.2617777
0.2652100
0.2793507
0.3113955
0.3532903
0.3882167
0.4049719
0.4069361
0.4070036
0.4139756
0.4248073
0.4292611
0.4192469
0.3932980
0.3559348
0.3154637
0.2797873
0.2505528
0.2217186
0.1862664
0.1444104
0.1039213
0.0726691
0.0517612
0.0354856
0.0170487
-0.0055412
-0.0287152
-0.0475657
-0.0592674
-0.0623009
-0.0560013
-0.0443791
-0.0378508
-0.0450943
-0.0618930
-0.0727837
-0.0671445
-0.0517709
-0.0446016
-0.0559209
-0.0771221
-0.0887863
-0.0800278
-0.0593156
-0.0452195
-0.0472526
-0.0583699
-0.0661095
-0.0665412
-0.0645925
-0.0647386
-0.0666945
-0.0692062
-0.0728296
-0.0771203
-0.0778719
-0.0700177
-0.0540002
-0.0385198
-0.0348520
-0.0461583
-0.0629313
-0.0717712
-0.0690931
-0.0636567
-0.0651326
-0.0732298
-0.0794904
-0.0772039
-0.0675801
-0.0576862
-0.0539541
-0.0570276
-0.0621482
-0.0646886
-0.0645795
-0.0646171
-0.0663415
-0.0698197
-0.0755802
-0.0829630
-0.0871083
-0.0818976
-0.0675946
-0.0532798
-0.0497062
-0.0595187
-0.0742024
-0.0807931
-0.0735925
-0.0606178
-0.0567642
-0.0687835
-0.0880777
-0.0993261
-0.0945631
-0.0781913
-0.0614417
-0.0542190
-0.0594231
-0.0713141
-0.0798810
-0.0793758
-0.0730370
-0.0690361
-0.0725407
-0.0815844
-0.0887847
-0.0868930
-0.0751368
-0.0612169
-0.0553314
-0.0611333
-0.0730203
-0.0815239
-0.0802884
-0.0701532
-0.0597910
-0.0604988
-0.0750510
-0.0910227
-0.0898774
-0.0654443
-0.0315168
-0.0092299
-0.0070401
-0.0129253
-0.0058456
0.0237511
0.0634487
0.0900515
0.0924342
0.0816206
0.0773757
0.0881477
0.1067096
0.1219790
0.1301499
0.1348403
0.1405928
0.1480832
0.1547651
0.1589061
0.1609858
0.1594245
0.1475282
0.1200477
0.0831233
0.0518289
0.0345266
0.0232475
0.0031786
-0.0300660
-0.0651841
-0.0861429
-0.0868786
-0.0758643
-0.0669691
-0.0658330
-0.0656735
-0.0548691
-0.0227589
0.0453382
0.1710195
0.3668182
0.6106613
0.8401184
0.9793278
0.9791981
0.8409956
0.6094540
0.3438856
0.0892849
-0.1332581
-0.3166583
-0.4560826
-0.5481582
-0.5951706
-0.6038401
-0.5807725
-0.5320284
-0.4658567
-0.3933396
-0.3266294
-0.2758879
-0.2439778
-0.2228815
-0.1998487
-0.1703812
-0.1427655
-0.1277342
-0.1262226
-0.1291675
-0.1269467
-0.1174484
-0.1070145
-0.1044833
-0.1122311
-0.1225412
-0.1246100
-0.1147250
-0.0977957
-0.0810245
-0.0696074
-0.0663449
-0.0699409
-0.0738857
-0.0718221
-0.0647150
-0.0595242
-0.0608878
-0.0666544
-0.0703752
-0.0654240
-0.0487641
-0.0246708
-0.0037059
0.0055810
0.0039534
-0.0005829
-0.0001519
0.0085450
0.0232689
0.0373702
0.0454760
0.0507108
0.0629244
0.0872489
0.1176372
0.1437767
0.1608813
0.1710025
0.1790878
0.1902883
0.2072698
0.2273730
0.2450782
0.2588440
0.2729346
0.2919767
0.3166028
0.3441170
0.3699789
0.3895403
0.4025244
0.4148038
0.4310912
0.4466086
0.4503951
0.4360235
0.4055851
0.3660032
0.3265570
0.2966943
0.2783850
0.2605334
0.2273160
0.1742207
0.1137081
0.0651846
0.0397735
0.0313606
0.0208308
-0.0062370
-0.0431153
-0.0674781
-0.0661699
-0.0496526
-0.0391618
-0.0452542
-0.0624370
-0.0787775
-0.0858656
-0.0839066
-0.0817221
-0.0888084
-0.1045747
-0.1181646
-0.1198370
-0.1091248
-0.0926208
-0.0790707
-0.0756736
-0.0823663
-0.0896184
-0.0882176
-0.0810688
-0.0792016
-0.0871228
-0.0987338
-0.1063045
-0.1062431
-0.0974140
-0.0818337
-0.0672289
-0.0623517
-0.0689748
-0.0816875
-0.0930978
-0.0964057
-0.0887223
-0.0772013
-0.0756891
-0.0883577
-0.1018884
-0.1007856
-0.0859032
-0.0719103
-0.0711605
-0.0848743
-0.1044484
-0.1167844
-0.1145532
-0.1055426
-0.1055544
-0.1188654
-0.1329219
-0.1346282
-0.1232920
-0.1056237
-0.0884718
-0.0797813
-0.0859854
-0.1031605
-0.1182441
-0.1222351
-0.1166968
-0.1086793
-0.1068441
-0.1183761
-0.1383415
-0.1460559
-0.1260120
-0.0908335
-0.0702081
-0.0778468
-0.1005730
-0.1172528
-0.1170845
-0.1031863
-0.0900796
-0.0936843
-0.1130953
-0.1275038
-0.1204544
-0.0991385
-0.0805699
-0.0698391
-0.0626470
-0.0563045
-0.0457141
-0.0217042
0.0134314
0.0415726
0.0520230
0.0558156
0.0668405
0.0844140
0.1035328
0.1238293
0.1394591
0.1410976
0.1368860
0.1482734
0.1761489
0.1957128
0.1927355
0.1782413
0.1616944
0.1404741
0.1203447
0.1106785
0.0950934
0.0470963
-0.0211091
-0.0702192
-0.0956725
-0.1244505
-0.1498645
-0.1379570
-0.1067274
-0.1161488
-0.1549026
-0.1277137
-0.0023819
