-0.2432008
-0.2543761
-0.1995573
-0.1756138
-0.2057566
-0.2327781
-0.2295239
-0.2250960
-0.2341270
-0.2379472
-0.2327959
-0.2324804
-0.2254381
-0.1863472
-0.1292720
-0.0953938
-0.0819903
-0.0272182
0.1244594
0.3668339
0.6358009
0.8395302
0.8943240
0.7681718
0.4983930
0.1560304
-0.1958855
-0.4985500
-0.6853178
-0.7171075
-0.6273223
-0.5018702
-0.4093977
-0.3615775
-0.3312085
-0.2903976
-0.2357346
-0.1901342
-0.1772331
-0.1896769
-0.1945590
-0.1755066
-0.1523131
-0.1489995
-0.1593477
-0.1578305
-0.1323118
-0.0930394
-0.0578776
-0.0379457
-0.0305574
-0.0208851
0.0016659
0.0269470
0.0345748
0.0223296
0.0115463
0.0213253
0.0488296
0.0777333
0.0955570
0.1007678
0.1026977
0.1156995
0.1447406
0.1775346
0.1996341
0.2147088
0.2394900
0.2806460
0.3273808
0.3662356
0.3939140
0.4155729
0.4372233
0.4586729
0.4696333
0.4571450
0.4215132
0.3785146
0.3399684
0.2994109
0.2444844
0.1767739
0.1106174
0.0566923
0.0144907
-0.0216853
-0.0547462
-0.0808157
-0.0912336
-0.0827304
-0.0661910
-0.0585419
-0.0644262
-0.0731945
-0.0756826
-0.0757342
-0.0820209
-0.0957562
-0.1102888
-0.1178351
-0.1147702
-0.1051487
-0.0995682
-0.1053426
-0.1178873
-0.1270816
-0.1311010
-0.1376955
-0.1521871
-0.1700955
-0.1818771
-0.1811512
-0.1700013
-0.1598795
-0.1636767
-0.1815812
-0.1980953
-0.1988604
-0.1876300
-0.1808747
-0.1880461
-0.2027861
-0.2120102
-0.2088439
-0.1972967
-0.1870583
-0.1830102
-0.1798853
-0.1704408
-0.1575749
-0.1511996
-0.1520444
-0.1473175
-0.1273094
-0.0997028
-0.0810195
-0.0773811
-0.0795029
-0.0756704
-0.0645643
-0.0508027
-0.0245700
0.0514836
0.2209920
0.4836407
0.7647660
0.9479884
0.9507525
0.7749853
0.4921841
0.1874558
-0.0846469
-0.3051447
-0.4690474
-0.5681665
-0.5968504
-0.5684949
-0.5150375
-0.4640833
-0.4209834
-0.3776979
-0.3332252
-0.2971236
-0.2752517
-0.2607456
-0.2419326
-0.2157708
-0.1912637
-0.1796768
-0.1814707
-0.1845846
-0.1781672
-0.1657644
-0.1593496
-0.1612523
-0.1601124
-0.1474601
-0.1308685
-0.1247418
-0.1318416
-0.1396510
-0.1341771
-0.1135159
-0.0869957
-0.0625102
-0.0368199
-0.0009083
0.0453643
0.0893204
0.1197547
0.1402215
0.1616922
0.1853745
0.2017036
0.2071174
0.2138428
0.2383359
0.2827956
0.3311303
0.3624863
0.3676508
0.3525162
0.3266648
0.2916608
0.2439955
0.1872594
0.1336348
0.0903996
0.0512018
0.0058855
-0.0450844
-0.0916082
-0.1269217
-0.1536695
-0.1769120
-0.1957077
-0.2042624
-0.2004220
-0.1904570
-0.1826871
-0.1763368
-0.1614684
-0.1336573
-0.1034940
-0.0818609
-0.0544775
0.0201995
0.1800191
0.4241495
0.7062407
0.9569196
1.1131337
1.1361128
1.0166217
0.7756621
0.4644553
0.1562640
-0.0784666
-0.2040371
-0.2323579
-0.2041045
-0.1576956
-0.1144377
-0.0835234
-0.0692109
-0.0701079
-0.0776268
-0.0812943
-0.0772685
-0.0710847
-0.0709640
-0.0778390
-0.0837530
-0.0823895
-0.0788454
-0.0835410
-0.0964221
-0.1037993
-0.0941705
-0.0722720
-0.0527354
-0.0427137
-0.0360131
-0.0239269
-0.0070364
0.0065675
0.0134310
0.0214779
0.0417205
0.0743584
0.1078321
0.1332845
0.1546296
0.1797695
0.2067774
0.2272503
0.2425923
0.2677038
0.3138431
0.3729448
0.4252211
0.4619273
0.4957250
0.5451642
0.6100409
0.6666930
0.6909495
0.6828905
0.6630030
0.6442834
0.6163141
0.5616739
0.4820526
0.3996252
0.3328795
0.2780442
0.2180053
0.1466049
0.0792514
0.0371267
0.0224888
0.0141427
-0.0098604
-0.0482429
-0.0802131
-0.0918500
-0.0920009
-0.0991767
-0.1177426
-0.1328349
-0.1286873
-0.1079974
-0.0901809
-0.0902828
-0.1023428
-0.1072682
-0.0961395
-0.0777700
-0.0563774
-0.0058397
0.1215455
0.3514517
0.6511107
0.9381396
1.1280187
1.1780944
1.0937873
0.9022143
0.6288317
0.3023201
-0.0270331
-0.2913829
-0.4406623
-0.4752880
-0.4400405
-0.3851842
-0.3346351
-0.2878480
-0.2430989
-0.2107804
-0.2027005
-0.2139929
-0.2235500
-0.2157248
-0.1974046
-0.1882004
-0.1957936
-0.2081012
-0.2109489
-0.2059808
-0.2052402
-0.2115686
-0.2120086
-0.1932210
-0.1597227
-0.1319769
-0.1250091
-0.1318960
-0.1323365
-0.1168350
-0.0968038
-0.0878804
-0.0882210
-0.0797682
-0.0500856
-0.0067762
0.0319511
0.0572600
0.0769359
0.1038003
0.1401536
0.1761466
0.2036613
0.2286316
0.2652366
0.3172497
0.3692119
0.3992533
0.3991047
0.3788483
0.3527901
0.3234907
0.2810267
0.2176145
0.1416986
0.0750023
0.0332969
0.0111744
-0.0109847
-0.0450173
-0.0834288
-0.1107245
-0.1224605
-0.1296202
-0.1451432
-0.1693743
-0.1905326
-0.1989520
-0.1986863
-0.2028021
-0.2177369
-0.2360955
-0.2470138
-0.2501543
-0.2546614
-0.2649650
-0.2726239
-0.2647653
-0.2387910
-0.2065899
-0.1840739
-0.1771292
-0.1781835
-0.1763653
-0.1693272
-0.1628901
-0.1600532
-0.1548774
-0.1398628
-0.1168080
-0.0966656
-0.0885713
-0.0910834
-0.0947848
-0.0925882
-0.0868081
-0.0856423
-0.0926022
-0.1008862
-0.1000767
-0.0878186
-0.0726673
-0.0652999
-0.0683413
-0.0730554
-0.0610484
-0.0078861
0.1081557
0.2897997
0.5051467
0.6882924
0.7647479
0.6911088
0.4817496
0.1996186
-0.0831314
-0.3213478
-0.5017948
-0.6229300
-0.6793882
-0.6682692
-0.6045201
-0.5220043
-0.4543908
-0.4135711
-0.3874919
-0.3594830
-0.3277837
-0.3039200
-0.2941204
-0.2885954
-0.2725073
-0.2441447
-0.2172733
-0.2052447
-0.2061129
-0.2053951
-0.1925978
-0.1730217
-0.1616856
-0.1655210
-0.1736744
-0.1677993
-0.1416094
-0.1079164
-0.0856467
-0.0814577
-0.0849382
-0.0808670
-0.0652482
-0.0489891
-0.0451233
-0.0524408
-0.0540612
-0.0344240
0.0037284
0.0424333
0.0684710
0.0870214
0.1137908
0.1555686
0.2014522
0.2340965
0.2479934
0.2538720
0.2636370
0.2731893
0.2642978
0.2245140
0.1619458
0.0978223
0.0464083
0.0052727
-0.0352656
-0.0764310
-0.1068534
-0.1142268
-0.1003602
-0.0829272
-0.0800616
-0.0928226
-0.1048012
-0.1003348
-0.0820238
-0.0686745
-0.0756934
-0.0981049
-0.1139457
-0.1060115
-0.0808300
-0.0641392
-0.0753613
-0.1076209
-0.1358384
-0.1442381
-0.1420372
-0.1497743
-0.1725578
-0.1911738
-0.1820156
-0.1448665
-0.1076092
-0.1003249
-0.1250030
-0.1540877
-0.1603057
-0.1448615
-0.1330750
-0.1440385
-0.1692458
-0.1827205
-0.1694493
-0.1406895
-0.1209307
-0.1220351
-0.1328607
-0.1345661
-0.1227273
-0.1105674
-0.1111124
-0.1210178
-0.1249369
-0.1136249
-0.0941283
-0.0816867
-0.0837862
-0.0938521
-0.1003048
-0.0997161
-0.0985367
-0.1018182
-0.1040609
-0.0951479
-0.0742777
-0.0531766
-0.0433790
-0.0435505
-0.0432364
-0.0379781
-0.0344298
-0.0341079
-0.0117214
0.0817440
0.2807459
0.5603712
0.8302073
0.9817140
0.9537719
0.7638365
0.4849791
0.1955783
-0.0563297
-0.2546314
-0.3955310
-0.4728368
-0.4816911
-0.4317150
-0.3507384
-0.2718909
-0.2153786
-0.1812493
-0.1578280
-0.1364485
-0.1191554
-0.1134690
-0.1206913
-0.1311865
-0.1330186
-0.1245842
-0.1160643
-0.1175358
-0.1277580
-0.1364758
-0.1367699
-0.1329421
-0.1352950
-0.1477306
-0.1618550
-0.1646362
-0.1518768
-0.1325238
-0.1187219
-0.1130731
-0.1075123
-0.0938624
-0.0728579
-0.0516824
-0.0338128
-0.0129865
0.0214895
0.0725912
0.1292804
0.1744846
0.2007692
0.2170368
0.2382020
0.2689308
0.2993804
0.3170076
0.3204910
0.3198945
0.3226946
0.3214948
0.2987633
0.2455362
0.1736483
0.1062139
0.0557067
0.0142019
-0.0335535
-0.0900537
-0.1408115
-0.1697140
-0.1762450
-0.1763176
-0.1867699
-0.2103181
-0.2361940
-0.2541441
-0.2652095
-0.2777636
-0.2951560
-0.3101426
-0.3117805
-0.2962232
-0.2702076
-0.2447174
-0.2254310
-0.2088869
-0.1880210
-0.1614687
-0.1362619
-0.1201721
-0.1121082
-0.1020319
-0.0813527
-0.0529081
-0.0297505
-0.0233678
-0.0329264
-0.0467311
-0.0546160
-0.0575078
-0.0630910
-0.0734311
-0.0810224
-0.0790154
-0.0723317
-0.0742608
-0.0912798
-0.1142392
-0.1275365
-0.1270080
-0.1259878
-0.1409423
-0.1715659
-0.1986679
-0.2041713
-0.1910556
-0.1796108
-0.1839624
-0.1966290
-0.1993415
-0.1866244
-0.1723928
-0.1682540
-0.1555924
-0.0856485
0.0828735
0.3384397
0.6066791
0.7891386
0.8198396
0.6949779
0.4597844
0.1743701
-0.1102341
-0.3556856
-0.5326297
-0.6243189
-0.6354943
-0.5922691
-0.5269249
-0.4602539
-0.3985777
-0.3451779
-0.3085529
-0.2958844
-0.3014240
-0.3075484
-0.3004601
-0.2834564
-0.2721570
-0.2763138
-0.2884070
-0.2920877
-0.2809092
-0.2654445
-0.2603420
-0.2669832
-0.2725131
-0.2655685
-0.2489779
-0.2347504
-0.2288761
-0.2248309
-0.2129809
-0.1937819
-0.1781754
-0.1737056
-0.1726183
-0.1575821
-0.1204604
-0.0727674
-0.0345487
-0.0133686
0.0029213
0.0315205
0.0747806
0.1174801
0.1446150
0.1600830
0.1844641
0.2322483
0.2926320
0.3361955
0.3419041
0.3157231
0.2812091
0.2536705
0.2267331
0.1846576
0.1247127
0.0637911
0.0220170
0.0020310
-0.0126115
-0.0382693
-0.0732786
-0.1012244
-0.1103303
-0.1061368
-0.1043882
-0.1141491
-0.1298778
-0.1387345
-0.1332944
-0.1169477
-0.0988594
-0.0850625
-0.0730074
-0.0508207
0.0012027
0.1064017
0.2814480
0.5214447
0.7904116
1.0274003
1.1679367
1.1694679
1.0274035
0.7746459
0.4667604
0.1622201
-0.0920786
-0.2667777
-0.3518561
-0.3580427
-0.3147252
-0.2591915
-0.2197636
-0.2041110
-0.2022457
-0.2012003
-0.1973037
-0.1947902
-0.1948446
-0.1902770
-0.1734698
-0.1472496
-0.1234173
-0.1095157
-0.1004006
-0.0855123
-0.0626158
-0.0405590
-0.0276071
-0.0200896
-0.0059206
0.0206660
0.0511537
0.0721892
0.0819169
0.0933438
0.1199386
0.1602695
0.1997080
0.2266696
0.2442928
0.2651737
0.2967335
0.3340979
0.3672178
0.3926095
0.4157412
0.4418495
0.4672279
0.4828411
0.4868710
0.4906852
0.5092233
0.5447680
0.5812876
0.5958616
0.5764698
0.5295465
0.4710910
0.4110880
0.3470811
0.2726849
0.1906305
0.1150887
0.0601771
0.0270903
0.0038973
-0.0215637
-0.0492050
-0.0680216
-0.0702693
-0.0630198
-0.0629932
-0.0787710
-0.1002920
-0.1089889
-0.0982664
-0.0809992
-0.0750190
-0.0829609
-0.0894518
-0.0788174
-0.0531029
-0.0297482
-0.0213640
-0.0207832
-0.0089946
0.0226539
0.0614685
0.0870735
0.0963133
0.1143610
0.1811398
0.3244718
0.5401365
0.7903431
1.0177369
1.1643736
1.1874503
1.0699971
0.8269224
0.5036769
0.1638185
-0.1318630
-0.3440364
-0.4611609
-0.4929631
-0.4597903
-0.3864028
-0.3003821
-0.2284302
-0.1869291
-0.1734625
-0.1702559
-0.1601832
-0.1411944
-0.1246924
-0.1203557
-0.1247251
-0.1257757
-0.1170240
-0.1044664
-0.0987870
-0.1023556
-0.1061526
-0.0999424
-0.0835075
-0.0656756
-0.0526795
-0.0402332
-0.0189026
0.0138445
0.0491677
0.0749335
0.0871788
0.0928792
0.1020847
0.1187013
0.1396565
0.1619487
0.1878813
0.2215927
0.2616398
0.3000638
0.3302520
0.3542338
0.3800399
0.4115998
0.4426815
0.4619008
0.4633798
0.4514191
0.4343480
0.4148761
0.3879510
0.3480052
0.2964863
0.2410322
0.1883235
0.1396495
0.0936265
0.0515413
0.0185234
-0.0007020
-0.0067104
-0.0056105
-0.0040944
-0.0042881
-0.0039693
-0.0018604
-0.0013781
-0.0074435
-0.0194023
-0.0289365
-0.0272045
-0.0146035
-0.0019265
-0.0000120
-0.0083687
-0.0159491
-0.0138150
-0.0045871
0.0032455
0.0088290
0.0221517
0.0522918
0.0972217
0.1515331
0.2245888
0.3438757
0.5314698
0.7728710
1.0105373
1.1721635
1.2095959
1.1160070
0.9145670
0.6401591
0.3343114
0.0482949
-0.1648628
-0.2734971
-0.2857113
-0.2422125
-0.1871863
-0.1426613
-0.1068699
-0.0719738
-0.0390624
-0.0160477
-0.0057887
-0.0017046
0.0038258
0.0102028
0.0110350
0.0050782
0.0011424
0.0097002
0.0305078
0.0511194
0.0589791
0.0539298
0.0470873
0.0477129
0.0538023
0.0573255
0.0567364
0.0603319
0.0759591
0.1003141
0.1218366
0.1340485
0.1429600
0.1593912
0.1855644
0.2123323
0.2304169
0.2419152
0.2580740
0.2862955
0.3223413
0.3565530
0.3852555
0.4131324
0.4450718
0.4789283
0.5074925
0.5250619
0.5295065
0.5191606
0.4917678
0.4486512
0.3977180
0.3486878
0.3049202
0.2630826
0.2227205
0.1929883
0.1848468
0.1960415
0.2087132
0.2060398
0.1895438
0.1753673
0.1729148
0.1720842
0.1558366
0.1233946
0.0949717
0.0906043
0.1075173
0.1230238
0.1194591
0.1015489
0.0870203
0.0843528
0.0855410
0.0804983
0.0721759
0.0725176
0.0854737
0.0997673
0.1009100
0.0874246
0.0714636
0.0639314
0.0631078
0.0603036
0.0539447
0.0530553
0.0654087
0.0858845
0.1006003
0.1022848
0.0979909
0.0997121
0.1095329
0.1173697
0.1137073
0.1015443
0.0930636
0.0953156
0.1023321
0.1027015
0.0925706
0.0782458
0.0666820
0.0573433
0.0457379
0.0325523
0.0248012
0.0264254
0.0305134
0.0244219
0.0032319
-0.0241378
-0.0440278
-0.0523241
-0.0575316
-0.0694374
-0.0871372
-0.1003509
-0.1015512
-0.0939912
-0.0869045
-0.0850154
-0.0851982
-0.0829842
-0.0794484
-0.0793653
-0.0824286
-0.0768246
-0.0409382
0.0486547
0.2065332
0.4261351
0.6692540
0.8682731
0.9509121
0.8791418
0.6740798
0.4028294
0.1346482
-0.0970212
-0.2953715
-0.4693172
-0.6067859
-0.6804669
-0.6773831
-0.6179805
-0.5431302
-0.4828263
-0.4387581
-0.3957657
-0.3460319
-0.2993144
-0.2711612
-0.2653433
-0.2704042
-0.2723610
-0.2679762
-0.2642735
-0.2665488
-0.2696114
-0.2622822
-0.2398486
-0.2105861
-0.1891813
-0.1836845
-0.1889006
-0.1922922
-0.1861264
-0.1738830
-0.1650988
-0.1645602
-0.1672668
-0.1641288
-0.1517053
-0.1350852
-0.1209793
-0.1093820
-0.0939030
-0.0707301
-0.0455321
-0.0291503
-0.0258048
-0.0271464
-0.0198274
0.0010226
0.0271220
0.0459531
0.0526824
0.0518642
0.0485099
0.0404884
0.0215195
-0.0096666
-0.0459996
-0.0790443
-0.1078355
-0.1388311
-0.1771603
-0.2197725
-0.2583010
-0.2874627
-0.3087181
-0.3256642
-0.3379326
-0.3414403
-0.3343131
-0.3208991
-0.3090425
-0.3039058
-0.3051279
-0.3096337
-0.3160938
-0.3260474
-0.3410860
-0.3596444
-0.3769251
-0.3883822
-0.3940767
-0.3999282
-0.4134510
-0.4362512
-0.4602456
-0.4732394
-0.4705373
-0.4609782
-0.4592362
-0.4706439
-0.4848077
-0.4864969
-0.4730939
-0.4589813
-0.4606567
-0.4783652
-0.4951156
-0.4949136
-0.4800510
-0.4679288
-0.4709650
-0.4823027
-0.4834006
-0.4648796
-0.4372196
-0.4193124
-0.4174612
-0.4181396
-0.4030837
-0.3706654
-0.3389256
-0.3230562
-0.3074103
-0.2423247
-0.0769024
0.1943512
0.5100374
0.7672018
0.8770520
