-0.0226333
-0.0627660
-0.0500510
-0.0598852
-0.0908276
-0.0926662
-0.0562196
-0.0213814
-0.0119868
-0.0114398
0.0064774
0.0663566
0.2027597
0.4352800
0.7224145
0.9705241
1.0990469
1.0846927
0.9510048
0.7402149
0.4939158
0.2379385
-0.0200170
-0.2701571
-0.4856279
-0.6399556
-0.7295861
-0.7640948
-0.7443134
-0.6692484
-0.5589875
-0.4511611
-0.3723232
-0.3222410
-0.2845394
-0.2453891
-0.2055132
-0.1799703
-0.1813573
-0.1995447
-0.2066354
-0.1875568
-0.1569237
-0.1394376
-0.1423197
-0.1537646
-0.1602542
-0.1576752
-0.1512048
-0.1504821
-0.1605421
-0.1737982
-0.1757227
-0.1608463
-0.1383755
-0.1213646
-0.1160354
-0.1210577
-0.1294550
-0.1308259
-0.1201122
-0.1061928
-0.1048000
-0.1204494
-0.1400959
-0.1456654
-0.1295438
-0.0996384
-0.0740765
-0.0683706
-0.0812861
-0.0943203
-0.0904808
-0.0723845
-0.0572051
-0.0557970
-0.0618768
-0.0603795
-0.0422402
-0.0122819
0.0145388
0.0270344
0.0304232
0.0416938
0.0696934
0.1039603
0.1269316
0.1337657
0.1366466
0.1523505
0.1879959
0.2355065
0.2771881
0.2994469
0.3033418
0.3000069
0.2960354
0.2873620
0.2677367
0.2381708
0.2060888
0.1785383
0.1573628
0.1381936
0.1141411
0.0837650
0.0550686
0.0379294
0.0327525
0.0300244
0.0205446
0.0027566
-0.0187480
-0.0373184
-0.0467580
-0.0441814
-0.0325752
-0.0197043
-0.0140708
-0.0206160
-0.0366278
-0.0509748
-0.0524464
-0.0424754
-0.0357672
-0.0437441
-0.0597886
-0.0656327
-0.0516854
-0.0275316
-0.0121894
-0.0157983
-0.0307841
-0.0404312
-0.0366255
-0.0282306
-0.0298595
-0.0435890
-0.0556685
-0.0515070
-0.0302885
-0.0044542
0.0113990
0.0105097
-0.0025834
-0.0161335
-0.0213058
-0.0201528
-0.0221888
-0.0325818
-0.0455682
-0.0501858
-0.0415807
-0.0270370
-0.0213968
-0.0341958
-0.0588669
-0.0765333
-0.0739848
-0.0576867
-0.0476491
-0.0574201
-0.0810372
-0.0984298
-0.0929217
-0.0661482
-0.0380069
-0.0296533
-0.0434870
-0.0605582
-0.0592006
-0.0348526
-0.0004867
0.0296130
0.0531633
0.0778665
0.1092117
0.1421138
0.1654367
0.1746945
0.1779660
0.1869550
0.2041786
0.2228906
0.2384868
0.2542495
0.2739889
0.2937829
0.3052325
0.3054142
0.2998506
0.2942790
0.2848193
0.2590292
0.2092701
0.1444080
0.0841951
0.0402269
0.0064579
-0.0277772
-0.0591347
-0.0715094
-0.0564032
-0.0264241
-0.0049523
-0.0039018
-0.0131669
-0.0093154
0.0302274
0.1231431
0.2853714
0.5236557
0.8125564
1.0805579
1.2344226
1.2134690
1.0274346
0.7431092
0.4351265
0.1467270
-0.1124686
-0.3434076
-0.5380131
-0.6788180
-0.7515433
-0.7550393
-0.7013234
-0.6108145
-0.5083547
-0.4173821
-0.3500709
-0.3018920
-0.2600502
-0.2193290
-0.1877002
-0.1754070
-0.1805720
-0.1873348
-0.1783968
-0.1502050
-0.1170066
-0.0992454
-0.1058928
-0.1272475
-0.1449593
-0.1484166
-0.1415764
-0.1362762
-0.1406194
-0.1521364
-0.1598257
-0.1534758
-0.1332261
-0.1105438
-0.0989346
-0.1029334
-0.1150859
-0.1224843
-0.1172374
-0.1033370
-0.0937433
-0.0979744
-0.1110571
-0.1167434
-0.1035773
-0.0769325
-0.0539965
-0.0475386
-0.0552063
-0.0636832
-0.0621799
-0.0519169
-0.0428775
-0.0419031
-0.0451087
-0.0421495
-0.0261147
0.0017086
0.0342415
0.0630344
0.0822506
0.0925731
0.1017435
0.1179684
0.1411391
0.1625494
0.1753894
0.1848971
0.2056248
0.2462764
0.2967930
0.3329686
0.3373431
0.3159471
0.2917015
0.2803369
0.2754738
0.2589522
0.2229453
0.1786272
0.1441614
0.1274497
0.1212068
0.1124281
0.0945480
0.0707068
0.0476035
0.0288355
0.0143439
0.0031134
-0.0062913
-0.0159812
-0.0257302
-0.0299899
-0.0221278
-0.0037120
0.0129634
0.0146875
-0.0000508
-0.0193152
-0.0289725
-0.0256823
-0.0187633
-0.0192646
-0.0279351
-0.0352410
-0.0329050
-0.0230336
-0.0148385
-0.0146849
-0.0214205
-0.0296557
-0.0346105
-0.0342578
-0.0298912
-0.0257978
-0.0264568
-0.0320206
-0.0366372
-0.0330335
-0.0205923
-0.0087561
-0.0097863
-0.0259685
-0.0455930
-0.0549073
-0.0536725
-0.0548888
-0.0677064
-0.0844763
-0.0887302
-0.0750878
-0.0574043
-0.0552244
-0.0732745
-0.0963405
-0.1051632
-0.0962605
-0.0843400
-0.0853899
-0.0998528
-0.1136255
-0.1132524
-0.0976971
-0.0768602
-0.0621495
-0.0585924
-0.0624780
-0.0640837
-0.0537658
-0.0281253
0.0078659
0.0444172
0.0737928
0.0955738
0.1156193
0.1386147
0.1613540
0.1752874
0.1771204
0.1754374
0.1842501
0.2090666
0.2400634
0.2601409
0.2608691
0.2509281
0.2474396
0.2571224
0.2666426
0.2542234
0.2115877
0.1524496
0.0983074
0.0579131
0.0228840
-0.0176114
-0.0612112
-0.0932666
-0.1022291
-0.0914661
-0.0745592
-0.0610975
-0.0502580
-0.0365545
-0.0138159
0.0327471
0.1337080
0.3207730
0.5926071
0.8923518
1.1253022
1.2097132
1.1217481
0.8998556
0.6101205
0.3066125
0.0180855
-0.2396829
-0.4509103
-0.6023015
-0.6917382
-0.7267361
-0.7136872
-0.6538211
-0.5533151
-0.4349172
-0.3331036
-0.2721013
-0.2474581
-0.2322971
-0.2048785
-0.1697079
-0.1495323
-0.1573392
-0.1797279
-0.1894671
-0.1724390
-0.1403215
-0.1178642
-0.1197384
-0.1395162
-0.1586320
-0.1638164
-0.1562243
-0.1468119
-0.1459603
-0.1568370
-0.1744056
-0.1880640
-0.1877813
-0.1722696
-0.1521246
-0.1420705
-0.1478100
-0.1608635
-0.1674471
-0.1624589
-0.1540552
-0.1539942
-0.1637484
-0.1713706
-0.1633597
-0.1394101
-0.1139709
-0.1026032
-0.1074611
-0.1162446
-0.1142910
-0.0974891
-0.0748788
-0.0596181
-0.0564183
-0.0566143
-0.0459267
-0.0181625
0.0182851
0.0475600
0.0602436
0.0610851
0.0637838
0.0778523
0.0999623
0.1186047
0.1279304
0.1360796
0.1579018
0.1987666
0.2465049
0.2802414
0.2874953
0.2731466
0.2524023
0.2353165
0.2182445
0.1904242
0.1481476
0.1010960
0.0645173
0.0463177
0.0418002
0.0387677
0.0263839
0.0014755
-0.0298827
-0.0561147
-0.0683985
-0.0683111
-0.0674816
-0.0773668
-0.0973241
-0.1133680
-0.1114022
-0.0930952
-0.0766497
-0.0790221
-0.0978254
-0.1138710
-0.1125828
-0.1002405
-0.0965476
-0.1119868
-0.1351909
-0.1440625
-0.1287627
-0.1023735
-0.0879986
-0.0956637
-0.1131561
-0.1200756
-0.1095413
-0.0944679
-0.0928003
-0.1082515
-0.1263933
-0.1291689
-0.1126181
-0.0902647
-0.0794421
-0.0850504
-0.0971701
-0.1033200
-0.1006379
-0.0956031
-0.0945761
-0.0973294
-0.0992154
-0.0969819
-0.0913458
-0.0851529
-0.0805663
-0.0782128
-0.0780614
-0.0800139
-0.0835047
-0.0876023
-0.0923453
-0.0990897
-0.1079286
-0.1148630
-0.1135019
-0.1011715
-0.0833189
-0.0709482
-0.0724212
-0.0862208
-0.1011747
-0.1053452
-0.0968382
-0.0858624
-0.0843701
-0.0931326
-0.1005852
-0.0955564
-0.0800466
-0.0675512
-0.0684377
-0.0785427
-0.0838246
-0.0757944
-0.0596937
-0.0455794
-0.0333492
-0.0110639
0.0300084
0.0814227
0.1220752
0.1369900
0.1300594
0.1181502
0.1143958
0.1182422
0.1206793
0.1170283
0.1132036
0.1196331
0.1401823
0.1674963
0.1882114
0.1919624
0.1767769
0.1483603
0.1149045
0.0809042
0.0446143
0.0021847
-0.0446021
-0.0852503
-0.1072373
-0.1075209
-0.0972060
-0.0925836
-0.0995187
-0.1075652
-0.1023475
-0.0834778
-0.0640675
-0.0456534
0.0052819
0.1447297
0.4011298
0.7301146
1.0217080
1.1633634
1.1095029
0.9001797
0.6178894
0.3268618
0.0484435
-0.2167503
-0.4558475
-0.6381189
-0.7379163
-0.7566636
-0.7206149
-0.6597326
-0.5902589
-0.5151477
-0.4364561
-0.3636673
-0.3093904
-0.2785671
-0.2635650
-0.2505086
-0.2308671
-0.2078116
-0.1917635
-0.1889567
-0.1936869
-0.1928416
-0.1795544
-0.1617801
-0.1550648
-0.1657955
-0.1829313
-0.1879881
-0.1734496
-0.1505943
-0.1385331
-0.1452891
-0.1598172
-0.1631476
-0.1477369
-0.1255693
-0.1165642
-0.1284872
-0.1480359
-0.1521229
-0.1293761
-0.0918909
-0.0652402
-0.0647996
-0.0810159
-0.0893195
-0.0755705
-0.0504522
-0.0370403
-0.0448307
-0.0585202
-0.0537471
-0.0228163
0.0169224
0.0404539
0.0394995
0.0287764
0.0292190
0.0472729
0.0712277
0.0855539
0.0864455
0.0840081
0.0917944
0.1148410
0.1460203
0.1727570
0.1883824
0.1984114
0.2153339
0.2457257
0.2819669
0.3077247
0.3128526
0.3028037
0.2921627
0.2885482
0.2845841
0.2675693
0.2359002
0.2022281
0.1785782
0.1611340
0.1340899
0.0896061
0.0409905
0.0126382
0.0158447
0.0358147
0.0443346
0.0260492
-0.0080978
-0.0335344
-0.0370674
-0.0283362
-0.0271752
-0.0416206
-0.0595578
-0.0615515
-0.0410459
-0.0118386
0.0041590
-0.0032258
-0.0241294
-0.0394323
-0.0392129
-0.0304693
-0.0274970
-0.0359521
-0.0470370
-0.0471438
-0.0326567
-0.0145856
-0.0079993
-0.0170537
-0.0314787
-0.0382730
-0.0355910
-0.0334243
-0.0407034
-0.0536164
-0.0583332
-0.0454773
-0.0211272
-0.0026513
-0.0031535
-0.0198816
-0.0378124
-0.0441599
-0.0391042
-0.0331469
-0.0353935
-0.0448014
-0.0519408
-0.0486056
-0.0360509
-0.0241634
-0.0221388
-0.0297294
-0.0382775
-0.0407658
-0.0398935
-0.0446975
-0.0588793
-0.0739882
-0.0763406
-0.0616492
-0.0416156
-0.0338986
-0.0448131
-0.0631645
-0.0722086
-0.0667947
-0.0573180
-0.0572804
-0.0688411
-0.0812521
-0.0822327
-0.0697540
-0.0531857
-0.0441444
-0.0465596
-0.0547981
-0.0602824
-0.0593965
-0.0552771
-0.0524569
-0.0499255
-0.0396043
-0.0125756
0.0319486
0.0836038
0.1276501
0.1555734
0.1694228
0.1767060
0.1825320
0.1870289
0.1888225
0.1893563
0.1937249
0.2077651
0.2335093
0.2657238
0.2924545
0.3009689
0.2861514
0.2544787
0.2186379
0.1863337
0.1541258
0.1136519
0.0643834
0.0184242
-0.0094086
-0.0162110
-0.0141872
-0.0185121
-0.0325206
-0.0454386
-0.0446640
-0.0297963
-0.0131070
-0.0031307
0.0150318
0.0818560
0.2385490
0.4894826
0.7820939
1.0254258
1.1383768
1.0927018
0.9189220
0.6749450
0.4080517
0.1410785
-0.1148676
-0.3438409
-0.5238630
-0.6382447
-0.6842197
-0.6716465
-0.6171406
-0.5399757
-0.4589567
-0.3875868
-0.3304104
-0.2857023
-0.2526354
-0.2337867
-0.2286635
-0.2271012
-0.2147517
-0.1882557
-0.1621218
-0.1554698
-0.1708283
-0.1895627
-0.1912359
-0.1760951
-0.1648570
-0.1751461
-0.2006234
-0.2163468
-0.2049344
-0.1752250
-0.1536449
-0.1582036
-0.1825375
-0.2046459
-0.2085501
-0.1965480
-0.1830710
-0.1799048
-0.1872814
-0.1960332
-0.1958752
-0.1826383
-0.1607351
-0.1404708
-0.1314238
-0.1351225
-0.1426247
-0.1410364
-0.1252722
-0.1040890
-0.0927351
-0.0979140
-0.1100444
-0.1113414
-0.0921312
-0.0594514
-0.0300114
-0.0149454
-0.0109287
-0.0051223
0.0118829
0.0375384
0.0603611
0.0709091
0.0710181
0.0739120
0.0948506
0.1387694
0.1943971
0.2408224
0.2627222
0.2618035
0.2539241
0.2540318
0.2626347
0.2662372
0.2510493
0.2168953
0.1782151
0.1513135
0.1399947
0.1330034
0.1151770
0.0814493
0.0410485
0.0089616
-0.0070651
-0.0126249
-0.0208588
-0.0398509
-0.0642060
-0.0786632
-0.0714402
-0.0461213
-0.0211945
-0.0162237
-0.0354733
-0.0635633
-0.0785556
-0.0718235
-0.0559540
-0.0520805
-0.0685234
-0.0922011
-0.1014916
-0.0871331
-0.0601804
-0.0405112
-0.0391572
-0.0516400
-0.0655990
-0.0718020
-0.0681906
-0.0575142
-0.0446930
-0.0352387
-0.0316471
-0.0292157
-0.0183239
0.0052496
0.0323995
0.0466290
0.0402108
0.0230987
0.0132062
0.0175249
0.0249145
0.0190936
-0.0022086
-0.0230923
-0.0249302
-0.0047275
0.0225076
0.0382229
0.0355632
0.0214229
0.0069217
-0.0018612
-0.0052441
-0.0059317
-0.0059978
-0.0067557
-0.0086930
-0.0100264
-0.0067965
0.0029817
0.0147502
0.0193169
0.0116894
-0.0024113
-0.0112080
-0.0090989
-0.0028039
-0.0035214
-0.0132970
-0.0213097
-0.0150499
0.0058110
0.0287514
0.0421985
0.0486062
0.0622526
0.0940751
0.1395327
0.1813074
0.2031652
0.2019721
0.1889983
0.1814585
0.1911016
0.2169986
0.2470353
0.2675995
0.2744955
0.2755196
0.2815119
0.2942089
0.3037670
0.2993018
0.2810353
0.2598623
0.2442550
0.2296378
0.2030254
0.1580057
0.1032856
0.0558112
0.0266228
0.0139586
0.0084842
0.0031244
-0.0021180
-0.0028108
0.0041923
0.0177320
0.0354379
0.0623544
0.1186947
0.2359160
0.4354088
0.7006379
0.9674066
1.1487738
1.1819665
1.0618877
0.8354238
0.5651887
0.2956077
0.0451937
-0.1797745
-0.3713344
-0.5181159
-0.6109790
-0.6465684
-0.6276973
-0.5648341
-0.4776801
-0.3904294
-0.3201621
-0.2685434
-0.2264124
-0.1869535
-0.1530491
-0.1316213
-0.1233895
-0.1208700
-0.1161391
-0.1082113
-0.1019074
-0.1012556
-0.1057785
-0.1122661
-0.1174479
-0.1180829
-0.1110396
-0.0965643
-0.0815875
-0.0765835
-0.0861170
-0.1024636
-0.1108493
-0.1029919
-0.0858128
-0.0758417
-0.0836804
-0.1030091
-0.1150633
-0.1053125
-0.0772324
-0.0499756
-0.0415553
-0.0531979
-0.0696474
-0.0746024
-0.0656602
-0.0544016
-0.0530251
-0.0622291
-0.0719611
-0.0718612
-0.0591230
-0.0373543
-0.0114770
0.0141077
0.0346669
0.0469413
0.0534096
0.0620734
0.0787297
0.0995638
0.1143226
0.1186624
0.1219164
0.1397776
0.1781604
0.2255600
0.2629878
0.2816684
0.2902047
0.3040576
0.3284329
0.3517956
0.3561349
0.3339777
0.2962393
0.2635660
0.2486616
0.2454188
0.2350325
0.2038513
0.1563745
0.1110407
0.0830975
0.0714659
0.0620529
0.0430521
0.0162110
-0.0064391
-0.0152141
-0.0110869
-0.0027257
0.0021092
0.0012702
-0.0034259
-0.0093420
-0.0138867
-0.0148281
-0.0125201
-0.0116620
-0.0180875
-0.0316047
-0.0427630
-0.0396038
-0.0198333
0.0039679
0.0133021
-0.0001011
-0.0261810
-0.0446586
-0.0421167
-0.0226276
-0.0031232
0.0013561
-0.0105417
-0.0267101
-0.0322193
-0.0210077
0.0001501
0.0173814
0.0201686
0.0089139
-0.0056325
-0.0109250
-0.0032060
0.0085083
0.0097748
-0.0054866
-0.0272609
-0.0368062
-0.0241138
0.0011274
0.0172092
0.0104880
-0.0120974
-0.0311189
-0.0347215
-0.0290821
-0.0285929
-0.0379196
-0.0467049
-0.0423012
-0.0249262
-0.0076403
-0.0020316
-0.0067352
-0.0110399
-0.0071780
0.0041837
0.0200581
0.0421310
0.0737644
0.1110326
0.1415379
0.1556283
0.1577645
0.1632500
0.1821160
0.2080585
0.2257853
0.2291735
0.2295325
0.2437541
0.2747710
0.3059626
0.3163496
0.3009212
0.2748948
0.2577897
0.2540098
0.2492095
0.2246663
0.1743210
0.1088029
0.0454953
-0.0036651
-0.0364332
-0.0567804
-0.0700537
-0.0801525
-0.0875797
-0.0883834
-0.0771631
-0.0541507
-0.0283070
-0.0076670
0.0185728
0.0866602
0.2374810
0.4775148
0.7546146
0.9762988
1.0629737
0.9952568
0.8171333
0.5949189
0.3700063
