-0.1346631
-0.1542329
-0.1680082
-0.1578103
-0.1264055
-0.0964986
-0.0899170
-0.1076344
-0.1301997
-0.1371680
-0.1253477
-0.1083024
-0.0997323
-0.0992634
-0.0949140
-0.0781235
-0.0545936
-0.0395466
-0.0425242
-0.0573332
-0.0672921
-0.0606854
-0.0413801
-0.0243201
-0.0203997
-0.0257075
-0.0258757
-0.0110465
0.0139799
0.0348669
0.0424304
0.0410496
0.0420691
0.0501359
0.0581081
0.0562938
0.0455047
0.0389939
0.0505604
0.0812010
0.1181891
0.1472793
0.1654861
0.1821491
0.2082618
0.2450643
0.2825180
0.3084594
0.3197780
0.3256034
0.3395228
0.3673872
0.4016202
0.4278750
0.4387080
0.4414019
0.4514059
0.4766068
0.5078283
0.5260666
0.5202224
0.4973656
0.4743920
0.4593912
0.4424644
0.4060663
0.3441591
0.2700895
0.2052289
0.1605988
0.1302666
0.1020178
0.0727328
0.0520702
0.0512703
0.0692543
0.0903603
0.0966238
0.0847489
0.0745172
0.1017984
0.1993431
0.3762557
0.6087379
0.8486403
1.0449250
1.1641475
1.1973752
1.1522262
1.0401675
0.8707044
0.6552431
0.4136843
0.1752683
-0.0284281
-0.1737718
-0.2525703
-0.2732648
-0.2554384
-0.2202228
-0.1819345
-0.1462037
-0.1148530
-0.0915056
-0.0814205
-0.0858381
-0.0978879
-0.1059240
-0.1020861
-0.0879946
-0.0723057
-0.0630467
-0.0621680
-0.0663459
-0.0715361
-0.0763003
-0.0817146
-0.0892094
-0.0985920
-0.1075921
-0.1132492
-0.1142602
-0.1122404
-0.1104134
-0.1108900
-0.1134814
-0.1172748
-0.1227655
-0.1315319
-0.1435160
-0.1552590
-0.1617987
-0.1608395
-0.1549696
-0.1495554
-0.1483900
-0.1511237
-0.1542145
-0.1539077
-0.1488808
-0.1410780
-0.1340148
-0.1290243
-0.1223519
-0.1070093
-0.0795095
-0.0454408
-0.0168113
-0.0015995
0.0048292
0.0166423
0.0441897
0.0834317
0.1198351
0.1436021
0.1602042
0.1842844
0.2227795
0.2651720
0.2914976
0.2899924
0.2664225
0.2362923
0.2088965
0.1798471
0.1390042
0.0845649
0.0282838
-0.0134243
-0.0334773
-0.0398819
-0.0484309
-0.0693045
-0.0991032
-0.1247046
-0.1354487
-0.1330194
-0.1298558
-0.1369616
-0.1525342
-0.1632579
-0.1581563
-0.1413987
-0.1298877
-0.1364617
-0.1557134
-0.1685684
-0.1623573
-0.1451318
-0.1376516
-0.1506778
-0.1723319
-0.1799982
-0.1642269
-0.1385857
-0.1247573
-0.1293869
-0.1381846
-0.1336403
-0.1163894
-0.1058550
-0.1185797
-0.1478047
-0.1674107
-0.1574010
-0.1247436
-0.0977009
-0.0989786
-0.1246056
-0.1494105
-0.1528458
-0.1385479
-0.1281695
-0.1370353
-0.1576438
-0.1678267
-0.1540989
-0.1256165
-0.1051060
-0.1070512
-0.1252903
-0.1412922
-0.1433262
-0.1368457
-0.1365744
-0.1496457
-0.1674214
-0.1738498
-0.1614518
-0.1390936
-0.1242337
-0.1270429
-0.1410263
-0.1485120
-0.1356102
-0.1027673
-0.0619955
-0.0251814
0.0043098
0.0298445
0.0541842
0.0759396
0.0929582
0.1070259
0.1231353
0.1437999
0.1654808
0.1820124
0.1914499
0.1985079
0.2099747
0.2282619
0.2489729
0.2628576
0.2593873
0.2311375
0.1788901
0.1136844
0.0508710
-0.0013518
-0.0475170
-0.0963758
-0.1459299
-0.1801992
-0.1850041
-0.1666658
-0.1501406
-0.1550593
-0.1758076
-0.1894230
-0.1816597
-0.1575628
-0.1212073
-0.0502841
0.0964941
0.3369518
0.6299077
0.8880860
1.0332019
1.0434972
0.9524269
0.8070204
0.6308247
0.4232831
0.1854921
-0.0607022
-0.2784755
-0.4366724
-0.5249894
-0.5542124
-0.5459251
-0.5205385
-0.4899526
-0.4575293
-0.4239596
-0.3931476
-0.3717379
-0.3624945
-0.3597102
-0.3538377
-0.3414253
-0.3283529
-0.3215430
-0.3195725
-0.3152868
-0.3076022
-0.3055254
-0.3161310
-0.3307601
-0.3297652
-0.3044477
-0.2709863
-0.2568341
-0.2718381
-0.2967629
-0.3041000
-0.2885394
-0.2719107
-0.2766784
-0.2992384
-0.3142554
-0.3040030
-0.2776812
-0.2593598
-0.2608778
-0.2716572
-0.2747227
-0.2672766
-0.2614269
-0.2663075
-0.2745389
-0.2692106
-0.2426495
-0.2052678
-0.1752715
-0.1613127
-0.1560841
-0.1456510
-0.1236811
-0.0968151
-0.0770274
-0.0687484
-0.0631215
-0.0453448
-0.0084979
0.0396830
0.0838594
0.1145416
0.1342109
0.1508523
0.1670959
0.1769121
0.1726226
0.1537050
0.1276953
0.1028672
0.0810768
0.0577238
0.0273899
-0.0110992
-0.0538265
-0.0944066
-0.1279394
-0.1539791
-0.1758427
-0.1959200
-0.2116846
-0.2179833
-0.2141015
-0.2069789
-0.2052649
-0.2102319
-0.2147983
-0.2130089
-0.2088914
-0.2126596
-0.2271137
-0.2407774
-0.2383772
-0.2183769
-0.1968079
-0.1913922
-0.2032028
-0.2163832
-0.2156955
-0.2019892
-0.1893974
-0.1889504
-0.1970542
-0.2003239
-0.1902274
-0.1715708
-0.1567082
-0.1526834
-0.1549018
-0.1530494
-0.1424766
-0.1295417
-0.1254973
-0.1342717
-0.1461005
-0.1449595
-0.1243827
-0.0956488
-0.0779699
-0.0793792
-0.0887504
-0.0884737
-0.0744064
-0.0607901
-0.0639167
-0.0821867
-0.0952195
-0.0843384
-0.0527927
-0.0235053
-0.0164668
-0.0299601
-0.0447728
-0.0451259
-0.0333925
-0.0245325
-0.0280285
-0.0364313
-0.0313471
-0.0003482
0.0514286
0.1053143
0.1440391
0.1634187
0.1714651
0.1783855
0.1882442
0.1990748
0.2089810
0.2206667
0.2396828
0.2687325
0.3043203
0.3389057
0.3656406
0.3811519
0.3855336
0.3814038
0.3724907
0.3610813
0.3457928
0.3223627
0.2871370
0.2398958
0.1842824
0.1272836
0.0783907
0.0462652
0.0325052
0.0281562
0.0198646
0.0032825
-0.0100945
-0.0038370
0.0235141
0.0545118
0.0772063
0.1152289
0.2240449
0.4436650
0.7483544
1.0467024
1.2397773
1.2866099
1.2180538
1.0917848
0.9381392
0.7495549
0.5155112
0.2573045
0.0231407
-0.1478069
-0.2507309
-0.3052357
-0.3272159
-0.3164710
-0.2706768
-0.2044231
-0.1478351
-0.1243346
-0.1314846
-0.1459530
-0.1474846
-0.1365653
-0.1283632
-0.1319841
-0.1390967
-0.1338393
-0.1118627
-0.0869571
-0.0776506
-0.0877830
-0.1019732
-0.1016302
-0.0848319
-0.0682299
-0.0684394
-0.0834895
-0.0950213
-0.0884414
-0.0683622
-0.0528074
-0.0537492
-0.0659775
-0.0756757
-0.0772121
-0.0778144
-0.0853042
-0.0953772
-0.0954641
-0.0807304
-0.0616593
-0.0529928
-0.0573013
-0.0630382
-0.0589171
-0.0469194
-0.0385693
-0.0394197
-0.0406108
-0.0279232
0.0020363
0.0375024
0.0640715
0.0792841
0.0929156
0.1142979
0.1423835
0.1690191
0.1898904
0.2101927
0.2392222
0.2798427
0.3234936
0.3558455
0.3679323
0.3622375
0.3482497
0.3324918
0.3131457
0.2843175
0.2452292
0.2043799
0.1730614
0.1537521
0.1362986
0.1082245
0.0692100
0.0327576
0.0116438
0.0034555
-0.0063860
-0.0269984
-0.0503642
-0.0598412
-0.0497333
-0.0332780
-0.0289665
-0.0404212
-0.0535740
-0.0548428
-0.0482426
-0.0500596
-0.0673040
-0.0865954
-0.0877810
-0.0668459
-0.0416196
-0.0335620
-0.0457296
-0.0609333
-0.0616557
-0.0494181
-0.0421372
-0.0528115
-0.0738194
-0.0844324
-0.0729347
-0.0490816
-0.0339360
-0.0383280
-0.0525007
-0.0575554
-0.0466091
-0.0327340
-0.0340886
-0.0520308
-0.0674463
-0.0609374
-0.0347889
-0.0115371
-0.0101665
-0.0263377
-0.0385221
-0.0328544
-0.0185931
-0.0167568
-0.0351130
-0.0584220
-0.0649239
-0.0494662
-0.0271884
-0.0160621
-0.0202615
-0.0313078
-0.0406364
-0.0464112
-0.0489723
-0.0445505
-0.0270067
0.0046725
0.0430584
0.0776369
0.1026376
0.1188690
0.1294236
0.1361211
0.1401997
0.1437974
0.1492290
0.1582890
0.1732503
0.1960650
0.2236786
0.2454979
0.2499930
0.2359072
0.2144023
0.1965982
0.1790411
0.1452653
0.0849878
0.0105010
-0.0506347
-0.0817426
-0.0934180
-0.1104755
-0.1438298
-0.1796871
-0.1973619
-0.1933079
-0.1840227
-0.1872743
-0.2040153
-0.2169923
-0.2004021
-0.1274033
0.0250745
0.2641930
0.5621672
0.8504527
1.0458327
1.0967846
1.0118005
0.8436829
0.6458045
0.4413750
0.2285299
0.0066302
-0.2065119
-0.3805846
-0.4916689
-0.5356829
-0.5278482
-0.4927233
-0.4532217
-0.4229122
-0.4029211
-0.3854645
-0.3636592
-0.3399942
-0.3242240
-0.3222712
-0.3291107
-0.3344497
-0.3343612
-0.3348205
-0.3430020
-0.3565137
-0.3631253
-0.3522397
-0.3265490
-0.3012794
-0.2909985
-0.2972129
-0.3089356
-0.3143098
-0.3109034
-0.3059796
-0.3085479
-0.3206818
-0.3347764
-0.3394463
-0.3302255
-0.3152020
-0.3083457
-0.3156665
-0.3285667
-0.3325836
-0.3232945
-0.3121799
-0.3144513
-0.3304306
-0.3415643
-0.3283139
-0.2919709
-0.2553071
-0.2397749
-0.2442767
-0.2486503
-0.2361848
-0.2092002
-0.1825699
-0.1657913
-0.1543610
-0.1376247
-0.1114057
-0.0805681
-0.0506733
-0.0210584
0.0119160
0.0470619
0.0768829
0.0934926
0.0938116
0.0796587
0.0561816
0.0310187
0.0111379
-0.0035167
-0.0229288
-0.0600135
-0.1177934
-0.1833764
-0.2367983
-0.2680899
-0.2857385
-0.3066389
-0.3372787
-0.3668871
-0.3806259
-0.3777946
-0.3742511
-0.3865762
-0.4155031
-0.4457765
-0.4619354
-0.4638503
-0.4662685
-0.4823190
-0.5078492
-0.5240173
-0.5166236
-0.4918204
-0.4711414
-0.4709086
-0.4870066
-0.4996372
-0.4927715
-0.4695278
-0.4489729
-0.4475360
-0.4631526
-0.4773975
-0.4726326
-0.4470996
-0.4149705
-0.3934181
-0.3886688
-0.3919154
-0.3879246
-0.3691443
-0.3424817
-0.3218830
-0.3141610
-0.3126822
-0.3046722
-0.2836772
-0.2549605
-0.2299548
-0.2159656
-0.2105663
-0.2051973
-0.1937834
-0.1777442
-0.1632623
-0.1546266
-0.1498523
-0.1414245
-0.1217663
-0.0905819
-0.0577653
-0.0363981
-0.0300767
-0.0276487
-0.0125194
0.0222241
0.0680106
0.1090531
0.1356737
0.1507972
0.1655063
0.1889381
0.2214096
0.2555960
0.2832599
0.3016510
0.3156753
0.3344637
0.3630667
0.3951320
0.4160328
0.4174228
0.4083266
0.4067411
0.4173256
0.4205461
0.3892490
0.3179024
0.2329905
0.1708581
0.1441299
0.1322887
0.1076907
0.0687011
0.0419008
0.0503355
0.0849540
0.1124226
0.1091926
0.0831085
0.0630012
0.0753487
0.1365115
0.2617347
0.4663575
0.7448693
1.0483294
1.2950363
1.4180609
1.4081747
1.3085210
1.1672730
0.9993372
0.7941244
0.5522410
0.3052178
0.0981460
-0.0415629
-0.1153699
-0.1385824
-0.1224402
-0.0745896
-0.0115151
0.0405255
0.0634201
0.0633456
0.0632000
0.0780142
0.1010448
0.1149013
0.1129761
0.1070204
0.1142482
0.1392005
0.1695747
0.1895896
0.1957330
0.1977134
0.2049937
0.2158841
0.2213657
0.2169448
0.2078796
0.2036404
0.2096204
0.2241000
0.2411609
0.2554805
0.2648549
0.2692370
0.2688567
0.2643512
0.2578562
0.2522177
0.2493205
0.2506399
0.2586096
0.2746360
0.2952980
0.3132136
0.3234294
0.3279536
0.3331363
0.3435107
0.3588092
0.3761437
0.3943168
0.4158434
0.4442381
0.4790595
0.5147862
0.5456412
0.5707012
0.5934235
0.6175431
0.6448345
0.6753058
0.7069861
0.7356033
0.7563567
0.7666387
0.7666843
0.7580055
0.7415499
0.7166260
0.6815360
0.6366704
0.5871688
0.5403790
0.4996608
0.4627137
0.4274807
0.3976439
0.3794572
0.3731754
0.3697390
0.3577502
0.3345613
0.3099408
0.2967145
0.2966661
0.2978954
0.2886722
0.2721368
0.2632531
0.2711458
0.2883265
0.2989657
0.2951547
0.2829380
0.2737813
0.2723575
0.2730885
0.2677705
0.2554443
0.2439038
0.2419957
0.2518427
0.2680556
0.2818882
0.2859955
0.2791758
0.2689993
0.2665556
0.2744481
0.2811054
0.2711014
0.2422276
0.2102792
0.1955205
0.2043819
0.2242811
0.2361006
0.2317008
0.2188126
0.2090058
0.2035345
0.1938249
0.1744427
0.1513136
0.1361448
0.1354515
0.1457485
0.1567302
0.1582189
0.1471286
0.1302938
0.1196187
0.1225991
0.1370181
0.1546360
0.1697409
0.1845243
0.2060915
0.2367905
0.2674704
0.2836196
0.2807651
0.2716925
0.2751779
0.2981839
0.3311472
0.3592264
0.3751823
0.3821455
0.3876067
0.3962490
0.4068558
0.4138639
0.4105112
0.3906775
0.3505582
0.2920177
0.2239107
0.1567726
0.0959261
0.0428519
0.0026091
-0.0163532
-0.0133714
-0.0024919
-0.0024384
-0.0189810
-0.0401226
-0.0499178
-0.0446257
-0.0303493
-0.0009309
0.0785105
0.2537849
0.5345620
0.8622822
1.1323975
1.2582741
1.2217453
1.0695724
0.8665486
0.6501501
0.4221521
0.1758396
-0.0735317
-0.2869573
-0.4289665
-0.4939071
-0.5053003
-0.4933599
-0.4750620
-0.4515496
-0.4188690
-0.3799496
-0.3475132
-0.3347826
-0.3424698
-0.3563785
-0.3593518
-0.3453039
-0.3222809
-0.3043927
-0.3008948
-0.3097726
-0.3203239
-0.3238809
-0.3225949
-0.3255563
-0.3363017
-0.3473436
-0.3479997
-0.3351791
-0.3157897
-0.3007735
-0.2970688
-0.3029732
-0.3106752
-0.3146950
-0.3173300
-0.3241672
-0.3354460
-0.3442052
-0.3422293
-0.3264263
-0.3016144
-0.2793635
-0.2710016
-0.2771104
-0.2847187
-0.2788388
-0.2572853
-0.2320883
-0.2164466
-0.2114869
-0.2051737
-0.1840080
-0.1476529
-0.1117650
-0.0926707
-0.0884715
-0.0799295
-0.0525415
-0.0137444
0.0154014
0.0235438
0.0213605
0.0316868
0.0681471
0.1213117
0.1648550
0.1771298
0.1575147
0.1214899
0.0827814
0.0439621
0.0016822
-0.0455132
-0.0951878
-0.1418519
-0.1788779
-0.2036905
-0.2219983
-0.2433968
-0.2715014
-0.3002451
-0.3200250
-0.3266582
-0.3260997
-0.3314046
-0.3512374
-0.3783188
-0.3930116
-0.3831177
-0.3583279
-0.3412158
-0.3450678
-0.3629246
-0.3764237
-0.3733693
-0.3590053
-0.3514881
-0.3631052
-0.3848728
-0.3941524
-0.3794367
-0.3529524
-0.3362007
-0.3375142
-0.3471339
-0.3509950
-0.3459399
-0.3423852
-0.3524820
-0.3742723
-0.3898849
-0.3837646
-0.3608388
-0.3411153
-0.3376873
-0.3462459
-0.3551210
-0.3581096
-0.3563806
-0.3542818
-0.3558414
-0.3617918
-0.3685583
-0.3716030
-0.3686638
-0.3590312
-0.3441632
-0.3314160
-0.3305230
-0.3405315
-0.3455085
-0.3303593
-0.2978587
-0.2641980
-0.2406472
-0.2248870
-0.2076740
-0.1833230
-0.1554672
-0.1346322
-0.1266583
-0.1226826
-0.1066657
-0.0748407
-0.0411595
-0.0208525
-0.0146690
-0.0113540
0.0003897
0.0229798
0.0451245
0.0451097
0.0080943
-0.0570178
-0.1249050
-0.1791695
-0.2233847
-0.2671868
-0.3102091
-0.3417101
-0.3503126
-0.3345345
-0.3084335
-0.2927989
-0.2941072
-0.2974142
-0.2869194
-0.2638746
-0.2304425
-0.1623690
-0.0162229
0.2300438
0.5466348
0.8577105
1.0759178
1.1471413
1.0790376
0.9254147
0.7369138
0.5311799
0.3096232
0.0844482
-0.1214402
-0.2868365
-0.3938359
-0.4314582
-0.4100198
-0.3604865
-0.3094534
-0.2640849
-0.2242992
-0.1924379
-0.1658715
-0.1390079
-0.1176193
-0.1110100
-0.1075830
-0.0837165
-0.0410422
-0.0070305
0.0060494
0.0127744
0.0221952
0.0286409
0.0380981
0.0636099
0.0902260
0.0912517
0.0849791
0.1175166
0.1748511
0.1793191
0.1052184
