0.0793163
0.1151842
0.1326143
0.1610917
0.1959424
0.2116737
0.2110760
0.2233634
0.2580344
0.2921350
0.3042339
0.2962505
0.2796869
0.2609270
0.2433068
0.2278271
0.2092804
0.1830919
0.1552053
0.1348146
0.1203934
0.1039202
0.0856239
0.0735584
0.0714168
0.0766639
0.0874632
0.1023468
0.1179278
0.1386668
0.1868695
0.2905771
0.4559175
0.6520769
0.8213707
0.9051024
0.8719368
0.7343846
0.5390687
0.3358335
0.1536267
0.0013203
-0.1188306
-0.2038737
-0.2497311
-0.2522283
-0.2121156
-0.1423365
-0.0656442
-0.0008260
0.0463747
0.0781908
0.0968666
0.1050490
0.1088432
0.1147960
0.1241421
0.1319316
0.1320983
0.1247815
0.1198694
0.1298493
0.1551456
0.1796361
0.1864661
0.1766379
0.1661381
0.1662185
0.1736325
0.1805878
0.1865515
0.1960509
0.2090549
0.2188963
0.2204988
0.2183566
0.2233769
0.2401489
0.2598061
0.2699448
0.2705750
0.2737426
0.2860855
0.2995264
0.3042625
0.3046949
0.3144346
0.3377056
0.3635560
0.3799638
0.3880474
0.3983825
0.4152867
0.4295165
0.4293484
0.4169641
0.4085397
0.4159223
0.4329325
0.4443639
0.4443688
0.4383805
0.4285786
0.4076420
0.3713397
0.3304246
0.3022462
0.2909569
0.2808909
0.2517631
0.1994509
0.1405757
0.0966067
0.0747009
0.0650333
0.0545697
0.0391765
0.0224311
0.0087860
0.0019256
0.0056395
0.0201556
0.0379798
0.0478182
0.0438281
0.0292636
0.0113190
-0.0055669
-0.0214332
-0.0379429
-0.0548308
-0.0690220
-0.0771701
-0.0785067
-0.0744743
-0.0666803
-0.0573144
-0.0509989
-0.0532179
-0.0658018
-0.0853045
-0.1058839
-0.1225206
-0.1328806
-0.1395444
-0.1502591
-0.1715469
-0.1996426
-0.2203989
-0.2215525
-0.2054416
-0.1884131
-0.1870437
-0.2044877
-0.2297363
-0.2497423
-0.2612570
-0.2698551
-0.2792589
-0.2860306
-0.2859517
-0.2808896
-0.2749529
-0.2661607
-0.2473980
-0.2166471
-0.1826877
-0.1583089
-0.1488526
-0.1487477
-0.1488290
-0.1455881
-0.1423749
-0.1427414
-0.1459396
-0.1509281
-0.1618589
-0.1846686
-0.2180111
-0.2521696
-0.2791978
-0.3009339
-0.3239804
-0.3488186
-0.3677980
-0.3743754
-0.3716743
-0.3698766
-0.3755837
-0.3854677
-0.3906975
-0.3842900
-0.3593346
-0.3005225
-0.1864366
-0.0109969
0.1941129
0.3634616
0.4319251
0.3722025
0.2064501
-0.0130075
-0.2347377
-0.4278488
-0.5813964
-0.6925040
-0.7582330
-0.7771127
-0.7540835
-0.7012180
-0.6340215
-0.5672480
-0.5119205
-0.4734355
-0.4513154
-0.4405214
-0.4331713
-0.4212433
-0.4014756
-0.3790321
-0.3637468
-0.3600314
-0.3609741
-0.3542954
-0.3345911
-0.3091663
-0.2917062
-0.2901416
-0.3000784
-0.3094271
-0.3090658
-0.2990059
-0.2855669
-0.2751116
-0.2710003
-0.2730886
-0.2765437
-0.2724324
-0.2539734
-0.2240018
-0.1941049
-0.1744343
-0.1648438
-0.1568007
-0.1432585
-0.1255210
-0.1103814
-0.1015969
-0.0955148
-0.0853942
-0.0685597
-0.0477618
-0.0265904
-0.0062896
0.0127250
0.0292607
0.0429973
0.0557931
0.0693934
0.0830575
0.0951284
0.1055675
0.1144292
0.1183928
0.1122196
0.0957516
0.0778307
0.0696673
0.0724439
0.0732873
0.0568626
0.0216416
-0.0178148
-0.0458182
-0.0600159
-0.0690690
-0.0797460
-0.0917893
-0.1045704
-0.1215262
-0.1434624
-0.1610271
-0.1604282
-0.1386698
-0.1099968
-0.0940866
-0.0980888
-0.1120529
-0.1213558
-0.1203216
-0.1124893
-0.1018686
-0.0894292
-0.0774313
-0.0707776
-0.0706807
-0.0707853
-0.0640845
-0.0522103
-0.0436023
-0.0426587
-0.0450632
-0.0454931
-0.0460748
-0.0529565
-0.0655597
-0.0743016
-0.0716179
-0.0620359
-0.0565806
-0.0578094
-0.0561461
-0.0438668
-0.0279978
-0.0234945
-0.0350605
-0.0519536
-0.0620569
-0.0653460
-0.0695384
-0.0766728
-0.0808705
-0.0795890
-0.0801983
-0.0898819
-0.1013505
-0.0958157
-0.0638939
-0.0200625
0.0092001
0.0122693
0.0038015
0.0081298
0.0341816
0.0684386
0.0896058
0.0872207
0.0682467
0.0503046
0.0488517
0.0661517
0.0887352
0.0965757
0.0784737
0.0406977
0.0002303
-0.0311941
-0.0559572
-0.0834493
-0.1163586
-0.1471446
-0.1677217
-0.1779035
-0.1813113
-0.1771132
-0.1626312
-0.1437241
-0.1332561
-0.1306953
-0.1048790
-0.0079315
0.1820017
0.4263030
0.6360106
0.7239344
0.6573234
0.4697385
0.2288506
-0.0065273
-0.2065301
-0.3630951
-0.4748434
-0.5406537
-0.5621110
-0.5463560
-0.5048586
-0.4502254
-0.3942052
-0.3466598
-0.3132595
-0.2924339
-0.2759837
-0.2556554
-0.2303524
-0.2060017
-0.1882269
-0.1768933
-0.1685837
-0.1621460
-0.1590822
-0.1588607
-0.1568352
-0.1488197
-0.1368437
-0.1280317
-0.1267677
-0.1294554
-0.1290758
-0.1243658
-0.1213383
-0.1241359
-0.1270720
-0.1195101
-0.0986195
-0.0740745
-0.0585000
-0.0549411
-0.0553988
-0.0505412
-0.0384602
-0.0234517
-0.0084222
0.0087753
0.0309274
0.0554988
0.0754673
0.0862412
0.0901760
0.0937904
0.1018547
0.1146871
0.1294596
0.1426082
0.1521627
0.1599961
0.1718707
0.1929645
0.2213967
0.2465260
0.2558704
0.2459043
0.2263159
0.2117837
0.2077738
0.2048286
0.1884779
0.1550356
0.1163526
0.0885015
0.0767727
0.0723388
0.0625592
0.0432207
0.0207978
0.0041401
-0.0045927
-0.0105064
-0.0189241
-0.0296478
-0.0384466
-0.0422815
-0.0413547
-0.0368516
-0.0289450
-0.0179531
-0.0064608
0.0010072
0.0010569
-0.0055501
-0.0139238
-0.0184841
-0.0167962
-0.0102350
-0.0014072
0.0083202
0.0188003
0.0295833
0.0388184
0.0432038
0.0392859
0.0263991
0.0093008
-0.0033361
-0.0052225
0.0018228
0.0090656
0.0087608
0.0013311
-0.0055213
-0.0051514
0.0009902
0.0055590
0.0043397
0.0011101
0.0020503
0.0067272
0.0074643
-0.0016940
-0.0173598
-0.0294479
-0.0304006
-0.0205670
-0.0054568
0.0098443
0.0224941
0.0302026
0.0313682
0.0287589
0.0311295
0.0472755
0.0765862
0.1070631
0.1251338
0.1280697
0.1262220
0.1332303
0.1544943
0.1841768
0.2110613
0.2258968
0.2243269
0.2060340
0.1739956
0.1348317
0.0974583
0.0688668
0.0506786
0.0401960
0.0339104
0.0286046
0.0201520
0.0048736
-0.0158306
-0.0342380
-0.0429809
-0.0427361
-0.0388331
-0.0262244
0.0202978
0.1325672
0.3162908
0.5280451
0.6891626
0.7314358
0.6383328
0.4487729
0.2250962
0.0160544
-0.1578022
-0.2949163
-0.3971492
-0.4627698
-0.4892347
-0.4784895
-0.4390645
-0.3843882
-0.3288894
-0.2830938
-0.2498095
-0.2248889
-0.2033422
-0.1854057
-0.1757227
-0.1761738
-0.1808419
-0.1795963
-0.1669126
-0.1468578
-0.1296554
-0.1236472
-0.1297887
-0.1422095
-0.1528271
-0.1559231
-0.1506986
-0.1420367
-0.1388304
-0.1482201
-0.1678158
-0.1835743
-0.1790349
-0.1502293
-0.1118514
-0.0864791
-0.0854861
-0.0999869
-0.1111367
-0.1093887
-0.1023867
-0.1029851
-0.1111893
-0.1116377
-0.0909185
-0.0553051
-0.0275230
-0.0243793
-0.0391069
-0.0479274
-0.0345218
-0.0069871
0.0104164
0.0023327
-0.0214009
-0.0344871
-0.0186060
0.0205388
0.0594298
0.0768897
0.0690115
0.0478889
0.0285868
0.0168688
0.0069544
-0.0106745
-0.0391459
-0.0715681
-0.0968651
-0.1100061
-0.1175564
-0.1327580
-0.1632077
-0.2020814
-0.2325767
-0.2432451
-0.2397477
-0.2402767
-0.2578194
-0.2864166
-0.3054671
-0.2988260
-0.2710332
-0.2450771
-0.2427521
-0.2650169
-0.2906104
-0.2947779
-0.2711445
-0.2367087
-0.2158066
-0.2184631
-0.2333148
-0.2410150
-0.2342013
-0.2238362
-0.2258944
-0.2431295
-0.2617510
-0.2661345
-0.2548238
-0.2405777
-0.2357601
-0.2399894
-0.2427615
-0.2363836
-0.2241580
-0.2156947
-0.2161085
-0.2215648
-0.2248244
-0.2228517
-0.2180425
-0.2139620
-0.2123315
-0.2137925
-0.2187554
-0.2257738
-0.2304973
-0.2288833
-0.2223797
-0.2184705
-0.2239271
-0.2367207
-0.2458097
-0.2407999
-0.2223914
-0.2021729
-0.1909271
-0.1872684
-0.1786896
-0.1542101
-0.1158450
-0.0775464
-0.0528588
-0.0433209
-0.0384521
-0.0266040
-0.0054962
0.0176072
0.0347967
0.0451433
0.0534337
0.0627116
0.0693165
0.0654728
0.0466158
0.0164494
-0.0149749
-0.0386997
-0.0533933
-0.0650304
-0.0797936
-0.0967083
-0.1074024
-0.1042522
-0.0896088
-0.0755494
-0.0707846
-0.0649998
-0.0278081
0.0706034
0.2306346
0.4108441
0.5455025
0.5813765
0.5070544
0.3541410
0.1719684
-0.0026531
-0.1578473
-0.2959902
-0.4148419
-0.5001641
-0.5359435
-0.5206317
-0.4725763
-0.4187894
-0.3771885
-0.3482334
-0.3221590
-0.2927559
-0.2635896
-0.2422792
-0.2312772
-0.2255340
-0.2182548
-0.2074520
-0.1967161
-0.1906534
-0.1903916
-0.1932108
-0.1954401
-0.1949026
-0.1909926
-0.1838959
-0.1748035
-0.1662584
-0.1607047
-0.1579512
-0.1547332
-0.1477406
-0.1372753
-0.1273987
-0.1218708
-0.1197979
-0.1157357
-0.1046815
-0.0870119
-0.0680648
-0.0528225
-0.0415775
-0.0309643
-0.0183431
-0.0043015
0.0087106
0.0189852
0.0264314
0.0318655
0.0367343
0.0438550
0.0573586
0.0801462
0.1103636
0.1409581
0.1641774
0.1772938
0.1836465
0.1879523
0.1914150
0.1922356
0.1903194
0.1895131
0.1934242
0.1990256
0.1963966
0.1772588
0.1445249
0.1119296
0.0923667
0.0862779
0.0823265
0.0696235
0.0485074
0.0291703
0.0208811
0.0236498
0.0298408
0.0319940
0.0278654
0.0190388
0.0076317
-0.0035939
-0.0091463
-0.0025270
0.0172906
0.0416678
0.0572516
0.0572756
0.0483396
0.0451277
0.0572729
0.0806393
0.1013874
0.1088882
0.1049102
0.1004308
0.1040987
0.1144449
0.1229341
0.1230986
0.1157394
0.1062968
0.0994793
0.0975318
0.1019965
0.1138773
0.1304905
0.1441243
0.1473713
0.1410341
0.1345615
0.1362396
0.1436176
0.1462551
0.1386590
0.1282415
0.1282726
0.1434461
0.1643569
0.1767035
0.1745111
0.1635043
0.1532554
0.1488913
0.1510726
0.1611484
0.1824847
0.2155020
0.2532220
0.2841377
0.3007902
0.3061183
0.3117078
0.3291265
0.3610262
0.3990030
0.4301188
0.4466117
0.4500263
0.4462175
0.4372361
0.4196248
0.3913137
0.3587437
0.3343865
0.3252935
0.3246262
0.3168583
0.2932455
0.2620972
0.2423848
0.2459625
0.2655574
0.2805120
0.2759536
0.2594873
0.2617909
0.3196403
0.4517622
0.6422089
0.8415890
0.9868061
1.0297246
0.9591382
0.8028452
0.6086219
0.4178450
0.2508666
0.1122218
0.0055368
-0.0593971
-0.0741217
-0.0434889
0.0126402
0.0710771
0.1191075
0.1576366
0.1927979
0.2264852
0.2550429
0.2748151
0.2866191
0.2948649
0.3040930
0.3169955
0.3341113
0.3534724
0.3707425
0.3818108
0.3868673
0.3914751
0.4019369
0.4187142
0.4352992
0.4450768
0.4495024
0.4581054
0.4791066
0.5102233
0.5397786
0.5573114
0.5628918
0.5662771
0.5777751
0.6000376
0.6273891
0.6514480
0.6672580
0.6757573
0.6823671
0.6935205
0.7128794
0.7389482
0.7658603
0.7874657
0.8018554
0.8125524
0.8254222
0.8439502
0.8663675
0.8865132
0.8983275
0.9015880
0.9041217
0.9166049
0.9424720
0.9721822
0.9891790
0.9836409
0.9609711
0.9361169
0.9191423
0.9066141
0.8869791
0.8532544
0.8096364
0.7667518
0.7325804
0.7083934
0.6909606
0.6756472
0.6572827
0.6311869
0.5966043
0.5595644
0.5301314
0.5142799
0.5076312
0.4983363
0.4779782
0.4505202
0.4298097
0.4267723
0.4380458
0.4472456
0.4382747
0.4086347
0.3708146
0.3410982
0.3263822
0.3203207
0.3105376
0.2889209
0.2562905
0.2198329
0.1877269
0.1649765
0.1511601
0.1401486
0.1231225
0.0947593
0.0582434
0.0236132
-0.0005416
-0.0147918
-0.0282245
-0.0496600
-0.0794006
-0.1096870
-0.1327699
-0.1477419
-0.1595385
-0.1725456
-0.1863366
-0.1973681
-0.2037372
-0.2079937
-0.2159738
-0.2329311
-0.2593213
-0.2886785
-0.3098088
-0.3134517
-0.2994371
-0.2780561
-0.2629715
-0.2607012
-0.2657993
-0.2661127
-0.2531539
-0.2284392
-0.2014066
-0.1822013
-0.1754685
-0.1787899
-0.1859952
-0.1933177
-0.2042780
-0.2284871
-0.2735257
-0.3362452
-0.4024835
-0.4571000
-0.4953902
-0.5245714
-0.5541248
-0.5856929
-0.6131372
-0.6311539
-0.6412032
-0.6480737
-0.6527657
-0.6512014
-0.6389090
-0.6127572
-0.5655845
-0.4826961
-0.3520077
-0.1845599
-0.0249458
0.0657704
0.0471671
-0.0732179
-0.2467190
-0.4185584
-0.5600954
-0.6728711
-0.7678760
-0.8449866
-0.8916724
-0.8972672
-0.8650108
-0.8105702
-0.7513999
-0.6982343
-0.6540321
-0.6172011
-0.5845568
-0.5533780
-0.5235324
-0.4982961
-0.4816648
-0.4736550
-0.4686115
-0.4592396
-0.4428846
-0.4237909
-0.4090201
-0.4019419
-0.3992664
-0.3939864
-0.3813442
-0.3627464
-0.3446567
-0.3335613
-0.3309020
-0.3317730
-0.3284880
-0.3165091
-0.2980772
-0.2803270
-0.2692129
-0.2644270
-0.2597598
-0.2484720
-0.2288804
-0.2054954
-0.1851502
-0.1716949
-0.1636076
-0.1560607
-0.1452103
-0.1309649
-0.1162924
-0.1042789
-0.0957255
-0.0890171
-0.0817733
-0.0725185
-0.0611276
-0.0482671
-0.0348700
-0.0221308
-0.0115735
-0.0048027
-0.0033120
-0.0086309
-0.0220194
-0.0429146
-0.0673558
-0.0891189
-0.1042145
-0.1150293
-0.1290814
-0.1520657
-0.1814638
-0.2078121
-0.2234325
-0.2301061
-0.2373609
-0.2526241
-0.2733581
-0.2893493
-0.2924483
-0.2834493
-0.2697195
-0.2575707
-0.2481534
-0.2401268
-0.2340070
-0.2320106
-0.2339791
-0.2355122
-0.2316183
-0.2217813
-0.2101110
-0.2002538
-0.1913254
-0.1798213
-0.1649634
-0.1507475
-0.1421082
-0.1397099
-0.1393282
-0.1363564
-0.1304163
-0.1254929
-0.1260739
-0.1333724
-0.1445672
-0.1546627
-0.1590214
-0.1553822
-0.1449707
-0.1321674
-0.1224706
-0.1198326
-0.1252730
-0.1375111
-0.1543787
-0.1733472
-0.1910518
-0.2032412
-0.2062956
-0.1996882
-0.1873708
-0.1764110
-0.1731279
-0.1790791
-0.1899512
-0.1987356
-0.2011419
-0.1986086
-0.1956323
-0.1935019
-0.1870212
-0.1687694
-0.1375430
-0.1020238
-0.0745808
-0.0603625
-0.0524821
-0.0385178
-0.0123739
0.0195308
0.0429388
0.0464040
0.0286998
-0.0019457
-0.0344451
-0.0614401
-0.0818160
-0.0989565
-0.1171282
-0.1384914
-0.1617517
-0.1822314
-0.1934364
-0.1909184
-0.1775622
-0.1653324
-0.1674601
-0.1823824
-0.1823920
-0.1227304
0.0274780
0.2528649
0.4862316
0.6402142
0.6564138
0.5364577
0.3333458
0.1130405
-0.0821399
-0.2428639
-0.3754551
-0.4800209
-0.5451363
-0.5604989
-0.5311323
-0.4773532
-0.4210154
-0.3724140
-0.3297965
-0.2891198
-0.2519753
-0.2240466
-0.2080167
-0.1998848
-0.1921301
-0.1794457
-0.1616281
-0.1426955
-0.1284481
-0.1237313
-0.1294469
-0.1408207
-0.1496665
-0.1504078
-0.1447186
-0.1395091
-0.1394580
-0.1415452
-0.1374337
-0.1213856
-0.0957900
-0.0693276
-0.0503886
-0.0420627
-0.0418906
-0.0445974
