-0.0976073
-0.0863974
-0.0679191
-0.0531733
-0.0510400
-0.0611844
-0.0742678
-0.0797230
-0.0745902
-0.0657931
-0.0638390
-0.0732218
-0.0876040
-0.0940143
-0.0831100
-0.0576027
-0.0319047
-0.0223446
-0.0347220
-0.0590860
-0.0770682
-0.0769104
-0.0635011
-0.0536701
-0.0601810
-0.0793654
-0.0945580
-0.0919157
-0.0728892
-0.0518417
-0.0429508
-0.0499662
-0.0665647
-0.0832386
-0.0930144
-0.0937934
-0.0891037
-0.0866158
-0.0922847
-0.1034403
-0.1091971
-0.1006607
-0.0811326
-0.0643275
-0.0617178
-0.0727874
-0.0879023
-0.0983790
-0.1019702
-0.1008400
-0.0985956
-0.1000239
-0.1091608
-0.1232521
-0.1301616
-0.1174912
-0.0873227
-0.0591970
-0.0540627
-0.0741702
-0.1005786
-0.1112743
-0.1008379
-0.0827099
-0.0748555
-0.0846324
-0.1048736
-0.1204592
-0.1183782
-0.0959315
-0.0635602
-0.0393006
-0.0362568
-0.0520435
-0.0703600
-0.0747144
-0.0621134
-0.0441262
-0.0351095
-0.0391337
-0.0466952
-0.0424052
-0.0164782
0.0282026
0.0776973
0.1161388
0.1361442
0.1425658
0.1465520
0.1556135
0.1690512
0.1820178
0.1922810
0.2019898
0.2138386
0.2276537
0.2415384
0.2545951
0.2659552
0.2708326
0.2603465
0.2285245
0.1800310
0.1286992
0.0862847
0.0528871
0.0199716
-0.0170021
-0.0506673
-0.0677687
-0.0623953
-0.0418108
-0.0195017
-0.0042642
0.0045332
0.0166728
0.0525346
0.1431597
0.3163477
0.5677517
0.8406038
1.0423591
1.0958499
0.9856555
0.7603704
0.4920234
0.2319879
-0.0013819
-0.2052205
-0.3728893
-0.4921540
-0.5548876
-0.5633240
-0.5289268
-0.4693970
-0.4052734
-0.3524874
-0.3135516
-0.2779593
-0.2354157
-0.1892486
-0.1544113
-0.1417172
-0.1463078
-0.1529077
-0.1505171
-0.1399916
-0.1289374
-0.1230995
-0.1236906
-0.1293197
-0.1363419
-0.1378845
-0.1270938
-0.1044563
-0.0806395
-0.0690764
-0.0745456
-0.0894544
-0.1011128
-0.1019409
-0.0934666
-0.0828408
-0.0766970
-0.0767460
-0.0787292
-0.0750339
-0.0601385
-0.0356512
-0.0104962
0.0052482
0.0087045
0.0075870
0.0147823
0.0377213
0.0713216
0.1012730
0.1161584
0.1185966
0.1247082
0.1505442
0.1970807
0.2487728
0.2880722
0.3112293
0.3288772
0.3520527
0.3805949
0.4065078
0.4258798
0.4434774
0.4651438
0.4891929
0.5084780
0.5201296
0.5295633
0.5424787
0.5541975
0.5502788
0.5198487
0.4680112
0.4135393
0.3730111
0.3464732
0.3185279
0.2741369
0.2143492
0.1567266
0.1196232
0.1056003
0.1003714
0.0873796
0.0619553
0.0314513
0.0049195
-0.0139916
-0.0253045
-0.0293392
-0.0284808
-0.0297695
-0.0403424
-0.0582947
-0.0712473
-0.0679218
-0.0511612
-0.0365172
-0.0366126
-0.0486956
-0.0590525
-0.0580261
-0.0485591
-0.0412004
-0.0438616
-0.0565546
-0.0724389
-0.0815730
-0.0761581
-0.0566576
-0.0340032
-0.0229175
-0.0299449
-0.0475889
-0.0613979
-0.0633064
-0.0576860
-0.0548144
-0.0600669
-0.0702146
-0.0785420
-0.0811914
-0.0785962
-0.0732940
-0.0681401
-0.0657524
-0.0677927
-0.0740583
-0.0824476
-0.0898712
-0.0936565
-0.0934416
-0.0925184
-0.0960491
-0.1058730
-0.1167844
-0.1197387
-0.1103611
-0.0942069
-0.0827143
-0.0836609
-0.0956559
-0.1111309
-0.1230428
-0.1283661
-0.1276212
-0.1241821
-0.1238021
-0.1309439
-0.1428734
-0.1492867
-0.1414608
-0.1223055
-0.1049032
-0.1000069
-0.1066034
-0.1156591
-0.1208841
-0.1232578
-0.1260469
-0.1291848
-0.1304266
-0.1297422
-0.1292017
-0.1284266
-0.1233275
-0.1115780
-0.0979469
-0.0914897
-0.0970120
-0.1106602
-0.1239273
-0.1304954
-0.1294281
-0.1245427
-0.1222611
-0.1276325
-0.1389877
-0.1466122
-0.1400279
-0.1188149
-0.0952527
-0.0842400
-0.0900253
-0.1033091
-0.1110429
-0.1079615
-0.0986614
-0.0906242
-0.0871030
-0.0855139
-0.0794025
-0.0610557
-0.0255240
0.0240392
0.0747978
0.1107533
0.1233433
0.1169549
0.1052654
0.1024566
0.1153027
0.1394818
0.1620370
0.1703246
0.1623487
0.1489656
0.1438218
0.1496080
0.1546920
0.1438459
0.1114137
0.0635406
0.0103111
-0.0400468
-0.0795454
-0.0999538
-0.1003155
-0.0929749
-0.0942274
-0.1055338
-0.1091140
-0.0875825
-0.0445862
0.0031142
0.0571679
0.1529564
0.3307523
0.5849532
0.8445184
1.0105927
1.0199133
0.8780775
0.6402054
0.3674931
0.1012234
-0.1347619
-0.3232948
-0.4533034
-0.5259306
-0.5539518
-0.5519829
-0.5278616
-0.4839349
-0.4250377
-0.3628103
-0.3109823
-0.2766958
-0.2570064
-0.2434756
-0.2292881
-0.2123456
-0.1938754
-0.1765227
-0.1639613
-0.1600299
-0.1654494
-0.1745161
-0.1771247
-0.1675160
-0.1521774
-0.1461069
-0.1573652
-0.1753761
-0.1783623
-0.1549552
-0.1171035
-0.0894183
-0.0861574
-0.1001895
-0.1135496
-0.1154668
-0.1085658
-0.1004823
-0.0943292
-0.0887297
-0.0831312
-0.0781395
-0.0707221
-0.0540063
-0.0252925
0.0075943
0.0316827
0.0412969
0.0435340
0.0512348
0.0719181
0.1032254
0.1364551
0.1630942
0.1801605
0.1926455
0.2112863
0.2449783
0.2923332
0.3408291
0.3768056
0.3976138
0.4126482
0.4316251
0.4541619
0.4733407
0.4872089
0.5011324
0.5170685
0.5256033
0.5144624
0.4846742
0.4531476
0.4358047
0.4296498
0.4148056
0.3750096
0.3141192
0.2512468
0.2015776
0.1645819
0.1300800
0.0915350
0.0511557
0.0150921
-0.0119834
-0.0279167
-0.0332638
-0.0330758
-0.0363002
-0.0496196
-0.0705600
-0.0881842
-0.0926294
-0.0847368
-0.0757247
-0.0766969
-0.0886029
-0.1026426
-0.1093379
-0.1057433
-0.0948031
-0.0811334
-0.0693639
-0.0642848
-0.0685850
-0.0791047
-0.0874543
-0.0870874
-0.0804430
-0.0774834
-0.0852145
-0.0987226
-0.1047951
-0.0958779
-0.0790043
-0.0687044
-0.0716643
-0.0809459
-0.0856466
-0.0833565
-0.0810112
-0.0851587
-0.0945350
-0.1028282
-0.1063442
-0.1066136
-0.1059890
-0.1036227
-0.0978110
-0.0908757
-0.0885708
-0.0938388
-0.1032624
-0.1109110
-0.1140232
-0.1136123
-0.1116244
-0.1103467
-0.1135758
-0.1242779
-0.1391206
-0.1477129
-0.1409804
-0.1215536
-0.1041499
-0.1032291
-0.1193633
-0.1386010
-0.1459982
-0.1393336
-0.1293331
-0.1278911
-0.1373851
-0.1501212
-0.1555692
-0.1481350
-0.1307336
-0.1126038
-0.1025437
-0.1026284
-0.1082222
-0.1138729
-0.1180390
-0.1217345
-0.1244480
-0.1238324
-0.1197759
-0.1167538
-0.1197296
-0.1271989
-0.1302634
-0.1210980
-0.1026224
-0.0878662
-0.0883703
-0.1035259
-0.1214692
-0.1294978
-0.1238061
-0.1114150
-0.1041216
-0.1087364
-0.1205456
-0.1264801
-0.1169210
-0.0953352
-0.0754086
-0.0680575
-0.0715124
-0.0739462
-0.0646109
-0.0416025
-0.0100486
0.0239945
0.0554429
0.0780467
0.0861620
0.0824479
0.0811243
0.0975111
0.1317762
0.1656535
0.1783726
0.1660505
0.1442681
0.1315833
0.1313750
0.1301440
0.1129153
0.0790704
0.0424034
0.0168470
0.0044127
-0.0028393
-0.0124510
-0.0260218
-0.0417215
-0.0571973
-0.0682815
-0.0686190
-0.0551627
-0.0334971
-0.0113804
0.0193507
0.0932211
0.2527185
0.5062255
0.7987120
1.0295670
1.1105349
1.0173176
0.7941921
0.5149321
0.2381935
-0.0096829
-0.2226423
-0.3951427
-0.5148196
-0.5705115
-0.5639550
-0.5128606
-0.4431597
-0.3771475
-0.3253335
-0.2859676
-0.2516616
-0.2180252
-0.1872946
-0.1645842
-0.1520590
-0.1473237
-0.1456634
-0.1418575
-0.1310388
-0.1113128
-0.0871650
-0.0684852
-0.0633484
-0.0702010
-0.0775537
-0.0733339
-0.0565080
-0.0392233
-0.0351649
-0.0446002
-0.0524551
-0.0429320
-0.0156824
0.0134893
0.0275635
0.0233010
0.0123645
0.0092097
0.0183189
0.0325088
0.0423712
0.0459571
0.0490429
0.0579070
0.0740341
0.0951888
0.1187321
0.1425187
0.1641265
0.1813059
0.1939831
0.2057845
0.2228342
0.2491628
0.2818831
0.3120880
0.3330908
0.3484658
0.3703133
0.4079904
0.4580873
0.5055371
0.5352851
0.5445780
0.5450147
0.5518221
0.5697234
0.5890070
0.5955725
0.5843317
0.5627183
0.5423246
0.5279770
0.5141139
0.4906740
0.4526157
0.4042613
0.3546532
0.3095069
0.2686480
0.2302571
0.1948907
0.1644366
0.1392533
0.1183020
0.1014663
0.0901442
0.0851185
0.0842268
0.0825922
0.0759169
0.0641172
0.0511422
0.0404999
0.0317364
0.0224690
0.0131515
0.0079985
0.0107515
0.0202386
0.0301521
0.0331528
0.0265685
0.0154583
0.0091363
0.0125405
0.0205543
0.0220860
0.0107996
-0.0076984
-0.0191011
-0.0120043
0.0110161
0.0327346
0.0340758
0.0110808
-0.0198330
-0.0350126
-0.0241630
0.0002216
0.0133685
0.0001040
-0.0307545
-0.0532865
-0.0479990
-0.0203234
0.0043897
0.0044321
-0.0198017
-0.0491243
-0.0643961
-0.0618711
-0.0530887
-0.0523909
-0.0642100
-0.0805963
-0.0896817
-0.0861235
-0.0742483
-0.0631129
-0.0595140
-0.0641274
-0.0722189
-0.0780878
-0.0799734
-0.0806946
-0.0833906
-0.0879549
-0.0925097
-0.0965780
-0.1005563
-0.1027662
-0.0996644
-0.0901231
-0.0786291
-0.0730247
-0.0781160
-0.0909696
-0.1031976
-0.1090530
-0.1107809
-0.1144456
-0.1211209
-0.1248959
-0.1201607
-0.1083275
-0.0960628
-0.0890399
-0.0892128
-0.0962694
-0.1084441
-0.1213102
-0.1282573
-0.1252137
-0.1160939
-0.1116842
-0.1195827
-0.1341291
-0.1393648
-0.1250948
-0.0989536
-0.0797169
-0.0788214
-0.0905654
-0.1000228
-0.0979089
-0.0872182
-0.0777217
-0.0755976
-0.0775914
-0.0738602
-0.0560526
-0.0233600
0.0172123
0.0544262
0.0777622
0.0832008
0.0770231
0.0723052
0.0784720
0.0932665
0.1055147
0.1059603
0.0956527
0.0844073
0.0808531
0.0831652
0.0801492
0.0627385
0.0336043
0.0035921
-0.0200722
-0.0386349
-0.0553379
-0.0691584
-0.0779960
-0.0848443
-0.0956180
-0.1097960
-0.1163545
-0.1017757
-0.0610529
0.0032450
0.0944646
0.2286692
0.4176823
0.6402720
0.8352686
0.9321714
0.8939416
0.7336257
0.4963612
0.2314481
-0.0219554
-0.2358682
-0.3937080
-0.4932963
-0.5455515
-0.5648891
-0.5588057
-0.5276940
-0.4748090
-0.4131843
-0.3595368
-0.3223838
-0.2989778
-0.2826177
-0.2686697
-0.2535829
-0.2338591
-0.2097464
-0.1872851
-0.1731326
-0.1680127
-0.1671212
-0.1657934
-0.1625310
-0.1571485
-0.1489910
-0.1387940
-0.1309889
-0.1307701
-0.1366679
-0.1380455
-0.1244662
-0.0985481
-0.0755219
-0.0674991
-0.0712928
-0.0746851
-0.0711745
-0.0635789
-0.0553614
-0.0454653
-0.0334439
-0.0239108
-0.0207772
-0.0185717
-0.0046401
0.0272447
0.0672696
0.0972938
0.1093196
0.1135303
0.1258629
0.1505220
0.1787062
0.2021178
0.2211057
0.2389918
0.2557462
0.2718454
0.2935978
0.3278405
0.3714833
0.4112273
0.4359433
0.4475465
0.4577575
0.4747501
0.4951038
0.5095525
0.5137514
0.5095497
0.4969442
0.4715628
0.4336994
0.3945767
0.3666662
0.3486060
0.3254924
0.2853590
0.2316222
0.1781431
0.1354330
0.1036739
0.0766869
0.0493424
0.0207906
-0.0069042
-0.0302423
-0.0441363
-0.0440187
-0.0319485
-0.0193073
-0.0187268
-0.0322203
-0.0502760
-0.0628419
-0.0673311
-0.0656272
-0.0594529
-0.0526615
-0.0534333
-0.0672367
-0.0871706
-0.0962722
-0.0830029
-0.0540779
-0.0298381
-0.0256794
-0.0388001
-0.0543732
-0.0627112
-0.0659850
-0.0684862
-0.0680073
-0.0622874
-0.0584298
-0.0664197
-0.0830341
-0.0905306
-0.0759216
-0.0477424
-0.0290674
-0.0344855
-0.0568564
-0.0771204
-0.0843981
-0.0835283
-0.0837530
-0.0858099
-0.0849384
-0.0828895
-0.0880713
-0.1017999
-0.1121098
-0.1070657
-0.0904191
-0.0781718
-0.0808335
-0.0937554
-0.1048097
-0.1073113
-0.1037149
-0.0995550
-0.0976593
-0.0992022
-0.1067251
-0.1206764
-0.1326809
-0.1291953
-0.1073720
-0.0832944
-0.0770640
-0.0904091
-0.1057720
-0.1082259
-0.1014663
-0.0991276
-0.1061552
-0.1149524
-0.1184159
-0.1202687
-0.1284196
-0.1401684
-0.1404420
-0.1192158
-0.0875809
-0.0693052
-0.0753209
-0.0929134
-0.1028477
-0.1006892
-0.0960041
-0.0960618
-0.0988503
-0.1012079
-0.1055437
-0.1144611
-0.1224298
-0.1182091
-0.0975263
-0.0713369
-0.0575657
-0.0630704
-0.0768462
-0.0837209
-0.0812358
-0.0782735
-0.0803751
-0.0843908
-0.0876263
-0.0935612
-0.1041224
-0.1118801
-0.1061182
-0.0857990
-0.0626532
-0.0502524
-0.0508679
-0.0538621
-0.0472498
-0.0294792
-0.0077129
0.0136786
0.0370303
0.0626140
0.0832903
0.0937174
0.1003733
0.1150525
0.1394885
0.1625149
0.1729204
0.1703980
0.1623651
0.1533903
0.1407317
0.1203355
0.0949695
0.0726403
0.0553917
0.0344927
0.0029527
-0.0296292
-0.0436157
-0.0326642
-0.0128408
-0.0041902
-0.0089615
-0.0133963
-0.0064826
0.0117517
0.0431722
0.1076385
0.2370261
0.4439540
0.6931659
0.9096107
1.0227982
1.0065743
0.8792266
0.6755306
0.4276532
0.1668932
-0.0728948
-0.2637284
-0.3941689
-0.4694318
-0.5023243
-0.5042658
-0.4825075
-0.4433244
-0.3950124
-0.3449625
-0.2952997
-0.2465148
-0.2054162
-0.1827056
-0.1799558
-0.1850679
-0.1847547
-0.1769729
-0.1675426
-0.1598911
-0.1536580
-0.1499752
-0.1517199
-0.1579918
-0.1614386
-0.1529430
-0.1305220
-0.1043946
-0.0900968
-0.0930588
-0.1026731
-0.1057887
-0.1022000
-0.1000768
-0.0996857
-0.0920120
-0.0744364
-0.0581440
-0.0549162
-0.0613354
-0.0607220
-0.0400763
-0.0039975
0.0282739
0.0411685
0.0384560
0.0377253
0.0496681
0.0691385
0.0879680
0.1071859
0.1303781
0.1531170
0.1689040
0.1820876
0.2055260
0.2450558
0.2919249
0.3314417
0.3564267
0.3721807
0.3892398
0.4112659
0.4324950
0.4492595
0.4680811
0.4941506
0.5163016
0.5165798
0.4957423
0.4761359
0.4734977
0.4755003
0.4558323
0.4044631
0.3377516
0.2805375
0.2420273
0.2099430
0.1683782
0.1190357
0.0783433
0.0528892
0.0290417
-0.0052943
-0.0388134
-0.0498523
-0.0365274
-0.0207547
-0.0228221
-0.0420771
-0.0632903
-0.0741317
-0.0746336
-0.0736261
-0.0770795
-0.0808834
-0.0789421
-0.0759734
-0.0822924
-0.0950255
-0.0971569
-0.0806501
-0.0594128
-0.0520919
-0.0607505
-0.0732210
-0.0789250
-0.0763867
-0.0714080
-0.0721794
-0.0810421
-0.0899386
-0.0900624
-0.0842849
-0.0814477
-0.0813468
-0.0768721
-0.0687617
-0.0652666
-0.0681240
-0.0714529
-0.0736555
-0.0780957
-0.0830500
-0.0830671
-0.0796304
-0.0802865
-0.0887937
-0.1034386
-0.1194232
-0.1260378
-0.1122146
-0.0852004
-0.0713445
-0.0849653
-0.1081532
-0.1155678
-0.1071810
-0.1010950
-0.1053662
-0.1132043
-0.1174913
-0.1167846
-0.1142071
-0.1173996
-0.1284245
-0.1314987
-0.1097854
-0.0771765
-0.0680675
-0.0893909
-0.1108804
-0.1110793
-0.1023241
-0.0998122
-0.0986919
-0.0953471
-0.0998790
-0.1136422
-0.1230047
-0.1233141
-0.1186666
-0.0991605
-0.0598342
-0.0371461
-0.0695891
-0.1225563
-0.1231004
-0.0774414
-0.0690615
-0.1154216
-0.1218752
-0.0299783
