-0.0184671
-0.0422238
-0.0625595
-0.0745016
-0.0756613
-0.0689573
-0.0612462
-0.0587408
-0.0630632
-0.0709366
-0.0771824
-0.0785143
-0.0759170
-0.0744278
-0.0798351
-0.0934391
-0.1087799
-0.1146921
-0.1041449
-0.0815482
-0.0606936
-0.0539431
-0.0624884
-0.0768061
-0.0859790
-0.0860701
-0.0804603
-0.0745768
-0.0719009
-0.0736403
-0.0789448
-0.0838155
-0.0817332
-0.0686944
-0.0488906
-0.0337662
-0.0331420
-0.0464545
-0.0632864
-0.0729373
-0.0733369
-0.0707857
-0.0720290
-0.0775535
-0.0823054
-0.0815695
-0.0752341
-0.0669454
-0.0606258
-0.0585098
-0.0614357
-0.0689610
-0.0782140
-0.0839423
-0.0821214
-0.0745854
-0.0687127
-0.0703559
-0.0766250
-0.0773452
-0.0653701
-0.0453228
-0.0307278
-0.0316911
-0.0456949
-0.0606599
-0.0663240
-0.0621962
-0.0555486
-0.0535063
-0.0573741
-0.0627507
-0.0631242
-0.0533909
-0.0317594
-0.0000635
0.0371109
0.0738791
0.1046553
0.1261185
0.1393067
0.1496654
0.1629199
0.1792066
0.1923138
0.1972962
0.1993246
0.2119997
0.2434167
0.2837376
0.3097120
0.3044452
0.2729665
0.2369789
0.2137055
0.2002903
0.1787510
0.1349917
0.0723822
0.0081479
-0.0412352
-0.0705338
-0.0842993
-0.0888923
-0.0880892
-0.0850100
-0.0840619
-0.0874760
-0.0904260
-0.0831891
-0.0599570
-0.0220306
0.0333386
0.1272224
0.2926077
0.5402604
0.8239795
1.0449204
1.1041315
0.9654234
0.6766212
0.3330745
0.0171769
-0.2373554
-0.4372635
-0.5978446
-0.7199466
-0.7906232
-0.7987451
-0.7484653
-0.6605049
-0.5624815
-0.4763114
-0.4108756
-0.3632236
-0.3254352
-0.2915203
-0.2607672
-0.2372334
-0.2261730
-0.2285062
-0.2367421
-0.2374966
-0.2214221
-0.1926206
-0.1670178
-0.1589854
-0.1685174
-0.1818330
-0.1844441
-0.1731545
-0.1562739
-0.1446752
-0.1438317
-0.1520560
-0.1623541
-0.1648828
-0.1512042
-0.1209762
-0.0858024
-0.0634654
-0.0642450
-0.0811712
-0.0948663
-0.0900698
-0.0687361
-0.0471519
-0.0398443
-0.0457607
-0.0496679
-0.0367831
-0.0062455
0.0289209
0.0539945
0.0643817
0.0667591
0.0709906
0.0823072
0.1000381
0.1208116
0.1411855
0.1586493
0.1731393
0.1887472
0.2120643
0.2462441
0.2861183
0.3206781
0.3419461
0.3517652
0.3595871
0.3735749
0.3938023
0.4133498
0.4249713
0.4266537
0.4218615
0.4152917
0.4078688
0.3947463
0.3683003
0.3247727
0.2695615
0.2156955
0.1750777
0.1491852
0.1278536
0.0983210
0.0571635
0.0143620
-0.0146332
-0.0221119
-0.0148891
-0.0086681
-0.0151040
-0.0330192
-0.0511212
-0.0590866
-0.0566648
-0.0528900
-0.0569465
-0.0696803
-0.0833635
-0.0889995
-0.0837539
-0.0722259
-0.0619483
-0.0582058
-0.0619443
-0.0704339
-0.0787945
-0.0821042
-0.0785454
-0.0717686
-0.0689638
-0.0743974
-0.0841153
-0.0883114
-0.0804083
-0.0638390
-0.0490714
-0.0438903
-0.0472471
-0.0524511
-0.0548856
-0.0555576
-0.0581019
-0.0642618
-0.0726104
-0.0799403
-0.0826364
-0.0780599
-0.0671802
-0.0563041
-0.0536942
-0.0619335
-0.0739644
-0.0790396
-0.0737556
-0.0659890
-0.0664602
-0.0767929
-0.0873752
-0.0874084
-0.0760993
-0.0632966
-0.0597052
-0.0671871
-0.0781532
-0.0832285
-0.0792185
-0.0707445
-0.0654186
-0.0674797
-0.0750135
-0.0822647
-0.0843953
-0.0805586
-0.0734060
-0.0666612
-0.0633263
-0.0648827
-0.0703460
-0.0758227
-0.0769432
-0.0736377
-0.0717751
-0.0773860
-0.0880539
-0.0921513
-0.0797474
-0.0547998
-0.0340531
-0.0315307
-0.0444864
-0.0564922
-0.0545145
-0.0408157
-0.0266396
-0.0160936
0.0000476
0.0331403
0.0814592
0.1289413
0.1594125
0.1704934
0.1730194
0.1788067
0.1911721
0.2065642
0.2216339
0.2357049
0.2474768
0.2534348
0.2520066
0.2474406
0.2457347
0.2454656
0.2353295
0.2041466
0.1536615
0.0990024
0.0547215
0.0214959
-0.0112535
-0.0498523
-0.0864039
-0.1063709
-0.1046584
-0.0910037
-0.0787869
-0.0714381
-0.0621184
-0.0437574
-0.0126460
0.0411584
0.1415817
0.3134383
0.5523914
0.8064298
0.9928832
1.0427544
0.9376458
0.7118575
0.4244018
0.1284268
-0.1413530
-0.3654269
-0.5343037
-0.6475952
-0.7123846
-0.7367158
-0.7233129
-0.6715398
-0.5868803
-0.4874703
-0.3988016
-0.3395516
-0.3108234
-0.2982700
-0.2850030
-0.2642766
-0.2421293
-0.2291436
-0.2292370
-0.2352729
-0.2351318
-0.2225727
-0.2027091
-0.1868565
-0.1817722
-0.1838044
-0.1833909
-0.1749193
-0.1619856
-0.1532987
-0.1538466
-0.1599086
-0.1620538
-0.1529065
-0.1331361
-0.1113933
-0.0983877
-0.0988991
-0.1073064
-0.1110852
-0.1012111
-0.0811588
-0.0649340
-0.0638046
-0.0738078
-0.0776492
-0.0608753
-0.0264797
0.0076683
0.0264510
0.0316123
0.0374697
0.0537637
0.0752721
0.0893365
0.0915648
0.0913235
0.1016544
0.1262879
0.1580361
0.1879757
0.2130605
0.2345973
0.2528884
0.2668167
0.2780419
0.2917925
0.3111697
0.3323366
0.3484118
0.3583667
0.3691093
0.3864135
0.4049322
0.4102270
0.3920334
0.3543676
0.3112996
0.2733430
0.2393200
0.2014474
0.1566267
0.1113537
0.0759493
0.0551149
0.0441472
0.0332462
0.0150817
-0.0105052
-0.0373683
-0.0581596
-0.0697326
-0.0745917
-0.0771965
-0.0789253
-0.0773092
-0.0705575
-0.0619034
-0.0579814
-0.0625024
-0.0725831
-0.0822903
-0.0892125
-0.0959630
-0.1047424
-0.1120404
-0.1108807
-0.0987882
-0.0821581
-0.0714066
-0.0717972
-0.0795074
-0.0862961
-0.0871060
-0.0832551
-0.0797371
-0.0806216
-0.0863826
-0.0937590
-0.0973019
-0.0924213
-0.0792087
-0.0640144
-0.0556978
-0.0583147
-0.0672346
-0.0737597
-0.0742607
-0.0737020
-0.0788362
-0.0884469
-0.0925772
-0.0830794
-0.0642153
-0.0505429
-0.0529367
-0.0674824
-0.0797671
-0.0802341
-0.0736777
-0.0724534
-0.0814365
-0.0919073
-0.0910707
-0.0763491
-0.0588749
-0.0529293
-0.0627008
-0.0792915
-0.0896771
-0.0882439
-0.0807208
-0.0782130
-0.0871005
-0.1029788
-0.1134995
-0.1084845
-0.0894360
-0.0694756
-0.0622406
-0.0695339
-0.0805542
-0.0842694
-0.0815663
-0.0829047
-0.0934822
-0.1034061
-0.0960360
-0.0668520
-0.0315238
-0.0121222
-0.0144388
-0.0205005
-0.0054474
0.0375023
0.0891544
0.1217785
0.1251775
0.1164082
0.1237998
0.1600480
0.2096130
0.2428249
0.2439420
0.2260571
0.2174481
0.2324902
0.2571667
0.2649558
0.2462605
0.2187139
0.2060213
0.2086970
0.2006617
0.1572494
0.0839667
0.0134541
-0.0263189
-0.0375202
-0.0448790
-0.0662266
-0.0948712
-0.1106104
-0.1030176
-0.0803538
-0.0578862
-0.0421499
-0.0267667
0.0023962
0.0636460
0.1783856
0.3624156
0.6063886
0.8605385
1.0442623
1.0827999
0.9481758
0.6751065
0.3408145
0.0236465
-0.2317130
-0.4220672
-0.5663637
-0.6775815
-0.7487190
-0.7625550
-0.7138628
-0.6219061
-0.5208804
-0.4376533
-0.3781602
-0.3337083
-0.2972844
-0.2710136
-0.2584475
-0.2539102
-0.2438969
-0.2201683
-0.1895787
-0.1687077
-0.1679134
-0.1808901
-0.1903564
-0.1843797
-0.1673770
-0.1550233
-0.1579750
-0.1703739
-0.1747078
-0.1586520
-0.1274113
-0.0991395
-0.0878572
-0.0911633
-0.0951519
-0.0906247
-0.0824433
-0.0817410
-0.0904281
-0.0964891
-0.0861799
-0.0595893
-0.0318494
-0.0182383
-0.0191959
-0.0211506
-0.0117455
0.0071911
0.0225820
0.0252414
0.0206911
0.0241816
0.0453457
0.0785764
0.1089306
0.1272376
0.1387285
0.1562066
0.1848537
0.2150375
0.2317817
0.2317709
0.2295005
0.2445962
0.2824317
0.3281806
0.3608325
0.3727981
0.3751368
0.3840080
0.4034646
0.4223071
0.4266772
0.4138105
0.3930584
0.3751232
0.3618641
0.3460124
0.3189570
0.2783055
0.2293719
0.1807161
0.1378867
0.1003797
0.0645158
0.0297709
0.0017738
-0.0125975
-0.0139957
-0.0131860
-0.0224673
-0.0435369
-0.0651935
-0.0747124
-0.0712446
-0.0664046
-0.0712718
-0.0843991
-0.0939349
-0.0906987
-0.0774636
-0.0653646
-0.0628597
-0.0691183
-0.0770222
-0.0808735
-0.0809748
-0.0819706
-0.0875648
-0.0962251
-0.1011455
-0.0950306
-0.0768525
-0.0549279
-0.0420012
-0.0449658
-0.0585833
-0.0703648
-0.0726428
-0.0694883
-0.0709660
-0.0808556
-0.0912385
-0.0900056
-0.0734732
-0.0509274
-0.0364898
-0.0367920
-0.0467432
-0.0566410
-0.0621625
-0.0668187
-0.0754274
-0.0865894
-0.0923898
-0.0855918
-0.0671809
-0.0469495
-0.0362620
-0.0392012
-0.0498666
-0.0582205
-0.0592046
-0.0568393
-0.0595317
-0.0708927
-0.0848081
-0.0900410
-0.0807546
-0.0630158
-0.0503956
-0.0522669
-0.0659162
-0.0798967
-0.0848321
-0.0809802
-0.0760050
-0.0763838
-0.0813112
-0.0843615
-0.0802566
-0.0698460
-0.0591413
-0.0541804
-0.0566155
-0.0632722
-0.0693269
-0.0723200
-0.0737987
-0.0769891
-0.0823533
-0.0856375
-0.0812968
-0.0684280
-0.0528399
-0.0424720
-0.0405284
-0.0432341
-0.0441124
-0.0398887
-0.0320172
-0.0231044
-0.0128148
0.0025308
0.0270361
0.0620883
0.1046483
0.1469017
0.1782053
0.1907124
0.1861782
0.1771581
0.1787568
0.1966604
0.2226894
0.2427441
0.2495829
0.2478376
0.2467695
0.2489689
0.2470120
0.2311524
0.1993226
0.1587845
0.1182796
0.0796787
0.0382165
-0.0090250
-0.0556353
-0.0881848
-0.0974285
-0.0876551
-0.0738850
-0.0685964
-0.0712335
-0.0710424
-0.0583031
-0.0288155
0.0246417
0.1213896
0.2845714
0.5151808
0.7709914
0.9748473
1.0523264
0.9716019
0.7559990
0.4639607
0.1565905
-0.1237213
-0.3563052
-0.5348349
-0.6593239
-0.7311802
-0.7514989
-0.7230079
-0.6548289
-0.5655055
-0.4788601
-0.4128905
-0.3699244
-0.3377413
-0.3025541
-0.2629414
-0.2314900
-0.2220025
-0.2343124
-0.2515938
-0.2533594
-0.2324309
-0.2003591
-0.1765752
-0.1716083
-0.1796222
-0.1859158
-0.1809930
-0.1681299
-0.1589830
-0.1624009
-0.1758551
-0.1859304
-0.1780687
-0.1491643
-0.1127282
-0.0900102
-0.0922691
-0.1098429
-0.1202192
-0.1095760
-0.0868781
-0.0747276
-0.0848185
-0.1037675
-0.1056955
-0.0790829
-0.0390721
-0.0120363
-0.0094767
-0.0186993
-0.0178223
0.0030054
0.0354602
0.0642278
0.0807977
0.0873423
0.0918867
0.1028693
0.1261235
0.1617733
0.2016786
0.2329900
0.2486335
0.2549162
0.2659830
0.2891447
0.3172624
0.3374566
0.3463342
0.3540139
0.3723754
0.4011516
0.4271753
0.4364106
0.4249027
0.3985587
0.3656151
0.3314368
0.2980633
0.2640391
0.2238782
0.1724325
0.1141405
0.0659695
0.0448302
0.0487320
0.0535807
0.0340849
-0.0105583
-0.0545737
-0.0717192
-0.0626175
-0.0536057
-0.0683147
-0.1030750
-0.1319718
-0.1339240
-0.1117982
-0.0860516
-0.0742757
-0.0790335
-0.0917122
-0.1024273
-0.1053275
-0.0993459
-0.0889257
-0.0835649
-0.0915768
-0.1106031
-0.1258765
-0.1223428
-0.1005430
-0.0784592
-0.0749637
-0.0913828
-0.1108352
-0.1157255
-0.1044623
-0.0908002
-0.0886127
-0.0987784
-0.1100424
-0.1105695
-0.0980976
-0.0806684
-0.0695806
-0.0713215
-0.0835555
-0.0967112
-0.1004954
-0.0920856
-0.0796728
-0.0764654
-0.0885707
-0.1077963
-0.1174297
-0.1067780
-0.0812704
-0.0586372
-0.0543220
-0.0688817
-0.0882477
-0.0963027
-0.0884718
-0.0746045
-0.0694023
-0.0794230
-0.0977567
-0.1102084
-0.1072593
-0.0917236
-0.0758908
-0.0710107
-0.0785686
-0.0906509
-0.0979798
-0.0977284
-0.0946609
-0.0955787
-0.1022289
-0.1086023
-0.1051516
-0.0868282
-0.0579625
-0.0290546
-0.0077121
0.0081673
0.0281971
0.0593968
0.0971987
0.1270479
0.1369758
0.1300681
0.1239963
0.1365894
0.1705525
0.2116858
0.2417818
0.2536265
0.2546213
0.2570594
0.2652138
0.2711724
0.2622160
0.2319654
0.1854313
0.1349248
0.0913514
0.0575036
0.0276148
-0.0063713
-0.0460820
-0.0833178
-0.1066926
-0.1130956
-0.1118643
-0.1155859
-0.1260539
-0.1308774
-0.1157285
-0.0788529
-0.0292834
0.0324568
0.1290499
0.2931716
0.5307746
0.7942272
0.9953422
1.0531409
0.9397228
0.6906503
0.3776129
0.0688525
-0.1954236
-0.4040943
-0.5621460
-0.6770952
-0.7516808
-0.7835325
-0.7704933
-0.7181127
-0.6426113
-0.5645042
-0.4971074
-0.4408725
-0.3893116
-0.3399324
-0.2984043
-0.2720094
-0.2602354
-0.2533431
-0.2410373
-0.2222089
-0.2051971
-0.1983606
-0.2015291
-0.2073055
-0.2092122
-0.2063804
-0.2004249
-0.1905540
-0.1743495
-0.1532490
-0.1348758
-0.1275119
-0.1316176
-0.1381480
-0.1368877
-0.1264289
-0.1145553
-0.1084357
-0.1060053
-0.0984215
-0.0804221
-0.0568281
-0.0385358
-0.0326450
-0.0363847
-0.0398768
-0.0345381
-0.0195066
-0.0009776
0.0141440
0.0244379
0.0351516
0.0537327
0.0830079
0.1174433
0.1466514
0.1642843
0.1740040
0.1858192
0.2061926
0.2324169
0.2567508
0.2749527
0.2901858
0.3095088
0.3375595
0.3731146
0.4101770
0.4415407
0.4623760
0.4726560
0.4772446
0.4819361
0.4866518
0.4824755
0.4585878
0.4145383
0.3642337
0.3247552
0.3004417
0.2793931
0.2463585
0.1982816
0.1467606
0.1061703
0.0804517
0.0613910
0.0385622
0.0099226
-0.0167599
-0.0311875
-0.0289627
-0.0153075
-0.0027993
-0.0039364
-0.0217837
-0.0460997
-0.0609519
-0.0590541
-0.0489012
-0.0464376
-0.0590523
-0.0780693
-0.0872194
-0.0784295
-0.0591976
-0.0445849
-0.0425640
-0.0478994
-0.0499133
-0.0445458
-0.0379403
-0.0393648
-0.0518007
-0.0686779
-0.0785845
-0.0739461
-0.0571132
-0.0386861
-0.0290468
-0.0306304
-0.0378364
-0.0436704
-0.0461030
-0.0486100
-0.0552284
-0.0650546
-0.0716556
-0.0686172
-0.0560515
-0.0412177
-0.0326197
-0.0338209
-0.0422916
-0.0524552
-0.0592565
-0.0604268
-0.0572519
-0.0536223
-0.0536314
-0.0587881
-0.0660183
-0.0682198
-0.0591900
-0.0406310
-0.0236015
-0.0199398
-0.0309316
-0.0459627
-0.0535375
-0.0526817
-0.0522556
-0.0593918
-0.0701098
-0.0726957
-0.0605566
-0.0402991
-0.0254362
-0.0227778
-0.0274075
-0.0308798
-0.0304958
-0.0282532
-0.0239649
-0.0140973
0.0027678
0.0233799
0.0446939
0.0691719
0.1021868
0.1433323
0.1821801
0.2056842
0.2111951
0.2103910
0.2179706
0.2370783
0.2580558
0.2707634
0.2749262
0.2780206
0.2861799
0.2984428
0.3071663
0.3021078
0.2762920
0.2311659
0.1767045
0.1250913
0.0825775
0.0461324
0.0081168
-0.0339414
-0.0714139
-0.0905652
-0.0863778
-0.0687402
-0.0527826
-0.0445552
-0.0380827
-0.0235053
0.0070403
0.0621633
0.1555072
0.3023275
0.5063749
0.7436119
0.9562259
1.0691749
1.0254331
0.8174668
0.4930675
0.1328402
-0.1865357
-0.4239800
-0.5829241
-0.6911430
-0.7682031
-0.8099624
-0.8011274
-0.7373200
-0.6340443
-0.5194834
-0.4206039
-0.3505646
-0.3046911
-0.2698322
-0.2385320
-0.2122160
-0.1932487
-0.1807068
-0.1732461
-0.1681049
-0.1575372
-0.1363744
-0.1142622
-0.1079165
-0.1167927
-0.1194264
-0.1019240
-0.0782972
-0.0716836
