0.0203027
0.0383139
0.0457155
0.0557057
0.0698122
0.0768972
0.0736404
0.0696055
0.0726120
0.0818416
0.0947552
0.1093396
0.1195385
0.1186566
0.1081214
0.0950085
0.0810480
0.0612796
0.0330353
-0.0005898
-0.0356513
-0.0693830
-0.0978412
-0.1176054
-0.1301616
-0.1401247
-0.1492432
-0.1556065
-0.1576321
-0.1550184
-0.1460786
-0.1263689
-0.0891936
-0.0277931
0.0572925
0.1487863
0.2146779
0.2266102
0.1784785
0.0870576
-0.0226368
-0.1308975
-0.2271459
-0.3069294
-0.3672474
-0.4042553
-0.4158624
-0.4059530
-0.3833658
-0.3557690
-0.3264030
-0.2969046
-0.2702558
-0.2496338
-0.2364187
-0.2301681
-0.2286991
-0.2279539
-0.2242228
-0.2173736
-0.2103203
-0.2052395
-0.2020498
-0.2001386
-0.1990161
-0.1971325
-0.1926600
-0.1863747
-0.1820568
-0.1829961
-0.1885309
-0.1939586
-0.1936663
-0.1856784
-0.1743372
-0.1674400
-0.1693407
-0.1774403
-0.1858802
-0.1909031
-0.1916309
-0.1881924
-0.1818503
-0.1757939
-0.1729132
-0.1724711
-0.1705277
-0.1640610
-0.1541520
-0.1452368
-0.1413051
-0.1421368
-0.1431769
-0.1400191
-0.1331114
-0.1271534
-0.1260792
-0.1297811
-0.1351829
-0.1385692
-0.1370173
-0.1301064
-0.1214528
-0.1171567
-0.1214584
-0.1340130
-0.1510728
-0.1683427
-0.1831813
-0.1958774
-0.2093111
-0.2261125
-0.2453775
-0.2626066
-0.2732031
-0.2761275
-0.2747725
-0.2747056
-0.2797476
-0.2892831
-0.2994287
-0.3068264
-0.3106648
-0.3115677
-0.3107566
-0.3110293
-0.3159802
-0.3257701
-0.3347297
-0.3358494
-0.3282815
-0.3191624
-0.3173340
-0.3254098
-0.3378215
-0.3462115
-0.3467602
-0.3426143
-0.3398144
-0.3418526
-0.3483407
-0.3571326
-0.3657377
-0.3714266
-0.3726271
-0.3710959
-0.3710851
-0.3751083
-0.3809591
-0.3833734
-0.3784602
-0.3669472
-0.3540627
-0.3460147
-0.3451010
-0.3473966
-0.3456409
-0.3350868
-0.3171410
-0.2980151
-0.2838821
-0.2762147
-0.2709210
-0.2625962
-0.2505705
-0.2406814
-0.2406341
-0.2537276
-0.2769440
-0.3040058
-0.3296045
-0.3515994
-0.3704817
-0.3871667
-0.4014469
-0.4128484
-0.4223014
-0.4313041
-0.4389745
-0.4415592
-0.4363096
-0.4249501
-0.4110339
-0.3925985
-0.3584366
-0.2948432
-0.2002061
-0.0952275
-0.0169352
0.0022234
-0.0458561
-0.1425430
-0.2577585
-0.3682571
-0.4649795
-0.5479516
-0.6170174
-0.6671376
-0.6911846
-0.6865810
-0.6591659
-0.6206842
-0.5824339
-0.5504871
-0.5253437
-0.5048994
-0.4878175
-0.4746623
-0.4660999
-0.4605816
-0.4548345
-0.4468525
-0.4374198
-0.4283011
-0.4201319
-0.4129504
-0.4075487
-0.4044617
-0.4018592
-0.3965988
-0.3888150
-0.3843536
-0.3897552
-0.4029216
-0.4103718
-0.3980506
-0.3673659
-0.3381039
-0.3309054
-0.3455478
-0.3592271
-0.3485675
-0.3125164
-0.2719707
-0.2473963
-0.2385289
-0.2261725
-0.1919481
-0.1345955
-0.0679361
-0.0062373
0.0460634
0.0920991
0.1350351
0.1756383
0.2154816
0.2587894
0.3094783
0.3672167
0.4274854
0.4859249
0.5429091
0.6038858
0.6744642
0.7541283
0.8343108
0.9026624
0.9496053
0.9721366
0.9736580
0.9617755
0.9456447
0.9331018
0.9279762
0.9288944
0.9308903
0.9295701
0.9250042
0.9215541
0.9231414
0.9286254
0.9324677
0.9301714
0.9228447
0.9165755
0.9175042
0.9267285
0.9389373
0.9462971
0.9451396
0.9396047
0.9381238
0.9455830
0.9588653
0.9701093
0.9740588
0.9721269
0.9697912
0.9708690
0.9748562
0.9793442
0.9834740
0.9878691
0.9920558
0.9940366
0.9929876
0.9907842
0.9896550
0.9893701
0.9883523
0.9872831
0.9898874
0.9992296
1.0138038
1.0281588
1.0375828
1.0418722
1.0443971
1.0480865
1.0532998
1.0596935
1.0687251
1.0827082
1.1013263
1.1201517
1.1331929
1.1368113
1.1314802
1.1204995
1.1070517
1.0917014
1.0723090
1.0468272
1.0167280
0.9876868
0.9664324
0.9561294
0.9539656
0.9530472
0.9475101
0.9369162
0.9262260
0.9218264
0.9281790
0.9483981
0.9865033
1.0461452
1.1242526
1.2045649
1.2586306
1.2572723
1.1864720
1.0557983
0.8919132
0.7222101
0.5621854
0.4154099
0.2821810
0.1660003
0.0720667
0.0017057
-0.0495991
-0.0879716
-0.1157077
-0.1313508
-0.1355772
-0.1357415
-0.1426232
-0.1617050
-0.1879994
-0.2101174
-0.2198650
-0.2183941
-0.2136194
-0.2120113
-0.2130392
-0.2115822
-0.2051107
-0.1972363
-0.1935876
-0.1951294
-0.1968742
-0.1931236
-0.1827770
-0.1690297
-0.1550500
-0.1416186
-0.1293291
-0.1214331
-0.1220361
-0.1303631
-0.1381289
-0.1349291
-0.1172927
-0.0919358
-0.0698232
-0.0575543
-0.0542901
-0.0550936
-0.0553077
-0.0520020
-0.0434590
-0.0292590
-0.0111135
0.0073909
0.0227609
0.0334109
0.0394285
0.0412337
0.0396911
0.0376750
0.0397806
0.0485185
0.0606132
0.0683554
0.0655485
0.0522421
0.0339668
0.0171531
0.0054255
-0.0009206
-0.0036804
-0.0059654
-0.0119638
-0.0254168
-0.0462608
-0.0683097
-0.0818321
-0.0806789
-0.0681047
-0.0552440
-0.0525524
-0.0613199
-0.0729228
-0.0769057
-0.0706988
-0.0615568
-0.0585300
-0.0627436
-0.0664596
-0.0618193
-0.0493887
-0.0373165
-0.0328724
-0.0360387
-0.0411950
-0.0434814
-0.0424172
-0.0400863
-0.0377516
-0.0353585
-0.0334156
-0.0334306
-0.0357342
-0.0378794
-0.0363613
-0.0299868
-0.0212902
-0.0150102
-0.0152585
-0.0226873
-0.0324930
-0.0353368
-0.0228102
0.0054097
0.0393307
0.0648697
0.0739866
0.0698684
0.0628358
0.0613964
0.0667149
0.0742373
0.0790034
0.0791161
0.0756246
0.0706743
0.0655143
0.0587136
0.0457339
0.0214686
-0.0153357
-0.0597175
-0.1026252
-0.1356410
-0.1547909
-0.1619217
-0.1637285
-0.1682382
-0.1794912
-0.1942065
-0.2045922
-0.2056098
-0.1983105
-0.1833312
-0.1510398
-0.0832895
0.0277569
0.1594745
0.2612230
0.2841791
0.2145999
0.0806584
-0.0718218
-0.2101904
-0.3253859
-0.4191308
-0.4877822
-0.5212897
-0.5156531
-0.4822666
-0.4425006
-0.4128425
-0.3953911
-0.3815838
-0.3633872
-0.3406254
-0.3191732
-0.3039615
-0.2943287
-0.2857130
-0.2752360
-0.2650400
-0.2597256
-0.2607187
-0.2639266
-0.2633931
-0.2569906
-0.2481991
-0.2425118
-0.2424135
-0.2456213
-0.2474962
-0.2446540
-0.2365688
-0.2249109
-0.2125621
-0.2030992
-0.1994436
-0.2013626
-0.2045383
-0.2037057
-0.1976450
-0.1905265
-0.1874016
-0.1882830
-0.1873807
-0.1788188
-0.1630805
-0.1472235
-0.1382831
-0.1366912
-0.1366481
-0.1326872
-0.1249565
-0.1178418
-0.1144866
-0.1137627
-0.1123040
-0.1082064
-0.1020592
-0.0950720
-0.0875839
-0.0801796
-0.0756327
-0.0781119
-0.0893137
-0.1058410
-0.1218413
-0.1348766
-0.1484005
-0.1674175
-0.1916996
-0.2141311
-0.2264377
-0.2266192
-0.2205224
-0.2161524
-0.2168814
-0.2204117
-0.2234777
-0.2259517
-0.2297596
-0.2351008
-0.2394745
-0.2405015
-0.2382856
-0.2341833
-0.2281535
-0.2187793
-0.2061839
-0.1937742
-0.1857870
-0.1829283
-0.1814031
-0.1770594
-0.1700535
-0.1643746
-0.1626840
-0.1627601
-0.1598406
-0.1518927
-0.1416211
-0.1334482
-0.1295556
-0.1292189
-0.1308834
-0.1333188
-0.1344344
-0.1304999
-0.1185909
-0.1003518
-0.0818964
-0.0683474
-0.0585489
-0.0465199
-0.0286736
-0.0085855
0.0065003
0.0136897
0.0179446
0.0270915
0.0437564
0.0627901
0.0764718
0.0813707
0.0796171
0.0743295
0.0654449
0.0506387
0.0291965
0.0036192
-0.0224399
-0.0466357
-0.0680059
-0.0857370
-0.0991205
-0.1087489
-0.1167087
-0.1247170
-0.1320636
-0.1356049
-0.1311402
-0.1135937
-0.0760901
-0.0119390
0.0781668
0.1788230
0.2613902
0.2966314
0.2699032
0.1874037
0.0703960
-0.0557657
-0.1696835
-0.2570781
-0.3118366
-0.3363252
-0.3391384
-0.3295356
-0.3122798
-0.2876616
-0.2562847
-0.2227458
-0.1938826
-0.1739684
-0.1624036
-0.1555950
-0.1498440
-0.1424570
-0.1319445
-0.1190200
-0.1073605
-0.1016944
-0.1036429
-0.1093733
-0.1122897
-0.1087295
-0.1009086
-0.0940452
-0.0909804
-0.0900895
-0.0879029
-0.0824750
-0.0739063
-0.0630447
-0.0512451
-0.0410308
-0.0350202
-0.0329602
-0.0306675
-0.0236690
-0.0124044
-0.0025270
0.0013339
0.0017143
0.0065512
0.0206006
0.0398423
0.0556906
0.0640287
0.0683361
0.0739378
0.0814354
0.0874043
0.0902377
0.0926402
0.0977455
0.1049206
0.1114600
0.1176354
0.1272283
0.1415695
0.1547244
0.1574590
0.1468681
0.1305261
0.1195743
0.1178826
0.1188433
0.1125935
0.0955272
0.0729228
0.0536662
0.0432608
0.0410197
0.0421615
0.0417385
0.0374988
0.0306812
0.0247715
0.0226678
0.0239280
0.0247517
0.0215240
0.0148085
0.0093708
0.0097212
0.0157326
0.0229759
0.0272555
0.0284152
0.0296230
0.0333471
0.0384710
0.0413147
0.0390685
0.0321023
0.0235291
0.0172958
0.0164621
0.0218633
0.0311145
0.0391790
0.0415121
0.0380448
0.0342460
0.0374193
0.0508299
0.0706862
0.0888513
0.0992503
0.1025933
0.1053846
0.1142222
0.1304804
0.1497901
0.1661874
0.1768926
0.1836723
0.1900315
0.1970523
0.2017235
0.1992462
0.1870550
0.1667524
0.1424495
0.1176571
0.0938719
0.0715517
0.0513925
0.0339974
0.0187720
0.0044958
-0.0081688
-0.0156723
-0.0150832
-0.0090991
-0.0050004
-0.0049629
0.0033468
0.0427291
0.1272055
0.2430170
0.3491125
0.4002076
0.3744997
0.2836885
0.1595687
0.0319243
-0.0833967
-0.1811755
-0.2581471
-0.3098322
-0.3336706
-0.3320458
-0.3113397
-0.2791430
-0.2427889
-0.2088735
-0.1817477
-0.1615132
-0.1445336
-0.1274955
-0.1114698
-0.1012658
-0.1000731
-0.1049755
-0.1085364
-0.1051812
-0.0958422
-0.0862683
-0.0811184
-0.0799322
-0.0785519
-0.0738968
-0.0670707
-0.0619838
-0.0613031
-0.0639040
-0.0660095
-0.0643603
-0.0582573
-0.0492190
-0.0394784
-0.0308862
-0.0245414
-0.0207194
-0.0189606
-0.0184655
-0.0185935
-0.0189230
-0.0187270
-0.0165691
-0.0108844
-0.0013191
0.0105933
0.0223678
0.0321850
0.0394801
0.0443529
0.0472569
0.0495844
0.0537572
0.0616463
0.0726644
0.0839909
0.0930337
0.0992936
0.1033423
0.1043146
0.0995020
0.0871950
0.0695280
0.0513893
0.0359599
0.0218795
0.0055677
-0.0137904
-0.0323306
-0.0448684
-0.0498010
-0.0504583
-0.0519813
-0.0572183
-0.0652669
-0.0730550
-0.0777737
-0.0782505
-0.0751045
-0.0703490
-0.0665657
-0.0654883
-0.0666595
-0.0674647
-0.0648811
-0.0576317
-0.0470803
-0.0363989
-0.0287345
-0.0254761
-0.0256584
-0.0270593
-0.0282536
-0.0296272
-0.0320304
-0.0343540
-0.0330569
-0.0250228
-0.0113205
0.0023676
0.0101263
0.0114047
0.0122384
0.0202888
0.0380363
0.0605204
0.0797195
0.0914019
0.0982399
0.1067305
0.1211011
0.1398175
0.1576140
0.1706936
0.1798350
0.1885049
0.1983111
0.2066963
0.2090400
0.2026318
0.1884773
0.1697262
0.1489862
0.1272361
0.1046788
0.0818795
0.0599731
0.0403628
0.0246546
0.0144154
0.0099873
0.0091519
0.0078017
0.0034896
-0.0003330
0.0068381
0.0384060
0.1023977
0.1933976
0.2902042
0.3625512
0.3846295
0.3474407
0.2615828
0.1488619
0.0299540
-0.0821543
-0.1798605
-0.2557897
-0.3025892
-0.3181672
-0.3092802
-0.2877976
-0.2626839
-0.2359394
-0.2060795
-0.1741315
-0.1449917
-0.1232282
-0.1089078
-0.0982643
-0.0878591
-0.0771867
-0.0673845
-0.0586828
-0.0501660
-0.0417109
-0.0349418
-0.0315681
-0.0311578
-0.0312337
-0.0296551
-0.0264788
-0.0232106
-0.0204250
-0.0165646
-0.0094443
0.0009905
0.0117095
0.0188890
0.0214233
0.0219761
0.0242379
0.0291833
0.0344125
0.0373764
0.0388882
0.0428300
0.0521476
0.0654969
0.0782851
0.0869397
0.0917528
0.0956369
0.1009094
0.1078446
0.1157600
0.1243121
0.1333820
0.1425589
0.1515923
0.1610362
0.1714073
0.1813361
0.1873696
0.1866337
0.1797235
0.1700731
0.1599410
0.1476958
0.1302018
0.1080006
0.0869129
0.0732311
0.0672250
0.0622969
0.0513000
0.0336687
0.0159242
0.0050528
0.0016576
-0.0001779
-0.0065225
-0.0175118
-0.0275543
-0.0310309
-0.0273896
-0.0209688
-0.0166262
-0.0159151
-0.0170228
-0.0175879
-0.0172015
-0.0174385
-0.0198783
-0.0241719
-0.0278336
-0.0278834
-0.0231202
-0.0153797
-0.0087024
-0.0067029
-0.0099042
-0.0151461
-0.0177212
-0.0146911
-0.0068896
0.0018380
0.0075960
0.0095175
0.0106574
0.0157519
0.0273709
0.0437215
0.0602364
0.0735119
0.0836794
0.0929336
0.1022371
0.1103019
0.1161284
0.1218153
0.1316424
0.1477888
0.1673076
0.1838162
0.1921188
0.1910834
0.1827175
0.1696166
0.1535603
0.1354034
0.1150432
0.0916481
0.0652171
0.0385729
0.0169134
0.0040086
-0.0014289
-0.0047100
-0.0098657
-0.0156705
-0.0171679
-0.0100201
0.0084265
0.0423348
0.0984085
0.1791657
0.2726506
0.3501551
0.3783526
0.3385391
0.2377932
0.1034498
-0.0333366
-0.1513361
-0.2419720
-0.3039264
-0.3378880
-0.3457147
-0.3317191
-0.3023275
-0.2639479
-0.2216539
-0.1798803
-0.1433450
-0.1160944
-0.0991811
-0.0896181
-0.0823035
-0.0736712
-0.0640180
-0.0565410
-0.0539346
-0.0554481
-0.0569838
-0.0543898
-0.0472719
-0.0397072
-0.0365902
-0.0385996
-0.0408525
-0.0372272
-0.0264331
-0.0135254
-0.0049967
-0.0024670
-0.0015870
0.0029641
0.0121309
0.0224332
0.0303851
0.0356371
0.0395836
0.0424413
0.0434420
0.0437015
0.0467803
0.0547713
0.0645740
0.0701889
0.0696554
0.0685018
0.0746638
0.0898992
0.1074543
0.1188369
0.1220864
0.1225311
0.1260605
0.1331463
0.1396955
0.1421646
0.1403303
0.1355967
0.1285037
0.1188044
0.1069800
0.0943213
0.0814959
0.0679220
0.0528323
0.0363552
0.0192864
0.0025210
-0.0126311
-0.0241955
-0.0309724
-0.0346219
-0.0391604
-0.0470921
-0.0561544
-0.0610820
-0.0592042
-0.0536719
-0.0503579
-0.0517426
-0.0546158
-0.0539484
-0.0483222
-0.0410148
-0.0361560
-0.0346387
-0.0339287
-0.0311009
-0.0253259
-0.0176500
-0.0094548
-0.0019607
0.0031141
0.0036961
-0.0007481
-0.0074704
-0.0116084
-0.0101624
-0.0049956
-0.0010734
-0.0008026
-0.0000904
0.0089874
0.0304888
0.0592508
0.0837901
0.0954461
0.0953833
0.0929821
0.0974322
0.1105233
0.1267620
0.1395684
0.1470457
0.1523109
0.1591497
0.1677768
0.1744431
0.1745160
0.1657712
0.1492141
0.1274901
0.1029456
0.0770296
0.0508418
0.0254606
0.0014873
-0.0211592
-0.0421045
-0.0589657
-0.0678663
-0.0667894
-0.0585325
-0.0485866
-0.0377467
-0.0163111
0.0317124
0.1140145
0.2160472
0.3016688
0.3314710
0.2861482
0.1768391
0.0352718
-0.1064599
-0.2298149
-0.3294885
-0.4048784
-0.4543443
-0.4764750
-0.4737518
-0.4528855
-0.4217479
-0.3868472
-0.3532889
-0.3252291
-0.3047589
-0.2904777
-0.2784569
-0.2655915
-0.2521940
-0.2413215
