0.4306053
0.4230882
0.2341872
0.1205388
0.1271173
0.1060356
0.0098706
-0.0634827
-0.0760270
-0.0976535
-0.1554262
-0.1966249
-0.2043694
-0.2179496
-0.2378230
-0.2244066
-0.1893662
-0.1873174
-0.2199091
-0.2365171
-0.2240873
-0.2171628
-0.2270349
-0.2321060
-0.2291637
-0.2321554
-0.2327017
-0.2162921
-0.2005898
-0.2081027
-0.2216091
-0.2131342
-0.1941728
-0.1928928
-0.2045650
-0.2058828
-0.1964999
-0.1899590
-0.1853001
-0.1787736
-0.1807134
-0.1943986
-0.2029093
-0.1992128
-0.2018342
-0.2205982
-0.2366024
-0.2362787
-0.2357795
-0.2514085
-0.2725188
-0.2816434
-0.2782346
-0.2695790
-0.2603580
-0.2587693
-0.2697646
-0.2786039
-0.2662512
-0.2423343
-0.2356524
-0.2512070
-0.2647921
-0.2617133
-0.2534492
-0.2531251
-0.2584211
-0.2608372
-0.2525966
-0.2268895
-0.1893443
-0.1625342
-0.1597301
-0.1623475
-0.1436675
-0.1067908
-0.0780478
-0.0665292
-0.0437646
0.0427235
0.2400322
0.5497323
0.8955980
1.1475526
1.2049995
1.0607555
0.7834555
0.4556152
0.1365880
-0.1400392
-0.3605779
-0.5222650
-0.6221013
-0.6592654
-0.6471150
-0.6075611
-0.5514371
-0.4797951
-0.4044737
-0.3468122
-0.3113845
-0.2798309
-0.2373206
-0.1903495
-0.1539177
-0.1345708
-0.1292035
-0.1289525
-0.1233920
-0.1109910
-0.1028901
-0.1062254
-0.1099000
-0.0995969
-0.0798725
-0.0663263
-0.0614649
-0.0537950
-0.0373993
-0.0187703
-0.0061588
-0.0016297
0.0000341
0.0109524
0.0409606
0.0819416
0.1110579
0.1174869
0.1158460
0.1251330
0.1453836
0.1646309
0.1792196
0.1970349
0.2264738
0.2682810
0.3127348
0.3431366
0.3504104
0.3444662
0.3404131
0.3342154
0.3062875
0.2513964
0.1906724
0.1487896
0.1296890
0.1185297
0.0987359
0.0648264
0.0259319
-0.0026204
-0.0166138
-0.0283364
-0.0480283
-0.0666490
-0.0679142
-0.0523918
-0.0376156
-0.0367847
-0.0474837
-0.0594336
-0.0651052
-0.0648686
-0.0674953
-0.0816339
-0.1027229
-0.1155062
-0.1144273
-0.1124278
-0.1225215
-0.1395167
-0.1487154
-0.1460469
-0.1411552
-0.1445734
-0.1574152
-0.1704124
-0.1710168
-0.1562966
-0.1387787
-0.1325182
-0.1345565
-0.1300236
-0.1153134
-0.1041443
-0.1074088
-0.1168510
-0.1131072
-0.0843505
-0.0366733
0.0079908
0.0275416
0.0249605
0.0401953
0.1278501
0.3161062
0.5833323
0.8656237
1.0817756
1.1636397
1.0839093
0.8656131
0.5658434
0.2510721
-0.0178498
-0.1968347
-0.2735427
-0.2714269
-0.2302550
-0.1806741
-0.1367109
-0.1030893
-0.0808205
-0.0685241
-0.0642698
-0.0656274
-0.0680604
-0.0685424
-0.0708161
-0.0796261
-0.0890476
-0.0857512
-0.0667658
-0.0455829
-0.0367152
-0.0409662
-0.0493390
-0.0553717
-0.0598739
-0.0670215
-0.0773647
-0.0829794
-0.0726764
-0.0465145
-0.0204606
-0.0088918
-0.0057962
0.0078151
0.0397163
0.0787765
0.1114851
0.1383500
0.1717939
0.2214740
0.2820996
0.3350824
0.3660805
0.3823143
0.4057143
0.4449151
0.4813923
0.4900048
0.4677625
0.4348168
0.4099882
0.3915750
0.3614523
0.3051125
0.2288783
0.1572284
0.1093295
0.0792451
0.0456993
0.0008113
-0.0396639
-0.0568810
-0.0515532
-0.0420715
-0.0456528
-0.0648566
-0.0889047
-0.1058231
-0.1150313
-0.1270058
-0.1480568
-0.1694019
-0.1772620
-0.1705401
-0.1605491
-0.1542211
-0.1454409
-0.1245007
-0.0909579
-0.0549696
-0.0263231
0.0009065
0.0547172
0.1702553
0.3609473
0.6030245
0.8477361
1.0436878
1.1483625
1.1330508
0.9931067
0.7562584
0.4745432
0.2033629
-0.0164621
-0.1655138
-0.2429758
-0.2587041
-0.2277525
-0.1718425
-0.1186971
-0.0886248
-0.0795845
-0.0730795
-0.0578381
-0.0420519
-0.0402474
-0.0545392
-0.0731173
-0.0839733
-0.0868893
-0.0924371
-0.1088276
-0.1290643
-0.1347733
-0.1163258
-0.0853417
-0.0619966
-0.0532450
-0.0497879
-0.0416613
-0.0288410
-0.0162988
-0.0052617
0.0080139
0.0273347
0.0516890
0.0754508
0.0951936
0.1154324
0.1427261
0.1738418
0.1972511
0.2101034
0.2268912
0.2647248
0.3233171
0.3851636
0.4341405
0.4699505
0.5043341
0.5445889
0.5811317
0.5936498
0.5725411
0.5312589
0.4912849
0.4564156
0.4099238
0.3384066
0.2506641
0.1687773
0.1052721
0.0539777
0.0025164
-0.0490919
-0.0847145
-0.0898394
-0.0726529
-0.0610215
-0.0740602
-0.1017824
-0.1193084
-0.1173880
-0.1106227
-0.1163358
-0.1335755
-0.1464236
-0.1442099
-0.1345024
-0.1348547
-0.1519431
-0.1719224
-0.1756316
-0.1616212
-0.1469898
-0.1442872
-0.1458282
-0.1359468
-0.1128025
-0.0908333
-0.0830993
-0.0863220
-0.0844177
-0.0658515
-0.0376141
-0.0201183
-0.0240225
-0.0311527
-0.0013293
0.1000913
0.2792163
0.5094144
0.7403543
0.9134329
0.9825460
0.9328285
0.7838348
0.5746490
0.3437385
0.1171361
-0.0904586
-0.2654452
-0.3878807
-0.4398267
-0.4247858
-0.3736080
-0.3231999
-0.2886893
-0.2599496
-0.2237665
-0.1840064
-0.1586645
-0.1598490
-0.1787459
-0.1917693
-0.1834040
-0.1619828
-0.1493375
-0.1554157
-0.1683622
-0.1705086
-0.1579432
-0.1409913
-0.1304186
-0.1281067
-0.1291540
-0.1288605
-0.1269470
-0.1255782
-0.1234542
-0.1142128
-0.0936293
-0.0665187
-0.0418427
-0.0213336
0.0022642
0.0346907
0.0716818
0.1026833
0.1216213
0.1339838
0.1538234
0.1912279
0.2404180
0.2829232
0.3056496
0.3129250
0.3166197
0.3173442
0.3019086
0.2601275
0.1996172
0.1413101
0.1007619
0.0742884
0.0442339
-0.0007645
-0.0520437
-0.0906211
-0.1095197
-0.1207796
-0.1389074
-0.1632598
-0.1808476
-0.1829466
-0.1745615
-0.1688382
-0.1751508
-0.1923629
-0.2122650
-0.2290034
-0.2435173
-0.2573110
-0.2649275
-0.2576795
-0.2347338
-0.2058907
-0.1818662
-0.1644622
-0.1472498
-0.1241623
-0.0968855
-0.0734344
-0.0557150
-0.0253834
0.0537051
0.2100337
0.4356360
0.6809492
0.8775480
0.9690341
0.9302654
0.7698836
0.5220190
0.2358084
-0.0329079
-0.2320726
-0.3311390
-0.3367839
-0.2880202
-0.2290727
-0.1837600
-0.1532302
-0.1317500
-0.1191570
-0.1192924
-0.1312842
-0.1457353
-0.1512706
-0.1457011
-0.1389083
-0.1420714
-0.1552965
-0.1691568
-0.1770640
-0.1810991
-0.1850405
-0.1865028
-0.1787748
-0.1585162
-0.1300483
-0.1026675
-0.0832461
-0.0700922
-0.0551498
-0.0340232
-0.0121612
0.0017195
0.0073812
0.0153773
0.0376085
0.0767885
0.1240562
0.1657048
0.1942211
0.2147618
0.2395054
0.2745654
0.3147578
0.3524316
0.3877101
0.4262810
0.4685337
0.5042533
0.5186581
0.5033543
0.4626166
0.4094562
0.3541851
0.2968147
0.2323345
0.1624917
0.0986932
0.0523553
0.0249854
0.0084685
-0.0072234
-0.0269516
-0.0482571
-0.0651830
-0.0756465
-0.0847240
-0.0986932
-0.1165496
-0.1302552
-0.1336514
-0.1291407
-0.1254498
-0.1300480
-0.1430314
-0.1571552
-0.1650740
-0.1677660
-0.1737013
-0.1876091
-0.2023431
-0.2052728
-0.1922034
-0.1725314
-0.1606189
-0.1631123
-0.1739705
-0.1811233
-0.1788535
-0.1734739
-0.1747529
-0.1820143
-0.1825278
-0.1655439
-0.1351579
-0.1067663
-0.0920470
-0.0890651
-0.0863374
-0.0755515
-0.0603014
-0.0515611
-0.0538442
-0.0581632
-0.0517339
-0.0330434
-0.0128789
-0.0005878
0.0055973
0.0124715
0.0206882
0.0258148
0.0328334
0.0668093
0.1616984
0.3293734
0.5354622
0.7099210
0.7888580
0.7510396
0.6182772
0.4277563
0.2088191
-0.0181981
-0.2316901
-0.4054150
-0.5171258
-0.5601509
-0.5463034
-0.4972864
-0.4332749
-0.3687395
-0.3145042
-0.2775102
-0.2572671
-0.2469241
-0.2406944
-0.2382091
-0.2400446
-0.2418158
-0.2359511
-0.2190902
-0.1960980
-0.1761520
-0.1642797
-0.1561778
-0.1425286
-0.1197956
-0.0951555
-0.0781328
-0.0683877
-0.0552357
-0.0297942
0.0048250
0.0361654
0.0538654
0.0584578
0.0601865
0.0692131
0.0864836
0.1049596
0.1197178
0.1339590
0.1531487
0.1759072
0.1944301
0.2036026
0.2068984
0.2123976
0.2238431
0.2358232
0.2378143
0.2236771
0.1968763
0.1651023
0.1307114
0.0894548
0.0388926
-0.0153794
-0.0636964
-0.1004730
-0.1270710
-0.1485198
-0.1688872
-0.1882866
-0.2026658
-0.2071453
-0.2009442
-0.1895866
-0.1823803
-0.1866913
-0.2018786
-0.2174444
-0.2201047
-0.2063853
-0.1872673
-0.1767282
-0.1754810
-0.1692100
-0.1440857
-0.1019661
-0.0583332
-0.0245064
0.0090590
0.0722751
0.1961266
0.3895608
0.6307414
0.8761673
1.0755337
1.1822621
1.1623917
1.0066081
0.7397570
0.4174678
0.1080608
-0.1316698
-0.2750664
-0.3296100
-0.3247139
-0.2924756
-0.2551130
-0.2241654
-0.2047367
-0.1974265
-0.1983556
-0.2010377
-0.2005203
-0.1970113
-0.1956773
-0.2010801
-0.2102143
-0.2127427
-0.2010163
-0.1794249
-0.1610755
-0.1548765
-0.1578841
-0.1604043
-0.1563331
-0.1477031
-0.1407350
-0.1387062
-0.1385145
-0.1338675
-0.1213790
-0.1027710
-0.0815967
-0.0597988
-0.0378584
-0.0158776
0.0070072
0.0326109
0.0617604
0.0940640
0.1309477
0.1766382
0.2331757
0.2949001
0.3505518
0.3923829
0.4230977
0.4528151
0.4873577
0.5183277
0.5264499
0.4979461
0.4383733
0.3685744
0.3065500
0.2545533
0.2032421
0.1452604
0.0831082
0.0254201
-0.0221628
-0.0616339
-0.0983084
-0.1327882
-0.1592070
-0.1725058
-0.1756653
-0.1774692
-0.1836103
-0.1918532
-0.1959480
-0.1931724
-0.1881375
-0.1894590
-0.2012501
-0.2167865
-0.2223819
-0.2102545
-0.1877294
-0.1718979
-0.1740049
-0.1888995
-0.1998674
-0.1943930
-0.1758567
-0.1590987
-0.1535841
-0.1526223
-0.1420276
-0.1184008
-0.0939974
-0.0814336
-0.0775601
-0.0671397
-0.0414949
-0.0075798
0.0267355
0.0765702
0.1830677
0.3823670
0.6631845
0.9538994
1.1570503
1.2052000
1.0932171
0.8666240
0.5845737
0.2908190
0.0102553
-0.2367187
-0.4234754
-0.5249639
-0.5377480
-0.4898494
-0.4257419
-0.3774992
-0.3483788
-0.3227840
-0.2904947
-0.2602298
-0.2495319
-0.2626053
-0.2811176
-0.2798982
-0.2517273
-0.2143040
-0.1923475
-0.1949808
-0.2108701
-0.2218847
-0.2186995
-0.2049598
-0.1900969
-0.1794085
-0.1699004
-0.1545919
-0.1306304
-0.1033966
-0.0828715
-0.0755112
-0.0784873
-0.0817009
-0.0770179
-0.0661695
-0.0573997
-0.0528469
-0.0423404
-0.0142102
0.0282698
0.0665207
0.0860825
0.0942785
0.1141921
0.1591338
0.2147077
0.2494953
0.2453682
0.2156402
0.1901907
0.1826390
0.1758186
0.1418715
0.0742988
-0.0032601
-0.0598603
-0.0863360
-0.1008591
-0.1269802
-0.1678617
-0.2033299
-0.2122435
-0.1957184
-0.1760095
-0.1731827
-0.1861129
-0.1977113
-0.1960252
-0.1866347
-0.1838842
-0.1925150
-0.2009064
-0.1935012
-0.1681116
-0.1379304
-0.1162549
-0.1032357
-0.0907909
-0.0769977
-0.0676597
-0.0595394
-0.0257299
0.0742347
0.2616122
0.5092650
0.7420053
0.8695512
0.8308900
0.6229010
0.2999874
-0.0504278
-0.3430907
-0.5263967
-0.5962599
-0.5846650
-0.5316486
-0.4631808
-0.3901821
-0.3211041
-0.2684907
-0.2416414
-0.2364417
-0.2369303
-0.2291174
-0.2130263
-0.1999643
-0.1978968
-0.2013035
-0.1969491
-0.1785425
-0.1534303
-0.1347683
-0.1290606
-0.1320645
-0.1353030
-0.1350235
-0.1345655
-0.1381464
-0.1428458
-0.1384772
-0.1172962
-0.0836294
-0.0519032
-0.0338903
-0.0280970
-0.0220166
-0.0047636
0.0223359
0.0475068
0.0612624
0.0675996
0.0816193
0.1151103
0.1647467
0.2150317
0.2525457
0.2770464
0.2992446
0.3281810
0.3603538
0.3810858
0.3773050
0.3491969
0.3086004
0.2662809
0.2227272
0.1724503
0.1155542
0.0623476
0.0254042
0.0075892
-0.0009876
-0.0130783
-0.0309857
-0.0440474
-0.0406836
-0.0228208
-0.0069197
-0.0096847
-0.0326088
-0.0605968
-0.0760962
-0.0755903
-0.0726605
-0.0836621
-0.1093446
-0.1318316
-0.1318913
-0.1093016
-0.0844450
-0.0790336
-0.0961987
-0.1202139
-0.1347826
-0.1397338
-0.1487356
-0.1716515
-0.2019917
-0.2238489
-0.2299673
-0.2296038
-0.2373948
-0.2570104
-0.2784443
-0.2906927
-0.2942454
-0.2995339
-0.3139215
-0.3321172
-0.3408056
-0.3326349
-0.3141297
-0.2987073
-0.2929476
-0.2916572
-0.2862483
-0.2755406
-0.2667531
-0.2668358
-0.2744905
-0.2809998
-0.2781453
-0.2649421
-0.2471542
-0.2311552
-0.2184243
-0.2046765
-0.1829393
-0.1485878
-0.1042347
-0.0592795
-0.0186401
0.0338832
0.1383830
0.3332973
0.6145326
0.9154710
1.1333897
1.1879866
1.0668700
0.8230452
0.5319851
0.2488577
-0.0020205
-0.2106974
-0.3667730
-0.4622688
-0.5012918
-0.4992368
-0.4716401
-0.4270471
-0.3715105
-0.3163201
-0.2766339
-0.2606627
-0.2616707
-0.2633761
-0.2549493
-0.2406911
-0.2344577
-0.2447820
-0.2658544
-0.2827287
-0.2848527
-0.2748387
-0.2645139
-0.2620751
-0.2627824
-0.2531295
-0.2252112
-0.1864153
-0.1534275
-0.1364041
-0.1301673
-0.1213503
-0.1027278
-0.0786977
-0.0566783
-0.0355239
-0.0055801
0.0387356
0.0887151
0.1271080
0.1450487
0.1513459
0.1632961
0.1891193
0.2211449
0.2461300
0.2602841
0.2725111
0.2929098
0.3193094
0.3363671
0.3283246
0.2923181
0.2392589
0.1829806
0.1298893
0.0786929
0.0278173
-0.0192734
-0.0568459
-0.0841917
-0.1084250
-0.1380486
-0.1731458
-0.2036860
-0.2197708
-0.2233435
-0.2271299
-0.2401821
-0.2558130
-0.2569366
-0.2348639
-0.2011555
-0.1778526
-0.1750155
-0.1801977
-0.1726921
-0.1472799
-0.1202371
-0.1102586
-0.1163253
-0.1182815
-0.0993793
-0.0649103
-0.0362931
-0.0281522
-0.0340894
-0.0355970
-0.0223893
-0.0012618
0.0143431
0.0197937
0.0224054
0.0325773
0.0579384
0.1086474
0.2033269
0.3596557
0.5703149
0.7859525
0.9276795
0.9278819
0.7709856
0.5022926
0.1988495
-0.0722189
-0.2758768
-0.4031084
-0.4549833
-0.4380868
-0.3718408
-0.2904208
-0.2279893
-0.1979086
-0.1875519
-0.1757038
-0.1549908
-0.1361286
-0.1315650
-0.1391808
-0.1448648
-0.1391799
-0.1271417
-0.1200018
-0.1202092
-0.1181431
-0.1041098
-0.0807006
-0.0606779
-0.0531326
-0.0543640
-0.0537579
-0.0469026
-0.0401000
-0.0413386
-0.0488497
-0.0506673
-0.0356430
-0.0038305
0.0344364
0.0689101
0.0978198
0.1260661
0.1567497
0.1866360
0.2107763
0.2302062
0.2528520
0.2858901
0.3279541
0.3698279
0.4026500
0.4245028
0.4386086
0.4461239
0.4425328
0.4221426
0.3854307
0.3403615
0.2956344
0.2531714
0.2081039
0.1561368
0.1001163
0.0487132
0.0087352
-0.0207112
-0.0461365
-0.0721646
-0.0968594
-0.1147128
-0.1233314
-0.1258697
-0.1267888
-0.1267955
-0.1235735
-0.1171751
-0.1124539
-0.1141649
-0.1198295
-0.1195025
-0.1044352
-0.0760468
-0.0452662
-0.0224786
-0.0085883
0.0037258
0.0207679
0.0409572
0.0572634
0.0658905
0.0727925
0.0930962
0.1452242
0.2441685
0.3960830
0.5938005
0.8136445
1.0164697
1.1560138
1.1936182
1.1130373
