-0.0743105
-0.0753401
-0.0806424
-0.0859181
-0.0904529
-0.0954775
-0.1006942
-0.1043970
-0.1063880
-0.1081773
-0.1093487
-0.1063784
-0.0981837
-0.0912352
-0.0922740
-0.0902154
-0.0481614
0.0748505
0.2816035
0.5117745
0.6652273
0.6621817
0.4925233
0.2150215
-0.0870693
-0.3518361
-0.5524371
-0.6830275
-0.7443122
-0.7438157
-0.7005671
-0.6388477
-0.5738265
-0.5060566
-0.4322145
-0.3589399
-0.3022689
-0.2727922
-0.2641947
-0.2588784
-0.2445359
-0.2238204
-0.2081233
-0.2038294
-0.2056049
-0.2019606
-0.1859941
-0.1611421
-0.1379945
-0.1257735
-0.1252768
-0.1285104
-0.1254576
-0.1127544
-0.0965878
-0.0865179
-0.0856406
-0.0868914
-0.0795811
-0.0596281
-0.0329749
-0.0089976
0.0087641
0.0250140
0.0465647
0.0747819
0.1043937
0.1293633
0.1495035
0.1710511
0.2002566
0.2356931
0.2666903
0.2802573
0.2709356
0.2445124
0.2117669
0.1783269
0.1411329
0.0952539
0.0433376
-0.0033837
-0.0344014
-0.0497407
-0.0597144
-0.0750408
-0.0977089
-0.1210876
-0.1374666
-0.1446660
-0.1464218
-0.1482537
-0.1532967
-0.1604410
-0.1649313
-0.1614099
-0.1485159
-0.1314697
-0.1185605
-0.1123733
-0.1027610
-0.0683249
0.0140815
0.1582242
0.3603887
0.5941522
0.8087141
0.9370635
0.9194757
0.7350776
0.4206820
0.0591904
-0.2584250
-0.4724253
-0.5700042
-0.5734767
-0.5174927
-0.4334252
-0.3452640
-0.2699003
-0.2159984
-0.1831168
-0.1647633
-0.1541193
-0.1474653
-0.1431913
-0.1395091
-0.1345623
-0.1283250
-0.1227155
-0.1188089
-0.1144733
-0.1059932
-0.0925178
-0.0782513
-0.0692414
-0.0675132
-0.0685156
-0.0647297
-0.0520431
-0.0325872
-0.0112401
0.0104504
0.0362661
0.0707540
0.1129391
0.1556477
0.1919912
0.2223133
0.2536326
0.2915385
0.3332197
0.3697216
0.3955893
0.4155376
0.4404830
0.4765678
0.5183147
0.5525650
0.5686873
0.5649626
0.5462421
0.5171008
0.4779965
0.4273850
0.3664490
0.3012799
0.2404708
0.1903036
0.1514796
0.1198576
0.0904624
0.0614815
0.0350005
0.0140414
-0.0010663
-0.0131683
-0.0250081
-0.0358305
-0.0420427
-0.0417310
-0.0381104
-0.0374947
-0.0431178
-0.0510702
-0.0531433
-0.0445126
-0.0288579
-0.0155203
-0.0111116
-0.0136951
-0.0150751
-0.0084342
0.0064867
0.0250081
0.0428106
0.0591035
0.0763536
0.1003876
0.1432640
0.2247485
0.3652358
0.5693312
0.8102067
1.0289836
1.1548656
1.1366706
0.9672548
0.6863311
0.3609189
0.0561259
-0.1866274
-0.3538079
-0.4493126
-0.4815731
-0.4588863
-0.3933884
-0.3052129
-0.2191720
-0.1550266
-0.1195005
-0.1065900
-0.1049265
-0.1054503
-0.1043098
-0.1013660
-0.0975960
-0.0933894
-0.0878157
-0.0789846
-0.0658677
-0.0503532
-0.0368413
-0.0286144
-0.0243159
-0.0189011
-0.0089680
0.0030545
0.0111301
0.0128204
0.0138672
0.0243050
0.0490530
0.0825297
0.1134564
0.1355445
0.1532410
0.1764274
0.2093015
0.2449089
0.2713129
0.2835113
0.2889650
0.3006665
0.3242497
0.3518165
0.3683674
0.3640862
0.3405027
0.3057503
0.2654352
0.2190686
0.1648629
0.1064306
0.0533671
0.0147384
-0.0079876
-0.0217768
-0.0362237
-0.0565252
-0.0807167
-0.1024172
-0.1163525
-0.1225883
-0.1264472
-0.1339112
-0.1458945
-0.1564368
-0.1571467
-0.1446116
-0.1241821
-0.1063012
-0.0982910
-0.0988838
-0.1003812
-0.0962841
-0.0872868
-0.0802821
-0.0815229
-0.0902175
-0.0983858
-0.0975243
-0.0866839
-0.0746156
-0.0730612
-0.0864074
-0.1074141
-0.1238587
-0.1301256
-0.1320395
-0.1396378
-0.1552584
-0.1697438
-0.1712735
-0.1578025
-0.1399990
-0.1315841
-0.1371032
-0.1491439
-0.1565326
-0.1544042
-0.1470578
-0.1428392
-0.1468443
-0.1570685
-0.1659236
-0.1658549
-0.1554603
-0.1412115
-0.1322180
-0.1318871
-0.1348143
-0.1329411
-0.1246492
-0.1161378
-0.1131767
-0.1135629
-0.1098707
-0.0974436
-0.0735008
-0.0252506
0.0746717
0.2474601
0.4725650
0.6740851
0.7547541
0.6587845
0.4120663
0.1041981
-0.1717715
-0.3703367
-0.4979757
-0.5799247
-0.6282038
-0.6380149
-0.6057110
-0.5429812
-0.4726600
-0.4134816
-0.3700689
-0.3357111
-0.3023582
-0.2678573
-0.2357587
-0.2103378
-0.1922782
-0.1783096
-0.1643426
-0.1491047
-0.1350197
-0.1252458
-0.1194005
-0.1124514
-0.0987491
-0.0778261
-0.0560712
-0.0420449
-0.0395580
-0.0449689
-0.0510078
-0.0531215
-0.0521993
-0.0515505
-0.0518497
-0.0494100
-0.0392295
-0.0194337
0.0069591
0.0339029
0.0559467
0.0713507
0.0831136
0.0969664
0.1169115
0.1413413
0.1634430
0.1763332
0.1785212
0.1742102
0.1678112
0.1583983
0.1404546
0.1104783
0.0720126
0.0329903
-0.0018461
-0.0346311
-0.0696847
-0.1058386
-0.1349728
-0.1492016
-0.1494886
-0.1465148
-0.1523215
-0.1704505
-0.1936691
-0.2109186
-0.2166981
-0.2147378
-0.2137109
-0.2193834
-0.2296019
-0.2358020
-0.2300531
-0.2125300
-0.1930641
-0.1841447
-0.1900542
-0.2017462
-0.2037021
-0.1883246
-0.1644584
-0.1492180
-0.1470211
-0.1344478
-0.0688622
0.0801513
0.2990152
0.5243051
0.6702702
0.6718703
0.5151980
0.2389925
-0.0874419
-0.3919511
-0.6189410
-0.7385895
-0.7501662
-0.6803469
-0.5731022
-0.4713012
-0.3988328
-0.3550559
-0.3251818
-0.2973349
-0.2717714
-0.2556867
-0.2510987
-0.2496933
-0.2404538
-0.2215676
-0.2029841
-0.1960370
-0.2009707
-0.2061181
-0.2002511
-0.1851262
-0.1742399
-0.1781739
-0.1918280
-0.1978229
-0.1834466
-0.1536301
-0.1261528
-0.1139512
-0.1128261
-0.1067584
-0.0845094
-0.0500455
-0.0167299
0.0074542
0.0276401
0.0553119
0.0953778
0.1411117
0.1813069
0.2109113
0.2342317
0.2589151
0.2877838
0.3157145
0.3327997
0.3304058
0.3062687
0.2660766
0.2202532
0.1770285
0.1366003
0.0922926
0.0390987
-0.0184823
-0.0685885
-0.1031396
-0.1258266
-0.1471228
-0.1714519
-0.1916239
-0.1976582
-0.1900027
-0.1814624
-0.1850088
-0.2010031
-0.2180536
-0.2260278
-0.2260927
-0.2268578
-0.2322718
-0.2360404
-0.2287826
-0.2091264
-0.1862150
-0.1714613
-0.1685166
-0.1706356
-0.1663376
-0.1476491
-0.1152286
-0.0779764
-0.0469561
-0.0250685
0.0024208
0.0675798
0.2035782
0.4183526
0.6762971
0.9049381
1.0263910
0.9943988
0.8139177
0.5339713
0.2226173
-0.0590586
-0.2720453
-0.4020704
-0.4547333
-0.4479775
-0.4042794
-0.3440965
-0.2823514
-0.2283351
-0.1869575
-0.1591111
-0.1415665
-0.1286272
-0.1159803
-0.1039071
-0.0965045
-0.0970253
-0.1036653
-0.1104284
-0.1127355
-0.1118106
-0.1124020
-0.1158182
-0.1164460
-0.1067708
-0.0861094
-0.0631156
-0.0482478
-0.0435161
-0.0405689
-0.0297719
-0.0108733
0.0065537
0.0139083
0.0139941
0.0194496
0.0406424
0.0759840
0.1146239
0.1478710
0.1768411
0.2087734
0.2469414
0.2855606
0.3150785
0.3315632
0.3393915
0.3441558
0.3440174
0.3297378
0.2940327
0.2405442
0.1828647
0.1341666
0.0974185
0.0655352
0.0308721
-0.0058821
-0.0365269
-0.0545488
-0.0623748
-0.0687544
-0.0794623
-0.0918883
-0.0995319
-0.1010697
-0.1031177
-0.1126583
-0.1274114
-0.1361558
-0.1303131
-0.1141470
-0.1009283
-0.0983459
-0.0999887
-0.0934517
-0.0756479
-0.0560288
-0.0415491
-0.0191892
0.0425952
0.1702953
0.3592002
0.5673885
0.7338890
0.8055118
0.7553827
0.5887647
0.3404175
0.0654542
-0.1774822
-0.3467733
-0.4309276
-0.4455556
-0.4177535
-0.3707300
-0.3184314
-0.2688756
-0.2280545
-0.1995321
-0.1823606
-0.1720683
-0.1646585
-0.1591868
-0.1563725
-0.1556821
-0.1546714
-0.1510921
-0.1450877
-0.1389918
-0.1347325
-0.1312197
-0.1246003
-0.1119226
-0.0948653
-0.0790238
-0.0684204
-0.0606470
-0.0484386
-0.0270142
0.0002426
0.0244271
0.0402372
0.0521184
0.0702940
0.1004364
0.1380891
0.1736073
0.2013977
0.2232062
0.2434786
0.2640945
0.2845935
0.3055440
0.3288928
0.3542813
0.3765855
0.3887243
0.3868525
0.3717582
0.3452941
0.3074395
0.2586156
0.2039928
0.1527448
0.1115348
0.0796637
0.0518240
0.0249682
0.0009438
-0.0176294
-0.0322306
-0.0474757
-0.0652467
-0.0810630
-0.0875587
-0.0818536
-0.0690127
-0.0579681
-0.0543570
-0.0573821
-0.0626013
-0.0664249
-0.0678101
-0.0669236
-0.0635762
-0.0574232
-0.0492912
-0.0415366
-0.0364468
-0.0342817
-0.0334667
-0.0328622
-0.0329682
-0.0340937
-0.0340076
-0.0290683
-0.0184952
-0.0067414
-0.0003312
-0.0018949
-0.0079306
-0.0131546
-0.0167272
-0.0228680
-0.0346240
-0.0482700
-0.0559427
-0.0542474
-0.0486687
-0.0481953
-0.0562834
-0.0683951
-0.0780590
-0.0834914
-0.0871765
-0.0900797
-0.0886542
-0.0788783
-0.0622698
-0.0458478
-0.0354767
-0.0306469
-0.0270352
-0.0230614
-0.0216245
-0.0250232
-0.0303175
-0.0316496
-0.0267594
-0.0195302
-0.0154922
-0.0159121
-0.0175314
-0.0175679
-0.0166847
-0.0155341
-0.0101318
0.0054663
0.0302892
0.0535458
0.0661937
0.0782227
0.1218394
0.2309032
0.4099602
0.6189796
0.7890341
0.8589633
0.8062671
0.6518918
0.4410643
0.2190883
0.0182065
-0.1432042
-0.2571790
-0.3238116
-0.3490599
-0.3410632
-0.3069573
-0.2531725
-0.1883037
-0.1238352
-0.0699168
-0.0297772
0.0006035
0.0263130
0.0476452
0.0615094
0.0680695
0.0736746
0.0855240
0.1038565
0.1209625
0.1287876
0.1271886
0.1239732
0.1267727
0.1358087
0.1454826
0.1523758
0.1597920
0.1735686
0.1948039
0.2186060
0.2399779
0.2590918
0.2794712
0.3018340
0.3219653
0.3361327
0.3477434
0.3660543
0.3965089
0.4332799
0.4638188
0.4817443
0.4938227
0.5126115
0.5423774
0.5735068
0.5913435
0.5900245
0.5770190
0.5641963
0.5553240
0.5431876
0.5187255
0.4816186
0.4410306
0.4067961
0.3813215
0.3600498
0.3381687
0.3155157
0.2952456
0.2790925
0.2650751
0.2499387
0.2329786
0.2165923
0.2033518
0.1936962
0.1868696
0.1829876
0.1830405
0.1871945
0.1941289
0.2022159
0.2107196
0.2195890
0.2285343
0.2367835
0.2437421
0.2494730
0.2541196
0.2572579
0.2594714
0.2664146
0.2914664
0.3520568
0.4593248
0.6065178
0.7631753
0.8798322
0.9041677
0.8040906
0.5867824
0.3009255
0.0174976
-0.2012339
-0.3259056
-0.3633163
-0.3399774
-0.2814155
-0.2034644
-0.1179629
-0.0404880
0.0123494
0.0342972
0.0359967
0.0372457
0.0506619
0.0719303
0.0859222
0.0825531
0.0666021
0.0520347
0.0476904
0.0499506
0.0492736
0.0416721
0.0319160
0.0263225
0.0250005
0.0226687
0.0162555
0.0097245
0.0102162
0.0199770
0.0336854
0.0444386
0.0511743
0.0587490
0.0713144
0.0876961
0.1039428
0.1186937
0.1342267
0.1524742
0.1717026
0.1883707
0.2021823
0.2182209
0.2428493
0.2769702
0.3135579
0.3419317
0.3542318
0.3483697
0.3266914
0.2933991
0.2527980
0.2085105
0.1638026
0.1227613
0.0902758
0.0692158
0.0570975
0.0467678
0.0320112
0.0130627
-0.0040273
-0.0142916
-0.0199031
-0.0281202
-0.0426531
-0.0586454
-0.0683059
-0.0710537
-0.0752279
-0.0882215
-0.1067325
-0.1194360
-0.1195391
-0.1127503
-0.1113534
-0.1208807
-0.1342779
-0.1401204
-0.1354534
-0.1282588
-0.1266510
-0.1280314
-0.1218109
-0.1028680
-0.0797702
-0.0678194
-0.0742805
-0.0914183
-0.1041317
-0.1038739
-0.0949208
-0.0878150
-0.0882900
-0.0936627
-0.0987958
-0.1025500
-0.1068342
-0.1112385
-0.1118093
-0.1061838
-0.0984007
-0.0965488
-0.1045738
-0.1166642
-0.1211034
-0.1110194
-0.0912762
-0.0737786
-0.0661341
-0.0662473
-0.0676183
-0.0660846
-0.0569393
-0.0251798
0.0556497
0.2057364
0.4124384
0.6199416
0.7516234
0.7533753
0.6247384
0.4136090
0.1821437
-0.0260720
-0.1953090
-0.3261870
-0.4211177
-0.4793683
-0.5010130
-0.4917010
-0.4623824
-0.4245236
-0.3851730
-0.3451322
-0.3005996
-0.2474733
-0.1867517
-0.1271977
-0.0812932
-0.0563747
-0.0492323
-0.0499519
-0.0508626
-0.0511045
-0.0527617
-0.0537296
-0.0456644
-0.0202306
0.0216781
0.0673618
0.1006764
0.1143547
0.1143014
0.1119995
0.1135043
0.1159808
0.1138108
0.1068410
0.1022160
0.1079173
0.1243700
0.1430176
0.1541148
0.1560129
0.1563165
0.1641937
0.1821360
0.2046146
0.2233402
0.2334527
0.2355442
0.2326453
0.2258311
0.2132338
0.1930261
0.1659473
0.1340502
0.0980556
0.0574849
0.0133941
-0.0299347
-0.0663387
-0.0911220
-0.1043377
-0.1117113
-0.1214660
-0.1385234
-0.1610060
-0.1824700
-0.1977218
-0.2068528
-0.2141539
-0.2230568
-0.2318987
-0.2354536
-0.2317060
-0.2262554
-0.2277297
-0.2382519
-0.2502763
-0.2542218
-0.2484580
-0.2405909
-0.2389035
-0.2429272
-0.2425749
-0.2271531
-0.1962924
-0.1622829
-0.1404926
-0.1350767
-0.1307031
-0.0960136
0.0015956
0.1744293
0.3962829
0.6018306
0.7108870
0.6670790
0.4677664
0.1669257
-0.1499475
-0.4038630
-0.5524822
-0.5979764
-0.5727408
-0.5157382
-0.4541107
-0.3975877
-0.3449937
-0.2959932
-0.2576700
-0.2394084
-0.2416937
-0.2525328
-0.2572173
-0.2512523
-0.2422316
-0.2390154
-0.2404431
-0.2359654
-0.2177338
-0.1908098
-0.1689084
-0.1590080
-0.1526324
-0.1353278
-0.1037676
-0.0698110
-0.0467342
-0.0344036
-0.0203649
0.0055905
0.0404058
0.0720195
0.0933585
0.1098272
0.1313723
0.1585438
0.1801346
0.1862131
0.1808862
0.1794173
0.1936511
0.2222623
0.2541981
0.2788920
0.2928976
0.2990398
0.3011628
0.3000629
0.2937808
0.2802997
0.2587510
0.2290474
0.1926802
0.1539527
0.1181198
0.0874680
0.0607391
0.0366937
0.0162940
0.0008606
-0.0097384
-0.0158389
-0.0164623
-0.0105000
0.0009363
0.0137776
0.0226261
0.0242802
0.0210944
0.0200525
0.0264588
0.0383446
0.0483620
0.0516248
0.0524616
0.0662961
0.1161939
0.2226641
0.3880942
0.5851606
0.7598630
0.8500963
0.8108974
0.6350875
0.3592417
0.0494910
-0.2265430
-0.4244926
-0.5315521
-0.5600730
-0.5357155
-0.4858847
-0.4311087
-0.3822398
-0.3429385
-0.3125327
-0.2872108
-0.2624793
-0.2370556
-0.2136707
-0.1958398
-0.1851104
-0.1804707
-0.1775959
-0.1693956
-0.1514850
-0.1281718
-0.1097366
-0.1021822
-0.1015681
-0.0991585
-0.0905130
-0.0793748
-0.0739133
-0.0784355
-0.0877019
-0.0914226
-0.0859723
-0.0783089
-0.0750959
-0.0716564
-0.0572394
-0.0296807
0.0006603
0.0220487
0.0332323
0.0440545
0.0657975
0.0995857
0.1333304
0.1528460
0.1569887
0.1577656
0.1639425
0.1696602
0.1619524
0.1345208
0.0911589
0.0408322
-0.0072095
-0.0484787
-0.0869307
-0.1293081
-0.1738742
-0.2103570
-0.2328588
-0.2463098
-0.2582047
-0.2708193
-0.2830545
-0.2924188
-0.2944480
-0.2887481
-0.2850394
-0.2920421
-0.3013194
-0.2968310
-0.2808229
-0.2721266
-0.2759683
-0.2772745
-0.2720527
-0.2819326
-0.3213993
