-0.1083481
-0.0878293
-0.0776160
-0.0894601
-0.1130048
-0.1258893
-0.1155164
-0.0906010
-0.0718387
-0.0721393
-0.0859889
-0.0969293
-0.0943304
-0.0830669
-0.0777969
-0.0880739
-0.1083727
-0.1223113
-0.1174878
-0.0973737
-0.0786729
-0.0758402
-0.0874368
-0.0983685
-0.0965159
-0.0865676
-0.0854041
-0.1026712
-0.1273832
-0.1365268
-0.1181418
-0.0846590
-0.0618014
-0.0643723
-0.0839605
-0.0999585
-0.1002351
-0.0893762
-0.0784031
-0.0702903
-0.0574892
-0.0316998
0.0069121
0.0500430
0.0877712
0.1135250
0.1257156
0.1287644
0.1328126
0.1481753
0.1762264
0.2064590
0.2261264
0.2341900
0.2430994
0.2636758
0.2889352
0.2968591
0.2718285
0.2218164
0.1711753
0.1358853
0.1086568
0.0707074
0.0168181
-0.0349714
-0.0604936
-0.0547989
-0.0377949
-0.0337847
-0.0469332
-0.0589843
-0.0511622
-0.0255316
-0.0008810
0.0149326
0.0478773
0.1486450
0.3525170
0.6386896
0.9239675
1.1007913
1.0954562
0.9065352
0.5984391
0.2584609
-0.0492964
-0.3021366
-0.5039960
-0.6588228
-0.7582118
-0.7910974
-0.7607318
-0.6889883
-0.6034507
-0.5210600
-0.4441980
-0.3705992
-0.3043081
-0.2554985
-0.2300242
-0.2207324
-0.2109270
-0.1880871
-0.1551337
-0.1278591
-0.1199352
-0.1293264
-0.1396212
-0.1359602
-0.1203919
-0.1105624
-0.1214033
-0.1475993
-0.1658174
-0.1563166
-0.1226753
-0.0891190
-0.0778798
-0.0896727
-0.1063414
-0.1110645
-0.1042090
-0.0994620
-0.1064222
-0.1190238
-0.1215019
-0.1048808
-0.0768837
-0.0556376
-0.0534767
-0.0659513
-0.0759831
-0.0696235
-0.0493596
-0.0321104
-0.0323823
-0.0459987
-0.0513365
-0.0287942
0.0198488
0.0718606
0.1040572
0.1133135
0.1171637
0.1349586
0.1692768
0.2057869
0.2300371
0.2428397
0.2589284
0.2916200
0.3396272
0.3883805
0.4233500
0.4422611
0.4553243
0.4740662
0.4997102
0.5223398
0.5315244
0.5273189
0.5198539
0.5177259
0.5175903
0.5063553
0.4740015
0.4237078
0.3688308
0.3202945
0.2779407
0.2344305
0.1861072
0.1381699
0.0992475
0.0728431
0.0552818
0.0407727
0.0263943
0.0119410
-0.0030917
-0.0202960
-0.0398997
-0.0588711
-0.0728092
-0.0798236
-0.0816917
-0.0809178
-0.0778298
-0.0718901
-0.0653375
-0.0633533
-0.0691000
-0.0791987
-0.0858624
-0.0845107
-0.0787986
-0.0768987
-0.0822308
-0.0887227
-0.0867030
-0.0737491
-0.0583448
-0.0516691
-0.0564490
-0.0653018
-0.0698972
-0.0699335
-0.0718178
-0.0792362
-0.0869086
-0.0849247
-0.0691818
-0.0467469
-0.0304337
-0.0281969
-0.0376609
-0.0498792
-0.0573458
-0.0589616
-0.0591034
-0.0626750
-0.0699306
-0.0750450
-0.0705568
-0.0548756
-0.0357414
-0.0249756
-0.0284843
-0.0412731
-0.0529398
-0.0582599
-0.0615612
-0.0698855
-0.0826151
-0.0899796
-0.0830350
-0.0641165
-0.0458617
-0.0399039
-0.0473188
-0.0595340
-0.0667717
-0.0652935
-0.0586321
-0.0540570
-0.0574169
-0.0686637
-0.0803662
-0.0816401
-0.0667956
-0.0422654
-0.0237985
-0.0238014
-0.0400503
-0.0579208
-0.0647267
-0.0612241
-0.0584268
-0.0643619
-0.0756632
-0.0819210
-0.0764631
-0.0621002
-0.0477026
-0.0408915
-0.0437343
-0.0530057
-0.0624622
-0.0658234
-0.0610103
-0.0533898
-0.0526296
-0.0626949
-0.0745899
-0.0723100
-0.0487924
-0.0154273
0.0064775
0.0048704
-0.0122155
-0.0243329
-0.0161367
0.0122326
0.0493319
0.0835752
0.1098938
0.1291971
0.1457303
0.1650204
0.1901042
0.2168895
0.2357732
0.2422198
0.2456212
0.2626924
0.2982344
0.3342599
0.3434583
0.3164045
0.2734649
0.2458861
0.2440774
0.2470255
0.2247038
0.1688296
0.0989108
0.0400542
0.0003369
-0.0283340
-0.0527845
-0.0690683
-0.0705017
-0.0587323
-0.0417923
-0.0233236
0.0002726
0.0309928
0.0652456
0.1076763
0.1875572
0.3469951
0.5964011
0.8769354
1.0767929
1.1001411
0.9322694
0.6435707
0.3317223
0.0570589
-0.1747471
-0.3800624
-0.5581455
-0.6852260
-0.7397270
-0.7254231
-0.6686566
-0.5972059
-0.5242756
-0.4495248
-0.3701224
-0.2891923
-0.2162183
-0.1618665
-0.1319137
-0.1235542
-0.1257690
-0.1244549
-0.1109948
-0.0890882
-0.0727491
-0.0740814
-0.0903598
-0.1037851
-0.0964495
-0.0672185
-0.0339004
-0.0178030
-0.0249362
-0.0416384
-0.0485925
-0.0391664
-0.0239441
-0.0180628
-0.0258226
-0.0381399
-0.0427729
-0.0345208
-0.0164090
0.0051186
0.0236988
0.0337590
0.0321947
0.0221190
0.0138100
0.0181097
0.0360575
0.0559847
0.0641228
0.0595647
0.0570466
0.0729668
0.1088381
0.1495012
0.1773550
0.1876916
0.1908917
0.2012878
0.2244080
0.2539813
0.2798697
0.2982216
0.3145352
0.3383024
0.3751876
0.4227363
0.4714056
0.5098801
0.5321842
0.5421415
0.5508063
0.5674376
0.5909069
0.6094405
0.6102826
0.5917749
0.5662554
0.5490157
0.5427629
0.5339129
0.5058558
0.4555199
0.3956480
0.3415884
0.2980072
0.2585745
0.2158482
0.1691593
0.1237838
0.0853808
0.0568544
0.0390314
0.0310520
0.0286530
0.0243849
0.0129295
-0.0033994
-0.0168713
-0.0232409
-0.0267742
-0.0348218
-0.0484065
-0.0602010
-0.0622045
-0.0543005
-0.0443750
-0.0401618
-0.0418671
-0.0437072
-0.0423137
-0.0416145
-0.0479302
-0.0614754
-0.0752117
-0.0824256
-0.0832666
-0.0823836
-0.0814710
-0.0767061
-0.0647181
-0.0498984
-0.0430563
-0.0506385
-0.0658622
-0.0735052
-0.0654633
-0.0504150
-0.0458532
-0.0601127
-0.0831586
-0.0953654
-0.0852484
-0.0594635
-0.0367676
-0.0322746
-0.0462006
-0.0661475
-0.0790624
-0.0811233
-0.0780707
-0.0783083
-0.0856537
-0.0964729
-0.1024516
-0.0973068
-0.0825512
-0.0670529
-0.0603113
-0.0653448
-0.0770697
-0.0869210
-0.0899463
-0.0890459
-0.0923302
-0.1046319
-0.1206918
-0.1278534
-0.1173241
-0.0937373
-0.0733073
-0.0710125
-0.0875250
-0.1080422
-0.1154446
-0.1062762
-0.0937324
-0.0941696
-0.1108234
-0.1309315
-0.1378344
-0.1253720
-0.1022221
-0.0844558
-0.0834704
-0.0982767
-0.1171641
-0.1269477
-0.1226769
-0.1108070
-0.1037339
-0.1093937
-0.1236844
-0.1330874
-0.1270672
-0.1090394
-0.0938070
-0.0930598
-0.1041570
-0.1139146
-0.1124822
-0.1023933
-0.0944799
-0.0961832
-0.1042886
-0.1083450
-0.0998803
-0.0776370
-0.0453644
-0.0077625
0.0300763
0.0621350
0.0842982
0.0979846
0.1083933
0.1182564
0.1253527
0.1278481
0.1309625
0.1455861
0.1781133
0.2213042
0.2569220
0.2698327
0.2603460
0.2417211
0.2252739
0.2093150
0.1832883
0.1410349
0.0883366
0.0381114
-0.0003189
-0.0272967
-0.0495222
-0.0716885
-0.0919828
-0.1059026
-0.1129578
-0.1173029
-0.1216092
-0.1227425
-0.1149211
-0.0948196
-0.0593054
0.0037503
0.1187635
0.3073363
0.5594482
0.8158368
0.9861777
0.9985276
0.8426991
0.5711385
0.2590482
-0.0388082
-0.3008635
-0.5217934
-0.6926630
-0.7994915
-0.8369257
-0.8178210
-0.7664899
-0.7027082
-0.6330444
-0.5563627
-0.4749238
-0.3991623
-0.3429380
-0.3141231
-0.3074173
-0.3055042
-0.2904723
-0.2580194
-0.2210556
-0.1976858
-0.1946265
-0.2020254
-0.2036812
-0.1919673
-0.1738898
-0.1638120
-0.1699981
-0.1869327
-0.1996355
-0.1953148
-0.1724457
-0.1414872
-0.1180571
-0.1126914
-0.1232120
-0.1362425
-0.1383879
-0.1274339
-0.1125238
-0.1039198
-0.1036834
-0.1055486
-0.1014748
-0.0876157
-0.0660493
-0.0431733
-0.0266877
-0.0219039
-0.0277237
-0.0347670
-0.0300586
-0.0080714
0.0218336
0.0425286
0.0466142
0.0454332
0.0581109
0.0920198
0.1358320
0.1714002
0.1906619
0.2009891
0.2160925
0.2430564
0.2774323
0.3089548
0.3308310
0.3447434
0.3597175
0.3866357
0.4298318
0.4799328
0.5166567
0.5244749
0.5080598
0.4891903
0.4849328
0.4892235
0.4782886
0.4352097
0.3685022
0.3054774
0.2667652
0.2477655
0.2257127
0.1837897
0.1260755
0.0696225
0.0266332
-0.0027530
-0.0241481
-0.0419810
-0.0596726
-0.0812649
-0.1078672
-0.1326506
-0.1433894
-0.1337979
-0.1128920
-0.1001097
-0.1079397
-0.1296258
-0.1465456
-0.1479273
-0.1407769
-0.1397502
-0.1501157
-0.1627786
-0.1645781
-0.1513774
-0.1314353
-0.1174599
-0.1157349
-0.1224426
-0.1296345
-0.1332886
-0.1349285
-0.1373635
-0.1414256
-0.1463633
-0.1505709
-0.1509968
-0.1439756
-0.1288686
-0.1111966
-0.1009855
-0.1057225
-0.1225531
-0.1377510
-0.1375245
-0.1219847
-0.1067050
-0.1074364
-0.1233999
-0.1377177
-0.1345058
-0.1142619
-0.0925989
-0.0852477
-0.0945790
-0.1097236
-0.1186151
-0.1189122
-0.1172403
-0.1199852
-0.1272250
-0.1345896
-0.1375437
-0.1332399
-0.1216213
-0.1070402
-0.0969402
-0.0962645
-0.1030262
-0.1104112
-0.1133838
-0.1130922
-0.1149146
-0.1218410
-0.1296203
-0.1297249
-0.1183676
-0.1016234
-0.0900488
-0.0888347
-0.0945209
-0.1001964
-0.1018066
-0.1000617
-0.0987235
-0.1014926
-0.1088462
-0.1169967
-0.1203062
-0.1149574
-0.1009681
-0.0824919
-0.0668706
-0.0611466
-0.0667891
-0.0775348
-0.0835112
-0.0782806
-0.0630187
-0.0451365
-0.0318567
-0.0223561
-0.0060327
0.0280235
0.0776247
0.1254154
0.1528488
0.1565438
0.1503528
0.1519335
0.1676407
0.1895433
0.2060275
0.2144710
0.2224962
0.2369060
0.2539683
0.2627185
0.2560792
0.2357427
0.2070136
0.1725176
0.1318993
0.0852008
0.0349524
-0.0142264
-0.0573435
-0.0906546
-0.1118304
-0.1191983
-0.1125887
-0.0957417
-0.0762297
-0.0611467
-0.0523892
-0.0446703
-0.0247541
0.0281597
0.1360697
0.3082137
0.5274591
0.7475956
0.9052306
0.9427122
0.8336610
0.5978448
0.2933856
-0.0116579
-0.2697924
-0.4669089
-0.6125459
-0.7188904
-0.7859555
-0.8041772
-0.7699846
-0.6967157
-0.6083473
-0.5236504
-0.4486623
-0.3828337
-0.3275199
-0.2864048
-0.2603462
-0.2449712
-0.2340115
-0.2243404
-0.2167812
-0.2112148
-0.2023038
-0.1836207
-0.1572185
-0.1355099
-0.1300218
-0.1393266
-0.1507843
-0.1536825
-0.1486024
-0.1442950
-0.1471011
-0.1534071
-0.1519006
-0.1343527
-0.1052734
-0.0799356
-0.0713840
-0.0790407
-0.0897736
-0.0898106
-0.0770386
-0.0634556
-0.0641211
-0.0805055
-0.0952935
-0.0875672
-0.0542222
-0.0135978
0.0129081
0.0201776
0.0200426
0.0267557
0.0446953
0.0682285
0.0894561
0.1044576
0.1139727
0.1219163
0.1354084
0.1630131
0.2066307
0.2540492
0.2861439
0.2967189
0.3016923
0.3225164
0.3615105
0.3994088
0.4184732
0.4233761
0.4358952
0.4703562
0.5171335
0.5513851
0.5569765
0.5399696
0.5186476
0.5036494
0.4903902
0.4674740
0.4269013
0.3674865
0.2961524
0.2287311
0.1826742
0.1618248
0.1494201
0.1216883
0.0710056
0.0145263
-0.0219233
-0.0296437
-0.0265722
-0.0393186
-0.0751228
-0.1140208
-0.1302528
-0.1184428
-0.0959364
-0.0827244
-0.0842979
-0.0930299
-0.1002248
-0.1041741
-0.1090937
-0.1187602
-0.1313355
-0.1402482
-0.1400125
-0.1304462
-0.1157977
-0.1020926
-0.0952202
-0.0976543
-0.1048921
-0.1081396
-0.1035212
-0.0971704
-0.0988988
-0.1114494
-0.1268389
-0.1322381
-0.1198783
-0.0942961
-0.0708863
-0.0643496
-0.0762385
-0.0946013
-0.1061550
-0.1074748
-0.1048902
-0.1061195
-0.1123644
-0.1166153
-0.1099336
-0.0915409
-0.0721656
-0.0648704
-0.0727008
-0.0871865
-0.0978955
-0.1010751
-0.1002641
-0.1016166
-0.1081374
-0.1158566
-0.1161811
-0.1044513
-0.0858897
-0.0713804
-0.0679080
-0.0739953
-0.0826859
-0.0874192
-0.0867410
-0.0850163
-0.0873451
-0.0931279
-0.0965903
-0.0938701
-0.0866054
-0.0781585
-0.0704071
-0.0657800
-0.0680450
-0.0776675
-0.0888061
-0.0940370
-0.0913324
-0.0850400
-0.0808102
-0.0798586
-0.0770922
-0.0653417
-0.0428760
-0.0155085
0.0105967
0.0358862
0.0637506
0.0919939
0.1130320
0.1228268
0.1260025
0.1317322
0.1469786
0.1729653
0.2050481
0.2358307
0.2602782
0.2775183
0.2872399
0.2871171
0.2756800
0.2546974
0.2258970
0.1880316
0.1406329
0.0889480
0.0419264
0.0057131
-0.0197685
-0.0394048
-0.0588742
-0.0797163
-0.0974251
-0.1064162
-0.1067258
-0.1028754
-0.0966514
-0.0847036
-0.0617223
-0.0190397
0.0610508
0.2005471
0.4053354
0.6458593
0.8587464
0.9716885
0.9372161
0.7555613
0.4720180
0.1511802
-0.1513645
-0.4014497
-0.5848267
-0.7032910
-0.7697515
-0.7982913
-0.7954224
-0.7618566
-0.7007485
-0.6211967
-0.5356550
-0.4569445
-0.3950278
-0.3519945
-0.3207157
-0.2914652
-0.2599899
-0.2290483
-0.2049272
-0.1932673
-0.1943199
-0.2003788
-0.2015946
-0.1964262
-0.1929965
-0.1983955
-0.2099451
-0.2182157
-0.2151396
-0.1986637
-0.1741552
-0.1526889
-0.1434659
-0.1456122
-0.1499465
-0.1491804
-0.1435912
-0.1377033
-0.1355938
-0.1386465
-0.1431014
-0.1400186
-0.1225368
-0.0942783
-0.0679089
-0.0552038
-0.0589605
-0.0708964
-0.0750409
-0.0586868
-0.0259454
0.0027818
0.0109312
0.0040327
0.0037293
0.0256049
0.0663856
0.1099262
0.1412942
0.1571350
0.1666729
0.1823679
0.2081626
0.2378750
0.2638464
0.2831217
0.2967312
0.3099565
0.3334642
0.3754453
0.4290056
0.4738295
0.4946138
0.4942232
0.4870874
0.4841474
0.4852492
0.4809913
0.4602227
0.4198568
0.3687255
0.3194515
0.2776975
0.2417727
0.2084907
0.1739534
0.1327939
0.0844149
0.0379472
0.0037827
-0.0188950
-0.0404622
-0.0680687
-0.0990498
-0.1247783
-0.1369182
-0.1331219
-0.1210743
-0.1139976
-0.1185726
-0.1302976
-0.1420767
-0.1513154
-0.1565006
-0.1550763
-0.1495956
-0.1489470
-0.1577769
-0.1695333
-0.1738132
-0.1659808
-0.1479649
-0.1264699
-0.1126923
-0.1160994
-0.1341593
-0.1529248
-0.1601192
-0.1544356
-0.1434991
-0.1380231
-0.1449369
-0.1586560
-0.1620526
-0.1448884
-0.1188770
-0.1054251
-0.1108299
-0.1227268
-0.1282274
-0.1254711
-0.1191401
-0.1146674
-0.1168019
-0.1262898
-0.1379449
-0.1458697
-0.1473566
-0.1394889
-0.1202817
-0.0983391
-0.0914949
-0.1071878
-0.1312189
-0.1433912
-0.1380469
-0.1242846
-0.1143771
-0.1169277
-0.1317461
-0.1456680
-0.1424617
-0.1218676
-0.1004668
-0.0914172
-0.0936216
-0.1017743
-0.1134728
-0.1234627
-0.1246144
-0.1191941
-0.1179933
-0.1253284
-0.1344816
-0.1375540
-0.1296564
-0.1071694
-0.0751232
-0.0520161
-0.0516936
-0.0627468
-0.0597056
-0.0314660
0.0128618
0.0584486
0.0913898
0.1010989
0.0932768
0.0924813
0.1159712
0.1532130
0.1842999
0.2059396
0.2245728
0.2387851
0.2459369
0.2525490
0.2614757
0.2617121
0.2443524
0.2140003
0.1748320
0.1253023
0.0753420
0.0433881
0.0257776
-0.0029715
-0.0484984
-0.0856407
-0.0994448
-0.1034360
-0.1069833
-0.1019089
-0.0916514
-0.0925869
-0.0960991
-0.0726188
-0.0187144
0.0522517
0.1689864
0.3817438
0.6653829
0.9111205
1.0334067
1.0146213
0.8388587
0.4938801
0.0836302
-0.1793122
-0.1859717
