0.2070057
0.2523975
0.2338482
0.2108161
0.2042748
0.1911015
0.1640409
0.1397668
0.1166653
0.0747092
0.0171753
-0.0267854
-0.0426089
-0.0426684
-0.0398997
-0.0370415
-0.0394074
-0.0512935
-0.0604061
-0.0492141
-0.0207397
0.0083862
0.0408873
0.1070629
0.2379474
0.4380482
0.6750483
0.8818805
0.9792818
0.9200696
0.7184268
0.4322243
0.1226529
-0.1654085
-0.4014611
-0.5698552
-0.6723006
-0.7197371
-0.7223660
-0.6906686
-0.6375759
-0.5718395
-0.4953196
-0.4127681
-0.3375058
-0.2813772
-0.2446329
-0.2196361
-0.1983694
-0.1742175
-0.1452260
-0.1195612
-0.1095597
-0.1158167
-0.1238654
-0.1204884
-0.1077560
-0.0983113
-0.1016540
-0.1159945
-0.1284373
-0.1235087
-0.0978049
-0.0664362
-0.0494231
-0.0520082
-0.0628967
-0.0691457
-0.0662441
-0.0561675
-0.0438474
-0.0354748
-0.0333771
-0.0316523
-0.0215337
-0.0013522
0.0218001
0.0391301
0.0467253
0.0480310
0.0523173
0.0670383
0.0889840
0.1071772
0.1173077
0.1281792
0.1499992
0.1812808
0.2123407
0.2381429
0.2625525
0.2915523
0.3258294
0.3594944
0.3852752
0.4027637
0.4211323
0.4503190
0.4896933
0.5290260
0.5597296
0.5802622
0.5911570
0.5911634
0.5799805
0.5598316
0.5321204
0.4958080
0.4506425
0.3998371
0.3490738
0.3040430
0.2671048
0.2337719
0.1947772
0.1455584
0.0926111
0.0472654
0.0143878
-0.0101144
-0.0326374
-0.0560105
-0.0784683
-0.0950385
-0.1010249
-0.0969823
-0.0898018
-0.0874355
-0.0932649
-0.1052645
-0.1176183
-0.1230281
-0.1181953
-0.1092759
-0.1078700
-0.1183499
-0.1317242
-0.1349893
-0.1250928
-0.1116754
-0.1070159
-0.1142149
-0.1244491
-0.1261373
-0.1180106
-0.1115730
-0.1179444
-0.1337206
-0.1436665
-0.1370327
-0.1178026
-0.0991949
-0.0915986
-0.0957643
-0.1039337
-0.1064599
-0.0999120
-0.0901906
-0.0870339
-0.0953320
-0.1115080
-0.1262160
-0.1297899
-0.1184828
-0.0986462
-0.0832928
-0.0815305
-0.0912844
-0.1028866
-0.1080495
-0.1048759
-0.0976000
-0.0939918
-0.1003816
-0.1154886
-0.1293071
-0.1303975
-0.1156029
-0.0936455
-0.0798710
-0.0850986
-0.1056797
-0.1246412
-0.1267936
-0.1143141
-0.1045665
-0.1109558
-0.1282127
-0.1382779
-0.1293425
-0.1078144
-0.0920839
-0.0947838
-0.1107382
-0.1227808
-0.1196550
-0.1066557
-0.0981115
-0.1021682
-0.1148362
-0.1258220
-0.1265154
-0.1144655
-0.0951843
-0.0801024
-0.0786765
-0.0899142
-0.1024661
-0.1044247
-0.0938635
-0.0805441
-0.0768585
-0.0852313
-0.0938821
-0.0866520
-0.0578662
-0.0167719
0.0217540
0.0483646
0.0621421
0.0674767
0.0707408
0.0771336
0.0873487
0.0976730
0.1049274
0.1109654
0.1214265
0.1400796
0.1640746
0.1841365
0.1903958
0.1797460
0.1573177
0.1297631
0.0982646
0.0599777
0.0152805
-0.0289979
-0.0636905
-0.0833106
-0.0888531
-0.0865718
-0.0834065
-0.0815410
-0.0773711
-0.0668689
-0.0508620
-0.0322802
-0.0066441
0.0444530
0.1480907
0.3218602
0.5515829
0.7818831
0.9332419
0.9398306
0.7832882
0.5000055
0.1605852
-0.1625015
-0.4212424
-0.6018018
-0.7162429
-0.7843346
-0.8182938
-0.8186647
-0.7805092
-0.7038265
-0.6008501
-0.4939247
-0.4041074
-0.3400691
-0.2974064
-0.2670708
-0.2429076
-0.2229035
-0.2072030
-0.1963742
-0.1897801
-0.1844356
-0.1763025
-0.1634349
-0.1477688
-0.1340748
-0.1270999
-0.1282614
-0.1339929
-0.1383528
-0.1385426
-0.1372102
-0.1384737
-0.1426900
-0.1460747
-0.1442709
-0.1351360
-0.1194017
-0.1006173
-0.0842465
-0.0750887
-0.0742940
-0.0782247
-0.0803585
-0.0760722
-0.0673329
-0.0614166
-0.0620289
-0.0618641
-0.0476119
-0.0142362
0.0277801
0.0614342
0.0786797
0.0860894
0.0966090
0.1175930
0.1467406
0.1776547
0.2069749
0.2350980
0.2619785
0.2862719
0.3100696
0.3408878
0.3844893
0.4356149
0.4790621
0.5020236
0.5053899
0.5027987
0.5082429
0.5229662
0.5331776
0.5216250
0.4834323
0.4312930
0.3848453
0.3544862
0.3339753
0.3065416
0.2584944
0.1906832
0.1196494
0.0660691
0.0383244
0.0256223
0.0079813
-0.0255358
-0.0670011
-0.0969120
-0.1018207
-0.0865352
-0.0700752
-0.0696050
-0.0876172
-0.1128372
-0.1307119
-0.1328250
-0.1208061
-0.1058512
-0.1028627
-0.1189121
-0.1445231
-0.1591676
-0.1490610
-0.1202905
-0.0937744
-0.0872325
-0.1014998
-0.1224065
-0.1340682
-0.1306601
-0.1180967
-0.1075800
-0.1079840
-0.1207593
-0.1379341
-0.1456001
-0.1342716
-0.1088680
-0.0865915
-0.0820609
-0.0943547
-0.1093173
-0.1135911
-0.1056737
-0.0950315
-0.0925326
-0.1012229
-0.1142595
-0.1207955
-0.1145262
-0.0979066
-0.0796089
-0.0685353
-0.0687784
-0.0777526
-0.0882736
-0.0938663
-0.0937178
-0.0929298
-0.0975559
-0.1084721
-0.1190926
-0.1195659
-0.1055270
-0.0841556
-0.0700937
-0.0730747
-0.0892300
-0.1050486
-0.1092170
-0.1005458
-0.0870066
-0.0795899
-0.0853073
-0.1016384
-0.1162449
-0.1152885
-0.0958809
-0.0709345
-0.0593194
-0.0687236
-0.0879236
-0.0975860
-0.0896829
-0.0751854
-0.0717110
-0.0852429
-0.1058695
-0.1195491
-0.1200686
-0.1096776
-0.0934024
-0.0766352
-0.0658073
-0.0660559
-0.0761310
-0.0876426
-0.0919446
-0.0883480
-0.0843470
-0.0865065
-0.0914027
-0.0871169
-0.0645426
-0.0265982
0.0140133
0.0450766
0.0627354
0.0715547
0.0790534
0.0893393
0.0999548
0.1049965
0.1029784
0.1016145
0.1127873
0.1411526
0.1776562
0.2050282
0.2107968
0.1963640
0.1741475
0.1554203
0.1401915
0.1186842
0.0825515
0.0346946
-0.0110479
-0.0392975
-0.0439723
-0.0328112
-0.0216627
-0.0216170
-0.0296011
-0.0323128
-0.0204955
0.0022100
0.0279947
0.0645252
0.1438329
0.3042098
0.5526534
0.8377510
1.0613032
1.1276535
0.9969383
0.7040948
0.3338391
-0.0255063
-0.3177795
-0.5280623
-0.6688218
-0.7577837
-0.8025271
-0.7995862
-0.7453553
-0.6482790
-0.5315874
-0.4233785
-0.3414565
-0.2857219
-0.2445633
-0.2080940
-0.1750537
-0.1491586
-0.1327769
-0.1255342
-0.1258795
-0.1303236
-0.1316976
-0.1221361
-0.1006852
-0.0773344
-0.0665010
-0.0738198
-0.0892730
-0.0958279
-0.0868557
-0.0738672
-0.0743617
-0.0916652
-0.1091129
-0.1058521
-0.0777793
-0.0419294
-0.0206368
-0.0220413
-0.0354151
-0.0436998
-0.0391567
-0.0273219
-0.0184457
-0.0176779
-0.0227656
-0.0273893
-0.0244207
-0.0082991
0.0216369
0.0589621
0.0932669
0.1175308
0.1332290
0.1483899
0.1704202
0.1998799
0.2304553
0.2553643
0.2746906
0.2966915
0.3313148
0.3813255
0.4384663
0.4878857
0.5180402
0.5291387
0.5331543
0.5442237
0.5668734
0.5923036
0.6057437
0.5980082
0.5717841
0.5385718
0.5092723
0.4855904
0.4590221
0.4185464
0.3606057
0.2928242
0.2287252
0.1782655
0.1414918
0.1098051
0.0741017
0.0336455
-0.0023182
-0.0226417
-0.0250971
-0.0197256
-0.0213656
-0.0378115
-0.0636030
-0.0847483
-0.0908351
-0.0842660
-0.0779588
-0.0831927
-0.0990391
-0.1133542
-0.1139483
-0.0993480
-0.0799598
-0.0694630
-0.0742763
-0.0897639
-0.1052730
-0.1123561
-0.1092915
-0.1004104
-0.0929774
-0.0932517
-0.1020136
-0.1123525
-0.1136737
-0.1005085
-0.0783806
-0.0606077
-0.0583357
-0.0720571
-0.0912643
-0.1024103
-0.0991036
-0.0865265
-0.0764411
-0.0770245
-0.0862094
-0.0940262
-0.0917046
-0.0795836
-0.0667171
-0.0623855
-0.0677648
-0.0761949
-0.0812235
-0.0830531
-0.0866329
-0.0947295
-0.1041161
-0.1082098
-0.1027779
-0.0896552
-0.0758004
-0.0683773
-0.0696468
-0.0760999
-0.0824636
-0.0862725
-0.0886173
-0.0914784
-0.0954505
-0.0999097
-0.1039896
-0.1061161
-0.1029679
-0.0911916
-0.0724137
-0.0559505
-0.0530013
-0.0655260
-0.0822758
-0.0890827
-0.0837352
-0.0784309
-0.0861404
-0.1058870
-0.1232391
-0.1250748
-0.1123854
-0.0980438
-0.0931124
-0.0967875
-0.0998056
-0.0959742
-0.0886608
-0.0863562
-0.0936629
-0.1070051
-0.1174222
-0.1164409
-0.1008050
-0.0740233
-0.0439951
-0.0178616
0.0022414
0.0191129
0.0364915
0.0548989
0.0708672
0.0801772
0.0824865
0.0832207
0.0905016
0.1092673
0.1373807
0.1667009
0.1881306
0.1971471
0.1960439
0.1908907
0.1852901
0.1766403
0.1588190
0.1285896
0.0892927
0.0489868
0.0158526
-0.0054004
-0.0150789
-0.0181697
-0.0215658
-0.0291559
-0.0380330
-0.0402154
-0.0301648
-0.0112290
0.0081872
0.0292356
0.0745222
0.1804550
0.3688908
0.6183812
0.8601847
1.0064355
0.9937318
0.8146805
0.5185265
0.1821529
-0.1285532
-0.3818619
-0.5757634
-0.7158398
-0.7983413
-0.8136710
-0.7638465
-0.6725380
-0.5737776
-0.4890275
-0.4165866
-0.3445896
-0.2721872
-0.2143050
-0.1851937
-0.1808974
-0.1811784
-0.1683853
-0.1424343
-0.1172622
-0.1050165
-0.1055677
-0.1101784
-0.1119087
-0.1104419
-0.1086636
-0.1081767
-0.1090261
-0.1108752
-0.1117921
-0.1071497
-0.0932195
-0.0732039
-0.0576875
-0.0563466
-0.0682464
-0.0812463
-0.0824215
-0.0698742
-0.0542090
-0.0480369
-0.0538821
-0.0620209
-0.0592453
-0.0394719
-0.0075368
0.0249196
0.0472213
0.0563172
0.0585790
0.0649240
0.0821191
0.1075913
0.1330770
0.1539314
0.1745058
0.2034606
0.2436257
0.2876817
0.3251899
0.3535064
0.3799145
0.4122555
0.4491178
0.4810892
0.5011729
0.5122201
0.5239292
0.5438769
0.5715732
0.5991126
0.6157111
0.6126756
0.5874967
0.5458921
0.4993471
0.4575488
0.4208129
0.3804691
0.3287951
0.2691958
0.2151692
0.1779925
0.1557055
0.1348631
0.1030795
0.0599894
0.0169655
-0.0131166
-0.0266318
-0.0315354
-0.0397585
-0.0564763
-0.0757123
-0.0862492
-0.0825989
-0.0709133
-0.0638922
-0.0689638
-0.0811797
-0.0884555
-0.0842052
-0.0740926
-0.0698052
-0.0770738
-0.0907766
-0.1008339
-0.1009560
-0.0917873
-0.0783897
-0.0670671
-0.0634725
-0.0699831
-0.0824337
-0.0909330
-0.0877211
-0.0760308
-0.0689201
-0.0759232
-0.0906859
-0.0950643
-0.0778982
-0.0485774
-0.0294303
-0.0340605
-0.0545059
-0.0704111
-0.0697480
-0.0592964
-0.0551998
-0.0650162
-0.0802497
-0.0858014
-0.0750765
-0.0554460
-0.0405071
-0.0384121
-0.0467760
-0.0565582
-0.0600405
-0.0566470
-0.0529334
-0.0569394
-0.0708719
-0.0877668
-0.0954708
-0.0859243
-0.0629506
-0.0414631
-0.0368637
-0.0522672
-0.0750311
-0.0871233
-0.0809414
-0.0660761
-0.0603208
-0.0729423
-0.0956641
-0.1097693
-0.1027064
-0.0788048
-0.0547665
-0.0453466
-0.0528679
-0.0683656
-0.0804361
-0.0831268
-0.0783385
-0.0733011
-0.0750569
-0.0844795
-0.0941768
-0.0937812
-0.0798215
-0.0610012
-0.0519351
-0.0596409
-0.0761848
-0.0862264
-0.0825436
-0.0730003
-0.0712294
-0.0815126
-0.0945789
-0.0979606
-0.0883087
-0.0726566
-0.0595740
-0.0514998
-0.0453678
-0.0376789
-0.0266108
-0.0103245
0.0131182
0.0419032
0.0681434
0.0829734
0.0855975
0.0858675
0.0959672
0.1192813
0.1479173
0.1706274
0.1823010
0.1863662
0.1898028
0.1965455
0.2042735
0.2057614
0.1935166
0.1653038
0.1269804
0.0893843
0.0603302
0.0386053
0.0167434
-0.0094390
-0.0350610
-0.0512667
-0.0553258
-0.0534000
-0.0527308
-0.0533053
-0.0489529
-0.0343527
-0.0058673
0.0469585
0.1463743
0.3134481
0.5414790
0.7798454
0.9488900
0.9798447
0.8506252
0.5924785
0.2681431
-0.0578744
-0.3385692
-0.5497900
-0.6872987
-0.7600277
-0.7814932
-0.7628421
-0.7117846
-0.6368212
-0.5502515
-0.4649746
-0.3885626
-0.3225380
-0.2680917
-0.2298840
-0.2111496
-0.2057346
-0.1991979
-0.1810310
-0.1551176
-0.1356029
-0.1316789
-0.1377444
-0.1393988
-0.1282251
-0.1095517
-0.0960915
-0.0953217
-0.1032948
-0.1091393
-0.1040764
-0.0869776
-0.0640048
-0.0444890
-0.0356577
-0.0383578
-0.0463556
-0.0504985
-0.0451257
-0.0316721
-0.0167742
-0.0068570
-0.0034505
-0.0022096
0.0040363
0.0201484
0.0447858
0.0707758
0.0901022
0.1001099
0.1057808
0.1155988
0.1342015
0.1585455
0.1813758
0.1985864
0.2131874
0.2323850
0.2613228
0.2995509
0.3424723
0.3850595
0.4241140
0.4580832
0.4862069
0.5087069
0.5274523
0.5451801
0.5630397
0.5789520
0.5890627
0.5910683
0.5858003
0.5754020
0.5602821
0.5381216
0.5057410
0.4618868
0.4086778
0.3510236
0.2947275
0.2442300
0.2007722
0.1619854
0.1238840
0.0846272
0.0470919
0.0173756
-0.0000802
-0.0065653
-0.0088284
-0.0147894
-0.0284317
-0.0471444
-0.0634084
-0.0705560
-0.0689609
-0.0668507
-0.0732636
-0.0886360
-0.1028066
-0.1040437
-0.0908609
-0.0741187
-0.0666156
-0.0711675
-0.0799057
-0.0844649
-0.0844074
-0.0847262
-0.0876086
-0.0900004
-0.0892492
-0.0877040
-0.0892195
-0.0925158
-0.0912553
-0.0818136
-0.0691381
-0.0628660
-0.0676234
-0.0783503
-0.0855633
-0.0845202
-0.0789748
-0.0768064
-0.0825523
-0.0933144
-0.1007627
-0.0976415
-0.0841684
-0.0688292
-0.0616651
-0.0654710
-0.0738376
-0.0784780
-0.0777282
-0.0766553
-0.0796289
-0.0854056
-0.0905579
-0.0951825
-0.1017541
-0.1084117
-0.1074109
-0.0936909
-0.0739036
-0.0628978
-0.0691627
-0.0855269
-0.0966260
-0.0950569
-0.0879647
-0.0875490
-0.0975200
-0.1104644
-0.1168564
-0.1139237
-0.1055358
-0.0960882
-0.0867480
-0.0771153
-0.0683409
-0.0633844
-0.0646272
-0.0717387
-0.0815111
-0.0895246
-0.0928700
-0.0923712
-0.0918842
-0.0941417
-0.0970219
-0.0952173
-0.0865211
-0.0755365
-0.0696755
-0.0715693
-0.0767385
-0.0789816
-0.0765399
-0.0719373
-0.0672022
-0.0616988
-0.0547888
-0.0477882
-0.0408137
-0.0288061
-0.0042837
0.0339159
0.0759256
0.1071123
0.1196856
0.1178910
0.1128191
0.1138608
0.1246182
0.1434191
0.1645942
0.1802718
0.1849969
0.1809616
0.1770426
0.1797123
0.1843485
0.1774700
0.1491125
0.1027110
0.0522516
0.0104469
-0.0195507
-0.0422248
-0.0624241
-0.0809585
-0.0952211
-0.1014607
-0.0962840
-0.0781745
-0.0495487
-0.0170283
0.0131440
0.0442715
0.0969560
0.2052746
0.3945693
0.6487253
0.8927878
1.0173637
0.9417580
0.6724946
0.3052553
-0.0385531
-0.2895851
-0.4568951
-0.5869279
-0.7034121
-0.7875366
-0.8081461
-0.7601422
-0.6704354
-0.5737112
-0.4898448
-0.4222779
-0.3679515
-0.3225112
-0.2801680
-0.2370211
-0.1970619
-0.1704477
-0.1621825
-0.1644761
-0.1638482
-0.1551632
-0.1452027
-0.1421305
-0.1455276
-0.1493851
-0.1516097
-0.1552409
-0.1599721
-0.1577582
-0.1411729
-0.1148244
-0.0942885
-0.0920004
-0.1055378
-0.1205368
-0.1236993
-0.1123012
-0.0935221
-0.0777011
-0.0718011
-0.0754808
-0.0806938
-0.0763782
-0.0566932
-0.0261081
0.0040646
0.0245197
0.0336339
0.0362390
0.0395346
0.0502455
0.0718048
0.1004433
0.1252019
0.1368202
0.1392682
0.1497096
0.1829443
0.2357102
0.2892105
0.3277983
0.3524254
0.3744743
