0.0743585
0.0124277
0.0194292
0.0044717
-0.0491691
-0.0865368
-0.0923748
-0.1047128
-0.1311631
-0.1348834
-0.1050358
-0.0754987
-0.0691066
-0.0752832
-0.0846116
-0.1004967
-0.1162378
-0.1197632
-0.1197114
-0.1325638
-0.1485303
-0.1433270
-0.1194434
-0.1049365
-0.1142409
-0.1359663
-0.1550250
-0.1642108
-0.1598139
-0.1459174
-0.1360879
-0.1339812
-0.1225797
-0.0894496
-0.0507857
-0.0323082
-0.0364982
-0.0457269
-0.0491444
-0.0514687
-0.0620094
-0.0856220
-0.1167862
-0.1361886
-0.1252867
-0.0916736
-0.0669589
-0.0712894
-0.0920454
-0.1046487
-0.1015077
-0.0923973
-0.0877174
-0.0896804
-0.0921387
-0.0843445
-0.0620090
-0.0359750
-0.0220605
-0.0236386
-0.0329718
-0.0434259
-0.0429814
0.0034601
0.1432428
0.3914539
0.6970299
0.9556571
1.0618713
0.9679766
0.7136219
0.3995125
0.1186457
-0.0955582
-0.2591796
-0.3904124
-0.4834223
-0.5217752
-0.5028512
-0.4462522
-0.3827493
-0.3330723
-0.2943076
-0.2510347
-0.2011729
-0.1623767
-0.1488339
-0.1515413
-0.1496033
-0.1347393
-0.1168587
-0.1090522
-0.1129083
-0.1170039
-0.1080729
-0.0863216
-0.0680976
-0.0669033
-0.0731865
-0.0625358
-0.0255964
0.0190723
0.0454384
0.0468841
0.0399784
0.0464223
0.0728757
0.1048967
0.1209973
0.1160874
0.1085788
0.1195781
0.1484682
0.1755847
0.1863158
0.1851570
0.1870696
0.2016143
0.2257853
0.2481120
0.2601909
0.2663919
0.2792897
0.3029173
0.3248106
0.3283901
0.3093153
0.2760871
0.2389778
0.2028326
0.1674666
0.1311676
0.0957640
0.0693922
0.0600024
0.0645135
0.0694295
0.0647848
0.0533138
0.0437812
0.0395608
0.0362805
0.0277508
0.0128184
-0.0015924
-0.0054266
0.0027046
0.0103027
0.0029341
-0.0192244
-0.0421461
-0.0550204
-0.0613163
-0.0725024
-0.0953304
-0.1259492
-0.1531484
-0.1672945
-0.1688406
-0.1678917
-0.1739921
-0.1879304
-0.2040993
-0.2164468
-0.2195717
-0.2090699
-0.1856073
-0.1553121
-0.1217001
-0.0804272
-0.0272736
0.0303766
0.0752775
0.0949383
0.0934584
0.0888132
0.0972631
0.1178398
0.1329496
0.1276617
0.1072827
0.0910233
0.0889958
0.0919504
0.0850751
0.0654622
0.0422006
0.0233782
0.0074284
-0.0134323
-0.0431706
-0.0756236
-0.0989970
-0.1072848
-0.1050581
-0.0996827
-0.0929768
-0.0845966
-0.0797538
-0.0863594
-0.1040679
-0.1211922
-0.1244797
-0.1104792
-0.0876801
-0.0690522
-0.0614779
-0.0610230
-0.0594979
-0.0554719
-0.0554225
-0.0631989
-0.0731002
-0.0764282
-0.0712325
-0.0618569
-0.0514026
-0.0386166
-0.0214579
-0.0010093
0.0183907
0.0324747
0.0415358
0.0523521
0.0763889
0.1288917
0.2301054
0.3981837
0.6268399
0.8651663
1.0283991
1.0420974
0.8865237
0.6061422
0.2803016
-0.0198965
-0.2588625
-0.4344499
-0.5567087
-0.6306343
-0.6558051
-0.6346631
-0.5759358
-0.4924924
-0.3998609
-0.3146170
-0.2489484
-0.2055804
-0.1794265
-0.1633230
-0.1511804
-0.1385976
-0.1241889
-0.1098627
-0.0975702
-0.0861918
-0.0729863
-0.0574552
-0.0429062
-0.0345484
-0.0351688
-0.0407566
-0.0416901
-0.0321940
-0.0188162
-0.0151677
-0.0262581
-0.0408246
-0.0410526
-0.0184434
0.0199548
0.0580423
0.0824646
0.0912411
0.0936694
0.1017694
0.1210234
0.1483640
0.1766178
0.1995002
0.2151503
0.2284450
0.2489569
0.2831791
0.3278195
0.3713286
0.4009573
0.4083104
0.3922659
0.3604374
0.3256735
0.2962216
0.2684713
0.2319524
0.1824774
0.1293670
0.0891982
0.0718406
0.0711232
0.0689937
0.0507533
0.0174436
-0.0169159
-0.0392045
-0.0468992
-0.0465151
-0.0472185
-0.0559351
-0.0733820
-0.0920118
-0.1007856
-0.0950616
-0.0811868
-0.0704156
-0.0692656
-0.0757424
-0.0827412
-0.0841038
-0.0789647
-0.0718006
-0.0685329
-0.0724612
-0.0828513
-0.0949392
-0.1007184
-0.0932704
-0.0737192
-0.0527214
-0.0421801
-0.0453230
-0.0556455
-0.0639664
-0.0653552
-0.0616994
-0.0600457
-0.0665136
-0.0786988
-0.0849745
-0.0744129
-0.0478544
-0.0174727
0.0048068
0.0171456
0.0260323
0.0370480
0.0516870
0.0774438
0.1395696
0.2726639
0.4883536
0.7475014
0.9700553
1.0794548
1.0428368
0.8762860
0.6225939
0.3296264
0.0431462
-0.1946874
-0.3532915
-0.4258598
-0.4318466
-0.4021332
-0.3583168
-0.3062477
-0.2481473
-0.1952510
-0.1637287
-0.1595658
-0.1717544
-0.1815495
-0.1774777
-0.1625091
-0.1489344
-0.1460713
-0.1512806
-0.1529917
-0.1433038
-0.1267524
-0.1155627
-0.1170502
-0.1268098
-0.1338013
-0.1313691
-0.1234832
-0.1199049
-0.1243159
-0.1279636
-0.1171736
-0.0873447
-0.0477732
-0.0127887
0.0096995
0.0211851
0.0278656
0.0352368
0.0458490
0.0602656
0.0794954
0.1056182
0.1389505
0.1754968
0.2094494
0.2386986
0.2665449
0.2973673
0.3308393
0.3599503
0.3746105
0.3689194
0.3462719
0.3161700
0.2848455
0.2505226
0.2092535
0.1630883
0.1192303
0.0817182
0.0473710
0.0115781
-0.0232973
-0.0475471
-0.0537619
-0.0469370
-0.0426722
-0.0525826
-0.0720379
-0.0853789
-0.0836230
-0.0737464
-0.0688994
-0.0722407
-0.0733088
-0.0597168
-0.0306567
0.0011790
0.0208735
0.0263494
0.0351477
0.0777461
0.1824186
0.3603014
0.5956894
0.8442961
1.0431997
1.1321864
1.0767028
0.8798709
0.5795474
0.2349009
-0.0920417
-0.3543518
-0.5296386
-0.6164874
-0.6246011
-0.5701555
-0.4780242
-0.3808057
-0.3072146
-0.2668110
-0.2468467
-0.2280913
-0.2061092
-0.1946274
-0.2049095
-0.2248370
-0.2260580
-0.1947931
-0.1501047
-0.1257515
-0.1353414
-0.1605936
-0.1744876
-0.1705865
-0.1650177
-0.1716297
-0.1824694
-0.1781753
-0.1550931
-0.1336498
-0.1350202
-0.1538947
-0.1617464
-0.1376482
-0.0901064
-0.0453635
-0.0175732
0.0051510
0.0454006
0.1104932
0.1836566
0.2404139
0.2718571
0.2906806
0.3158307
0.3543531
0.3988902
0.4392279
0.4721547
0.4997804
0.5209539
0.5269164
0.5071045
0.4601311
0.3976783
0.3344880
0.2737731
0.2055881
0.1220197
0.0318776
-0.0435619
-0.0903379
-0.1153455
-0.1385605
-0.1722739
-0.2099533
-0.2370293
-0.2509476
-0.2657915
-0.2943079
-0.3290232
-0.3477197
-0.3391956
-0.3188531
-0.3143256
-0.3363561
-0.3672404
-0.3794690
-0.3641881
-0.3386641
-0.3248913
-0.3236906
-0.3144080
-0.2810338
-0.2340148
-0.2016542
-0.2009636
-0.2212421
-0.2373676
-0.2358492
-0.2249473
-0.2204903
-0.2258316
-0.2288850
-0.2182487
-0.1981274
-0.1839261
-0.1845122
-0.1930523
-0.1960866
-0.1875896
-0.1713785
-0.1524247
-0.1296194
-0.0959609
-0.0411281
0.0477106
0.1822675
0.3608868
0.5534424
0.7010224
0.7420635
0.6513650
0.4588176
0.2278656
0.0115835
-0.1741361
-0.3403504
-0.4955604
-0.6290615
-0.7197068
-0.7553279
-0.7411167
-0.6912156
-0.6167005
-0.5245879
-0.4261572
-0.3397995
-0.2811528
-0.2513811
-0.2381890
-0.2285377
-0.2183760
-0.2099713
-0.2028892
-0.1910057
-0.1694088
-0.1424321
-0.1215325
-0.1132792
-0.1112821
-0.1034728
-0.0873588
-0.0739447
-0.0739201
-0.0825999
-0.0828482
-0.0634923
-0.0318300
-0.0056713
0.0058940
0.0109071
0.0227091
0.0426280
0.0591616
0.0653941
0.0723053
0.0992590
0.1516169
0.2124389
0.2583257
0.2807755
0.2897194
0.2981893
0.3073976
0.3078701
0.2924796
0.2648497
0.2341802
0.2046809
0.1733947
0.1377289
0.1007372
0.0664861
0.0330011
-0.0058583
-0.0509085
-0.0927671
-0.1185730
-0.1236634
-0.1160648
-0.1091968
-0.1101909
-0.1156917
-0.1188996
-0.1188777
-0.1207766
-0.1273800
-0.1333753
-0.1296900
-0.1123777
-0.0860472
-0.0595666
-0.0400325
-0.0307024
-0.0325800
-0.0452126
-0.0641990
-0.0790430
-0.0776294
-0.0567579
-0.0282511
-0.0113752
-0.0166009
-0.0366743
-0.0544685
-0.0599550
-0.0593963
-0.0675673
-0.0908037
-0.1187993
-0.1349418
-0.1345500
-0.1299725
-0.1359424
-0.1525200
-0.1661724
-0.1667610
-0.1583418
-0.1503909
-0.1420812
-0.1219951
-0.0855253
-0.0461236
-0.0191207
0.0092280
0.0882818
0.2648260
0.5300661
0.8055420
0.9867171
1.0063377
0.8644001
0.6101936
0.3059688
0.0055284
-0.2481824
-0.4236444
-0.5085835
-0.5150463
-0.4702491
-0.3993735
-0.3175008
-0.2356341
-0.1671079
-0.1225071
-0.1005943
-0.0904418
-0.0841292
-0.0834962
-0.0921736
-0.1046236
-0.1084362
-0.0984598
-0.0849351
-0.0840171
-0.1006578
-0.1240771
-0.1411598
-0.1505681
-0.1594549
-0.1681790
-0.1654569
-0.1425499
-0.1079944
-0.0815841
-0.0729929
-0.0713421
-0.0591226
-0.0334370
-0.0081933
0.0054268
0.0153247
0.0399616
0.0846159
0.1326701
0.1641887
0.1788601
0.1941053
0.2214464
0.2527655
0.2745554
0.2905317
0.3210689
0.3775012
0.4423783
0.4814753
0.4758587
0.4380337
0.3946932
0.3577916
0.3179074
0.2645443
0.2048013
0.1566596
0.1275230
0.1064559
0.0786221
0.0421508
0.0075623
-0.0160948
-0.0295134
-0.0378058
-0.0420952
-0.0401970
-0.0336996
-0.0292089
-0.0304994
-0.0326012
-0.0271921
-0.0126135
0.0054316
0.0240756
0.0519359
0.1075075
0.2117780
0.3812725
0.6185679
0.8973114
1.1530821
1.2987426
1.2655760
1.0436785
0.6889664
0.2909618
-0.0708321
-0.3492141
-0.5248135
-0.5955347
-0.5760227
-0.4996709
-0.4080884
-0.3308572
-0.2745632
-0.2311429
-0.1941224
-0.1653473
-0.1492142
-0.1455248
-0.1497253
-0.1573419
-0.1648841
-0.1669719
-0.1568415
-0.1329396
-0.1036474
-0.0816566
-0.0724459
-0.0704022
-0.0672546
-0.0615677
-0.0569995
-0.0525698
-0.0392148
-0.0087862
0.0348534
0.0767846
0.1043133
0.1179392
0.1278385
0.1414108
0.1583479
0.1786671
0.2101489
0.2615895
0.3291033
0.3952811
0.4455231
0.4821539
0.5183385
0.5598901
0.5988609
0.6265812
0.6470058
0.6703051
0.6940712
0.6987621
0.6671374
0.6047562
0.5346536
0.4721186
0.4118743
0.3431428
0.2703579
0.2105398
0.1713910
0.1407059
0.1017264
0.0539357
0.0123616
-0.0123258
-0.0261628
-0.0417024
-0.0606996
-0.0733387
-0.0741258
-0.0719774
-0.0806501
-0.1026106
-0.1274871
-0.1455088
-0.1568389
-0.1656839
-0.1700986
-0.1632063
-0.1442760
-0.1240049
-0.1159170
-0.1237218
-0.1394475
-0.1537237
-0.1650144
-0.1768841
-0.1883461
-0.1913714
-0.1797013
-0.1573752
-0.1353754
-0.1206744
-0.1117877
-0.1053122
-0.1026955
-0.1068737
-0.1136554
-0.1116407
-0.0941028
-0.0693489
-0.0552460
-0.0621133
-0.0834236
-0.1048900
-0.1195441
-0.1297678
-0.1364532
-0.1336828
-0.1180726
-0.0982982
-0.0876644
-0.0869208
-0.0814659
-0.0595415
-0.0268188
0.0078921
0.0633455
0.1895901
0.4227167
0.7268968
0.9879839
1.0796899
0.9495670
0.6490026
0.2859726
-0.0486988
-0.3171841
-0.5183182
-0.6559028
-0.7285332
-0.7402489
-0.7072093
-0.6488432
-0.5769561
-0.4978554
-0.4217614
-0.3625682
-0.3258244
-0.3017468
-0.2750557
-0.2408368
-0.2071576
-0.1824519
-0.1647785
-0.1459001
-0.1230549
-0.1024156
-0.0905597
-0.0859421
-0.0812218
-0.0723990
-0.0624954
-0.0561386
-0.0538819
-0.0538508
-0.0562065
-0.0617963
-0.0666577
-0.0625442
-0.0460142
-0.0249404
-0.0121068
-0.0115873
-0.0138454
-0.0058628
0.0152960
0.0410348
0.0626333
0.0809628
0.1030605
0.1313976
0.1606276
0.1854540
0.2074289
0.2302355
0.2501466
0.2564712
0.2434832
0.2184133
0.1934750
0.1705607
0.1383464
0.0872978
0.0249720
-0.0284775
-0.0611687
-0.0817311
-0.1066777
-0.1372667
-0.1546920
-0.1409937
-0.1014000
-0.0615828
-0.0432554
-0.0463249
-0.0559941
-0.0629149
-0.0712444
-0.0873201
-0.1064180
-0.1159489
-0.1108721
-0.1007500
-0.0987182
-0.1062400
-0.1129415
-0.1112250
-0.1065207
-0.1100580
-0.1234507
-0.1346228
-0.1306477
-0.1126838
-0.0956206
-0.0927095
-0.1024871
-0.1122153
-0.1128839
-0.1081573
-0.1078263
-0.1145870
-0.1195812
-0.1111002
-0.0867665
-0.0571871
-0.0375886
-0.0330036
-0.0265872
0.0196018
0.1463978
0.3671473
0.6430705
0.8861702
0.9968696
0.9166861
0.6600757
0.3028211
-0.0618257
-0.3649816
-0.5764124
-0.6938572
-0.7276003
-0.6941054
-0.6160150
-0.5193355
-0.4258427
-0.3473175
-0.2871091
-0.2460588
-0.2251054
-0.2218713
-0.2269012
-0.2265198
-0.2118002
-0.1856623
-0.1609279
-0.1502106
-0.1560012
-0.1694871
-0.1789842
-0.1797969
-0.1759678
-0.1731726
-0.1717783
-0.1681471
-0.1614988
-0.1565557
-0.1578945
-0.1631625
-0.1645823
-0.1580873
-0.1491296
-0.1468295
-0.1518085
-0.1518717
-0.1320943
-0.0894931
-0.0365455
0.0101278
0.0435604
0.0688662
0.0941528
0.1219220
0.1501801
0.1795302
0.2151091
0.2589870
0.3017220
0.3253059
0.3178113
0.2852584
0.2467685
0.2165729
0.1916772
0.1585704
0.1113994
0.0611176
0.0252359
0.0097180
0.0033589
-0.0094655
-0.0327330
-0.0573475
-0.0741349
-0.0843017
-0.0952919
-0.1091922
-0.1194958
-0.1200608
-0.1140679
-0.1112489
-0.1170329
-0.1273643
-0.1352656
-0.1399839
-0.1463523
-0.1552077
-0.1584705
-0.1474500
-0.1251546
-0.1058621
-0.0997674
-0.1004579
-0.0920779
-0.0695567
-0.0470844
-0.0418340
-0.0507044
-0.0500910
-0.0229419
0.0193142
0.0530443
0.0855773
0.1729367
0.3765946
0.6897728
1.0078329
1.1837712
1.1274709
0.8624103
0.4945249
0.1311166
-0.1738075
-0.4118345
-0.5817081
-0.6722748
-0.6792766
-0.6238757
-0.5434537
-0.4643670
-0.3891957
-0.3112616
-0.2354442
-0.1791293
-0.1539592
-0.1524864
-0.1560780
-0.1536387
-0.1486847
-0.1482744
-0.1498314
-0.1431262
-0.1244384
-0.1042008
-0.0973739
-0.1069446
-0.1195979
-0.1190250
-0.1026751
-0.0840166
-0.0779773
-0.0849498
-0.0899953
-0.0778710
-0.0482589
-0.0158179
0.0044093
0.0110644
0.0163279
0.0330034
0.0628528
0.0975652
0.1296029
0.1600649
0.1953661
0.2380077
0.2830613
0.3239251
0.3589006
0.3895870
0.4136241
0.4226943
0.4104283
0.3814068
0.3492123
0.3236763
0.3009518
0.2680847
0.2176966
0.1567468
0.0999946
0.0560427
0.0215453
-0.0111516
-0.0431228
-0.0675289
-0.0785748
-0.0796826
-0.0812906
-0.0906685
-0.1048683
-0.1144551
-0.1142581
-0.1099715
-0.1133910
-0.1304114
-0.1535228
-0.1667903
-0.1593744
-0.1348475
-0.1070044
-0.0861496
-0.0699957
-0.0488845
-0.0191992
0.0116791
0.0375155
0.0710871
0.1459252
0.2928629
0.5077047
0.7387505
0.9082702
0.9531839
0.8545956
0.6377384
0.3502011
0.0407749
-0.2478533
-0.4783375
-0.6224441
-0.6712015
-0.6404777
-0.5627963
-0.4703361
-0.3832024
-0.3102909
-0.2560619
-0.2224295
-0.2048903
-0.1920721
-0.1742085
-0.1530266
-0.1407183
-0.1469498
-0.1674264
-0.1870770
-0.1947659
-0.1931880
-0.1930466
-0.1986340
-0.2016148
-0.1900895
-0.1624310
-0.1302116
-0.1071796
-0.0966447
-0.0904193
-0.0788154
-0.0595006
-0.0361624
-0.0108926
0.0189788
