-0.1446448
-0.1590604
-0.1422401
-0.1266229
-0.1191534
-0.1000178
-0.0657474
-0.0361828
-0.0219087
-0.0151493
-0.0117085
-0.0153248
-0.0195073
-0.0081863
0.0222961
0.0585875
0.0884642
0.1095571
0.1217939
0.1254235
0.1254256
0.1253500
0.1180089
0.0927689
0.0498225
-0.0014640
-0.0534445
-0.0996975
-0.1298648
-0.1381015
-0.1347648
-0.1384477
-0.1555400
-0.1743602
-0.1786781
-0.1613248
-0.1245382
-0.0691261
0.0178846
0.1611685
0.3703985
0.6092534
0.7998073
0.8689529
0.7936584
0.6045765
0.3562062
0.0979887
-0.1371604
-0.3317399
-0.4772198
-0.5684314
-0.6047530
-0.5949055
-0.5551657
-0.5009374
-0.4425444
-0.3881263
-0.3452579
-0.3184467
-0.3080484
-0.3108646
-0.3184567
-0.3177362
-0.3000182
-0.2698062
-0.2398518
-0.2181335
-0.2046685
-0.1997246
-0.2073657
-0.2276831
-0.2499098
-0.2577850
-0.2430020
-0.2138652
-0.1900708
-0.1859818
-0.1975136
-0.2075702
-0.2048013
-0.1933769
-0.1837776
-0.1799604
-0.1791150
-0.1788267
-0.1787216
-0.1774129
-0.1730393
-0.1665263
-0.1610736
-0.1583617
-0.1568448
-0.1533584
-0.1458803
-0.1359630
-0.1286081
-0.1277059
-0.1308648
-0.1302050
-0.1188053
-0.0962271
-0.0695813
-0.0503649
-0.0462867
-0.0513463
-0.0461585
-0.0147366
0.0373868
0.0852612
0.1055201
0.0931251
0.0594959
0.0209326
-0.0088077
-0.0211101
-0.0164717
-0.0082776
-0.0173494
-0.0546893
-0.1060121
-0.1381509
-0.1287588
-0.0910512
-0.0633185
-0.0709092
-0.1025525
-0.1265637
-0.1250732
-0.1073006
-0.0933332
-0.0928377
-0.1004313
-0.1053030
-0.1005115
-0.0847544
-0.0604644
-0.0335848
-0.0134816
-0.0077479
-0.0140230
-0.0197720
-0.0143418
-0.0003993
0.0101504
0.0108961
0.0074665
0.0091825
0.0185203
0.0307195
0.0407002
0.0475203
0.0528911
0.0573594
0.0588712
0.0555539
0.0497110
0.0473001
0.0520495
0.0612244
0.0687917
0.0719571
0.0731866
0.0767526
0.0849909
0.0974497
0.1121021
0.1269804
0.1407507
0.1517424
0.1581248
0.1617042
0.1707360
0.1942426
0.2310485
0.2675680
0.2901673
0.2989845
0.3069510
0.3253965
0.3528015
0.3782513
0.3943430
0.4049551
0.4198951
0.4432917
0.4693425
0.4891533
0.4982186
0.4953420
0.4782863
0.4461165
0.4054545
0.3689049
0.3443310
0.3277752
0.3092050
0.2845037
0.2605180
0.2485689
0.2534662
0.2684585
0.2806866
0.2826577
0.2811290
0.2983094
0.3648719
0.5047428
0.7144898
0.9501814
1.1386507
1.2133779
1.1502918
0.9754391
0.7412255
0.4942780
0.2601510
0.0504185
-0.1226616
-0.2423058
-0.2979595
-0.2968875
-0.2617179
-0.2156554
-0.1706625
-0.1283628
-0.0884406
-0.0541246
-0.0310573
-0.0226770
-0.0265352
-0.0346059
-0.0379149
-0.0320671
-0.0193823
-0.0068142
-0.0016812
-0.0069729
-0.0184485
-0.0270915
-0.0269163
-0.0209555
-0.0181994
-0.0240390
-0.0343157
-0.0389390
-0.0311516
-0.0137093
0.0035796
0.0128214
0.0148500
0.0167138
0.0228987
0.0308812
0.0358308
0.0374558
0.0403070
0.0484014
0.0615481
0.0768671
0.0923554
0.1081519
0.1245958
0.1398549
0.1506813
0.1562111
0.1599413
0.1662670
0.1753450
0.1831882
0.1872336
0.1904169
0.1990144
0.2168983
0.2415670
0.2647178
0.2771298
0.2749606
0.2622689
0.2466693
0.2318813
0.2147026
0.1893155
0.1544223
0.1164664
0.0858089
0.0684628
0.0603801
0.0503022
0.0294696
-0.0007965
-0.0305535
-0.0496396
-0.0556260
-0.0558568
-0.0621418
-0.0806067
-0.1041856
-0.1163492
-0.1056084
-0.0778773
-0.0533882
-0.0495358
-0.0655264
-0.0836748
-0.0865191
-0.0733830
-0.0598341
-0.0605038
-0.0734964
-0.0829565
-0.0760808
-0.0556409
-0.0360919
-0.0297772
-0.0375614
-0.0504634
-0.0580943
-0.0561712
-0.0483824
-0.0426796
-0.0453020
-0.0562110
-0.0683892
-0.0722607
-0.0637179
-0.0493103
-0.0415941
-0.0469798
-0.0587941
-0.0644919
-0.0596674
-0.0527889
-0.0550822
-0.0670355
-0.0766064
-0.0712131
-0.0507878
-0.0280059
-0.0154470
-0.0134903
-0.0114406
0.0008809
0.0244702
0.0526791
0.0777046
0.0944433
0.1012866
0.1008718
0.1000314
0.1061956
0.1217811
0.1419977
0.1588633
0.1677945
0.1700896
0.1685917
0.1614562
0.1418566
0.1049638
0.0545657
0.0017720
-0.0426320
-0.0745077
-0.0970038
-0.1169557
-0.1397703
-0.1649745
-0.1857119
-0.1944790
-0.1914771
-0.1870538
-0.1930107
-0.2074235
-0.2056088
-0.1486334
-0.0088283
0.2037236
0.4351007
0.6103749
0.6718549
0.6070656
0.4484685
0.2475901
0.0442735
-0.1461547
-0.3217664
-0.4750832
-0.5881359
-0.6458017
-0.6505452
-0.6212828
-0.5783039
-0.5311003
-0.4803985
-0.4286034
-0.3844790
-0.3564269
-0.3432275
-0.3343870
-0.3203544
-0.3006992
-0.2815251
-0.2672786
-0.2576679
-0.2512775
-0.2482379
-0.2478767
-0.2464383
-0.2403144
-0.2316095
-0.2279698
-0.2346000
-0.2464264
-0.2502696
-0.2369183
-0.2111354
-0.1882344
-0.1801468
-0.1856358
-0.1940858
-0.1968856
-0.1937755
-0.1896395
-0.1877539
-0.1867409
-0.1825461
-0.1721371
-0.1557344
-0.1368309
-0.1207510
-0.1121125
-0.1114223
-0.1131585
-0.1090452
-0.0958431
-0.0799390
-0.0718470
-0.0747126
-0.0791906
-0.0710763
-0.0443099
-0.0066179
0.0268406
0.0450416
0.0476844
0.0425601
0.0377532
0.0358007
0.0333004
0.0244443
0.0056181
-0.0209138
-0.0466693
-0.0620563
-0.0642301
-0.0601584
-0.0607056
-0.0711475
-0.0875878
-0.1021063
-0.1105739
-0.1156554
-0.1231670
-0.1358081
-0.1498517
-0.1574894
-0.1527718
-0.1363478
-0.1155948
-0.1002476
-0.0962496
-0.1016990
-0.1082650
-0.1079057
-0.0995823
-0.0897296
-0.0859282
-0.0896514
-0.0943825
-0.0905704
-0.0738481
-0.0503111
-0.0335683
-0.0341689
-0.0498604
-0.0664619
-0.0699890
-0.0592508
-0.0467117
-0.0462537
-0.0593550
-0.0734675
-0.0747360
-0.0622693
-0.0489205
-0.0478680
-0.0597150
-0.0734663
-0.0787459
-0.0753207
-0.0710772
-0.0725982
-0.0785365
-0.0811663
-0.0731242
-0.0526405
-0.0236408
0.0073988
0.0342125
0.0523618
0.0609890
0.0639238
0.0675998
0.0763137
0.0894289
0.1035839
0.1172001
0.1320751
0.1503573
0.1701689
0.1845206
0.1851401
0.1681645
0.1365837
0.0973921
0.0566255
0.0168780
-0.0215258
-0.0578441
-0.0889917
-0.1097316
-0.1156901
-0.1076882
-0.0931266
-0.0817092
-0.0786000
-0.0807858
-0.0779945
-0.0545084
0.0096668
0.1336203
0.3218729
0.5480359
0.7518871
0.8615990
0.8320754
0.6715341
0.4338679
0.1829776
-0.0408574
-0.2281520
-0.3838157
-0.5089162
-0.5964267
-0.6386331
-0.6346522
-0.5916474
-0.5220814
-0.4412380
-0.3650015
-0.3056249
-0.2667933
-0.2430487
-0.2255895
-0.2094059
-0.1952440
-0.1861937
-0.1840107
-0.1881879
-0.1961622
-0.2030999
-0.2028477
-0.1915539
-0.1716483
-0.1517893
-0.1413350
-0.1432644
-0.1518670
-0.1578462
-0.1563893
-0.1505093
-0.1467313
-0.1479830
-0.1507356
-0.1484901
-0.1379128
-0.1223560
-0.1097654
-0.1060728
-0.1092930
-0.1101849
-0.0999755
-0.0783937
-0.0541304
-0.0369718
-0.0291191
-0.0240855
-0.0139992
0.0024979
0.0201564
0.0343839
0.0467554
0.0620043
0.0807218
0.0975054
0.1070288
0.1103108
0.1136767
0.1222504
0.1356339
0.1494003
0.1588576
0.1603536
0.1504453
0.1269549
0.0928198
0.0576438
0.0320792
0.0185775
0.0085449
-0.0094268
-0.0379388
-0.0678775
-0.0871462
-0.0919525
-0.0897852
-0.0920793
-0.1040421
-0.1207034
-0.1319562
-0.1315890
-0.1227143
-0.1157530
-0.1208204
-0.1396722
-0.1627548
-0.1746830
-0.1657850
-0.1408441
-0.1163554
-0.1074666
-0.1162271
-0.1317879
-0.1412843
-0.1402524
-0.1335225
-0.1279366
-0.1254933
-0.1230695
-0.1168897
-0.1058079
-0.0910007
-0.0748256
-0.0610810
-0.0546387
-0.0582593
-0.0693373
-0.0813418
-0.0895035
-0.0945511
-0.1001630
-0.1071971
-0.1115246
-0.1081287
-0.0970044
-0.0842162
-0.0765848
-0.0753583
-0.0751991
-0.0689472
-0.0530634
-0.0294431
-0.0037684
0.0175095
0.0305029
0.0364747
0.0414116
0.0517329
0.0693818
0.0910645
0.1124755
0.1329595
0.1552241
0.1796829
0.1991121
0.2002406
0.1727729
0.1186473
0.0530703
-0.0043162
-0.0415677
-0.0609011
-0.0749271
-0.0955321
-0.1240318
-0.1507964
-0.1646972
-0.1635498
-0.1558136
-0.1525721
-0.1574315
-0.1615729
-0.1449618
-0.0819309
0.0484141
0.2469014
0.4813970
0.6898928
0.8060439
0.7939161
0.6655077
0.4661101
0.2413969
0.0163480
-0.1989640
-0.3912287
-0.5383775
-0.6230959
-0.6481431
-0.6347976
-0.6056520
-0.5698491
-0.5245951
-0.4682777
-0.4091306
-0.3604901
-0.3293704
-0.3112845
-0.2957861
-0.2758237
-0.2521063
-0.2305198
-0.2167264
-0.2122931
-0.2138148
-0.2147258
-0.2092381
-0.1970177
-0.1852330
-0.1843134
-0.1984071
-0.2185889
-0.2275395
-0.2141968
-0.1849926
-0.1594808
-0.1534825
-0.1659126
-0.1815004
-0.1853431
-0.1745409
-0.1572475
-0.1429549
-0.1349302
-0.1306234
-0.1264254
-0.1203785
-0.1115271
-0.0991815
-0.0837522
-0.0671206
-0.0510432
-0.0355638
-0.0198556
-0.0044408
0.0084770
0.0175944
0.0252915
0.0372055
0.0582788
0.0885984
0.1227234
0.1528807
0.1730595
0.1812855
0.1798828
0.1742319
0.1694300
0.1655376
0.1558530
0.1324542
0.0958645
0.0587234
0.0370268
0.0354135
0.0413171
0.0357389
0.0114825
-0.0193718
-0.0371333
-0.0340443
-0.0219519
-0.0206444
-0.0390843
-0.0678049
-0.0882168
-0.0884252
-0.0713244
-0.0500626
-0.0371404
-0.0366605
-0.0441927
-0.0518926
-0.0539688
-0.0495713
-0.0426885
-0.0393478
-0.0430094
-0.0508743
-0.0545448
-0.0456564
-0.0227667
0.0058604
0.0264246
0.0287620
0.0142562
-0.0044032
-0.0130942
-0.0083981
-0.0007341
-0.0043066
-0.0225940
-0.0437510
-0.0513833
-0.0405131
-0.0224993
-0.0137581
-0.0202775
-0.0340813
-0.0439793
-0.0472620
-0.0497194
-0.0563040
-0.0647921
-0.0688019
-0.0642747
-0.0509735
-0.0291172
0.0018922
0.0396984
0.0760066
0.1010631
0.1127594
0.1196674
0.1327383
0.1540746
0.1758951
0.1912057
0.2033216
0.2223971
0.2527844
0.2862379
0.3091254
0.3153507
0.3103095
0.3020676
0.2907952
0.2687971
0.2303728
0.1795715
0.1276957
0.0849006
0.0553039
0.0381883
0.0305429
0.0278168
0.0251498
0.0206421
0.0169348
0.0177426
0.0240856
0.0390690
0.0801854
0.1828503
0.3792976
0.6606002
0.9550587
1.1522392
1.1644478
0.9805341
0.6692539
0.3312813
0.0405039
-0.1816472
-0.3489664
-0.4762461
-0.5605530
-0.5885993
-0.5558213
-0.4768255
-0.3796572
-0.2914054
-0.2268834
-0.1863355
-0.1607498
-0.1398420
-0.1180858
-0.0963946
-0.0796583
-0.0721312
-0.0733686
-0.0773627
-0.0761929
-0.0661874
-0.0514351
-0.0406976
-0.0397671
-0.0462953
-0.0522157
-0.0515196
-0.0458256
-0.0423092
-0.0460662
-0.0544834
-0.0591833
-0.0535583
-0.0385317
-0.0213979
-0.0095579
-0.0051884
-0.0048608
-0.0031572
0.0034531
0.0152401
0.0303366
0.0465557
0.0624673
0.0777855
0.0936060
0.1121345
0.1351475
0.1617827
0.1877343
0.2073007
0.2173307
0.2201858
0.2229605
0.2325840
0.2500367
0.2689090
0.2806903
0.2826218
0.2802222
0.2810524
0.2855123
0.2845959
0.2680292
0.2350225
0.1960802
0.1631845
0.1384948
0.1139946
0.0825890
0.0480316
0.0221792
0.0125199
0.0139166
0.0134812
0.0028449
-0.0152481
-0.0317539
-0.0408288
-0.0438267
-0.0455184
-0.0488753
-0.0541545
-0.0608456
-0.0678569
-0.0718709
-0.0683115
-0.0562441
-0.0417591
-0.0341256
-0.0370803
-0.0443802
-0.0453393
-0.0355523
-0.0219027
-0.0161841
-0.0231531
-0.0348292
-0.0370756
-0.0225953
0.0017962
0.0204729
0.0221825
0.0093370
-0.0048447
-0.0086386
-0.0021262
0.0041815
0.0008352
-0.0105676
-0.0188674
-0.0143366
0.0022925
0.0214653
0.0345348
0.0416500
0.0511568
0.0726083
0.1100447
0.1596083
0.2110898
0.2519706
0.2734583
0.2764542
0.2723595
0.2754652
0.2917454
0.3145591
0.3323292
0.3407584
0.3465354
0.3581355
0.3734166
0.3778409
0.3564420
0.3081616
0.2481252
0.1951977
0.1567425
0.1249821
0.0875490
0.0411602
-0.0046007
-0.0358361
-0.0460852
-0.0406858
-0.0316206
-0.0289731
-0.0347738
-0.0389682
-0.0158505
0.0738956
0.2660109
0.5612780
0.9010930
1.1779612
1.2864979
1.1837440
0.9125348
0.5684862
0.2385706
-0.0380269
-0.2610737
-0.4340052
-0.5446478
-0.5794228
-0.5480427
-0.4853370
-0.4258526
-0.3794826
-0.3346951
-0.2833628
-0.2367398
-0.2139705
-0.2178143
-0.2275302
-0.2185603
-0.1872637
-0.1533340
-0.1382826
-0.1444807
-0.1562339
-0.1583608
-0.1502465
-0.1422646
-0.1425039
-0.1495676
-0.1563284
-0.1568285
-0.1488986
-0.1336975
-0.1161022
-0.1043149
-0.1046239
-0.1142292
-0.1214716
-0.1165762
-0.1024508
-0.0922958
-0.0950380
-0.1046046
-0.1056937
-0.0899578
-0.0645979
-0.0443162
-0.0363471
-0.0348246
-0.0287631
-0.0130240
0.0091416
0.0318050
0.0518778
0.0694860
0.0858655
0.1025559
0.1212029
0.1418579
0.1614082
0.1756112
0.1837254
0.1898079
0.1974889
0.2034526
0.1982041
0.1753474
0.1402514
0.1080661
0.0915780
0.0900845
0.0898369
0.0757006
0.0437747
0.0045134
-0.0258467
-0.0384553
-0.0388068
-0.0412339
-0.0550613
-0.0749019
-0.0851966
-0.0758678
-0.0538967
-0.0382653
-0.0422463
-0.0607288
-0.0757557
-0.0746131
-0.0617743
-0.0528946
-0.0580478
-0.0717563
-0.0789801
-0.0697268
-0.0478440
-0.0269925
-0.0189236
-0.0244954
-0.0340281
-0.0358596
-0.0261233
-0.0119749
-0.0053376
-0.0120399
-0.0258842
-0.0335666
-0.0265050
-0.0086919
0.0068615
0.0095997
-0.0000398
-0.0124064
-0.0180119
-0.0154803
-0.0116522
-0.0148251
-0.0272451
-0.0427781
-0.0515127
-0.0477831
-0.0350366
-0.0230209
-0.0194265
-0.0237246
-0.0292492
-0.0312550
-0.0322172
-0.0384704
-0.0518204
-0.0654994
-0.0691954
-0.0580392
-0.0363419
-0.0126963
0.0081185
0.0284874
0.0540067
0.0865733
0.1209401
0.1476873
0.1602178
0.1602259
0.1571725
0.1619182
0.1794181
0.2061615
0.2338448
0.2553804
0.2679606
0.2716350
0.2664170
0.2514637
0.2265251
0.1931793
0.1543738
0.1133621
0.0734561
0.0380442
0.0095299
-0.0121566
-0.0290411
-0.0420277
-0.0486810
-0.0457823
-0.0351265
-0.0248508
-0.0201085
-0.0078644
0.0485930
0.1922883
0.4374367
0.7414854
1.0108245
1.1440419
1.0864307
0.8580057
0.5361939
0.2085017
-0.0691114
-0.2820028
-0.4374460
-0.5404130
-0.5863570
-0.5724185
-0.5110026
-0.4298501
-0.3575300
-0.3074605
-0.2744944
-0.2460900
-0.2168002
-0.1925495
-0.1817917
-0.1838250
-0.1871845
-0.1802903
-0.1632720
-0.1481303
-0.1464053
-0.1568358
-0.1658958
-0.1609791
-0.1430938
-0.1264717
-0.1254857
-0.1413325
-0.1606653
