-0.3852732
-0.4733735
-0.2847963
-0.1906115
-0.2639663
-0.2973963
-0.2228410
-0.1780300
-0.2143079
-0.2324361
-0.1994315
-0.1914463
-0.2186313
-0.2053285
-0.1484526
-0.1276925
-0.1571516
-0.1711180
-0.1520413
-0.1446955
-0.1537864
-0.1431714
-0.1229821
-0.1332237
-0.1574019
-0.1458727
-0.1054054
-0.0825742
-0.0822043
-0.0770150
-0.0695731
-0.0752482
-0.0743493
-0.0452369
-0.0139066
-0.0137526
-0.0284900
-0.0245076
-0.0041738
0.0171808
0.0479345
0.0918299
0.1224157
0.1248111
0.1259394
0.1506915
0.1855263
0.2122716
0.2381206
0.2681495
0.2885852
0.2992566
0.3238487
0.3697807
0.4148928
0.4465033
0.4758067
0.5047567
0.5181635
0.5167325
0.5199603
0.5297278
0.5261056
0.5023781
0.4713278
0.4378180
0.3971455
0.3559288
0.3227046
0.2848255
0.2262483
0.1596744
0.1105559
0.0792152
0.0477614
0.0127030
-0.0175275
-0.0449393
-0.0749568
-0.0990270
-0.1074595
-0.1068773
-0.1063597
-0.1027793
-0.0964276
-0.1007069
-0.1187996
-0.1318831
-0.1280508
-0.1223952
-0.1319773
-0.1502834
-0.1606082
-0.1564997
-0.1390563
-0.1137525
-0.0972878
-0.1058587
-0.1297542
-0.1408672
-0.1303147
-0.1171934
-0.1172429
-0.1254708
-0.1324706
-0.1357225
-0.1321587
-0.1196794
-0.1070488
-0.1045625
-0.1074360
-0.1055298
-0.1031028
-0.1097377
-0.1190447
-0.1171176
-0.1062464
-0.1009398
-0.1056273
-0.1124343
-0.1143036
-0.1068246
-0.0870534
-0.0638797
-0.0576394
-0.0753063
-0.0974841
-0.1027058
-0.0928701
-0.0837796
-0.0838239
-0.0924519
-0.1058833
-0.1142372
-0.1062792
-0.0857456
-0.0705927
-0.0704443
-0.0781073
-0.0860702
-0.0946893
-0.1008088
-0.0966415
-0.0855015
-0.0823432
-0.0929534
-0.1056745
-0.1067776
-0.0926805
-0.0679952
-0.0441620
-0.0370132
-0.0512973
-0.0701129
-0.0729865
-0.0608014
-0.0505409
-0.0512507
-0.0580159
-0.0622899
-0.0540600
-0.0215028
0.0354239
0.0953715
0.1329506
0.1430919
0.1404848
0.1415541
0.1539021
0.1742529
0.1892536
0.1878978
0.1794491
0.1876376
0.2205022
0.2579795
0.2759193
0.2701345
0.2505776
0.2251854
0.1975831
0.1695836
0.1379309
0.0962223
0.0446343
-0.0083319
-0.0533712
-0.0821192
-0.0863651
-0.0686013
-0.0498181
-0.0511601
-0.0678454
-0.0745696
-0.0559550
-0.0179332
0.0320077
0.1042243
0.2235341
0.4089084
0.6473227
0.8770268
1.0055056
0.9630771
0.7469705
0.4155810
0.0491666
-0.2825635
-0.5362495
-0.7028101
-0.8010099
-0.8532258
-0.8664778
-0.8375535
-0.7677862
-0.6679307
-0.5564043
-0.4560573
-0.3826121
-0.3316312
-0.2860915
-0.2402622
-0.2061988
-0.1939344
-0.1967769
-0.2006451
-0.1978328
-0.1873185
-0.1706739
-0.1522025
-0.1369486
-0.1267162
-0.1223640
-0.1266618
-0.1375090
-0.1432442
-0.1351639
-0.1211249
-0.1157425
-0.1197823
-0.1199563
-0.1070819
-0.0847401
-0.0620942
-0.0469901
-0.0437471
-0.0493737
-0.0535450
-0.0483780
-0.0360304
-0.0234555
-0.0148882
-0.0120299
-0.0132029
-0.0082504
0.0156855
0.0565823
0.0942578
0.1118802
0.1142897
0.1194731
0.1383245
0.1674107
0.1953754
0.2126748
0.2208241
0.2342315
0.2667671
0.3156070
0.3647658
0.4036883
0.4342163
0.4606062
0.4830637
0.5021371
0.5203461
0.5375384
0.5509971
0.5599559
0.5643221
0.5611834
0.5488130
0.5306924
0.5086039
0.4759633
0.4263873
0.3657998
0.3079278
0.2596246
0.2166974
0.1717664
0.1216980
0.0711233
0.0323554
0.0160934
0.0175779
0.0177560
0.0028579
-0.0225170
-0.0449744
-0.0579923
-0.0643240
-0.0701048
-0.0810742
-0.0983042
-0.1136533
-0.1152814
-0.1012904
-0.0833038
-0.0747565
-0.0799834
-0.0940958
-0.1072230
-0.1098899
-0.1020091
-0.0964251
-0.1058694
-0.1261026
-0.1388929
-0.1318722
-0.1098125
-0.0877286
-0.0788001
-0.0866680
-0.1025172
-0.1111150
-0.1058502
-0.0964203
-0.0969852
-0.1094661
-0.1228900
-0.1253314
-0.1121175
-0.0874258
-0.0635731
-0.0542520
-0.0622029
-0.0759729
-0.0824870
-0.0796300
-0.0745820
-0.0750685
-0.0843497
-0.0984701
-0.1058422
-0.0965072
-0.0754685
-0.0606930
-0.0640353
-0.0789133
-0.0895105
-0.0877073
-0.0792199
-0.0770863
-0.0893900
-0.1092076
-0.1180110
-0.1045429
-0.0787973
-0.0612525
-0.0602051
-0.0666425
-0.0695737
-0.0681576
-0.0684726
-0.0751799
-0.0874645
-0.0987868
-0.1008590
-0.0912808
-0.0761064
-0.0629504
-0.0550420
-0.0538102
-0.0607502
-0.0719845
-0.0771733
-0.0706186
-0.0597918
-0.0569530
-0.0645839
-0.0730585
-0.0703227
-0.0515772
-0.0228371
0.0034374
0.0203468
0.0350539
0.0599509
0.0945349
0.1229105
0.1320689
0.1272197
0.1262678
0.1429755
0.1764344
0.2126107
0.2356591
0.2420588
0.2436622
0.2529310
0.2666778
0.2694131
0.2512699
0.2173270
0.1807320
0.1518418
0.1322062
0.1134052
0.0831033
0.0378081
-0.0108779
-0.0466447
-0.0638602
-0.0697011
-0.0737202
-0.0788553
-0.0802720
-0.0698445
-0.0433276
-0.0029180
0.0528834
0.1423663
0.2925563
0.5071041
0.7417455
0.9164677
0.9565514
0.8315252
0.5694075
0.2407796
-0.0782731
-0.3408517
-0.5377252
-0.6797888
-0.7769971
-0.8302729
-0.8349307
-0.7897662
-0.7068196
-0.6111986
-0.5252774
-0.4528322
-0.3837970
-0.3139364
-0.2535660
-0.2160228
-0.2027213
-0.2013489
-0.1963394
-0.1814470
-0.1642573
-0.1571305
-0.1622331
-0.1684193
-0.1644640
-0.1506283
-0.1342795
-0.1198789
-0.1084428
-0.1020010
-0.1016649
-0.1031293
-0.0996924
-0.0897973
-0.0789826
-0.0748535
-0.0803714
-0.0894406
-0.0891904
-0.0711502
-0.0415472
-0.0167443
-0.0074857
-0.0109640
-0.0175614
-0.0197619
-0.0141616
-0.0012128
0.0144955
0.0280620
0.0403353
0.0570407
0.0812510
0.1097739
0.1367541
0.1576874
0.1709857
0.1796369
0.1907824
0.2100109
0.2363676
0.2652639
0.2945133
0.3250212
0.3581031
0.3948487
0.4348892
0.4727152
0.4992901
0.5118879
0.5191963
0.5316405
0.5482610
0.5572068
0.5483833
0.5232416
0.4933093
0.4701908
0.4546728
0.4346558
0.3964417
0.3387640
0.2732789
0.2123369
0.1607716
0.1186060
0.0847089
0.0556844
0.0270162
-0.0011182
-0.0225247
-0.0321557
-0.0327096
-0.0328835
-0.0401972
-0.0547671
-0.0684620
-0.0722523
-0.0671006
-0.0649267
-0.0749592
-0.0917189
-0.1012879
-0.0976094
-0.0875197
-0.0807220
-0.0799122
-0.0812770
-0.0810284
-0.0799951
-0.0824226
-0.0898505
-0.0970432
-0.0972709
-0.0916073
-0.0880633
-0.0899988
-0.0908777
-0.0838344
-0.0718914
-0.0644036
-0.0660747
-0.0729521
-0.0774220
-0.0748135
-0.0669700
-0.0612298
-0.0643880
-0.0763125
-0.0899825
-0.0969857
-0.0920170
-0.0753872
-0.0554317
-0.0459173
-0.0545430
-0.0733881
-0.0855293
-0.0821609
-0.0700604
-0.0625586
-0.0668930
-0.0800698
-0.0928210
-0.0965240
-0.0891031
-0.0757664
-0.0639440
-0.0583524
-0.0603506
-0.0681874
-0.0762662
-0.0783521
-0.0746724
-0.0727076
-0.0778455
-0.0860854
-0.0890691
-0.0837687
-0.0742665
-0.0664154
-0.0638028
-0.0670326
-0.0737485
-0.0796482
-0.0810097
-0.0766147
-0.0686035
-0.0631178
-0.0675358
-0.0823159
-0.0961811
-0.0946956
-0.0751335
-0.0495222
-0.0321575
-0.0267677
-0.0254670
-0.0165115
0.0069362
0.0414292
0.0749898
0.0967267
0.1060754
0.1120340
0.1244296
0.1470788
0.1768249
0.2059163
0.2265913
0.2366606
0.2407742
0.2449558
0.2506155
0.2539497
0.2486182
0.2288027
0.1939895
0.1526136
0.1165409
0.0887770
0.0602638
0.0224039
-0.0203833
-0.0548460
-0.0738517
-0.0828175
-0.0909261
-0.0991099
-0.0994410
-0.0870208
-0.0695067
-0.0580450
-0.0442791
0.0086412
0.1412340
0.3568686
0.6042828
0.8003551
0.8731780
0.7948290
0.5880168
0.3077493
0.0111754
-0.2640714
-0.5000720
-0.6854359
-0.8079567
-0.8602146
-0.8482046
-0.7917998
-0.7158598
-0.6385314
-0.5653855
-0.4940328
-0.4237933
-0.3595090
-0.3073409
-0.2710025
-0.2522231
-0.2492529
-0.2522162
-0.2453287
-0.2196956
-0.1832530
-0.1547055
-0.1472701
-0.1585154
-0.1737448
-0.1779963
-0.1673331
-0.1510894
-0.1426699
-0.1471101
-0.1574786
-0.1620910
-0.1535368
-0.1324497
-0.1063769
-0.0854349
-0.0760585
-0.0772678
-0.0828865
-0.0859916
-0.0809167
-0.0652933
-0.0443272
-0.0301486
-0.0306932
-0.0387095
-0.0364364
-0.0131898
0.0235954
0.0554658
0.0697860
0.0700156
0.0712502
0.0860459
0.1139249
0.1443286
0.1682740
0.1849813
0.1987226
0.2143353
0.2372359
0.2726916
0.3204066
0.3710483
0.4114091
0.4341168
0.4430996
0.4509939
0.4698130
0.5001292
0.5285726
0.5394148
0.5302522
0.5139166
0.5038281
0.4998280
0.4896025
0.4618148
0.4162527
0.3625082
0.3105433
0.2630248
0.2166335
0.1693042
0.1234127
0.0817744
0.0446276
0.0129501
-0.0090084
-0.0187524
-0.0212517
-0.0255269
-0.0359784
-0.0497933
-0.0619037
-0.0696424
-0.0734369
-0.0761951
-0.0821393
-0.0934924
-0.1070406
-0.1150345
-0.1109317
-0.0955699
-0.0782921
-0.0704003
-0.0752086
-0.0850492
-0.0900474
-0.0887003
-0.0870312
-0.0889437
-0.0922459
-0.0942678
-0.0958916
-0.0974717
-0.0948970
-0.0839554
-0.0677205
-0.0565610
-0.0594234
-0.0747981
-0.0904990
-0.0939738
-0.0843684
-0.0735394
-0.0736593
-0.0846459
-0.0950875
-0.0942641
-0.0816769
-0.0661937
-0.0578776
-0.0597430
-0.0658297
-0.0680545
-0.0656665
-0.0660877
-0.0752637
-0.0896611
-0.1000196
-0.1011010
-0.0951710
-0.0872225
-0.0798176
-0.0729843
-0.0672941
-0.0654178
-0.0695099
-0.0768238
-0.0801683
-0.0755898
-0.0687723
-0.0701499
-0.0827988
-0.0978956
-0.1033351
-0.0950040
-0.0791358
-0.0659606
-0.0620721
-0.0668752
-0.0744241
-0.0786442
-0.0773018
-0.0718718
-0.0656198
-0.0625367
-0.0653057
-0.0714269
-0.0728039
-0.0624969
-0.0420077
-0.0197632
-0.0022682
0.0118554
0.0292986
0.0546408
0.0849667
0.1111892
0.1259115
0.1310689
0.1368773
0.1525435
0.1790437
0.2108522
0.2418490
0.2678211
0.2855162
0.2924784
0.2883893
0.2756010
0.2576403
0.2361619
0.2086012
0.1703984
0.1219640
0.0726661
0.0346530
0.0118530
-0.0029347
-0.0196123
-0.0412210
-0.0625487
-0.0755512
-0.0753832
-0.0635143
-0.0465284
-0.0299792
-0.0098241
0.0324332
0.1246310
0.2866416
0.5074767
0.7340504
0.8878959
0.9049245
0.7696904
0.5183233
0.2125791
-0.0906416
-0.3548021
-0.5630839
-0.7108488
-0.7993105
-0.8331334
-0.8201887
-0.7708108
-0.6966774
-0.6106353
-0.5257714
-0.4514327
-0.3895286
-0.3369062
-0.2920272
-0.2574083
-0.2350099
-0.2215505
-0.2099121
-0.1944188
-0.1746725
-0.1557301
-0.1444978
-0.1436403
-0.1479782
-0.1485906
-0.1419976
-0.1345822
-0.1363871
-0.1497039
-0.1639537
-0.1634392
-0.1424488
-0.1128731
-0.0943352
-0.0953948
-0.1063071
-0.1112489
-0.1046162
-0.0927980
-0.0831461
-0.0764874
-0.0703727
-0.0643498
-0.0585278
-0.0490477
-0.0295479
0.0006380
0.0315990
0.0500800
0.0533781
0.0535536
0.0647291
0.0874844
0.1096621
0.1225263
0.1316774
0.1499318
0.1826318
0.2230582
0.2608005
0.2915708
0.3187174
0.3474091
0.3788436
0.4098489
0.4368428
0.4589938
0.4778333
0.4955757
0.5144285
0.5354214
0.5559068
0.5692466
0.5690074
0.5533856
0.5247905
0.4864604
0.4410628
0.3911415
0.3383087
0.2823870
0.2240137
0.1687283
0.1260161
0.1016083
0.0900838
0.0766876
0.0493568
0.0107653
-0.0230204
-0.0388271
-0.0413853
-0.0489410
-0.0723447
-0.1010115
-0.1126941
-0.0971918
-0.0686145
-0.0532063
-0.0648162
-0.0922116
-0.1108724
-0.1076377
-0.0930817
-0.0889985
-0.1049568
-0.1288982
-0.1400335
-0.1286824
-0.1034615
-0.0817157
-0.0746314
-0.0804581
-0.0897089
-0.0951490
-0.0965179
-0.0974506
-0.1006438
-0.1064251
-0.1130245
-0.1159849
-0.1094305
-0.0917290
-0.0704107
-0.0585813
-0.0639118
-0.0808192
-0.0945055
-0.0941224
-0.0830126
-0.0755717
-0.0826144
-0.0995559
-0.1101733
-0.1024670
-0.0801094
-0.0585575
-0.0513730
-0.0601690
-0.0753770
-0.0851490
-0.0848466
-0.0800260
-0.0805340
-0.0906345
-0.1040711
-0.1088495
-0.0979480
-0.0768791
-0.0607835
-0.0618251
-0.0775186
-0.0925058
-0.0939323
-0.0847268
-0.0797371
-0.0888030
-0.1058406
-0.1155924
-0.1096049
-0.0939400
-0.0815410
-0.0788112
-0.0810422
-0.0803975
-0.0757604
-0.0726852
-0.0750190
-0.0798005
-0.0806514
-0.0726556
-0.0521133
-0.0153619
0.0366263
0.0919080
0.1307499
0.1403669
0.1278321
0.1160104
0.1237904
0.1496699
0.1762096
0.1908546
0.1996685
0.2181084
0.2500020
0.2798860
0.2876338
0.2683857
0.2360931
0.2082494
0.1885572
0.1643610
0.1203061
0.0550445
-0.0140999
-0.0626609
-0.0772487
-0.0658831
-0.0521701
-0.0568695
-0.0804001
-0.1016692
-0.0972351
-0.0648740
-0.0263690
-0.0016021
0.0226823
0.0944896
0.2584577
0.5071228
0.7656006
0.9282628
0.9217983
0.7458038
0.4617884
0.1463013
-0.1490481
-0.4030997
-0.6062466
-0.7466701
-0.8163843
-0.8244737
-0.7963657
-0.7554350
-0.7056475
-0.6353477
-0.5394574
-0.4352996
-0.3527537
-0.3081436
-0.2901244
-0.2726582
-0.2407248
-0.2022188
-0.1760144
-0.1710677
-0.1784413
-0.1824058
-0.1766148
-0.1678858
-0.1655363
-0.1700191
-0.1732369
-0.1682050
-0.1562701
-0.1450344
-0.1406959
-0.1427405
-0.1452418
-0.1429619
-0.1366088
-0.1322836
-0.1352666
-0.1437683
-0.1487215
-0.1405513
-0.1178203
-0.0903722
-0.0729817
-0.0733768
-0.0850323
-0.0924953
-0.0851538
-0.0661048
-0.0472868
-0.0362133
-0.0281648
-0.0117342
0.0182553
0.0541181
0.0822943
0.0969029
0.1053608
0.1200062
0.1452720
0.1746946
0.2002800
0.2226164
0.2499920
0.2878224
0.3306270
0.3659867
0.3868008
0.3986515
0.4136901
0.4371558
0.4613956
0.4743066
0.4727378
0.4655221
0.4625203
0.4619760
0.4506698
0.4174620
0.3658618
0.3115790
0.2670144
0.2294100
0.1859362
0.1301782
0.0715293
0.0270528
0.0049334
-0.0028100
-0.0117196
-0.0305683
-0.0557653
-0.0781574
-0.0931922
-0.1039393
-0.1157928
-0.1301900
-0.1436001
-0.1510040
-0.1495625
-0.1404600
-0.1290555
-0.1225125
-0.1245193
-0.1311008
-0.1335591
-0.1280528
-0.1219014
-0.1273296
-0.1468337
-0.1664132
-0.1672525
-0.1459300
-0.1206320
-0.1137663
-0.1282815
-0.1445641
-0.1428841
-0.1265052
-0.1183674
-0.1340727
-0.1617712
-0.1727212
-0.1519209
-0.1152182
-0.0937620
-0.1024340
-0.1261841
-0.1381586
-0.1288770
-0.1147279
-0.1177468
-0.1398478
-0.1595818
-0.1544031
-0.1244565
-0.0931452
-0.0844575
-0.1006162
-0.1222067
-0.1292570
-0.1208819
-0.1139589
-0.1235669
-0.1460258
-0.1616496
-0.1539711
-0.1261405
-0.0985789
-0.0904499
-0.1028822
-0.1196837
-0.1241562
-0.1152560
-0.1074739
-0.1150591
-0.1365495
-0.1550088
