0.3755917
0.6333181
0.8847417
1.0459065
1.0461985
0.8655765
0.5474880
0.1785735
-0.1512738
-0.3835104
-0.5025831
-0.5251032
-0.4806915
-0.3986353
-0.3041776
-0.2186855
-0.1573131
-0.1244881
-0.1130258
-0.1105372
-0.1092483
-0.1106698
-0.1205262
-0.1389161
-0.1562428
-0.1603397
-0.1485048
-0.1318593
-0.1261927
-0.1373365
-0.1556726
-0.1658329
-0.1619926
-0.1528053
-0.1505825
-0.1563828
-0.1576861
-0.1418061
-0.1103946
-0.0785491
-0.0590278
-0.0489828
-0.0339832
-0.0046253
0.0331867
0.0659205
0.0891198
0.1137350
0.1544143
0.2127889
0.2747386
0.3248481
0.3618221
0.3976938
0.4419886
0.4886199
0.5199563
0.5235739
0.5036598
0.4751642
0.4475721
0.4161568
0.3699151
0.3066715
0.2379948
0.1784140
0.1313783
0.0879549
0.0395394
-0.0101998
-0.0480766
-0.0660080
-0.0709318
-0.0784700
-0.0971897
-0.1210508
-0.1380911
-0.1446736
-0.1487437
-0.1590333
-0.1735107
-0.1806196
-0.1717379
-0.1508284
-0.1309435
-0.1218850
-0.1223696
-0.1241790
-0.1223201
-0.1194252
-0.1203161
-0.1241381
-0.1235393
-0.1117750
-0.0899594
-0.0670070
-0.0524651
-0.0491175
-0.0520025
-0.0541740
-0.0532193
-0.0522404
-0.0549267
-0.0603684
-0.0632623
-0.0594935
-0.0515019
-0.0475736
-0.0547710
-0.0720185
-0.0909174
-0.1043966
-0.1141806
-0.1283008
-0.1508918
-0.1759704
-0.1929225
-0.1979604
-0.1985780
-0.2057052
-0.2222717
-0.2411142
-0.2543771
-0.2629680
-0.2745266
-0.2924483
-0.3097475
-0.3157827
-0.3081208
-0.2956110
-0.2891737
-0.2906585
-0.2915854
-0.2824817
-0.2627873
-0.2414492
-0.2280685
-0.2237416
-0.2205771
-0.2098283
-0.1901602
-0.1681897
-0.1516413
-0.1423963
-0.1359671
-0.1269973
-0.1143312
-0.1002103
-0.0853596
-0.0665160
-0.0385690
0.0043444
0.0730968
0.1862693
0.3593798
0.5818429
0.8021399
0.9425685
0.9406958
0.7875156
0.5310788
0.2430801
-0.0223284
-0.2446405
-0.4224938
-0.5518983
-0.6217097
-0.6271567
-0.5822564
-0.5156351
-0.4533225
-0.4047325
-0.3635089
-0.3203024
-0.2743178
-0.2333831
-0.2046117
-0.1867699
-0.1722303
-0.1553034
-0.1372633
-0.1228027
-0.1123691
-0.0995578
-0.0775202
-0.0479654
-0.0219302
-0.0096663
-0.0099575
-0.0111898
-0.0035687
0.0110181
0.0221803
0.0231358
0.0183847
0.0193336
0.0331471
0.0563072
0.0786443
0.0928701
0.1000175
0.1066960
0.1185681
0.1365947
0.1580413
0.1799045
0.2017487
0.2256975
0.2528057
0.2787005
0.2941464
0.2922149
0.2754353
0.2543021
0.2372949
0.2225822
0.2007699
0.1664747
0.1263805
0.0941651
0.0767106
0.0666281
0.0501686
0.0222347
-0.0082932
-0.0285240
-0.0349959
-0.0358810
-0.0408977
-0.0508989
-0.0578567
-0.0541074
-0.0405392
-0.0253701
-0.0153970
-0.0093702
-0.0003639
0.0158536
0.0353919
0.0494768
0.0546566
0.0628724
0.1026108
0.2058091
0.3851610
0.6169615
0.8438904
0.9977575
1.0273780
0.9154616
0.6797567
0.3648189
0.0318547
-0.2528993
-0.4351989
-0.4931091
-0.4477530
-0.3517266
-0.2589941
-0.1975007
-0.1640580
-0.1411676
-0.1179320
-0.0976625
-0.0893721
-0.0944413
-0.1023753
-0.0997161
-0.0828581
-0.0615696
-0.0496108
-0.0517716
-0.0596682
-0.0598154
-0.0461474
-0.0252061
-0.0089407
-0.0022445
0.0017321
0.0135651
0.0361068
0.0622228
0.0828264
0.0949858
0.1020794
0.1083666
0.1151955
0.1219677
0.1293193
0.1407364
0.1613353
0.1951308
0.2424309
0.2980487
0.3516010
0.3923096
0.4174033
0.4363398
0.4632528
0.5022803
0.5412134
0.5618522
0.5565827
0.5332419
0.5038509
0.4708100
0.4259791
0.3629005
0.2877239
0.2160148
0.1587697
0.1135428
0.0705857
0.0261055
-0.0129953
-0.0372586
-0.0451383
-0.0445782
-0.0457622
-0.0533292
-0.0647190
-0.0747796
-0.0816302
-0.0881385
-0.0978411
-0.1099889
-0.1191744
-0.1198147
-0.1110339
-0.0977957
-0.0874281
-0.0840244
-0.0855161
-0.0868862
-0.0866648
-0.0890033
-0.0981390
-0.1116624
-0.1209982
-0.1190269
-0.1067762
-0.0925448
-0.0845838
-0.0843558
-0.0867050
-0.0864782
-0.0841699
-0.0842103
-0.0885545
-0.0938963
-0.0953936
-0.0913416
-0.0835531
-0.0750054
-0.0685345
-0.0660943
-0.0656067
-0.0560712
-0.0166832
0.0744187
0.2235250
0.4082647
0.5809604
0.6891518
0.6987281
0.6040987
0.4238888
0.1917441
-0.0514786
-0.2659829
-0.4233524
-0.5142184
-0.5471176
-0.5386318
-0.5022861
-0.4449884
-0.3727723
-0.2976809
-0.2357884
-0.1967847
-0.1766966
-0.1627324
-0.1456935
-0.1274377
-0.1166320
-0.1175970
-0.1232459
-0.1196454
-0.0989186
-0.0677418
-0.0416700
-0.0305448
-0.0305231
-0.0305207
-0.0245167
-0.0160651
-0.0116668
-0.0116047
-0.0083142
0.0060536
0.0309071
0.0570942
0.0761015
0.0885482
0.1026565
0.1251268
0.1547368
0.1843532
0.2080520
0.2269173
0.2492572
0.2844139
0.3340770
0.3887912
0.4339659
0.4602851
0.4687209
0.4661065
0.4564101
0.4362890
0.3993856
0.3455799
0.2853111
0.2326208
0.1930006
0.1593871
0.1208918
0.0741801
0.0255139
-0.0166766
-0.0493957
-0.0759546
-0.1010783
-0.1257941
-0.1468213
-0.1605312
-0.1669098
-0.1695754
-0.1731791
-0.1817132
-0.1976653
-0.2201123
-0.2435865
-0.2611044
-0.2692950
-0.2695797
-0.2642512
-0.2530262
-0.2344146
-0.2097353
-0.1846633
-0.1659757
-0.1560548
-0.1509011
-0.1449777
-0.1381384
-0.1355553
-0.1395347
-0.1437189
-0.1383960
-0.1212921
-0.1007955
-0.0877964
-0.0853963
-0.0871953
-0.0852556
-0.0791821
-0.0766967
-0.0847984
-0.1011789
-0.1157592
-0.1204521
-0.1160870
-0.1103062
-0.1108473
-0.1208977
-0.1382883
-0.1577502
-0.1753208
-0.1914676
-0.2086269
-0.2250825
-0.2333414
-0.2269342
-0.2089013
-0.1917685
-0.1871396
-0.1944443
-0.2012962
-0.1973299
-0.1873238
-0.1867132
-0.2019588
-0.2191542
-0.2173926
-0.1930462
-0.1655708
-0.1564699
-0.1652710
-0.1704254
-0.1544854
-0.1247703
-0.1048924
-0.1058866
-0.1115224
-0.0975616
-0.0619378
-0.0244962
0.0097413
0.0797097
0.2450994
0.5221919
0.8408679
1.0722205
1.1110070
0.9445231
0.6509323
0.3344481
0.0590355
-0.1659916
-0.3524961
-0.4987250
-0.5872211
-0.6072161
-0.5715425
-0.5113252
-0.4557141
-0.4150826
-0.3807685
-0.3399896
-0.2918155
-0.2497160
-0.2290195
-0.2313011
-0.2403193
-0.2347228
-0.2079785
-0.1763284
-0.1633715
-0.1741264
-0.1869778
-0.1750516
-0.1345888
-0.0885057
-0.0616308
-0.0557745
-0.0511082
-0.0300968
0.0034674
0.0307121
0.0407357
0.0429167
0.0540007
0.0765744
0.0962205
0.1003946
0.0944616
0.0952504
0.1113247
0.1338307
0.1472885
0.1473721
0.1468232
0.1635508
0.2026874
0.2505937
0.2866711
0.3001353
0.2948476
0.2801145
0.2597796
0.2302644
0.1871952
0.1333159
0.0800729
0.0397394
0.0141405
-0.0075189
-0.0371046
-0.0742462
-0.1067437
-0.1240756
-0.1281798
-0.1298939
-0.1360077
-0.1415547
-0.1361541
-0.1180591
-0.0995837
-0.0955549
-0.1068797
-0.1192548
-0.1190828
-0.1068907
-0.0926665
-0.0813990
-0.0679025
-0.0455685
-0.0154897
0.0175753
0.0597756
0.1359645
0.2756564
0.4827566
0.7151728
0.8962517
0.9519394
0.8460877
0.5931648
0.2488696
-0.1102044
-0.4093852
-0.5963052
-0.6543057
-0.6050152
-0.4977610
-0.3869273
-0.3068129
-0.2602781
-0.2295009
-0.1980245
-0.1643759
-0.1385973
-0.1293151
-0.1343442
-0.1423151
-0.1431099
-0.1364086
-0.1285940
-0.1216954
-0.1090810
-0.0844476
-0.0525613
-0.0272709
-0.0183071
-0.0215755
-0.0232231
-0.0134861
0.0033526
0.0139007
0.0118256
0.0073820
0.0173847
0.0458909
0.0788335
0.0995033
0.1065538
0.1144178
0.1374462
0.1759658
0.2182001
0.2547525
0.2893876
0.3334319
0.3897727
0.4462908
0.4880264
0.5131861
0.5327151
0.5545591
0.5724384
0.5714325
0.5424733
0.4903291
0.4285799
0.3676889
0.3081784
0.2456100
0.1807737
0.1218654
0.0760285
0.0422354
0.0149815
-0.0073383
-0.0210672
-0.0240772
-0.0218277
-0.0254244
-0.0424521
-0.0686829
-0.0906866
-0.0999863
-0.1038835
-0.1175548
-0.1441716
-0.1677501
-0.1699219
-0.1519331
-0.1356101
-0.1410831
-0.1654355
-0.1860463
-0.1860149
-0.1735324
-0.1714209
-0.1876366
-0.2034070
-0.1960733
-0.1687967
-0.1484678
-0.1535306
-0.1720738
-0.1770796
-0.1596177
-0.1401335
-0.1446151
-0.1730240
-0.1968204
-0.1901210
-0.1594817
-0.1369791
-0.1442578
-0.1702699
-0.1876282
-0.1849914
-0.1766739
-0.1819563
-0.2014216
-0.2165468
-0.2106487
-0.1874538
-0.1673379
-0.1652479
-0.1748381
-0.1768552
-0.1613850
-0.1378136
-0.1228585
-0.1219176
-0.1210072
-0.0912557
-0.0004056
0.1709945
0.4119749
0.6722106
0.8727881
0.9380760
0.8350953
0.5950536
0.2967181
0.0194945
-0.1970072
-0.3555203
-0.4723798
-0.5514636
-0.5834351
-0.5631499
-0.5035708
-0.4321867
-0.3730421
-0.3311742
-0.2950945
-0.2543112
-0.2118993
-0.1791174
-0.1613937
-0.1530491
-0.1446297
-0.1327806
-0.1225886
-0.1204646
-0.1242837
-0.1222210
-0.1045734
-0.0760830
-0.0519967
-0.0408379
-0.0355239
-0.0240283
-0.0051446
0.0105015
0.0144568
0.0122751
0.0192090
0.0432776
0.0740851
0.0925438
0.0934225
0.0936231
0.1131321
0.1506229
0.1847417
0.1999286
0.2048266
0.2218592
0.2614503
0.3098880
0.3427781
0.3487767
0.3378984
0.3254810
0.3114817
0.2817269
0.2298777
0.1703804
0.1240994
0.0952546
0.0691506
0.0318927
-0.0132707
-0.0509955
-0.0721792
-0.0841144
-0.1010884
-0.1260145
-0.1455037
-0.1462140
-0.1326344
-0.1224870
-0.1253489
-0.1330720
-0.1335958
-0.1277852
-0.1271854
-0.1375377
-0.1496590
-0.1483667
-0.1295239
-0.1065772
-0.0978772
-0.1070121
-0.1189312
-0.1177012
-0.1044445
-0.0934799
-0.0932722
-0.0967461
-0.0904866
-0.0695664
-0.0424874
-0.0229361
-0.0147274
-0.0010824
0.0512580
0.1735510
0.3751498
0.6330214
0.8908379
1.0679698
1.0848211
0.9012787
0.5449738
0.1052619
-0.3063790
-0.6046225
-0.7589079
-0.7888581
-0.7359092
-0.6373079
-0.5209909
-0.4123287
-0.3315779
-0.2817667
-0.2476686
-0.2133281
-0.1784823
-0.1546725
-0.1477998
-0.1486871
-0.1417173
-0.1215108
-0.0990649
-0.0890170
-0.0915089
-0.0916965
-0.0793245
-0.0626402
-0.0568758
-0.0629751
-0.0659382
-0.0541148
-0.0330970
-0.0178598
-0.0151056
-0.0167145
-0.0102945
0.0056209
0.0196157
0.0229092
0.0241719
0.0423470
0.0835298
0.1315611
0.1655238
0.1818852
0.1948181
0.2180812
0.2517544
0.2857942
0.3123798
0.3329063
0.3527474
0.3699521
0.3727116
0.3513400
0.3100233
0.2615992
0.2125593
0.1597602
0.1017860
0.0463099
0.0033054
-0.0246420
-0.0427537
-0.0577691
-0.0731069
-0.0883358
-0.1017894
-0.1131665
-0.1221696
-0.1251785
-0.1178350
-0.1028738
-0.0903424
-0.0862263
-0.0854746
-0.0813338
-0.0774762
-0.0840121
-0.1027177
-0.1222486
-0.1292520
-0.1215589
-0.1098693
-0.1072571
-0.1165722
-0.1288104
-0.1354995
-0.1400488
-0.1517007
-0.1699384
-0.1828457
-0.1826726
-0.1757342
-0.1731156
-0.1772349
-0.1823616
-0.1847913
-0.1870839
-0.1917210
-0.1927675
-0.1767279
-0.1359692
-0.0820839
-0.0381158
-0.0089039
0.0383700
0.1539859
0.3605728
0.6272530
0.8846578
1.0619854
1.1162223
1.0400624
0.8526163
0.5860949
0.2802470
-0.0179332
-0.2625800
-0.4261780
-0.5075045
-0.5207848
-0.4819218
-0.4080762
-0.3225638
-0.2495258
-0.2017909
-0.1767775
-0.1641256
-0.1565260
-0.1549833
-0.1640493
-0.1804957
-0.1897698
-0.1797679
-0.1568207
-0.1399509
-0.1379138
-0.1396110
-0.1303026
-0.1104867
-0.0935631
-0.0881460
-0.0872196
-0.0752482
-0.0456469
-0.0102671
0.0124135
0.0201221
0.0318457
0.0653815
0.1160216
0.1652467
0.2056993
0.2471127
0.2983442
0.3534039
0.3985714
0.4280667
0.4493308
0.4739738
0.5044265
0.5307123
0.5426974
0.5433041
0.5430656
0.5419127
0.5256014
0.4837452
0.4230597
0.3572483
0.2906939
0.2191230
0.1422643
0.0690784
0.0106811
-0.0297801
-0.0611654
-0.0972657
-0.1421550
-0.1843315
-0.2107437
-0.2244839
-0.2407837
-0.2657528
-0.2874069
-0.2900605
-0.2719636
-0.2468650
-0.2316140
-0.2317741
-0.2362226
-0.2281833
-0.2049829
-0.1824430
-0.1745687
-0.1744685
-0.1636106
-0.1365548
-0.1076126
-0.0935325
-0.0962347
-0.1030954
-0.1006041
-0.0881511
-0.0791462
-0.0852020
-0.0994841
-0.1028719
-0.0883364
-0.0705186
-0.0669397
-0.0779737
-0.0913853
-0.1001061
-0.1087154
-0.1255444
-0.1524119
-0.1799746
-0.1929225
-0.1842959
-0.1643486
-0.1498720
-0.1458770
-0.1432778
-0.1298304
-0.0918014
-0.0067101
0.1488624
0.3727802
0.6199357
0.8150096
0.8875086
0.8076951
0.6026627
0.3384034
0.0782832
-0.1447278
-0.3194292
-0.4347621
-0.4791082
-0.4561114
-0.3894265
-0.3106007
-0.2452338
-0.2047152
-0.1835435
-0.1673066
-0.1482672
-0.1304259
-0.1183515
-0.1091798
-0.0994510
-0.0915122
-0.0880888
-0.0876885
-0.0895077
-0.0955253
-0.1042471
-0.1101989
-0.1129432
-0.1187883
-0.1304594
-0.1422417
-0.1474048
-0.1437588
-0.1317895
-0.1148502
-0.1001190
-0.0907939
-0.0789557
-0.0553132
-0.0236920
0.0043194
0.0268796
0.0532366
0.0888309
0.1288497
0.1655865
0.1942003
0.2134745
0.2278397
0.2448112
0.2642244
0.2759385
0.2745411
0.2683414
0.2659762
0.2624074
0.2469997
0.2180862
0.1814947
0.1418922
0.1024559
0.0654353
0.0274457
-0.0170358
-0.0627240
-0.0942261
-0.1048994
-0.1053740
-0.1091919
-0.1197366
-0.1339331
-0.1479032
-0.1567311
-0.1595416
-0.1653826
-0.1820690
-0.1997867
-0.1996583
-0.1789303
-0.1542408
-0.1398036
-0.1350454
-0.1329701
-0.1284206
-0.1195130
-0.1114306
-0.1142925
-0.1264942
-0.1278270
-0.1028274
-0.0640242
-0.0380419
-0.0346853
-0.0415920
-0.0416210
-0.0245937
0.0080039
0.0388350
0.0479800
0.0450610
0.0789203
0.2019489
0.4277438
0.7217337
1.0131130
1.2107192
1.2356771
1.0650210
0.7429084
0.3476169
-0.0419128
-0.3564092
-0.5496783
-0.6206466
-0.6080408
-0.5546418
-0.4864740
-0.4207906
-0.3691821
-0.3296445
-0.2957411
-0.2734347
-0.2694955
-0.2691267
-0.2502541
-0.2164731
-0.1914142
-0.1846083
-0.1860743
-0.1879548
-0.1881008
-0.1806321
-0.1654075
-0.1555945
-0.1545633
-0.1417199
-0.1047316
-0.0664082
-0.0535183
-0.0584591
-0.0573995
-0.0453827
-0.0290190
-0.0078070
0.0141359
0.0239007
0.0280595
0.0542194
0.1046891
0.1445724
0.1559549
0.1638615
0.1884735
0.2157486
0.2353301
0.2599344
0.2882988
0.2999552
0.3022841
0.3254744
0.3578653
0.3511638
0.3011667
0.2511368
0.2077662
0.1382183
0.0565931
0.0142312
-0.0037828
-0.0585298
-0.1257470
-0.1219324
-0.0786558
-0.1208674
-0.2220422
-0.1724686
0.1053975
