-0.1843822
-0.3963314
-0.1743084
-0.0684584
-0.1905284
-0.2387987
-0.1311432
-0.0884759
-0.1767561
-0.2203739
-0.1600769
-0.1313124
-0.1788778
-0.1954313
-0.1518147
-0.1331352
-0.1443151
-0.1015293
-0.0115704
0.0344171
0.0315128
0.0533772
0.0992536
0.1060791
0.0830127
0.0902939
0.1184475
0.1187150
0.1140197
0.1587064
0.2281467
0.2571595
0.2470313
0.2403535
0.2368447
0.2182548
0.2042391
0.2066154
0.1837405
0.1101406
0.0337989
0.0015680
-0.0125775
-0.0485397
-0.0911025
-0.1119367
-0.1207472
-0.1293103
-0.1230821
-0.1059491
-0.1130560
-0.1450052
-0.1451328
-0.0675047
0.0857627
0.3047872
0.5820333
0.8660005
1.0703705
1.1515962
1.1298916
1.0306279
0.8602485
0.6406554
0.4095963
0.1825187
-0.0390161
-0.2277367
-0.3482646
-0.4049874
-0.4266683
-0.4181759
-0.3733064
-0.3166745
-0.2834203
-0.2710237
-0.2531615
-0.2251419
-0.1992949
-0.1764319
-0.1561549
-0.1520214
-0.1653644
-0.1704159
-0.1539446
-0.1404278
-0.1508166
-0.1672875
-0.1650044
-0.1480960
-0.1306026
-0.1126150
-0.0962071
-0.0944472
-0.1065541
-0.1132333
-0.1091791
-0.1097716
-0.1175663
-0.1156631
-0.1010331
-0.0901313
-0.0860709
-0.0743639
-0.0550296
-0.0451352
-0.0465199
-0.0427336
-0.0290671
-0.0165898
-0.0087642
-0.0010538
0.0031707
0.0032455
0.0168962
0.0567660
0.1027311
0.1259183
0.1288607
0.1356421
0.1551468
0.1789537
0.2019236
0.2220375
0.2343769
0.2451214
0.2746271
0.3282305
0.3819870
0.4133772
0.4263687
0.4322581
0.4285770
0.4115946
0.3871098
0.3552092
0.3064407
0.2449196
0.1931399
0.1631152
0.1427687
0.1176791
0.0861926
0.0503129
0.0139493
-0.0089491
-0.0086026
-0.0020338
-0.0168580
-0.0519273
-0.0774677
-0.0742950
-0.0518061
-0.0297539
-0.0225649
-0.0367053
-0.0629233
-0.0765544
-0.0645005
-0.0449809
-0.0436634
-0.0602447
-0.0752897
-0.0778198
-0.0689713
-0.0517884
-0.0351404
-0.0347547
-0.0533274
-0.0715339
-0.0729424
-0.0651225
-0.0643282
-0.0736836
-0.0870738
-0.0992814
-0.1030257
-0.0921136
-0.0756257
-0.0724751
-0.0852907
-0.0965049
-0.0950088
-0.0886494
-0.0864192
-0.0869072
-0.0880643
-0.0904873
-0.0886268
-0.0762134
-0.0614052
-0.0594009
-0.0701800
-0.0799256
-0.0826397
-0.0842587
-0.0884760
-0.0939704
-0.1012625
-0.1079017
-0.1036140
-0.0850110
-0.0671788
-0.0656296
-0.0748730
-0.0789093
-0.0737185
-0.0656718
-0.0575429
-0.0494575
-0.0438662
-0.0371540
-0.0160303
0.0264620
0.0797487
0.1275962
0.1610130
0.1760409
0.1743065
0.1710998
0.1859338
0.2175954
0.2437584
0.2517365
0.2543962
0.2692103
0.2956980
0.3196136
0.3277569
0.3154374
0.2900281
0.2669106
0.2505015
0.2225671
0.1634048
0.0815842
0.0082986
-0.0350001
-0.0508228
-0.0538203
-0.0595747
-0.0789296
-0.1071771
-0.1231056
-0.1136751
-0.0954085
-0.0956929
-0.1121009
-0.0987355
0.0064689
0.2370034
0.5622262
0.8875182
1.1071999
1.1761903
1.1282032
1.0215026
0.8799500
0.6923595
0.4515317
0.1790378
-0.0806448
-0.2820418
-0.4032257
-0.4563202
-0.4693681
-0.4580110
-0.4231185
-0.3714096
-0.3213136
-0.2862676
-0.2658734
-0.2549459
-0.2484996
-0.2379084
-0.2164197
-0.1905442
-0.1747404
-0.1740926
-0.1812395
-0.1879334
-0.1901890
-0.1862528
-0.1796802
-0.1796062
-0.1879147
-0.1919006
-0.1800123
-0.1589821
-0.1453120
-0.1455763
-0.1538913
-0.1620131
-0.1636061
-0.1560365
-0.1459724
-0.1455171
-0.1555426
-0.1609343
-0.1490158
-0.1247256
-0.1022337
-0.0899920
-0.0880916
-0.0907772
-0.0876924
-0.0722470
-0.0517565
-0.0395900
-0.0356975
-0.0258871
-0.0020008
0.0285251
0.0549835
0.0744993
0.0894650
0.1040501
0.1241999
0.1520436
0.1805018
0.2015515
0.2178626
0.2382803
0.2652541
0.2945351
0.3216909
0.3397049
0.3366839
0.3075708
0.2641068
0.2230295
0.1877416
0.1497083
0.1036340
0.0539242
0.0104182
-0.0172277
-0.0272389
-0.0322028
-0.0495530
-0.0804167
-0.1065940
-0.1139954
-0.1104100
-0.1143177
-0.1336850
-0.1603536
-0.1782685
-0.1746491
-0.1512883
-0.1271040
-0.1213003
-0.1326189
-0.1433472
-0.1432651
-0.1394202
-0.1421010
-0.1519168
-0.1622575
-0.1655155
-0.1561936
-0.1361511
-0.1169335
-0.1097644
-0.1140464
-0.1212605
-0.1265300
-0.1300464
-0.1323229
-0.1355209
-0.1438545
-0.1546655
-0.1551492
-0.1372247
-0.1112049
-0.0962881
-0.1007204
-0.1170125
-0.1317888
-0.1351795
-0.1265861
-0.1167732
-0.1186743
-0.1315449
-0.1399098
-0.1316176
-0.1108203
-0.0909726
-0.0822039
-0.0869213
-0.0990322
-0.1053154
-0.0962385
-0.0776108
-0.0632811
-0.0549726
-0.0384477
-0.0020333
0.0486446
0.0960329
0.1245820
0.1301763
0.1233585
0.1231445
0.1411180
0.1718208
0.2025234
0.2278955
0.2494276
0.2669579
0.2797709
0.2912490
0.3028169
0.3062463
0.2904935
0.2542952
0.2057106
0.1518881
0.0946718
0.0335915
-0.0303785
-0.0904425
-0.1324102
-0.1453871
-0.1373177
-0.1313229
-0.1411838
-0.1572608
-0.1617111
-0.1513106
-0.1389154
-0.1333411
-0.1171914
-0.0421537
0.1442330
0.4478246
0.7965976
1.0717817
1.1843355
1.1282377
0.9666830
0.7735123
0.5830076
0.3824752
0.1469884
-0.1162345
-0.3578998
-0.5232860
-0.5957941
-0.6016965
-0.5794100
-0.5517606
-0.5219006
-0.4843719
-0.4391042
-0.3994650
-0.3839910
-0.3956058
-0.4136281
-0.4129705
-0.3890087
-0.3595810
-0.3460921
-0.3557736
-0.3774676
-0.3911085
-0.3859767
-0.3723844
-0.3703997
-0.3856176
-0.4028770
-0.4058616
-0.3951558
-0.3836280
-0.3809634
-0.3866866
-0.3932819
-0.3933889
-0.3877723
-0.3864192
-0.3968353
-0.4119986
-0.4159322
-0.4008814
-0.3737690
-0.3474873
-0.3317236
-0.3295154
-0.3348800
-0.3348785
-0.3212548
-0.2998518
-0.2831612
-0.2748355
-0.2664458
-0.2477476
-0.2160281
-0.1780107
-0.1460565
-0.1284484
-0.1195420
-0.1040164
-0.0746134
-0.0402925
-0.0126278
0.0097645
0.0372804
0.0738029
0.1100706
0.1301708
0.1229409
0.0914476
0.0527781
0.0230374
0.0006289
-0.0303650
-0.0789081
-0.1348820
-0.1796698
-0.2035680
-0.2119020
-0.2192345
-0.2378988
-0.2669204
-0.2922762
-0.3029774
-0.3053265
-0.3149380
-0.3358706
-0.3548039
-0.3564249
-0.3393700
-0.3169510
-0.3059879
-0.3134037
-0.3299121
-0.3389025
-0.3346609
-0.3282391
-0.3318797
-0.3426980
-0.3471119
-0.3374229
-0.3185972
-0.3016819
-0.2949639
-0.2986290
-0.3044353
-0.3035761
-0.2972653
-0.2955538
-0.3035044
-0.3133777
-0.3133623
-0.3000505
-0.2803739
-0.2652646
-0.2623221
-0.2698588
-0.2772686
-0.2760906
-0.2708400
-0.2732610
-0.2856977
-0.2965291
-0.2934915
-0.2764802
-0.2561966
-0.2443383
-0.2452036
-0.2530419
-0.2580324
-0.2575898
-0.2589775
-0.2668622
-0.2725116
-0.2622128
-0.2348398
-0.2050809
-0.1893719
-0.1918496
-0.2021039
-0.2033105
-0.1850169
-0.1514261
-0.1154141
-0.0834004
-0.0506218
-0.0129069
0.0236667
0.0497631
0.0649352
0.0778300
0.0966336
0.1222028
0.1483578
0.1676332
0.1796045
0.1933930
0.2172802
0.2456917
0.2620619
0.2556595
0.2303713
0.1958413
0.1555520
0.1063031
0.0464995
-0.0163148
-0.0653840
-0.0858449
-0.0807381
-0.0728867
-0.0837077
-0.1103748
-0.1298664
-0.1261749
-0.1084211
-0.0991884
-0.1041785
-0.0911806
-0.0011157
0.2085972
0.5199129
0.8520334
1.1088154
1.2333874
1.2242303
1.1121552
0.9315762
0.7092845
0.4677786
0.2299548
0.0168027
-0.1598615
-0.2984820
-0.3971763
-0.4455741
-0.4360265
-0.3833002
-0.3229085
-0.2833690
-0.2640416
-0.2443757
-0.2117407
-0.1762297
-0.1590416
-0.1683438
-0.1877659
-0.1916607
-0.1733885
-0.1537020
-0.1559004
-0.1766119
-0.1890819
-0.1746359
-0.1433500
-0.1216822
-0.1246297
-0.1426671
-0.1542223
-0.1495616
-0.1411498
-0.1476545
-0.1685431
-0.1814521
-0.1684422
-0.1387723
-0.1190561
-0.1236863
-0.1411141
-0.1487154
-0.1366508
-0.1160939
-0.1054535
-0.1092043
-0.1123385
-0.0983514
-0.0699843
-0.0459564
-0.0378051
-0.0376551
-0.0309880
-0.0141932
0.0052890
0.0216273
0.0380103
0.0623658
0.0983677
0.1408809
0.1805057
0.2130161
0.2421462
0.2716108
0.2984291
0.3182994
0.3339134
0.3514849
0.3699900
0.3794557
0.3704401
0.3420315
0.3014747
0.2591071
0.2220334
0.1890689
0.1530362
0.1111148
0.0713401
0.0454497
0.0359857
0.0328520
0.0222753
-0.0013261
-0.0305841
-0.0520561
-0.0601913
-0.0635026
-0.0727841
-0.0847980
-0.0852994
-0.0699925
-0.0543543
-0.0567059
-0.0758235
-0.0917438
-0.0884046
-0.0715515
-0.0625825
-0.0749729
-0.0980396
-0.1069334
-0.0899802
-0.0623174
-0.0488818
-0.0573708
-0.0733168
-0.0794940
-0.0735794
-0.0665179
-0.0689230
-0.0806725
-0.0909951
-0.0883908
-0.0725723
-0.0560134
-0.0517855
-0.0611360
-0.0747766
-0.0840593
-0.0880327
-0.0910569
-0.0962009
-0.1007168
-0.0978481
-0.0852310
-0.0710455
-0.0672951
-0.0756713
-0.0848803
-0.0847126
-0.0786128
-0.0784518
-0.0891152
-0.1017884
-0.1024545
-0.0863950
-0.0650333
-0.0572565
-0.0711843
-0.0951513
-0.1098233
-0.1084588
-0.1014931
-0.1016836
-0.1091625
-0.1118920
-0.0974856
-0.0638066
-0.0204306
0.0198673
0.0524432
0.0827224
0.1156730
0.1464367
0.1653351
0.1708110
0.1734366
0.1867109
0.2154389
0.2520550
0.2827971
0.2990866
0.3044684
0.3089132
0.3158422
0.3179955
0.3074722
0.2859881
0.2622018
0.2412834
0.2197900
0.1894752
0.1449857
0.0899522
0.0365549
-0.0033506
-0.0278874
-0.0440921
-0.0572136
-0.0644773
-0.0608885
-0.0481050
-0.0336828
-0.0189141
0.0146194
0.1044409
0.2836421
0.5470564
0.8387821
1.0795396
1.2126561
1.2279481
1.1483107
1.0012037
0.8038153
0.5685974
0.3155035
0.0748650
-0.1233352
-0.2630985
-0.3448272
-0.3763322
-0.3661318
-0.3262101
-0.2749268
-0.2307949
-0.2029165
-0.1888348
-0.1802340
-0.1699986
-0.1569712
-0.1463790
-0.1437818
-0.1469654
-0.1460723
-0.1337791
-0.1136873
-0.0968398
-0.0909279
-0.0939289
-0.0975587
-0.0965187
-0.0943564
-0.0985420
-0.1087067
-0.1132559
-0.1019999
-0.0803230
-0.0651499
-0.0661051
-0.0752929
-0.0778057
-0.0692559
-0.0600123
-0.0623348
-0.0746500
-0.0803039
-0.0643233
-0.0314920
-0.0038871
0.0023068
-0.0051504
-0.0031771
0.0212294
0.0574162
0.0828070
0.0864195
0.0807494
0.0905261
0.1283030
0.1811115
0.2235867
0.2444275
0.2564002
0.2790671
0.3159625
0.3526661
0.3755685
0.3882754
0.4076377
0.4438973
0.4859267
0.5085559
0.4963945
0.4588188
0.4189015
0.3892074
0.3623097
0.3244361
0.2736740
0.2228228
0.1867056
0.1682044
0.1559073
0.1355140
0.1045143
0.0746341
0.0582289
0.0537205
0.0472688
0.0286468
0.0031502
-0.0129383
-0.0082317
0.0118865
0.0290231
0.0287349
0.0139953
0.0000450
-0.0036946
-0.0027358
-0.0073793
-0.0179931
-0.0246092
-0.0195694
-0.0066811
0.0028688
0.0020870
-0.0050159
-0.0082374
-0.0030121
0.0036189
0.0005694
-0.0143484
-0.0312429
-0.0378637
-0.0306424
-0.0164941
-0.0060941
-0.0055173
-0.0123782
-0.0196814
-0.0242691
-0.0301056
-0.0411261
-0.0525823
-0.0537197
-0.0400487
-0.0201768
-0.0085179
-0.0116611
-0.0224572
-0.0276062
-0.0215785
-0.0128341
-0.0146702
-0.0295886
-0.0450070
-0.0458548
-0.0297897
-0.0087576
0.0028095
0.0002255
-0.0088958
-0.0125575
-0.0062086
0.0022706
0.0012603
-0.0096398
-0.0155567
0.0002651
0.0396417
0.0876656
0.1273978
0.1549953
0.1798662
0.2106511
0.2430555
0.2640967
0.2684718
0.2670258
0.2761836
0.3013573
0.3341985
0.3639991
0.3864731
0.4013682
0.4075226
0.4042201
0.3949187
0.3853260
0.3767531
0.3631088
0.3361192
0.2937093
0.2422556
0.1903059
0.1421300
0.0992958
0.0657466
0.0456422
0.0356032
0.0252894
0.0097569
-0.0028884
-0.0015752
0.0129709
0.0328565
0.0671396
0.1551604
0.3424558
0.6318792
0.9566638
1.2105193
1.3165796
1.2746837
1.1442181
0.9833628
0.8064372
0.5955852
0.3442316
0.0828845
-0.1361781
-0.2759988
-0.3375603
-0.3499527
-0.3416219
-0.3213800
-0.2840556
-0.2291655
-0.1703946
-0.1273314
-0.1099878
-0.1116296
-0.1161383
-0.1131024
-0.1063594
-0.1067828
-0.1166459
-0.1241345
-0.1160362
-0.0942509
-0.0758683
-0.0756319
-0.0902165
-0.1017853
-0.0972851
-0.0829228
-0.0775676
-0.0910791
-0.1114446
-0.1165777
-0.0985918
-0.0728775
-0.0616032
-0.0707332
-0.0857091
-0.0885531
-0.0764018
-0.0622074
-0.0583915
-0.0619595
-0.0576744
-0.0358934
-0.0045401
0.0190417
0.0269366
0.0283429
0.0380735
0.0599471
0.0834411
0.0962900
0.0990485
0.1060676
0.1311737
0.1726421
0.2140929
0.2412621
0.2564984
0.2750883
0.3080020
0.3499334
0.3843460
0.3992376
0.3977697
0.3937243
0.3962855
0.3993764
0.3870563
0.3499948
0.2957427
0.2419853
0.2001127
0.1659165
0.1261934
0.0744385
0.0201559
-0.0183196
-0.0316837
-0.0299856
-0.0332860
-0.0517877
-0.0771837
-0.0944944
-0.1001481
-0.1053752
-0.1213124
-0.1432410
-0.1529807
-0.1387024
-0.1107882
-0.0942552
-0.1035688
-0.1271326
-0.1396819
-0.1296438
-0.1115005
-0.1099918
-0.1333832
-0.1635892
-0.1729071
-0.1507506
-0.1143208
-0.0927481
-0.1001639
-0.1241348
-0.1401722
-0.1365632
-0.1242263
-0.1227359
-0.1379977
-0.1550183
-0.1536993
-0.1315336
-0.1084868
-0.1072113
-0.1291562
-0.1530596
-0.1577635
-0.1439680
-0.1315096
-0.1367266
-0.1552910
-0.1677467
-0.1600576
-0.1372892
-0.1176558
-0.1146930
-0.1259139
-0.1377755
-0.1399811
-0.1346145
-0.1324571
-0.1408062
-0.1540072
-0.1562625
-0.1364655
-0.1020066
-0.0755013
-0.0737932
-0.0894963
-0.0962325
-0.0741786
-0.0292583
0.0146364
0.0413841
0.0577390
0.0818680
0.1197398
0.1572186
0.1768288
0.1790178
0.1827048
0.2045669
0.2409106
0.2718562
0.2819876
0.2750295
0.2685893
0.2758426
0.2923770
0.2997880
0.2815104
0.2357478
0.1743949
0.1110922
0.0515001
-0.0053418
-0.0585754
-0.1011660
-0.1251044
-0.1301215
-0.1254528
-0.1220404
-0.1239375
-0.1285785
-0.1336241
-0.1380667
-0.1319200
-0.0862061
0.0387765
0.2646759
0.5665894
0.8715027
1.0911552
1.1686228
1.1051743
0.9483921
0.7530069
0.5468836
0.3279950
0.0899356
-0.1512542
-0.3556261
-0.4850047
-0.5314086
-0.5211272
-0.4912162
-0.4620266
-0.4315585
-0.3929204
-0.3520735
-0.3255026
-0.3221107
-0.3316107
-0.3334392
-0.3166724
-0.2896055
-0.2697568
-0.2662047
-0.2728039
-0.2772994
-0.2745126
-0.2698377
-0.2716091
-0.2818698
-0.2942317
-0.2991983
-0.2914726
-0.2738787
-0.2555995
-0.2458133
-0.2470140
-0.2536096
-0.2578425
-0.2578301
-0.2589422
-0.2659106
-0.2741541
