0.5613017
0.4930853
0.4346287
0.4021028
0.3857453
0.3599172
0.3112464
0.2527412
0.2082375
0.1862673
0.1735364
0.1534182
0.1254917
0.1032565
0.0951938
0.0937710
0.0853278
0.0675722
0.0531250
0.0553658
0.0734211
0.0926366
0.0985966
0.0893308
0.0749009
0.0673466
0.0712403
0.0816118
0.0889921
0.0871165
0.0777414
0.0685198
0.0650797
0.0648882
0.0605061
0.0501311
0.0432775
0.0525884
0.0785782
0.1047360
0.1111174
0.0937547
0.0690090
0.0574135
0.0639048
0.0750351
0.0747139
0.0603105
0.0424522
0.0312243
0.0257197
0.0179417
0.0047787
-0.0066120
-0.0060885
0.0078008
0.0243223
0.0288001
0.0145007
-0.0125989
-0.0393898
-0.0555333
-0.0591874
-0.0552601
-0.0497360
-0.0457561
-0.0437484
-0.0435125
-0.0452638
-0.0491447
-0.0548055
-0.0618733
-0.0701764
-0.0786842
-0.0843407
-0.0830828
-0.0731880
-0.0578438
-0.0435830
-0.0349480
-0.0298333
-0.0200955
0.0022775
0.0381381
0.0792823
0.1138948
0.1354029
0.1473016
0.1592778
0.1775916
0.1985522
0.2116689
0.2097194
0.1956603
0.1791919
0.1665311
0.1541238
0.1327179
0.0971962
0.0519909
0.0073412
-0.0287914
-0.0551563
-0.0752368
-0.0925241
-0.1077164
-0.1191804
-0.1252723
-0.1265550
-0.1257087
-0.1231118
-0.1094720
-0.0626776
0.0430186
0.2166983
0.4337248
0.6386194
0.7699416
0.7901502
0.6991688
0.5255097
0.3072369
0.0783761
-0.1352905
-0.3172322
-0.4616246
-0.5711999
-0.6486616
-0.6887707
-0.6818243
-0.6278432
-0.5463555
-0.4683619
-0.4157527
-0.3880853
-0.3693503
-0.3460926
-0.3177373
-0.2914361
-0.2717476
-0.2581732
-0.2501685
-0.2491929
-0.2536528
-0.2550489
-0.2437820
-0.2198911
-0.1954691
-0.1841298
-0.1884466
-0.1989525
-0.2046780
-0.2025205
-0.1961818
-0.1890404
-0.1811478
-0.1725045
-0.1654654
-0.1613993
-0.1563834
-0.1433815
-0.1199216
-0.0922944
-0.0707290
-0.0604601
-0.0578610
-0.0544718
-0.0436993
-0.0243379
0.0000082
0.0236470
0.0426167
0.0585007
0.0787854
0.1109658
0.1540852
0.1967076
0.2256418
0.2380470
0.2444953
0.2594770
0.2890647
0.3276187
0.3646153
0.3925210
0.4084668
0.4116923
0.4025478
0.3837284
0.3594937
0.3315832
0.2967312
0.2502352
0.1924525
0.1305043
0.0726819
0.0218189
-0.0250120
-0.0709722
-0.1151634
-0.1539264
-0.1846301
-0.2067919
-0.2205631
-0.2267080
-0.2290089
-0.2345364
-0.2485300
-0.2683768
-0.2847395
-0.2906490
-0.2891357
-0.2901620
-0.2995361
-0.3121482
-0.3171007
-0.3086631
-0.2910645
-0.2734574
-0.2624940
-0.2601035
-0.2652391
-0.2741602
-0.2795558
-0.2740752
-0.2584111
-0.2444856
-0.2460732
-0.2638982
-0.2819606
-0.2816849
-0.2602339
-0.2333906
-0.2200277
-0.2250876
-0.2381220
-0.2461632
-0.2454881
-0.2415029
-0.2405767
-0.2441505
-0.2494315
-0.2530892
-0.2535018
-0.2507966
-0.2459648
-0.2399942
-0.2338138
-0.2293978
-0.2302337
-0.2385647
-0.2510249
-0.2591208
-0.2574057
-0.2513156
-0.2531327
-0.2673431
-0.2821479
-0.2800353
-0.2577484
-0.2321881
-0.2237257
-0.2355587
-0.2527901
-0.2606679
-0.2586862
-0.2547514
-0.2502130
-0.2367625
-0.2080910
-0.1689987
-0.1295302
-0.0931124
-0.0552682
-0.0138938
0.0238754
0.0479248
0.0564705
0.0583239
0.0638856
0.0751247
0.0836123
0.0765032
0.0455357
-0.0055017
-0.0597473
-0.0968146
-0.1087578
-0.1080495
-0.1166648
-0.1447624
-0.1811940
-0.2063791
-0.2124701
-0.2078959
-0.2035514
-0.1995947
-0.1870018
-0.1556527
-0.0938906
0.0169756
0.1945393
0.4296124
0.6681336
0.8287475
0.8502050
0.7289465
0.5140313
0.2676469
0.0293769
-0.1887544
-0.3839927
-0.5472942
-0.6644134
-0.7260231
-0.7333591
-0.6962218
-0.6292872
-0.5504088
-0.4780098
-0.4247290
-0.3910849
-0.3664604
-0.3391315
-0.3074348
-0.2812302
-0.2712101
-0.2759981
-0.2804793
-0.2683464
-0.2371250
-0.2006094
-0.1761875
-0.1699779
-0.1741838
-0.1772770
-0.1745758
-0.1688527
-0.1635811
-0.1587325
-0.1530059
-0.1468974
-0.1410672
-0.1327401
-0.1168141
-0.0920927
-0.0652198
-0.0463733
-0.0401211
-0.0406585
-0.0363283
-0.0192370
0.0084811
0.0366578
0.0554254
0.0634363
0.0696309
0.0867218
0.1211032
0.1675235
0.2132742
0.2480448
0.2705292
0.2869482
0.3049328
0.3290842
0.3600651
0.3948898
0.4276407
0.4526206
0.4693913
0.4841392
0.5034170
0.5252682
0.5378697
0.5287177
0.4953904
0.4468523
0.3949187
0.3456566
0.2984249
0.2504734
0.2006103
0.1498877
0.1016897
0.0616822
0.0350445
0.0212846
0.0122522
-0.0024546
-0.0267711
-0.0549114
-0.0769208
-0.0873961
-0.0896530
-0.0930625
-0.1064881
-0.1315990
-0.1595197
-0.1745955
-0.1658292
-0.1382832
-0.1122731
-0.1072067
-0.1236470
-0.1423552
-0.1431510
-0.1249378
-0.1059660
-0.1043526
-0.1198687
-0.1355539
-0.1355210
-0.1190303
-0.0976338
-0.0818587
-0.0733257
-0.0685954
-0.0663540
-0.0677084
-0.0707655
-0.0692847
-0.0595898
-0.0476146
-0.0455463
-0.0593413
-0.0803941
-0.0916330
-0.0828957
-0.0602050
-0.0400867
-0.0354286
-0.0464942
-0.0634816
-0.0756294
-0.0784091
-0.0750534
-0.0734231
-0.0802181
-0.0951452
-0.1095299
-0.1125280
-0.1010950
-0.0840620
-0.0749103
-0.0796299
-0.0920726
-0.1014812
-0.1037067
-0.1041350
-0.1101830
-0.1225002
-0.1341620
-0.1373847
-0.1296556
-0.1134666
-0.0916964
-0.0646717
-0.0317264
0.0053997
0.0416676
0.0715915
0.0930065
0.1080164
0.1204515
0.1329075
0.1466365
0.1636727
0.1871888
0.2178502
0.2494375
0.2695400
0.2668156
0.2393157
0.1963815
0.1519748
0.1147515
0.0828772
0.0477259
0.0036727
-0.0438815
-0.0797388
-0.0901226
-0.0752729
-0.0512759
-0.0373460
-0.0393513
-0.0456406
-0.0387026
-0.0081164
0.0512064
0.1516191
0.3140349
0.5447014
0.8051429
1.0107245
1.0723323
0.9530813
0.6925328
0.3776931
0.0871898
-0.1448496
-0.3230396
-0.4608077
-0.5590724
-0.6080771
-0.6015643
-0.5460840
-0.4598074
-0.3660063
-0.2861829
-0.2335900
-0.2084586
-0.1991821
-0.1911399
-0.1772661
-0.1613241
-0.1513815
-0.1504394
-0.1531171
-0.1504360
-0.1373612
-0.1167402
-0.0973302
-0.0877368
-0.0902009
-0.0985902
-0.1028730
-0.0973167
-0.0853618
-0.0761138
-0.0753524
-0.0798804
-0.0808347
-0.0722305
-0.0558272
-0.0380478
-0.0234243
-0.0118052
-0.0010146
0.0096822
0.0196227
0.0292019
0.0406986
0.0562887
0.0761782
0.0994614
0.1262265
0.1573725
0.1917068
0.2243709
0.2502421
0.2699674
0.2915184
0.3234952
0.3657060
0.4073548
0.4364051
0.4514178
0.4632297
0.4839455
0.5144573
0.5435312
0.5588554
0.5575414
0.5451232
0.5259232
0.4971574
0.4534817
0.3956429
0.3326183
0.2752212
0.2287584
0.1915571
0.1582727
0.1231880
0.0823286
0.0362162
-0.0080689
-0.0402478
-0.0558815
-0.0625644
-0.0743918
-0.0979294
-0.1243289
-0.1375760
-0.1312755
-0.1160689
-0.1096018
-0.1199219
-0.1394843
-0.1543626
-0.1574714
-0.1528229
-0.1491943
-0.1514579
-0.1571400
-0.1591367
-0.1514060
-0.1341726
-0.1153140
-0.1053591
-0.1082369
-0.1161887
-0.1162246
-0.1040233
-0.0905939
-0.0920128
-0.1109927
-0.1304770
-0.1284917
-0.1003441
-0.0649442
-0.0479961
-0.0588938
-0.0841071
-0.1020503
-0.1030766
-0.0954229
-0.0939891
-0.1050476
-0.1210601
-0.1283225
-0.1193170
-0.0995730
-0.0839948
-0.0852002
-0.1026724
-0.1224171
-0.1291497
-0.1209268
-0.1115207
-0.1164551
-0.1359559
-0.1531987
-0.1511491
-0.1308141
-0.1109619
-0.1089399
-0.1230616
-0.1355171
-0.1322418
-0.1178832
-0.1099961
-0.1192390
-0.1364651
-0.1393528
-0.1114729
-0.0561105
0.0061191
0.0522123
0.0718610
0.0723095
0.0710090
0.0822560
0.1076635
0.1375028
0.1614572
0.1788748
0.1983727
0.2267249
0.2583263
0.2768849
0.2688289
0.2355525
0.1922497
0.1542267
0.1238433
0.0905093
0.0435731
-0.0142704
-0.0659751
-0.0930839
-0.0912339
-0.0741102
-0.0619297
-0.0646924
-0.0752424
-0.0773571
-0.0588604
-0.0152029
0.0588965
0.1761171
0.3472827
0.5600504
0.7669743
0.9002840
0.9068495
0.7773015
0.5479690
0.2774244
0.0176973
-0.2013627
-0.3709276
-0.4932730
-0.5721975
-0.6084827
-0.6015412
-0.5554963
-0.4841494
-0.4083959
-0.3458700
-0.3014110
-0.2677434
-0.2358160
-0.2042262
-0.1787980
-0.1645533
-0.1597214
-0.1573464
-0.1510631
-0.1387845
-0.1227175
-0.1080505
-0.1009470
-0.1042671
-0.1128020
-0.1145270
-0.1007829
-0.0770039
-0.0607673
-0.0654280
-0.0848293
-0.0964869
-0.0821255
-0.0452423
-0.0077328
0.0105096
0.0080749
-0.0003802
0.0001416
0.0132236
0.0326162
0.0512969
0.0672917
0.0830190
0.1023504
0.1287040
0.1632941
0.2030312
0.2409631
0.2712416
0.2947187
0.3184910
0.3484705
0.3825699
0.4126504
0.4339238
0.4513740
0.4751711
0.5093245
0.5461019
0.5728529
0.5839756
0.5848792
0.5839330
0.5819559
0.5711230
0.5439222
0.5014601
0.4520576
0.4030396
0.3561149
0.3109292
0.2702035
0.2380770
0.2133100
0.1874076
0.1524894
0.1107247
0.0733860
0.0491760
0.0348458
0.0194142
-0.0023703
-0.0229188
-0.0297605
-0.0199153
-0.0043826
0.0024630
-0.0031945
-0.0124359
-0.0146096
-0.0085585
-0.0021775
-0.0024487
-0.0081589
-0.0127471
-0.0121992
-0.0078783
-0.0018181
0.0079694
0.0248909
0.0467089
0.0638352
0.0671962
0.0578960
0.0472924
0.0461162
0.0537813
0.0594547
0.0539165
0.0396820
0.0289564
0.0320164
0.0480308
0.0666135
0.0770140
0.0756231
0.0664163
0.0563646
0.0505267
0.0494102
0.0492058
0.0451302
0.0365662
0.0296768
0.0332504
0.0494927
0.0683085
0.0727575
0.0532396
0.0178690
-0.0121060
-0.0194934
-0.0057031
0.0112554
0.0138331
0.0010332
-0.0115659
-0.0073915
0.0151678
0.0412922
0.0531478
0.0448895
0.0261095
0.0127925
0.0155761
0.0346606
0.0626125
0.0905729
0.1137459
0.1341372
0.1588709
0.1936090
0.2351331
0.2707245
0.2878001
0.2866735
0.2834114
0.2973817
0.3335584
0.3766202
0.4033456
0.4018206
0.3795595
0.3543137
0.3379305
0.3280119
0.3123054
0.2793713
0.2267442
0.1626847
0.1019922
0.0579005
0.0339576
0.0220647
0.0102403
-0.0053332
-0.0159818
-0.0096704
0.0159671
0.0528767
0.0974209
0.1642585
0.2796778
0.4549340
0.6628374
0.8412295
0.9239952
0.8768528
0.7127799
0.4797569
0.2333101
0.0127858
-0.1670059
-0.3088390
-0.4191317
-0.4976339
-0.5375675
-0.5346572
-0.4958601
-0.4388385
-0.3821389
-0.3350531
-0.2958922
-0.2586409
-0.2205146
-0.1840548
-0.1541102
-0.1342169
-0.1251230
-0.1246435
-0.1277680
-0.1282357
-0.1226487
-0.1142465
-0.1111394
-0.1182848
-0.1302657
-0.1334072
-0.1173131
-0.0856648
-0.0553725
-0.0435201
-0.0531157
-0.0703549
-0.0762245
-0.0626204
-0.0389008
-0.0228838
-0.0240095
-0.0337871
-0.0327475
-0.0083063
0.0327729
0.0695674
0.0857077
0.0840530
0.0832822
0.1000445
0.1341847
0.1704876
0.1936361
0.2015176
0.2059087
0.2222485
0.2583486
0.3100198
0.3647014
0.4092329
0.4370102
0.4510041
0.4610616
0.4767986
0.5005370
0.5253863
0.5400244
0.5365148
0.5152702
0.4837456
0.4501460
0.4169236
0.3791946
0.3298849
0.2677851
0.2011744
0.1427341
0.0996370
0.0680282
0.0374223
0.0009671
-0.0382125
-0.0703979
-0.0886519
-0.0950531
-0.0984971
-0.1071977
-0.1231722
-0.1425889
-0.1599589
-0.1719864
-0.1788686
-0.1832269
-0.1877563
-0.1930368
-0.1970771
-0.1970356
-0.1916280
-0.1821782
-0.1718297
-0.1640392
-0.1612792
-0.1638920
-0.1693436
-0.1733215
-0.1734146
-0.1726590
-0.1780972
-0.1933987
-0.2122184
-0.2209474
-0.2107579
-0.1876261
-0.1690452
-0.1692501
-0.1869736
-0.2074083
-0.2159043
-0.2101650
-0.2004645
-0.1992381
-0.2101917
-0.2258250
-0.2341429
-0.2283178
-0.2120307
-0.1971350
-0.1954596
-0.2102493
-0.2333579
-0.2509028
-0.2538864
-0.2456795
-0.2396844
-0.2479066
-0.2692549
-0.2882758
-0.2874216
-0.2634389
-0.2323765
-0.2165119
-0.2242529
-0.2427525
-0.2513328
-0.2423882
-0.2281349
-0.2261768
-0.2391987
-0.2502318
-0.2383886
-0.1986690
-0.1460724
-0.1014542
-0.0747485
-0.0612143
-0.0506986
-0.0375463
-0.0219185
-0.0049303
0.0143595
0.0369129
0.0605752
0.0805021
0.0925402
0.0950434
0.0869491
0.0653400
0.0269362
-0.0270539
-0.0883553
-0.1453243
-0.1901615
-0.2229261
-0.2489100
-0.2724219
-0.2928246
-0.3056277
-0.3065706
-0.2948861
-0.2738477
-0.2485790
-0.2209022
-0.1820146
-0.1089091
0.0260614
0.2311065
0.4724446
0.6773279
0.7699580
0.7169987
0.5458497
0.3200237
0.0938323
-0.1141956
-0.3105326
-0.4968549
-0.6547215
-0.7582021
-0.7971387
-0.7853339
-0.7471911
-0.6987559
-0.6414740
-0.5712418
-0.4907111
-0.4125292
-0.3518305
-0.3159619
-0.3003088
-0.2926741
-0.2818696
-0.2642157
-0.2442222
-0.2296938
-0.2247820
-0.2260075
-0.2245456
-0.2132036
-0.1923568
-0.1698534
-0.1550298
-0.1516886
-0.1553990
-0.1569145
-0.1487898
-0.1300150
-0.1055675
-0.0821956
-0.0641487
-0.0513240
-0.0400712
-0.0259863
-0.0073842
0.0130836
0.0307776
0.0439393
0.0562370
0.0735471
0.0973204
0.1212793
0.1360426
0.1385544
0.1371618
0.1461116
0.1737305
0.2157593
0.2604361
0.2997599
0.3354485
0.3744878
0.4199067
0.4662151
0.5034159
0.5253066
0.5344487
0.5397816
0.5493612
0.5641168
0.5767269
0.5757976
0.5528366
0.5080296
0.4504337
0.3912551
0.3352481
0.2785429
0.2157397
0.1492807
0.0908188
0.0519955
0.0331937
0.0219144
0.0036027
-0.0249120
-0.0526856
-0.0656459
-0.0605136
-0.0483657
-0.0453655
-0.0598590
-0.0864547
-0.1105143
-0.1189437
-0.1097422
-0.0937061
-0.0866793
-0.0976630
-0.1217805
-0.1438402
-0.1501663
-0.1395602
-0.1241714
-0.1189079
-0.1282987
-0.1426396
-0.1467525
-0.1329344
-0.1067123
-0.0816789
-0.0690406
-0.0705152
-0.0793535
-0.0874546
-0.0917538
-0.0944729
-0.0984641
-0.1035439
-0.1072468
-0.1078627
-0.1059879
-0.1034861
-0.1012157
-0.0974550
-0.0886726
-0.0727875
-0.0524255
-0.0349250
-0.0285260
-0.0372376
-0.0575049
-0.0790060
-0.0903131
-0.0865293
-0.0727957
-0.0601323
-0.0572053
-0.0649336
-0.0771092
-0.0853856
-0.0855029
-0.0810724
-0.0810955
-0.0915187
-0.1078764
-0.1166681
-0.1049873
-0.0700427
-0.0207600
0.0292118
0.0707934
0.1031192
0.1293463
0.1509897
0.1679441
0.1821877
0.1974909
0.2149343
0.2324399
0.2503125
0.2731460
0.3020745
0.3269967
0.3319222
0.3106630
0.2753944
0.2461268
0.2295053
0.2096511
0.1649519
0.0960419
0.0315298
-0.0006629
-0.0044526
-0.0089908
-0.0311991
-0.0561995
-0.0601754
-0.0426826
-0.0261348
