-0.3057124
-0.3416581
-0.3034958
-0.2839027
-0.2956683
-0.2826966
-0.2292712
-0.1616103
-0.0610947
0.1310407
0.4134126
0.6918783
0.8565165
0.8514187
0.6799356
0.3944198
0.0822336
-0.1839455
-0.3929315
-0.5705774
-0.7191062
-0.8114157
-0.8356005
-0.8106549
-0.7603771
-0.6982985
-0.6343436
-0.5728624
-0.5081435
-0.4403100
-0.3876096
-0.3650022
-0.3599338
-0.3471193
-0.3188867
-0.2859805
-0.2586535
-0.2417526
-0.2383113
-0.2435485
-0.2436341
-0.2317902
-0.2172865
-0.2104275
-0.2091669
-0.2075827
-0.2052361
-0.2006293
-0.1879528
-0.1683880
-0.1534297
-0.1497224
-0.1503288
-0.1461666
-0.1364121
-0.1240215
-0.1110469
-0.1012114
-0.0971961
-0.0933585
-0.0806659
-0.0598251
-0.0403653
-0.0270915
-0.0168021
-0.0069266
0.0028038
0.0159063
0.0360549
0.0591572
0.0774964
0.0906531
0.1046104
0.1224381
0.1434600
0.1685602
0.1984411
0.2289984
0.2548355
0.2746928
0.2889587
0.2967193
0.3000390
0.3052531
0.3145290
0.3215437
0.3200261
0.3102699
0.2927735
0.2630206
0.2191402
0.1693443
0.1255522
0.0924707
0.0658443
0.0377628
0.0024335
-0.0382639
-0.0738590
-0.0950019
-0.1043267
-0.1123264
-0.1235761
-0.1340719
-0.1413598
-0.1489601
-0.1597381
-0.1720009
-0.1833706
-0.1925392
-0.1965705
-0.1922642
-0.1813760
-0.1705196
-0.1656237
-0.1686843
-0.1775230
-0.1857218
-0.1864252
-0.1802176
-0.1755418
-0.1772931
-0.1795011
-0.1743698
-0.1643183
-0.1589987
-0.1628506
-0.1706510
-0.1738379
-0.1680517
-0.1565476
-0.1482809
-0.1496392
-0.1563317
-0.1569671
-0.1461187
-0.1300480
-0.1185023
-0.1152393
-0.1175743
-0.1204213
-0.1195249
-0.1153296
-0.1146364
-0.1236152
-0.1380388
-0.1451891
-0.1371393
-0.1186502
-0.1008947
-0.0900676
-0.0821220
-0.0664232
-0.0361506
0.0019274
0.0303999
0.0381802
0.0330347
0.0334907
0.0500886
0.0781079
0.1060743
0.1265941
0.1402963
0.1536635
0.1726680
0.1956593
0.2132437
0.2170031
0.2069839
0.1897512
0.1717724
0.1555597
0.1384469
0.1134072
0.0750113
0.0270920
-0.0184348
-0.0521888
-0.0739545
-0.0877038
-0.0937870
-0.0884114
-0.0690872
-0.0396986
-0.0103872
0.0123354
0.0426567
0.1210710
0.2899209
0.5499544
0.8366786
1.0441515
1.0837510
0.9361954
0.6590953
0.3447902
0.0626532
-0.1670058
-0.3528190
-0.4983525
-0.5932489
-0.6303269
-0.6193763
-0.5806017
-0.5289049
-0.4672978
-0.3941733
-0.3151791
-0.2463107
-0.2029303
-0.1856336
-0.1801435
-0.1722932
-0.1600603
-0.1497849
-0.1447167
-0.1405054
-0.1300779
-0.1109452
-0.0890000
-0.0752570
-0.0757790
-0.0838601
-0.0852737
-0.0728123
-0.0534055
-0.0398591
-0.0375796
-0.0400214
-0.0354288
-0.0181416
0.0049066
0.0196684
0.0192967
0.0119993
0.0118129
0.0226738
0.0353458
0.0401672
0.0395057
0.0462991
0.0711853
0.1107530
0.1481935
0.1678167
0.1705458
0.1728270
0.1883459
0.2134920
0.2336262
0.2412578
0.2441862
0.2562335
0.2827161
0.3153785
0.3406496
0.3530919
0.3604680
0.3742139
0.3958463
0.4159499
0.4266546
0.4311571
0.4390603
0.4547955
0.4721431
0.4783112
0.4628499
0.4253363
0.3761124
0.3282799
0.2879502
0.2524211
0.2165274
0.1788876
0.1430141
0.1146107
0.0968418
0.0858894
0.0724556
0.0508847
0.0263422
0.0098019
0.0055961
0.0063817
0.0011559
-0.0130835
-0.0281269
-0.0327803
-0.0248530
-0.0144774
-0.0134351
-0.0214471
-0.0267215
-0.0213384
-0.0118509
-0.0110286
-0.0215229
-0.0320511
-0.0299968
-0.0153060
-0.0008614
0.0006062
-0.0101996
-0.0195972
-0.0153424
0.0008275
0.0169319
0.0252237
0.0291019
0.0358102
0.0465819
0.0560347
0.0589785
0.0558534
0.0521538
0.0530070
0.0577472
0.0604408
0.0569239
0.0502556
0.0473513
0.0510391
0.0574877
0.0609349
0.0590344
0.0539383
0.0498336
0.0492459
0.0507082
0.0505821
0.0477277
0.0450939
0.0459857
0.0504027
0.0558743
0.0599059
0.0606895
0.0581890
0.0567601
0.0645510
0.0870297
0.1208951
0.1557961
0.1823408
0.1985570
0.2096554
0.2220971
0.2374839
0.2524662
0.2648347
0.2775985
0.2946275
0.3137894
0.3283114
0.3353566
0.3398432
0.3480435
0.3591069
0.3642172
0.3534997
0.3238191
0.2811410
0.2357255
0.1946018
0.1589231
0.1281762
0.1043425
0.0900596
0.0845541
0.0840776
0.0857194
0.0886314
0.0922361
0.0967529
0.1086518
0.1467763
0.2407361
0.4149056
0.6621695
0.9272722
1.1216647
1.1682703
1.0452770
0.7956051
0.4969282
0.2172744
-0.0122992
-0.1938111
-0.3380195
-0.4443405
-0.5014731
-0.5027465
-0.4572449
-0.3865170
-0.3127725
-0.2492716
-0.1981054
-0.1551364
-0.1180160
-0.0899150
-0.0747287
-0.0695594
-0.0645783
-0.0515408
-0.0316619
-0.0145044
-0.0090024
-0.0148023
-0.0220391
-0.0208114
-0.0115626
-0.0045522
-0.0078687
-0.0175834
-0.0216075
-0.0123219
0.0063051
0.0233820
0.0312123
0.0311450
0.0307171
0.0352665
0.0424339
0.0456600
0.0428209
0.0397523
0.0447865
0.0611195
0.0846874
0.1076758
0.1234787
0.1301804
0.1309274
0.1307704
0.1329371
0.1384956
0.1486519
0.1653535
0.1892456
0.2182015
0.2480270
0.2740180
0.2929226
0.3053586
0.3160736
0.3298483
0.3467043
0.3624501
0.3743602
0.3853732
0.4019592
0.4273148
0.4558377
0.4747429
0.4734507
0.4527249
0.4231461
0.3934235
0.3619187
0.3214808
0.2711451
0.2201704
0.1798829
0.1527766
0.1304515
0.1024517
0.0672409
0.0339349
0.0124586
0.0027644
-0.0045841
-0.0175474
-0.0344656
-0.0470295
-0.0493587
-0.0434541
-0.0374355
-0.0394016
-0.0515342
-0.0685548
-0.0819396
-0.0864457
-0.0834635
-0.0791918
-0.0796658
-0.0856376
-0.0908545
-0.0870313
-0.0730023
-0.0581978
-0.0541306
-0.0617698
-0.0695680
-0.0656578
-0.0513617
-0.0410263
-0.0473061
-0.0665486
-0.0804034
-0.0740337
-0.0524990
-0.0366075
-0.0416756
-0.0624558
-0.0801529
-0.0820006
-0.0718023
-0.0629962
-0.0647485
-0.0753396
-0.0865671
-0.0921054
-0.0913020
-0.0868258
-0.0813638
-0.0773185
-0.0771667
-0.0814367
-0.0872388
-0.0914383
-0.0949650
-0.1011639
-0.1095277
-0.1141746
-0.1104971
-0.1015259
-0.0951550
-0.0951085
-0.0967364
-0.0933440
-0.0860805
-0.0846754
-0.0955263
-0.1097288
-0.1071382
-0.0754160
-0.0240068
0.0230466
0.0480552
0.0526857
0.0518398
0.0574309
0.0686343
0.0762786
0.0752277
0.0717675
0.0783240
0.1008287
0.1318212
0.1562162
0.1636517
0.1557649
0.1425398
0.1315519
0.1199351
0.0973197
0.0579940
0.0096265
-0.0323105
-0.0593561
-0.0774987
-0.0988982
-0.1277062
-0.1555927
-0.1707602
-0.1699525
-0.1609517
-0.1532958
-0.1463797
-0.1255991
-0.0681985
0.0472765
0.2312767
0.4713329
0.7215517
0.9077949
0.9577103
0.8411981
0.5904453
0.2813957
-0.0100715
-0.2441853
-0.4214388
-0.5586436
-0.6624819
-0.7234913
-0.7307501
-0.6884772
-0.6180317
-0.5455424
-0.4872721
-0.4438322
-0.4063591
-0.3690324
-0.3367019
-0.3197623
-0.3212252
-0.3304199
-0.3312630
-0.3169123
-0.2955863
-0.2817690
-0.2818105
-0.2881829
-0.2879196
-0.2763251
-0.2613690
-0.2544150
-0.2583042
-0.2659120
-0.2689642
-0.2657389
-0.2601348
-0.2555727
-0.2511955
-0.2433317
-0.2297976
-0.2127190
-0.1971456
-0.1867549
-0.1810408
-0.1766346
-0.1707900
-0.1634789
-0.1568066
-0.1524359
-0.1485952
-0.1396935
-0.1208259
-0.0938432
-0.0675536
-0.0500506
-0.0409866
-0.0325778
-0.0182121
0.0009317
0.0182752
0.0304058
0.0422527
0.0623949
0.0927513
0.1244495
0.1459216
0.1549671
0.1610146
0.1748537
0.1971458
0.2173923
0.2232920
0.2109308
0.1870172
0.1620659
0.1411268
0.1205871
0.0935303
0.0574982
0.0167053
-0.0225035
-0.0573606
-0.0899486
-0.1232008
-0.1554775
-0.1795686
-0.1889377
-0.1861443
-0.1836018
-0.1933849
-0.2153843
-0.2365363
-0.2430019
-0.2338092
-0.2224986
-0.2243427
-0.2407984
-0.2570348
-0.2565927
-0.2389589
-0.2210208
-0.2199542
-0.2356411
-0.2514052
-0.2518545
-0.2385801
-0.2273113
-0.2298480
-0.2403127
-0.2412708
-0.2239251
-0.1999413
-0.1903804
-0.2028378
-0.2221267
-0.2255505
-0.2069818
-0.1842792
-0.1816778
-0.2044948
-0.2321756
-0.2381012
-0.2167610
-0.1896477
-0.1828568
-0.2001323
-0.2202868
-0.2209949
-0.2025082
-0.1862506
-0.1911363
-0.2135508
-0.2316578
-0.2282297
-0.2071342
-0.1869945
-0.1811879
-0.1867561
-0.1918964
-0.1903279
-0.1863862
-0.1882839
-0.1990831
-0.2138250
-0.2234857
-0.2216234
-0.2090542
-0.1933921
-0.1834637
-0.1825506
-0.1860345
-0.1861205
-0.1800819
-0.1737458
-0.1749227
-0.1822490
-0.1823790
-0.1611652
-0.1182600
-0.0691379
-0.0318569
-0.0123656
-0.0027692
0.0075060
0.0204189
0.0293504
0.0294549
0.0263471
0.0327434
0.0558491
0.0890443
0.1171425
0.1297201
0.1287306
0.1234876
0.1193847
0.1123483
0.0943465
0.0634686
0.0270505
-0.0058774
-0.0337085
-0.0616538
-0.0924700
-0.1208378
-0.1386420
-0.1439778
-0.1424755
-0.1402649
-0.1380745
-0.1323538
-0.1181277
-0.0857497
-0.0147003
0.1217287
0.3339580
0.5911951
0.8217567
0.9483985
0.9340768
0.8001089
0.6029793
0.3930782
0.1909197
-0.0047863
-0.1928881
-0.3558481
-0.4682031
-0.5166818
-0.5114814
-0.4786374
-0.4416269
-0.4084570
-0.3734271
-0.3296904
-0.2806982
-0.2402007
-0.2205579
-0.2206334
-0.2262459
-0.2237602
-0.2128807
-0.2049528
-0.2087625
-0.2194155
-0.2224548
-0.2090220
-0.1859212
-0.1694288
-0.1689661
-0.1781623
-0.1829769
-0.1773767
-0.1687736
-0.1678165
-0.1749688
-0.1788588
-0.1675869
-0.1408443
-0.1110358
-0.0929724
-0.0921607
-0.1020465
-0.1113347
-0.1132374
-0.1083175
-0.1003480
-0.0909585
-0.0782011
-0.0595192
-0.0358646
-0.0126753
0.0041517
0.0139134
0.0220310
0.0343424
0.0508346
0.0663143
0.0776738
0.0894675
0.1108121
0.1458145
0.1872583
0.2211995
0.2393433
0.2468796
0.2568001
0.2759638
0.2978224
0.3098592
0.3076362
0.3001048
0.3002046
0.3103141
0.3178319
0.3062871
0.2712615
0.2245464
0.1819212
0.1479022
0.1142549
0.0732067
0.0294616
-0.0030758
-0.0162212
-0.0173349
-0.0228946
-0.0421970
-0.0682912
-0.0857906
-0.0872047
-0.0803079
-0.0790778
-0.0886269
-0.1002677
-0.1011498
-0.0878588
-0.0703633
-0.0627831
-0.0700124
-0.0831808
-0.0886899
-0.0820141
-0.0720010
-0.0709227
-0.0807510
-0.0903659
-0.0868337
-0.0690658
-0.0496629
-0.0428884
-0.0510986
-0.0637084
-0.0693974
-0.0677202
-0.0672122
-0.0730076
-0.0792484
-0.0755650
-0.0601075
-0.0438202
-0.0403379
-0.0518601
-0.0663841
-0.0701107
-0.0622232
-0.0555984
-0.0619314
-0.0776941
-0.0872215
-0.0799118
-0.0621246
-0.0502095
-0.0525847
-0.0612979
-0.0627866
-0.0553480
-0.0522230
-0.0652224
-0.0875190
-0.0974350
-0.0815396
-0.0514916
-0.0341316
-0.0441387
-0.0688677
-0.0821017
-0.0719060
-0.0526298
-0.0485772
-0.0674646
-0.0922985
-0.0996965
-0.0840390
-0.0618081
-0.0533730
-0.0632589
-0.0788422
-0.0858109
-0.0822480
-0.0776454
-0.0803435
-0.0879233
-0.0903270
-0.0813872
-0.0657289
-0.0534582
-0.0486120
-0.0441949
-0.0293726
-0.0011900
0.0317428
0.0577400
0.0738234
0.0879255
0.1087374
0.1345765
0.1544982
0.1607996
0.1581605
0.1584987
0.1679864
0.1818592
0.1923101
0.1984911
0.2058466
0.2161951
0.2219314
0.2125844
0.1861350
0.1508886
0.1152930
0.0787578
0.0357401
-0.0119067
-0.0509503
-0.0679848
-0.0634156
-0.0516692
-0.0472754
-0.0527163
-0.0604518
-0.0630765
-0.0553421
-0.0235698
0.0613288
0.2282986
0.4731029
0.7391638
0.9392531
1.0079665
0.9418038
0.7913460
0.6139178
0.4319579
0.2346252
0.0153355
-0.1983619
-0.3563251
-0.4270483
-0.4246516
-0.3935466
-0.3682231
-0.3501037
-0.3215149
-0.2757177
-0.2278706
-0.1974710
-0.1861527
-0.1777490
-0.1592019
-0.1360940
-0.1244176
-0.1298357
-0.1403957
-0.1411261
-0.1319385
-0.1269726
-0.1365853
-0.1536721
-0.1602594
-0.1467043
-0.1220653
-0.1047304
-0.1041582
-0.1133291
-0.1186003
-0.1145899
-0.1077009
-0.1060317
-0.1085844
-0.1062711
-0.0931593
-0.0748118
-0.0636931
-0.0658848
-0.0736864
-0.0732827
-0.0600081
-0.0439883
-0.0386169
-0.0440207
-0.0446842
-0.0253280
0.0117040
0.0470410
0.0631684
0.0617090
0.0606186
0.0747579
0.1015014
0.1267345
0.1428938
0.1573387
0.1818823
0.2171863
0.2512382
0.2733279
0.2860734
0.3008076
0.3221860
0.3412427
0.3460253
0.3371438
0.3285270
0.3310295
0.3380105
0.3308845
0.2991391
0.2517617
0.2071147
0.1737771
0.1447533
0.1103840
0.0727827
0.0439099
0.0304447
0.0249710
0.0145667
-0.0043094
-0.0234331
-0.0352369
-0.0431595
-0.0561097
-0.0743800
-0.0859616
-0.0793313
-0.0579116
-0.0386510
-0.0356450
-0.0469952
-0.0590552
-0.0622460
-0.0601065
-0.0621379
-0.0701936
-0.0751532
-0.0677913
-0.0507900
-0.0375109
-0.0384477
-0.0503300
-0.0599662
-0.0585771
-0.0507300
-0.0479944
-0.0547217
-0.0624829
-0.0597572
-0.0455993
-0.0313034
-0.0282976
-0.0365181
-0.0462596
-0.0501769
-0.0507072
-0.0547096
-0.0628086
-0.0669604
-0.0595679
-0.0435369
-0.0312495
-0.0329040
-0.0465892
-0.0606084
-0.0654903
-0.0631340
-0.0636777
-0.0732986
-0.0857128
-0.0871272
-0.0708260
-0.0464137
-0.0326410
-0.0397602
-0.0597704
-0.0754792
-0.0786286
-0.0768081
-0.0816963
-0.0931657
-0.0988662
-0.0902324
-0.0752942
-0.0715248
-0.0859379
-0.1060537
-0.1133824
-0.1042324
-0.0934221
-0.0965151
-0.1115327
-0.1214163
-0.1138997
-0.0954662
-0.0837158
-0.0876606
-0.0984990
-0.1001676
-0.0862112
-0.0638407
-0.0426264
-0.0230999
0.0012526
0.0326305
0.0632750
0.0826593
0.0887453
0.0901402
0.0971957
0.1125544
0.1310706
0.1474814
0.1620232
0.1781870
0.1967199
0.2134936
0.2229803
0.2224187
0.2122827
0.1939715
0.1681169
0.1346561
0.0935998
0.0461834
-0.0031541
-0.0455736
-0.0708159
-0.0744638
-0.0633236
-0.0519004
-0.0511796
-0.0598739
-0.0662250
-0.0562910
-0.0175497
0.0647962
0.2074013
0.4138971
0.6546493
0.8654251
0.9772338
0.9580978
0.8305965
0.6487442
0.4562124
0.2646696
0.0681465
-0.1280289
-0.2970265
-0.4083972
-0.4526042
-0.4463929
-0.4162034
-0.3789610
-0.3380775
-0.2934710
-0.2508827
-0.2201664
-0.2060541
-0.2024071
-0.1964020
-0.1791767
-0.1536521
-0.1325028
-0.1272657
-0.1374838
-0.1500333
-0.1505753
-0.1371797
-0.1224280
-0.1207471
-0.1332218
-0.1458355
-0.1434689
-0.1251034
-0.1043261
-0.0951592
-0.0986871
-0.1040340
-0.1010823
-0.0905064
-0.0813631
-0.0805880
-0.0861240
-0.0896841
-0.0848007
-0.0720382
-0.0577029
-0.0484516
-0.0464242
