0.3927139
0.3771917
0.3412182
0.2862313
0.2278436
0.1843057
0.1588436
0.1365527
0.1017605
0.0564467
0.0171528
-0.0062104
-0.0229448
-0.0492805
-0.0871233
-0.1217033
-0.1411581
-0.1517671
-0.1681537
-0.1915267
-0.2057638
-0.1977574
-0.1758345
-0.1620779
-0.1683233
-0.1858940
-0.1994973
-0.2044192
-0.2056671
-0.2057413
-0.2024737
-0.1994085
-0.2085142
-0.2346311
-0.2609857
-0.2604362
-0.2249842
-0.1781771
-0.1522319
-0.1553374
-0.1678039
-0.1696368
-0.1632483
-0.1640540
-0.1753743
-0.1833673
-0.1779600
-0.1690607
-0.1740867
-0.1930718
-0.2057667
-0.1962220
-0.1733289
-0.1604567
-0.1674967
-0.1810252
-0.1838651
-0.1770847
-0.1757801
-0.1857389
-0.1930306
-0.1803649
-0.1482763
-0.1134274
-0.0869385
-0.0613810
-0.0228543
0.0283143
0.0753644
0.1042846
0.1201400
0.1404619
0.1745317
0.2139332
0.2441581
0.2607946
0.2703000
0.2769610
0.2749211
0.2555865
0.2195466
0.1766482
0.1341170
0.0884784
0.0320797
-0.0338202
-0.0959619
-0.1402091
-0.1637285
-0.1745319
-0.1809701
-0.1853483
-0.1879687
-0.1919988
-0.1977151
-0.1901402
-0.1368801
-0.0057666
0.2083284
0.4691828
0.7096148
0.8594665
0.8735547
0.7464158
0.5108214
0.2229278
-0.0604962
-0.3028955
-0.4943528
-0.6394754
-0.7390708
-0.7847530
-0.7715681
-0.7125924
-0.6363181
-0.5675079
-0.5119086
-0.4609025
-0.4088016
-0.3614540
-0.3272877
-0.3048889
-0.2850035
-0.2643905
-0.2516630
-0.2552559
-0.2684575
-0.2723540
-0.2552506
-0.2253513
-0.2010627
-0.1908944
-0.1872308
-0.1798694
-0.1702411
-0.1677971
-0.1748759
-0.1821566
-0.1818541
-0.1798895
-0.1877605
-0.2028142
-0.2047243
-0.1776055
-0.1326294
-0.1010718
-0.1021396
-0.1220398
-0.1294177
-0.1096803
-0.0784464
-0.0599166
-0.0581252
-0.0558399
-0.0395168
-0.0160129
0.0003928
0.0114333
0.0353285
0.0820871
0.1361878
0.1709565
0.1782981
0.1773460
0.1917696
0.2238860
0.2558653
0.2731687
0.2790425
0.2840700
0.2888940
0.2848744
0.2694415
0.2512985
0.2364796
0.2161492
0.1765324
0.1196412
0.0657046
0.0314172
0.0115046
-0.0119609
-0.0449545
-0.0749976
-0.0914987
-0.1038149
-0.1294022
-0.1659483
-0.1869857
-0.1719827
-0.1344751
-0.1103654
-0.1185992
-0.1426553
-0.1545994
-0.1488826
-0.1429922
-0.1483261
-0.1537356
-0.1440877
-0.1259832
-0.1218855
-0.1378939
-0.1493866
-0.1279133
-0.0775907
-0.0338682
-0.0245787
-0.0412917
-0.0544799
-0.0493400
-0.0362758
-0.0284955
-0.0229835
-0.0110581
0.0010101
-0.0041297
-0.0285870
-0.0483107
-0.0381679
-0.0041995
0.0198702
0.0109554
-0.0169814
-0.0312583
-0.0193635
0.0007930
0.0088890
0.0081403
0.0152710
0.0320370
0.0407701
0.0317282
0.0243107
0.0499387
0.1146243
0.1878987
0.2337439
0.2474678
0.2556717
0.2824674
0.3246556
0.3628440
0.3885419
0.4111277
0.4400690
0.4704870
0.4914103
0.5025411
0.5144804
0.5316304
0.5414004
0.5254139
0.4796740
0.4189480
0.3606324
0.3087332
0.2567204
0.2024903
0.1540177
0.1191527
0.0954284
0.0746819
0.0556842
0.0466858
0.0539251
0.0720471
0.0916014
0.1177550
0.1780675
0.3053055
0.5063943
0.7443868
0.9500425
1.0544700
1.0199022
0.8524244
0.5953321
0.3097486
0.0506266
-0.1519966
-0.2968032
-0.3985106
-0.4693016
-0.5091144
-0.5106499
-0.4715350
-0.4010941
-0.3167548
-0.2360882
-0.1722381
-0.1325831
-0.1159713
-0.1102500
-0.0978747
-0.0697163
-0.0338445
-0.0078062
-0.0013305
-0.0082524
-0.0154275
-0.0163302
-0.0133239
-0.0088070
0.0003254
0.0166671
0.0343193
0.0429131
0.0408099
0.0393081
0.0495460
0.0679482
0.0803154
0.0803259
0.0780474
0.0869890
0.1070316
0.1255885
0.1343381
0.1386159
0.1478043
0.1612866
0.1700903
0.1721306
0.1791726
0.2037749
0.2421007
0.2759877
0.2931205
0.2999457
0.3115381
0.3329844
0.3563112
0.3740938
0.3891071
0.4077942
0.4291598
0.4459834
0.4565796
0.4698798
0.4952086
0.5288211
0.5545453
0.5585276
0.5406528
0.5105117
0.4759299
0.4390661
0.4009225
0.3629942
0.3230156
0.2751798
0.2199406
0.1710940
0.1464101
0.1486957
0.1595719
0.1557550
0.1310227
0.0994973
0.0777121
0.0678481
0.0613689
0.0548873
0.0545808
0.0631251
0.0695676
0.0597907
0.0359300
0.0184285
0.0256088
0.0542328
0.0830653
0.0938251
0.0859242
0.0721514
0.0645434
0.0664284
0.0745388
0.0832625
0.0859517
0.0773985
0.0601655
0.0469483
0.0507736
0.0703895
0.0885194
0.0877217
0.0672133
0.0425024
0.0295852
0.0310108
0.0359073
0.0308336
0.0107257
-0.0175655
-0.0400774
-0.0451875
-0.0317629
-0.0102178
0.0053653
0.0084866
0.0043575
0.0020725
0.0037497
0.0046426
0.0042956
0.0122585
0.0376410
0.0750706
0.1076453
0.1261164
0.1406529
0.1690658
0.2146334
0.2602719
0.2866477
0.2934274
0.2991535
0.3203681
0.3544747
0.3848055
0.3987617
0.3961737
0.3813524
0.3540909
0.3124648
0.2606094
0.2078273
0.1593636
0.1116191
0.0584595
0.0009010
-0.0512841
-0.0877498
-0.1065634
-0.1148214
-0.1213081
-0.1296630
-0.1375936
-0.1384780
-0.1197235
-0.0605493
0.0620215
0.2561936
0.4970301
0.7225741
0.8546396
0.8379858
0.6731943
0.4160086
0.1402318
-0.1056221
-0.3118513
-0.4862135
-0.6267880
-0.7180807
-0.7491101
-0.7286233
-0.6799703
-0.6235353
-0.5671927
-0.5123083
-0.4629002
-0.4246255
-0.3975935
-0.3763128
-0.3578223
-0.3451072
-0.3397528
-0.3349906
-0.3209598
-0.2967893
-0.2740272
-0.2662812
-0.2758806
-0.2910551
-0.2961478
-0.2853108
-0.2673429
-0.2574010
-0.2630855
-0.2771733
-0.2831066
-0.2687518
-0.2374926
-0.2069800
-0.1948830
-0.2032761
-0.2168939
-0.2175211
-0.1995533
-0.1716515
-0.1464637
-0.1315949
-0.1279823
-0.1310416
-0.1311551
-0.1169718
-0.0835687
-0.0392294
-0.0021694
0.0130619
0.0086255
0.0029736
0.0155028
0.0500664
0.0932174
0.1278281
0.1474192
0.1585535
0.1726485
0.1965664
0.2282564
0.2583474
0.2758237
0.2739109
0.2522123
0.2150533
0.1691209
0.1213811
0.0759771
0.0317402
-0.0155619
-0.0667632
-0.1153258
-0.1509283
-0.1680397
-0.1720416
-0.1769232
-0.1947411
-0.2248843
-0.2539020
-0.2678693
-0.2656819
-0.2596461
-0.2630437
-0.2774802
-0.2918216
-0.2929207
-0.2780480
-0.2574886
-0.2445829
-0.2434500
-0.2477932
-0.2510523
-0.2539593
-0.2599611
-0.2663924
-0.2650718
-0.2524620
-0.2360740
-0.2279677
-0.2316440
-0.2369049
-0.2295166
-0.2064570
-0.1801145
-0.1661157
-0.1683080
-0.1775881
-0.1839970
-0.1864073
-0.1899706
-0.1974801
-0.2055059
-0.2078945
-0.2016833
-0.1899870
-0.1795332
-0.1749394
-0.1754220
-0.1773379
-0.1787328
-0.1797586
-0.1792356
-0.1731839
-0.1580396
-0.1349455
-0.1100804
-0.0895909
-0.0728231
-0.0510443
-0.0155208
0.0318821
0.0782296
0.1116589
0.1330626
0.1542127
0.1850735
0.2240815
0.2598643
0.2810179
0.2846799
0.2768547
0.2648901
0.2501328
0.2283093
0.1953639
0.1501759
0.0923778
0.0225080
-0.0524519
-0.1166084
-0.1541543
-0.1639793
-0.1635475
-0.1737305
-0.1969772
-0.2127980
-0.1995351
-0.1596227
-0.1145068
-0.0682890
0.0165472
0.1914207
0.4597061
0.7445414
0.9268986
0.9246880
0.7437599
0.4610290
0.1635378
-0.0994861
-0.3188799
-0.4987417
-0.6377329
-0.7321558
-0.7842050
-0.7997658
-0.7820921
-0.7341085
-0.6663044
-0.5968159
-0.5407139
-0.4999948
-0.4651233
-0.4263763
-0.3836347
-0.3453183
-0.3186930
-0.3033191
-0.2948530
-0.2920335
-0.2955605
-0.3009193
-0.2981092
-0.2819690
-0.2603791
-0.2482340
-0.2521794
-0.2626513
-0.2628200
-0.2465526
-0.2264939
-0.2212679
-0.2335809
-0.2446064
-0.2339589
-0.2037956
-0.1785584
-0.1794757
-0.2016682
-0.2180044
-0.2049612
-0.1643784
-0.1205111
-0.0964139
-0.0937833
-0.0957273
-0.0864703
-0.0647592
-0.0391570
-0.0164213
0.0021286
0.0171403
0.0302932
0.0470454
0.0757440
0.1204969
0.1746314
0.2229475
0.2530690
0.2662159
0.2755223
0.2914804
0.3095433
0.3143030
0.2956100
0.2584203
0.2172337
0.1834534
0.1579415
0.1326607
0.0984372
0.0534423
0.0057598
-0.0331251
-0.0582213
-0.0747023
-0.0926139
-0.1182860
-0.1491188
-0.1750506
-0.1862626
-0.1815748
-0.1695619
-0.1612363
-0.1624510
-0.1725089
-0.1862719
-0.1958593
-0.1942881
-0.1821649
-0.1700608
-0.1702074
-0.1840858
-0.1993065
-0.2000725
-0.1818795
-0.1568893
-0.1440090
-0.1515657
-0.1694219
-0.1794762
-0.1735369
-0.1593006
-0.1501589
-0.1525452
-0.1628990
-0.1725279
-0.1733574
-0.1620046
-0.1418860
-0.1219670
-0.1121931
-0.1178863
-0.1353497
-0.1518880
-0.1541061
-0.1409027
-0.1273685
-0.1311127
-0.1531557
-0.1749189
-0.1759739
-0.1541576
-0.1273103
-0.1146927
-0.1161218
-0.1103386
-0.0765224
-0.0179717
0.0382096
0.0665380
0.0668546
0.0627849
0.0799354
0.1264149
0.1899168
0.2491596
0.2893814
0.3109801
0.3252121
0.3414875
0.3583260
0.3648357
0.3487958
0.3044144
0.2363112
0.1580138
0.0850974
0.0279591
-0.0103843
-0.0330425
-0.0485527
-0.0680571
-0.0965773
-0.1257124
-0.1397550
-0.1322932
-0.1142041
-0.1002270
-0.0843889
-0.0294572
0.1122498
0.3555636
0.6510712
0.8987080
1.0031834
0.9288123
0.7117613
0.4270532
0.1423517
-0.1088509
-0.3238583
-0.5078798
-0.6535979
-0.7411836
-0.7568214
-0.7091610
-0.6269203
-0.5415752
-0.4713588
-0.4172936
-0.3708907
-0.3260128
-0.2850423
-0.2546394
-0.2374120
-0.2294344
-0.2240723
-0.2151775
-0.1982781
-0.1736987
-0.1491686
-0.1349290
-0.1340015
-0.1393738
-0.1418764
-0.1390901
-0.1359787
-0.1383566
-0.1459835
-0.1509517
-0.1434638
-0.1207925
-0.0904771
-0.0644125
-0.0509293
-0.0516840
-0.0614098
-0.0683312
-0.0598457
-0.0338532
-0.0035968
0.0135011
0.0132307
0.0094861
0.0218046
0.0581464
0.1079081
0.1504279
0.1720551
0.1770108
0.1819317
0.2004188
0.2335566
0.2727793
0.3078797
0.3334012
0.3527189
0.3769930
0.4151703
0.4621826
0.4997436
0.5112168
0.4948837
0.4628272
0.4292155
0.3996004
0.3684943
0.3261398
0.2693925
0.2069712
0.1537904
0.1206772
0.1088926
0.1105408
0.1116492
0.0986543
0.0675973
0.0277016
-0.0063120
-0.0256657
-0.0318081
-0.0329961
-0.0386080
-0.0529968
-0.0708902
-0.0804535
-0.0741470
-0.0561004
-0.0376444
-0.0273805
-0.0264673
-0.0303262
-0.0323104
-0.0277010
-0.0169114
-0.0047942
0.0036198
0.0064175
0.0055655
0.0066458
0.0158548
0.0332934
0.0501868
0.0570147
0.0540328
0.0497820
0.0499971
0.0529191
0.0554381
0.0580696
0.0616422
0.0632203
0.0587939
0.0491629
0.0413828
0.0433406
0.0555380
0.0683458
0.0700645
0.0587047
0.0432741
0.0331991
0.0307614
0.0346273
0.0440198
0.0553171
0.0608764
0.0587427
0.0610215
0.0849944
0.1341435
0.1916064
0.2344109
0.2537671
0.2615215
0.2771886
0.3089658
0.3485704
0.3840731
0.4126208
0.4369511
0.4553924
0.4644489
0.4695284
0.4823181
0.5036899
0.5165259
0.5011546
0.4549150
0.3929439
0.3319804
0.2768211
0.2222863
0.1656997
0.1142968
0.0782013
0.0582899
0.0466230
0.0392920
0.0413541
0.0553398
0.0732823
0.0899425
0.1216453
0.2021782
0.3546244
0.5656691
0.7836473
0.9396475
0.9781391
0.8810916
0.6731268
0.4068481
0.1393297
-0.0886473
-0.2635702
-0.3941850
-0.4915507
-0.5522911
-0.5643478
-0.5272766
-0.4594024
-0.3836148
-0.3129290
-0.2519807
-0.2043642
-0.1714034
-0.1466317
-0.1183547
-0.0807220
-0.0418471
-0.0186182
-0.0198189
-0.0340697
-0.0396639
-0.0287839
-0.0158184
-0.0169259
-0.0280792
-0.0318711
-0.0218729
-0.0094833
-0.0059358
-0.0064909
0.0029635
0.0273514
0.0545565
0.0669492
0.0602829
0.0489900
0.0502187
0.0651145
0.0812612
0.0913879
0.1003982
0.1126109
0.1227574
0.1261368
0.1304363
0.1489660
0.1842600
0.2240723
0.2534042
0.2680254
0.2768384
0.2920610
0.3169829
0.3448133
0.3699283
0.3948927
0.4221628
0.4452553
0.4572407
0.4647708
0.4827204
0.5135519
0.5404886
0.5442071
0.5210716
0.4830167
0.4439333
0.4085244
0.3724027
0.3311334
0.2872411
0.2457037
0.2051065
0.1611055
0.1192994
0.0940775
0.0888159
0.0860794
0.0664409
0.0319475
0.0023242
-0.0093180
-0.0091508
-0.0114564
-0.0208632
-0.0283842
-0.0244935
-0.0141631
-0.0137281
-0.0291359
-0.0435511
-0.0360944
-0.0100496
0.0091888
0.0051487
-0.0116799
-0.0200116
-0.0124123
0.0013745
0.0088847
0.0064842
-0.0012545
-0.0095742
-0.0188347
-0.0295986
-0.0340891
-0.0211559
0.0058647
0.0250638
0.0186765
-0.0055807
-0.0249706
-0.0293789
-0.0291173
-0.0376282
-0.0556909
-0.0732919
-0.0811155
-0.0790299
-0.0751843
-0.0758109
-0.0769009
-0.0709640
-0.0609455
-0.0587530
-0.0686359
-0.0816021
-0.0892946
-0.0935153
-0.0972580
-0.0954579
-0.0811287
-0.0545757
-0.0214934
0.0133939
0.0476712
0.0805475
0.1125468
0.1426150
0.1670088
0.1855858
0.2056421
0.2329522
0.2631727
0.2897938
0.3149873
0.3418206
0.3602359
0.3541169
0.3220998
0.2802915
0.2426711
0.2063341
0.1572950
0.0867306
0.0029097
-0.0706988
-0.1141855
-0.1309317
-0.1421023
-0.1596224
-0.1751394
-0.1796161
-0.1794026
-0.1812017
-0.1693684
-0.1099855
0.0232521
0.2277104
0.4658813
0.6754217
0.7959271
0.7976858
0.6872950
0.4908970
0.2411719
-0.0242651
-0.2698163
-0.4744688
-0.6308705
-0.7336796
-0.7799866
-0.7794623
-0.7502032
-0.7030292
-0.6405305
-0.5704725
-0.5076672
-0.4614845
-0.4304628
-0.4081289
-0.3871068
-0.3624906
-0.3392712
-0.3295300
-0.3337134
-0.3340239
-0.3170739
-0.2934385
-0.2828864
-0.2894791
-0.3030230
-0.3153237
-0.3223017
-0.3189275
-0.3052053
-0.2915663
-0.2890856
-0.2989717
-0.3145034
-0.3241211
-0.3127889
-0.2758827
-0.2337034
-0.2143876
-0.2188753
-0.2209703
-0.2048645
-0.1816967
-0.1644152
-0.1487158
-0.1277228
-0.1068565
-0.0942233
-0.0884195
-0.0804705
-0.0587460
-0.0154561
0.0397413
0.0806749
0.0946011
0.1009051
0.1229586
0.1558850
0.1837634
0.2116237
0.2513187
0.2887292
0.2971768
0.2774892
0.2573978
0.2546796
0.2608587
0.2546514
0.2169415
0.1452172
0.0653944
0.0108542
-0.0203415
-0.0616893
-0.1224883
-0.1711863
-0.1891404
-0.2004687
-0.2264006
-0.2497623
-0.2504261
-0.2393262
-0.2333173
-0.2317552
-0.2371117
-0.2602564
-0.2895547
-0.2964487
-0.2829133
-0.2775029
-0.2805881
-0.2693543
-0.2555655
-0.2684984
-0.2829334
-0.2487441
-0.1916077
-0.1840333
-0.2130172
-0.1966134
-0.1449643
-0.1597850
-0.2357440
-0.2269830
-0.0924904
