-0.0889843
-0.1103055
-0.1346274
-0.1456230
-0.1351429
-0.1090855
-0.0844863
-0.0785310
-0.0952994
-0.1207359
-0.1331559
-0.1229783
-0.1032075
-0.0977722
-0.1169647
-0.1450386
-0.1545169
-0.1337179
-0.0990348
-0.0791417
-0.0877247
-0.1123166
-0.1285940
-0.1235758
-0.1050025
-0.0909523
-0.0927486
-0.1068495
-0.1197482
-0.1188402
-0.1005595
-0.0715272
-0.0428955
-0.0214263
-0.0037471
0.0203444
0.0567269
0.0980475
0.1274670
0.1337256
0.1232944
0.1164046
0.1297473
0.1628874
0.2015119
0.2324032
0.2533106
0.2688723
0.2807331
0.2849830
0.2782169
0.2618422
0.2382744
0.2056990
0.1609349
0.1079042
0.0592295
0.0258665
0.0059571
-0.0128045
-0.0388279
-0.0669200
-0.0844075
-0.0850125
-0.0739436
-0.0600910
-0.0470449
-0.0329847
-0.0143177
0.0178328
0.0859080
0.2223685
0.4452017
0.7284030
0.9970247
1.1591922
1.1543074
0.9815332
0.6908210
0.3503994
0.0183454
-0.2672633
-0.4856144
-0.6297856
-0.7055955
-0.7277017
-0.7113716
-0.6660085
-0.5964052
-0.5093759
-0.4176138
-0.3364392
-0.2771294
-0.2428736
-0.2288668
-0.2243544
-0.2161310
-0.1950130
-0.1631445
-0.1346562
-0.1250632
-0.1365598
-0.1540095
-0.1580881
-0.1439376
-0.1259142
-0.1224697
-0.1366458
-0.1529620
-0.1537271
-0.1367543
-0.1159925
-0.1063783
-0.1105308
-0.1198960
-0.1253465
-0.1241132
-0.1183418
-0.1113396
-0.1067812
-0.1082741
-0.1155882
-0.1213456
-0.1152765
-0.0945588
-0.0687977
-0.0520491
-0.0494366
-0.0532609
-0.0526159
-0.0446517
-0.0348027
-0.0278025
-0.0218327
-0.0119815
0.0036678
0.0239638
0.0491136
0.0812631
0.1191751
0.1550787
0.1805525
0.1960758
0.2119603
0.2374633
0.2698150
0.2965686
0.3096888
0.3156610
0.3297527
0.3601201
0.3985164
0.4269607
0.4330222
0.4186460
0.3954847
0.3732465
0.3525354
0.3270857
0.2911281
0.2448960
0.1949930
0.1506226
0.1182456
0.0974877
0.0811530
0.0603607
0.0316422
0.0000043
-0.0254097
-0.0396766
-0.0467161
-0.0554555
-0.0709624
-0.0892180
-0.1007941
-0.0997908
-0.0892939
-0.0786060
-0.0757559
-0.0823217
-0.0938439
-0.1037006
-0.1069802
-0.1028615
-0.0951722
-0.0903102
-0.0925499
-0.0999295
-0.1053634
-0.1033735
-0.0960682
-0.0912733
-0.0939482
-0.1004014
-0.1024064
-0.0967808
-0.0892171
-0.0878867
-0.0944652
-0.1028498
-0.1061619
-0.1030706
-0.0965272
-0.0881834
-0.0767887
-0.0626490
-0.0513092
-0.0500026
-0.0599638
-0.0740250
-0.0833265
-0.0859864
-0.0878465
-0.0944214
-0.1032329
-0.1052986
-0.0945139
-0.0751361
-0.0593400
-0.0567831
-0.0662223
-0.0773776
-0.0811832
-0.0782790
-0.0774484
-0.0858208
-0.1008111
-0.1118032
-0.1097012
-0.0948630
-0.0762632
-0.0639806
-0.0628528
-0.0716724
-0.0854405
-0.0971463
-0.1000412
-0.0924713
-0.0817320
-0.0799967
-0.0925191
-0.1094366
-0.1123118
-0.0916408
-0.0577667
-0.0323249
-0.0274961
-0.0340940
-0.0308405
-0.0051050
0.0358984
0.0733710
0.0946256
0.1028609
0.1119168
0.1332033
0.1665896
0.2013698
0.2252661
0.2343862
0.2365066
0.2443414
0.2633942
0.2850714
0.2929177
0.2779574
0.2485964
0.2236777
0.2137776
0.2094127
0.1893849
0.1418220
0.0766384
0.0169655
-0.0209332
-0.0388565
-0.0497481
-0.0627731
-0.0764309
-0.0838957
-0.0810686
-0.0680695
-0.0458550
-0.0148668
0.0244755
0.0761870
0.1573112
0.2965499
0.5115738
0.7774509
1.0180681
1.1396999
1.0872460
0.8779059
0.5839053
0.2811638
0.0093917
-0.2271205
-0.4307750
-0.5900130
-0.6861805
-0.7140667
-0.6898432
-0.6381722
-0.5741902
-0.4993445
-0.4127113
-0.3230757
-0.2483231
-0.2033636
-0.1890775
-0.1923303
-0.1959654
-0.1898774
-0.1754050
-0.1614371
-0.1559224
-0.1588666
-0.1621156
-0.1565467
-0.1407549
-0.1230307
-0.1142080
-0.1179824
-0.1281238
-0.1352058
-0.1358603
-0.1350969
-0.1395836
-0.1492948
-0.1564534
-0.1526965
-0.1369330
-0.1164687
-0.1013071
-0.0972490
-0.1027215
-0.1104053
-0.1121666
-0.1046750
-0.0921421
-0.0832383
-0.0832860
-0.0879938
-0.0856010
-0.0674778
-0.0379963
-0.0128037
-0.0049058
-0.0113489
-0.0147080
0.0007738
0.0342450
0.0697656
0.0925642
0.1031596
0.1153491
0.1413860
0.1804908
0.2217485
0.2560440
0.2829097
0.3063209
0.3273102
0.3434076
0.3540699
0.3630863
0.3741413
0.3859662
0.3940631
0.3963930
0.3945074
0.3880357
0.3707002
0.3355847
0.2852279
0.2335703
0.1945751
0.1687802
0.1435147
0.1076627
0.0647298
0.0295784
0.0128094
0.0101333
0.0073631
-0.0057511
-0.0276276
-0.0492647
-0.0640162
-0.0721806
-0.0777261
-0.0830983
-0.0879901
-0.0914827
-0.0933890
-0.0935247
-0.0913024
-0.0870179
-0.0828557
-0.0814993
-0.0835027
-0.0866032
-0.0882259
-0.0887299
-0.0915432
-0.0991443
-0.1086706
-0.1125250
-0.1047887
-0.0876075
-0.0707208
-0.0638595
-0.0689588
-0.0793345
-0.0862420
-0.0864399
-0.0837914
-0.0838542
-0.0872412
-0.0886159
-0.0823064
-0.0687416
-0.0552034
-0.0500353
-0.0555288
-0.0659136
-0.0726023
-0.0723428
-0.0704999
-0.0754616
-0.0890180
-0.1026314
-0.1043072
-0.0899328
-0.0680122
-0.0530218
-0.0535444
-0.0660442
-0.0794394
-0.0854271
-0.0847285
-0.0843157
-0.0895604
-0.0990128
-0.1057141
-0.1030472
-0.0904090
-0.0746131
-0.0654789
-0.0682269
-0.0789306
-0.0878435
-0.0883472
-0.0831977
-0.0816918
-0.0900420
-0.1041589
-0.1122943
-0.1058024
-0.0880666
-0.0726353
-0.0716113
-0.0848178
-0.0998023
-0.1028723
-0.0914824
-0.0769397
-0.0744887
-0.0890055
-0.1093887
-0.1176353
-0.1047109
-0.0783118
-0.0555140
-0.0480277
-0.0537627
-0.0606198
-0.0567784
-0.0380835
-0.0085203
0.0237322
0.0508913
0.0693663
0.0819575
0.0960094
0.1164964
0.1393842
0.1538436
0.1539104
0.1476173
0.1512681
0.1725396
0.2006669
0.2160113
0.2097199
0.1918372
0.1785183
0.1727979
0.1612042
0.1303409
0.0839185
0.0399305
0.0113997
-0.0062514
-0.0267086
-0.0543253
-0.0778138
-0.0822443
-0.0642675
-0.0342897
-0.0063275
0.0117668
0.0210801
0.0326468
0.0708216
0.1706356
0.3580484
0.6203298
0.8939009
1.0896484
1.1416613
1.0404707
0.8257039
0.5514605
0.2589814
-0.0248163
-0.2752948
-0.4673766
-0.5871809
-0.6418285
-0.6524209
-0.6358237
-0.5946941
-0.5254949
-0.4336121
-0.3379298
-0.2604275
-0.2121749
-0.1886457
-0.1765944
-0.1650742
-0.1519970
-0.1426499
-0.1425657
-0.1506406
-0.1579125
-0.1533723
-0.1329028
-0.1042470
-0.0827798
-0.0800294
-0.0942033
-0.1115932
-0.1182279
-0.1114069
-0.1008144
-0.0985709
-0.1073976
-0.1176430
-0.1162770
-0.0999669
-0.0794659
-0.0699754
-0.0764557
-0.0890774
-0.0938390
-0.0870244
-0.0779428
-0.0772812
-0.0841814
-0.0864724
-0.0738851
-0.0495970
-0.0273635
-0.0177456
-0.0187017
-0.0196448
-0.0125662
0.0020764
0.0185841
0.0325472
0.0446064
0.0602994
0.0867751
0.1269781
0.1745196
0.2153333
0.2381326
0.2455256
0.2531922
0.2747423
0.3066832
0.3313258
0.3371311
0.3343533
0.3461586
0.3827806
0.4274018
0.4506206
0.4382732
0.4027043
0.3668693
0.3404928
0.3141430
0.2751449
0.2251307
0.1792724
0.1495682
0.1322195
0.1126719
0.0810840
0.0410334
0.0043532
-0.0200197
-0.0322635
-0.0397973
-0.0509812
-0.0689373
-0.0887068
-0.0999337
-0.0946911
-0.0754519
-0.0557654
-0.0506607
-0.0635945
-0.0825762
-0.0912206
-0.0850883
-0.0763410
-0.0808748
-0.1008566
-0.1209701
-0.1225451
-0.1015845
-0.0731131
-0.0578032
-0.0638006
-0.0810411
-0.0928689
-0.0924488
-0.0871715
-0.0877307
-0.0949795
-0.0990390
-0.0908831
-0.0731435
-0.0582674
-0.0560493
-0.0640393
-0.0712184
-0.0706263
-0.0665634
-0.0685357
-0.0796748
-0.0930268
-0.0987327
-0.0928318
-0.0788861
-0.0635195
-0.0524328
-0.0495320
-0.0563789
-0.0701192
-0.0830426
-0.0874837
-0.0830508
-0.0775002
-0.0779748
-0.0818940
-0.0797563
-0.0681495
-0.0566970
-0.0582419
-0.0727175
-0.0850230
-0.0815982
-0.0672753
-0.0617495
-0.0776626
-0.1043744
-0.1169467
-0.1021331
-0.0731335
-0.0564377
-0.0650545
-0.0871218
-0.1007573
-0.0972146
-0.0876518
-0.0887149
-0.1041091
-0.1209097
-0.1224499
-0.1033486
-0.0720141
-0.0401116
-0.0115286
0.0179169
0.0515442
0.0846799
0.1073681
0.1144112
0.1128866
0.1189396
0.1449243
0.1878156
0.2306011
0.2567065
0.2638694
0.2636248
0.2672483
0.2729771
0.2677453
0.2416247
0.2000270
0.1604616
0.1361002
0.1226230
0.1024462
0.0626450
0.0085145
-0.0405519
-0.0681263
-0.0740663
-0.0722368
-0.0757367
-0.0839034
-0.0835701
-0.0632953
-0.0253675
0.0190240
0.0689284
0.1471354
0.2893943
0.5118727
0.7818791
1.0195982
1.1363003
1.0839579
0.8795613
0.5874584
0.2773797
-0.0077129
-0.2545007
-0.4613034
-0.6217290
-0.7242489
-0.7636102
-0.7491562
-0.7002326
-0.6335741
-0.5562084
-0.4704953
-0.3836727
-0.3095730
-0.2599193
-0.2347547
-0.2226765
-0.2112824
-0.1975561
-0.1876834
-0.1868834
-0.1909831
-0.1896258
-0.1773563
-0.1596277
-0.1471704
-0.1455310
-0.1507665
-0.1544905
-0.1523705
-0.1481944
-0.1500474
-0.1617049
-0.1768864
-0.1825903
-0.1700371
-0.1440403
-0.1214404
-0.1178783
-0.1333663
-0.1508788
-0.1520200
-0.1359239
-0.1208031
-0.1239584
-0.1407768
-0.1470241
-0.1240974
-0.0806571
-0.0464552
-0.0433821
-0.0634062
-0.0767466
-0.0622245
-0.0279767
-0.0007372
0.0040815
-0.0011893
0.0097400
0.0496334
0.1057235
0.1532887
0.1785729
0.1886412
0.2014877
0.2284211
0.2653734
0.2990275
0.3197941
0.3296159
0.3395231
0.3604568
0.3941741
0.4302877
0.4525119
0.4506544
0.4282448
0.3979700
0.3691434
0.3401248
0.3031026
0.2553636
0.2049856
0.1651037
0.1421447
0.1293797
0.1125935
0.0830608
0.0453500
0.0123988
-0.0069413
-0.0157558
-0.0253889
-0.0440340
-0.0679527
-0.0837586
-0.0808386
-0.0627410
-0.0457195
-0.0448411
-0.0610645
-0.0815687
-0.0919518
-0.0883430
-0.0794829
-0.0784100
-0.0911900
-0.1115527
-0.1253867
-0.1213510
-0.0995020
-0.0719234
-0.0549054
-0.0573870
-0.0738563
-0.0887674
-0.0904694
-0.0818309
-0.0760021
-0.0812534
-0.0913811
-0.0921540
-0.0766276
-0.0530728
-0.0376089
-0.0393013
-0.0525956
-0.0640431
-0.0655810
-0.0606666
-0.0585232
-0.0643448
-0.0750385
-0.0821216
-0.0778607
-0.0612384
-0.0405759
-0.0290207
-0.0339822
-0.0497906
-0.0624010
-0.0628877
-0.0562020
-0.0558778
-0.0698090
-0.0914641
-0.1054053
-0.1012950
-0.0821962
-0.0601988
-0.0463234
-0.0450952
-0.0550038
-0.0697234
-0.0796998
-0.0779261
-0.0672117
-0.0594035
-0.0640146
-0.0775712
-0.0863109
-0.0803329
-0.0642624
-0.0530274
-0.0571701
-0.0730586
-0.0877920
-0.0925466
-0.0897561
-0.0881312
-0.0932762
-0.1035751
-0.1122647
-0.1116959
-0.0983534
-0.0775086
-0.0622133
-0.0631346
-0.0764143
-0.0829136
-0.0630555
-0.0151673
0.0406424
0.0789547
0.0917315
0.0948378
0.1108421
0.1456994
0.1842221
0.2082604
0.2161895
0.2224989
0.2400567
0.2658400
0.2846738
0.2850795
0.2695280
0.2491155
0.2304423
0.2103951
0.1833825
0.1495539
0.1130263
0.0748528
0.0329928
-0.0101633
-0.0449894
-0.0631435
-0.0676820
-0.0708635
-0.0798448
-0.0859968
-0.0718048
-0.0300026
0.0273446
0.0848195
0.1509061
0.2639132
0.4611640
0.7344942
1.0132006
1.1938464
1.1972872
1.0124179
0.6976634
0.3428755
0.0213533
-0.2358435
-0.4329927
-0.5848443
-0.6959624
-0.7568748
-0.7559830
-0.6961602
-0.6011656
-0.5041580
-0.4270235
-0.3693330
-0.3166484
-0.2588360
-0.2007388
-0.1567887
-0.1364625
-0.1349395
-0.1375850
-0.1332017
-0.1225268
-0.1145736
-0.1166984
-0.1284741
-0.1422439
-0.1474888
-0.1372921
-0.1148370
-0.0936804
-0.0878530
-0.0991629
-0.1149470
-0.1198388
-0.1103525
-0.0979140
-0.0971945
-0.1109668
-0.1266958
-0.1286086
-0.1124609
-0.0876169
-0.0665588
-0.0555966
-0.0549057
-0.0619966
-0.0717279
-0.0762070
-0.0700309
-0.0565508
-0.0457810
-0.0434468
-0.0423457
-0.0269648
0.0107823
0.0601559
0.0984800
0.1118747
0.1087490
0.1114320
0.1351953
0.1763127
0.2182906
0.2467716
0.2598126
0.2681004
0.2864579
0.3220847
0.3683260
0.4100187
0.4360773
0.4477572
0.4555821
0.4684814
0.4848432
0.4933556
0.4832440
0.4542240
0.4161011
0.3793640
0.3478211
0.3193068
0.2894651
0.2534894
0.2083217
0.1572550
0.1109482
0.0795888
0.0624450
0.0469831
0.0207877
-0.0144413
-0.0417486
-0.0446930
-0.0259317
-0.0077041
-0.0105939
-0.0328378
-0.0539924
-0.0583618
-0.0506175
-0.0475929
-0.0589590
-0.0788106
-0.0938119
-0.0957465
-0.0855830
-0.0684082
-0.0486263
-0.0317839
-0.0271383
-0.0413202
-0.0672331
-0.0849988
-0.0801386
-0.0598985
-0.0467294
-0.0544766
-0.0736751
-0.0816450
-0.0659484
-0.0370035
-0.0176347
-0.0205483
-0.0372276
-0.0496898
-0.0506097
-0.0480547
-0.0515601
-0.0595921
-0.0634566
-0.0592309
-0.0511839
-0.0446863
-0.0399669
-0.0343869
-0.0290126
-0.0298099
-0.0399784
-0.0523548
-0.0546327
-0.0451187
-0.0387376
-0.0508159
-0.0759068
-0.0897674
-0.0752488
-0.0423019
-0.0188685
-0.0230695
-0.0463570
-0.0638246
-0.0597910
-0.0421583
-0.0315797
-0.0391134
-0.0578763
-0.0748476
-0.0840373
-0.0858182
-0.0804643
-0.0694400
-0.0603594
-0.0630457
-0.0786190
-0.0962271
-0.1033204
-0.0987454
-0.0942917
-0.1018733
-0.1188398
-0.1284509
-0.1173236
-0.0898504
-0.0609764
-0.0368241
-0.0093635
0.0289970
0.0726412
0.1084027
0.1296633
0.1407300
0.1495643
0.1601703
0.1723861
0.1868719
0.2075394
0.2363736
0.2661961
0.2833737
0.2809528
0.2658235
0.2492098
0.2332381
0.2113749
0.1793375
0.1401467
0.0997830
0.0628795
0.0321871
0.0079401
-0.0126588
-0.0327373
-0.0523841
-0.0686075
-0.0769581
-0.0730684
-0.0563340
-0.0332832
-0.0124969
0.0078107
0.0461340
0.1306641
0.2853286
0.5144415
0.7870796
1.0327931
1.1657193
1.1297865
0.9296768
0.6225565
0.2824051
-0.0332207
-0.2955649
-0.4961299
-0.6307880
-0.6952342
-0.6959594
-0.6569155
-0.6049970
-0.5496577
-0.4840035
-0.4049745
-0.3251426
-0.2642269
-0.2338421
-0.2290559
-0.2301584
-0.2160091
-0.1824313
-0.1462363
-0.1269024
-0.1273572
-0.1360350
-0.1414909
-0.1392917
-0.1310227
-0.1238111
-0.1259475
-0.1367786
-0.1455485
-0.1443534
-0.1357978
-0.1248422
-0.1126513
-0.1029523
-0.1033675
-0.1136399
-0.1222070
-0.1207208
-0.1131349
-0.1065853
-0.1037639
-0.1064790
-0.1134458
-0.1127491
-0.0927541
-0.0632053
-0.0476223
-0.0517995
-0.0590597
-0.0582249
-0.0530162
-0.0421823
-0.0189620
0.0056464
0.0125606
0.0151003
0.0502074
0.1129782
0.1419858
0.0981710
