-0.1634633
-0.1795235
-0.1135024
-0.0809108
-0.1203076
-0.1737852
-0.1953400
-0.1935750
-0.1821238
-0.1624541
-0.1522228
-0.1706555
-0.1979415
-0.1982810
-0.1768066
-0.1672552
-0.1712005
-0.1575745
-0.1206134
-0.0941829
-0.1032640
-0.1335814
-0.1532660
-0.1418335
-0.1007735
-0.0561259
-0.0435106
-0.0701838
-0.1000139
-0.0943091
-0.0566784
-0.0192156
0.0027021
0.0206036
0.0480237
0.0860541
0.1283627
0.1661040
0.1939871
0.2213163
0.2671315
0.3350015
0.4041647
0.4551788
0.4923321
0.5308878
0.5737308
0.6108338
0.6328645
0.6376020
0.6305811
0.6233134
0.6217461
0.6146857
0.5847520
0.5318670
0.4728822
0.4162832
0.3519778
0.2712908
0.1852098
0.1162585
0.0781487
0.0644505
0.0512431
0.0138778
-0.0490320
-0.1092518
-0.1352382
-0.1240927
-0.1013440
-0.0935224
-0.1087013
-0.1379723
-0.1644909
-0.1734291
-0.1634063
-0.1485413
-0.1437701
-0.1504430
-0.1603877
-0.1685432
-0.1752809
-0.1809189
-0.1843165
-0.1841072
-0.1782780
-0.1673961
-0.1602662
-0.1686999
-0.1923485
-0.2153285
-0.2222199
-0.2119496
-0.1934322
-0.1748098
-0.1608940
-0.1547559
-0.1569823
-0.1664440
-0.1828786
-0.2044408
-0.2232317
-0.2296455
-0.2220107
-0.2068407
-0.1900001
-0.1731253
-0.1575435
-0.1448716
-0.1334226
-0.1196173
-0.1035808
-0.0899444
-0.0842619
-0.0907295
-0.1086138
-0.1262981
-0.1248634
-0.0963878
-0.0569816
-0.0342857
-0.0414906
-0.0673803
-0.0905056
-0.0994682
-0.1007981
-0.1100011
-0.1338331
-0.1605062
-0.1701340
-0.1552167
-0.1270023
-0.1022678
-0.0902367
-0.0929009
-0.1092224
-0.1337848
-0.1567583
-0.1708439
-0.1765879
-0.1789318
-0.1812306
-0.1837528
-0.1848911
-0.1828533
-0.1784919
-0.1756036
-0.1750177
-0.1700194
-0.1529627
-0.1268301
-0.1063157
-0.1067320
-0.1329200
-0.1753916
-0.2123590
-0.2171824
-0.1689904
-0.0571433
0.1238010
0.3754881
0.6828017
0.9995064
1.2548142
1.3827456
1.3541328
1.1908091
0.9540216
0.7126681
0.5106140
0.3555636
0.2333669
0.1290045
0.0365470
-0.0417088
-0.0997729
-0.1343202
-0.1503621
-0.1596201
-0.1718511
-0.1887548
-0.2055472
-0.2156530
-0.2151835
-0.2075042
-0.2030092
-0.2089632
-0.2188227
-0.2172115
-0.1978593
-0.1721940
-0.1565985
-0.1532361
-0.1471014
-0.1234694
-0.0877025
-0.0646825
-0.0739774
-0.1054086
-0.1253971
-0.1111391
-0.0735781
-0.0418639
-0.0299374
-0.0257342
-0.0110227
0.0168896
0.0458935
0.0662135
0.0821209
0.1065642
0.1463573
0.1950136
0.2409443
0.2797843
0.3151217
0.3494856
0.3811018
0.4103563
0.4430000
0.4831267
0.5264124
0.5635970
0.5888696
0.6031649
0.6112436
0.6167817
0.6183674
0.6095160
0.5846672
0.5458436
0.5015479
0.4585051
0.4156276
0.3658914
0.3034848
0.2308449
0.1600097
0.1042229
0.0652324
0.0312021
-0.0091553
-0.0521447
-0.0829098
-0.0931067
-0.0910807
-0.0939318
-0.1115078
-0.1381095
-0.1583449
-0.1614553
-0.1511790
-0.1416386
-0.1439425
-0.1579808
-0.1758944
-0.1897484
-0.1956297
-0.1949060
-0.1938638
-0.1989341
-0.2098224
-0.2197054
-0.2242129
-0.2276778
-0.2375293
-0.2533387
-0.2639473
-0.2569299
-0.2318740
-0.2041505
-0.1926768
-0.2012511
-0.2137208
-0.2110617
-0.1924963
-0.1763800
-0.1804179
-0.2039735
-0.2297171
-0.2397123
-0.2297165
-0.2107526
-0.1982816
-0.1990016
-0.2074398
-0.2143767
-0.2161686
-0.2149880
-0.2128860
-0.2084043
-0.1979696
-0.1789738
-0.1528530
-0.1265594
-0.1091280
-0.1045355
-0.1084748
-0.1130566
-0.1137804
-0.1120111
-0.1131386
-0.1231754
-0.1442775
-0.1710861
-0.1923570
-0.1981006
-0.1862316
-0.1638969
-0.1436779
-0.1364534
-0.1441312
-0.1588642
-0.1716974
-0.1817584
-0.1944311
-0.2114630
-0.2275667
-0.2384261
-0.2479198
-0.2628196
-0.2804702
-0.2860950
-0.2672211
-0.2319138
-0.2076894
-0.2154090
-0.2441186
-0.2593704
-0.2411571
-0.2083284
-0.1982512
-0.2237909
-0.2568147
-0.2537813
-0.1893396
-0.0601340
0.1365401
0.4112747
0.7571285
1.1165388
1.3874560
1.4790905
1.3714955
1.1241026
0.8294369
0.5591191
0.3437512
0.1845683
0.0705481
-0.0126099
-0.0772938
-0.1288662
-0.1650531
-0.1826926
-0.1857839
-0.1855463
-0.1912646
-0.2022184
-0.2113705
-0.2169157
-0.2259782
-0.2443422
-0.2660054
-0.2774818
-0.2714945
-0.2526740
-0.2303798
-0.2102973
-0.1942955
-0.1846530
-0.1842950
-0.1921071
-0.1999613
-0.1973958
-0.1814746
-0.1611887
-0.1490584
-0.1475023
-0.1459673
-0.1328498
-0.1079555
-0.0811828
-0.0605227
-0.0439000
-0.0229698
0.0063992
0.0385966
0.0645614
0.0841526
0.1095062
0.1519125
0.2054939
0.2490153
0.2677307
0.2720006
0.2904693
0.3425979
0.4177940
0.4829521
0.5126993
0.5130075
0.5132958
0.5341213
0.5648831
0.5758361
0.5503583
0.5016974
0.4577346
0.4322525
0.4124811
0.3732143
0.3016677
0.2090121
0.1193583
0.0496073
0.0007361
-0.0345800
-0.0615483
-0.0820694
-0.0992061
-0.1177976
-0.1406675
-0.1667583
-0.1931399
-0.2170459
-0.2355250
-0.2445821
-0.2405454
-0.2238047
-0.2014597
-0.1843144
-0.1788521
-0.1822220
-0.1865848
-0.1878274
-0.1882490
-0.1917229
-0.1994765
-0.2111058
-0.2264671
-0.2441220
-0.2588826
-0.2629959
-0.2511104
-0.2252486
-0.1954770
-0.1743095
-0.1681709
-0.1733993
-0.1806183
-0.1825758
-0.1779422
-0.1696674
-0.1617687
-0.1574220
-0.1587059
-0.1673644
-0.1845347
-0.2076102
-0.2274901
-0.2326414
-0.2191435
-0.1959914
-0.1781219
-0.1738382
-0.1797210
-0.1868662
-0.1901652
-0.1909551
-0.1917721
-0.1903959
-0.1808142
-0.1603572
-0.1341378
-0.1111264
-0.0973468
-0.0945462
-0.1028929
-0.1201046
-0.1375944
-0.1428816
-0.1306272
-0.1109786
-0.1037786
-0.1221054
-0.1605661
-0.1996683
-0.2221943
-0.2259388
-0.2212222
-0.2180082
-0.2179703
-0.2184193
-0.2190795
-0.2212993
-0.2228647
-0.2187481
-0.2085889
-0.2005750
-0.2047890
-0.2220753
-0.2408791
-0.2470647
-0.2376482
-0.2233427
-0.2159192
-0.2147236
-0.2092000
-0.1945217
-0.1799051
-0.1781870
-0.1890435
-0.1947045
-0.1694281
-0.0886190
0.0694188
0.3191149
0.6501174
1.0069547
1.2935650
1.4165765
1.3418829
1.1163118
0.8327358
0.5699365
0.3594871
0.1982103
0.0781663
-0.0014231
-0.0445699
-0.0682752
-0.0943871
-0.1316738
-0.1694557
-0.1912199
-0.1935478
-0.1896203
-0.1947508
-0.2115229
-0.2300611
-0.2399228
-0.2391618
-0.2332964
-0.2285310
-0.2264503
-0.2236169
-0.2154330
-0.2006924
-0.1826633
-0.1662100
-0.1546973
-0.1494518
-0.1503840
-0.1556457
-0.1610151
-0.1608067
-0.1504230
-0.1290862
-0.1006489
-0.0709487
-0.0434018
-0.0177044
0.0065945
0.0270034
0.0408845
0.0507281
0.0641098
0.0878940
0.1238514
0.1693011
0.2189425
0.2651683
0.3003505
0.3233799
0.3442024
0.3776384
0.4284955
0.4831362
0.5204269
0.5344179
0.5435387
0.5715936
0.6184043
0.6540029
0.6457028
0.5893347
0.5113787
0.4426011
0.3933987
0.3534221
0.3085586
0.2538177
0.1925647
0.1303686
0.0735729
0.0305419
0.0071714
-0.0019546
-0.0138278
-0.0426273
-0.0844431
-0.1199984
-0.1340801
-0.1299093
-0.1229961
-0.1236854
-0.1292151
-0.1322976
-0.1331729
-0.1395172
-0.1548050
-0.1707261
-0.1747513
-0.1645572
-0.1511457
-0.1464077
-0.1512194
-0.1589592
-0.1677270
-0.1828062
-0.2055107
-0.2248262
-0.2259823
-0.2079296
-0.1881619
-0.1861071
-0.2014712
-0.2121211
-0.1958910
-0.1536816
-0.1092305
-0.0870968
-0.0932261
-0.1156198
-0.1383988
-0.1521257
-0.1543864
-0.1471538
-0.1361448
-0.1296856
-0.1338465
-0.1469275
-0.1598247
-0.1636321
-0.1572932
-0.1470002
-0.1384941
-0.1321979
-0.1266085
-0.1230170
-0.1227581
-0.1206247
-0.1063421
-0.0762776
-0.0422279
-0.0246052
-0.0345015
-0.0627362
-0.0880932
-0.0972293
-0.0959927
-0.1006415
-0.1193020
-0.1442592
-0.1619207
-0.1666487
-0.1626949
-0.1555200
-0.1460659
-0.1347010
-0.1274469
-0.1342570
-0.1593958
-0.1941671
-0.2209745
-0.2262291
-0.2101640
-0.1850008
-0.1653344
-0.1607617
-0.1741790
-0.2013847
-0.2302441
-0.2442725
-0.2328398
-0.2004273
-0.1650608
-0.1459859
-0.1508575
-0.1711364
-0.1841616
-0.1553998
-0.0418434
0.1932370
0.5509936
0.9724365
1.3483282
1.5692912
1.5824065
1.4104797
1.1242034
0.7985460
0.4889812
0.2324028
0.0518682
-0.0491864
-0.0936162
-0.1205029
-0.1595261
-0.2124814
-0.2602069
-0.2861869
-0.2912981
-0.2876324
-0.2842711
-0.2828427
-0.2834373
-0.2881325
-0.2963421
-0.3005464
-0.2919187
-0.2717720
-0.2544154
-0.2543987
-0.2698403
-0.2814359
-0.2711731
-0.2413808
-0.2124054
-0.2011487
-0.2046456
-0.2060825
-0.1943016
-0.1740257
-0.1572242
-0.1481416
-0.1397461
-0.1238833
-0.1010602
-0.0779637
-0.0577082
-0.0369957
-0.0136780
0.0072208
0.0191330
0.0246856
0.0369906
0.0683848
0.1186785
0.1750454
0.2228086
0.2565346
0.2826505
0.3132713
0.3570918
0.4133147
0.4713373
0.5162735
0.5382723
0.5399425
0.5343501
0.5325724
0.5314985
0.5150065
0.4684527
0.3919932
0.3002864
0.2113312
0.1365125
0.0784985
0.0337913
-0.0049810
-0.0465917
-0.0958406
-0.1477782
-0.1891582
-0.2097313
-0.2135197
-0.2164022
-0.2301582
-0.2500286
-0.2604978
-0.2531495
-0.2364656
-0.2272311
-0.2339051
-0.2497089
-0.2613334
-0.2631230
-0.2623337
-0.2707298
-0.2910642
-0.3116241
-0.3142952
-0.2893084
-0.2442483
-0.1999494
-0.1765115
-0.1806402
-0.2044670
-0.2354774
-0.2663112
-0.2944689
-0.3151482
-0.3192218
-0.3007687
-0.2646832
-0.2238312
-0.1885584
-0.1612016
-0.1416900
-0.1356541
-0.1521631
-0.1907098
-0.2325956
-0.2507592
-0.2321637
-0.1899805
-0.1511813
-0.1318460
-0.1263286
-0.1201211
-0.1091669
-0.1026842
-0.1079000
-0.1170650
-0.1137480
-0.0912517
-0.0604143
-0.0367345
-0.0228642
-0.0088978
0.0100799
0.0230000
0.0144874
-0.0144075
-0.0430944
-0.0515982
-0.0411139
-0.0313903
-0.0384802
-0.0582877
-0.0732285
-0.0725206
-0.0628881
-0.0600023
-0.0731083
-0.0993693
-0.1293833
-0.1537051
-0.1652155
-0.1612606
-0.1471139
-0.1345513
-0.1322029
-0.1364106
-0.1344506
-0.1187201
-0.0963820
-0.0825871
-0.0839434
-0.0908725
-0.0881733
-0.0724489
-0.0565204
-0.0540797
-0.0576801
-0.0297350
0.0833883
0.3189381
0.6641819
1.0454160
1.3557276
1.5108104
1.4939657
1.3538992
1.1585891
0.9485576
0.7301321
0.5054349
0.2984590
0.1458774
0.0644939
0.0341245
0.0157670
-0.0151989
-0.0550423
-0.0862684
-0.0995957
-0.1004713
-0.0995004
-0.1020606
-0.1072248
-0.1127204
-0.1179807
-0.1227717
-0.1249698
-0.1213481
-0.1109592
-0.0972428
-0.0861221
-0.0817078
-0.0837386
-0.0888535
-0.0938245
-0.0971744
-0.0975999
-0.0915186
-0.0741173
-0.0450988
-0.0136216
0.0052227
0.0023487
-0.0155282
-0.0290690
-0.0211016
0.0102329
0.0520099
0.0896804
0.1198627
0.1504872
0.1890486
0.2323217
0.2692854
0.2939023
0.3127759
0.3386497
0.3772943
0.4225434
0.4640482
0.4978538
0.5281384
0.5600302
0.5934724
0.6248896
0.6520261
0.6732305
0.6815482
0.6637592
0.6100371
0.5254528
0.4295835
0.3430991
0.2749672
0.2222965
0.1796436
0.1450881
0.1170858
0.0891973
0.0527426
0.0067361
-0.0368283
-0.0615277
-0.0626609
-0.0540831
-0.0567463
-0.0792632
-0.1101966
-0.1302813
-0.1322139
-0.1275184
-0.1331153
-0.1517637
-0.1679750
-0.1648600
-0.1437188
-0.1239741
-0.1229068
-0.1379571
-0.1512222
-0.1498601
-0.1386863
-0.1323072
-0.1384968
-0.1524000
-0.1651708
-0.1729991
-0.1753304
-0.1685518
-0.1482993
-0.1197545
-0.1004304
-0.1067204
-0.1369325
-0.1708307
-0.1875932
-0.1830134
-0.1687951
-0.1579039
-0.1535897
-0.1517721
-0.1499049
-0.1502668
-0.1549773
-0.1603875
-0.1582367
-0.1426722
-0.1163605
-0.0904308
-0.0780350
-0.0852048
-0.1049476
-0.1204104
-0.1172969
-0.0962900
-0.0732544
-0.0653447
-0.0757130
-0.0916348
-0.0972373
-0.0876406
-0.0713822
-0.0608578
-0.0616453
-0.0704637
-0.0813290
-0.0917265
-0.1026073
-0.1139881
-0.1224624
-0.1238499
-0.1181291
-0.1113632
-0.1121763
-0.1253107
-0.1477064
-0.1707214
-0.1865655
-0.1931176
-0.1935817
-0.1930459
-0.1957038
-0.2031149
-0.2120840
-0.2140572
-0.2001036
-0.1701722
-0.1375139
-0.1206529
-0.1277341
-0.1478565
-0.1577207
-0.1348608
-0.0617551
0.0806897
0.3128650
0.6355910
1.0027293
1.3210087
1.4925705
1.4729752
1.2962440
1.0452729
0.7951026
0.5778562
0.3916275
0.2315472
0.1056919
0.0235240
-0.0218774
-0.0522734
-0.0842708
-0.1150890
-0.1312369
-0.1296405
-0.1257688
-0.1381965
-0.1666431
-0.1894415
-0.1856711
-0.1588710
-0.1354341
-0.1377904
-0.1611904
-0.1799121
-0.1759273
-0.1577226
-0.1486525
-0.1593113
-0.1759050
-0.1766821
-0.1556847
-0.1262715
-0.1027475
-0.0843236
-0.0603071
-0.0274531
0.0038803
0.0217911
0.0263353
0.0275760
0.0328758
0.0412738
0.0509934
0.0672314
0.0974169
0.1393060
0.1785388
0.2013138
0.2086637
0.2159880
0.2384969
0.2786962
0.3276944
0.3753432
0.4166520
0.4505266
0.4771605
0.4986619
0.5193044
0.5413020
0.5601833
0.5673235
0.5587410
0.5394943
0.5166400
0.4883934
0.4441008
0.3774915
0.2977495
0.2229543
0.1614208
0.1032984
0.0344516
-0.0424830
-0.1054744
-0.1338305
-0.1294498
-0.1146831
-0.1100133
-0.1173911
-0.1265277
-0.1332412
-0.1458120
-0.1722449
-0.2060405
-0.2296454
-0.2322587
-0.2209447
-0.2124257
-0.2157034
-0.2248763
-0.2280925
-0.2206320
-0.2081233
-0.1991308
-0.1974469
-0.2018022
-0.2103256
-0.2224375
-0.2362669
-0.2466879
-0.2483705
-0.2412333
-0.2317415
-0.2276951
-0.2314365
-0.2383749
-0.2423170
-0.2421462
-0.2429609
-0.2502886
-0.2630607
-0.2725735
-0.2689551
-0.2494143
-0.2210625
-0.1963871
-0.1856360
-0.1916662
-0.2094591
-0.2290714
-0.2401907
-0.2371835
-0.2228108
-0.2073462
-0.2014774
-0.2071412
-0.2146918
-0.2107033
-0.1902271
-0.1616095
-0.1388012
-0.1289933
-0.1280244
-0.1270873
-0.1222715
-0.1169719
-0.1166700
-0.1236584
-0.1367251
-0.1528848
-0.1667882
-0.1700894
-0.1565670
-0.1313478
-0.1129832
-0.1207790
-0.1564918
-0.1997796
-0.2250913
-0.2243505
-0.2117613
-0.2057671
-0.2086538
-0.2068721
-0.1908563
-0.1699172
-0.1634101
-0.1778116
-0.1969274
-0.1978892
-0.1757522
-0.1494880
-0.1433014
-0.1640206
-0.1968308
-0.2182560
-0.2069193
-0.1411295
0.0049475
0.2488409
0.5741908
0.9180814
1.1922136
1.3274419
1.3070240
1.1638953
0.9506777
0.7122554
0.4796644
0.2773367
0.1247534
0.0276433
-0.0279103
-0.0662556
-0.1039195
-0.1402196
-0.1653428
-0.1755649
-0.1790527
-0.1879072
-0.2069015
-0.2303739
-0.2479476
-0.2517409
-0.2399330
-0.2172757
