-0.1529108
-0.1608166
-0.1744051
-0.1885961
-0.1966620
-0.1957539
-0.1877987
-0.1763777
-0.1641870
-0.1524502
-0.1404923
-0.1259274
-0.1079422
-0.0917698
-0.0873474
-0.0997495
-0.1206213
-0.1325713
-0.1249325
-0.1042947
-0.0869534
-0.0809062
-0.0777343
-0.0631853
-0.0332775
0.0025240
0.0324121
0.0522728
0.0638036
0.0674257
0.0626154
0.0552221
0.0586370
0.0822246
0.1184858
0.1456264
0.1458900
0.1213627
0.0910084
0.0731807
0.0722603
0.0804012
0.0873355
0.0855519
0.0692595
0.0355443
-0.0093504
-0.0478883
-0.0620245
-0.0498756
-0.0298153
-0.0238972
-0.0357773
-0.0471862
-0.0383413
-0.0107738
0.0128670
0.0124258
-0.0081172
-0.0231215
-0.0062120
0.0550065
0.1634533
0.3228954
0.5332597
0.7716311
0.9835759
1.1043400
1.0978811
0.9792253
0.7996740
0.6106437
0.4401937
0.2975821
0.1894566
0.1234457
0.0968785
0.0902486
0.0794400
0.0557425
0.0305772
0.0187229
0.0194913
0.0179171
0.0037418
-0.0155607
-0.0236797
-0.0150983
-0.0015595
0.0017730
-0.0068317
-0.0152795
-0.0122090
0.0020478
0.0197558
0.0370434
0.0568101
0.0812676
0.1065437
0.1277187
0.1465434
0.1693130
0.1965429
0.2194943
0.2310871
0.2385609
0.2595345
0.3018107
0.3487009
0.3687442
0.3427950
0.2816149
0.2163744
0.1727993
0.1553665
0.1542982
0.1624638
0.1814924
0.2131013
0.2503492
0.2818287
0.3039163
0.3251919
0.3561510
0.3952123
0.4275621
0.4396127
0.4339105
0.4278099
0.4366845
0.4593958
0.4808716
0.4876290
0.4790441
0.4640399
0.4498030
0.4360764
0.4192600
0.3982129
0.3736042
0.3435663
0.3044729
0.2576393
0.2116210
0.1731124
0.1357780
0.0836425
0.0103411
-0.0660414
-0.1124745
-0.1092719
-0.0692719
-0.0275591
-0.0116584
-0.0218401
-0.0388665
-0.0468953
-0.0458934
-0.0440468
-0.0445937
-0.0444160
-0.0431235
-0.0473355
-0.0628224
-0.0847438
-0.0998543
-0.1000260
-0.0921666
-0.0927543
-0.1120279
-0.1442440
-0.1737527
-0.1896852
-0.1938838
-0.1956198
-0.2010047
-0.2083958
-0.2121998
-0.2089033
-0.1996535
-0.1891720
-0.1832531
-0.1857355
-0.1953554
-0.2049935
-0.2063123
-0.1977694
-0.1876999
-0.1863767
-0.1934757
-0.1962324
-0.1839725
-0.1639858
-0.1579802
-0.1791158
-0.2142670
-0.2333544
-0.2179021
-0.1785646
-0.1430187
-0.1282161
-0.1271117
-0.1219284
-0.1060016
-0.0892429
-0.0841755
-0.0917058
-0.1023426
-0.1077684
-0.1074337
-0.1049893
-0.1027033
-0.1015601
-0.1048365
-0.1182818
-0.1451107
-0.1810183
-0.2152933
-0.2383420
-0.2491814
-0.2554689
-0.2654119
-0.2794805
-0.2908892
-0.2948114
-0.2959077
-0.3041099
-0.3216941
-0.3369833
-0.3349618
-0.3146260
-0.2913699
-0.2787152
-0.2710079
-0.2509581
-0.2153276
-0.1860186
-0.1886726
-0.2213512
-0.2508629
-0.2424563
-0.1879495
-0.0992285
0.0217821
0.1933926
0.4239794
0.6738987
0.8601356
0.9105475
0.8176961
0.6396241
0.4501309
0.2903212
0.1633021
0.0626153
-0.0067501
-0.0371522
-0.0388031
-0.0404910
-0.0653470
-0.1086161
-0.1437742
-0.1513710
-0.1396190
-0.1355395
-0.1574383
-0.1976128
-0.2315250
-0.2426057
-0.2378330
-0.2396153
-0.2627918
-0.2995199
-0.3262528
-0.3247702
-0.2963531
-0.2572794
-0.2232682
-0.1991725
-0.1814376
-0.1668010
-0.1563667
-0.1520723
-0.1522875
-0.1533066
-0.1542747
-0.1573690
-0.1616557
-0.1593523
-0.1418728
-0.1103413
-0.0780566
-0.0607100
-0.0636866
-0.0785459
-0.0909194
-0.0913837
-0.0797757
-0.0612789
-0.0403321
-0.0182801
0.0054181
0.0319729
0.0627842
0.0978673
0.1340031
0.1660178
0.1909869
0.2102265
0.2262718
0.2390701
0.2468115
0.2501324
0.2533373
0.2598802
0.2670445
0.2668156
0.2532825
0.2288340
0.2021034
0.1804019
0.1659759
0.1592549
0.1617686
0.1727044
0.1849176
0.1897212
0.1872157
0.1879312
0.2003181
0.2178420
0.2231198
0.2071485
0.1818705
0.1698349
0.1815794
0.2074341
0.2334299
0.2598537
0.2966117
0.3409370
0.3696865
0.3618873
0.3259037
0.2948439
0.2915651
0.3044869
0.3051420
0.2877552
0.2818103
0.3189302
0.3916029
0.4548673
0.4727077
0.4558542
0.4453881
0.4606087
0.4729263
0.4371211
0.3440857
0.2350774
0.1623290
0.1401628
0.1382946
0.1206770
0.0851764
0.0626689
0.0808772
0.1345674
0.1917938
0.2245128
0.2294934
0.2221187
0.2159572
0.2112748
0.2012367
0.1854597
0.1751581
0.1843168
0.2157225
0.2554851
0.2810500
0.2756420
0.2385040
0.1853745
0.1396327
0.1185199
0.1224045
0.1353593
0.1379050
0.1222375
0.0975818
0.0818260
0.0870376
0.1108499
0.1399491
0.1610097
0.1684016
0.1632181
0.1484096
0.1270500
0.1032934
0.0809522
0.0599835
0.0367455
0.0094321
-0.0180790
-0.0397649
-0.0545944
-0.0681191
-0.0856452
-0.1049498
-0.1186473
-0.1251335
-0.1343138
-0.1578131
-0.1930331
-0.2219727
-0.2300476
-0.2238364
-0.2248448
-0.2446999
-0.2709591
-0.2813609
-0.2710664
-0.2621786
-0.2852313
-0.3536430
-0.4572417
-0.5750749
-0.6852578
-0.7609436
-0.7700697
-0.6977117
-0.5749527
-0.4742397
-0.4593952
-0.5320631
-0.6291978
-0.6773315
-0.6516393
-0.5849555
-0.5252461
-0.4902926
-0.4634115
-0.4247349
-0.3767010
-0.3371828
-0.3150463
-0.2997937
-0.2748746
-0.2363579
-0.1968065
-0.1729398
-0.1703881
-0.1785380
-0.1789078
-0.1599187
-0.1257218
-0.0916597
-0.0709792
-0.0650237
-0.0647080
-0.0598403
-0.0462324
-0.0244846
0.0054548
0.0447493
0.0894283
0.1274642
0.1477111
0.1529683
0.1602392
0.1849478
0.2262709
0.2702442
0.3060216
0.3359764
0.3693923
0.4092378
0.4484124
0.4794340
0.5050327
0.5357932
0.5769464
0.6205107
0.6528536
0.6687403
0.6757506
0.6857937
0.7047442
0.7298393
0.7537901
0.7697156
0.7738971
0.7663061
0.7492820
0.7251412
0.6942743
0.6551733
0.6067336
0.5510520
0.4930836
0.4359797
0.3773673
0.3129749
0.2447796
0.1828528
0.1367472
0.1061381
0.0819249
0.0558169
0.0268227
-0.0012364
-0.0256075
-0.0459222
-0.0609577
-0.0679091
-0.0676220
-0.0685390
-0.0797719
-0.0977098
-0.1045092
-0.0868721
-0.0560716
-0.0419970
-0.0623711
-0.1006574
-0.1198070
-0.0988341
-0.0529130
-0.0161630
-0.0075502
-0.0171374
-0.0240601
-0.0205602
-0.0130800
-0.0049338
0.0099408
0.0311492
0.0391197
0.0113742
-0.0458850
-0.0909724
-0.0799209
-0.0079377
0.0841646
0.1447334
0.1513488
0.1194119
0.0796176
0.0545939
0.0548635
0.0832435
0.1297487
0.1642222
0.1498901
0.0772869
-0.0164414
-0.0721321
-0.0600514
-0.0079514
0.0242621
0.0001423
-0.0609883
-0.1055171
-0.0980121
-0.0523110
-0.0130036
-0.0103370
-0.0349913
-0.0534544
-0.0428829
-0.0102528
0.0185462
0.0247145
0.0116457
-0.0032345
-0.0081470
-0.0058111
-0.0037137
-0.0008687
0.0109130
0.0331016
0.0522582
0.0493855
0.0189410
-0.0205721
-0.0345005
0.0083993
0.1211269
0.2974689
0.5180045
0.7515554
0.9537915
1.0759962
1.0870465
0.9919854
0.8285935
0.6434524
0.4677368
0.3109636
0.1727424
0.0566553
-0.0289775
-0.0822576
-0.1148135
-0.1439173
-0.1781993
-0.2137651
-0.2433886
-0.2652751
-0.2813803
-0.2908835
-0.2896982
-0.2769523
-0.2592598
-0.2458677
-0.2392634
-0.2330083
-0.2210064
-0.2067547
-0.1985318
-0.1950703
-0.1825623
-0.1515231
-0.1139985
-0.0970468
-0.1165603
-0.1602552
-0.1985267
-0.2106740
-0.1991398
-0.1801812
-0.1651507
-0.1535556
-0.1415167
-0.1301860
-0.1225192
-0.1165129
-0.1081395
-0.0992940
-0.0944102
-0.0860122
-0.0511733
0.0278366
0.1372224
0.2310570
0.2630018
0.2224160
0.1410031
0.0649013
0.0205550
0.0059888
0.0090628
0.0255713
0.0562696
0.0926514
0.1152274
0.1091292
0.0784762
0.0428332
0.0196464
0.0099610
-0.0000417
-0.0241121
-0.0621338
-0.1008460
-0.1275670
-0.1416719
-0.1521910
-0.1660828
-0.1805604
-0.1865009
-0.1789016
-0.1647388
-0.1601057
-0.1769950
-0.2113827
-0.2456543
-0.2641377
-0.2661111
-0.2642855
-0.2726419
-0.2955665
-0.3251670
-0.3461721
-0.3445738
-0.3154292
-0.2663669
-0.2159395
-0.1866231
-0.1924971
-0.2276108
-0.2675808
-0.2887613
-0.2888051
-0.2860475
-0.2965945
-0.3137062
-0.3127409
-0.2778393
-0.2232097
-0.1856693
-0.1928681
-0.2375824
-0.2848770
-0.3054115
-0.3001135
-0.2921106
-0.2984932
-0.3134055
-0.3170452
-0.2974266
-0.2625628
-0.2327026
-0.2209777
-0.2218013
-0.2196104
-0.2091612
-0.2043673
-0.2242515
-0.2703646
-0.3201465
-0.3444600
-0.3332273
-0.3044662
-0.2870444
-0.2937924
-0.3130030
-0.3264397
-0.3306133
-0.3352578
-0.3443248
-0.3480128
-0.3372220
-0.3195872
-0.3141105
-0.3304655
-0.3588895
-0.3824962
-0.3954127
-0.4031643
-0.4056026
-0.3883725
-0.3405358
-0.2787017
-0.2413066
-0.2507004
-0.2852825
-0.2962729
-0.2491997
-0.1410682
0.0202772
0.2363741
0.5013287
0.7652809
0.9331931
0.9235728
0.7405977
0.4829063
0.2683535
0.1431987
0.0645732
-0.0324914
-0.1606344
-0.2747722
-0.3301763
-0.3333683
-0.3330742
-0.3675816
-0.4275522
-0.4711011
-0.4704017
-0.4380196
-0.4079199
-0.3977562
-0.3955805
-0.3806255
-0.3496503
-0.3204526
-0.3130373
-0.3299486
-0.3542449
-0.3658166
-0.3596183
-0.3470280
-0.3390860
-0.3309996
-0.3057561
-0.2521859
-0.1777618
-0.1046982
-0.0550199
-0.0377262
-0.0472573
-0.0727789
-0.1079887
-0.1510593
-0.1973935
-0.2379533
-0.2670948
-0.2882651
-0.3076563
-0.3227957
-0.3208160
-0.2905095
-0.2373052
-0.1854549
-0.1607622
-0.1662632
-0.1761839
-0.1596035
-0.1117721
-0.0582599
-0.0267040
-0.0187541
-0.0133925
0.0049555
0.0275983
0.0333136
0.0158469
-0.0065782
-0.0130238
-0.0068753
-0.0121409
-0.0410520
-0.0753535
-0.0887548
-0.0827266
-0.0872309
-0.1226693
-0.1703349
-0.1890718
-0.1593594
-0.1032925
-0.0577742
-0.0337003
-0.0110772
0.0237564
0.0476214
0.0213335
-0.0583222
-0.1405918
-0.1651236
-0.1221376
-0.0621689
-0.0461286
-0.0890326
-0.1516470
-0.1821297
-0.1627659
-0.1179412
-0.0823273
-0.0674638
-0.0598718
-0.0440734
-0.0191562
0.0062966
0.0276276
0.0482673
0.0730524
0.1004032
0.1219118
0.1308300
0.1316237
0.1383590
0.1605852
0.1925055
0.2194732
0.2339957
0.2417272
0.2523016
0.2682794
0.2843829
0.2951789
0.3011774
0.3066276
0.3121816
0.3130347
0.3071394
0.3018890
0.3055129
0.3116477
0.3014245
0.2669401
0.2275856
0.2147657
0.2392194
0.2774210
0.2922711
0.2667584
0.2175468
0.1766736
0.1611272
0.1612935
0.1574514
0.1422078
0.1239943
0.1138977
0.1157261
0.1266130
0.1395269
0.1443523
0.1334918
0.1102769
0.0891949
0.0865017
0.1139573
0.1831865
0.3107079
0.5092489
0.7662348
1.0293650
1.2216331
1.2845215
1.2152993
1.0617414
0.8793267
0.6964626
0.5194064
0.3579019
0.2324974
0.1562771
0.1184146
0.0916574
0.0557066
0.0119555
-0.0241395
-0.0429264
-0.0498558
-0.0550872
-0.0599080
-0.0594523
-0.0555759
-0.0580266
-0.0712572
-0.0874668
-0.0966177
-0.0983508
-0.0993458
-0.1015193
-0.0976128
-0.0794560
-0.0489421
-0.0187818
-0.0007772
0.0050834
0.0052302
-0.0036797
-0.0366985
-0.0988468
-0.1660793
-0.1985150
-0.1758952
-0.1161037
-0.0572610
-0.0238047
-0.0097209
0.0085795
0.0453700
0.0920956
0.1301198
0.1532103
0.1719916
0.1967402
0.2233937
0.2407702
0.2469372
0.2532065
0.2729243
0.3082990
0.3467930
0.3703224
0.3714299
0.3612692
0.3582317
0.3680483
0.3788450
0.3762188
0.3582463
0.3332622
0.3062228
0.2704199
0.2130867
0.1304141
0.0379944
-0.0370637
-0.0786187
-0.0948808
-0.1066473
-0.1249885
-0.1442281
-0.1532870
-0.1478276
-0.1326811
-0.1180388
-0.1131627
-0.1195141
-0.1297299
-0.1355750
-0.1354725
-0.1320633
-0.1254396
-0.1134779
-0.0986066
-0.0906984
-0.1002485
-0.1255487
-0.1456385
-0.1329291
-0.0827714
-0.0293181
-0.0196074
-0.0655084
-0.1283046
-0.1574432
-0.1408114
-0.1121216
-0.1126212
-0.1514469
-0.2026157
-0.2353260
-0.2429152
-0.2413044
-0.2437801
-0.2464978
-0.2420251
-0.2373228
-0.2469381
-0.2707725
-0.2893288
-0.2836786
-0.2546240
-0.2206951
-0.2006800
-0.1975964
-0.1965482
-0.1799545
-0.1483472
-0.1237133
-0.1279508
-0.1596345
-0.1955915
-0.2134216
-0.2085482
-0.1889292
-0.1531532
-0.0728982
0.0964597
0.3728297
0.7062244
0.9877441
1.1142532
1.0565498
0.8746256
0.6724691
0.5290986
0.4519297
0.3832301
0.2566699
0.0594046
-0.1544963
-0.3090205
-0.3653455
-0.3453016
-0.3073184
-0.2994464
-0.3265070
-0.3565628
-0.3579319
-0.3274082
-0.2832234
-0.2415555
-0.2100107
-0.1970395
-0.2113070
-0.2473033
-0.2807473
-0.2856653
-0.2570242
-0.2173367
-0.2005079
-0.2236684
-0.2711328
-0.3096240
-0.3215232
-0.3182955
-0.3201249
-0.3314047
-0.3417083
-0.3428743
-0.3366485
-0.3287753
-0.3215339
-0.3107885
-0.2888275
-0.2536484
-0.2150802
-0.1847408
-0.1587403
-0.1182448
-0.0506797
0.0347250
0.1137724
0.1647830
0.1811258
0.1754800
0.1733860
0.1952317
0.2415747
0.2985304
0.3541789
0.4036830
0.4426436
0.4650762
0.4675931
0.4496156
0.4125392
0.3651904
0.3250567
0.3041794
0.2952153
0.2788668
0.2439408
0.1955396
0.1473854
0.1110894
0.0884042
0.0691773
0.0417788
0.0093305
-0.0104695
-0.0049130
0.0213985
0.0558375
0.0892532
0.1142698
0.1233797
0.1163360
0.1023667
0.0897667
0.0793615
0.0705127
0.0653780
0.0645905
0.0664749
0.0720181
0.0826146
0.0924042
0.0912352
0.0754577
0.0489994
0.0172454
-0.0111694
-0.0220158
-0.0084494
0.0151588
0.0238079
0.0055242
-0.0329725
-0.0779679
-0.1150832
-0.1302688
-0.1190049
-0.0942917
-0.0773234
-0.0821781
-0.1123057
-0.1613351
-0.2097962
-0.2332199
-0.2257604
-0.2085752
-0.2061307
-0.2219367
-0.2434014
-0.2590823
-0.2633345
-0.2546957
-0.2375345
-0.2175376
-0.1936081
-0.1647013
-0.1408768
-0.1265217
-0.0904742
0.0220099
0.2333105
0.5007786
0.7456703
0.9043301
0.9532508
0.9048768
0.7890095
0.6319272
0.4537972
0.2877166
0.1797226
0.1457541
0.1401908
0.0955932
-0.0071159
-0.1255222
-0.2040221
-0.2165166
-0.1750769
-0.1235176
-0.1153220
-0.1716776
-0.2605128
-0.3294815
-0.3524342
-0.3374606
-0.3105551
-0.3037179
-0.3328077
-0.3687878
-0.3569139
-0.2842473
-0.2023264
-0.1647522
-0.1714776
-0.1932260
-0.2170142
-0.2425895
-0.2616810
-0.2621706
-0.2312841
-0.1518918
-0.0336589
0.0526415
0.0287429
-0.0890996
-0.1949973
-0.2132751
-0.1604165
-0.0855127
-0.0198742
0.0068417
-0.0174772
-0.0397729
0.0055324
0.0853260
0.1100932
0.0985074
0.1661106
0.3081763
0.3445211
0.1701784
