-0.1348991
-0.1274352
-0.1153312
-0.1185428
-0.1270367
-0.1206671
-0.0998814
-0.0830346
-0.0801342
-0.0831847
-0.0807565
-0.0706011
-0.0567898
-0.0428030
-0.0298018
-0.0170142
-0.0026987
0.0129158
0.0272958
0.0409964
0.0600995
0.0885915
0.1208769
0.1473370
0.1660439
0.1837746
0.2059178
0.2305254
0.2534816
0.2756510
0.3021098
0.3346496
0.3663809
0.3860011
0.3900687
0.3901868
0.4031900
0.4319405
0.4593898
0.4648100
0.4436598
0.4087343
0.3743647
0.3438227
0.3116235
0.2734782
0.2310036
0.1877727
0.1440617
0.0982836
0.0532365
0.0168979
-0.0062572
-0.0225979
-0.0433880
-0.0713619
-0.0974311
-0.1121384
-0.1166485
-0.1196663
-0.1260842
-0.1326686
-0.1349200
-0.1346211
-0.1378005
-0.1458921
-0.1522817
-0.1502333
-0.1427101
-0.1400275
-0.1465832
-0.1541194
-0.1518754
-0.1409727
-0.1336065
-0.1376586
-0.1467742
-0.1485913
-0.1404519
-0.1329375
-0.1368597
-0.1493805
-0.1562674
-0.1483337
-0.1326453
-0.1246370
-0.1304818
-0.1411032
-0.1441971
-0.1382511
-0.1319325
-0.1321370
-0.1368444
-0.1400481
-0.1401688
-0.1407580
-0.1436030
-0.1442647
-0.1368987
-0.1229024
-0.1117393
-0.1113188
-0.1192120
-0.1259048
-0.1260555
-0.1235767
-0.1250367
-0.1309682
-0.1360305
-0.1365083
-0.1347443
-0.1350984
-0.1371820
-0.1356469
-0.1275889
-0.1182684
-0.1166507
-0.1249347
-0.1351159
-0.1377144
-0.1322763
-0.1268479
-0.1276959
-0.1321813
-0.1324669
-0.1241800
-0.1097175
-0.0940414
-0.0798063
-0.0678384
-0.0605788
-0.0615912
-0.0702303
-0.0792514
-0.0811321
-0.0768470
-0.0755428
-0.0843330
-0.1004922
-0.1153053
-0.1237033
-0.1273284
-0.1288076
-0.1269356
-0.1202005
-0.1134153
-0.1164835
-0.1339261
-0.1572199
-0.1711491
-0.1688944
-0.1585232
-0.1528874
-0.1552362
-0.1578414
-0.1538847
-0.1463395
-0.1427049
-0.1432348
-0.1383178
-0.1190526
-0.0890602
-0.0638613
-0.0578264
-0.0720111
-0.0944319
-0.1101102
-0.1082658
-0.0795373
-0.0094003
0.1208768
0.3220501
0.5810738
0.8541141
1.0768936
1.1903534
1.1680992
1.0282694
0.8218318
0.6057405
0.4190223
0.2750337
0.1694078
0.0926874
0.0371485
-0.0035111
-0.0353787
-0.0621277
-0.0826252
-0.0934492
-0.0947550
-0.0924931
-0.0939649
-0.1017178
-0.1122414
-0.1199425
-0.1217375
-0.1185366
-0.1138282
-0.1113833
-0.1130836
-0.1170995
-0.1178337
-0.1095574
-0.0922100
-0.0732993
-0.0618800
-0.0597516
-0.0599725
-0.0548756
-0.0439022
-0.0319886
-0.0219588
-0.0118331
0.0000773
0.0111078
0.0184529
0.0260870
0.0430756
0.0726433
0.1052763
0.1267085
0.1334642
0.1374575
0.1532247
0.1828314
0.2163121
0.2453548
0.2715591
0.2996310
0.3270685
0.3459905
0.3549859
0.3642200
0.3853062
0.4173725
0.4462720
0.4581740
0.4518854
0.4368809
0.4216272
0.4066087
0.3876716
0.3619763
0.3288284
0.2878065
0.2399968
0.1906791
0.1471377
0.1120235
0.0806640
0.0469275
0.0110287
-0.0204365
-0.0422980
-0.0566959
-0.0700160
-0.0854028
-0.1005804
-0.1129230
-0.1237484
-0.1354822
-0.1461642
-0.1500940
-0.1448126
-0.1353529
-0.1299199
-0.1321371
-0.1387360
-0.1441876
-0.1460705
-0.1459554
-0.1467466
-0.1502821
-0.1566938
-0.1643738
-0.1699371
-0.1693552
-0.1607970
-0.1469881
-0.1342493
-0.1285420
-0.1319538
-0.1421068
-0.1538829
-0.1619355
-0.1633372
-0.1591529
-0.1528942
-0.1464605
-0.1381979
-0.1262458
-0.1133969
-0.1066198
-0.1106500
-0.1229746
-0.1362443
-0.1450145
-0.1487986
-0.1491105
-0.1463943
-0.1418396
-0.1402832
-0.1470206
-0.1600504
-0.1684669
-0.1623801
-0.1444167
-0.1284020
-0.1254950
-0.1336659
-0.1421852
-0.1442428
-0.1422174
-0.1413959
-0.1425638
-0.1429485
-0.1420390
-0.1426090
-0.1454502
-0.1461307
-0.1393617
-0.1254304
-0.1098554
-0.0968186
-0.0854853
-0.0737729
-0.0634430
-0.0591412
-0.0632094
-0.0735813
-0.0865455
-0.0992880
-0.1093024
-0.1141577
-0.1144973
-0.1161873
-0.1259818
-0.1434187
-0.1589736
-0.1630142
-0.1566902
-0.1517564
-0.1584831
-0.1750981
-0.1903974
-0.1953499
-0.1899658
-0.1797015
-0.1688941
-0.1595473
-0.1537369
-0.1531321
-0.1557676
-0.1564670
-0.1525637
-0.1475707
-0.1464933
-0.1479179
-0.1441885
-0.1314994
-0.1175562
-0.1153174
-0.1283722
-0.1448814
-0.1463322
-0.1181530
-0.0484994
0.0784243
0.2758423
0.5322727
0.7976919
1.0016951
1.0947700
1.0755748
0.9788940
0.8398302
0.6729528
0.4839021
0.2916880
0.1298517
0.0237163
-0.0289770
-0.0521397
-0.0689036
-0.0876857
-0.1066672
-0.1240190
-0.1397105
-0.1511253
-0.1535798
-0.1472719
-0.1402739
-0.1411517
-0.1493882
-0.1561837
-0.1553119
-0.1504490
-0.1497885
-0.1551263
-0.1592644
-0.1543567
-0.1403249
-0.1238583
-0.1110358
-0.1030556
-0.0982668
-0.0952838
-0.0926236
-0.0872057
-0.0762295
-0.0612314
-0.0482254
-0.0417677
-0.0391676
-0.0322784
-0.0156019
0.0083528
0.0322316
0.0513021
0.0669832
0.0839730
0.1054282
0.1308001
0.1567244
0.1792606
0.1965509
0.2109376
0.2282888
0.2533887
0.2846714
0.3140967
0.3336890
0.3426160
0.3470761
0.3529956
0.3598113
0.3619432
0.3550354
0.3391095
0.3162382
0.2876780
0.2545683
0.2198022
0.1867473
0.1556885
0.1231034
0.0857257
0.0449772
0.0063712
-0.0256323
-0.0514630
-0.0748282
-0.0979597
-0.1191967
-0.1349549
-0.1431892
-0.1449380
-0.1435782
-0.1431734
-0.1466096
-0.1539385
-0.1622606
-0.1680064
-0.1699377
-0.1698887
-0.1704725
-0.1722489
-0.1732991
-0.1714688
-0.1668469
-0.1620383
-0.1600876
-0.1620186
-0.1659730
-0.1684145
-0.1665535
-0.1606124
-0.1542633
-0.1521123
-0.1555297
-0.1606914
-0.1615497
-0.1554321
-0.1456342
-0.1382744
-0.1367788
-0.1395729
-0.1426691
-0.1437421
-0.1434860
-0.1436097
-0.1443029
-0.1439210
-0.1408237
-0.1352650
-0.1297519
-0.1278403
-0.1320135
-0.1415336
-0.1518940
-0.1573769
-0.1556338
-0.1502443
-0.1480385
-0.1528725
-0.1615163
-0.1658545
-0.1598837
-0.1453898
-0.1309733
-0.1248833
-0.1280077
-0.1336554
-0.1344401
-0.1294444
-0.1243546
-0.1244564
-0.1279894
-0.1271657
-0.1159876
-0.0965337
-0.0771020
-0.0647948
-0.0609882
-0.0635858
-0.0711094
-0.0824109
-0.0935544
-0.0987695
-0.0968364
-0.0949802
-0.1030031
-0.1220928
-0.1411513
-0.1466855
-0.1368032
-0.1239355
-0.1226623
-0.1356280
-0.1526134
-0.1627050
-0.1650349
-0.1666158
-0.1717781
-0.1768067
-0.1754267
-0.1670076
-0.1570230
-0.1501451
-0.1456421
-0.1407020
-0.1359330
-0.1342606
-0.1343019
-0.1286334
-0.1121265
-0.0911105
-0.0801717
-0.0874650
-0.1044905
-0.1119011
-0.0932790
-0.0393882
0.0603218
0.2220975
0.4531917
0.7281580
0.9842305
1.1496606
1.1849931
1.1018665
0.9455367
0.7618840
0.5791710
0.4124109
0.2735496
0.1713291
0.1040917
0.0593309
0.0236957
-0.0074957
-0.0315416
-0.0468440
-0.0568377
-0.0652250
-0.0706166
-0.0690059
-0.0610568
-0.0539126
-0.0541107
-0.0600385
-0.0635000
-0.0589251
-0.0495889
-0.0439241
-0.0464000
-0.0528997
-0.0547219
-0.0461258
-0.0280382
-0.0060788
0.0134421
0.0262913
0.0319508
0.0345402
0.0410781
0.0560429
0.0764812
0.0941118
0.1042884
0.1125989
0.1304224
0.1626336
0.2007274
0.2300243
0.2441979
0.2516388
0.2668220
0.2962680
0.3339178
0.3691809
0.3970185
0.4193757
0.4392641
0.4568504
0.4720223
0.4881896
0.5105121
0.5395629
0.5681532
0.5862483
0.5897818
0.5841163
0.5778490
0.5728428
0.5610697
0.5324591
0.4863693
0.4345963
0.3917723
0.3621371
0.3361582
0.3007457
0.2526321
0.2013566
0.1598258
0.1334084
0.1182481
0.1076833
0.0976625
0.0865668
0.0734716
0.0592318
0.0479378
0.0439499
0.0462251
0.0474168
0.0407108
0.0273275
0.0155218
0.0115787
0.0130477
0.0118376
0.0030163
-0.0109490
-0.0241247
-0.0329111
-0.0369100
-0.0361044
-0.0302149
-0.0214548
-0.0156247
-0.0180248
-0.0280559
-0.0393509
-0.0462184
-0.0493544
-0.0541223
-0.0633289
-0.0731117
-0.0770026
-0.0734351
-0.0677615
-0.0664146
-0.0701980
-0.0744795
-0.0755785
-0.0753816
-0.0787943
-0.0874993
-0.0977476
-0.1046159
-0.1071728
-0.1082971
-0.1100971
-0.1114358
-0.1107235
-0.1096370
-0.1120925
-0.1194156
-0.1280354
-0.1328562
-0.1322062
-0.1286611
-0.1257042
-0.1250485
-0.1272869
-0.1331739
-0.1422677
-0.1506459
-0.1523528
-0.1449241
-0.1329064
-0.1240181
-0.1209890
-0.1180999
-0.1070179
-0.0863539
-0.0651115
-0.0563448
-0.0667495
-0.0911135
-0.1157046
-0.1274098
-0.1218242
-0.1051978
-0.0898062
-0.0863544
-0.0981621
-0.1201233
-0.1424302
-0.1566144
-0.1605098
-0.1593303
-0.1619493
-0.1742667
-0.1940590
-0.2116600
-0.2168753
-0.2070939
-0.1898622
-0.1776444
-0.1790486
-0.1931544
-0.2104436
-0.2192288
-0.2136717
-0.1983876
-0.1854868
-0.1846506
-0.1938851
-0.2004045
-0.1925690
-0.1718371
-0.1521146
-0.1463856
-0.1536679
-0.1577841
-0.1357245
-0.0654416
0.0698593
0.2742275
0.5265784
0.7764060
0.9616221
1.0413026
1.0157786
0.9151889
0.7696544
0.5929496
0.3938085
0.1954656
0.0348340
-0.0616129
-0.0991663
-0.1093918
-0.1232135
-0.1495964
-0.1776557
-0.1942462
-0.1968631
-0.1925128
-0.1894800
-0.1921548
-0.2008909
-0.2129959
-0.2231997
-0.2256779
-0.2183053
-0.2056896
-0.1971233
-0.2001015
-0.2144367
-0.2317223
-0.2405951
-0.2340314
-0.2137911
-0.1892214
-0.1713240
-0.1660934
-0.1715500
-0.1800091
-0.1832327
-0.1766394
-0.1605430
-0.1388668
-0.1166293
-0.0972842
-0.0810819
-0.0654602
-0.0470719
-0.0236774
0.0052564
0.0386343
0.0736782
0.1064829
0.1341281
0.1568743
0.1774690
0.1975289
0.2154497
0.2294902
0.2427512
0.2624300
0.2916793
0.3229705
0.3427312
0.3443071
0.3347402
0.3265451
0.3235089
0.3173488
0.2988932
0.2693580
0.2375797
0.2076599
0.1741803
0.1319964
0.0875652
0.0553917
0.0418858
0.0360662
0.0196155
-0.0142575
-0.0542777
-0.0833640
-0.0949280
-0.0960300
-0.0971729
-0.1025032
-0.1098558
-0.1164712
-0.1215211
-0.1241360
-0.1226045
-0.1173534
-0.1131295
-0.1157053
-0.1258239
-0.1376175
-0.1439584
-0.1431671
-0.1401438
-0.1413005
-0.1486854
-0.1583906
-0.1637341
-0.1601607
-0.1483747
-0.1337877
-0.1228110
-0.1188052
-0.1207560
-0.1251460
-0.1285916
-0.1289834
-0.1255738
-0.1195723
-0.1146502
-0.1150005
-0.1211117
-0.1276465
-0.1272257
-0.1174431
-0.1037047
-0.0944313
-0.0937819
-0.0995575
-0.1071752
-0.1136752
-0.1175925
-0.1175255
-0.1136609
-0.1103963
-0.1142771
-0.1269239
-0.1408050
-0.1446279
-0.1342989
-0.1178257
-0.1082896
-0.1119066
-0.1231821
-0.1309374
-0.1278530
-0.1145152
-0.0965148
-0.0796535
-0.0674644
-0.0608952
-0.0584918
-0.0570471
-0.0534981
-0.0473879
-0.0418753
-0.0420816
-0.0516062
-0.0695002
-0.0900299
-0.1060701
-0.1141639
-0.1170067
-0.1204081
-0.1270294
-0.1334548
-0.1345029
-0.1304477
-0.1283420
-0.1346754
-0.1472454
-0.1562140
-0.1540536
-0.1433416
-0.1336357
-0.1315052
-0.1353254
-0.1395597
-0.1413336
-0.1405838
-0.1352572
-0.1205697
-0.0955845
-0.0689414
-0.0544937
-0.0595351
-0.0779940
-0.0951790
-0.0964449
-0.0684137
0.0062759
0.1476175
0.3628824
0.6285160
0.8894508
1.0822838
1.1659858
1.1366879
1.0189263
0.8465673
0.6507989
0.4589814
0.2951264
0.1747786
0.0985631
0.0534428
0.0229017
-0.0027257
-0.0243523
-0.0397726
-0.0489688
-0.0541383
-0.0570344
-0.0584501
-0.0598702
-0.0633500
-0.0686216
-0.0718593
-0.0696703
-0.0644848
-0.0636607
-0.0712237
-0.0812157
-0.0817632
-0.0671049
-0.0445663
-0.0280003
-0.0242607
-0.0272463
-0.0253739
-0.0133328
0.0046588
0.0217757
0.0359018
0.0492176
0.0628750
0.0750467
0.0846356
0.0947105
0.1102881
0.1328617
0.1584094
0.1813061
0.1996491
0.2164133
0.2359558
0.2600401
0.2870019
0.3138701
0.3388544
0.3622633
0.3857618
0.4109403
0.4381777
0.4662433
0.4924535
0.5131279
0.5247016
0.5258690
0.5194132
0.5108176
0.5029099
0.4910639
0.4654489
0.4206746
0.3640254
0.3124418
0.2790271
0.2616053
0.2450814
0.2156863
0.1731115
0.1291499
0.0955413
0.0738273
0.0562823
0.0351086
0.0100683
-0.0118834
-0.0232465
-0.0225279
-0.0156758
-0.0118579
-0.0170166
-0.0299788
-0.0439331
-0.0519581
-0.0521468
-0.0484741
-0.0472514
-0.0523166
-0.0624571
-0.0725181
-0.0772446
-0.0752484
-0.0700568
-0.0669101
-0.0677430
-0.0693991
-0.0675738
-0.0625290
-0.0596348
-0.0632746
-0.0711054
-0.0762149
-0.0752966
-0.0728470
-0.0755834
-0.0834687
-0.0885692
-0.0837273
-0.0709439
-0.0595920
-0.0567799
-0.0610201
-0.0654397
-0.0653591
-0.0616108
-0.0580616
-0.0584171
-0.0653061
-0.0792676
-0.0960804
-0.1064744
-0.1023901
-0.0856944
-0.0692650
-0.0666930
-0.0798515
-0.0973724
-0.1059109
-0.1024343
-0.0953545
-0.0949471
-0.1040661
-0.1175221
-0.1279642
-0.1308308
-0.1251455
-0.1127074
-0.0979155
-0.0865884
-0.0821173
-0.0819016
-0.0791420
-0.0700237
-0.0592630
-0.0570820
-0.0693284
-0.0905210
-0.1075246
-0.1107892
-0.1021447
-0.0918550
-0.0889188
-0.0949047
-0.1062662
-0.1200521
-0.1352991
-0.1497132
-0.1584451
-0.1589418
-0.1563594
-0.1608778
-0.1772629
-0.1979090
-0.2087726
-0.2033231
-0.1894332
-0.1811588
-0.1842860
-0.1915205
-0.1919539
-0.1833404
-0.1734677
-0.1701915
-0.1722888
-0.1711784
-0.1607378
-0.1441998
-0.1314753
-0.1305618
-0.1414155
-0.1563510
-0.1638487
-0.1501809
-0.0975000
0.0163522
0.2091159
0.4763941
0.7770439
1.0386637
1.1880826
1.1894718
1.0617021
0.8613696
0.6468097
0.4526620
0.2898917
0.1599855
0.0632751
-0.0037187
-0.0506337
-0.0871226
-0.1154689
-0.1332384
-0.1432126
-0.1558871
-0.1785555
-0.2042043
-0.2164700
-0.2074221
-0.1874754
-0.1749784
-0.1775462
-0.1868652
-0.1913709
-0.1895932
-0.1884072
-0.1912521
-0.1932813
-0.1889219
-0.1799481
-0.1727195
-0.1693192
-0.1654726
-0.1575398
-0.1477656
-0.1402147
-0.1339799
-0.1242379
-0.1097873
-0.0956154
-0.0859941
-0.0777842
-0.0641418
-0.0441268
-0.0245960
-0.0109071
0.0011650
0.0206958
0.0496385
0.0794519
0.1012034
0.1163557
0.1346538
0.1622590
0.1950508
0.2241500
0.2451548
0.2599910
0.2718962
0.2822533
0.2924004
0.3046276
0.3184542
0.3275487
0.3239825
0.3063446
0.2811325
0.2544759
0.2244125
0.1842024
0.1329022
0.0793321
0.0336578
-0.0031060
-0.0385303
-0.0782484
-0.1191823
-0.1547721
-0.1844730
-0.2143723
-0.2478079
-0.2784070
-0.2954381
-0.2960468
-0.2901082
-0.2917761
-0.3068613
-0.3291862
-0.3484085
-0.3597492
-0.3658614
-0.3711427
-0.3765585
-0.3804290
-0.3823960
-0.3844094
-0.3875478
