-0.1221543
-0.1158308
-0.1284967
-0.1312945
-0.1246565
-0.1280580
-0.1377981
-0.1313195
-0.1074980
-0.0905872
-0.0940335
-0.1060690
-0.1127783
-0.1137693
-0.1122657
-0.1076460
-0.1012997
-0.0963154
-0.0891892
-0.0724651
-0.0460992
-0.0178375
0.0057050
0.0206231
0.0227962
0.0127496
-0.0001261
-0.0070576
-0.0104122
-0.0172336
-0.0266367
-0.0318507
-0.0311006
-0.0284523
-0.0266565
-0.0261985
-0.0290909
-0.0375145
-0.0503282
-0.0649730
-0.0805109
-0.0962072
-0.1109475
-0.1265087
-0.1464868
-0.1687791
-0.1839292
-0.1847681
-0.1743934
-0.1622178
-0.1555764
-0.1565333
-0.1623218
-0.1667242
-0.1647354
-0.1576317
-0.1507048
-0.1462537
-0.1428343
-0.1405867
-0.1412972
-0.1421141
-0.1349317
-0.1152151
-0.0889604
-0.0691381
-0.0657227
-0.0768865
-0.0854839
-0.0633567
0.0179704
0.1773619
0.4181151
0.7205889
1.0343513
1.2855469
1.4080863
1.3786476
1.2249240
1.0019037
0.7602913
0.5315714
0.3328308
0.1770219
0.0737145
0.0196775
-0.0054301
-0.0259246
-0.0505412
-0.0701930
-0.0762732
-0.0754201
-0.0822965
-0.1019433
-0.1247384
-0.1379917
-0.1386552
-0.1340328
-0.1323382
-0.1344844
-0.1357089
-0.1338614
-0.1324937
-0.1339128
-0.1328204
-0.1217728
-0.1022168
-0.0855236
-0.0818903
-0.0905424
-0.1010164
-0.1020393
-0.0899654
-0.0716548
-0.0592549
-0.0593419
-0.0661865
-0.0670284
-0.0542256
-0.0314800
-0.0089682
0.0062531
0.0156467
0.0264547
0.0435160
0.0636657
0.0792861
0.0872733
0.0925397
0.1025794
0.1212919
0.1487251
0.1832156
0.2210988
0.2564078
0.2839900
0.3031692
0.3176821
0.3326406
0.3514094
0.3734523
0.3942931
0.4089846
0.4165308
0.4201400
0.4230610
0.4252903
0.4242249
0.4170602
0.4023265
0.3801736
0.3513791
0.3159051
0.2735730
0.2268751
0.1811727
0.1401956
0.1028807
0.0669594
0.0341960
0.0087630
-0.0094514
-0.0267181
-0.0491675
-0.0759084
-0.0996339
-0.1139778
-0.1198445
-0.1239978
-0.1311966
-0.1388822
-0.1411680
-0.1371579
-0.1326168
-0.1332710
-0.1393417
-0.1475855
-0.1557033
-0.1626600
-0.1669621
-0.1676949
-0.1668813
-0.1684894
-0.1742445
-0.1811011
-0.1835933
-0.1791916
-0.1713554
-0.1664258
-0.1670094
-0.1695673
-0.1694402
-0.1667673
-0.1656683
-0.1686908
-0.1743130
-0.1794200
-0.1818809
-0.1804863
-0.1744370
-0.1640459
-0.1515119
-0.1407581
-0.1361569
-0.1396959
-0.1480065
-0.1535003
-0.1509405
-0.1433437
-0.1398673
-0.1467448
-0.1603007
-0.1693865
-0.1656215
-0.1520709
-0.1412816
-0.1434259
-0.1564717
-0.1691629
-0.1730202
-0.1693156
-0.1645201
-0.1619879
-0.1595557
-0.1530570
-0.1399910
-0.1207833
-0.0986987
-0.0788895
-0.0662875
-0.0632314
-0.0684121
-0.0779604
-0.0881885
-0.0978050
-0.1070795
-0.1148445
-0.1178588
-0.1143210
-0.1069165
-0.1008766
-0.0996913
-0.1040282
-0.1137672
-0.1287234
-0.1472147
-0.1660148
-0.1829690
-0.1988754
-0.2155076
-0.2313465
-0.2401039
-0.2355298
-0.2192688
-0.2026328
-0.1973396
-0.2035869
-0.2098847
-0.2064228
-0.1964243
-0.1914728
-0.1966408
-0.2038973
-0.2016615
-0.1883335
-0.1729651
-0.1625046
-0.1525696
-0.1350542
-0.1134381
-0.1037910
-0.1161577
-0.1378985
-0.1399963
-0.0972023
0.0049735
0.1813330
0.4490755
0.8008860
1.1724614
1.4514736
1.5402211
1.4235834
1.1774942
0.9069140
0.6722149
0.4717058
0.2850102
0.1190328
0.0055060
-0.0384393
-0.0348894
-0.0271932
-0.0426273
-0.0758303
-0.1047404
-0.1164845
-0.1167119
-0.1187637
-0.1292218
-0.1443474
-0.1562396
-0.1592120
-0.1521759
-0.1391214
-0.1279843
-0.1256726
-0.1318220
-0.1386457
-0.1387403
-0.1326876
-0.1278478
-0.1298508
-0.1361513
-0.1381937
-0.1297373
-0.1129907
-0.0965010
-0.0870968
-0.0842889
-0.0823619
-0.0766266
-0.0668085
-0.0555410
-0.0452513
-0.0363017
-0.0266935
-0.0132858
0.0056828
0.0287254
0.0520480
0.0725700
0.0900650
0.1066285
0.1242151
0.1425423
0.1597464
0.1758262
0.1949047
0.2220831
0.2570235
0.2920410
0.3184088
0.3346775
0.3477850
0.3655369
0.3882175
0.4078752
0.4161820
0.4131295
0.4073631
0.4072026
0.4116683
0.4111808
0.3967676
0.3675737
0.3297418
0.2897042
0.2493441
0.2066456
0.1598822
0.1110663
0.0655820
0.0283829
0.0003153
-0.0222048
-0.0442926
-0.0689121
-0.0946393
-0.1164618
-0.1300736
-0.1367028
-0.1430228
-0.1546857
-0.1697385
-0.1796117
-0.1775019
-0.1658440
-0.1552295
-0.1553364
-0.1661053
-0.1777967
-0.1806031
-0.1745997
-0.1695412
-0.1743548
-0.1873595
-0.1974115
-0.1945912
-0.1797468
-0.1639362
-0.1584554
-0.1647586
-0.1738886
-0.1760307
-0.1703760
-0.1649986
-0.1673553
-0.1760403
-0.1822911
-0.1789735
-0.1676659
-0.1571190
-0.1548171
-0.1599116
-0.1646900
-0.1631738
-0.1575680
-0.1553715
-0.1604226
-0.1679079
-0.1688039
-0.1591658
-0.1448798
-0.1368778
-0.1409374
-0.1520302
-0.1594993
-0.1581818
-0.1535078
-0.1547903
-0.1641730
-0.1735605
-0.1728638
-0.1607443
-0.1466597
-0.1419647
-0.1488874
-0.1586810
-0.1610640
-0.1549450
-0.1488546
-0.1510418
-0.1605545
-0.1686286
-0.1678061
-0.1587521
-0.1486378
-0.1439340
-0.1451119
-0.1478121
-0.1482127
-0.1464948
-0.1453400
-0.1463342
-0.1485270
-0.1494842
-0.1465584
-0.1378227
-0.1235164
-0.1068814
-0.0921583
-0.0807112
-0.0695917
-0.0548999
-0.0368853
-0.0212830
-0.0148467
-0.0191484
-0.0291620
-0.0383930
-0.0446948
-0.0498975
-0.0544717
-0.0553508
-0.0506833
-0.0451112
-0.0474144
-0.0618519
-0.0828345
-0.0993329
-0.1049502
-0.1037547
-0.1063336
-0.1200672
-0.1428089
-0.1652368
-0.1787833
-0.1819828
-0.1808480
-0.1836547
-0.1935826
-0.2046978
-0.2063220
-0.1940085
-0.1762750
-0.1675779
-0.1729512
-0.1816787
-0.1790380
-0.1637102
-0.1498860
-0.1500013
-0.1579152
-0.1540121
-0.1286488
-0.0969838
-0.0858396
-0.1048775
-0.1322331
-0.1271268
-0.0522349
0.1153340
0.3825325
0.7322602
1.1089005
1.4207514
1.5757083
1.5315672
1.3199186
1.0223749
0.7208809
0.4637698
0.2664157
0.1290588
0.0459412
0.0025419
-0.0232313
-0.0487542
-0.0761218
-0.0970296
-0.1075281
-0.1146300
-0.1276219
-0.1462234
-0.1609197
-0.1649311
-0.1627568
-0.1647082
-0.1742762
-0.1837921
-0.1832670
-0.1714050
-0.1563719
-0.1471183
-0.1459820
-0.1491030
-0.1513783
-0.1499737
-0.1448520
-0.1380331
-0.1323153
-0.1290933
-0.1264361
-0.1200381
-0.1074611
-0.0916557
-0.0789089
-0.0721497
-0.0671058
-0.0568264
-0.0400358
-0.0231119
-0.0126375
-0.0070728
0.0026083
0.0239243
0.0553241
0.0876940
0.1128520
0.1304073
0.1467279
0.1678242
0.1936832
0.2194981
0.2418008
0.2627130
0.2880019
0.3209755
0.3581067
0.3907884
0.4122558
0.4234815
0.4318321
0.4431210
0.4551513
0.4599149
0.4522923
0.4358741
0.4196647
0.4090556
0.4001409
0.3829485
0.3504089
0.3043375
0.2528698
0.2027132
0.1546854
0.1064787
0.0580762
0.0130950
-0.0247468
-0.0550755
-0.0803343
-0.1027041
-0.1225457
-0.1398080
-0.1556612
-0.1713476
-0.1856292
-0.1953461
-0.1999184
-0.2039963
-0.2129778
-0.2253753
-0.2321387
-0.2260610
-0.2115239
-0.2025144
-0.2093653
-0.2279831
-0.2436915
-0.2462080
-0.2397555
-0.2373123
-0.2456154
-0.2577812
-0.2612821
-0.2514826
-0.2357801
-0.2253752
-0.2250101
-0.2308127
-0.2359679
-0.2368729
-0.2346574
-0.2328478
-0.2343897
-0.2396685
-0.2456662
-0.2470722
-0.2403091
-0.2282205
-0.2198482
-0.2228666
-0.2350176
-0.2445956
-0.2415281
-0.2281865
-0.2179020
-0.2218279
-0.2374134
-0.2503717
-0.2482272
-0.2318841
-0.2140710
-0.2071217
-0.2127917
-0.2231354
-0.2291872
-0.2277151
-0.2213165
-0.2149293
-0.2129433
-0.2172915
-0.2257039
-0.2317656
-0.2289085
-0.2164308
-0.2017342
-0.1950288
-0.2001411
-0.2102943
-0.2139803
-0.2057706
-0.1910859
-0.1799096
-0.1760809
-0.1731716
-0.1607363
-0.1344822
-0.1009241
-0.0728106
-0.0597243
-0.0619057
-0.0720099
-0.0823372
-0.0905879
-0.0993795
-0.1109957
-0.1229893
-0.1290548
-0.1246501
-0.1122300
-0.1006687
-0.0986519
-0.1080647
-0.1237100
-0.1390708
-0.1518399
-0.1643007
-0.1796390
-0.1984019
-0.2175172
-0.2317048
-0.2365170
-0.2319025
-0.2236918
-0.2202049
-0.2251118
-0.2330818
-0.2343731
-0.2255412
-0.2146251
-0.2130467
-0.2218587
-0.2286952
-0.2204670
-0.1975069
-0.1723250
-0.1549915
-0.1436938
-0.1317377
-0.1206011
-0.1206974
-0.1372741
-0.1577018
-0.1542574
-0.0973844
0.0354300
0.2578689
0.5679315
0.9312301
1.2725176
1.4982400
1.5447517
1.4151061
1.1718408
0.8930879
0.6317456
0.4081114
0.2288500
0.1022227
0.0329810
0.0093857
0.0040948
-0.0080807
-0.0339087
-0.0634300
-0.0853404
-0.0983123
-0.1084482
-0.1197563
-0.1298965
-0.1343501
-0.1321437
-0.1263886
-0.1204335
-0.1152000
-0.1103776
-0.1065189
-0.1043542
-0.1024414
-0.0974473
-0.0879729
-0.0773816
-0.0713904
-0.0722965
-0.0759418
-0.0748050
-0.0644021
-0.0471057
-0.0300527
-0.0191634
-0.0146362
-0.0117289
-0.0056316
0.0044098
0.0154290
0.0247758
0.0336685
0.0465729
0.0666703
0.0918707
0.1160738
0.1353063
0.1526041
0.1759388
0.2106232
0.2537170
0.2960856
0.3301562
0.3561871
0.3817221
0.4152969
0.4602323
0.5134055
0.5685731
0.6198096
0.6620980
0.6907215
0.7026616
0.6997409
0.6894811
0.6808283
0.6772720
0.6736197
0.6601794
0.6310093
0.5883775
0.5392202
0.4879624
0.4337593
0.3744229
0.3112253
0.2485267
0.1894823
0.1340035
0.0815839
0.0347929
-0.0017927
-0.0265019
-0.0433190
-0.0586886
-0.0758094
-0.0929569
-0.1072007
-0.1181714
-0.1273197
-0.1350407
-0.1408750
-0.1464620
-0.1554363
-0.1680863
-0.1772677
-0.1731875
-0.1544935
-0.1332875
-0.1258050
-0.1363749
-0.1519997
-0.1550867
-0.1415724
-0.1245538
-0.1194881
-0.1279916
-0.1380037
-0.1379794
-0.1271017
-0.1110579
-0.0923831
-0.0699480
-0.0474589
-0.0364561
-0.0452266
-0.0639755
-0.0634075
-0.0090391
0.1234429
0.3433364
0.6448006
1.0004039
1.3530706
1.6248662
1.7490622
1.7048341
1.5253760
1.2731450
1.0053344
0.7565320
0.5431214
0.3735043
0.2505588
0.1687883
0.1156101
0.0780391
0.0475679
0.0194920
-0.0088237
-0.0366389
-0.0590101
-0.0714129
-0.0764076
-0.0833193
-0.0990749
-0.1199776
-0.1344912
-0.1346289
-0.1235438
-0.1115446
-0.1059562
-0.1060551
-0.1068759
-0.1054340
-0.1022408
-0.0986802
-0.0954149
-0.0933161
-0.0936264
-0.0957034
-0.0955375
-0.0881973
-0.0722404
-0.0513367
-0.0315765
-0.0174462
-0.0098112
-0.0063767
-0.0033155
0.0028137
0.0134053
0.0276425
0.0446024
0.0656599
0.0935780
0.1280131
0.1628013
0.1902505
0.2094559
0.2288222
0.2578959
0.2963153
0.3325950
0.3551885
0.3642852
0.3716704
0.3889870
0.4167666
0.4446916
0.4612694
0.4626500
0.4534825
0.4415053
0.4316852
0.4232414
0.4099022
0.3835973
0.3409469
0.2881404
0.2383582
0.2019200
0.1777910
0.1552130
0.1242044
0.0844461
0.0441917
0.0116018
-0.0119960
-0.0310432
-0.0498566
-0.0686642
-0.0843281
-0.0933102
-0.0940720
-0.0885838
-0.0827657
-0.0840314
-0.0956952
-0.1128184
-0.1250966
-0.1257896
-0.1181798
-0.1123501
-0.1150223
-0.1229319
-0.1267585
-0.1214468
-0.1119457
-0.1083382
-0.1155882
-0.1285341
-0.1369200
-0.1350380
-0.1266678
-0.1213354
-0.1260141
-0.1396738
-0.1547287
-0.1632763
-0.1623979
-0.1545639
-0.1443045
-0.1353806
-0.1306231
-0.1325116
-0.1419638
-0.1563328
-0.1700536
-0.1787289
-0.1826355
-0.1852261
-0.1878360
-0.1871063
-0.1792402
-0.1666817
-0.1584295
-0.1617755
-0.1740600
-0.1845739
-0.1857327
-0.1814594
-0.1829719
-0.1959876
-0.2132006
-0.2205472
-0.2110571
-0.1920521
-0.1785845
-0.1801579
-0.1937064
-0.2081864
-0.2145793
-0.2118525
-0.2055628
-0.2025273
-0.2060633
-0.2139538
-0.2198578
-0.2180566
-0.2088893
-0.1998174
-0.1994666
-0.2091100
-0.2204130
-0.2231394
-0.2157202
-0.2072865
-0.2083583
-0.2200498
-0.2334617
-0.2392839
-0.2363285
-0.2301483
-0.2253127
-0.2216005
-0.2177397
-0.2159394
-0.2199975
-0.2293952
-0.2382402
-0.2419281
-0.2433169
-0.2492394
-0.2602051
-0.2663555
-0.2568079
-0.2330934
-0.2106701
-0.2050146
-0.2165577
-0.2306994
-0.2327571
-0.2218071
-0.2096244
-0.2076199
-0.2164051
-0.2274602
-0.2324595
-0.2295933
-0.2225010
-0.2159640
-0.2132609
-0.2153610
-0.2203429
-0.2239536
-0.2228483
-0.2181841
-0.2147806
-0.2153602
-0.2160639
-0.2092861
-0.1916141
-0.1680423
-0.1474601
-0.1346163
-0.1277469
-0.1236981
-0.1231307
-0.1290962
-0.1415265
-0.1554055
-0.1650150
-0.1685963
-0.1679351
-0.1646835
-0.1590894
-0.1523406
-0.1480435
-0.1497456
-0.1576028
-0.1689739
-0.1821601
-0.1976970
-0.2149664
-0.2291411
-0.2340031
-0.2283421
-0.2179977
-0.2104687
-0.2082590
-0.2083480
-0.2070166
-0.2032043
-0.1974029
-0.1900651
-0.1828629
-0.1793973
-0.1809153
-0.1809551
-0.1685192
-0.1408009
-0.1117423
-0.1024872
-0.1192936
-0.1416858
-0.1348900
-0.0733853
0.0499871
0.2351741
0.4842342
0.7880001
1.1015457
1.3434413
1.4350121
1.3516424
1.1391905
0.8794119
0.6368324
0.4333879
0.2638850
0.1245929
0.0225015
-0.0375085
-0.0649698
-0.0789118
-0.0929563
-0.1084110
-0.1210326
-0.1305437
-0.1413385
-0.1558182
-0.1705391
-0.1801560
-0.1835879
-0.1845511
-0.1862841
-0.1874245
-0.1840849
-0.1753780
-0.1656090
-0.1604015
-0.1610404
-0.1633470
-0.1623583
-0.1576021
-0.1530318
-0.1517194
-0.1515205
-0.1469560
-0.1353223
-0.1199640
-0.1068647
-0.0985049
-0.0920022
-0.0833388
-0.0723810
-0.0627874
-0.0571523
-0.0531820
-0.0451940
-0.0291604
-0.0061231
0.0187778
0.0400571
0.0553013
0.0665099
0.0789294
0.0975307
0.1227985
0.1494319
0.1704310
0.1838822
0.1956710
0.2142406
0.2418450
0.2714714
0.2933750
0.3047484
0.3120871
0.3234373
0.3388664
0.3496147
0.3469365
0.3312079
0.3118788
0.2987037
0.2932723
0.2885834
0.2759109
0.2519030
0.2200959
0.1868723
0.1561316
0.1268372
0.0948482
0.0575169
0.0175667
-0.0173336
-0.0400359
-0.0504360
-0.0568073
-0.0695014
-0.0919519
-0.1174206
-0.1350832
-0.1400584
-0.1379078
-0.1392863
-0.1498152
-0.1647538
-0.1734706
-0.1695383
-0.1570595
-0.1472667
-0.1484243
-0.1584498
-0.1674050
-0.1676838
-0.1618974
-0.1602002
-0.1692688
-0.1841236
-0.1916962
-0.1831300
-0.1626134
-0.1439935
-0.1387881
-0.1472364
-0.1598509
-0.1662836
-0.1627729
-0.1530554
-0.1442403
-0.1417018
-0.1456568
-0.1508367
-0.1501740
-0.1409669
-0.1282921
-0.1210960
-0.1235638
-0.1307903
-0.1343242
-0.1319279
-0.1300582
-0.1355011
-0.1457882
-0.1502919
-0.1416300
-0.1245967
