0.7727035
0.5315814
0.3014556
0.1034366
-0.0335045
-0.0980034
-0.1116756
-0.1135846
-0.1289439
-0.1538523
-0.1688300
-0.1636282
-0.1472549
-0.1359776
-0.1353068
-0.1359792
-0.1272781
-0.1122340
-0.1072110
-0.1249689
-0.1588245
-0.1862529
-0.1903877
-0.1772562
-0.1689423
-0.1785525
-0.1944933
-0.1929036
-0.1653175
-0.1297030
-0.1107541
-0.1110107
-0.1064215
-0.0728975
-0.0148692
0.0359173
0.0501241
0.0273452
-0.0065979
-0.0250936
-0.0210747
-0.0049873
0.0114224
0.0263729
0.0459238
0.0750863
0.1122409
0.1505097
0.1836259
0.2117240
0.2421584
0.2828129
0.3324715
0.3788161
0.4091962
0.4243290
0.4385034
0.4639339
0.4973840
0.5268545
0.5512318
0.5862904
0.6443537
0.7092131
0.7398449
0.7065263
0.6232849
0.5394430
0.4955730
0.4884607
0.4805699
0.4418105
0.3783831
0.3203651
0.2852900
0.2585303
0.2099233
0.1265739
0.0270124
-0.0557619
-0.1025508
-0.1193496
-0.1243995
-0.1284262
-0.1290822
-0.1221602
-0.1137492
-0.1182774
-0.1442628
-0.1832251
-0.2137732
-0.2175721
-0.1931126
-0.1564871
-0.1301646
-0.1291294
-0.1533023
-0.1895420
-0.2209625
-0.2375084
-0.2405640
-0.2381460
-0.2353625
-0.2300317
-0.2182520
-0.2029707
-0.1938343
-0.1963522
-0.2025177
-0.1959147
-0.1687945
-0.1337307
-0.1161270
-0.1329870
-0.1771378
-0.2204690
-0.2325441
-0.2001475
-0.1359472
-0.0728342
-0.0467196
-0.0752935
-0.1450208
-0.2176781
-0.2553428
-0.2462937
-0.2107975
-0.1821113
-0.1798499
-0.1984713
-0.2179051
-0.2231467
-0.2146395
-0.2034245
-0.1993925
-0.2039954
-0.2113248
-0.2137784
-0.2071659
-0.1930185
-0.1780700
-0.1709936
-0.1768754
-0.1921899
-0.2050128
-0.2027526
-0.1825608
-0.1544751
-0.1321456
-0.1189000
-0.1043774
-0.0776938
-0.0441871
-0.0257165
-0.0406935
-0.0837725
-0.1284269
-0.1516464
-0.1546551
-0.1571860
-0.1728507
-0.1946184
-0.2064718
-0.2054289
-0.2061300
-0.2224739
-0.2494565
-0.2680168
-0.2671764
-0.2565034
-0.2538356
-0.2632638
-0.2699304
-0.2576978
-0.2284414
-0.2003602
-0.1880658
-0.1882423
-0.1866109
-0.1757875
-0.1616635
-0.1520610
-0.1445838
-0.1311849
-0.1137624
-0.1078071
-0.1240904
-0.1481369
-0.1455567
-0.0925536
0.0031291
0.1196952
0.2597893
0.4593861
0.7434540
1.0695952
1.3281991
1.4160294
1.3189123
1.1201904
0.9234653
0.7665484
0.6110914
0.4100965
0.1748348
-0.0289346
-0.1435341
-0.1688026
-0.1509272
-0.1340288
-0.1305970
-0.1325528
-0.1351787
-0.1413771
-0.1494071
-0.1499981
-0.1402224
-0.1324226
-0.1404114
-0.1579410
-0.1600337
-0.1313858
-0.0894682
-0.0715426
-0.0962297
-0.1421299
-0.1686746
-0.1571293
-0.1274231
-0.1142242
-0.1302388
-0.1556892
-0.1611771
-0.1358099
-0.0922368
-0.0498127
-0.0188963
-0.0009190
0.0035657
-0.0062714
-0.0247075
-0.0370719
-0.0293195
-0.0009758
0.0334656
0.0578678
0.0695251
0.0808789
0.1066588
0.1497277
0.1991663
0.2412010
0.2714168
0.2967470
0.3266129
0.3631003
0.4002486
0.4325061
0.4623705
0.4979614
0.5425593
0.5877769
0.6187407
0.6266384
0.6158309
0.5985775
0.5833744
0.5686294
0.5466121
0.5119660
0.4659591
0.4137064
0.3588310
0.3012747
0.2398399
0.1766208
0.1188897
0.0755422
0.0496141
0.0335021
0.0135785
-0.0176482
-0.0537032
-0.0808255
-0.0938737
-0.1035617
-0.1247390
-0.1575791
-0.1842185
-0.1871889
-0.1698113
-0.1542697
-0.1580635
-0.1754333
-0.1853530
-0.1764728
-0.1593741
-0.1522441
-0.1583736
-0.1631534
-0.1536664
-0.1362926
-0.1305601
-0.1464311
-0.1718922
-0.1852645
-0.1779001
-0.1617814
-0.1547195
-0.1609725
-0.1685887
-0.1646104
-0.1498816
-0.1375473
-0.1383903
-0.1497367
-0.1593718
-0.1594414
-0.1554267
-0.1610009
-0.1839970
-0.2173171
-0.2434788
-0.2483357
-0.2313819
-0.2042622
-0.1805318
-0.1668305
-0.1623302
-0.1640964
-0.1708041
-0.1810841
-0.1905675
-0.1936985
-0.1897150
-0.1851977
-0.1881476
-0.1989057
-0.2086469
-0.2085325
-0.1997619
-0.1923841
-0.1932599
-0.1971663
-0.1927167
-0.1773425
-0.1631475
-0.1645313
-0.1803434
-0.1919086
-0.1813884
-0.1511150
-0.1220961
-0.1127096
-0.1207043
-0.1277026
-0.1202854
-0.1040665
-0.0962032
-0.1061903
-0.1267388
-0.1436279
-0.1516760
-0.1582572
-0.1713549
-0.1871304
-0.1921454
-0.1783541
-0.1540783
-0.1378270
-0.1404281
-0.1546274
-0.1643391
-0.1641156
-0.1666920
-0.1885962
-0.2290037
-0.2663636
-0.2782315
-0.2629872
-0.2392924
-0.2247057
-0.2189483
-0.2106756
-0.1970311
-0.1895272
-0.1980966
-0.2140596
-0.2140714
-0.1785082
-0.0981131
0.0392037
0.2565719
0.5660537
0.9304896
1.2552308
1.4340940
1.4168182
1.2375071
0.9798112
0.7162503
0.4781846
0.2719468
0.1067100
-0.0029527
-0.0567148
-0.0781919
-0.0980400
-0.1291857
-0.1621645
-0.1829650
-0.1900269
-0.1919368
-0.1932448
-0.1890444
-0.1750042
-0.1583426
-0.1538360
-0.1680976
-0.1905744
-0.2024735
-0.1944439
-0.1744087
-0.1583088
-0.1546413
-0.1587603
-0.1610728
-0.1584212
-0.1557250
-0.1569169
-0.1568831
-0.1452128
-0.1186283
-0.0877415
-0.0688926
-0.0684421
-0.0762452
-0.0757959
-0.0603669
-0.0377774
-0.0192376
-0.0058131
0.0116045
0.0394964
0.0725172
0.0997703
0.1188088
0.1394431
0.1718753
0.2134543
0.2506941
0.2748902
0.2929479
0.3202622
0.3635849
0.4136747
0.4559746
0.4863139
0.5131623
0.5447466
0.5777155
0.6014660
0.6122275
0.6185771
0.6305993
0.6453756
0.6468501
0.6215817
0.5728710
0.5169441
0.4655153
0.4150788
0.3552126
0.2851121
0.2174609
0.1644838
0.1235423
0.0807625
0.0289450
-0.0222696
-0.0572601
-0.0737914
-0.0870178
-0.1121362
-0.1459531
-0.1699489
-0.1718188
-0.1598376
-0.1530837
-0.1601317
-0.1722207
-0.1775868
-0.1769292
-0.1800817
-0.1897696
-0.1955468
-0.1871735
-0.1701504
-0.1619839
-0.1721990
-0.1908542
-0.2005249
-0.1970530
-0.1929740
-0.1996413
-0.2113798
-0.2121749
-0.1962949
-0.1765546
-0.1698725
-0.1782198
-0.1880394
-0.1876631
-0.1805559
-0.1788032
-0.1864510
-0.1941182
-0.1909113
-0.1777666
-0.1657093
-0.1625890
-0.1657355
-0.1684960
-0.1699211
-0.1740562
-0.1808056
-0.1823654
-0.1717062
-0.1529067
-0.1395014
-0.1415037
-0.1560421
-0.1722820
-0.1837175
-0.1924174
-0.2011952
-0.2057827
-0.1986159
-0.1796556
-0.1595320
-0.1497139
-0.1510608
-0.1546042
-0.1536506
-0.1525262
-0.1610469
-0.1806123
-0.1981016
-0.1955940
-0.1665662
-0.1221849
-0.0820412
-0.0594326
-0.0549315
-0.0614914
-0.0729491
-0.0870971
-0.1026980
-0.1164836
-0.1246838
-0.1270157
-0.1275388
-0.1305028
-0.1356720
-0.1386784
-0.1363355
-0.1312918
-0.1311219
-0.1423919
-0.1646091
-0.1892005
-0.2054150
-0.2098388
-0.2118008
-0.2278937
-0.2672366
-0.3193125
-0.3575421
-0.3593857
-0.3267629
-0.2864674
-0.2672823
-0.2744793
-0.2872311
-0.2814827
-0.2534900
-0.2191484
-0.1924867
-0.1698222
-0.1361724
-0.0807567
0.0023484
0.1289179
0.3276613
0.6125208
0.9449977
1.2314163
1.3723337
1.3267432
1.1340417
0.8769676
0.6249076
0.4078952
0.2308807
0.0968486
0.0100001
-0.0361859
-0.0621651
-0.0882609
-0.1194159
-0.1463639
-0.1600568
-0.1616502
-0.1589390
-0.1573963
-0.1572003
-0.1564726
-0.1537049
-0.1475157
-0.1379941
-0.1301169
-0.1329808
-0.1517445
-0.1799426
-0.2027451
-0.2101511
-0.2060932
-0.2022710
-0.2031393
-0.2001895
-0.1834904
-0.1567494
-0.1359397
-0.1309186
-0.1318971
-0.1190411
-0.0859208
-0.0490976
-0.0306807
-0.0324155
-0.0312669
-0.0030822
0.0508838
0.1033892
0.1268300
0.1179086
0.0982410
0.0951036
0.1234177
0.1809681
0.2522128
0.3140883
0.3455300
0.3416260
0.3218264
0.3191530
0.3545264
0.4193216
0.4846075
0.5284139
0.5528647
0.5747301
0.6029892
0.6299399
0.6436015
0.6430705
0.6373679
0.6313313
0.6182437
0.5884752
0.5421102
0.4892418
0.4382662
0.3874800
0.3300121
0.2646702
0.1984764
0.1385647
0.0852280
0.0353091
-0.0099986
-0.0449652
-0.0671917
-0.0816510
-0.0942732
-0.1040794
-0.1060464
-0.1019590
-0.1038081
-0.1223395
-0.1530867
-0.1779140
-0.1826887
-0.1716244
-0.1615668
-0.1630221
-0.1704380
-0.1722973
-0.1669920
-0.1643369
-0.1719014
-0.1844410
-0.1896827
-0.1826203
-0.1706566
-0.1643599
-0.1661942
-0.1705950
-0.1733458
-0.1766509
-0.1831939
-0.1884008
-0.1834783
-0.1671532
-0.1506421
-0.1472639
-0.1577133
-0.1689438
-0.1689086
-0.1600946
-0.1558078
-0.1636198
-0.1757713
-0.1780760
-0.1665731
-0.1517478
-0.1455565
-0.1479713
-0.1499626
-0.1480632
-0.1501718
-0.1638686
-0.1824497
-0.1885302
-0.1732524
-0.1480192
-0.1326969
-0.1325588
-0.1318303
-0.1137359
-0.0846337
-0.0721642
-0.0963787
-0.1457297
-0.1863089
-0.1951088
-0.1805134
-0.1683928
-0.1716984
-0.1788169
-0.1721183
-0.1524496
-0.1395432
-0.1481360
-0.1690185
-0.1782330
-0.1637234
-0.1380125
-0.1226521
-0.1236532
-0.1265129
-0.1152197
-0.0921097
-0.0761062
-0.0823614
-0.1063741
-0.1291271
-0.1361354
-0.1294741
-0.1218444
-0.1221558
-0.1290985
-0.1368929
-0.1431560
-0.1495168
-0.1571217
-0.1649190
-0.1725343
-0.1819388
-0.1939148
-0.2038587
-0.2044911
-0.1948218
-0.1847243
-0.1870887
-0.2043768
-0.2251900
-0.2356933
-0.2324560
-0.2216853
-0.2079141
-0.1888185
-0.1632908
-0.1402648
-0.1332953
-0.1446756
-0.1579131
-0.1477751
-0.0947224
0.0140769
0.1935039
0.4564366
0.7879529
1.1229655
1.3621424
1.4262091
1.3056532
1.0623767
0.7844526
0.5358984
0.3391868
0.1907046
0.0822473
0.0082529
-0.0382496
-0.0676490
-0.0896020
-0.1093392
-0.1286763
-0.1476711
-0.1632925
-0.1691821
-0.1612681
-0.1445400
-0.1312762
-0.1302173
-0.1383784
-0.1453912
-0.1456521
-0.1440567
-0.1484130
-0.1573823
-0.1588221
-0.1421411
-0.1117068
-0.0856013
-0.0794699
-0.0918538
-0.1061199
-0.1065233
-0.0918602
-0.0739220
-0.0638700
-0.0610402
-0.0552064
-0.0391284
-0.0174099
-0.0016804
0.0027651
0.0040479
0.0166043
0.0475010
0.0903220
0.1320527
0.1649601
0.1913884
0.2178449
0.2463654
0.2734791
0.2973360
0.3230421
0.3583184
0.4042355
0.4526472
0.4938598
0.5255211
0.5526943
0.5801484
0.6068249
0.6287689
0.6456594
0.6612387
0.6758826
0.6810897
0.6654403
0.6276257
0.5812222
0.5433521
0.5178202
0.4905778
0.4427527
0.3686860
0.2821506
0.2056066
0.1524583
0.1177419
0.0847571
0.0410007
-0.0111274
-0.0578991
-0.0877951
-0.1019913
-0.1122107
-0.1284044
-0.1487134
-0.1623135
-0.1623218
-0.1543197
-0.1504399
-0.1558268
-0.1634895
-0.1633831
-0.1546377
-0.1468206
-0.1494301
-0.1618267
-0.1743701
-0.1787805
-0.1760463
-0.1735811
-0.1756723
-0.1785829
-0.1756001
-0.1654930
-0.1545926
-0.1508565
-0.1568950
-0.1687200
-0.1802781
-0.1884425
-0.1934016
-0.1946657
-0.1885067
-0.1718368
-0.1492787
-0.1339057
-0.1375631
-0.1591907
-0.1839672
-0.1958324
-0.1917052
-0.1829727
-0.1822194
-0.1888550
-0.1896263
-0.1743965
-0.1496749
-0.1335798
-0.1369406
-0.1518459
-0.1607008
-0.1553792
-0.1449931
-0.1442210
-0.1559293
-0.1678100
-0.1667628
-0.1543630
-0.1450769
-0.1489575
-0.1594554
-0.1613115
-0.1492865
-0.1353078
-0.1354651
-0.1518347
-0.1696135
-0.1725245
-0.1595488
-0.1450827
-0.1428431
-0.1513912
-0.1567449
-0.1478954
-0.1271077
-0.1047750
-0.0873436
-0.0730446
-0.0583944
-0.0454304
-0.0404710
-0.0463244
-0.0576160
-0.0654539
-0.0670385
-0.0693298
-0.0815484
-0.1039420
-0.1251842
-0.1315528
-0.1186139
-0.0946236
-0.0739847
-0.0675750
-0.0774624
-0.0984182
-0.1229869
-0.1450744
-0.1603792
-0.1662216
-0.1626971
-0.1531593
-0.1419782
-0.1317799
-0.1234315
-0.1176882
-0.1151648
-0.1150694
-0.1161343
-0.1196459
-0.1297917
-0.1486219
-0.1699640
-0.1795083
-0.1621937
-0.1087900
-0.0130568
0.1365127
0.3541045
0.6350141
0.9329174
1.1662958
1.2605847
1.1941057
1.0074530
0.7701074
0.5376140
0.3354594
0.1724819
0.0567312
-0.0077498
-0.0341563
-0.0511193
-0.0803345
-0.1178410
-0.1425807
-0.1433784
-0.1326921
-0.1320576
-0.1483128
-0.1687033
-0.1783286
-0.1774045
-0.1783782
-0.1881852
-0.1982855
-0.1948944
-0.1766572
-0.1575537
-0.1511688
-0.1557369
-0.1579176
-0.1496557
-0.1373187
-0.1331201
-0.1398977
-0.1466994
-0.1397796
-0.1170726
-0.0906594
-0.0744552
-0.0704835
-0.0687076
-0.0595978
-0.0440446
-0.0296995
-0.0197620
-0.0081778
0.0136913
0.0470268
0.0833411
0.1127203
0.1339072
0.1550121
0.1837718
0.2188003
0.2522884
0.2802128
0.3071028
0.3404241
0.3825944
0.4295195
0.4751404
0.5156515
0.5498487
0.5772326
0.5971974
0.6103291
0.6193121
0.6267566
0.6317932
0.6301599
0.6180011
0.5940172
0.5576237
0.5079054
0.4467701
0.3814340
0.3205434
0.2673749
0.2185121
0.1694782
0.1201878
0.0740581
0.0326748
-0.0068105
-0.0473986
-0.0856129
-0.1119001
-0.1202526
-0.1164638
-0.1137830
-0.1200786
-0.1318930
-0.1417114
-0.1479447
-0.1553960
-0.1675144
-0.1812077
-0.1902658
-0.1928124
-0.1936101
-0.1976615
-0.2022146
-0.1980519
-0.1806083
-0.1579304
-0.1446264
-0.1479407
-0.1616619
-0.1736379
-0.1774940
-0.1766454
-0.1780606
-0.1829236
-0.1841507
-0.1744771
-0.1569797
-0.1449311
-0.1490517
-0.1660039
-0.1814914
-0.1844711
-0.1771043
-0.1709566
-0.1742585
-0.1830941
-0.1855923
-0.1753354
-0.1591415
-0.1492501
-0.1488811
-0.1495639
-0.1437106
-0.1357082
-0.1369452
-0.1509724
-0.1667778
-0.1683409
-0.1509277
-0.1272249
-0.1157379
-0.1223567
-0.1351576
-0.1388326
-0.1318804
-0.1265282
-0.1332493
-0.1493546
-0.1630292
-0.1653763
-0.1575486
-0.1482995
-0.1458915
-0.1517159
-0.1610204
-0.1686749
-0.1721067
-0.1686733
-0.1540555
-0.1263746
-0.0905873
-0.0566529
-0.0339495
-0.0276505
-0.0374173
-0.0571666
-0.0778989
-0.0932986
-0.1025094
-0.1076486
-0.1109903
-0.1151406
-0.1228557
-0.1344824
-0.1467170
-0.1547828
-0.1553936
-0.1492699
-0.1434319
-0.1489724
-0.1711386
-0.2008560
-0.2206510
-0.2210305
-0.2085601
-0.1970932
-0.1937419
-0.1942116
-0.1896585
-0.1771559
-0.1636336
-0.1579454
-0.1586730
-0.1540416
-0.1369810
-0.1160815
-0.1065191
-0.1120977
-0.1193936
-0.1051339
-0.0436730
0.0878979
0.2996695
0.5759127
0.8708477
1.1194872
1.2606764
1.2635697
1.1418077
0.9420777
0.7160432
0.5014307
0.3214488
0.1870194
0.0937783
0.0265873
-0.0249909
-0.0596952
-0.0756339
-0.0807976
-0.0876128
-0.1024296
-0.1234822
-0.1437530
-0.1546989
-0.1541516
-0.1509008
-0.1537762
-0.1582586
-0.1547408
-0.1468275
-0.1461313
-0.1509078
-0.1487956
-0.1407375
-0.1396477
-0.1422359
-0.1285130
-0.0985149
