-0.1555265
-0.1607893
-0.1551377
-0.1428910
-0.1339783
-0.1339902
-0.1396334
-0.1436390
-0.1430552
-0.1419018
-0.1460626
-0.1567185
-0.1693404
-0.1784684
-0.1825445
-0.1841445
-0.1865881
-0.1911671
-0.1972779
-0.2041410
-0.2118370
-0.2210394
-0.2322184
-0.2450173
-0.2580745
-0.2694860
-0.2778099
-0.2829033
-0.2858670
-0.2882081
-0.2909640
-0.2942631
-0.2972957
-0.2986935
-0.2974496
-0.2939528
-0.2899271
-0.2866042
-0.2825800
-0.2741401
-0.2587871
-0.2386620
-0.2196142
-0.2061838
-0.1978620
-0.1909243
-0.1834967
-0.1775003
-0.1750059
-0.1736142
-0.1669702
-0.1505679
-0.1266959
-0.1030680
-0.0865062
-0.0781888
-0.0748041
-0.0733932
-0.0743873
-0.0803835
-0.0929476
-0.1107174
-0.1297351
-0.1452335
-0.1542016
-0.1578431
-0.1619402
-0.1734998
-0.1951866
-0.2222406
-0.2456769
-0.2599713
-0.2681016
-0.2782000
-0.2944500
-0.3117847
-0.3206693
-0.3172053
-0.3074634
-0.3011719
-0.3017347
-0.3033791
-0.2979182
-0.2830042
-0.2629156
-0.2423211
-0.2216269
-0.1995606
-0.1785052
-0.1641207
-0.1583910
-0.1540647
-0.1362107
-0.0867487
0.0146830
0.1905293
0.4551644
0.7932938
1.1446583
1.4181260
1.5364181
1.4812104
1.3010570
1.0743972
0.8597866
0.6744996
0.5115953
0.3684578
0.2553030
0.1804055
0.1350276
0.0976767
0.0527223
0.0024299
-0.0397130
-0.0655360
-0.0806447
-0.0977219
-0.1239470
-0.1556588
-0.1835111
-0.2011407
-0.2095099
-0.2148200
-0.2229388
-0.2348372
-0.2462520
-0.2514733
-0.2477622
-0.2366969
-0.2220337
-0.2067190
-0.1915459
-0.1758250
-0.1589318
-0.1414460
-0.1251892
-0.1121997
-0.1031621
-0.0960931
-0.0864856
-0.0697371
-0.0444538
-0.0131655
0.0209420
0.0575783
0.0983691
0.1422832
0.1837492
0.2168291
0.2410163
0.2618222
0.2853694
0.3130051
0.3414790
0.3675606
0.3911351
0.4134344
0.4337499
0.4498973
0.4618944
0.4728712
0.4847478
0.4943740
0.4963691
0.4898561
0.4800481
0.4715824
0.4613553
0.4402268
0.4027450
0.3540074
0.3051298
0.2617412
0.2187952
0.1683872
0.1117304
0.0607480
0.0267384
0.0089143
-0.0044613
-0.0242308
-0.0507301
-0.0752980
-0.0896409
-0.0932461
-0.0928518
-0.0961413
-0.1060377
-0.1195592
-0.1303967
-0.1325984
-0.1238981
-0.1074634
-0.0901381
-0.0774224
-0.0696389
-0.0635127
-0.0572815
-0.0531914
-0.0547023
-0.0621102
-0.0715414
-0.0780452
-0.0795674
-0.0783967
-0.0792394
-0.0858459
-0.0989204
-0.1164126
-0.1353094
-0.1537040
-0.1721336
-0.1927638
-0.2160687
-0.2381594
-0.2529766
-0.2583068
-0.2588180
-0.2617852
-0.2698159
-0.2785923
-0.2818270
-0.2777734
-0.2705335
-0.2652523
-0.2625612
-0.2581740
-0.2478037
-0.2316915
-0.2140199
-0.1990031
-0.1887297
-0.1840052
-0.1850899
-0.1906577
-0.1971011
-0.2001547
-0.1975002
-0.1896604
-0.1783293
-0.1638013
-0.1443415
-0.1189274
-0.0909030
-0.0676959
-0.0553657
-0.0533091
-0.0552635
-0.0558136
-0.0553677
-0.0584463
-0.0674595
-0.0788654
-0.0861516
-0.0866616
-0.0843320
-0.0845677
-0.0874611
-0.0886151
-0.0871485
-0.0900910
-0.1060584
-0.1344640
-0.1615596
-0.1653693
-0.1218283
-0.0073601
0.1965085
0.4891448
0.8329762
1.1513929
1.3567893
1.3966282
1.2828564
1.0793406
0.8582288
0.6622008
0.4988952
0.3609401
0.2455524
0.1569193
0.0964312
0.0564510
0.0253701
-0.0028516
-0.0260108
-0.0398874
-0.0448579
-0.0456859
-0.0469004
-0.0502764
-0.0558129
-0.0629125
-0.0703171
-0.0764296
-0.0806185
-0.0838251
-0.0874181
-0.0914862
-0.0945962
-0.0957551
-0.0967514
-0.1015418
-0.1120462
-0.1249048
-0.1339548
-0.1361724
-0.1338640
-0.1308086
-0.1280948
-0.1249353
-0.1220561
-0.1217500
-0.1237047
-0.1219980
-0.1083606
-0.0800009
-0.0438220
-0.0107406
0.0154539
0.0422075
0.0793831
0.1271058
0.1746098
0.2113952
0.2375734
0.2621370
0.2922871
0.3262387
0.3569342
0.3817099
0.4064393
0.4389695
0.4792950
0.5180803
0.5450278
0.5568876
0.5567583
0.5479624
0.5307811
0.5040468
0.4673349
0.4210979
0.3662939
0.3051844
0.2422963
0.1833936
0.1320307
0.0864718
0.0410040
-0.0082951
-0.0592148
-0.1057818
-0.1445483
-0.1771495
-0.2067815
-0.2337998
-0.2553680
-0.2684961
-0.2731652
-0.2733255
-0.2747669
-0.2805867
-0.2879497
-0.2899967
-0.2819323
-0.2658020
-0.2495453
-0.2408039
-0.2402363
-0.2403546
-0.2322574
-0.2147775
-0.1964598
-0.1876067
-0.1907567
-0.1993286
-0.2044287
-0.2019436
-0.1940168
-0.1853517
-0.1783758
-0.1713941
-0.1613406
-0.1482714
-0.1365645
-0.1314749
-0.1348317
-0.1437293
-0.1525518
-0.1569079
-0.1575651
-0.1609874
-0.1741264
-0.1971423
-0.2217590
-0.2379414
-0.2427567
-0.2430485
-0.2494211
-0.2665227
-0.2882290
-0.3030946
-0.3057611
-0.3024686
-0.3041024
-0.3144219
-0.3266561
-0.3312222
-0.3248820
-0.3121091
-0.2993716
-0.2894801
-0.2811265
-0.2726370
-0.2648119
-0.2594281
-0.2560212
-0.2520651
-0.2463506
-0.2401493
-0.2344172
-0.2279122
-0.2192449
-0.2087780
-0.1965967
-0.1801927
-0.1570830
-0.1300177
-0.1073482
-0.0963178
-0.0958086
-0.0968783
-0.0918644
-0.0828657
-0.0789593
-0.0828739
-0.0806139
-0.0450657
0.0508603
0.2234274
0.4721637
0.7731961
1.0743514
1.3053302
1.4076418
1.3662619
1.2161011
1.0155370
0.8089839
0.6104500
0.4184498
0.2404214
0.0970400
0.0031713
-0.0488764
-0.0824103
-0.1146558
-0.1456125
-0.1668808
-0.1760531
-0.1796967
-0.1845417
-0.1896008
-0.1887000
-0.1797738
-0.1692428
-0.1657412
-0.1706441
-0.1767595
-0.1759826
-0.1662623
-0.1513478
-0.1363687
-0.1244006
-0.1150011
-0.1047267
-0.0907578
-0.0754946
-0.0663435
-0.0690681
-0.0810997
-0.0921840
-0.0924547
-0.0808637
-0.0661159
-0.0584274
-0.0596192
-0.0621060
-0.0579992
-0.0473094
-0.0357378
-0.0264631
-0.0170630
-0.0039241
0.0132197
0.0317075
0.0489506
0.0642139
0.0787127
0.0950987
0.1167133
0.1462984
0.1837269
0.2238720
0.2582584
0.2819538
0.2993798
0.3205711
0.3500521
0.3809393
0.4011329
0.4037088
0.3901262
0.3653889
0.3328508
0.2939155
0.2510762
0.2095421
0.1745130
0.1463685
0.1198762
0.0897164
0.0561441
0.0236996
-0.0048251
-0.0310558
-0.0580793
-0.0869580
-0.1161998
-0.1427199
-0.1630389
-0.1753893
-0.1817496
-0.1873734
-0.1978239
-0.2157371
-0.2389192
-0.2611458
-0.2767805
-0.2861977
-0.2954642
-0.3092088
-0.3248727
-0.3354848
-0.3372722
-0.3331903
-0.3296353
-0.3307829
-0.3355077
-0.3388373
-0.3366316
-0.3290065
-0.3187444
-0.3071693
-0.2934012
-0.2773224
-0.2607452
-0.2449627
-0.2292876
-0.2131474
-0.1982147
-0.1875775
-0.1837214
-0.1873773
-0.1966584
-0.2065282
-0.2102676
-0.2028326
-0.1838730
-0.1587878
-0.1365934
-0.1237363
-0.1178172
-0.1096282
-0.0946550
-0.0814697
-0.0848421
-0.1093279
-0.1411285
-0.1557807
-0.1311333
-0.0520265
0.0934669
0.3138226
0.6007748
0.9120283
1.1732148
1.3108227
1.2953047
1.1565028
0.9572526
0.7511431
0.5610042
0.3878663
0.2311193
0.0980246
-0.0020351
-0.0679168
-0.1093716
-0.1396682
-0.1666781
-0.1908926
-0.2092734
-0.2188067
-0.2185036
-0.2117849
-0.2065986
-0.2096112
-0.2194096
-0.2279193
-0.2293808
-0.2259681
-0.2237419
-0.2245965
-0.2232091
-0.2116805
-0.1875054
-0.1574235
-0.1324763
-0.1184334
-0.1120276
-0.1069525
-0.1013406
-0.0977212
-0.0975411
-0.0981789
-0.0949033
-0.0846686
-0.0690304
-0.0541768
-0.0463760
-0.0458605
-0.0463069
-0.0414482
-0.0310871
-0.0198027
-0.0110362
-0.0032269
0.0092998
0.0318380
0.0641921
0.0998772
0.1320352
0.1601796
0.1892869
0.2223692
0.2562704
0.2852849
0.3070764
0.3244462
0.3422155
0.3617337
0.3768661
0.3764070
0.3532324
0.3117213
0.2649627
0.2246193
0.1936908
0.1670734
0.1370713
0.0997053
0.0581942
0.0200820
-0.0103967
-0.0363888
-0.0639345
-0.0948118
-0.1252044
-0.1502139
-0.1683865
-0.1828741
-0.1989665
-0.2190065
-0.2390064
-0.2521435
-0.2566245
-0.2584088
-0.2651928
-0.2791539
-0.2960996
-0.3099979
-0.3179185
-0.3223625
-0.3290539
-0.3405975
-0.3523084
-0.3565060
-0.3510276
-0.3411518
-0.3328021
-0.3261854
-0.3168755
-0.3014525
-0.2811907
-0.2605944
-0.2419313
-0.2213063
-0.1926573
-0.1572930
-0.1265646
-0.1109919
-0.1063382
-0.0913504
-0.0372777
0.0817056
0.2819226
0.5633072
0.9008117
1.2407288
1.5104028
1.6436292
1.6120397
1.4416047
1.1980364
0.9495542
0.7360389
0.5646935
0.4253842
0.3063766
0.2008720
0.1068149
0.0247353
-0.0437957
-0.0968982
-0.1343945
-0.1611289
-0.1861343
-0.2147492
-0.2422568
-0.2593092
-0.2640045
-0.2649839
-0.2714999
-0.2832010
-0.2909988
-0.2863165
-0.2689166
-0.2471127
-0.2306327
-0.2223097
-0.2167378
-0.2069200
-0.1905800
-0.1700195
-0.1494269
-0.1341885
-0.1288949
-0.1318376
-0.1332712
-0.1231979
-0.1009533
-0.0750535
-0.0540213
-0.0385758
-0.0216598
0.0050519
0.0432927
0.0856283
0.1218062
0.1481138
0.1691194
0.1907708
0.2146252
0.2388282
0.2611743
0.2800018
0.2948246
0.3072524
0.3191808
0.3295801
0.3353386
0.3356206
0.3331457
0.3308213
0.3287891
0.3242975
0.3126340
0.2894003
0.2546374
0.2140871
0.1739810
0.1353412
0.0955017
0.0538438
0.0134281
-0.0218830
-0.0494824
-0.0685269
-0.0810217
-0.0915197
-0.1035649
-0.1170339
-0.1300627
-0.1420376
-0.1534715
-0.1645321
-0.1743850
-0.1799608
-0.1755773
-0.1579709
-0.1334939
-0.1165979
-0.1179775
-0.1353877
-0.1571622
-0.1729148
-0.1805306
-0.1857510
-0.1962706
-0.2141263
-0.2330068
-0.2446422
-0.2476551
-0.2481949
-0.2527950
-0.2633010
-0.2777393
-0.2926196
-0.3045937
-0.3129502
-0.3204922
-0.3296463
-0.3383100
-0.3416881
-0.3372423
-0.3260597
-0.3113225
-0.2976696
-0.2894358
-0.2860732
-0.2810912
-0.2689802
-0.2521312
-0.2381039
-0.2309104
-0.2271791
-0.2201605
-0.2061026
-0.1873953
-0.1695356
-0.1535586
-0.1329342
-0.1021301
-0.0679945
-0.0471164
-0.0494444
-0.0672118
-0.0793087
-0.0598220
0.0201200
0.1896468
0.4627910
0.8158613
1.1782076
1.4530919
1.5641555
1.4978250
1.3063987
1.0670251
0.8338698
0.6245054
0.4402254
0.2863179
0.1707126
0.0916473
0.0341915
-0.0196843
-0.0776358
-0.1329668
-0.1746544
-0.2010760
-0.2212409
-0.2424939
-0.2618809
-0.2719700
-0.2705244
-0.2607959
-0.2462794
-0.2297965
-0.2152198
-0.2053793
-0.1986721
-0.1904013
-0.1774718
-0.1614594
-0.1483149
-0.1440589
-0.1474935
-0.1478144
-0.1339588
-0.1068952
-0.0786179
-0.0586009
-0.0455197
-0.0327436
-0.0171226
-0.0007219
0.0124583
0.0199131
0.0232153
0.0276337
0.0371884
0.0507102
0.0646163
0.0774800
0.0891511
0.0982463
0.1046815
0.1125205
0.1257554
0.1424089
0.1565550
0.1652034
0.1705032
0.1768665
0.1882071
0.2053756
0.2235328
0.2346120
0.2351308
0.2293232
0.2225874
0.2146298
0.2008854
0.1777845
0.1452984
0.1076919
0.0727568
0.0461444
0.0249300
0.0005826
-0.0305460
-0.0634120
-0.0912734
-0.1118372
-0.1256712
-0.1334537
-0.1366572
-0.1374161
-0.1363507
-0.1329569
-0.1280876
-0.1236665
-0.1211107
-0.1224471
-0.1302720
-0.1429055
-0.1527588
-0.1547050
-0.1539402
-0.1602897
-0.1759959
-0.1935820
-0.2045955
-0.2068956
-0.2050766
-0.2070027
-0.2178630
-0.2346683
-0.2487768
-0.2559494
-0.2607577
-0.2690576
-0.2800744
-0.2884297
-0.2901606
-0.2844330
-0.2732526
-0.2616598
-0.2543291
-0.2500764
-0.2433062
-0.2318169
-0.2191558
-0.2091129
-0.2029302
-0.2021210
-0.2079898
-0.2168348
-0.2207699
-0.2152858
-0.2028806
-0.1892483
-0.1790908
-0.1741881
-0.1714609
-0.1648994
-0.1541235
-0.1486675
-0.1580561
-0.1791056
-0.1983967
-0.2062883
-0.2042596
-0.2003027
-0.2015009
-0.2096349
-0.2205183
-0.2289534
-0.2356480
-0.2456112
-0.2588009
-0.2686839
-0.2728309
-0.2778192
-0.2887012
-0.2996678
-0.3012756
-0.2931511
-0.2842626
-0.2826202
-0.2876499
-0.2908031
-0.2828355
-0.2632938
-0.2421891
-0.2283503
-0.2181361
-0.2017987
-0.1791073
-0.1603935
-0.1514852
-0.1438429
-0.1182667
-0.0502215
0.0871142
0.3116814
0.6137367
0.9465584
1.2377870
1.4165493
1.4447418
1.3361015
1.1455809
0.9329475
0.7329872
0.5564560
0.4072615
0.2889137
0.1996767
0.1320747
0.0780038
0.0308909
-0.0138168
-0.0559714
-0.0915490
-0.1190861
-0.1416334
-0.1610688
-0.1764959
-0.1900204
-0.2067750
-0.2262869
-0.2409850
-0.2466912
-0.2481543
-0.2511388
-0.2549583
-0.2552021
-0.2483888
-0.2328138
-0.2105872
-0.1892345
-0.1753811
-0.1670554
-0.1575779
-0.1448109
-0.1300618
-0.1113812
-0.0867645
-0.0615632
-0.0432548
-0.0296266
-0.0102552
0.0207522
0.0597653
0.0996054
0.1349072
0.1641815
0.1914918
0.2225258
0.2550683
0.2789421
0.2898429
0.2966285
0.3099256
0.3304996
0.3537438
0.3775331
0.3995440
0.4144574
0.4205437
0.4231262
0.4264030
0.4273757
0.4212244
0.4066692
0.3841203
0.3554204
0.3261513
0.3000685
0.2709945
0.2293992
0.1774391
0.1281644
0.0895874
0.0585611
0.0296890
0.0007145
-0.0298612
-0.0606341
-0.0836622
-0.0921605
-0.0906739
-0.0898234
-0.0938041
-0.1002959
-0.1074369
-0.1121125
-0.1070783
-0.0896978
-0.0690833
-0.0561656
-0.0515738
-0.0500095
-0.0494589
-0.0489867
-0.0455772
-0.0409311
-0.0436524
-0.0576415
-0.0757934
-0.0903367
-0.1006823
-0.1072867
-0.1088413
-0.1100208
-0.1202983
-0.1399914
-0.1583219
-0.1691034
-0.1773268
-0.1877845
-0.1992192
-0.2118617
-0.2284675
-0.2459803
-0.2576135
-0.2635323
-0.2683573
-0.2700594
-0.2636196
-0.2527353
-0.2449482
-0.2387369
-0.2282038
-0.2154848
-0.2052414
-0.1931886
-0.1744919
-0.1573465
-0.1536875
-0.1616983
-0.1696963
-0.1705973
-0.1622007
-0.1430014
-0.1187916
-0.1026859
-0.0979575
-0.0924613
-0.0793869
-0.0695602
-0.0734039
-0.0854869
-0.0964186
-0.1047434
-0.1087534
-0.1034510
-0.0941891
-0.0965338
-0.1148390
-0.1367210
-0.1530995
-0.1664181
-0.1774887
-0.1845816
-0.1965136
-0.2241629
-0.2574871
-0.2733433
-0.2671580
-0.2558508
-0.2513627
-0.2527331
-0.2593518
-0.2688195
-0.2681434
-0.2509347
-0.2350755
-0.2390481
-0.2510383
-0.2461333
-0.2216204
-0.1902972
-0.1541233
-0.1113322
-0.0743365
-0.0545853
-0.0448805
-0.0372933
-0.0361535
-0.0315059
0.0140735
0.1294687
0.3122394
0.5563556
0.8606379
1.1841333
1.4362737
1.5467815
1.5178150
1.3910789
1.2054403
1.0022233
0.8188047
0.6521831
0.4754092
0.3033569
0.1858914
0.1268349
0.0775625
0.0203300
-0.0184492
-0.0446249
-0.0962476
-0.1581555
-0.1768697
-0.1695426
-0.2030827
-0.2564879
-0.2438712
-0.1919451
-0.2217491
-0.3039656
-0.2278475
0.0820076
