-0.1802633
-0.1941984
-0.1660177
-0.1515813
-0.1575342
-0.1554247
-0.1373152
-0.1200139
-0.1087635
-0.0928870
-0.0727568
-0.0611896
-0.0584666
-0.0499103
-0.0292466
-0.0053407
0.0148087
0.0340047
0.0559912
0.0817223
0.1130113
0.1486632
0.1801202
0.2019172
0.2225488
0.2536844
0.2920884
0.3234676
0.3421352
0.3570220
0.3793312
0.4116402
0.4474735
0.4757864
0.4883266
0.4871128
0.4812460
0.4731193
0.4534680
0.4143327
0.3608155
0.3048398
0.2528587
0.2050390
0.1611846
0.1210372
0.0818292
0.0409443
-0.0001298
-0.0370643
-0.0665482
-0.0885318
-0.1070319
-0.1273422
-0.1479807
-0.1572906
-0.1454223
-0.1204761
-0.1054969
-0.1161562
-0.1455292
-0.1727795
-0.1832583
-0.1790851
-0.1739809
-0.1795531
-0.1944382
-0.2061086
-0.2043139
-0.1913365
-0.1775532
-0.1700005
-0.1685626
-0.1703155
-0.1726665
-0.1733409
-0.1713998
-0.1679430
-0.1633156
-0.1551280
-0.1418969
-0.1272933
-0.1180278
-0.1182804
-0.1276226
-0.1425488
-0.1582653
-0.1707751
-0.1789520
-0.1834112
-0.1832042
-0.1763893
-0.1644717
-0.1528369
-0.1451742
-0.1402748
-0.1359744
-0.1337356
-0.1373917
-0.1486147
-0.1642871
-0.1771435
-0.1798094
-0.1711806
-0.1591471
-0.1543302
-0.1601757
-0.1705132
-0.1764256
-0.1737282
-0.1646254
-0.1546842
-0.1480902
-0.1439076
-0.1373073
-0.1259084
-0.1136384
-0.1062064
-0.1040022
-0.1022445
-0.0979275
-0.0943564
-0.0980800
-0.1115194
-0.1280603
-0.1353212
-0.1267136
-0.1113064
-0.1089669
-0.1319656
-0.1715706
-0.2047389
-0.2143995
-0.2034431
-0.1905189
-0.1927811
-0.2110037
-0.2302182
-0.2352931
-0.2256784
-0.2139687
-0.2113657
-0.2173563
-0.2232068
-0.2219235
-0.2135236
-0.2033449
-0.1972408
-0.1969265
-0.1979654
-0.1923955
-0.1747264
-0.1470274
-0.1195508
-0.1055473
-0.1118454
-0.1318071
-0.1482209
-0.1433658
-0.1028846
-0.0083046
0.1666888
0.4392408
0.7881063
1.1427500
1.4096176
1.5196656
1.4605028
1.2706366
1.0076130
0.7218706
0.4536509
0.2391302
0.1033789
0.0429000
0.0234375
0.0046549
-0.0305171
-0.0715685
-0.1020242
-0.1200345
-0.1364322
-0.1569718
-0.1726108
-0.1703901
-0.1519068
-0.1360101
-0.1404276
-0.1629207
-0.1838507
-0.1865698
-0.1723018
-0.1553822
-0.1475796
-0.1485806
-0.1493317
-0.1420760
-0.1271155
-0.1111080
-0.0999724
-0.0941865
-0.0902891
-0.0847415
-0.0753210
-0.0607259
-0.0410087
-0.0178109
0.0073333
0.0343001
0.0624816
0.0881367
0.1057235
0.1132138
0.1162909
0.1267639
0.1550713
0.2020880
0.2578850
0.3098727
0.3524146
0.3874718
0.4170482
0.4389709
0.4521720
0.4634092
0.4843431
0.5198787
0.5599292
0.5845005
0.5793759
0.5487448
0.5122483
0.4879950
0.4773422
0.4656501
0.4367461
0.3863505
0.3236825
0.2627856
0.2121430
0.1702763
0.1299967
0.0870310
0.0443655
0.0080411
-0.0199557
-0.0429746
-0.0642570
-0.0820386
-0.0912778
-0.0904188
-0.0860006
-0.0890974
-0.1052656
-0.1278929
-0.1434690
-0.1444620
-0.1356410
-0.1268659
-0.1217100
-0.1157935
-0.1059480
-0.0978396
-0.1013804
-0.1176831
-0.1327538
-0.1284051
-0.1021969
-0.0747609
-0.0730471
-0.1043955
-0.1485682
-0.1765479
-0.1764865
-0.1609738
-0.1507482
-0.1535058
-0.1591659
-0.1546784
-0.1412723
-0.1349126
-0.1491514
-0.1791475
-0.2044756
-0.2079033
-0.1909537
-0.1714417
-0.1660849
-0.1745678
-0.1798879
-0.1654217
-0.1330029
-0.1035972
-0.0985714
-0.1199151
-0.1493648
-0.1665521
-0.1669021
-0.1615446
-0.1610905
-0.1620544
-0.1516821
-0.1262002
-0.1007115
-0.0967075
-0.1192809
-0.1499586
-0.1642455
-0.1548410
-0.1357295
-0.1245695
-0.1239172
-0.1208603
-0.1033960
-0.0744753
-0.0487870
-0.0374009
-0.0385046
-0.0436226
-0.0493430
-0.0592203
-0.0749343
-0.0898907
-0.0944487
-0.0868530
-0.0770226
-0.0783079
-0.0951348
-0.1189528
-0.1367613
-0.1433927
-0.1446703
-0.1490342
-0.1582771
-0.1676087
-0.1728082
-0.1745342
-0.1756143
-0.1766348
-0.1760439
-0.1739305
-0.1735141
-0.1773650
-0.1828844
-0.1840275
-0.1787848
-0.1729514
-0.1737526
-0.1804534
-0.1846049
-0.1803378
-0.1712359
-0.1649334
-0.1634475
-0.1618957
-0.1538530
-0.1297764
-0.0655043
0.0805439
0.3418399
0.7010430
1.0725762
1.3411776
1.4329420
1.3558958
1.1735559
0.9438085
0.6884639
0.4171432
0.1635102
-0.0191422
-0.1018282
-0.1107189
-0.1053441
-0.1254288
-0.1633799
-0.1884632
-0.1893665
-0.1850397
-0.1965369
-0.2193429
-0.2301027
-0.2162621
-0.1911414
-0.1784868
-0.1872495
-0.2049113
-0.2131437
-0.2057883
-0.1909602
-0.1790748
-0.1721998
-0.1647967
-0.1517941
-0.1340905
-0.1173382
-0.1069068
-0.1033109
-0.1011490
-0.0933055
-0.0780530
-0.0615423
-0.0508743
-0.0443130
-0.0311323
-0.0035588
0.0321061
0.0591550
0.0668367
0.0623278
0.0648442
0.0874665
0.1259286
0.1659560
0.1996447
0.2315957
0.2691024
0.3104519
0.3463416
0.3715797
0.3915816
0.4158007
0.4464580
0.4755913
0.4929564
0.4954156
0.4880895
0.4776472
0.4664198
0.4531868
0.4370677
0.4177840
0.3923785
0.3547436
0.3007763
0.2340165
0.1653205
0.1064107
0.0628513
0.0319927
0.0072001
-0.0154408
-0.0342728
-0.0460449
-0.0522663
-0.0601620
-0.0762743
-0.0996444
-0.1228196
-0.1404370
-0.1558076
-0.1766384
-0.2029745
-0.2215554
-0.2164302
-0.1871888
-0.1543823
-0.1433691
-0.1617060
-0.1931760
-0.2138391
-0.2129057
-0.1985111
-0.1858567
-0.1820958
-0.1824696
-0.1785773
-0.1679819
-0.1556906
-0.1483700
-0.1487116
-0.1544180
-0.1604861
-0.1622466
-0.1582021
-0.1513463
-0.1469613
-0.1477745
-0.1510941
-0.1513219
-0.1456478
-0.1372479
-0.1326018
-0.1351741
-0.1416416
-0.1451052
-0.1426269
-0.1387964
-0.1404630
-0.1479681
-0.1532001
-0.1476624
-0.1323016
-0.1181885
-0.1164079
-0.1270852
-0.1393181
-0.1429299
-0.1396550
-0.1406386
-0.1519464
-0.1643184
-0.1599087
-0.1300965
-0.0859065
-0.0501296
-0.0388368
-0.0497659
-0.0672910
-0.0775573
-0.0789823
-0.0798471
-0.0880071
-0.1036564
-0.1202989
-0.1306403
-0.1319766
-0.1282180
-0.1274975
-0.1358913
-0.1514924
-0.1650360
-0.1681615
-0.1619957
-0.1570980
-0.1639585
-0.1828617
-0.2029575
-0.2116949
-0.2058130
-0.1936764
-0.1872573
-0.1916651
-0.2014036
-0.2057807
-0.1986649
-0.1849125
-0.1774416
-0.1852915
-0.2023244
-0.2094387
-0.1919354
-0.1561429
-0.1263864
-0.1224687
-0.1394217
-0.1497509
-0.1238930
-0.0452220
0.0946753
0.3069546
0.5980864
0.9428158
1.2684563
1.4800329
1.5152289
1.3825071
1.1481298
0.8866437
0.6413427
0.4238077
0.2384559
0.0974570
0.0111494
-0.0287594
-0.0488556
-0.0747165
-0.1132165
-0.1533671
-0.1808728
-0.1897029
-0.1829263
-0.1684594
-0.1561093
-0.1547380
-0.1670732
-0.1861225
-0.1994321
-0.1996824
-0.1914736
-0.1865596
-0.1920019
-0.2037855
-0.2122368
-0.2120380
-0.2053418
-0.1964445
-0.1868763
-0.1768271
-0.1681403
-0.1620293
-0.1540980
-0.1355603
-0.1023971
-0.0624832
-0.0306332
-0.0148467
-0.0083309
0.0031951
0.0264257
0.0545287
0.0769452
0.0930195
0.1133028
0.1476240
0.1945488
0.2438331
0.2873131
0.3250952
0.3617118
0.3991534
0.4353665
0.4680270
0.4967477
0.5206051
0.5359289
0.5396537
0.5348187
0.5294363
0.5273227
0.5211175
0.4973190
0.4494748
0.3854805
0.3210503
0.2663827
0.2196107
0.1725594
0.1215487
0.0717957
0.0316204
0.0033941
-0.0191066
-0.0446181
-0.0761030
-0.1081604
-0.1319989
-0.1432481
-0.1459720
-0.1494662
-0.1603535
-0.1768602
-0.1905688
-0.1939967
-0.1869319
-0.1761853
-0.1697891
-0.1709342
-0.1762568
-0.1794449
-0.1771515
-0.1721063
-0.1703113
-0.1747005
-0.1815169
-0.1833537
-0.1762068
-0.1637230
-0.1544008
-0.1543985
-0.1629438
-0.1743438
-0.1833641
-0.1877978
-0.1869422
-0.1804154
-0.1700224
-0.1610877
-0.1589467
-0.1631473
-0.1666238
-0.1622358
-0.1502064
-0.1382575
-0.1340218
-0.1377769
-0.1431781
-0.1447987
-0.1438009
-0.1455049
-0.1521408
-0.1594281
-0.1608272
-0.1546084
-0.1462079
-0.1435306
-0.1496656
-0.1597847
-0.1653669
-0.1621551
-0.1541483
-0.1493391
-0.1514707
-0.1564541
-0.1566937
-0.1476672
-0.1295224
-0.1036750
-0.0707967
-0.0338326
-0.0013813
0.0157118
0.0135688
0.0000101
-0.0126873
-0.0205368
-0.0315239
-0.0553545
-0.0911371
-0.1274784
-0.1543006
-0.1718641
-0.1869040
-0.2019115
-0.2112565
-0.2087062
-0.1969982
-0.1878671
-0.1920674
-0.2099319
-0.2316944
-0.2460474
-0.2481300
-0.2409537
-0.2313344
-0.2246258
-0.2215415
-0.2187376
-0.2128887
-0.2047304
-0.1982638
-0.1948706
-0.1889230
-0.1717578
-0.1420828
-0.1119275
-0.0993530
-0.1123219
-0.1389567
-0.1544638
-0.1374849
-0.0780848
0.0299993
0.1995181
0.4433296
0.7512407
1.0727789
1.3287685
1.4494314
1.4113294
1.2452447
1.0117453
0.7664612
0.5404447
0.3431386
0.1764595
0.0446497
-0.0461202
-0.0943358
-0.1083550
-0.1048896
-0.1007015
-0.1035015
-0.1099814
-0.1129973
-0.1107471
-0.1085881
-0.1122616
-0.1208297
-0.1275818
-0.1276802
-0.1235895
-0.1223338
-0.1283755
-0.1402829
-0.1534113
-0.1633490
-0.1661563
-0.1584414
-0.1411601
-0.1233540
-0.1179074
-0.1295821
-0.1471346
-0.1502211
-0.1267801
-0.0842575
-0.0431159
-0.0187804
-0.0095609
-0.0012284
0.0181188
0.0481068
0.0790303
0.1023796
0.1184541
0.1357835
0.1643913
0.2081455
0.2611857
0.3113351
0.3489788
0.3747821
0.3990958
0.4325005
0.4754686
0.5169210
0.5436624
0.5520627
0.5505891
0.5506255
0.5550190
0.5561516
0.5451161
0.5217718
0.4947979
0.4717067
0.4494324
0.4157657
0.3611100
0.2894949
0.2179853
0.1645920
0.1354976
0.1221291
0.1086560
0.0821393
0.0382881
-0.0182456
-0.0767287
-0.1248577
-0.1541668
-0.1640408
-0.1611284
-0.1538860
-0.1468431
-0.1401463
-0.1343983
-0.1342659
-0.1451678
-0.1659354
-0.1865787
-0.1956546
-0.1907446
-0.1810938
-0.1790756
-0.1886363
-0.2020481
-0.2080133
-0.2028717
-0.1936801
-0.1903959
-0.1957125
-0.2032608
-0.2054949
-0.2020690
-0.1994544
-0.2025897
-0.2080921
-0.2067396
-0.1929783
-0.1717428
-0.1554564
-0.1537935
-0.1656504
-0.1802502
-0.1857708
-0.1779179
-0.1618939
-0.1468389
-0.1374791
-0.1300816
-0.1167806
-0.0948464
-0.0718135
-0.0605571
-0.0686684
-0.0928140
-0.1233879
-0.1533899
-0.1813191
-0.2059102
-0.2211498
-0.2199958
-0.2038317
-0.1856182
-0.1802271
-0.1904596
-0.2038221
-0.2042615
-0.1867227
-0.1596354
-0.1343143
-0.1143770
-0.0966360
-0.0803023
-0.0713928
-0.0757957
-0.0896266
-0.1004437
-0.1002722
-0.0957442
-0.1020070
-0.1255462
-0.1549903
-0.1708627
-0.1641005
-0.1438245
-0.1277362
-0.1274601
-0.1439457
-0.1733973
-0.2120201
-0.2532040
-0.2846164
-0.2945437
-0.2831427
-0.2642520
-0.2528646
-0.2514236
-0.2505842
-0.2424846
-0.2294090
-0.2178372
-0.2077449
-0.1931395
-0.1737697
-0.1609786
-0.1663213
-0.1842821
-0.1908991
-0.1625481
-0.0936787
0.0082207
0.1442890
0.3333195
0.5905873
0.8944859
1.1777105
1.3586858
1.3895341
1.2805259
1.0836788
0.8550849
0.6295740
0.4222106
0.2429747
0.1031518
0.0080236
-0.0513380
-0.0939633
-0.1343968
-0.1718366
-0.1940799
-0.1927585
-0.1750257
-0.1598293
-0.1616839
-0.1775293
-0.1901303
-0.1856343
-0.1683550
-0.1574655
-0.1677525
-0.1933079
-0.2114748
-0.2043398
-0.1763339
-0.1496352
-0.1422007
-0.1516942
-0.1615520
-0.1606287
-0.1535478
-0.1510950
-0.1538297
-0.1494699
-0.1273179
-0.0921061
-0.0602024
-0.0422878
-0.0327018
-0.0173518
0.0100473
0.0425368
0.0701844
0.0922089
0.1165105
0.1487022
0.1850499
0.2176280
0.2445301
0.2722765
0.3075316
0.3480780
0.3836439
0.4057577
0.4160743
0.4250961
0.4436524
0.4756832
0.5173513
0.5602848
0.5943363
0.6088510
0.5951926
0.5518611
0.4883183
0.4214745
0.3643790
0.3157685
0.2612700
0.1873615
0.0961067
0.0063909
-0.0602631
-0.0962347
-0.1114904
-0.1221040
-0.1358221
-0.1483195
-0.1516594
-0.1444147
-0.1332339
-0.1262034
-0.1264123
-0.1317660
-0.1391341
-0.1471296
-0.1551206
-0.1610705
-0.1616686
-0.1549374
-0.1424562
-0.1287923
-0.1187246
-0.1147996
-0.1167953
-0.1225884
-0.1293653
-0.1348960
-0.1385463
-0.1408546
-0.1413101
-0.1367831
-0.1239244
-0.1046396
-0.0881797
-0.0844138
-0.0923473
-0.0963216
-0.0776555
-0.0332863
0.0174356
0.0468052
0.0408498
0.0074575
-0.0360523
-0.0799909
-0.1250967
-0.1714884
-0.2109564
-0.2333015
-0.2374943
-0.2318709
-0.2228648
-0.2079001
-0.1827138
-0.1531737
-0.1340751
-0.1339033
-0.1440865
-0.1473592
-0.1363058
-0.1200036
-0.1111484
-0.1099359
-0.1043102
-0.0854837
-0.0592112
-0.0393278
-0.0318005
-0.0281814
-0.0153772
0.0100191
0.0381581
0.0551075
0.0538006
0.0368536
0.0117984
-0.0143786
-0.0372750
-0.0549494
-0.0679439
-0.0792029
-0.0923113
-0.1082527
-0.1233190
-0.1308439
-0.1265366
-0.1135762
-0.1026129
-0.1052135
-0.1250751
-0.1544453
-0.1797582
-0.1923830
-0.1949006
-0.1967718
-0.2035765
-0.2109999
-0.2101460
-0.1983202
-0.1826105
-0.1711407
-0.1615889
-0.1416617
-0.1038960
-0.0594703
-0.0333625
-0.0420374
-0.0757825
-0.1056149
-0.1082228
-0.0805265
-0.0259364
0.0711249
0.2469978
0.5241257
0.8700584
1.1948947
1.3982384
1.4282520
1.3036054
1.0859038
0.8350430
0.5868445
0.3604011
0.1721681
0.0363967
-0.0442211
-0.0813046
-0.0920706
-0.0900779
-0.0848929
-0.0860920
-0.1015003
-0.1298981
-0.1590635
-0.1750861
-0.1743048
-0.1646435
-0.1552826
-0.1471078
-0.1341874
-0.1123615
-0.0837227
-0.0537446
-0.0284013
-0.0164179
-0.0304514
-0.0784817
-0.1498170
-0.2128678
-0.2345539
-0.2075491
-0.1582003
-0.1238447
-0.1196267
-0.1275965
-0.1188246
-0.0848129
-0.0450588
-0.0238801
-0.0228650
-0.0191857
0.0091490
0.0595079
0.1081590
0.1361420
0.1484140
0.1660643
0.2019499
0.2474335
0.2836582
0.3029285
0.3161569
0.3399602
0.3796105
0.4260507
0.4669710
0.4968494
0.5157946
0.5230966
0.5170482
0.5014004
0.4870028
0.4819495
0.4799025
0.4624516
0.4168397
0.3510257
0.2881569
0.2444521
0.2138466
0.1763289
0.1209255
0.0581762
0.0091002
-0.0161701
-0.0267197
-0.0389884
-0.0598824
-0.0829599
-0.0986015
-0.1040738
-0.1031433
-0.0994985
-0.0943116
-0.0901111
-0.0936111
-0.1118309
-0.1452114
-0.1855674
-0.2210880
-0.2434008
-0.2512380
-0.2496599
-0.2464204
-0.2468871
-0.2498811
-0.2486061
-0.2380310
-0.2223159
-0.2126911
-0.2153171
-0.2220013
-0.2167863
-0.1941746
-0.1687925
-0.1627920
-0.1821245
-0.2077901
-0.2136606
-0.1929985
-0.1650971
-0.1548373
-0.1675822
-0.1861027
-0.1909932
