-0.1749026
-0.1491360
-0.1629770
-0.1961614
-0.2040792
-0.1493928
-0.0152502
0.2041999
0.5092391
0.8783110
1.2491595
1.5306200
1.6477832
1.5838273
1.3819066
1.1101619
0.8254013
0.5619861
0.3396049
0.1686880
0.0472782
-0.0388802
-0.1056182
-0.1587896
-0.1952081
-0.2138729
-0.2224969
-0.2315178
-0.2444107
-0.2568965
-0.2648344
-0.2694486
-0.2734407
-0.2745790
-0.2666689
-0.2476605
-0.2249010
-0.2104541
-0.2106638
-0.2201667
-0.2256757
-0.2159092
-0.1899112
-0.1582647
-0.1364828
-0.1343125
-0.1477546
-0.1602937
-0.1541306
-0.1238358
-0.0812809
-0.0469080
-0.0340271
-0.0391959
-0.0464061
-0.0405600
-0.0180411
0.0140862
0.0477583
0.0823858
0.1243843
0.1792039
0.2442142
0.3092718
0.3639940
0.4046144
0.4344979
0.4590302
0.4806087
0.4982044
0.5106496
0.5193001
0.5270970
0.5350852
0.5399464
0.5351365
0.5151285
0.4796182
0.4342342
0.3866939
0.3410831
0.2950992
0.2431314
0.1828301
0.1191383
0.0618507
0.0189523
-0.0083153
-0.0252884
-0.0403332
-0.0610905
-0.0913271
-0.1282705
-0.1626272
-0.1839888
-0.1891546
-0.1854177
-0.1839531
-0.1890892
-0.1950230
-0.1938578
-0.1857285
-0.1792883
-0.1824606
-0.1946725
-0.2088019
-0.2185495
-0.2216199
-0.2169535
-0.2030627
-0.1817046
-0.1613333
-0.1528468
-0.1598267
-0.1740186
-0.1823485
-0.1790971
-0.1709900
-0.1703570
-0.1833437
-0.2040569
-0.2191100
-0.2179156
-0.2001526
-0.1749120
-0.1529117
-0.1388092
-0.1304018
-0.1246533
-0.1231351
-0.1300983
-0.1454314
-0.1617616
-0.1704685
-0.1701203
-0.1670971
-0.1674189
-0.1697406
-0.1681303
-0.1610970
-0.1555066
-0.1600806
-0.1754475
-0.1915972
-0.1953767
-0.1806291
-0.1522235
-0.1218367
-0.0998223
-0.0891166
-0.0851457
-0.0819437
-0.0796773
-0.0858338
-0.1068396
-0.1375192
-0.1611323
-0.1633884
-0.1473928
-0.1323391
-0.1349935
-0.1530445
-0.1690843
-0.1713245
-0.1675499
-0.1760880
-0.2041582
-0.2385129
-0.2585342
-0.2561528
-0.2409861
-0.2281267
-0.2248587
-0.2293574
-0.2373072
-0.2452694
-0.2490821
-0.2445351
-0.2322650
-0.2188676
-0.2092712
-0.1991662
-0.1798650
-0.1524916
-0.1331503
-0.1384641
-0.1646895
-0.1830995
-0.1561587
-0.0563001
0.1290076
0.4001550
0.7401933
1.1020959
1.4093507
1.5840880
1.5872375
1.4377849
1.1953930
0.9238005
0.6653313
0.4392008
0.2522690
0.1063195
-0.0012155
-0.0766441
-0.1267636
-0.1569420
-0.1728939
-0.1821766
-0.1912197
-0.2006395
-0.2056554
-0.2030838
-0.1977235
-0.1999791
-0.2155289
-0.2372797
-0.2490398
-0.2391154
-0.2114376
-0.1830474
-0.1695697
-0.1723966
-0.1800265
-0.1816232
-0.1778818
-0.1772704
-0.1825303
-0.1842153
-0.1702564
-0.1410898
-0.1120290
-0.0987185
-0.1013062
-0.1046555
-0.0936107
-0.0661227
-0.0313805
0.0020075
0.0332739
0.0660789
0.1017540
0.1382962
0.1745539
0.2123806
0.2539206
0.2986676
0.3444697
0.3899791
0.4339754
0.4727115
0.5008342
0.5168962
0.5267081
0.5383820
0.5529668
0.5617284
0.5549041
0.5328896
0.5060527
0.4814968
0.4515063
0.3990632
0.3174131
0.2230140
0.1456487
0.1031810
0.0858877
0.0666412
0.0269773
-0.0268501
-0.0726617
-0.0951889
-0.0993091
-0.1022966
-0.1159394
-0.1374728
-0.1560023
-0.1645343
-0.1646697
-0.1616200
-0.1575329
-0.1507703
-0.1406746
-0.1313671
-0.1297452
-0.1392202
-0.1551960
-0.1670086
-0.1655936
-0.1511588
-0.1343964
-0.1291245
-0.1411716
-0.1626109
-0.1773159
-0.1742267
-0.1569230
-0.1405011
-0.1382767
-0.1505284
-0.1655056
-0.1709804
-0.1646486
-0.1536543
-0.1451787
-0.1390069
-0.1298297
-0.1157095
-0.1025421
-0.0994249
-0.1099831
-0.1284743
-0.1439941
-0.1484595
-0.1416955
-0.1303478
-0.1222348
-0.1206251
-0.1226977
-0.1233474
-0.1210430
-0.1199976
-0.1257208
-0.1378390
-0.1481651
-0.1475484
-0.1353296
-0.1211831
-0.1166145
-0.1246168
-0.1379007
-0.1465598
-0.1464012
-0.1400187
-0.1314931
-0.1216521
-0.1085920
-0.0918781
-0.0754974
-0.0663792
-0.0693228
-0.0821428
-0.0953100
-0.0979256
-0.0869018
-0.0717685
-0.0689356
-0.0881206
-0.1226183
-0.1534581
-0.1645914
-0.1550900
-0.1375464
-0.1261091
-0.1269250
-0.1385553
-0.1577705
-0.1817738
-0.2053542
-0.2198947
-0.2190048
-0.2055024
-0.1903475
-0.1827239
-0.1815506
-0.1777393
-0.1641655
-0.1420977
-0.1185032
-0.0996195
-0.0882387
-0.0847965
-0.0877012
-0.0924182
-0.0931142
-0.0861203
-0.0673886
-0.0208610
0.0894014
0.3044891
0.6340613
1.0274927
1.3851792
1.6086979
1.6512814
1.5302898
1.3006319
1.0206405
0.7369391
0.4855380
0.2909792
0.1584371
0.0718826
0.0078169
-0.0462335
-0.0876762
-0.1121219
-0.1261285
-0.1432889
-0.1693426
-0.1958105
-0.2104029
-0.2113696
-0.2085968
-0.2108997
-0.2153143
-0.2110812
-0.1934383
-0.1712094
-0.1594723
-0.1651287
-0.1805405
-0.1913685
-0.1900369
-0.1813590
-0.1756120
-0.1767669
-0.1776857
-0.1670164
-0.1412103
-0.1097350
-0.0875024
-0.0810379
-0.0819146
-0.0744010
-0.0498986
-0.0135934
0.0230805
0.0554324
0.0894798
0.1326335
0.1821370
0.2254019
0.2529775
0.2697889
0.2913968
0.3288074
0.3783383
0.4269397
0.4657455
0.4963817
0.5245036
0.5502761
0.5679421
0.5743061
0.5744055
0.5759785
0.5785029
0.5701996
0.5377942
0.4791699
0.4058433
0.3336784
0.2721490
0.2215729
0.1775011
0.1352210
0.0909281
0.0423049
-0.0089672
-0.0556473
-0.0887959
-0.1053324
-0.1112965
-0.1162500
-0.1247273
-0.1345534
-0.1429193
-0.1508392
-0.1595829
-0.1653745
-0.1627130
-0.1544220
-0.1538728
-0.1713582
-0.1977647
-0.2076281
-0.1843798
-0.1422297
-0.1172423
-0.1325068
-0.1738011
-0.2036816
-0.1998389
-0.1759671
-0.1632627
-0.1750188
-0.1940760
-0.1947224
-0.1718010
-0.1447164
-0.1351151
-0.1456426
-0.1617896
-0.1701894
-0.1705394
-0.1706252
-0.1750344
-0.1817592
-0.1871061
-0.1894915
-0.1880534
-0.1812403
-0.1694935
-0.1579991
-0.1537153
-0.1586971
-0.1679147
-0.1749158
-0.1785496
-0.1821763
-0.1865573
-0.1865247
-0.1771014
-0.1618457
-0.1519183
-0.1553925
-0.1689598
-0.1818919
-0.1874353
-0.1880989
-0.1891781
-0.1893668
-0.1808512
-0.1597011
-0.1343353
-0.1208176
-0.1281928
-0.1488406
-0.1644561
-0.1624699
-0.1475161
-0.1377005
-0.1492750
-0.1826027
-0.2206002
-0.2411294
-0.2341673
-0.2102271
-0.1925329
-0.1986260
-0.2267145
-0.2586388
-0.2765671
-0.2777583
-0.2737628
-0.2761044
-0.2840238
-0.2867123
-0.2762408
-0.2565512
-0.2398733
-0.2358297
-0.2439694
-0.2544997
-0.2549034
-0.2385315
-0.2111842
-0.1900657
-0.1918689
-0.2168757
-0.2441551
-0.2452024
-0.2030995
-0.1151306
0.0247832
0.2389031
0.5473539
0.9280671
1.2989348
1.5533080
1.6260086
1.5308892
1.3365012
1.1077150
0.8709261
0.6283323
0.3922778
0.1948549
0.0634475
-0.0058066
-0.0445889
-0.0833867
-0.1287077
-0.1672779
-0.1867235
-0.1885857
-0.1841202
-0.1831514
-0.1888275
-0.1997715
-0.2133394
-0.2265116
-0.2363478
-0.2417047
-0.2441039
-0.2453465
-0.2439616
-0.2354345
-0.2173490
-0.1941249
-0.1753879
-0.1686612
-0.1732203
-0.1807297
-0.1817830
-0.1726079
-0.1565637
-0.1395213
-0.1235498
-0.1052846
-0.0809180
-0.0522132
-0.0259155
-0.0061962
0.0114389
0.0369279
0.0755543
0.1218224
0.1645710
0.1982638
0.2281104
0.2633592
0.3066871
0.3519867
0.3923849
0.4278342
0.4627456
0.4971724
0.5233335
0.5327078
0.5259941
0.5142838
0.5090898
0.5109761
0.5084242
0.4881177
0.4460972
0.3890470
0.3263334
0.2629631
0.2004741
0.1418955
0.0923170
0.0535175
0.0200568
-0.0164240
-0.0579424
-0.0965405
-0.1217080
-0.1314039
-0.1340639
-0.1392080
-0.1481376
-0.1558719
-0.1607181
-0.1678599
-0.1815303
-0.1961417
-0.1993744
-0.1857457
-0.1653014
-0.1560519
-0.1667079
-0.1877736
-0.2006916
-0.1955969
-0.1796462
-0.1687365
-0.1724153
-0.1865324
-0.1984349
-0.1981087
-0.1858239
-0.1713080
-0.1656690
-0.1721375
-0.1830676
-0.1862786
-0.1757081
-0.1567480
-0.1410425
-0.1356086
-0.1370165
-0.1363706
-0.1294408
-0.1208405
-0.1183132
-0.1246675
-0.1365836
-0.1498911
-0.1632706
-0.1762775
-0.1861547
-0.1888158
-0.1826780
-0.1702061
-0.1558208
-0.1435281
-0.1364176
-0.1360457
-0.1401841
-0.1424175
-0.1377545
-0.1302803
-0.1318488
-0.1483086
-0.1670998
-0.1643479
-0.1293750
-0.0810210
-0.0544700
-0.0688281
-0.1086314
-0.1388925
-0.1379965
-0.1152193
-0.0976621
-0.1030152
-0.1257222
-0.1464852
-0.1513417
-0.1415678
-0.1293712
-0.1275014
-0.1414860
-0.1672822
-0.1941504
-0.2116543
-0.2166437
-0.2142558
-0.2118001
-0.2118795
-0.2117114
-0.2082365
-0.2024385
-0.1983206
-0.1986374
-0.2024601
-0.2063945
-0.2069463
-0.2016972
-0.1901399
-0.1752505
-0.1634523
-0.1602655
-0.1646045
-0.1681564
-0.1599631
-0.1280089
-0.0536297
0.0913914
0.3313086
0.6596772
1.0230322
1.3362515
1.5236230
1.5548200
1.4493454
1.2523623
1.0081571
0.7515364
0.5127549
0.3184085
0.1820048
0.0956283
0.0352507
-0.0224625
-0.0855261
-0.1449140
-0.1852369
-0.1988200
-0.1928908
-0.1846974
-0.1882430
-0.2035662
-0.2183996
-0.2213843
-0.2142502
-0.2098248
-0.2167498
-0.2274022
-0.2241240
-0.1987107
-0.1633711
-0.1396509
-0.1371361
-0.1457136
-0.1490303
-0.1424615
-0.1353152
-0.1366790
-0.1427418
-0.1399771
-0.1193378
-0.0847851
-0.0477318
-0.0157727
0.0112242
0.0359154
0.0584294
0.0777520
0.0955744
0.1161863
0.1429558
0.1766502
0.2171780
0.2650134
0.3193675
0.3753412
0.4246249
0.4606471
0.4835124
0.4993085
0.5141937
0.5296336
0.5435708
0.5548168
0.5642934
0.5715164
0.5712049
0.5550224
0.5178972
0.4635618
0.4038807
0.3510728
0.3083465
0.2674022
0.2162755
0.1512827
0.0821465
0.0251895
-0.0096295
-0.0263099
-0.0380972
-0.0548417
-0.0748276
-0.0894219
-0.0952781
-0.1000694
-0.1146926
-0.1403435
-0.1650143
-0.1739599
-0.1639013
-0.1466808
-0.1383603
-0.1441775
-0.1542503
-0.1542974
-0.1401412
-0.1210576
-0.1094409
-0.1085955
-0.1110151
-0.1074033
-0.0962722
-0.0849497
-0.0820595
-0.0894175
-0.1010347
-0.1093838
-0.1120666
-0.1126958
-0.1164646
-0.1253205
-0.1363099
-0.1435460
-0.1426429
-0.1349315
-0.1274278
-0.1271091
-0.1342038
-0.1416938
-0.1425127
-0.1374542
-0.1350625
-0.1425025
-0.1565546
-0.1655187
-0.1618339
-0.1518691
-0.1502806
-0.1636993
-0.1824650
-0.1908804
-0.1844476
-0.1738327
-0.1710914
-0.1749665
-0.1732582
-0.1597401
-0.1446885
-0.1441631
-0.1586187
-0.1669505
-0.1469179
-0.1019706
-0.0640233
-0.0658947
-0.1096764
-0.1624843
-0.1842727
-0.1620201
-0.1195052
-0.0949421
-0.1077974
-0.1448432
-0.1762832
-0.1843411
-0.1766188
-0.1734752
-0.1844290
-0.1981453
-0.1960706
-0.1755137
-0.1571035
-0.1663429
-0.2067610
-0.2534784
-0.2756506
-0.2648776
-0.2400205
-0.2250167
-0.2251522
-0.2265901
-0.2163870
-0.1980468
-0.1852706
-0.1837431
-0.1848274
-0.1788929
-0.1700994
-0.1723894
-0.1910663
-0.2127074
-0.2140486
-0.1756472
-0.0829313
0.0811627
0.3323700
0.6635964
1.0254883
1.3351359
1.5146482
1.5311150
1.4063961
1.1932708
0.9433111
0.6917819
0.4612353
0.2683842
0.1238492
0.0279522
-0.0301184
-0.0677558
-0.1017251
-0.1416985
-0.1873012
-0.2302819
-0.2607876
-0.2739506
-0.2724926
-0.2636791
-0.2535674
-0.2442870
-0.2367888
-0.2343744
-0.2407721
-0.2541930
-0.2656058
-0.2650994
-0.2500952
-0.2269052
-0.2048420
-0.1893125
-0.1797042
-0.1723610
-0.1646933
-0.1564671
-0.1479467
-0.1379461
-0.1240009
-0.1035710
-0.0749499
-0.0389293
-0.0011088
0.0293141
0.0466569
0.0556213
0.0687784
0.0952909
0.1327236
0.1713516
0.2062473
0.2431899
0.2910747
0.3492243
0.4051520
0.4468896
0.4755307
0.5016718
0.5294981
0.5495764
0.5512601
0.5393116
0.5318952
0.5397135
0.5504692
0.5383796
0.4901741
0.4196877
0.3548117
0.3105645
0.2770571
0.2338801
0.1728637
0.1041729
0.0429100
-0.0048697
-0.0422355
-0.0728793
-0.0971158
-0.1153501
-0.1315432
-0.1510119
-0.1751789
-0.1995582
-0.2173693
-0.2249695
-0.2237248
-0.2175756
-0.2101800
-0.2041458
-0.2010130
-0.2011982
-0.2054556
-0.2166521
-0.2369622
-0.2608706
-0.2737739
-0.2630149
-0.2321706
-0.2014655
-0.1907295
-0.2014934
-0.2171412
-0.2210101
-0.2127890
-0.2053603
-0.2065367
-0.2081632
-0.1962576
-0.1694164
-0.1421191
-0.1291904
-0.1314215
-0.1390099
-0.1456928
-0.1547022
-0.1706000
-0.1889696
-0.1974042
-0.1874426
-0.1646125
-0.1452299
-0.1423242
-0.1546759
-0.1695763
-0.1755096
-0.1720803
-0.1690981
-0.1767670
-0.1951367
-0.2119319
-0.2127171
-0.1956860
-0.1755040
-0.1699611
-0.1827589
-0.2011109
-0.2097152
-0.2044905
-0.1920362
-0.1784452
-0.1620296
-0.1381288
-0.1092918
-0.0873175
-0.0830790
-0.0956061
-0.1138413
-0.1288796
-0.1416916
-0.1583989
-0.1809511
-0.2040173
-0.2190232
-0.2199053
-0.2071195
-0.1883216
-0.1741154
-0.1708968
-0.1774707
-0.1891944
-0.2046085
-0.2260638
-0.2526125
-0.2735072
-0.2731161
-0.2471150
-0.2134131
-0.2003894
-0.2190872
-0.2497444
-0.2614324
-0.2444106
-0.2175880
-0.2032563
-0.2010476
-0.1925928
-0.1696470
-0.1497846
-0.1584679
-0.1961706
-0.2278452
-0.2068552
-0.1056619
0.0792176
0.3432931
0.6779085
1.0496872
1.3858675
1.5982121
1.6337960
1.5063394
1.2793973
1.0199504
0.7653125
0.5265012
0.3123880
0.1417350
0.0304887
-0.0262273
-0.0530265
-0.0754429
-0.1049507
-0.1397250
-0.1730529
-0.1988783
-0.2142338
-0.2209770
-0.2246487
-0.2294200
-0.2338404
-0.2321365
-0.2202974
-0.2019062
-0.1877375
-0.1869736
-0.1973589
-0.2063995
-0.2042720
-0.1931980
-0.1818164
-0.1733594
-0.1636430
-0.1495189
-0.1347682
-0.1261349
-0.1251138
-0.1247738
-0.1154880
-0.0949425
-0.0713709
-0.0538243
-0.0396668
-0.0162821
0.0233704
0.0712103
0.1127412
0.1423211
0.1671062
0.1978138
0.2378303
0.2806273
0.3172225
0.3466792
0.3774934
0.4160553
0.4561096
0.4847394
0.4982725
0.5067803
0.5213375
0.5405148
0.5509783
0.5396363
0.5055192
0.4613139
0.4213160
0.3859112
0.3416711
0.2805838
0.2147553
0.1651817
0.1373916
0.1145930
0.0760146
0.0190815
-0.0366536
-0.0673283
-0.0698497
-0.0695123
-0.0958096
-0.1475096
-0.1893787
-0.1898852
-0.1568108
-0.1289237
-0.1356980
-0.1701763
-0.1987408
-0.1944264
-0.1633263
-0.1384790
-0.1432299
-0.1635529
-0.1664283
-0.1433294
-0.1203678
-0.1227368
-0.1450097
-0.1635976
-0.1652933
-0.1555276
-0.1487930
-0.1564711
-0.1742885
-0.1806867
-0.1617876
-0.1370391
-0.1383324
-0.1613898
-0.1669214
-0.1417145
-0.1279618
-0.1685155
