-0.1618659
-0.1525370
-0.1437002
-0.1444619
-0.1537113
-0.1638027
-0.1683738
-0.1667980
-0.1633214
-0.1627322
-0.1656492
-0.1676364
-0.1643302
-0.1578847
-0.1563535
-0.1648429
-0.1780331
-0.1833155
-0.1715879
-0.1441511
-0.1097331
-0.0773503
-0.0536259
-0.0449348
-0.0571692
-0.0894082
-0.1282885
-0.1532509
-0.1521476
-0.1328702
-0.1174795
-0.1228314
-0.1466799
-0.1725514
-0.1864721
-0.1874043
-0.1828687
-0.1783955
-0.1738494
-0.1686310
-0.1667302
-0.1743624
-0.1931390
-0.2169505
-0.2357990
-0.2423881
-0.2360170
-0.2222061
-0.2091303
-0.2022189
-0.1998554
-0.1949532
-0.1831498
-0.1694177
-0.1632157
-0.1650400
-0.1611534
-0.1375855
-0.1006137
-0.0774935
-0.0899627
-0.1263634
-0.1447987
-0.1063041
-0.0010841
0.1614336
0.3819378
0.6752833
1.0341403
1.3925943
1.6422046
1.7002708
1.5696080
1.3317247
1.0807004
0.8616662
0.6659016
0.4726614
0.2858699
0.1313839
0.0284161
-0.0285858
-0.0612545
-0.0868655
-0.1087196
-0.1227340
-0.1285170
-0.1328092
-0.1438871
-0.1638054
-0.1857892
-0.1993461
-0.1993911
-0.1914181
-0.1868762
-0.1919417
-0.2007946
-0.2013575
-0.1883864
-0.1698444
-0.1590655
-0.1610486
-0.1680842
-0.1692635
-0.1624985
-0.1552728
-0.1540668
-0.1556479
-0.1506510
-0.1349818
-0.1154215
-0.1027398
-0.1000520
-0.0994330
-0.0903871
-0.0706932
-0.0479460
-0.0306949
-0.0192529
-0.0058648
0.0167963
0.0484961
0.0828344
0.1145111
0.1441062
0.1759969
0.2129876
0.2539039
0.2958319
0.3373077
0.3787591
0.4206213
0.4619784
0.5009460
0.5356263
0.5646506
0.5877704
0.6065732
0.6237684
0.6400933
0.6512423
0.6489871
0.6272707
0.5883064
0.5422746
0.4996935
0.4628501
0.4242518
0.3739289
0.3092902
0.2387196
0.1755169
0.1273131
0.0902474
0.0531799
0.0083062
-0.0413124
-0.0839310
-0.1086314
-0.1134784
-0.1060907
-0.0980789
-0.0990561
-0.1134519
-0.1393699
-0.1688012
-0.1907226
-0.1973409
-0.1892493
-0.1743677
-0.1614593
-0.1550534
-0.1563947
-0.1668411
-0.1870672
-0.2123060
-0.2313752
-0.2339867
-0.2198499
-0.1990555
-0.1827282
-0.1743644
-0.1707807
-0.1692324
-0.1705022
-0.1750720
-0.1799031
-0.1819424
-0.1834523
-0.1900205
-0.2019228
-0.2102874
-0.2051970
-0.1873805
-0.1688211
-0.1602476
-0.1600301
-0.1580543
-0.1499674
-0.1442136
-0.1527888
-0.1762126
-0.2000909
-0.2072489
-0.1924429
-0.1653564
-0.1411806
-0.1295974
-0.1311896
-0.1408897
-0.1528972
-0.1635186
-0.1717095
-0.1777846
-0.1810801
-0.1790431
-0.1700030
-0.1574085
-0.1495579
-0.1525805
-0.1632089
-0.1705318
-0.1668585
-0.1564537
-0.1515691
-0.1588553
-0.1706387
-0.1710170
-0.1509023
-0.1168052
-0.0852778
-0.0696466
-0.0717753
-0.0843241
-0.0984141
-0.1089361
-0.1149829
-0.1179563
-0.1199721
-0.1228424
-0.1272342
-0.1324290
-0.1370027
-0.1396851
-0.1397386
-0.1374889
-0.1355548
-0.1391269
-0.1528331
-0.1752956
-0.1971058
-0.2066913
-0.2004118
-0.1868794
-0.1797744
-0.1853507
-0.1971573
-0.2032168
-0.1977010
-0.1850562
-0.1737922
-0.1681806
-0.1661943
-0.1630442
-0.1543834
-0.1373963
-0.1129947
-0.0890561
-0.0782915
-0.0875925
-0.1078340
-0.1168748
-0.0939916
-0.0276184
0.0948470
0.2992118
0.6104766
1.0117871
1.4168544
1.6986364
1.7653947
1.6210013
1.3535078
1.0635621
0.8011777
0.5640629
0.3426040
0.1527752
0.0233007
-0.0390105
-0.0603264
-0.0754676
-0.0987331
-0.1215113
-0.1332943
-0.1376954
-0.1469340
-0.1663386
-0.1891145
-0.2051143
-0.2106444
-0.2089336
-0.2045065
-0.1999046
-0.1963828
-0.1942888
-0.1919247
-0.1865414
-0.1784862
-0.1731296
-0.1759789
-0.1852697
-0.1914501
-0.1859565
-0.1701851
-0.1542451
-0.1464127
-0.1448693
-0.1406390
-0.1280441
-0.1111463
-0.0996834
-0.0992200
-0.1053819
-0.1071312
-0.0954995
-0.0701466
-0.0387606
-0.0103143
0.0121201
0.0330292
0.0591915
0.0923409
0.1269905
0.1560355
0.1788460
0.2034124
0.2396701
0.2901357
0.3469817
0.3984037
0.4381157
0.4691764
0.4991907
0.5319727
0.5634908
0.5855465
0.5935645
0.5911046
0.5864059
0.5835632
0.5767397
0.5541123
0.5091280
0.4483079
0.3867389
0.3344661
0.2873867
0.2328098
0.1646568
0.0922842
0.0329372
-0.0047194
-0.0286478
-0.0545490
-0.0895958
-0.1259122
-0.1500708
-0.1578799
-0.1588658
-0.1664447
-0.1846050
-0.2045914
-0.2141001
-0.2091940
-0.1976002
-0.1912750
-0.1960244
-0.2075523
-0.2165406
-0.2173730
-0.2126693
-0.2100984
-0.2147639
-0.2241588
-0.2303087
-0.2272439
-0.2169201
-0.2078654
-0.2075527
-0.2156445
-0.2246769
-0.2275693
-0.2245113
-0.2222937
-0.2267352
-0.2359264
-0.2413425
-0.2360232
-0.2217918
-0.2081699
-0.2037468
-0.2083830
-0.2140199
-0.2132743
-0.2069284
-0.2024404
-0.2051088
-0.2115730
-0.2129545
-0.2043650
-0.1903937
-0.1806310
-0.1802888
-0.1860364
-0.1908155
-0.1914652
-0.1908350
-0.1931994
-0.1990366
-0.2046415
-0.2058801
-0.2016154
-0.1941456
-0.1874340
-0.1847866
-0.1868175
-0.1907040
-0.1921447
-0.1894699
-0.1860870
-0.1876762
-0.1959028
-0.2052803
-0.2075205
-0.1996151
-0.1871408
-0.1789924
-0.1790121
-0.1832277
-0.1849315
-0.1812616
-0.1740645
-0.1651760
-0.1528753
-0.1344991
-0.1123651
-0.0955149
-0.0938197
-0.1093880
-0.1338135
-0.1545470
-0.1648544
-0.1683526
-0.1743457
-0.1886859
-0.2083802
-0.2239598
-0.2266799
-0.2145954
-0.1939117
-0.1758472
-0.1710178
-0.1836211
-0.2083742
-0.2331650
-0.2470496
-0.2478931
-0.2426793
-0.2397779
-0.2407328
-0.2399122
-0.2318452
-0.2177304
-0.2041379
-0.1962157
-0.1933505
-0.1910810
-0.1855337
-0.1753929
-0.1614194
-0.1464320
-0.1356013
-0.1339027
-0.1406399
-0.1459986
-0.1332083
-0.0829633
0.0251219
0.2114958
0.4870909
0.8340541
1.1926456
1.4745692
1.6031531
1.5536774
1.3624802
1.0991750
0.8271743
0.5827379
0.3796419
0.2225766
0.1117819
0.0392749
-0.0110392
-0.0540764
-0.0939437
-0.1249928
-0.1424099
-0.1502362
-0.1581573
-0.1715464
-0.1864489
-0.1948408
-0.1938392
-0.1888224
-0.1877418
-0.1932141
-0.2004108
-0.2020904
-0.1952523
-0.1833573
-0.1729705
-0.1684656
-0.1691972
-0.1708468
-0.1693535
-0.1641575
-0.1581347
-0.1542157
-0.1517051
-0.1461436
-0.1336028
-0.1155761
-0.0990245
-0.0903560
-0.0887061
-0.0857240
-0.0731547
-0.0512116
-0.0289452
-0.0153252
-0.0094674
-0.0001490
0.0240670
0.0636760
0.1073003
0.1423413
0.1667855
0.1902858
0.2235336
0.2671275
0.3116932
0.3489051
0.3810884
0.4184667
0.4667856
0.5190716
0.5610821
0.5848879
0.5958772
0.6057175
0.6192675
0.6296424
0.6259743
0.6044509
0.5707197
0.5324694
0.4916730
0.4447907
0.3891593
0.3274102
0.2655195
0.2078444
0.1548285
0.1047606
0.0566539
0.0115720
-0.0277210
-0.0580993
-0.0782895
-0.0909955
-0.1023522
-0.1174972
-0.1357179
-0.1508658
-0.1579596
-0.1593289
-0.1627864
-0.1728380
-0.1846330
-0.1883212
-0.1799262
-0.1668338
-0.1612933
-0.1684032
-0.1812128
-0.1879571
-0.1836591
-0.1742443
-0.1696486
-0.1736379
-0.1806318
-0.1820549
-0.1752366
-0.1659346
-0.1623410
-0.1668852
-0.1741212
-0.1767249
-0.1732795
-0.1695340
-0.1715835
-0.1782622
-0.1814141
-0.1744751
-0.1604257
-0.1501416
-0.1521373
-0.1641203
-0.1752223
-0.1766643
-0.1698366
-0.1636908
-0.1646743
-0.1700385
-0.1713494
-0.1640235
-0.1525020
-0.1456622
-0.1476598
-0.1541622
-0.1578123
-0.1565236
-0.1551650
-0.1588257
-0.1656678
-0.1680873
-0.1613332
-0.1497112
-0.1427852
-0.1454449
-0.1530968
-0.1575370
-0.1565890
-0.1560500
-0.1615772
-0.1703142
-0.1727426
-0.1633080
-0.1477250
-0.1381404
-0.1409193
-0.1501657
-0.1538295
-0.1457165
-0.1309349
-0.1198915
-0.1177949
-0.1201704
-0.1177083
-0.1045829
-0.0823962
-0.0575503
-0.0361682
-0.0215801
-0.0153241
-0.0187513
-0.0325350
-0.0546928
-0.0800177
-0.1025032
-0.1190110
-0.1308038
-0.1414185
-0.1527030
-0.1624232
-0.1655338
-0.1584365
-0.1432749
-0.1286500
-0.1249097
-0.1364336
-0.1573284
-0.1757187
-0.1840637
-0.1855422
-0.1890439
-0.1974748
-0.2028617
-0.1952501
-0.1761156
-0.1600799
-0.1610568
-0.1772551
-0.1917726
-0.1883422
-0.1653206
-0.1344383
-0.1087617
-0.0944622
-0.0925977
-0.1032612
-0.1231202
-0.1383260
-0.1222359
-0.0425842
0.1260596
0.3904150
0.7295034
1.0912185
1.4011520
1.5873767
1.6113451
1.4844467
1.2574332
0.9915023
0.7334282
0.5088963
0.3289343
0.1958251
0.1035245
0.0388130
-0.0117618
-0.0541479
-0.0868108
-0.1083943
-0.1233457
-0.1384118
-0.1548247
-0.1670008
-0.1704784
-0.1694050
-0.1731591
-0.1847836
-0.1953058
-0.1927421
-0.1771241
-0.1636841
-0.1680687
-0.1884273
-0.2050005
-0.1996853
-0.1751984
-0.1525021
-0.1487163
-0.1596619
-0.1660203
-0.1553587
-0.1347998
-0.1209049
-0.1199325
-0.1216245
-0.1123586
-0.0907986
-0.0680053
-0.0538586
-0.0471446
-0.0398655
-0.0278887
-0.0137103
0.0007275
0.0198543
0.0502714
0.0919032
0.1362968
0.1747332
0.2065240
0.2380647
0.2747373
0.3156113
0.3561532
0.3942560
0.4322456
0.4736451
0.5192051
0.5657061
0.6070383
0.6362605
0.6489582
0.6471823
0.6398660
0.6363980
0.6372973
0.6316555
0.6060515
0.5572980
0.4958708
0.4361151
0.3836979
0.3335388
0.2791998
0.2219276
0.1691242
0.1252800
0.0869481
0.0474984
0.0053577
-0.0339990
-0.0638320
-0.0824178
-0.0933582
-0.1011944
-0.1080438
-0.1139533
-0.1188075
-0.1231677
-0.1281609
-0.1354305
-0.1465024
-0.1606916
-0.1733511
-0.1777039
-0.1701727
-0.1543626
-0.1392019
-0.1327298
-0.1375226
-0.1511878
-0.1692803
-0.1864410
-0.1960781
-0.1924424
-0.1757317
-0.1548797
-0.1427860
-0.1464786
-0.1613120
-0.1753028
-0.1796826
-0.1755950
-0.1710964
-0.1722816
-0.1774051
-0.1791461
-0.1723672
-0.1600726
-0.1519722
-0.1562171
-0.1710523
-0.1844714
-0.1839646
-0.1686657
-0.1518756
-0.1496249
-0.1651326
-0.1848697
-0.1911667
-0.1788993
-0.1590169
-0.1458882
-0.1430923
-0.1430859
-0.1393267
-0.1351208
-0.1385926
-0.1508628
-0.1627602
-0.1643944
-0.1558737
-0.1462919
-0.1427082
-0.1426959
-0.1389347
-0.1294733
-0.1211281
-0.1224672
-0.1348552
-0.1510073
-0.1612368
-0.1603535
-0.1500002
-0.1368715
-0.1291104
-0.1317490
-0.1426272
-0.1526021
-0.1521262
-0.1394097
-0.1216777
-0.1074991
-0.0987318
-0.0917157
-0.0858663
-0.0875580
-0.1023279
-0.1241690
-0.1370783
-0.1308568
-0.1146682
-0.1111120
-0.1339781
-0.1721734
-0.1978009
-0.1916738
-0.1612220
-0.1334386
-0.1305350
-0.1519901
-0.1785511
-0.1918745
-0.1902275
-0.1869236
-0.1952067
-0.2146106
-0.2308737
-0.2287872
-0.2061292
-0.1760974
-0.1560127
-0.1528343
-0.1591788
-0.1629303
-0.1593294
-0.1523353
-0.1453425
-0.1346676
-0.1155770
-0.0933460
-0.0827822
-0.0921635
-0.1074919
-0.0949128
-0.0194283
0.1388242
0.3822327
0.6984280
1.0548652
1.3909550
1.6284180
1.7060782
1.6146895
1.3994927
1.1273505
0.8497474
0.5926387
0.3708586
0.1996671
0.0875192
0.0236711
-0.0175586
-0.0563270
-0.0931435
-0.1166658
-0.1226223
-0.1209588
-0.1244089
-0.1343987
-0.1417127
-0.1399415
-0.1345409
-0.1368167
-0.1505498
-0.1669599
-0.1734043
-0.1659545
-0.1526885
-0.1451704
-0.1475302
-0.1537783
-0.1547911
-0.1471354
-0.1354207
-0.1272606
-0.1267825
-0.1323910
-0.1389528
-0.1407977
-0.1335099
-0.1156663
-0.0910879
-0.0687206
-0.0572483
-0.0573450
-0.0595241
-0.0517867
-0.0307776
-0.0048228
0.0151517
0.0275390
0.0418276
0.0682441
0.1067983
0.1477312
0.1822939
0.2114722
0.2435157
0.2842264
0.3312365
0.3774616
0.4182286
0.4540175
0.4875696
0.5203780
0.5521459
0.5816696
0.6065910
0.6229811
0.6272300
0.6192294
0.6026297
0.5807149
0.5523591
0.5134204
0.4626423
0.4052013
0.3492429
0.2988138
0.2508827
0.1996080
0.1431642
0.0861562
0.0357688
-0.0040156
-0.0348091
-0.0614812
-0.0878369
-0.1138459
-0.1360406
-0.1503727
-0.1554582
-0.1540087
-0.1513675
-0.1520695
-0.1569413
-0.1630382
-0.1665744
-0.1665662
-0.1661346
-0.1700947
-0.1804832
-0.1937840
-0.2027621
-0.2020973
-0.1932219
-0.1836840
-0.1809276
-0.1858915
-0.1926561
-0.1948287
-0.1923993
-0.1917550
-0.1983211
-0.2093970
-0.2153380
-0.2088391
-0.1931072
-0.1800385
-0.1794938
-0.1901140
-0.2007894
-0.2011589
-0.1906977
-0.1780428
-0.1723165
-0.1754414
-0.1820438
-0.1854141
-0.1830048
-0.1770659
-0.1714200
-0.1682165
-0.1671519
-0.1668228
-0.1664523
-0.1665860
-0.1684193
-0.1723813
-0.1771752
-0.1802679
-0.1796986
-0.1757929
-0.1712094
-0.1690714
-0.1706335
-0.1744213
-0.1775968
-0.1784697
-0.1780898
-0.1794885
-0.1849393
-0.1933317
-0.2000428
-0.2000040
-0.1919201
-0.1800553
-0.1714942
-0.1706850
-0.1759311
-0.1810852
-0.1807858
-0.1740647
-0.1631318
-0.1496960
-0.1338538
-0.1169003
-0.1037758
-0.1006668
-0.1093947
-0.1250476
-0.1401642
-0.1510708
-0.1594478
-0.1682681
-0.1779887
-0.1874283
-0.1964522
-0.2050429
-0.2096336
-0.2036746
-0.1852584
-0.1640474
-0.1571213
-0.1746300
-0.2090992
-0.2404784
-0.2529181
-0.2468138
-0.2351157
-0.2296172
-0.2318075
-0.2353302
-0.2340395
-0.2263231
-0.2139006
-0.1997929
-0.1878966
-0.1814893
-0.1793676
-0.1744494
-0.1598527
-0.1382807
-0.1232134
-0.1268892
-0.1453320
-0.1561132
-0.1313912
-0.0517443
0.0929271
0.3102934
0.6023656
0.9466682
1.2814481
1.5202448
1.5951746
1.4965991
1.2755126
1.0077340
0.7518116
0.5323615
0.3516148
0.2076098
0.1003798
0.0271991
-0.0209057
-0.0555491
-0.0852257
-0.1134506
-0.1403360
-0.1638769
-0.1804676
-0.1870029
-0.1843810
-0.1785171
-0.1764672
-0.1807542
-0.1875055
-0.1903165
-0.1861681
-0.1781320
-0.1728140
-0.1748358
-0.1827526
-0.1897210
-0.1887655
-0.1786209
-0.1650354
-0.1559593
-0.1547087
-0.1573733
-0.1567728
-0.1490225
-0.1366086
-0.1255751
-0.1197802
-0.1172256
-0.1113130
-0.0960239
-0.0710878
-0.0428363
-0.0194148
-0.0039893
0.0077982
0.0233371
0.0459166
0.0725200
0.0988268
0.1253993
0.1575436
0.1988800
0.2463120
0.2924793
0.3328371
0.3691693
0.4059131
0.4441914
0.4805266
0.5109709
0.5350821
0.5552550
0.5730905
0.5875827
0.5966341
0.5988561
0.5929202
0.5760063
0.5448693
0.4995968
0.4456318
0.3904416
0.3373137
0.2830517
0.2229872
0.1585952
0.0991889
0.0547313
0.0264025
0.0047751
-0.0217950
-0.0564383
-0.0912567
-0.1154456
-0.1258643
-0.1296825
-0.1369847
-0.1511961
-0.1667704
-0.1756614
-0.1753134
-0.1702087
-0.1664419
-0.1659276
-0.1662595
-0.1653186
-0.1646405
-0.1677041
-0.1755421
-0.1849241
-0.1909835
-0.1911669
