-0.1344382
-0.1380700
-0.1487643
-0.1438227
-0.1294578
-0.1287896
-0.1444014
-0.1572310
-0.1580417
-0.1576170
-0.1654119
-0.1760225
-0.1794125
-0.1719948
-0.1567341
-0.1426652
-0.1432088
-0.1636799
-0.1892295
-0.1924602
-0.1515259
-0.0540013
0.1115405
0.3527107
0.6554233
0.9723973
1.2331739
1.3712284
1.3552462
1.2071886
0.9898417
0.7682887
0.5777084
0.4230318
0.2989830
0.2028811
0.1331827
0.0856371
0.0534470
0.0289396
0.0062997
-0.0149372
-0.0307223
-0.0387799
-0.0424556
-0.0474734
-0.0573846
-0.0725467
-0.0898178
-0.1023776
-0.1043191
-0.0976829
-0.0916352
-0.0926575
-0.0982885
-0.1021018
-0.1021356
-0.1026543
-0.1093135
-0.1233310
-0.1388145
-0.1460659
-0.1399360
-0.1251563
-0.1116983
-0.1053530
-0.1044000
-0.1036819
-0.0988286
-0.0876808
-0.0713195
-0.0537894
-0.0379256
-0.0211983
0.0020452
0.0339224
0.0701154
0.1036623
0.1309514
0.1547999
0.1821692
0.2172016
0.2555434
0.2875062
0.3083941
0.3242215
0.3459168
0.3792118
0.4208400
0.4622330
0.4952665
0.5163688
0.5273083
0.5314774
0.5285754
0.5140826
0.4849131
0.4446639
0.4024340
0.3664870
0.3380519
0.3096922
0.2704352
0.2151157
0.1496014
0.0858058
0.0315818
-0.0136171
-0.0543387
-0.0928291
-0.1269644
-0.1524209
-0.1668257
-0.1734343
-0.1805818
-0.1954719
-0.2176639
-0.2394800
-0.2531875
-0.2575929
-0.2580382
-0.2602991
-0.2639957
-0.2622098
-0.2490537
-0.2276538
-0.2082824
-0.1974058
-0.1907593
-0.1793067
-0.1607167
-0.1426414
-0.1348070
-0.1392899
-0.1486118
-0.1525157
-0.1464588
-0.1338452
-0.1205207
-0.1083781
-0.0953338
-0.0802999
-0.0658582
-0.0559495
-0.0527074
-0.0556624
-0.0621155
-0.0677397
-0.0686720
-0.0644845
-0.0587786
-0.0563524
-0.0597712
-0.0681411
-0.0784559
-0.0885236
-0.0993688
-0.1142740
-0.1344932
-0.1562759
-0.1731653
-0.1814398
-0.1833503
-0.1857451
-0.1953203
-0.2131023
-0.2321722
-0.2423631
-0.2395585
-0.2303991
-0.2262690
-0.2319774
-0.2406251
-0.2396613
-0.2222431
-0.1936617
-0.1673133
-0.1539353
-0.1540129
-0.1599346
-0.1642542
-0.1650434
-0.1647193
-0.1662851
-0.1709353
-0.1769630
-0.1797241
-0.1741751
-0.1592940
-0.1401430
-0.1248320
-0.1187649
-0.1209503
-0.1252338
-0.1256681
-0.1217526
-0.1185209
-0.1211084
-0.1297453
-0.1407347
-0.1515122
-0.1631990
-0.1779644
-0.1949118
-0.2094232
-0.2170862
-0.2187329
-0.2210890
-0.2307493
-0.2466889
-0.2600335
-0.2627196
-0.2560495
-0.2496209
-0.2517963
-0.2617104
-0.2704254
-0.2694679
-0.2583423
-0.2440062
-0.2333237
-0.2267650
-0.2197702
-0.2087045
-0.1933852
-0.1743909
-0.1511474
-0.1244696
-0.0991438
-0.0812994
-0.0729751
-0.0705813
-0.0680216
-0.0570627
-0.0198283
0.0781498
0.2768430
0.5879309
0.9625892
1.2978101
1.4902681
1.4994550
1.3665513
1.1738760
0.9839099
0.8111136
0.6423809
0.4746310
0.3280284
0.2256907
0.1676309
0.1293799
0.0852703
0.0297098
-0.0243458
-0.0635526
-0.0877353
-0.1074625
-0.1323180
-0.1628700
-0.1922267
-0.2132981
-0.2241576
-0.2275221
-0.2267342
-0.2231822
-0.2169476
-0.2085799
-0.1998264
-0.1930359
-0.1895633
-0.1878568
-0.1832027
-0.1705911
-0.1486845
-0.1209697
-0.0931435
-0.0696546
-0.0522073
-0.0403050
-0.0324405
-0.0267507
-0.0207156
-0.0108168
0.0061972
0.0307211
0.0593164
0.0871005
0.1110836
0.1310083
0.1478813
0.1630135
0.1784989
0.1973005
0.2215317
0.2500512
0.2779692
0.2996022
0.3131410
0.3224780
0.3334670
0.3480012
0.3623494
0.3712759
0.3725963
0.3671333
0.3554900
0.3365899
0.3097614
0.2773851
0.2444214
0.2145862
0.1868602
0.1563248
0.1189372
0.0753012
0.0297205
-0.0134123
-0.0514665
-0.0830238
-0.1076206
-0.1263767
-0.1412120
-0.1523372
-0.1574490
-0.1549419
-0.1481047
-0.1447781
-0.1512081
-0.1657587
-0.1798446
-0.1864563
-0.1874505
-0.1907795
-0.2000941
-0.2088041
-0.2060336
-0.1881106
-0.1631454
-0.1443453
-0.1392674
-0.1449093
-0.1519488
-0.1533896
-0.1498755
-0.1474849
-0.1506821
-0.1572900
-0.1601504
-0.1539948
-0.1415414
-0.1331303
-0.1390695
-0.1605359
-0.1877172
-0.2081522
-0.2178372
-0.2240316
-0.2369971
-0.2592533
-0.2829147
-0.2970874
-0.2977075
-0.2905113
-0.2847896
-0.2845708
-0.2861853
-0.2840073
-0.2771855
-0.2698013
-0.2652254
-0.2619227
-0.2553324
-0.2432063
-0.2285227
-0.2171672
-0.2128638
-0.2143410
-0.2173046
-0.2187694
-0.2190759
-0.2200828
-0.2224011
-0.2246685
-0.2246473
-0.2203794
-0.2109033
-0.1970182
-0.1818743
-0.1704742
-0.1675837
-0.1746875
-0.1880916
-0.2007154
-0.2073929
-0.2091287
-0.2115189
-0.2184936
-0.2280444
-0.2345795
-0.2352390
-0.2334090
-0.2358318
-0.2461978
-0.2615529
-0.2751417
-0.2828651
-0.2867521
-0.2920481
-0.3012929
-0.3114731
-0.3166259
-0.3131005
-0.3029307
-0.2925590
-0.2876275
-0.2880517
-0.2881567
-0.2822379
-0.2701829
-0.2574331
-0.2494466
-0.2463250
-0.2427472
-0.2331056
-0.2170329
-0.2001923
-0.1895238
-0.1874089
-0.1902023
-0.1920099
-0.1895340
-0.1836169
-0.1769716
-0.1708108
-0.1633830
-0.1516164
-0.1344640
-0.1148087
-0.0979959
-0.0883785
-0.0868001
-0.0902645
-0.0933850
-0.0914937
-0.0847725
-0.0800508
-0.0865114
-0.1069352
-0.1320982
-0.1440810
-0.1249765
-0.0615192
0.0579405
0.2454459
0.5030523
0.8033075
1.0817394
1.2595628
1.2871460
1.1738720
0.9779283
0.7653044
0.5738392
0.4087619
0.2636303
0.1398823
0.0471069
-0.0100534
-0.0402702
-0.0600658
-0.0817323
-0.1070175
-0.1304307
-0.1464019
-0.1536582
-0.1550924
-0.1547812
-0.1544869
-0.1522803
-0.1449989
-0.1326744
-0.1202231
-0.1140279
-0.1165219
-0.1240476
-0.1298141
-0.1289435
-0.1213077
-0.1105710
-0.1012204
-0.0961399
-0.0955908
-0.0972614
-0.0976558
-0.0949961
-0.0913970
-0.0910291
-0.0949920
-0.0986280
-0.0953724
-0.0835662
-0.0685469
-0.0574138
-0.0520124
-0.0473722
-0.0367733
-0.0179621
0.0054977
0.0284025
0.0489868
0.0702017
0.0967693
0.1310541
0.1707306
0.2095924
0.2414387
0.2648461
0.2844708
0.3063584
0.3310509
0.3520124
0.3619944
0.3610703
0.3576807
0.3611421
0.3727647
0.3839892
0.3831382
0.3645527
0.3322489
0.2956125
0.2614568
0.2290893
0.1920466
0.1451103
0.0910931
0.0409748
0.0055542
-0.0147733
-0.0315430
-0.0578476
-0.0956043
-0.1335916
-0.1584926
-0.1675619
-0.1702565
-0.1780649
-0.1934950
-0.2088117
-0.2143444
-0.2071282
-0.1921593
-0.1771724
-0.1671214
-0.1620172
-0.1569336
-0.1419872
-0.1020066
-0.0168046
0.1363194
0.3748891
0.6968923
1.0657723
1.4086528
1.6385613
1.6944317
1.5745903
1.3383939
1.0718737
0.8409023
0.6650458
0.5270631
0.4033623
0.2869270
0.1869225
0.1128808
0.0627311
0.0253375
-0.0082983
-0.0385110
-0.0612331
-0.0764230
-0.0899221
-0.1066894
-0.1242732
-0.1352586
-0.1363969
-0.1336210
-0.1365503
-0.1483134
-0.1623586
-0.1703356
-0.1722940
-0.1770734
-0.1916836
-0.2117315
-0.2245096
-0.2218517
-0.2083955
-0.1963157
-0.1929960
-0.1950161
-0.1933689
-0.1825842
-0.1642874
-0.1437123
-0.1248149
-0.1085519
-0.0935021
-0.0763637
-0.0529602
-0.0215937
0.0134725
0.0436975
0.0636315
0.0765234
0.0910498
0.1122169
0.1369609
0.1595803
0.1801773
0.2055787
0.2412185
0.2833178
0.3207203
0.3450049
0.3581807
0.3697649
0.3864269
0.4049704
0.4153649
0.4101592
0.3910261
0.3668067
0.3453537
0.3265696
0.3027559
0.2658857
0.2149291
0.1562567
0.0973040
0.0407340
-0.0147893
-0.0690767
-0.1173955
-0.1539045
-0.1776984
-0.1944119
-0.2112542
-0.2306899
-0.2493540
-0.2626971
-0.2696782
-0.2727684
-0.2746039
-0.2757358
-0.2750923
-0.2712250
-0.2628943
-0.2498105
-0.2340199
-0.2202060
-0.2132234
-0.2143365
-0.2200006
-0.2250506
-0.2273471
-0.2287013
-0.2306921
-0.2302747
-0.2212143
-0.2008843
-0.1750262
-0.1544164
-0.1461171
-0.1481419
-0.1528981
-0.1555077
-0.1580722
-0.1654954
-0.1779167
-0.1888879
-0.1920394
-0.1887807
-0.1876658
-0.1954925
-0.2101179
-0.2231771
-0.2292916
-0.2308782
-0.2332873
-0.2368919
-0.2365279
-0.2295128
-0.2221818
-0.2255425
-0.2431695
-0.2636856
-0.2645669
-0.2211588
-0.1118270
0.0796585
0.3557953
0.6904206
1.0215593
1.2676719
1.3641882
1.2963603
1.1040988
0.8564229
0.6162692
0.4192978
0.2736833
0.1711583
0.0976144
0.0398748
-0.0096896
-0.0512574
-0.0808319
-0.0972356
-0.1063461
-0.1176202
-0.1357695
-0.1562342
-0.1699258
-0.1730234
-0.1715423
-0.1752792
-0.1871924
-0.1997755
-0.2028111
-0.1945102
-0.1841056
-0.1829073
-0.1930727
-0.2057866
-0.2105744
-0.2057010
-0.1987946
-0.1977971
-0.2026462
-0.2062361
-0.2022223
-0.1904754
-0.1753383
-0.1603718
-0.1457146
-0.1295700
-0.1107720
-0.0896833
-0.0675387
-0.0454838
-0.0235642
0.0003015
0.0299008
0.0673452
0.1087754
0.1446016
0.1667505
0.1771000
0.1875594
0.2097923
0.2442608
0.2801741
0.3066432
0.3231464
0.3381526
0.3577673
0.3771754
0.3844162
0.3722995
0.3453876
0.3147547
0.2867928
0.2582098
0.2216552
0.1748735
0.1237059
0.0768587
0.0386109
0.0063776
-0.0256892
-0.0613243
-0.0996478
-0.1365846
-0.1680482
-0.1924995
-0.2118259
-0.2301868
-0.2509401
-0.2733841
-0.2924326
-0.3025589
-0.3030071
-0.2991683
-0.2982453
-0.3030131
-0.3096671
-0.3119477
-0.3074802
-0.2998808
-0.2944450
-0.2920384
-0.2878593
-0.2765799
-0.2585565
-0.2406359
-0.2304943
-0.2296957
-0.2319098
-0.2281770
-0.2147929
-0.1967433
-0.1833450
-0.1799025
-0.1830874
-0.1843758
-0.1783326
-0.1679913
-0.1622003
-0.1671858
-0.1801157
-0.1909592
-0.1912961
-0.1818854
-0.1716402
-0.1688308
-0.1729895
-0.1755434
-0.1689215
-0.1555383
-0.1475644
-0.1564958
-0.1806987
-0.2006172
-0.1844012
-0.0994487
0.0752524
0.3377822
0.6551369
0.9648969
1.1930988
1.2843373
1.2273763
1.0585291
0.8398726
0.6278158
0.4528662
0.3195840
0.2191996
0.1414682
0.0792481
0.0283440
-0.0130157
-0.0444806
-0.0652342
-0.0766440
-0.0832921
-0.0907254
-0.1014855
-0.1130377
-0.1199419
-0.1188302
-0.1118210
-0.1050566
-0.1035776
-0.1073355
-0.1119910
-0.1133896
-0.1112223
-0.1087014
-0.1093708
-0.1146280
-0.1237801
-0.1351851
-0.1465819
-0.1551455
-0.1588656
-0.1584268
-0.1567018
-0.1553609
-0.1523875
-0.1441135
-0.1299572
-0.1141365
-0.1017075
-0.0930358
-0.0830818
-0.0667209
-0.0444808
-0.0223893
-0.0059493
0.0054554
0.0181424
0.0386475
0.0688709
0.1057774
0.1444690
0.1810926
0.2138792
0.2430511
0.2703808
0.2979230
0.3256294
0.3495324
0.3631587
0.3623692
0.3496905
0.3333599
0.3209530
0.3131677
0.3036006
0.2845659
0.2534097
0.2139596
0.1727122
0.1338008
0.0971192
0.0607576
0.0250506
-0.0059358
-0.0273851
-0.0386939
-0.0454117
-0.0554771
-0.0726823
-0.0936957
-0.1119522
-0.1246532
-0.1355366
-0.1505397
-0.1713027
-0.1935673
-0.2115454
-0.2228151
-0.2288934
-0.2324701
-0.2354096
-0.2389648
-0.2441283
-0.2506668
-0.2564819
-0.2593089
-0.2594455
-0.2598790
-0.2627156
-0.2656171
-0.2628130
-0.2504205
-0.2307511
-0.2110720
-0.1980018
-0.1928498
-0.1917383
-0.1897100
-0.1849683
-0.1798827
-0.1782036
-0.1809222
-0.1843980
-0.1826481
-0.1721180
-0.1549315
-0.1377839
-0.1272808
-0.1253873
-0.1284625
-0.1305235
-0.1282290
-0.1238200
-0.1236381
-0.1330150
-0.1513427
-0.1716320
-0.1855684
-0.1900307
-0.1891773
-0.1903269
-0.1980194
-0.2118279
-0.2285360
-0.2448504
-0.2582716
-0.2676837
-0.2748731
-0.2842346
-0.2979810
-0.3106498
-0.3110178
-0.2930307
-0.2653106
-0.2467419
-0.2493417
-0.2646361
-0.2671143
-0.2296290
-0.1336198
0.0326323
0.2754408
0.5837386
0.9122504
1.1850123
1.3301973
1.3231063
1.1990748
1.0230867
0.8440094
0.6744828
0.5085284
0.3502383
0.2202565
0.1362854
0.0935584
0.0683961
0.0396912
0.0040998
-0.0291576
-0.0539772
-0.0743396
-0.0967832
-0.1202068
-0.1362275
-0.1392497
-0.1338604
-0.1309369
-0.1369968
-0.1483662
-0.1558583
-0.1545468
-0.1487167
-0.1476291
-0.1567835
-0.1731513
-0.1884179
-0.1963670
-0.1969672
-0.1938734
-0.1892405
-0.1819615
-0.1704995
-0.1557060
-0.1395981
-0.1220309
-0.1005496
-0.0746188
-0.0488697
-0.0299228
-0.0190132
-0.0089358
0.0099139
0.0400006
0.0738702
0.1012764
0.1186625
0.1315744
0.1488667
0.1755686
0.2105333
0.2486225
0.2837659
0.3111807
0.3292202
0.3401572
0.3479684
0.3539692
0.3551024
0.3480340
0.3349595
0.3232801
0.3176673
0.3129636
0.2970102
0.2616140
0.2101448
0.1537795
0.1011387
0.0527992
0.0054340
-0.0409764
-0.0818344
-0.1132861
-0.1370274
-0.1587924
-0.1826657
-0.2076365
-0.2292887
-0.2437972
-0.2503137
-0.2509516
-0.2497458
-0.2511317
-0.2576366
-0.2677550
-0.2762168
-0.2772356
-0.2682218
-0.2508951
-0.2296361
-0.2094937
-0.1952037
-0.1898629
-0.1922243
-0.1951897
-0.1893595
-0.1706535
-0.1449121
-0.1236265
-0.1140239
-0.1134479
-0.1135996
-0.1093139
-0.1020991
-0.0958164
-0.0913644
-0.0872522
-0.0842161
-0.0864401
-0.0968343
-0.1123953
-0.1262285
-0.1344062
-0.1395455
-0.1470530
-0.1589555
-0.1725620
-0.1845744
-0.1948580
-0.2057077
-0.2187004
-0.2334630
-0.2489346
-0.2642091
-0.2775938
-0.2860835
-0.2873382
-0.2824967
-0.2762375
-0.2733150
-0.2747650
-0.2772389
-0.2757919
-0.2678780
-0.2560162
-0.2471398
-0.2477260
-0.2570695
-0.2649432
-0.2584940
-0.2343861
-0.2042660
-0.1857602
-0.1860455
-0.1946180
-0.1935326
-0.1747588
-0.1464532
-0.1224735
-0.1080232
-0.0973354
-0.0840278
-0.0701812
-0.0632086
-0.0647396
-0.0637741
-0.0392334
0.0333974
0.1763481
0.4017991
0.6983611
1.0193108
1.2888781
1.4331677
1.4189748
1.2709636
1.0522734
0.8241301
0.6169142
0.4319204
0.2638843
0.1183593
0.0087104
-0.0593615
-0.0966248
-0.1230094
-0.1523443
-0.1842140
-0.2091941
-0.2203403
-0.2194471
-0.2137803
-0.2087456
-0.2044930
-0.1986855
-0.1908120
-0.1827450
-0.1756467
-0.1680187
-0.1579851
-0.1469149
-0.1390033
-0.1363100
-0.1353084
-0.1302811
-0.1204970
-0.1121719
-0.1113365
-0.1150449
-0.1119406
-0.0932362
-0.0625349
-0.0330646
-0.0146720
-0.0045557
0.0085134
0.0317959
0.0616039
0.0880562
0.1048555
0.1136542
0.1204215
0.1295641
0.1414994
0.1539446
0.1643135
0.1718637
0.1791144
0.1909641
0.2106090
0.2353707
0.2576447
0.2715224
0.2785113
0.2856488
0.2977251
0.3123169
0.3228766
0.3254677
0.3211562
0.3125506
0.3002685
0.2836907
0.2633573
0.2403366
0.2134990
0.1799283
0.1395163
0.0976825
0.0610484
0.0300839
