-0.1695609
-0.1987840
-0.2262247
-0.2506124
-0.2693347
-0.2789691
-0.2792615
-0.2761666
-0.2786370
-0.2905309
-0.3060169
-0.3147616
-0.3125713
-0.3058728
-0.3043071
-0.3094114
-0.3127360
-0.3061102
-0.2919521
-0.2808583
-0.2790317
-0.2809172
-0.2762816
-0.2629950
-0.2494938
-0.2438407
-0.2431775
-0.2367604
-0.2186152
-0.1941855
-0.1736386
-0.1612714
-0.1540169
-0.1489522
-0.1482593
-0.1550001
-0.1663241
-0.1738743
-0.1709386
-0.1573941
-0.1378501
-0.1176952
-0.1021492
-0.0959741
-0.0996640
-0.1057345
-0.1032236
-0.0893721
-0.0752438
-0.0757330
-0.0929974
-0.1120562
-0.1129078
-0.0823265
-0.0099975
0.1216051
0.3298167
0.6033047
0.8822564
1.0787778
1.1296335
1.0356484
0.8517841
0.6409033
0.4378768
0.2524930
0.0938800
-0.0201950
-0.0798330
-0.1004181
-0.1145471
-0.1440284
-0.1823105
-0.2061542
-0.2027457
-0.1829489
-0.1685931
-0.1698858
-0.1773001
-0.1745008
-0.1566031
-0.1345718
-0.1229684
-0.1254379
-0.1327872
-0.1338086
-0.1260322
-0.1155837
-0.1083967
-0.1038882
-0.0976003
-0.0879339
-0.0778812
-0.0700983
-0.0626249
-0.0513715
-0.0360060
-0.0210340
-0.0104079
-0.0030429
0.0044243
0.0113997
0.0128085
0.0063246
-0.0013930
0.0017209
0.0223942
0.0556847
0.0898605
0.1167017
0.1362649
0.1528154
0.1686320
0.1827145
0.1936520
0.2013916
0.2062913
0.2085739
0.2097664
0.2131114
0.2203850
0.2282070
0.2293220
0.2188407
0.1986987
0.1749522
0.1510616
0.1253074
0.0952668
0.0633041
0.0357303
0.0162849
0.0016578
-0.0157284
-0.0407647
-0.0715435
-0.1011501
-0.1226175
-0.1328377
-0.1335710
-0.1299274
-0.1274504
-0.1293194
-0.1353098
-0.1429914
-0.1497566
-0.1538832
-0.1545664
-0.1522848
-0.1497101
-0.1512530
-0.1599517
-0.1739389
-0.1865332
-0.1907711
-0.1843592
-0.1706856
-0.1559626
-0.1458556
-0.1435390
-0.1485348
-0.1562774
-0.1602516
-0.1569364
-0.1493806
-0.1445872
-0.1459920
-0.1488811
-0.1447211
-0.1305358
-0.1127664
-0.1005436
-0.0957232
-0.0915232
-0.0817150
-0.0693501
-0.0639808
-0.0700256
-0.0800146
-0.0812670
-0.0689146
-0.0506354
-0.0380646
-0.0352556
-0.0374077
-0.0400659
-0.0461169
-0.0608785
-0.0803730
-0.0860503
-0.0516095
0.0448353
0.2119541
0.4407331
0.7014312
0.9446469
1.1136487
1.1674793
1.1007286
0.9437578
0.7426522
0.5359617
0.3457463
0.1835704
0.0578586
-0.0272099
-0.0768258
-0.1046147
-0.1243066
-0.1425510
-0.1595616
-0.1745293
-0.1883595
-0.2016591
-0.2124763
-0.2176181
-0.2157742
-0.2084899
-0.1986127
-0.1891079
-0.1831864
-0.1832570
-0.1877852
-0.1901139
-0.1831616
-0.1664920
-0.1471738
-0.1318902
-0.1189118
-0.1001618
-0.0719915
-0.0420463
-0.0231450
-0.0200881
-0.0240748
-0.0211886
-0.0056188
0.0165745
0.0359917
0.0500280
0.0639068
0.0836718
0.1103671
0.1406428
0.1704660
0.1967950
0.2170755
0.2296278
0.2353647
0.2379302
0.2408729
0.2448319
0.2483754
0.2514399
0.2563501
0.2641342
0.2705137
0.2676080
0.2508092
0.2233447
0.1930121
0.1646185
0.1367040
0.1058988
0.0730869
0.0434632
0.0201095
-0.0009619
-0.0273798
-0.0615371
-0.0964383
-0.1217239
-0.1335188
-0.1371300
-0.1401102
-0.1443657
-0.1461076
-0.1421238
-0.1336555
-0.1236923
-0.1128100
-0.1001381
-0.0880270
-0.0827840
-0.0885970
-0.1016607
-0.1127398
-0.1159941
-0.1132733
-0.1086051
-0.1007491
-0.0847276
-0.0612749
-0.0415894
-0.0392496
-0.0568151
-0.0821846
-0.0996145
-0.1040487
-0.1038217
-0.1098072
-0.1236233
-0.1373140
-0.1432714
-0.1424405
-0.1424737
-0.1493341
-0.1617565
-0.1732068
-0.1781148
-0.1764587
-0.1736113
-0.1762500
-0.1873150
-0.2034155
-0.2168774
-0.2215314
-0.2177251
-0.2115658
-0.2083757
-0.2070312
-0.2021332
-0.1923114
-0.1845653
-0.1878318
-0.2018321
-0.2142995
-0.2111898
-0.1898078
-0.1612663
-0.1403070
-0.1335071
-0.1369548
-0.1430810
-0.1474883
-0.1494591
-0.1486769
-0.1438760
-0.1343502
-0.1210205
-0.1058147
-0.0913979
-0.0815712
-0.0795309
-0.0838941
-0.0880434
-0.0865929
-0.0829114
-0.0870317
-0.1031943
-0.1201433
-0.1162162
-0.0739649
0.0130317
0.1476547
0.3357689
0.5741511
0.8277474
1.0272139
1.1038161
1.0371517
0.8700709
0.6739159
0.4968146
0.3430266
0.1961558
0.0542394
-0.0613816
-0.1275209
-0.1428379
-0.1288386
-0.1115733
-0.1054092
-0.1114497
-0.1247351
-0.1394224
-0.1499594
-0.1523900
-0.1463966
-0.1347020
-0.1196436
-0.1014399
-0.0806419
-0.0611475
-0.0489908
-0.0476483
-0.0551083
-0.0654945
-0.0724303
-0.0704816
-0.0556408
-0.0281739
0.0035814
0.0250570
0.0253996
0.0072547
-0.0148670
-0.0275981
-0.0298779
-0.0305313
-0.0356215
-0.0400137
-0.0322280
-0.0068063
0.0291864
0.0618718
0.0819737
0.0907250
0.0962124
0.1057487
0.1216551
0.1421849
0.1644205
0.1861919
0.2063999
0.2242340
0.2382099
0.2464620
0.2487434
0.2480470
0.2490214
0.2534883
0.2572781
0.2524230
0.2338072
0.2043511
0.1732678
0.1484606
0.1303859
0.1133149
0.0918556
0.0653921
0.0369447
0.0100736
-0.0118585
-0.0253031
-0.0287617
-0.0264939
-0.0276084
-0.0381912
-0.0537128
-0.0618331
-0.0553406
-0.0416510
-0.0364420
-0.0466911
-0.0625047
-0.0683971
-0.0614344
-0.0545674
-0.0611100
-0.0792973
-0.0954148
-0.1008666
-0.1017646
-0.1096624
-0.1258238
-0.1392198
-0.1407748
-0.1355387
-0.1368764
-0.1496319
-0.1634967
-0.1651339
-0.1541700
-0.1436189
-0.1446948
-0.1544920
-0.1605820
-0.1561546
-0.1477829
-0.1475527
-0.1594928
-0.1758379
-0.1862773
-0.1884303
-0.1878123
-0.1891621
-0.1906279
-0.1869293
-0.1759655
-0.1605780
-0.1449273
-0.1314360
-0.1216365
-0.1177479
-0.1209248
-0.1278732
-0.1315686
-0.1274777
-0.1185620
-0.1118824
-0.1096663
-0.1059914
-0.0942925
-0.0767217
-0.0628421
-0.0583811
-0.0581871
-0.0530689
-0.0426366
-0.0377603
-0.0482524
-0.0699089
-0.0872074
-0.0898659
-0.0843076
-0.0862748
-0.1027121
-0.1226032
-0.1238579
-0.0844059
0.0143362
0.1865575
0.4311448
0.7136464
0.9630126
1.0995030
1.0801560
0.9252907
0.7017887
0.4774498
0.2863581
0.1307789
0.0068198
-0.0792308
-0.1195961
-0.1227944
-0.1152915
-0.1224484
-0.1485481
-0.1766586
-0.1876210
-0.1781050
-0.1606558
-0.1489356
-0.1456627
-0.1443945
-0.1393674
-0.1308691
-0.1224536
-0.1165409
-0.1140074
-0.1156908
-0.1212964
-0.1264207
-0.1228453
-0.1042528
-0.0725691
-0.0380828
-0.0125407
-0.0017337
-0.0038489
-0.0128719
-0.0220664
-0.0256425
-0.0205914
-0.0087661
0.0041261
0.0134882
0.0199221
0.0277221
0.0398002
0.0552486
0.0717792
0.0889132
0.1075220
0.1269668
0.1446408
0.1591321
0.1723893
0.1869880
0.2019474
0.2138665
0.2229350
0.2349619
0.2545079
0.2770079
0.2913174
0.2914795
0.2837251
0.2793988
0.2815737
0.2811769
0.2674119
0.2404019
0.2113734
0.1903466
0.1757570
0.1575216
0.1287579
0.0920123
0.0542329
0.0187084
-0.0159642
-0.0502317
-0.0794379
-0.0962447
-0.0969703
-0.0859189
-0.0741228
-0.0731263
-0.0878013
-0.1132384
-0.1383628
-0.1539684
-0.1589485
-0.1594531
-0.1618867
-0.1670160
-0.1716072
-0.1751147
-0.1820536
-0.1958125
-0.2115917
-0.2188875
-0.2124922
-0.1996372
-0.1944201
-0.2047679
-0.2250888
-0.2413742
-0.2430780
-0.2306995
-0.2136489
-0.2023213
-0.2017273
-0.2099767
-0.2202832
-0.2248531
-0.2197776
-0.2079920
-0.1963961
-0.1884183
-0.1798410
-0.1637122
-0.1399365
-0.1186317
-0.1119448
-0.1212690
-0.1329657
-0.1288924
-0.1035195
-0.0709786
-0.0533190
-0.0599215
-0.0784088
-0.0869115
-0.0758315
-0.0569181
-0.0499991
-0.0610355
-0.0753369
-0.0745399
-0.0593679
-0.0515687
-0.0703985
-0.1085443
-0.1341172
-0.1156993
-0.0419051
0.0833280
0.2565273
0.4749811
0.7173909
0.9310049
1.0503981
1.0385159
0.9118985
0.7248223
0.5290645
0.3489846
0.1897501
0.0582143
-0.0327724
-0.0789272
-0.0952250
-0.1066256
-0.1284082
-0.1571564
-0.1795834
-0.1869582
-0.1803610
-0.1656577
-0.1478792
-0.1307678
-0.1176455
-0.1094409
-0.1033339
-0.0965847
-0.0913158
-0.0918238
-0.0957795
-0.0916055
-0.0690081
-0.0325802
-0.0015929
0.0069912
-0.0043825
-0.0157143
-0.0100120
0.0086660
0.0196529
0.0084920
-0.0166188
-0.0326406
-0.0247688
0.0002039
0.0230733
0.0321262
0.0322928
0.0358273
0.0471089
0.0591946
0.0649871
0.0683998
0.0812544
0.1096202
0.1465194
0.1795514
0.2032784
0.2215370
0.2389480
0.2540599
0.2624303
0.2639573
0.2638336
0.2660487
0.2688331
0.2683922
0.2646639
0.2590176
0.2463590
0.2157770
0.1645545
0.1091592
0.0746180
0.0692157
0.0734775
0.0593071
0.0197996
-0.0239096
-0.0466149
-0.0460697
-0.0422678
-0.0513569
-0.0664864
-0.0685684
-0.0527115
-0.0368685
-0.0418164
-0.0671602
-0.0921470
-0.0992626
-0.0924020
-0.0900940
-0.1038497
-0.1266587
-0.1428294
-0.1462163
-0.1459654
-0.1542153
-0.1707634
-0.1825841
-0.1785635
-0.1625807
-0.1505470
-0.1549556
-0.1732011
-0.1910896
-0.1973332
-0.1941126
-0.1929722
-0.2006845
-0.2108612
-0.2109893
-0.1969544
-0.1784206
-0.1690939
-0.1728110
-0.1800697
-0.1777128
-0.1613690
-0.1387115
-0.1214031
-0.1145700
-0.1141575
-0.1133436
-0.1097607
-0.1062182
-0.1062491
-0.1104833
-0.1165302
-0.1207593
-0.1202242
-0.1141272
-0.1039766
-0.0920773
-0.0799597
-0.0685998
-0.0598465
-0.0567684
-0.0618561
-0.0744828
-0.0903782
-0.1046072
-0.1156251
-0.1254219
-0.1347953
-0.1401310
-0.1375409
-0.1297612
-0.1252155
-0.1281040
-0.1318731
-0.1262848
-0.1112581
-0.1003632
-0.1073717
-0.1288705
-0.1413759
-0.1156628
-0.0325337
0.1140790
0.3210595
0.5715008
0.8225553
1.0080350
1.0695160
0.9951781
0.8284813
0.6353281
0.4603100
0.3115994
0.1811142
0.0706571
-0.0053798
-0.0387048
-0.0407389
-0.0341794
-0.0339976
-0.0403308
-0.0478155
-0.0555998
-0.0658176
-0.0766979
-0.0824133
-0.0797873
-0.0719985
-0.0645679
-0.0594694
-0.0546946
-0.0489832
-0.0451798
-0.0476785
-0.0567844
-0.0669009
-0.0711279
-0.0673589
-0.0597733
-0.0553406
-0.0590560
-0.0704331
-0.0825664
-0.0858633
-0.0758753
-0.0584183
-0.0451216
-0.0423805
-0.0449678
-0.0411130
-0.0237404
0.0034021
0.0303144
0.0508671
0.0679645
0.0887421
0.1160096
0.1462020
0.1753508
0.2041886
0.2355317
0.2682348
0.2965142
0.3160116
0.3294327
0.3450066
0.3685099
0.3962884
0.4166861
0.4195718
0.4047438
0.3804423
0.3541772
0.3265781
0.2943102
0.2570933
0.2203747
0.1912744
0.1721652
0.1577937
0.1387710
0.1088624
0.0696611
0.0285845
-0.0070464
-0.0340455
-0.0534758
-0.0687972
-0.0836258
-0.0996047
-0.1158507
-0.1309564
-0.1454287
-0.1615752
-0.1809990
-0.2022776
-0.2206375
-0.2302170
-0.2284481
-0.2193948
-0.2117157
-0.2117566
-0.2184675
-0.2253028
-0.2264974
-0.2213867
-0.2139260
-0.2088951
-0.2076477
-0.2064760
-0.1995241
-0.1841403
-0.1634215
-0.1433518
-0.1275721
-0.1147886
-0.1011218
-0.0855136
-0.0728560
-0.0699158
-0.0764502
-0.0819069
-0.0742822
-0.0530510
-0.0311978
-0.0231168
-0.0312610
-0.0450834
-0.0519631
-0.0484661
-0.0418201
-0.0417454
-0.0514804
-0.0663308
-0.0793269
-0.0867060
-0.0887866
-0.0885942
-0.0908797
-0.1000182
-0.1163271
-0.1350771
-0.1507182
-0.1615610
-0.1692435
-0.1747568
-0.1770945
-0.1759849
-0.1744625
-0.1775423
-0.1878007
-0.2021351
-0.2136897
-0.2181270
-0.2178459
-0.2190196
-0.2247078
-0.2318448
-0.2343259
-0.2275849
-0.2111117
-0.1893366
-0.1705847
-0.1624326
-0.1657093
-0.1731323
-0.1748278
-0.1660149
-0.1504999
-0.1374991
-0.1341189
-0.1394409
-0.1459388
-0.1472480
-0.1439156
-0.1410021
-0.1413857
-0.1428243
-0.1407719
-0.1327659
-0.1207532
-0.1103595
-0.1072225
-0.1126663
-0.1229738
-0.1332227
-0.1410904
-0.1466608
-0.1500834
-0.1508452
-0.1489100
-0.1456747
-0.1436127
-0.1445067
-0.1473659
-0.1485901
-0.1442663
-0.1289502
-0.0881762
0.0051352
0.1763417
0.4210931
0.6895604
0.9041674
1.0020393
0.9691838
0.8399215
0.6657439
0.4835630
0.3094389
0.1541291
0.0340720
-0.0376443
-0.0663277
-0.0742568
-0.0825504
-0.0969423
-0.1110698
-0.1194454
-0.1243122
-0.1310226
-0.1396681
-0.1434926
-0.1363428
-0.1206072
-0.1058788
-0.0997285
-0.1016010
-0.1058163
-0.1080031
-0.1076274
-0.1067547
-0.1083083
-0.1140949
-0.1226591
-0.1294743
-0.1300649
-0.1228146
-0.1095373
-0.0950426
-0.0855117
-0.0842049
-0.0875394
-0.0872989
-0.0781036
-0.0620568
-0.0459107
-0.0346460
-0.0274841
-0.0186853
-0.0023116
0.0224661
0.0506742
0.0766264
0.0989433
0.1202542
0.1440994
0.1734408
0.2094278
0.2485829
0.2830376
0.3075175
0.3261586
0.3492618
0.3819249
0.4169563
0.4398889
0.4414587
0.4258999
0.4064983
0.3912827
0.3734462
0.3386042
0.2821374
0.2167163
0.1615337
0.1260621
0.1045898
0.0832780
0.0508844
0.0057414
-0.0441568
-0.0876862
-0.1184937
-0.1375760
-0.1502519
-0.1625308
-0.1786954
-0.1986907
-0.2174724
-0.2295352
-0.2346858
-0.2378074
-0.2433205
-0.2515682
-0.2597574
-0.2643904
-0.2637318
-0.2601070
-0.2588911
-0.2631326
-0.2700836
-0.2747006
-0.2749622
-0.2717501
-0.2654946
-0.2558397
-0.2435825
-0.2304650
-0.2175125
-0.2049478
-0.1928272
-0.1808254
-0.1684365
-0.1554372
-0.1404933
-0.1204559
-0.0949414
-0.0712962
-0.0594438
-0.0595038
-0.0590131
-0.0460617
-0.0229709
-0.0042374
-0.0019034
-0.0135447
-0.0218849
-0.0035126
0.0618904
0.1881987
0.3814994
0.6305556
0.8921133
1.0935929
1.1667831
1.0899949
0.9002309
0.6658479
0.4469806
0.2735813
0.1475835
0.0577949
-0.0069138
-0.0544287
-0.0927073
-0.1289786
-0.1635107
-0.1893189
-0.2020559
-0.2070656
-0.2134021
-0.2239512
-0.2345031
-0.2394803
-0.2357400
-0.2239765
-0.2093642
-0.1981745
-0.1916137
-0.1855512
-0.1770385
-0.1671641
-0.1568044
-0.1445232
-0.1301750
-0.1160124
-0.1028638
-0.0894625
-0.0762421
-0.0653384
-0.0564847
-0.0471920
-0.0364038
-0.0233327
-0.0043817
0.0226220
0.0522240
0.0758001
0.0919054
0.1069137
0.1264534
0.1509621
0.1773942
0.2002736
0.2142193
0.2209517
0.2302772
0.2485863
0.2703652
0.2862850
0.2943744
0.2973410
0.2949822
0.2864367
0.2748134
0.2629031
0.2486691
0.2294110
0.2044810
0.1709210
0.1252726
0.0735754
0.0293749
-0.0028439
-0.0317126
-0.0625410
-0.0890910
-0.1062888
-0.1179752
-0.1269572
-0.1305604
-0.1301885
-0.1311838
-0.1305339
-0.1210018
-0.1090913
-0.1096144
-0.1209073
-0.1274669
-0.1279171
-0.1338235
-0.1398576
-0.1282638
-0.1072850
-0.1054042
-0.1157184
-0.0901634
-0.0119973
