-0.2976907
-0.3296326
-0.2876573
-0.2489404
-0.2418185
-0.2408226
-0.2379150
-0.2489449
-0.2594336
-0.2210676
-0.1015892
0.1015629
0.3858422
0.7340575
1.0813038
1.3351890
1.4413297
1.4086824
1.2756280
1.0786124
0.8511182
0.6238440
0.4173312
0.2454550
0.1206419
0.0417178
-0.0140929
-0.0693184
-0.1225240
-0.1602605
-0.1830361
-0.2032555
-0.2255866
-0.2457503
-0.2628798
-0.2785824
-0.2883397
-0.2860768
-0.2739251
-0.2591434
-0.2460410
-0.2366380
-0.2321307
-0.2281709
-0.2167605
-0.1982549
-0.1836094
-0.1804715
-0.1852891
-0.1918393
-0.1971733
-0.1957243
-0.1792107
-0.1485821
-0.1171025
-0.0957350
-0.0821351
-0.0678542
-0.0498535
-0.0316289
-0.0181776
-0.0114925
-0.0066642
0.0068127
0.0348181
0.0716117
0.1082231
0.1439151
0.1822146
0.2198861
0.2494870
0.2712135
0.2933774
0.3212418
0.3520430
0.3804268
0.4031519
0.4194541
0.4316976
0.4446812
0.4608840
0.4780535
0.4929331
0.5028297
0.5012444
0.4784205
0.4316436
0.3713538
0.3128253
0.2641877
0.2239247
0.1851972
0.1405336
0.0879393
0.0358313
-0.0024907
-0.0225375
-0.0338197
-0.0498448
-0.0760252
-0.1075881
-0.1350723
-0.1514605
-0.1581987
-0.1644104
-0.1760847
-0.1866947
-0.1835853
-0.1636748
-0.1380727
-0.1209520
-0.1181381
-0.1266693
-0.1409337
-0.1572987
-0.1740819
-0.1874153
-0.1887724
-0.1719345
-0.1446168
-0.1270156
-0.1327273
-0.1537442
-0.1691827
-0.1667426
-0.1515726
-0.1368010
-0.1305824
-0.1314577
-0.1318440
-0.1253556
-0.1130831
-0.1036936
-0.1072153
-0.1279757
-0.1603397
-0.1884913
-0.1943465
-0.1733315
-0.1429753
-0.1292982
-0.1420380
-0.1672629
-0.1851368
-0.1893405
-0.1868400
-0.1846639
-0.1828332
-0.1789497
-0.1748648
-0.1759774
-0.1837702
-0.1912322
-0.1892715
-0.1780889
-0.1677854
-0.1655665
-0.1674676
-0.1672514
-0.1686735
-0.1809676
-0.2026497
-0.2171029
-0.2079722
-0.1769551
-0.1443099
-0.1314298
-0.1421531
-0.1607613
-0.1689553
-0.1638690
-0.1573170
-0.1593523
-0.1683041
-0.1777991
-0.1868666
-0.1983862
-0.2113550
-0.2203829
-0.2226857
-0.2222011
-0.2258194
-0.2364496
-0.2500577
-0.2595682
-0.2615932
-0.2582959
-0.2529583
-0.2472060
-0.2442494
-0.2498023
-0.2641347
-0.2760158
-0.2718584
-0.2512867
-0.2274252
-0.2102374
-0.1958875
-0.1769735
-0.1590176
-0.1592210
-0.1861527
-0.2239901
-0.2410584
-0.2130441
-0.1315783
0.0121821
0.2407045
0.5677181
0.9555318
1.3071703
1.5191095
1.5500607
1.4385801
1.2570028
1.0540039
0.8399103
0.6153072
0.3998393
0.2272841
0.1167059
0.0562332
0.0174524
-0.0193930
-0.0579026
-0.0963086
-0.1350293
-0.1720857
-0.1996872
-0.2118624
-0.2131869
-0.2153252
-0.2246674
-0.2355395
-0.2363335
-0.2219149
-0.1996564
-0.1829160
-0.1789405
-0.1842529
-0.1908964
-0.1935277
-0.1895203
-0.1773536
-0.1599291
-0.1470498
-0.1482094
-0.1610553
-0.1703948
-0.1614800
-0.1342693
-0.1038184
-0.0860225
-0.0822951
-0.0784942
-0.0598199
-0.0260919
0.0092372
0.0338906
0.0473462
0.0573934
0.0714112
0.0935671
0.1265933
0.1711218
0.2225648
0.2710149
0.3063217
0.3250968
0.3341676
0.3461953
0.3691785
0.3992453
0.4248778
0.4385119
0.4430402
0.4470057
0.4542227
0.4576968
0.4434472
0.4024466
0.3410752
0.2787270
0.2325085
0.2038841
0.1807846
0.1510400
0.1120578
0.0696523
0.0314054
0.0016023
-0.0203360
-0.0386260
-0.0582577
-0.0823883
-0.1110871
-0.1409162
-0.1657140
-0.1798408
-0.1821602
-0.1768112
-0.1705929
-0.1704780
-0.1817142
-0.2040810
-0.2287273
-0.2420488
-0.2359337
-0.2143493
-0.1895465
-0.1727544
-0.1682112
-0.1733589
-0.1824373
-0.1901200
-0.1931313
-0.1898933
-0.1805248
-0.1681205
-0.1582447
-0.1546729
-0.1557106
-0.1563033
-0.1536174
-0.1492823
-0.1466579
-0.1475454
-0.1515602
-0.1573663
-0.1639450
-0.1706530
-0.1758346
-0.1763929
-0.1711030
-0.1646456
-0.1652369
-0.1760120
-0.1905227
-0.1990808
-0.1985103
-0.1937016
-0.1908081
-0.1917958
-0.1957094
-0.2020840
-0.2102937
-0.2159563
-0.2115263
-0.1942965
-0.1739013
-0.1673062
-0.1820974
-0.2057504
-0.2152432
-0.1980657
-0.1621905
-0.1268717
-0.1076752
-0.1101602
-0.1315365
-0.1625611
-0.1889497
-0.1971809
-0.1841932
-0.1623060
-0.1517582
-0.1646669
-0.1947844
-0.2238880
-0.2386892
-0.2406775
-0.2403015
-0.2450231
-0.2546525
-0.2649482
-0.2716260
-0.2715000
-0.2637549
-0.2521263
-0.2442756
-0.2464645
-0.2573840
-0.2675246
-0.2667060
-0.2541136
-0.2398149
-0.2334944
-0.2316932
-0.2199283
-0.1900033
-0.1533608
-0.1338941
-0.1462498
-0.1813207
-0.2121288
-0.2116085
-0.1626541
-0.0520250
0.1382583
0.4215714
0.7800558
1.1487821
1.4366379
1.5745685
1.5519136
1.4114410
1.2118946
0.9930695
0.7696844
0.5497089
0.3509344
0.1961625
0.0942037
0.0310836
-0.0165526
-0.0606567
-0.0965465
-0.1166965
-0.1252837
-0.1363624
-0.1585394
-0.1843658
-0.1975683
-0.1913211
-0.1771445
-0.1732962
-0.1852194
-0.2004689
-0.2032459
-0.1908090
-0.1741284
-0.1653323
-0.1674694
-0.1750113
-0.1803397
-0.1784724
-0.1683328
-0.1531432
-0.1402691
-0.1373755
-0.1446596
-0.1507602
-0.1405590
-0.1101076
-0.0718910
-0.0421212
-0.0238625
-0.0061906
0.0202467
0.0512168
0.0747177
0.0861694
0.0942466
0.1113978
0.1411374
0.1764951
0.2097283
0.2402575
0.2714850
0.3025831
0.3278485
0.3448110
0.3593341
0.3800844
0.4093772
0.4414500
0.4687049
0.4875268
0.4981475
0.5006703
0.4924401
0.4698434
0.4332739
0.3899409
0.3497700
0.3167125
0.2843547
0.2417964
0.1852026
0.1236077
0.0721975
0.0387140
0.0169037
-0.0052367
-0.0314609
-0.0546247
-0.0687913
-0.0795244
-0.0974589
-0.1234062
-0.1459167
-0.1555364
-0.1568022
-0.1616967
-0.1731395
-0.1805208
-0.1736995
-0.1576483
-0.1482062
-0.1531550
-0.1624599
-0.1609340
-0.1478330
-0.1383833
-0.1454495
-0.1648106
-0.1813668
-0.1860663
-0.1821077
-0.1760257
-0.1683410
-0.1554805
-0.1380420
-0.1232827
-0.1186059
-0.1243598
-0.1345350
-0.1438291
-0.1519742
-0.1605288
-0.1674688
-0.1673537
-0.1571473
-0.1410827
-0.1297104
-0.1335434
-0.1548343
-0.1831870
-0.2010292
-0.1977984
-0.1804385
-0.1676574
-0.1716157
-0.1857644
-0.1921203
-0.1805561
-0.1600529
-0.1505240
-0.1636319
-0.1915127
-0.2137252
-0.2147960
-0.1960605
-0.1731846
-0.1637804
-0.1748129
-0.1972394
-0.2116767
-0.2031445
-0.1741239
-0.1430057
-0.1277793
-0.1309409
-0.1406360
-0.1448580
-0.1422859
-0.1399132
-0.1435887
-0.1534091
-0.1671160
-0.1841344
-0.2036762
-0.2204138
-0.2262469
-0.2185668
-0.2048891
-0.1967742
-0.1997995
-0.2115240
-0.2282274
-0.2497074
-0.2755163
-0.2989291
-0.3086342
-0.2984346
-0.2747960
-0.2530304
-0.2444548
-0.2471739
-0.2503600
-0.2472064
-0.2413773
-0.2394678
-0.2395350
-0.2311848
-0.2085380
-0.1808954
-0.1670871
-0.1772916
-0.2007503
-0.2124912
-0.1912691
-0.1276461
-0.0135041
0.1696360
0.4396735
0.7831132
1.1371754
1.4119613
1.5403147
1.5132581
1.3723509
1.1718859
0.9488061
0.7224918
0.5111581
0.3371791
0.2139247
0.1334023
0.0730765
0.0152669
-0.0421489
-0.0919343
-0.1287649
-0.1527392
-0.1663677
-0.1730475
-0.1780131
-0.1864195
-0.1980166
-0.2056453
-0.2023496
-0.1905205
-0.1813443
-0.1831799
-0.1920747
-0.1965956
-0.1914363
-0.1825713
-0.1777177
-0.1753815
-0.1673198
-0.1509853
-0.1351887
-0.1307899
-0.1369307
-0.1393062
-0.1238650
-0.0919622
-0.0602284
-0.0441178
-0.0421884
-0.0381714
-0.0185010
0.0141187
0.0455247
0.0667971
0.0837789
0.1094231
0.1484355
0.1918069
0.2270144
0.2513676
0.2726919
0.2977449
0.3242648
0.3468542
0.3675130
0.3951717
0.4338691
0.4749231
0.5035308
0.5123428
0.5070175
0.4990757
0.4949378
0.4916591
0.4809005
0.4553339
0.4128370
0.3582814
0.3028350
0.2585242
0.2291730
0.2060041
0.1749234
0.1298269
0.0778146
0.0311218
-0.0038421
-0.0284475
-0.0461552
-0.0591053
-0.0702313
-0.0843378
-0.1035758
-0.1228675
-0.1333774
-0.1320900
-0.1260042
-0.1245509
-0.1288027
-0.1311651
-0.1260966
-0.1178282
-0.1153653
-0.1223813
-0.1352853
-0.1495322
-0.1629120
-0.1717899
-0.1694834
-0.1534971
-0.1331000
-0.1241440
-0.1333542
-0.1500840
-0.1571623
-0.1494941
-0.1383667
-0.1364684
-0.1430161
-0.1478908
-0.1478190
-0.1511299
-0.1638029
-0.1765537
-0.1727651
-0.1492199
-0.1233599
-0.1166399
-0.1327959
-0.1556115
-0.1672028
-0.1648674
-0.1589413
-0.1579997
-0.1607956
-0.1622328
-0.1617869
-0.1622897
-0.1630453
-0.1594558
-0.1505582
-0.1431504
-0.1453182
-0.1568055
-0.1682673
-0.1705816
-0.1637572
-0.1561608
-0.1557616
-0.1627982
-0.1703125
-0.1702576
-0.1585852
-0.1363526
-0.1089118
-0.0849199
-0.0737696
-0.0806562
-0.1024483
-0.1285030
-0.1467644
-0.1513962
-0.1469838
-0.1456364
-0.1574079
-0.1808145
-0.2027496
-0.2097102
-0.2003138
-0.1864239
-0.1817237
-0.1900472
-0.2055314
-0.2224544
-0.2410616
-0.2615030
-0.2752164
-0.2692345
-0.2427179
-0.2152775
-0.2116771
-0.2358532
-0.2639698
-0.2670652
-0.2395946
-0.2027322
-0.1803843
-0.1764200
-0.1775403
-0.1741449
-0.1714759
-0.1787539
-0.1932928
-0.2009319
-0.1887579
-0.1475746
-0.0581379
0.1148218
0.3980512
0.7698520
1.1482076
1.4294098
1.5488066
1.5114284
1.3701164
1.1789573
0.9667910
0.7458549
0.5321577
0.3491275
0.2132524
0.1225647
0.0616261
0.0152534
-0.0239966
-0.0582076
-0.0887439
-0.1169903
-0.1425652
-0.1630132
-0.1758865
-0.1810889
-0.1813609
-0.1805045
-0.1805709
-0.1801221
-0.1754307
-0.1645336
-0.1509172
-0.1424008
-0.1446814
-0.1554595
-0.1659015
-0.1683826
-0.1620567
-0.1509656
-0.1389340
-0.1279729
-0.1197462
-0.1148495
-0.1097107
-0.0971495
-0.0730320
-0.0422325
-0.0158281
-0.0013016
0.0037656
0.0079888
0.0178596
0.0347401
0.0585488
0.0901300
0.1277914
0.1646096
0.1940709
0.2190157
0.2509996
0.2977802
0.3528060
0.3997096
0.4270356
0.4368403
0.4395831
0.4439692
0.4532649
0.4679959
0.4866680
0.5023437
0.5030151
0.4809308
0.4422703
0.4037846
0.3771670
0.3580874
0.3326098
0.2931012
0.2451532
0.1994388
0.1604349
0.1248695
0.0885145
0.0509244
0.0137816
-0.0217050
-0.0534205
-0.0764492
-0.0866268
-0.0873016
-0.0898462
-0.1042468
-0.1290318
-0.1523666
-0.1635127
-0.1619094
-0.1550667
-0.1500409
-0.1486598
-0.1492149
-0.1494070
-0.1467843
-0.1388146
-0.1253536
-0.1112993
-0.1047221
-0.1102472
-0.1238526
-0.1352427
-0.1365356
-0.1292493
-0.1231418
-0.1282720
-0.1471085
-0.1723094
-0.1910976
-0.1931547
-0.1769286
-0.1501050
-0.1243465
-0.1089416
-0.1076251
-0.1184460
-0.1346950
-0.1474604
-0.1512060
-0.1491558
-0.1517278
-0.1666332
-0.1895099
-0.2060519
-0.2053284
-0.1909379
-0.1777707
-0.1777304
-0.1898760
-0.2043172
-0.2127824
-0.2131298
-0.2060387
-0.1926868
-0.1775252
-0.1691210
-0.1729811
-0.1830716
-0.1842488
-0.1660747
-0.1337957
-0.1040365
-0.0896413
-0.0898006
-0.0946493
-0.0972387
-0.0995508
-0.1083734
-0.1280017
-0.1569568
-0.1887884
-0.2141816
-0.2245933
-0.2180301
-0.2028158
-0.1936408
-0.2010818
-0.2235722
-0.2492725
-0.2657853
-0.2688465
-0.2634412
-0.2582566
-0.2591205
-0.2659022
-0.2734123
-0.2746293
-0.2648005
-0.2450006
-0.2226516
-0.2070663
-0.2021017
-0.2021084
-0.1961682
-0.1786299
-0.1570077
-0.1485267
-0.1657932
-0.2032918
-0.2378057
-0.2428816
-0.2022327
-0.1081518
0.0498359
0.2859792
0.5991952
0.9507067
1.2665233
1.4718420
1.5315806
1.4627552
1.3109007
1.1161814
0.8998711
0.6755621
0.4633570
0.2874996
0.1614304
0.0791681
0.0228877
-0.0221072
-0.0599580
-0.0889611
-0.1102559
-0.1302850
-0.1551211
-0.1835753
-0.2069128
-0.2160438
-0.2095593
-0.1951985
-0.1836106
-0.1802270
-0.1823094
-0.1830807
-0.1784264
-0.1699641
-0.1625886
-0.1599864
-0.1623826
-0.1671942
-0.1706001
-0.1689612
-0.1604899
-0.1467145
-0.1320600
-0.1211059
-0.1153961
-0.1120331
-0.1048295
-0.0876556
-0.0588040
-0.0236808
0.0074555
0.0268410
0.0363019
0.0469932
0.0704033
0.1080977
0.1501958
0.1846128
0.2080502
0.2277456
0.2528616
0.2851978
0.3186245
0.3464423
0.3679226
0.3875695
0.4089824
0.4302226
0.4452137
0.4494186
0.4440032
0.4344023
0.4248100
0.4140774
0.3968736
0.3686917
0.3298861
0.2854474
0.2414517
0.2017134
0.1670525
0.1365079
0.1083138
0.0799637
0.0487951
0.0139733
-0.0218528
-0.0537090
-0.0780028
-0.0954480
-0.1102465
-0.1260329
-0.1421546
-0.1537740
-0.1560447
-0.1487943
-0.1373415
-0.1286707
-0.1267748
-0.1313802
-0.1400377
-0.1501001
-0.1586736
-0.1625445
-0.1603753
-0.1552569
-0.1530666
-0.1561909
-0.1592732
-0.1538789
-0.1391388
-0.1260747
-0.1278888
-0.1447647
-0.1607299
-0.1585487
-0.1378312
-0.1162385
-0.1116404
-0.1242956
-0.1379697
-0.1376775
-0.1240956
-0.1102778
-0.1069783
-0.1138055
-0.1234963
-0.1305768
-0.1336248
-0.1319764
-0.1251388
-0.1166546
-0.1147676
-0.1249344
-0.1412956
-0.1488376
-0.1372050
-0.1128840
-0.0960778
-0.1036487
-0.1339826
-0.1680767
-0.1855108
-0.1805105
-0.1646441
-0.1556147
-0.1628063
-0.1807847
-0.1940223
-0.1878229
-0.1575894
-0.1114060
-0.0658008
-0.0378154
-0.0371592
-0.0616783
-0.0985032
-0.1310691
-0.1484863
-0.1512117
-0.1488885
-0.1519549
-0.1635129
-0.1777511
-0.1859189
-0.1845839
-0.1789086
-0.1781160
-0.1875898
-0.2051462
-0.2244379
-0.2408513
-0.2531297
-0.2598946
-0.2571597
-0.2418941
-0.2181755
-0.1972041
-0.1885826
-0.1916242
-0.1972604
-0.1990617
-0.2000521
-0.2064601
-0.2163144
-0.2186294
-0.2062398
-0.1869555
-0.1776017
-0.1856256
-0.1987112
-0.1934939
-0.1508589
-0.0581269
0.1013216
0.3484947
0.6850050
1.0640325
1.3927999
1.5781851
1.5821521
1.4391941
1.2225414
0.9932411
0.7764923
0.5755843
0.3960668
0.2509215
0.1467640
0.0736951
0.0133915
-0.0440329
-0.0936002
-0.1251488
-0.1368515
-0.1383092
-0.1419722
-0.1531433
-0.1678647
-0.1788033
-0.1824495
-0.1815918
-0.1821939
-0.1881540
-0.1981804
-0.2067331
-0.2078786
-0.1991507
-0.1830023
-0.1653494
-0.1524047
-0.1475140
-0.1494502
-0.1531489
-0.1529006
-0.1462674
-0.1357335
-0.1262655
-0.1203774
-0.1148977
-0.1026082
-0.0778692
-0.0418094
-0.0026536
0.0296023
0.0503305
0.0634301
0.0776044
0.0989046
0.1264924
0.1556593
0.1844853
0.2161443
0.2535864
0.2928761
0.3245488
0.3436030
0.3571494
0.3789200
0.4141498
0.4512428
0.4714980
0.4683538
0.4552875
0.4524407
0.4654209
0.4790225
0.4724960
0.4395959
