-0.1399097
-0.2357537
-0.1360214
-0.0891008
-0.1385645
-0.1503944
-0.0992074
-0.0931855
-0.1583367
-0.2028553
-0.1887542
-0.1737404
-0.1813722
-0.1690541
-0.1307425
-0.1142287
-0.1300327
-0.1395980
-0.1340293
-0.1412260
-0.1610424
-0.1680604
-0.1679298
-0.1831114
-0.1976296
-0.1795691
-0.1423140
-0.1253101
-0.1312379
-0.1343086
-0.1308766
-0.1332119
-0.1337993
-0.1207274
-0.1084959
-0.1146558
-0.1271790
-0.1283359
-0.1265383
-0.1339788
-0.1390314
-0.1300464
-0.1208946
-0.1264804
-0.1371708
-0.1390959
-0.1349317
-0.1272318
-0.1079359
-0.0795605
-0.0594816
-0.0506686
-0.0366093
-0.0160515
-0.0125562
-0.0369219
-0.0670984
-0.0772278
-0.0648855
-0.0438900
-0.0316873
-0.0449808
-0.0844430
-0.1236182
-0.1352956
-0.1262787
-0.1241567
-0.1362133
-0.1467047
-0.1489865
-0.1533654
-0.1648379
-0.1757408
-0.1793481
-0.1739225
-0.1586155
-0.1402795
-0.1353304
-0.1495346
-0.1658535
-0.1663902
-0.1551083
-0.1462606
-0.1440002
-0.1460764
-0.1525644
-0.1574820
-0.1467770
-0.1184416
-0.0912009
-0.0810288
-0.0815286
-0.0769802
-0.0601307
-0.0252140
0.0463307
0.1831006
0.4086688
0.7219930
1.0759772
1.3795723
1.5460499
1.5493568
1.4244026
1.2175071
0.9563656
0.6661812
0.3879577
0.1659915
0.0241177
-0.0438728
-0.0678902
-0.0820686
-0.1003229
-0.1125742
-0.1106625
-0.1079837
-0.1224066
-0.1502353
-0.1721471
-0.1782992
-0.1742739
-0.1681691
-0.1638926
-0.1621277
-0.1584326
-0.1461956
-0.1284876
-0.1186617
-0.1222655
-0.1279884
-0.1240430
-0.1139899
-0.1086203
-0.1103565
-0.1120718
-0.1046505
-0.0831905
-0.0543154
-0.0375057
-0.0466382
-0.0679101
-0.0688821
-0.0336594
0.0207798
0.0651139
0.0844905
0.0846157
0.0828728
0.0958327
0.1267189
0.1638221
0.1969177
0.2312563
0.2769364
0.3298912
0.3750979
0.4059036
0.4297198
0.4566483
0.4911732
0.5323281
0.5741768
0.6087233
0.6336328
0.6522254
0.6619705
0.6520326
0.6193728
0.5786621
0.5470893
0.5249347
0.4982047
0.4551534
0.3947882
0.3249374
0.2568741
0.1968510
0.1403489
0.0804003
0.0217206
-0.0221895
-0.0468667
-0.0618991
-0.0761840
-0.0881327
-0.0938466
-0.0966399
-0.1046636
-0.1239495
-0.1536009
-0.1822226
-0.1919947
-0.1752195
-0.1460258
-0.1277192
-0.1291301
-0.1397226
-0.1454195
-0.1420801
-0.1359632
-0.1378399
-0.1540117
-0.1771646
-0.1899384
-0.1837362
-0.1697706
-0.1652234
-0.1727781
-0.1801465
-0.1761170
-0.1615798
-0.1478119
-0.1472046
-0.1613044
-0.1758594
-0.1739761
-0.1567007
-0.1433792
-0.1484496
-0.1650955
-0.1753838
-0.1696825
-0.1524491
-0.1351622
-0.1272778
-0.1295175
-0.1338610
-0.1335603
-0.1319171
-0.1356116
-0.1417885
-0.1404051
-0.1294661
-0.1198629
-0.1233114
-0.1405642
-0.1615791
-0.1732867
-0.1694416
-0.1577459
-0.1542966
-0.1656310
-0.1797982
-0.1811689
-0.1704020
-0.1629419
-0.1701839
-0.1880125
-0.2019603
-0.1993041
-0.1789496
-0.1535005
-0.1388168
-0.1387127
-0.1434670
-0.1447560
-0.1457898
-0.1535337
-0.1671166
-0.1784866
-0.1806153
-0.1724623
-0.1599366
-0.1531497
-0.1574315
-0.1658577
-0.1662547
-0.1565992
-0.1474583
-0.1477905
-0.1539163
-0.1539018
-0.1382259
-0.1061609
-0.0671858
-0.0367183
-0.0255855
-0.0325582
-0.0491088
-0.0686353
-0.0873397
-0.1005286
-0.1051253
-0.1044263
-0.1049997
-0.1100312
-0.1190954
-0.1310548
-0.1427990
-0.1490345
-0.1488631
-0.1496993
-0.1593266
-0.1759024
-0.1899706
-0.1948017
-0.1919694
-0.1885840
-0.1905706
-0.1962898
-0.1967273
-0.1858674
-0.1702133
-0.1622264
-0.1645421
-0.1679171
-0.1655783
-0.1609873
-0.1579397
-0.1509170
-0.1320448
-0.1046704
-0.0847234
-0.0873078
-0.1109264
-0.1326741
-0.1192484
-0.0441821
0.1060872
0.3388984
0.6538413
1.0222502
1.3727350
1.6131417
1.6786219
1.5641138
1.3179459
1.0104670
0.7036305
0.4362775
0.2262779
0.0798167
-0.0052715
-0.0430379
-0.0573317
-0.0695869
-0.0891679
-0.1153894
-0.1431292
-0.1641273
-0.1697130
-0.1588236
-0.1414963
-0.1308064
-0.1323581
-0.1423814
-0.1530491
-0.1586380
-0.1595419
-0.1607955
-0.1639848
-0.1622615
-0.1486116
-0.1282030
-0.1156555
-0.1181915
-0.1266098
-0.1253734
-0.1085560
-0.0845405
-0.0671617
-0.0623412
-0.0618773
-0.0518047
-0.0283624
-0.0023917
0.0147900
0.0254176
0.0403279
0.0637457
0.0896266
0.1121045
0.1338410
0.1629130
0.2039822
0.2526417
0.2977287
0.3310550
0.3556486
0.3819232
0.4157492
0.4545262
0.4951466
0.5391235
0.5864108
0.6294812
0.6586953
0.6715657
0.6735999
0.6713291
0.6660253
0.6527892
0.6253313
0.5831995
0.5334682
0.4831307
0.4319074
0.3761660
0.3173174
0.2605790
0.2066586
0.1513335
0.0943345
0.0431176
0.0052342
-0.0201602
-0.0413337
-0.0655463
-0.0917975
-0.1119103
-0.1205320
-0.1237497
-0.1333227
-0.1508363
-0.1634235
-0.1598811
-0.1467462
-0.1421774
-0.1552807
-0.1765358
-0.1888761
-0.1851901
-0.1743884
-0.1712934
-0.1806349
-0.1921108
-0.1930857
-0.1839673
-0.1762502
-0.1763491
-0.1781465
-0.1735560
-0.1645500
-0.1605789
-0.1670937
-0.1800401
-0.1904397
-0.1925517
-0.1880797
-0.1827513
-0.1788752
-0.1735616
-0.1656985
-0.1608277
-0.1647448
-0.1746525
-0.1817249
-0.1813626
-0.1762296
-0.1699171
-0.1627492
-0.1548605
-0.1496468
-0.1518875
-0.1627438
-0.1764780
-0.1827412
-0.1749936
-0.1577785
-0.1429112
-0.1373942
-0.1384331
-0.1413646
-0.1472286
-0.1585560
-0.1712656
-0.1761207
-0.1684853
-0.1543915
-0.1463794
-0.1526114
-0.1683338
-0.1789743
-0.1748010
-0.1621326
-0.1563701
-0.1639410
-0.1753026
-0.1766720
-0.1648085
-0.1486123
-0.1388897
-0.1379604
-0.1376933
-0.1274584
-0.1055660
-0.0824783
-0.0711867
-0.0752538
-0.0873542
-0.0970673
-0.0979722
-0.0905664
-0.0829090
-0.0870540
-0.1099872
-0.1466054
-0.1827484
-0.2046760
-0.2057935
-0.1883672
-0.1626417
-0.1426076
-0.1382849
-0.1503098
-0.1716577
-0.1934635
-0.2095984
-0.2185420
-0.2222036
-0.2217839
-0.2155203
-0.2029674
-0.1897852
-0.1830744
-0.1817083
-0.1771324
-0.1660920
-0.1571828
-0.1598896
-0.1695631
-0.1688901
-0.1465792
-0.1129860
-0.0937674
-0.1045131
-0.1306513
-0.1340292
-0.0786929
0.0534333
0.2693889
0.5721565
0.9446917
1.3263723
1.6196167
1.7356689
1.6445642
1.3885458
1.0524957
0.7189709
0.4396965
0.2336157
0.0981927
0.0179531
-0.0299340
-0.0650452
-0.0926713
-0.1069494
-0.1073528
-0.1072830
-0.1219505
-0.1506961
-0.1764508
-0.1830569
-0.1709183
-0.1555528
-0.1519897
-0.1608046
-0.1695026
-0.1674111
-0.1570699
-0.1490809
-0.1480955
-0.1478856
-0.1396827
-0.1215117
-0.0988920
-0.0794943
-0.0676963
-0.0616765
-0.0549593
-0.0425215
-0.0257617
-0.0104511
-0.0004114
0.0056750
0.0125191
0.0248265
0.0440937
0.0669541
0.0881165
0.1066202
0.1275565
0.1559419
0.1908947
0.2280285
0.2657436
0.3063228
0.3512967
0.3976528
0.4390192
0.4710168
0.4968518
0.5269014
0.5694523
0.6206556
0.6661061
0.6937956
0.7039043
0.7051320
0.7033149
0.6946839
0.6694406
0.6224191
0.5618049
0.5060015
0.4682519
0.4434897
0.4126022
0.3605254
0.2892968
0.2144394
0.1509600
0.1024759
0.0613303
0.0183993
-0.0264912
-0.0642399
-0.0870478
-0.0978019
-0.1074821
-0.1244031
-0.1471837
-0.1668483
-0.1747488
-0.1704605
-0.1635193
-0.1653775
-0.1776356
-0.1898576
-0.1910107
-0.1816275
-0.1725777
-0.1728217
-0.1805729
-0.1868405
-0.1867753
-0.1864268
-0.1963197
-0.2171253
-0.2343801
-0.2316757
-0.2089224
-0.1834625
-0.1720136
-0.1750184
-0.1806821
-0.1813561
-0.1821682
-0.1929842
-0.2136185
-0.2294157
-0.2239806
-0.1967559
-0.1653250
-0.1483783
-0.1485741
-0.1545747
-0.1573075
-0.1594743
-0.1688767
-0.1863597
-0.2027948
-0.2074678
-0.1987535
-0.1861770
-0.1810758
-0.1852326
-0.1902422
-0.1882321
-0.1808070
-0.1762273
-0.1797520
-0.1882391
-0.1928852
-0.1864617
-0.1697880
-0.1523916
-0.1452188
-0.1512706
-0.1640744
-0.1753588
-0.1823319
-0.1868681
-0.1897625
-0.1877679
-0.1764675
-0.1561724
-0.1348580
-0.1229158
-0.1223159
-0.1221456
-0.1087899
-0.0818666
-0.0578565
-0.0558977
-0.0794701
-0.1116854
-0.1289835
-0.1218591
-0.1040231
-0.0998520
-0.1207412
-0.1543008
-0.1777736
-0.1804047
-0.1709281
-0.1652370
-0.1703530
-0.1807360
-0.1874095
-0.1883635
-0.1895237
-0.1963391
-0.2065799
-0.2133888
-0.2142918
-0.2139960
-0.2178360
-0.2253034
-0.2311757
-0.2307869
-0.2231586
-0.2111781
-0.1998964
-0.1923838
-0.1855745
-0.1723501
-0.1506718
-0.1302688
-0.1269569
-0.1470673
-0.1767515
-0.1892152
-0.1654770
-0.1061490
-0.0167647
0.1189083
0.3393561
0.6641312
1.0478637
1.3841922
1.5677643
1.5608227
1.4046585
1.1720290
0.9127961
0.6434045
0.3773576
0.1490731
-0.0029776
-0.0735044
-0.0992858
-0.1244958
-0.1604127
-0.1837606
-0.1721297
-0.1348955
-0.1075370
-0.1184539
-0.1634886
-0.2120154
-0.2358886
-0.2316185
-0.2162553
-0.2061059
-0.2026099
-0.1969299
-0.1833158
-0.1659654
-0.1547710
-0.1558294
-0.1653366
-0.1724597
-0.1692078
-0.1575219
-0.1456724
-0.1381937
-0.1312057
-0.1180338
-0.0980960
-0.0792222
-0.0706025
-0.0724528
-0.0728712
-0.0575756
-0.0248919
0.0102412
0.0297223
0.0300953
0.0262728
0.0382490
0.0746842
0.1276801
0.1810186
0.2232383
0.2545698
0.2832490
0.3167363
0.3569357
0.4017516
0.4480273
0.4925854
0.5330381
0.5688127
0.5996929
0.6225336
0.6315113
0.6234389
0.6019414
0.5748242
0.5471925
0.5175123
0.4803237
0.4328477
0.3788341
0.3249964
0.2734655
0.2198848
0.1608971
0.1018337
0.0534287
0.0201088
-0.0061092
-0.0381278
-0.0800934
-0.1216672
-0.1467481
-0.1492830
-0.1407216
-0.1402146
-0.1564465
-0.1803693
-0.1965495
-0.1995456
-0.1970545
-0.1984945
-0.2039208
-0.2054203
-0.1979326
-0.1866562
-0.1824238
-0.1896442
-0.2004794
-0.2029974
-0.1948480
-0.1867071
-0.1912859
-0.2098798
-0.2299501
-0.2351080
-0.2183729
-0.1883850
-0.1635673
-0.1579279
-0.1700498
-0.1854686
-0.1903765
-0.1836276
-0.1762937
-0.1800293
-0.1949811
-0.2082022
-0.2049630
-0.1832553
-0.1569669
-0.1436102
-0.1489823
-0.1641887
-0.1761883
-0.1793369
-0.1772909
-0.1762999
-0.1781879
-0.1793559
-0.1754261
-0.1659889
-0.1548525
-0.1469993
-0.1463273
-0.1545661
-0.1691566
-0.1822972
-0.1861905
-0.1817908
-0.1798430
-0.1895822
-0.2066599
-0.2154890
-0.2052589
-0.1823321
-0.1646930
-0.1637305
-0.1732967
-0.1786189
-0.1747387
-0.1719524
-0.1810472
-0.1968946
-0.2018994
-0.1859224
-0.1586836
-0.1402750
-0.1411120
-0.1526224
-0.1562319
-0.1400642
-0.1082825
-0.0770478
-0.0624544
-0.0701011
-0.0922259
-0.1127223
-0.1174693
-0.1049693
-0.0891080
-0.0887669
-0.1113267
-0.1460493
-0.1745720
-0.1871798
-0.1879721
-0.1859650
-0.1844857
-0.1806145
-0.1733509
-0.1693214
-0.1779785
-0.2006605
-0.2262889
-0.2402280
-0.2376266
-0.2268089
-0.2197198
-0.2205201
-0.2233008
-0.2187517
-0.2024762
-0.1791972
-0.1607233
-0.1579732
-0.1711436
-0.1860964
-0.1831004
-0.1541675
-0.1145705
-0.0945086
-0.1132547
-0.1579831
-0.1892702
-0.1688020
-0.0799874
0.0784081
0.3103033
0.6203939
0.9866789
1.3393416
1.5797327
1.6339910
1.4979611
1.2348169
0.9298081
0.6435304
0.3992712
0.2013643
0.0542494
-0.0376246
-0.0805764
-0.0942016
-0.1008547
-0.1132156
-0.1309539
-0.1468739
-0.1554042
-0.1568435
-0.1559480
-0.1578989
-0.1650889
-0.1757977
-0.1848398
-0.1868709
-0.1811718
-0.1731611
-0.1694811
-0.1710166
-0.1718470
-0.1657007
-0.1527713
-0.1395658
-0.1322128
-0.1302375
-0.1271800
-0.1176601
-0.1035121
-0.0917997
-0.0863344
-0.0823994
-0.0711510
-0.0488969
-0.0211260
0.0024689
0.0164871
0.0240836
0.0339845
0.0533690
0.0828366
0.1175305
0.1525357
0.1868493
0.2227345
0.2624016
0.3055208
0.3491512
0.3899540
0.4272922
0.4642144
0.5042297
0.5465097
0.5850132
0.6130486
0.6286022
0.6352589
0.6384890
0.6409632
0.6403836
0.6310223
0.6077247
0.5695572
0.5207088
0.4682184
0.4176939
0.3692859
0.3173883
0.2561849
0.1872174
0.1206569
0.0671676
0.0283072
-0.0037694
-0.0368524
-0.0701977
-0.0963814
-0.1110084
-0.1191008
-0.1306009
-0.1494742
-0.1686267
-0.1770773
-0.1719476
-0.1619274
-0.1585962
-0.1656217
-0.1770542
-0.1847249
-0.1857093
-0.1830482
-0.1811114
-0.1814519
-0.1827156
-0.1831488
-0.1820707
-0.1792609
-0.1745843
-0.1692277
-0.1661977
-0.1677811
-0.1723632
-0.1750699
-0.1722704
-0.1651053
-0.1584692
-0.1568957
-0.1611880
-0.1681082
-0.1729020
-0.1726747
-0.1681654
-0.1628636
-0.1606257
-0.1635588
-0.1709125
-0.1792263
-0.1841435
-0.1832225
-0.1774683
-0.1699918
-0.1629946
-0.1558974
-0.1464296
-0.1341355
-0.1232813
-0.1212624
-0.1320192
-0.1503060
-0.1642038
-0.1654068
-0.1572377
-0.1512901
-0.1554237
-0.1654820
-0.1696124
-0.1609488
-0.1454112
-0.1361545
-0.1403182
-0.1521497
-0.1595481
-0.1563287
-0.1470893
-0.1409437
-0.1422823
-0.1478183
-0.1509426
-0.1477807
-0.1398480
-0.1324117
-0.1306695
-0.1363086
-0.1461260
-0.1533871
-0.1515775
-0.1385646
-0.1179354
-0.0959945
-0.0773103
-0.0635194
-0.0559270
-0.0572418
-0.0689903
-0.0875766
-0.1048546
-0.1143462
-0.1175304
-0.1235277
-0.1411135
-0.1692238
-0.1947017
-0.2009829
-0.1819577
-0.1494943
-0.1270699
-0.1331155
-0.1668726
-0.2087461
-0.2358020
-0.2396575
-0.2309396
-0.2266320
-0.2332506
-0.2423822
-0.2414451
-0.2269396
-0.2068752
-0.1921107
-0.1869816
-0.1874767
-0.1859895
-0.1768853
-0.1596993
-0.1400657
-0.1276430
-0.1294840
-0.1418737
-0.1488738
-0.1311665
-0.0759484
0.0250635
0.1869419
0.4318779
0.7650954
1.1433800
1.4725605
1.6500321
1.6245458
1.4244400
1.1320359
0.8298615
0.5647159
0.3503275
0.1894932
0.0849341
0.0314220
0.0076675
-0.0149353
-0.0524608
-0.0980602
-0.1320248
-0.1420791
-0.1342611
-0.1255130
-0.1273004
-0.1367868
-0.1426641
-0.1379006
-0.1264963
-0.1191952
-0.1239365
-0.1398614
-0.1584242
-0.1689939
-0.1646943
-0.1459403
-0.1205419
-0.0996875
-0.0908525
-0.0921119
-0.0934313
-0.0854536
-0.0684179
-0.0521400
-0.0462494
-0.0501125
-0.0525396
-0.0413929
-0.0135288
0.0238302
0.0600404
0.0887813
0.1103669
0.1289558
0.1489757
0.1734292
0.2034424
0.2380297
0.2747130
0.3114498
0.3480935
0.3853429
0.4224080
0.4570708
0.4891100
0.5228421
0.5639908
0.6123784
0.6581998
0.6876430
0.6940682
0.6839766
0.6710428
0.6632579
0.6555102
0.6348408
0.5932169
0.5354803
0.4750371
0.4217385
0.3737785
0.3214167
0.2587710
