0.7520940
0.7688264
0.7783430
0.7675669
0.7326562
0.6838919
0.6344319
0.5853128
0.5252461
0.4470823
0.3617416
0.2912102
0.2463372
0.2146506
0.1734483
0.1141068
0.0498865
-0.0010766
-0.0362973
-0.0681263
-0.1038455
-0.1331262
-0.1400627
-0.1254210
-0.1105139
-0.1159820
-0.1401481
-0.1630592
-0.1711633
-0.1722353
-0.1825019
-0.2028494
-0.2149155
-0.2030796
-0.1755453
-0.1578594
-0.1655592
-0.1881697
-0.2030159
-0.2013646
-0.1955317
-0.2001291
-0.2122153
-0.2147838
-0.1978986
-0.1707025
-0.1507408
-0.1455286
-0.1486323
-0.1518667
-0.1553498
-0.1630313
-0.1725299
-0.1752794
-0.1675093
-0.1567314
-0.1540311
-0.1615859
-0.1712414
-0.1751977
-0.1742298
-0.1732930
-0.1721088
-0.1649141
-0.1502970
-0.1371976
-0.1370352
-0.1499960
-0.1625014
-0.1606160
-0.1450384
-0.1305734
-0.1303750
-0.1424327
-0.1528172
-0.1510639
-0.1402263
-0.1315820
-0.1317560
-0.1374076
-0.1423033
-0.1466658
-0.1565272
-0.1735456
-0.1882657
-0.1869145
-0.1659832
-0.1383482
-0.1227595
-0.1268729
-0.1415257
-0.1516150
-0.1508052
-0.1440635
-0.1369309
-0.1258488
-0.1019697
-0.0642043
-0.0256085
-0.0044561
-0.0089312
-0.0314759
-0.0575342
-0.0778875
-0.0920778
-0.1026474
-0.1099450
-0.1137505
-0.1173318
-0.1260160
-0.1402468
-0.1520689
-0.1519056
-0.1403708
-0.1317579
-0.1428021
-0.1762183
-0.2156964
-0.2384909
-0.2340447
-0.2109864
-0.1867611
-0.1715899
-0.1631737
-0.1556632
-0.1500987
-0.1525301
-0.1622070
-0.1663371
-0.1514296
-0.1202408
-0.0934877
-0.0909103
-0.1103038
-0.1268321
-0.1123105
-0.0514375
0.0625710
0.2419830
0.5012700
0.8297871
1.1688010
1.4268755
1.5307419
1.4686982
1.2875925
1.0503632
0.7981460
0.5490911
0.3217455
0.1458639
0.0441789
0.0076220
-0.0031357
-0.0266158
-0.0707383
-0.1140062
-0.1337405
-0.1303044
-0.1240946
-0.1325490
-0.1531614
-0.1685802
-0.1657842
-0.1487479
-0.1332121
-0.1310578
-0.1407161
-0.1516185
-0.1557059
-0.1534718
-0.1499320
-0.1469844
-0.1411839
-0.1288302
-0.1119070
-0.0975576
-0.0912304
-0.0912331
-0.0911162
-0.0869285
-0.0802528
-0.0732884
-0.0628052
-0.0419604
-0.0092928
0.0257923
0.0494325
0.0567810
0.0581385
0.0694877
0.0962073
0.1278514
0.1508130
0.1652538
0.1867012
0.2295103
0.2902109
0.3494352
0.3907998
0.4166669
0.4442240
0.4864422
0.5383064
0.5825689
0.6082214
0.6218259
0.6403618
0.6738546
0.7153634
0.7469699
0.7548302
0.7394130
0.7127700
0.6862945
0.6604228
0.6257777
0.5744183
0.5097379
0.4446703
0.3898747
0.3441252
0.2968826
0.2401320
0.1767342
0.1166599
0.0663530
0.0241300
-0.0136851
-0.0452838
-0.0654010
-0.0741207
-0.0795415
-0.0891269
-0.1003094
-0.1033140
-0.0942948
-0.0832867
-0.0862848
-0.1088027
-0.1386968
-0.1566307
-0.1535291
-0.1371323
-0.1223305
-0.1173460
-0.1201638
-0.1260018
-0.1346147
-0.1488706
-0.1676966
-0.1829263
-0.1848473
-0.1714527
-0.1517045
-0.1385262
-0.1378556
-0.1447051
-0.1499610
-0.1502162
-0.1501729
-0.1557880
-0.1662230
-0.1734245
-0.1699077
-0.1567223
-0.1430568
-0.1373308
-0.1388250
-0.1389133
-0.1310721
-0.1194940
-0.1171746
-0.1342583
-0.1666319
-0.1956496
-0.2014634
-0.1801296
-0.1489053
-0.1329112
-0.1439774
-0.1712833
-0.1925712
-0.1945886
-0.1829378
-0.1731317
-0.1738022
-0.1798838
-0.1814321
-0.1761038
-0.1702587
-0.1687080
-0.1676462
-0.1606926
-0.1501355
-0.1477259
-0.1619352
-0.1858215
-0.2004968
-0.1925475
-0.1681121
-0.1486082
-0.1513736
-0.1739959
-0.1974037
-0.2036619
-0.1905579
-0.1705108
-0.1579201
-0.1582496
-0.1671068
-0.1770330
-0.1842134
-0.1894574
-0.1939894
-0.1953658
-0.1881557
-0.1688437
-0.1402620
-0.1114803
-0.0927418
-0.0885941
-0.0943980
-0.1000949
-0.0991059
-0.0941421
-0.0936559
-0.1025453
-0.1173366
-0.1309639
-0.1411798
-0.1524185
-0.1684451
-0.1843230
-0.1885940
-0.1757377
-0.1555551
-0.1468082
-0.1596237
-0.1855979
-0.2070949
-0.2152215
-0.2160416
-0.2190492
-0.2229752
-0.2164830
-0.1929025
-0.1609635
-0.1378677
-0.1321476
-0.1364661
-0.1386972
-0.1372221
-0.1414340
-0.1568923
-0.1722280
-0.1604702
-0.0902600
0.0638298
0.3136132
0.6472193
1.0186385
1.3494910
1.5528015
1.5709698
1.4045786
1.1120617
0.7809056
0.4898230
0.2825169
0.1613567
0.0982272
0.0554799
0.0072242
-0.0503755
-0.1052249
-0.1448119
-0.1671818
-0.1797373
-0.1902713
-0.2001405
-0.2052036
-0.2020968
-0.1929897
-0.1843686
-0.1817682
-0.1859511
-0.1934970
-0.2001625
-0.2038589
-0.2052302
-0.2052847
-0.2019608
-0.1901133
-0.1671741
-0.1392472
-0.1191304
-0.1157304
-0.1252407
-0.1341028
-0.1314388
-0.1183266
-0.1044934
-0.0963411
-0.0896542
-0.0752284
-0.0505456
-0.0229208
0.0000452
0.0203471
0.0465362
0.0813470
0.1162200
0.1406778
0.1559059
0.1760228
0.2141592
0.2678611
0.3201292
0.3560360
0.3775212
0.4004134
0.4374083
0.4860617
0.5338184
0.5722142
0.6038514
0.6363599
0.6720994
0.7049553
0.7265574
0.7345372
0.7338759
0.7299284
0.7209570
0.6988721
0.6577222
0.6007517
0.5385569
0.4802829
0.4264201
0.3700308
0.3054842
0.2361562
0.1723001
0.1201746
0.0745053
0.0242933
-0.0332494
-0.0864686
-0.1189043
-0.1255290
-0.1188359
-0.1181506
-0.1325049
-0.1542433
-0.1697783
-0.1755435
-0.1811992
-0.1967414
-0.2190566
-0.2338601
-0.2306966
-0.2141935
-0.1999017
-0.1997646
-0.2120285
-0.2249624
-0.2297209
-0.2286657
-0.2306843
-0.2395613
-0.2490488
-0.2499418
-0.2405436
-0.2288995
-0.2249199
-0.2307741
-0.2389586
-0.2399301
-0.2319504
-0.2229782
-0.2222313
-0.2305278
-0.2400750
-0.2431822
-0.2393586
-0.2336433
-0.2299871
-0.2279607
-0.2254899
-0.2230157
-0.2233841
-0.2273466
-0.2306862
-0.2279980
-0.2196641
-0.2131373
-0.2160049
-0.2288031
-0.2454466
-0.2589671
-0.2651384
-0.2624280
-0.2523718
-0.2410961
-0.2373305
-0.2450216
-0.2569990
-0.2585791
-0.2410877
-0.2128827
-0.1943320
-0.1988317
-0.2192219
-0.2355281
-0.2361190
-0.2282896
-0.2269400
-0.2359365
-0.2439473
-0.2381408
-0.2189686
-0.1996804
-0.1920922
-0.1949363
-0.1975804
-0.1942264
-0.1916566
-0.2014497
-0.2260730
-0.2547352
-0.2726065
-0.2727403
-0.2597186
-0.2439559
-0.2331063
-0.2275354
-0.2228019
-0.2161390
-0.2099899
-0.2085061
-0.2106316
-0.2075203
-0.1883326
-0.1509720
-0.1088037
-0.0849489
-0.0950545
-0.1324292
-0.1714092
-0.1884645
-0.1815779
-0.1693715
-0.1720130
-0.1929835
-0.2176763
-0.2279345
-0.2182141
-0.1994448
-0.1887701
-0.1957932
-0.2172356
-0.2422428
-0.2615139
-0.2728295
-0.2798665
-0.2856923
-0.2870614
-0.2771756
-0.2562094
-0.2366861
-0.2330112
-0.2441015
-0.2508314
-0.2354099
-0.2026561
-0.1775625
-0.1791243
-0.1986152
-0.2071535
-0.1833014
-0.1258012
-0.0341734
0.1157129
0.3595071
0.6960426
1.0546673
1.3237395
1.4221941
1.3482853
1.1632357
0.9341339
0.6954131
0.4580713
0.2402044
0.0742263
-0.0186341
-0.0528525
-0.0692705
-0.1002180
-0.1465187
-0.1873340
-0.2066915
-0.2077623
-0.2053707
-0.2100289
-0.2202731
-0.2280468
-0.2292680
-0.2282529
-0.2319006
-0.2406171
-0.2463739
-0.2403114
-0.2221443
-0.2018996
-0.1917182
-0.1948016
-0.2024767
-0.2034598
-0.1957444
-0.1869150
-0.1824080
-0.1774861
-0.1640635
-0.1426571
-0.1221266
-0.1070720
-0.0906954
-0.0643435
-0.0322414
-0.0108690
-0.0099538
-0.0165670
-0.0046187
0.0366218
0.0877840
0.1194279
0.1263672
0.1353312
0.1748196
0.2413986
0.3015705
0.3273744
0.3264986
0.3349610
0.3806835
0.4555042
0.5231047
0.5533477
0.5480649
0.5348748
0.5395324
0.5659222
0.5995925
0.6257072
0.6420717
0.6567060
0.6747497
0.6890515
0.6852363
0.6564148
0.6104326
0.5603866
0.5099412
0.4521188
0.3834059
0.3154193
0.2682434
0.2502370
0.2454529
0.2243227
0.1700766
0.0952898
0.0310928
-0.0001066
-0.0008311
0.0093998
0.0128519
0.0035291
-0.0157732
-0.0400605
-0.0651877
-0.0877931
-0.1048911
-0.1142080
-0.1149095
-0.1079413
-0.0957746
-0.0821581
-0.0714946
-0.0664697
-0.0655380
-0.0649220
-0.0647540
-0.0708651
-0.0872700
-0.1081288
-0.1212214
-0.1202349
-0.1106952
-0.1021115
-0.0959280
-0.0832728
-0.0550800
-0.0143389
0.0218835
0.0336107
0.0128586
-0.0306031
-0.0761363
-0.1042995
-0.1059043
-0.0854039
-0.0577946
-0.0389232
-0.0352439
-0.0428145
-0.0559798
-0.0737111
-0.0950973
-0.1116619
-0.1099272
-0.0845005
-0.0473305
-0.0209324
-0.0200216
-0.0395134
-0.0618949
-0.0761400
-0.0863747
-0.1008825
-0.1175175
-0.1258873
-0.1226825
-0.1179125
-0.1228461
-0.1357385
-0.1438548
-0.1388096
-0.1264243
-0.1201699
-0.1266657
-0.1398679
-0.1493002
-0.1507785
-0.1465902
-0.1379753
-0.1232045
-0.1036433
-0.0855249
-0.0718356
-0.0570019
-0.0356865
-0.0149738
-0.0103867
-0.0268149
-0.0481241
-0.0520428
-0.0367192
-0.0279444
-0.0538869
-0.1110605
-0.1602560
-0.1619426
-0.1157450
-0.0616039
-0.0426203
-0.0705576
-0.1259814
-0.1827581
-0.2256401
-0.2486611
-0.2483633
-0.2264736
-0.1969880
-0.1817368
-0.1918706
-0.2144517
-0.2233355
-0.2058826
-0.1750933
-0.1527579
-0.1452780
-0.1415511
-0.1317077
-0.1196794
-0.1143947
-0.1125736
-0.0928365
-0.0243972
0.1196427
0.3513849
0.6588385
0.9988546
1.3011831
1.4922120
1.5296246
1.4214700
1.2121357
0.9505287
0.6727349
0.4087633
0.1912886
0.0467007
-0.0218191
-0.0367530
-0.0304884
-0.0281130
-0.0423072
-0.0768961
-0.1283923
-0.1834930
-0.2214117
-0.2271690
-0.2060679
-0.1814217
-0.1736360
-0.1823106
-0.1911324
-0.1877015
-0.1742319
-0.1606990
-0.1540881
-0.1562713
-0.1670461
-0.1838639
-0.1989911
-0.2013637
-0.1851783
-0.1573367
-0.1334132
-0.1228532
-0.1191032
-0.1084684
-0.0887359
-0.0733335
-0.0739286
-0.0835833
-0.0827606
-0.0606463
-0.0254696
0.0069782
0.0310045
0.0544069
0.0856683
0.1216908
0.1514653
0.1711342
0.1904595
0.2210556
0.2616958
0.3008726
0.3330222
0.3663817
0.4133923
0.4776262
0.5515272
0.6222591
0.6765777
0.7041210
0.7030133
0.6851312
0.6728100
0.6840606
0.7159076
0.7427084
0.7361334
0.6901985
0.6248449
0.5634729
0.5103283
0.4526161
0.3807516
0.3006775
0.2268352
0.1681242
0.1225176
0.0825082
0.0429838
0.0036664
-0.0339214
-0.0682026
-0.0944209
-0.1036551
-0.0915693
-0.0692074
-0.0594584
-0.0787011
-0.1233076
-0.1751179
-0.2167961
-0.2399587
-0.2430240
-0.2281714
-0.2028780
-0.1812001
-0.1776389
-0.1950520
-0.2191486
-0.2303718
-0.2242896
-0.2162115
-0.2213976
-0.2345112
-0.2354803
-0.2146857
-0.1851240
-0.1676000
-0.1695113
-0.1822907
-0.1963938
-0.2123774
-0.2343091
-0.2552734
-0.2565816
-0.2269439
-0.1804194
-0.1480941
-0.1491330
-0.1742165
-0.1995484
-0.2117713
-0.2146674
-0.2160505
-0.2162113
-0.2109256
-0.2012357
-0.1959546
-0.2031411
-0.2200247
-0.2341304
-0.2363366
-0.2307483
-0.2285771
-0.2341261
-0.2412422
-0.2426768
-0.2376337
-0.2294445
-0.2210564
-0.2152529
-0.2155662
-0.2234170
-0.2348875
-0.2416749
-0.2357065
-0.2145127
-0.1840841
-0.1558665
-0.1392996
-0.1372589
-0.1478323
-0.1667283
-0.1865991
-0.1989424
-0.2013738
-0.2010351
-0.2070970
-0.2211734
-0.2375163
-0.2500387
-0.2556093
-0.2527584
-0.2423389
-0.2303931
-0.2270374
-0.2391188
-0.2618993
-0.2783715
-0.2714949
-0.2423164
-0.2145031
-0.2146099
-0.2461056
-0.2864884
-0.3098465
-0.3070695
-0.2839974
-0.2486374
-0.2071968
-0.1694085
-0.1493055
-0.1554625
-0.1800747
-0.2002046
-0.1923635
-0.1442715
-0.0478541
0.1163241
0.3727820
0.7157441
1.0821011
1.3725028
1.5086614
1.4741693
1.3068011
1.0612634
0.7818444
0.5016837
0.2535392
0.0685500
-0.0406007
-0.0907621
-0.1146240
-0.1343797
-0.1528729
-0.1683250
-0.1864523
-0.2118410
-0.2350070
-0.2387029
-0.2182611
-0.1905213
-0.1797955
-0.1950941
-0.2216184
-0.2359803
-0.2304405
-0.2190916
-0.2177185
-0.2227421
-0.2176212
-0.1979818
-0.1804735
-0.1830130
-0.2022675
-0.2157647
-0.2047928
-0.1727581
-0.1409481
-0.1263236
-0.1242588
-0.1159968
-0.0930554
-0.0682542
-0.0590203
-0.0654775
-0.0713602
-0.0631252
-0.0411630
-0.0133085
0.0161712
0.0493864
0.0895107
0.1340387
0.1741722
0.2034516
0.2268461
0.2569572
0.2999788
0.3496485
0.3962769
0.4368604
0.4744978
0.5128281
0.5534212
0.5941862
0.6280896
0.6477600
0.6539791
0.6564412
0.6640694
0.6762386
0.6829144
0.6706776
0.6308696
0.5672980
0.4955852
0.4301669
0.3719749
0.3122508
0.2464189
0.1795467
0.1201562
0.0738512
0.0413945
0.0178060
-0.0055677
-0.0334529
-0.0617728
-0.0832842
-0.0960716
-0.1038653
-0.1110710
-0.1203193
-0.1313339
-0.1394791
-0.1396572
-0.1345070
-0.1339942
-0.1436747
-0.1582273
-0.1700081
-0.1791026
-0.1908847
-0.2072692
-0.2236613
-0.2321921
-0.2272575
-0.2113596
-0.1949890
-0.1861225
-0.1814333
-0.1743671
-0.1699333
-0.1816925
-0.2121026
-0.2440656
-0.2561189
-0.2421746
-0.2150640
-0.1941152
-0.1888831
-0.1917648
-0.1881329
-0.1760201
-0.1706311
-0.1842548
-0.2073985
-0.2178303
-0.2053560
-0.1808557
-0.1633810
-0.1639791
-0.1791249
-0.1947270
-0.1993911
-0.1971710
-0.2025209
-0.2195587
-0.2334764
-0.2280940
-0.2060035
-0.1853101
-0.1805467
-0.1910917
-0.2044889
-0.2082207
-0.2016044
-0.1961994
-0.1998138
-0.2031958
-0.1919750
-0.1698818
-0.1573479
-0.1647696
-0.1785699
-0.1780487
-0.1574361
-0.1277107
-0.1038285
-0.0934204
-0.0934449
-0.0966221
-0.1025134
-0.1170997
-0.1376251
-0.1477474
-0.1382903
-0.1252114
-0.1332022
-0.1642240
-0.1937281
-0.1968908
-0.1709459
-0.1352792
-0.1170071
-0.1318562
-0.1712387
-0.2106958
-0.2342569
-0.2443566
-0.2470794
-0.2409545
-0.2266340
-0.2147832
-0.2146498
-0.2230002
-0.2303711
-0.2293231
-0.2129985
-0.1779414
-0.1342516
-0.1019344
-0.0915487
-0.0969455
-0.1078322
-0.1169043
-0.1119623
-0.0719319
0.0277663
0.2122083
0.4978281
0.8639176
1.2338384
1.5058941
1.6121644
1.5451606
1.3409349
1.0562092
0.7539132
0.4838774
0.2683150
0.1108930
0.0111333
-0.0403670
-0.0661912
-0.0832361
-0.0890047
-0.0805649
-0.0732177
-0.0841818
-0.1115624
-0.1445108
-0.1784615
-0.2061979
-0.2130668
-0.1971851
-0.1757903
-0.1580403
-0.1331247
-0.0974979
-0.0680877
-0.0552903
-0.0502774
-0.0507963
-0.0679986
-0.0950181
-0.1024717
-0.0782467
-0.0389046
0.0047452
0.0529195
0.0839501
0.0665191
0.0133384
-0.0288139
-0.0469898
-0.0614228
-0.0593512
-0.0075980
0.0641064
0.0863049
0.0725161
0.1096860
0.1906516
0.1782048
0.0065788
