-0.0912149
-0.1885536
-0.1121147
-0.0868821
-0.1650587
-0.2145470
-0.1905918
-0.1845168
-0.2293216
-0.2545903
-0.2350707
-0.2252422
-0.2411615
-0.2396889
-0.2179660
-0.2200492
-0.2447600
-0.2464069
-0.2236096
-0.2188043
-0.2361003
-0.2396255
-0.2246442
-0.2179619
-0.2181112
-0.2001953
-0.1688557
-0.1501650
-0.1454527
-0.1415573
-0.1459559
-0.1649533
-0.1686294
-0.1191057
-0.0093857
0.1619066
0.4202842
0.7724174
1.1537810
1.4584963
1.6106310
1.5910840
1.4275514
1.1849783
0.9363812
0.7132372
0.5009818
0.2935388
0.1215116
0.0126936
-0.0426670
-0.0708471
-0.0877715
-0.1057427
-0.1368045
-0.1746567
-0.1975374
-0.1993188
-0.1965584
-0.2014511
-0.2111206
-0.2238150
-0.2402134
-0.2492640
-0.2387489
-0.2195381
-0.2149803
-0.2275504
-0.2382444
-0.2354077
-0.2230225
-0.2063615
-0.1906084
-0.1869492
-0.1994396
-0.2124495
-0.2091447
-0.1941074
-0.1816472
-0.1729846
-0.1617455
-0.1504269
-0.1445820
-0.1407224
-0.1338354
-0.1263454
-0.1187872
-0.1042863
-0.0818469
-0.0608788
-0.0438791
-0.0202204
0.0143553
0.0481791
0.0720953
0.0921629
0.1165068
0.1441897
0.1733060
0.2059506
0.2403122
0.2711079
0.3004415
0.3349363
0.3715877
0.4004274
0.4205491
0.4392209
0.4568444
0.4674714
0.4720143
0.4762683
0.4781475
0.4707340
0.4551762
0.4378152
0.4182875
0.3923076
0.3613734
0.3284877
0.2899916
0.2423141
0.1907304
0.1421424
0.0964359
0.0531497
0.0174950
-0.0089498
-0.0339709
-0.0624451
-0.0876140
-0.1026167
-0.1116177
-0.1222959
-0.1359805
-0.1508440
-0.1658403
-0.1771911
-0.1805581
-0.1799334
-0.1842217
-0.1926393
-0.1944228
-0.1854158
-0.1743986
-0.1710291
-0.1770280
-0.1892488
-0.2012209
-0.2026470
-0.1887529
-0.1701085
-0.1631531
-0.1715947
-0.1855274
-0.1955861
-0.1983965
-0.1922506
-0.1788344
-0.1672256
-0.1663617
-0.1746911
-0.1838619
-0.1893437
-0.1918610
-0.1934781
-0.1975202
-0.2060161
-0.2126506
-0.2067595
-0.1898579
-0.1787108
-0.1848611
-0.1996646
-0.2069433
-0.2028465
-0.1961656
-0.1955299
-0.2024948
-0.2121187
-0.2161256
-0.2100234
-0.1987220
-0.1900475
-0.1837317
-0.1740551
-0.1612253
-0.1502555
-0.1398197
-0.1236163
-0.1038608
-0.0930895
-0.0999343
-0.1200282
-0.1413860
-0.1527508
-0.1487768
-0.1347624
-0.1250244
-0.1297772
-0.1448902
-0.1592290
-0.1679479
-0.1731645
-0.1773698
-0.1836301
-0.1973433
-0.2197560
-0.2428148
-0.2565790
-0.2588530
-0.2538578
-0.2465706
-0.2421445
-0.2444918
-0.2505981
-0.2518822
-0.2453958
-0.2381836
-0.2371303
-0.2401877
-0.2406020
-0.2343276
-0.2212966
-0.2050607
-0.1921456
-0.1854970
-0.1784046
-0.1622431
-0.1406205
-0.1280588
-0.1330831
-0.1478539
-0.1522362
-0.1189893
-0.0155229
0.1865792
0.4923562
0.8686493
1.2450884
1.5334574
1.6633544
1.6178011
1.4386155
1.1923568
0.9297534
0.6755293
0.4442044
0.2516954
0.1111625
0.0244566
-0.0212310
-0.0490193
-0.0790901
-0.1146691
-0.1438029
-0.1573330
-0.1607122
-0.1661132
-0.1788085
-0.1945342
-0.2050962
-0.2039006
-0.1912770
-0.1769942
-0.1726489
-0.1793821
-0.1871944
-0.1869067
-0.1781463
-0.1662781
-0.1576094
-0.1570750
-0.1635442
-0.1668602
-0.1562484
-0.1331695
-0.1110077
-0.1014232
-0.1045236
-0.1109232
-0.1091612
-0.0934679
-0.0696438
-0.0516479
-0.0474827
-0.0498556
-0.0443516
-0.0241690
0.0064325
0.0388639
0.0655566
0.0825789
0.0927043
0.1042243
0.1232923
0.1493734
0.1794279
0.2119912
0.2450745
0.2754952
0.3036315
0.3343354
0.3700248
0.4066464
0.4385812
0.4637532
0.4827571
0.4973706
0.5107856
0.5244602
0.5338881
0.5323717
0.5198345
0.5033055
0.4880840
0.4725175
0.4512810
0.4196284
0.3753131
0.3211178
0.2650361
0.2137633
0.1666820
0.1195605
0.0721696
0.0285304
-0.0078708
-0.0351500
-0.0523031
-0.0620757
-0.0721067
-0.0885024
-0.1095624
-0.1287683
-0.1417627
-0.1482155
-0.1503967
-0.1527644
-0.1593571
-0.1685148
-0.1733066
-0.1697101
-0.1614136
-0.1549601
-0.1537332
-0.1578855
-0.1657140
-0.1732751
-0.1766969
-0.1766566
-0.1772003
-0.1793197
-0.1793655
-0.1743715
-0.1654661
-0.1560877
-0.1502472
-0.1514021
-0.1585515
-0.1643509
-0.1620341
-0.1540409
-0.1495430
-0.1536347
-0.1624053
-0.1677423
-0.1638235
-0.1508040
-0.1360798
-0.1303156
-0.1380505
-0.1526914
-0.1631832
-0.1643292
-0.1592692
-0.1550091
-0.1576119
-0.1679581
-0.1790701
-0.1807208
-0.1698645
-0.1544331
-0.1451488
-0.1462456
-0.1548835
-0.1652687
-0.1716239
-0.1715534
-0.1690282
-0.1706518
-0.1770479
-0.1812034
-0.1770280
-0.1666247
-0.1576975
-0.1560488
-0.1610819
-0.1665248
-0.1659710
-0.1597710
-0.1547754
-0.1544834
-0.1520761
-0.1375201
-0.1095097
-0.0757112
-0.0432981
-0.0151672
0.0050713
0.0107240
-0.0024868
-0.0304259
-0.0612458
-0.0825966
-0.0905350
-0.0923312
-0.0978193
-0.1071206
-0.1108071
-0.1037843
-0.0941591
-0.0948649
-0.1099573
-0.1325623
-0.1535612
-0.1691779
-0.1822046
-0.1983387
-0.2196792
-0.2404281
-0.2511277
-0.2483443
-0.2383020
-0.2305472
-0.2299530
-0.2343362
-0.2370894
-0.2327709
-0.2231118
-0.2165479
-0.2185623
-0.2239812
-0.2227242
-0.2114121
-0.1944590
-0.1755141
-0.1548226
-0.1361240
-0.1294473
-0.1419262
-0.1668442
-0.1842238
-0.1722261
-0.1159288
-0.0025934
0.1893820
0.4842489
0.8746231
1.2886307
1.6056167
1.7245535
1.6280959
1.3837201
1.0867768
0.8028142
0.5538522
0.3424241
0.1761821
0.0671459
0.0131906
-0.0101256
-0.0330948
-0.0683952
-0.1073856
-0.1370305
-0.1543938
-0.1650644
-0.1746698
-0.1852216
-0.1956850
-0.2029870
-0.2044418
-0.2008690
-0.1960396
-0.1928092
-0.1913241
-0.1905144
-0.1894629
-0.1879879
-0.1874651
-0.1895548
-0.1922769
-0.1896745
-0.1783012
-0.1623536
-0.1495547
-0.1433871
-0.1416018
-0.1401387
-0.1356027
-0.1259169
-0.1121066
-0.0987443
-0.0899126
-0.0845513
-0.0765874
-0.0591877
-0.0298068
0.0061077
0.0366998
0.0533683
0.0607058
0.0735771
0.1021194
0.1417072
0.1790984
0.2064861
0.2285122
0.2571955
0.3002783
0.3527425
0.4001346
0.4324918
0.4543763
0.4786127
0.5110752
0.5449548
0.5695437
0.5811134
0.5847549
0.5882963
0.5949751
0.6002433
0.5955651
0.5762629
0.5448203
0.5061067
0.4620511
0.4127754
0.3600173
0.3063085
0.2525570
0.1993822
0.1496462
0.1070087
0.0723078
0.0426039
0.0131232
-0.0198014
-0.0553937
-0.0875294
-0.1099817
-0.1235887
-0.1353988
-0.1494886
-0.1616145
-0.1649816
-0.1592781
-0.1520069
-0.1516240
-0.1599459
-0.1705719
-0.1752721
-0.1731108
-0.1719497
-0.1789666
-0.1914136
-0.1997551
-0.1985466
-0.1906587
-0.1818300
-0.1753877
-0.1725541
-0.1737424
-0.1775578
-0.1806436
-0.1804540
-0.1780620
-0.1776836
-0.1825084
-0.1897254
-0.1907770
-0.1800307
-0.1636789
-0.1557335
-0.1626831
-0.1754544
-0.1798570
-0.1727818
-0.1646817
-0.1670361
-0.1800563
-0.1926057
-0.1928935
-0.1796468
-0.1633720
-0.1560622
-0.1598972
-0.1670841
-0.1695968
-0.1665341
-0.1625817
-0.1625058
-0.1674844
-0.1740155
-0.1758466
-0.1693678
-0.1576959
-0.1477343
-0.1434289
-0.1438271
-0.1468927
-0.1520554
-0.1585413
-0.1637967
-0.1650430
-0.1619045
-0.1573001
-0.1553457
-0.1566814
-0.1555928
-0.1445501
-0.1231975
-0.1001495
-0.0834311
-0.0713700
-0.0560222
-0.0344153
-0.0134391
-0.0035548
-0.0091603
-0.0249152
-0.0406937
-0.0505047
-0.0566390
-0.0644763
-0.0745085
-0.0820655
-0.0844283
-0.0848279
-0.0886425
-0.0984483
-0.1136604
-0.1321210
-0.1504172
-0.1648442
-0.1741900
-0.1810972
-0.1898608
-0.2028803
-0.2185536
-0.2318801
-0.2383448
-0.2386182
-0.2381952
-0.2408055
-0.2437004
-0.2414868
-0.2330803
-0.2224121
-0.2136250
-0.2083671
-0.2066796
-0.2069658
-0.2047597
-0.1947921
-0.1766883
-0.1582536
-0.1511021
-0.1602390
-0.1760312
-0.1776597
-0.1468065
-0.0764470
0.0374923
0.2103997
0.4636917
0.7950987
1.1535343
1.4504181
1.6048836
1.5875620
1.4297497
1.1953689
0.9421245
0.7018473
0.4873847
0.3078949
0.1725248
0.0827450
0.0278747
-0.0092100
-0.0426453
-0.0780018
-0.1119904
-0.1367772
-0.1473453
-0.1464866
-0.1424235
-0.1420130
-0.1470175
-0.1554622
-0.1641612
-0.1701073
-0.1717172
-0.1699691
-0.1681272
-0.1698803
-0.1764223
-0.1836081
-0.1829224
-0.1689606
-0.1473218
-0.1319255
-0.1317281
-0.1414751
-0.1476491
-0.1424679
-0.1301802
-0.1203772
-0.1170598
-0.1147158
-0.1045841
-0.0842508
-0.0601506
-0.0402149
-0.0257619
-0.0122681
0.0037916
0.0221380
0.0418695
0.0634798
0.0868061
0.1101738
0.1335330
0.1607074
0.1964655
0.2412901
0.2895594
0.3332121
0.3680947
0.3973934
0.4281856
0.4640699
0.5019067
0.5357276
0.5619588
0.5804062
0.5930145
0.6036643
0.6167792
0.6327982
0.6453420
0.6452123
0.6279129
0.5969287
0.5601869
0.5233926
0.4852973
0.4387307
0.3778750
0.3059670
0.2351171
0.1773847
0.1358252
0.1037115
0.0713482
0.0339465
-0.0053589
-0.0393619
-0.0640109
-0.0816881
-0.0972988
-0.1129591
-0.1281046
-0.1426881
-0.1567452
-0.1673217
-0.1698687
-0.1644893
-0.1586174
-0.1611043
-0.1734087
-0.1873008
-0.1920113
-0.1846816
-0.1740163
-0.1723922
-0.1835876
-0.1992087
-0.2075774
-0.2046298
-0.1955682
-0.1881792
-0.1864549
-0.1891778
-0.1921562
-0.1917744
-0.1878601
-0.1836984
-0.1832802
-0.1886273
-0.1987607
-0.2094444
-0.2142007
-0.2083646
-0.1939361
-0.1794958
-0.1738704
-0.1793211
-0.1901481
-0.1971950
-0.1949101
-0.1862075
-0.1804012
-0.1843879
-0.1952728
-0.2028722
-0.1997492
-0.1879522
-0.1763184
-0.1725417
-0.1775446
-0.1857045
-0.1898570
-0.1870977
-0.1807507
-0.1771952
-0.1809477
-0.1916970
-0.2039600
-0.2094221
-0.2024675
-0.1857058
-0.1690669
-0.1617120
-0.1650845
-0.1741565
-0.1834338
-0.1897924
-0.1907688
-0.1832430
-0.1654109
-0.1396183
-0.1121062
-0.0886479
-0.0697542
-0.0512539
-0.0311306
-0.0150136
-0.0124608
-0.0271150
-0.0520266
-0.0753623
-0.0898392
-0.0966241
-0.1016149
-0.1087588
-0.1163821
-0.1196617
-0.1168205
-0.1123304
-0.1133838
-0.1238402
-0.1421770
-0.1639305
-0.1844876
-0.2005127
-0.2111822
-0.2187333
-0.2266117
-0.2362789
-0.2457091
-0.2506291
-0.2474345
-0.2364788
-0.2235301
-0.2166371
-0.2194414
-0.2271304
-0.2299149
-0.2214431
-0.2045790
-0.1891868
-0.1831481
-0.1842869
-0.1819927
-0.1687358
-0.1494410
-0.1366562
-0.1352662
-0.1328680
-0.1041149
-0.0210582
0.1401105
0.3928835
0.7272018
1.0948551
1.4128231
1.5957595
1.6013600
1.4531702
1.2195080
0.9661899
0.7249164
0.5002876
0.2970236
0.1323966
0.0228561
-0.0346563
-0.0633446
-0.0886493
-0.1203878
-0.1510156
-0.1690028
-0.1726525
-0.1713631
-0.1754061
-0.1865110
-0.1983302
-0.2040267
-0.2023534
-0.1977319
-0.1960311
-0.2001165
-0.2085804
-0.2182507
-0.2270572
-0.2334448
-0.2338832
-0.2238646
-0.2032485
-0.1796929
-0.1646160
-0.1641245
-0.1730188
-0.1779936
-0.1686813
-0.1474524
-0.1278296
-0.1213036
-0.1253613
-0.1257352
-0.1105840
-0.0813552
-0.0499353
-0.0270084
-0.0138348
-0.0034075
0.0127666
0.0390449
0.0740035
0.1112106
0.1413965
0.1578148
0.1640235
0.1759979
0.2111035
0.2708503
0.3361184
0.3833579
0.4065685
0.4218741
0.4501676
0.4964827
0.5464962
0.5814750
0.5951178
0.5963051
0.5976577
0.6034096
0.6079281
0.6030353
0.5846468
0.5540180
0.5160264
0.4768162
0.4402792
0.4046684
0.3633881
0.3106689
0.2469682
0.1790535
0.1154627
0.0618494
0.0194278
-0.0135818
-0.0397343
-0.0613853
-0.0808264
-0.0999782
-0.1195916
-0.1395243
-0.1597266
-0.1794013
-0.1947783
-0.2001218
-0.1934038
-0.1803561
-0.1706868
-0.1699543
-0.1764861
-0.1860775
-0.1972407
-0.2100715
-0.2214451
-0.2250411
-0.2185043
-0.2091200
-0.2085253
-0.2199962
-0.2334145
-0.2358852
-0.2264246
-0.2167917
-0.2175461
-0.2268038
-0.2345483
-0.2351019
-0.2318989
-0.2309302
-0.2333691
-0.2362209
-0.2377145
-0.2388029
-0.2392836
-0.2356272
-0.2253937
-0.2129188
-0.2073561
-0.2135650
-0.2264911
-0.2360681
-0.2368457
-0.2317904
-0.2279212
-0.2299275
-0.2370834
-0.2438779
-0.2433349
-0.2321151
-0.2143941
-0.2003542
-0.1990349
-0.2110487
-0.2276782
-0.2376139
-0.2358292
-0.2269342
-0.2202268
-0.2213334
-0.2280321
-0.2329999
-0.2298727
-0.2175651
-0.2004512
-0.1848005
-0.1740159
-0.1665424
-0.1583095
-0.1467935
-0.1322838
-0.1162883
-0.1007174
-0.0888960
-0.0852551
-0.0919979
-0.1060129
-0.1200946
-0.1279263
-0.1283829
-0.1256965
-0.1258832
-0.1325230
-0.1447144
-0.1579290
-0.1669283
-0.1694939
-0.1689389
-0.1725319
-0.1854481
-0.2053477
-0.2238625
-0.2340716
-0.2357703
-0.2333699
-0.2306738
-0.2292222
-0.2299396
-0.2331426
-0.2364500
-0.2354836
-0.2288323
-0.2211130
-0.2183172
-0.2195740
-0.2161556
-0.2011104
-0.1786767
-0.1605866
-0.1522070
-0.1460809
-0.1326350
-0.1151487
-0.1084512
-0.1202840
-0.1363087
-0.1254496
-0.0577365
0.0853655
0.3131346
0.6251357
0.9967659
1.3643365
1.6363703
1.7368687
1.6502767
1.4285126
1.1528105
0.8845627
0.6456160
0.4351245
0.2555532
0.1195583
0.0363810
-0.0019163
-0.0180298
-0.0341801
-0.0595542
-0.0901138
-0.1169602
-0.1339136
-0.1402115
-0.1401314
-0.1408605
-0.1479234
-0.1601853
-0.1698765
-0.1694967
-0.1593170
-0.1473172
-0.1414308
-0.1425541
-0.1455553
-0.1461214
-0.1449815
-0.1451068
-0.1465809
-0.1463766
-0.1429984
-0.1388176
-0.1361361
-0.1323798
-0.1219129
-0.1031991
-0.0822917
-0.0676293
-0.0617198
-0.0590230
-0.0520275
-0.0384468
-0.0219515
-0.0066715
0.0075796
0.0242082
0.0452495
0.0694469
0.0948791
0.1218351
0.1518102
0.1842586
0.2159520
0.2443200
0.2707903
0.2997399
0.3337199
0.3702882
0.4044961
0.4346903
0.4648878
0.5003097
0.5405741
0.5781630
0.6040770
0.6148774
0.6144188
0.6095236
0.6042078
0.5970340
0.5827208
0.5562515
0.5167214
0.4684458
0.4183362
0.3712175
0.3269184
0.2819322
0.2340577
0.1849971
0.1380580
0.0941460
0.0515387
0.0098280
-0.0276507
-0.0569845
-0.0788150
-0.0983940
-0.1195264
-0.1393597
-0.1506752
-0.1498213
-0.1417712
-0.1366722
-0.1412575
-0.1536581
-0.1662366
-0.1728755
-0.1734870
-0.1723797
-0.1734057
-0.1769537
-0.1808014
-0.1827912
-0.1822904
-0.1796342
-0.1752081
-0.1696998
-0.1647929
-0.1624718
-0.1630696
-0.1646343
-0.1651344
-0.1651254
-0.1670805
-0.1714721
-0.1744136
-0.1707400
-0.1600147
-0.1485986
-0.1444615
-0.1494670
-0.1572691
-0.1594180
-0.1536202
-0.1458173
-0.1442405
-0.1516834
-0.1634381
-0.1720229
