1.2805505
1.4070195
1.3674483
1.1839001
0.9265389
0.6683312
0.4493860
0.2750348
0.1374874
0.0333672
-0.0368042
-0.0772451
-0.0981731
-0.1087496
-0.1129135
-0.1135372
-0.1170435
-0.1296250
-0.1490075
-0.1640056
-0.1653337
-0.1560566
-0.1488472
-0.1525747
-0.1637171
-0.1722526
-0.1741403
-0.1750178
-0.1813137
-0.1908288
-0.1951329
-0.1907483
-0.1845649
-0.1859430
-0.1949413
-0.2016916
-0.1985388
-0.1902278
-0.1886955
-0.1974779
-0.2045353
-0.1938731
-0.1642520
-0.1333678
-0.1210897
-0.1293134
-0.1408388
-0.1387057
-0.1241377
-0.1128577
-0.1147225
-0.1211360
-0.1154060
-0.0937676
-0.0716803
-0.0671605
-0.0803107
-0.0932055
-0.0905010
-0.0766122
-0.0693336
-0.0777285
-0.0906624
-0.0894782
-0.0696204
-0.0457775
-0.0350211
-0.0381966
-0.0409783
-0.0321089
-0.0164598
-0.0078297
-0.0111015
-0.0156494
-0.0077341
0.0132076
0.0337040
0.0414570
0.0384434
0.0369040
0.0438744
0.0532269
0.0546418
0.0481952
0.0461180
0.0584784
0.0793144
0.0903940
0.0796800
0.0539373
0.0309271
0.0199922
0.0133301
-0.0022673
-0.0275019
-0.0480285
-0.0505828
-0.0388958
-0.0306309
-0.0387652
-0.0586910
-0.0750250
-0.0790601
-0.0765780
-0.0786006
-0.0877481
-0.0962203
-0.0959687
-0.0876022
-0.0781563
-0.0724178
-0.0692316
-0.0661475
-0.0646902
-0.0685903
-0.0774245
-0.0846817
-0.0839298
-0.0763561
-0.0704457
-0.0731585
-0.0818127
-0.0857731
-0.0768106
-0.0573827
-0.0375701
-0.0233591
-0.0092450
0.0153075
0.0513688
0.0846824
0.0973551
0.0860055
0.0658159
0.0543255
0.0524084
0.0446427
0.0194240
-0.0146727
-0.0363926
-0.0351708
-0.0229667
-0.0206152
-0.0351654
-0.0548129
-0.0657488
-0.0688265
-0.0760155
-0.0930536
-0.1112487
-0.1181695
-0.1126135
-0.1050154
-0.1040676
-0.1073215
-0.1068379
-0.1009748
-0.0964286
-0.0984085
-0.1022648
-0.0974235
-0.0784585
-0.0490819
-0.0129362
0.0399921
0.1365998
0.3063033
0.5555965
0.8485852
1.1109520
1.2617912
1.2566416
1.1119309
0.8912693
0.6635474
0.4661003
0.2999944
0.1538671
0.0281690
-0.0630839
-0.1093537
-0.1175864
-0.1087001
-0.1024776
-0.1066193
-0.1177209
-0.1291625
-0.1372789
-0.1425390
-0.1477116
-0.1554031
-0.1659099
-0.1764362
-0.1830258
-0.1844335
-0.1842170
-0.1880542
-0.1982839
-0.2113405
-0.2210082
-0.2239418
-0.2215146
-0.2167195
-0.2106224
-0.2025624
-0.1927558
-0.1827371
-0.1725212
-0.1588497
-0.1385320
-0.1140371
-0.0937733
-0.0844786
-0.0833708
-0.0801293
-0.0682047
-0.0529390
-0.0461346
-0.0523464
-0.0629450
-0.0657799
-0.0596419
-0.0559958
-0.0648655
-0.0810928
-0.0880581
-0.0760080
-0.0543004
-0.0428524
-0.0516992
-0.0713010
-0.0838627
-0.0821517
-0.0748342
-0.0739309
-0.0802678
-0.0835090
-0.0752364
-0.0588010
-0.0449141
-0.0394308
-0.0380442
-0.0328046
-0.0209899
-0.0057361
0.0102299
0.0279734
0.0485555
0.0684519
0.0815732
0.0856450
0.0840958
0.0804239
0.0726909
0.0565945
0.0342687
0.0168583
0.0150424
0.0269336
0.0380126
0.0348977
0.0184572
0.0019703
-0.0030800
0.0024704
0.0092145
0.0109148
0.0100650
0.0125280
0.0205712
0.0349876
0.0645400
0.1302511
0.2559786
0.4504323
0.6940287
0.9397343
1.1274768
1.2059259
1.1537188
0.9907750
0.7712153
0.5579725
0.3928176
0.2816633
0.2045227
0.1395817
0.0801077
0.0321189
0.0003515
-0.0202561
-0.0395464
-0.0617588
-0.0826672
-0.0967097
-0.1047111
-0.1130908
-0.1261531
-0.1409815
-0.1509038
-0.1532868
-0.1525508
-0.1552256
-0.1633911
-0.1743709
-0.1861703
-0.2005629
-0.2190223
-0.2369652
-0.2453999
-0.2402501
-0.2287602
-0.2238546
-0.2311115
-0.2430306
-0.2480652
-0.2443200
-0.2410855
-0.2454698
-0.2504454
-0.2405161
-0.2101270
-0.1730436
-0.1499841
-0.1472884
-0.1509023
-0.1429176
-0.1218402
-0.1033505
-0.1010826
-0.1102505
-0.1132201
-0.0998432
-0.0781405
-0.0633571
-0.0597650
-0.0573888
-0.0462800
-0.0293155
-0.0175555
-0.0149943
-0.0127539
-0.0001820
0.0214322
0.0399559
0.0466420
0.0452756
0.0452420
0.0485660
0.0480539
0.0380489
0.0225976
0.0102599
0.0033268
-0.0037547
-0.0152213
-0.0271785
-0.0323818
-0.0296284
-0.0246591
-0.0215754
-0.0171504
-0.0064379
0.0080105
0.0167938
0.0143414
0.0052837
-0.0027911
-0.0107098
-0.0269333
-0.0541533
-0.0808849
-0.0911557
-0.0824782
-0.0700736
-0.0706616
-0.0842151
-0.0955954
-0.0942279
-0.0874571
-0.0904779
-0.1050502
-0.1143335
-0.1020995
-0.0739296
-0.0539615
-0.0593254
-0.0813614
-0.0954209
-0.0880656
-0.0706906
-0.0648170
-0.0769848
-0.0922031
-0.0922984
-0.0767092
-0.0619345
-0.0619709
-0.0735129
-0.0819424
-0.0787795
-0.0693562
-0.0633300
-0.0614811
-0.0551870
-0.0383648
-0.0166449
-0.0026967
-0.0037165
-0.0158173
-0.0304989
-0.0436573
-0.0563736
-0.0690567
-0.0789598
-0.0847900
-0.0908667
-0.1031742
-0.1210689
-0.1357983
-0.1396473
-0.1358172
-0.1365228
-0.1499126
-0.1702131
-0.1827958
-0.1789665
-0.1641638
-0.1511593
-0.1469141
-0.1477470
-0.1466299
-0.1426718
-0.1415946
-0.1471192
-0.1536212
-0.1492688
-0.1276067
-0.0958273
-0.0701764
-0.0617632
-0.0666723
-0.0708825
-0.0653139
-0.0548987
-0.0512322
-0.0567065
-0.0590599
-0.0444189
-0.0144311
0.0140247
0.0284436
0.0375335
0.0658747
0.1345809
0.2527564
0.4265967
0.6638114
0.9533246
1.2375001
1.4192707
1.4186671
1.2353148
0.9536845
0.6786935
0.4607799
0.2812189
0.1040392
-0.0682710
-0.1951120
-0.2462324
-0.2380665
-0.2177707
-0.2173809
-0.2309405
-0.2353157
-0.2242446
-0.2149310
-0.2237866
-0.2443467
-0.2540903
-0.2401611
-0.2129308
-0.1933592
-0.1908928
-0.1966754
-0.1967278
-0.1879132
-0.1794428
-0.1806048
-0.1897451
-0.1962439
-0.1922402
-0.1809317
-0.1729504
-0.1752691
-0.1843771
-0.1904053
-0.1876051
-0.1803547
-0.1783563
-0.1857118
-0.1955226
-0.1966427
-0.1860474
-0.1731018
-0.1702024
-0.1796800
-0.1916133
-0.1951150
-0.1903733
-0.1878553
-0.1956353
-0.2093193
-0.2162023
-0.2091490
-0.1945365
-0.1853731
-0.1876236
-0.1950383
-0.1973808
-0.1918839
-0.1853569
-0.1857092
-0.1927053
-0.1973372
-0.1897732
-0.1678381
-0.1383700
-0.1110066
-0.0906775
-0.0753320
-0.0598192
-0.0413338
-0.0212903
-0.0025079
0.0147661
0.0332233
0.0541889
0.0732768
0.0819194
0.0746863
0.0551092
0.0333584
0.0177183
0.0085443
0.0005507
-0.0096452
-0.0190539
-0.0217144
-0.0163331
-0.0097246
-0.0115673
-0.0251245
-0.0434250
-0.0553643
-0.0561954
-0.0521582
-0.0543129
-0.0670446
-0.0825410
-0.0876705
-0.0773768
-0.0608509
-0.0531249
-0.0603360
-0.0745137
-0.0835326
-0.0848492
-0.0875303
-0.1006824
-0.1218641
-0.1387438
-0.1418195
-0.1333826
-0.1227070
-0.1140057
-0.1021052
-0.0808185
-0.0530980
-0.0299990
-0.0193616
-0.0173697
-0.0125152
0.0024622
0.0231746
0.0378780
0.0387341
0.0288692
0.0185840
0.0148208
0.0145456
0.0086921
-0.0073000
-0.0270774
-0.0381251
-0.0337993
-0.0208136
-0.0137721
-0.0212918
-0.0379140
-0.0506320
-0.0528672
-0.0503455
-0.0529870
-0.0631260
-0.0736438
-0.0769420
-0.0733336
-0.0695831
-0.0707491
-0.0755897
-0.0800632
-0.0831913
-0.0876846
-0.0955454
-0.1051076
-0.1126452
-0.1150391
-0.1103334
-0.0983753
-0.0835434
-0.0751479
-0.0803415
-0.0942082
-0.0989133
-0.0750048
-0.0117095
0.0978703
0.2703225
0.5299378
0.8788896
1.2631199
1.5760869
1.7138085
1.6415182
1.4129116
1.1243419
0.8476540
0.6014114
0.3758783
0.1731005
0.0166688
-0.0731255
-0.1042518
-0.1081974
-0.1126679
-0.1230521
-0.1300151
-0.1292463
-0.1286708
-0.1374881
-0.1535708
-0.1650475
-0.1632108
-0.1515185
-0.1416470
-0.1420995
-0.1513835
-0.1614673
-0.1664680
-0.1673358
-0.1687882
-0.1730356
-0.1771884
-0.1764337
-0.1692563
-0.1595280
-0.1533503
-0.1532547
-0.1552951
-0.1525252
-0.1419583
-0.1277710
-0.1169911
-0.1119924
-0.1076341
-0.0960596
-0.0745678
-0.0491146
-0.0300375
-0.0238042
-0.0285755
-0.0377562
-0.0473680
-0.0589900
-0.0752909
-0.0939065
-0.1074047
-0.1101692
-0.1050027
-0.1017154
-0.1079009
-0.1209804
-0.1306393
-0.1301106
-0.1241258
-0.1238968
-0.1339534
-0.1456061
-0.1450720
-0.1281541
-0.1057961
-0.0939797
-0.0977275
-0.1057028
-0.1016654
-0.0814909
-0.0579733
-0.0480397
-0.0555236
-0.0671495
-0.0654234
-0.0452237
-0.0181407
-0.0012067
-0.0014131
-0.0106488
-0.0149537
-0.0079017
0.0052832
0.0155903
0.0202933
0.0246164
0.0345396
0.0492761
0.0612091
0.0630768
0.0551266
0.0449340
0.0397542
0.0391232
0.0356188
0.0232673
0.0048715
-0.0095694
-0.0122597
-0.0057735
-0.0014346
-0.0084229
-0.0241114
-0.0364914
-0.0373619
-0.0320566
-0.0337757
-0.0477558
-0.0631914
-0.0632646
-0.0434850
-0.0183973
-0.0083483
-0.0194239
-0.0377871
-0.0447363
-0.0362677
-0.0259647
-0.0288342
-0.0447109
-0.0590366
-0.0586137
-0.0445104
-0.0293959
-0.0236618
-0.0250242
-0.0214460
-0.0037954
0.0244924
0.0501808
0.0624280
0.0621477
0.0594599
0.0623197
0.0682085
0.0675981
0.0556278
0.0389808
0.0291696
0.0289480
0.0282909
0.0164377
-0.0035572
-0.0163619
-0.0119920
0.0008374
0.0023587
-0.0171145
-0.0462715
-0.0647939
-0.0651634
-0.0599506
-0.0665794
-0.0872010
-0.1066314
-0.1099644
-0.0989058
-0.0887094
-0.0909899
-0.1027790
-0.1127234
-0.1151018
-0.1150114
-0.1198219
-0.1280789
-0.1297496
-0.1182122
-0.0997122
-0.0876840
-0.0869728
-0.0862380
-0.0688554
-0.0315910
0.0095705
0.0340223
0.0370020
0.0340121
0.0435171
0.0660445
0.0830397
0.0774504
0.0528047
0.0287143
0.0184726
0.0156674
0.0053611
-0.0146333
-0.0288699
-0.0221079
0.0016010
0.0221938
0.0264059
0.0235361
0.0360342
0.0782481
0.1515079
0.2608958
0.4265175
0.6639823
0.9474571
1.1979902
1.3212771
1.2693264
1.0727791
0.8152748
0.5738808
0.3778290
0.2153250
0.0706399
-0.0500394
-0.1256472
-0.1453622
-0.1228771
-0.0873988
-0.0629650
-0.0556697
-0.0577104
-0.0609397
-0.0653839
-0.0754713
-0.0906139
-0.1024832
-0.1028424
-0.0932651
-0.0856193
-0.0918172
-0.1125057
-0.1360885
-0.1497462
-0.1516751
-0.1516404
-0.1591471
-0.1724548
-0.1807445
-0.1766234
-0.1648155
-0.1578580
-0.1637611
-0.1782956
-0.1893972
-0.1891727
-0.1813673
-0.1765013
-0.1799093
-0.1859024
-0.1844554
-0.1725576
-0.1574235
-0.1484535
-0.1473619
-0.1474224
-0.1423235
-0.1340305
-0.1296802
-0.1306463
-0.1279394
-0.1117830
-0.0848507
-0.0617863
-0.0535632
-0.0549004
-0.0504940
-0.0332980
-0.0131810
-0.0051819
-0.0105506
-0.0130337
0.0038486
0.0373507
0.0665268
0.0734394
0.0608270
0.0470033
0.0455306
0.0533006
0.0581782
0.0543406
0.0473921
0.0457216
0.0500037
0.0528446
0.0477186
0.0358450
0.0230902
0.0118056
-0.0013632
-0.0191232
-0.0376323
-0.0491980
-0.0503031
-0.0452470
-0.0414909
-0.0423310
-0.0448925
-0.0452252
-0.0442349
-0.0467300
-0.0538938
-0.0588287
-0.0526845
-0.0355666
-0.0187279
-0.0140420
-0.0221507
-0.0324153
-0.0340915
-0.0259488
-0.0143774
-0.0035405
0.0100096
0.0316276
0.0593097
0.0835057
0.0969573
0.1017140
0.1040474
0.1047956
0.0989972
0.0852791
0.0713732
0.0670288
0.0725453
0.0775924
0.0726858
0.0598320
0.0490480
0.0446761
0.0392340
0.0239615
0.0028556
-0.0096201
-0.0062766
0.0022012
-0.0012611
-0.0199334
-0.0394515
-0.0451761
-0.0394697
-0.0379552
-0.0493967
-0.0637576
-0.0635252
-0.0451779
-0.0245228
-0.0189010
-0.0280210
-0.0365958
-0.0338614
-0.0244333
-0.0182011
-0.0146709
-0.0026962
0.0248830
0.0610580
0.0917524
0.1113779
0.1288069
0.1596688
0.2188544
0.3235029
0.4949921
0.7416328
1.0294985
1.2766671
1.3927826
1.3378172
1.1471878
0.9001832
0.6633517
0.4602067
0.2854546
0.1361489
0.0227406
-0.0456384
-0.0760821
-0.0865493
-0.0897093
-0.0882621
-0.0845675
-0.0865787
-0.0999066
-0.1184438
-0.1291086
-0.1264714
-0.1193196
-0.1213719
-0.1373174
-0.1595791
-0.1776878
-0.1880881
-0.1935880
-0.1957616
-0.1920649
-0.1811509
-0.1672083
-0.1561245
-0.1494591
-0.1454004
-0.1440978
-0.1475092
-0.1532188
-0.1526926
-0.1394355
-0.1181458
-0.1024186
-0.1013989
-0.1098926
-0.1144284
-0.1095528
-0.1044630
-0.1099333
-0.1211156
-0.1200000
-0.0971924
-0.0659408
-0.0492479
-0.0548063
-0.0679183
-0.0699975
-0.0595529
-0.0512045
-0.0555154
-0.0647740
-0.0618703
-0.0411741
-0.0157319
-0.0023186
-0.0033241
-0.0067035
-0.0008537
0.0154176
0.0365036
0.0573865
0.0751454
0.0873220
0.0928637
0.0937692
0.0929274
0.0900416
0.0817441
0.0670833
0.0516942
0.0435677
0.0431129
0.0399359
0.0236270
-0.0023552
-0.0222395
-0.0256641
-0.0201877
-0.0223678
-0.0384123
-0.0580477
-0.0675550
-0.0649403
-0.0600782
-0.0617749
-0.0680058
-0.0704419
-0.0667665
-0.0644086
-0.0701786
-0.0796361
-0.0814355
-0.0715233
-0.0582064
-0.0519160
-0.0539290
-0.0574928
-0.0569317
-0.0520999
-0.0450007
-0.0358929
-0.0247981
-0.0156027
-0.0152841
-0.0262613
-0.0406217
-0.0464317
-0.0416747
-0.0380365
-0.0469759
-0.0644077
-0.0741485
-0.0665447
-0.0495311
-0.0396524
-0.0445279
-0.0562053
-0.0613437
-0.0563170
-0.0504940
-0.0539559
-0.0644810
-0.0704945
-0.0664335
-0.0602153
-0.0632654
-0.0769881
-0.0926032
-0.1021574
-0.1058623
-0.1087965
-0.1133556
-0.1167431
-0.1159185
-0.1136709
-0.1170108
-0.1281155
-0.1398836
-0.1442326
-0.1429538
-0.1451201
-0.1533721
-0.1577117
-0.1453898
-0.1145733
-0.0765096
-0.0455049
-0.0275485
-0.0177685
-0.0084693
0.0009670
0.0042562
-0.0012708
-0.0080135
-0.0051400
0.0096502
0.0282840
0.0408087
0.0436791
0.0420855
0.0476037
0.0731694
0.1291153
0.2253249
0.3755712
0.5906227
0.8572414
1.1225622
1.3063351
1.3401072
1.2080731
0.9599150
0.6823325
0.4458280
0.2678029
0.1228304
-0.0141352
-0.1378431
-0.2226089
-0.2537214
-0.2456296
-0.2321798
-0.2399299
-0.2674930
-0.2898142
-0.2849557
-0.2563370
-0.2267044
-0.2133490
-0.2143353
-0.2168951
-0.2124097
-0.2021545
-0.1930929
-0.1898213
-0.1894292
-0.1855452
-0.1780001
-0.1738560
-0.1765319
-0.1803020
-0.1804690
-0.1825059
-0.1935425
-0.2089414
-0.2152497
-0.2052075
-0.1848975
-0.1676378
-0.1634200
-0.1708848
-0.1778304
-0.1743797
-0.1661086
-0.1664390
-0.1752180
-0.1757211
-0.1568675
-0.1279447
-0.1059395
-0.0973915
-0.0973631
-0.0972215
-0.0895781
-0.0746379
-0.0635888
-0.0651302
-0.0687499
-0.0554857
-0.0254068
0.0023470
0.0170531
0.0240817
0.0250144
0.0154002
0.0059350
0.0160360
0.0363374
0.0288797
-0.0184445
