0.0144185
0.0288415
0.0124999
-0.0095218
-0.0263311
-0.0403120
-0.0452770
-0.0345117
-0.0226597
-0.0320679
-0.0587834
-0.0752975
-0.0684815
-0.0548981
-0.0544444
-0.0648001
-0.0682113
-0.0534997
-0.0261589
-0.0013994
0.0118561
0.0231756
0.0548084
0.1224416
0.2289967
0.3790958
0.5820252
0.8216772
1.0294641
1.1102621
1.0100037
0.7594215
0.4524633
0.1829639
-0.0056407
-0.1237059
-0.2007608
-0.2515150
-0.2734981
-0.2678188
-0.2491651
-0.2329831
-0.2225104
-0.2137881
-0.2061463
-0.2011991
-0.1968641
-0.1901245
-0.1839702
-0.1854610
-0.1963031
-0.2087893
-0.2126850
-0.2059867
-0.1981959
-0.2006300
-0.2121281
-0.2179876
-0.2071250
-0.1868902
-0.1741455
-0.1729536
-0.1692779
-0.1502986
-0.1226748
-0.1067016
-0.1143990
-0.1367202
-0.1522375
-0.1468671
-0.1244310
-0.0984420
-0.0765370
-0.0570993
-0.0400962
-0.0333370
-0.0426545
-0.0603643
-0.0708295
-0.0675076
-0.0593999
-0.0593402
-0.0692095
-0.0787202
-0.0776941
-0.0678675
-0.0613027
-0.0666660
-0.0790089
-0.0858443
-0.0820871
-0.0745414
-0.0710495
-0.0702646
-0.0653615
-0.0545701
-0.0434593
-0.0367964
-0.0311886
-0.0179855
0.0059362
0.0313988
0.0438765
0.0390109
0.0286598
0.0279704
0.0377787
0.0442471
0.0362519
0.0186891
0.0061067
0.0056993
0.0099291
0.0063823
-0.0068785
-0.0180730
-0.0151762
-0.0012491
0.0072326
-0.0014790
-0.0210414
-0.0342337
-0.0313363
-0.0185386
-0.0098673
-0.0146751
-0.0331477
-0.0600004
-0.0887589
-0.1118111
-0.1191364
-0.1022340
-0.0632937
-0.0190447
0.0098448
0.0160081
0.0102854
0.0081002
0.0132283
0.0172536
0.0131581
0.0053043
0.0039003
0.0109699
0.0154500
0.0056145
-0.0138806
-0.0220278
-0.0028664
0.0340007
0.0581014
0.0445864
-0.0048585
-0.0658881
-0.1122994
-0.1325604
-0.1309676
-0.1186434
-0.1051494
-0.0955668
-0.0904150
-0.0854740
-0.0737942
-0.0523903
-0.0279068
-0.0119131
-0.0079393
-0.0055680
0.0091303
0.0378370
0.0676770
0.0860866
0.0982298
0.1310354
0.2207571
0.3924430
0.6421104
0.9290086
1.1820145
1.3221126
1.2968908
1.1105024
0.8255389
0.5285329
0.2820020
0.1004277
-0.0345821
-0.1411693
-0.2193130
-0.2598964
-0.2644165
-0.2518567
-0.2455497
-0.2541406
-0.2664631
-0.2652802
-0.2453412
-0.2180336
-0.2000247
-0.1985185
-0.2064355
-0.2102840
-0.2028743
-0.1892430
-0.1799265
-0.1783711
-0.1766647
-0.1651103
-0.1446285
-0.1271948
-0.1238211
-0.1339927
-0.1479206
-0.1579698
-0.1658420
-0.1775666
-0.1927932
-0.2022408
-0.1977606
-0.1831106
-0.1712062
-0.1701852
-0.1751061
-0.1750149
-0.1660309
-0.1549089
-0.1503383
-0.1532197
-0.1564965
-0.1533307
-0.1437470
-0.1329063
-0.1245472
-0.1183910
-0.1137489
-0.1122038
-0.1139922
-0.1135347
-0.1027867
-0.0805222
-0.0560803
-0.0415378
-0.0399917
-0.0425237
-0.0372715
-0.0213137
-0.0029082
0.0083860
0.0126611
0.0188694
0.0331381
0.0503735
0.0592309
0.0540548
0.0397788
0.0255393
0.0158994
0.0093067
0.0032816
-0.0017676
-0.0049599
-0.0090492
-0.0183537
-0.0312394
-0.0381050
-0.0315973
-0.0189170
-0.0189533
-0.0430178
-0.0793849
-0.1007717
-0.0893402
-0.0539003
-0.0214762
-0.0120203
-0.0221391
-0.0332026
-0.0326857
-0.0245693
-0.0195920
-0.0202702
-0.0192565
-0.0103677
0.0037246
0.0158934
0.0228966
0.0261856
0.0259372
0.0186791
0.0035011
-0.0109985
-0.0104806
0.0109352
0.0406840
0.0552257
0.0399703
0.0022205
-0.0352053
-0.0519468
-0.0425385
-0.0155790
0.0143776
0.0334418
0.0316390
0.0061283
-0.0348765
-0.0726563
-0.0878507
-0.0748052
-0.0467987
-0.0243988
-0.0169548
-0.0162520
-0.0086245
0.0086982
0.0251128
0.0293911
0.0220120
0.0133079
0.0109246
0.0122593
0.0105050
0.0052625
0.0027782
0.0052956
0.0050611
-0.0066872
-0.0264097
-0.0393499
-0.0362451
-0.0259139
-0.0270675
-0.0469452
-0.0706918
-0.0744012
-0.0487299
-0.0081415
0.0234832
0.0346769
0.0332313
0.0346570
0.0490662
0.0811633
0.1394222
0.2397188
0.3961549
0.6054832
0.8369956
1.0357365
1.1398175
1.1060359
0.9326240
0.6658437
0.3822238
0.1520305
0.0053526
-0.0746883
-0.1257242
-0.1691607
-0.1950586
-0.1810821
-0.1250888
-0.0581243
-0.0238591
-0.0430823
-0.0968263
-0.1444496
-0.1593867
-0.1485066
-0.1387377
-0.1481037
-0.1715243
-0.1921081
-0.2006619
-0.2008963
-0.1979030
-0.1875073
-0.1614689
-0.1225597
-0.0895508
-0.0826544
-0.1036504
-0.1331406
-0.1488338
-0.1451078
-0.1336354
-0.1271301
-0.1259901
-0.1214974
-0.1091821
-0.0956725
-0.0916037
-0.0996603
-0.1117888
-0.1181734
-0.1167753
-0.1125775
-0.1090207
-0.1032337
-0.0907443
-0.0731475
-0.0589626
-0.0560978
-0.0635221
-0.0705637
-0.0649133
-0.0422161
-0.0088266
0.0237299
0.0462983
0.0553691
0.0523054
0.0423043
0.0336754
0.0347169
0.0481985
0.0684611
0.0856044
0.0943030
0.0988495
0.1084368
0.1265512
0.1456535
0.1536805
0.1459005
0.1293885
0.1160118
0.1126953
0.1189600
0.1313014
0.1465449
0.1604250
0.1658047
0.1557964
0.1300055
0.0966208
0.0665439
0.0448232
0.0284750
0.0127691
-0.0018603
-0.0103616
-0.0093531
-0.0006130
0.0120161
0.0270961
0.0451192
0.0640995
0.0778602
0.0806389
0.0736866
0.0658848
0.0659961
0.0738800
0.0805646
0.0778416
0.0668962
0.0562873
0.0520990
0.0521339
0.0506455
0.0471929
0.0483159
0.0594622
0.0766641
0.0885647
0.0874366
0.0765913
0.0653927
0.0582467
0.0512698
0.0399632
0.0267919
0.0183641
0.0163859
0.0148975
0.0076901
-0.0037007
-0.0116309
-0.0111283
-0.0041195
0.0060803
0.0213649
0.0458065
0.0762553
0.1010699
0.1122000
0.1162005
0.1275086
0.1492509
0.1655843
0.1583437
0.1309980
0.1120609
0.1335062
0.2091613
0.3359205
0.5086504
0.7198296
0.9370420
1.0901368
1.1013491
0.9441125
0.6737434
0.3925436
0.1780045
0.0411565
-0.0517285
-0.1273065
-0.1806057
-0.1954548
-0.1757871
-0.1485607
-0.1387643
-0.1489630
-0.1645328
-0.1723915
-0.1697119
-0.1586138
-0.1412200
-0.1226187
-0.1124911
-0.1169874
-0.1291959
-0.1328118
-0.1182079
-0.0932408
-0.0758619
-0.0766821
-0.0907384
-0.1055865
-0.1136106
-0.1142986
-0.1080942
-0.0943975
-0.0773663
-0.0684560
-0.0771603
-0.0991177
-0.1180690
-0.1223663
-0.1174119
-0.1186445
-0.1327930
-0.1495512
-0.1534761
-0.1417542
-0.1268696
-0.1219108
-0.1269050
-0.1318256
-0.1303148
-0.1258829
-0.1241429
-0.1232436
-0.1155346
-0.0975194
-0.0748589
-0.0567547
-0.0473062
-0.0433194
-0.0387442
-0.0291107
-0.0124543
0.0106692
0.0358985
0.0555907
0.0643156
0.0649431
0.0667270
0.0750178
0.0841671
0.0836125
0.0711973
0.0574008
0.0541394
0.0608366
0.0646096
0.0548212
0.0348435
0.0170421
0.0073899
-0.0009230
-0.0165957
-0.0360175
-0.0449960
-0.0358192
-0.0185462
-0.0111849
-0.0193733
-0.0298013
-0.0254510
-0.0046939
0.0178464
0.0286323
0.0296107
0.0333091
0.0459756
0.0595873
0.0614039
0.0484165
0.0299260
0.0174586
0.0151972
0.0199084
0.0263561
0.0305668
0.0303351
0.0266048
0.0249532
0.0324675
0.0500711
0.0680818
0.0718594
0.0539361
0.0210072
-0.0113364
-0.0309410
-0.0370965
-0.0387298
-0.0467569
-0.0670351
-0.0967107
-0.1246201
-0.1368293
-0.1258995
-0.0971560
-0.0652133
-0.0426294
-0.0310397
-0.0230403
-0.0121232
-0.0000805
0.0052555
-0.0014225
-0.0174782
-0.0351621
-0.0486716
-0.0579277
-0.0665107
-0.0774202
-0.0908409
-0.1044976
-0.1151393
-0.1203227
-0.1199603
-0.1163027
-0.1116059
-0.1053603
-0.0945310
-0.0778479
-0.0602294
-0.0513279
-0.0571508
-0.0723472
-0.0828983
-0.0790350
-0.0654707
-0.0565943
-0.0604981
-0.0697373
-0.0705087
-0.0605819
-0.0544097
-0.0670993
-0.0941217
-0.1114246
-0.0992027
-0.0644714
-0.0362985
-0.0372994
-0.0622299
-0.0865047
-0.0931418
-0.0868734
-0.0817914
-0.0809467
-0.0735635
-0.0510681
-0.0193327
0.0088905
0.0307418
0.0578477
0.1059544
0.1873310
0.3153598
0.5049601
0.7504546
0.9961629
1.1420851
1.1022456
0.8737219
0.5490164
0.2518797
0.0522246
-0.0630048
-0.1444518
-0.2164881
-0.2611650
-0.2558247
-0.2115605
-0.1673285
-0.1517264
-0.1599037
-0.1690656
-0.1685883
-0.1681741
-0.1792014
-0.1968207
-0.2052830
-0.1976721
-0.1843557
-0.1805578
-0.1895108
-0.2012289
-0.2061321
-0.2053926
-0.2064614
-0.2117279
-0.2153466
-0.2111761
-0.2008030
-0.1917044
-0.1884445
-0.1879248
-0.1841695
-0.1764207
-0.1704118
-0.1710400
-0.1753752
-0.1750732
-0.1661706
-0.1548808
-0.1518025
-0.1600706
-0.1705685
-0.1704007
-0.1563188
-0.1385049
-0.1298439
-0.1319314
-0.1334597
-0.1231112
-0.1024220
-0.0839895
-0.0774482
-0.0795967
-0.0794355
-0.0710390
-0.0587745
-0.0497824
-0.0443380
-0.0364517
-0.0231965
-0.0096529
-0.0021712
0.0012782
0.0098524
0.0276394
0.0458360
0.0508389
0.0401974
0.0273333
0.0280609
0.0433601
0.0579404
0.0564476
0.0391556
0.0199175
0.0098224
0.0060517
-0.0018386
-0.0172027
-0.0314835
-0.0345027
-0.0265558
-0.0176285
-0.0153330
-0.0165944
-0.0129837
-0.0028435
0.0049437
0.0008690
-0.0127932
-0.0220993
-0.0152073
0.0049528
0.0232031
0.0271823
0.0186366
0.0093789
0.0075329
0.0097141
0.0070597
-0.0029480
-0.0129101
-0.0139194
-0.0055633
0.0040909
0.0075908
0.0048631
0.0004593
-0.0034470
-0.0087127
-0.0163920
-0.0233621
-0.0259902
-0.0262292
-0.0312947
-0.0457588
-0.0650899
-0.0791945
-0.0829468
-0.0817394
-0.0852198
-0.0961034
-0.1068370
-0.1077922
-0.0975861
-0.0843460
-0.0774760
-0.0795948
-0.0867029
-0.0943980
-0.1015371
-0.1072951
-0.1069934
-0.0943381
-0.0693680
-0.0426059
-0.0283621
-0.0322145
-0.0454175
-0.0527883
-0.0468032
-0.0341000
-0.0282226
-0.0361989
-0.0523336
-0.0647618
-0.0672130
-0.0637473
-0.0624854
-0.0662135
-0.0703816
-0.0701171
-0.0675937
-0.0706698
-0.0837294
-0.1013241
-0.1131484
-0.1158416
-0.1174780
-0.1274971
-0.1426492
-0.1469601
-0.1287507
-0.0958907
-0.0692546
-0.0588403
-0.0494557
-0.0139978
0.0605833
0.1667280
0.2977193
0.4669259
0.6907841
0.9450044
1.1456946
1.1919577
1.0420389
0.7518232
0.4354395
0.1835313
0.0142228
-0.1062222
-0.2073357
-0.2847159
-0.3187188
-0.3082730
-0.2772697
-0.2504519
-0.2317312
-0.2098418
-0.1802547
-0.1544995
-0.1468307
-0.1566157
-0.1684018
-0.1690406
-0.1613431
-0.1589274
-0.1690872
-0.1834857
-0.1866780
-0.1724015
-0.1498705
-0.1341832
-0.1319497
-0.1370001
-0.1391018
-0.1350485
-0.1303456
-0.1309206
-0.1351497
-0.1354909
-0.1277032
-0.1168139
-0.1126493
-0.1196604
-0.1322485
-0.1405963
-0.1404699
-0.1365183
-0.1361120
-0.1409841
-0.1457880
-0.1445834
-0.1374107
-0.1294089
-0.1239282
-0.1182887
-0.1076680
-0.0926504
-0.0810140
-0.0804947
-0.0898451
-0.0984369
-0.0959961
-0.0827139
-0.0686828
-0.0628740
-0.0638099
-0.0626520
-0.0551424
-0.0479227
-0.0507490
-0.0629442
-0.0704128
-0.0584650
-0.0274829
0.0059302
0.0243977
0.0255859
0.0216364
0.0237397
0.0297742
0.0286556
0.0152763
-0.0021265
-0.0108887
-0.0084788
-0.0055059
-0.0134929
-0.0314007
-0.0464553
-0.0485206
-0.0416511
-0.0394646
-0.0494591
-0.0642272
-0.0697000
-0.0609456
-0.0473679
-0.0414445
-0.0440838
-0.0434123
-0.0282905
-0.0011186
0.0243339
0.0370301
0.0385085
0.0382725
0.0417686
0.0456195
0.0445208
0.0398169
0.0389869
0.0477167
0.0653804
0.0897042
0.1247544
0.1830090
0.2800307
0.4277587
0.6301088
0.8775959
1.1386403
1.3555124
1.4582051
1.3974930
1.1773532
0.8598886
0.5345366
0.2723372
0.0978490
-0.0050697
-0.0656720
-0.1030338
-0.1227638
-0.1279698
-0.1277084
-0.1335914
-0.1502299
-0.1714823
-0.1871798
-0.1934484
-0.1961265
-0.2040890
-0.2196730
-0.2363434
-0.2461035
-0.2485941
-0.2516061
-0.2618818
-0.2760985
-0.2824736
-0.2721992
-0.2488402
-0.2252971
-0.2109821
-0.2026554
-0.1888920
-0.1635362
-0.1334807
-0.1120529
-0.1051030
-0.1051306
-0.1000423
-0.0869259
-0.0755035
-0.0771745
-0.0916009
-0.1059344
-0.1081269
-0.0998865
-0.0945472
-0.1016141
-0.1150725
-0.1190432
-0.1051319
-0.0823008
-0.0679767
-0.0699746
-0.0791856
-0.0809137
-0.0717231
-0.0625705
-0.0649501
-0.0764832
-0.0829376
-0.0743324
-0.0562421
-0.0431565
-0.0418663
-0.0443392
-0.0380498
-0.0211147
-0.0042064
0.0027907
0.0031271
0.0094091
0.0279054
0.0497460
0.0600107
0.0544462
0.0442195
0.0430844
0.0520677
0.0595522
0.0562646
0.0471975
0.0465317
0.0618683
0.0861655
0.1058088
0.1141346
0.1147880
0.1134475
0.1108290
0.1064235
0.1068085
0.1259188
0.1758889
0.2604786
0.3797492
0.5378310
0.7377961
0.9620691
1.1587859
1.2566974
1.2060455
1.0143117
0.7450313
0.4787515
0.2681585
0.1219844
0.0232181
-0.0432546
-0.0807270
-0.0913084
-0.0875434
-0.0881985
-0.1030765
-0.1256384
-0.1425722
-0.1489813
-0.1516471
-0.1579443
-0.1654394
-0.1655675
-0.1564835
-0.1481450
-0.1519527
-0.1666022
-0.1774403
-0.1712152
-0.1498874
-0.1280430
-0.1175484
-0.1175257
-0.1202705
-0.1238313
-0.1342306
-0.1542658
-0.1740085
-0.1774140
-0.1597324
-0.1354262
-0.1252673
-0.1350558
-0.1492543
-0.1471179
-0.1239973
-0.0950239
-0.0785119
-0.0784721
-0.0844975
-0.0859276
-0.0819439
-0.0771920
-0.0717496
-0.0601899
-0.0407880
-0.0213251
-0.0117482
-0.0114263
-0.0073498
0.0124396
0.0445134
0.0715217
0.0788483
0.0688473
0.0577973
0.0595313
0.0732383
0.0871043
0.0921124
0.0906736
0.0919543
0.1005000
0.1109995
0.1142166
0.1067850
0.0940989
0.0838797
0.0783384
0.0737676
0.0673291
0.0623456
0.0653266
0.0779747
0.0936415
0.1026095
0.1002708
0.0893310
0.0749863
0.0603564
0.0475973
0.0410161
0.0450880
0.0579135
0.0691787
0.0683074
0.0556005
0.0430130
0.0415926
0.0486639
0.0498479
0.0348037
0.0094110
-0.0094963
-0.0110574
-0.0001781
0.0098004
0.0117786
0.0099090
0.0108631
0.0137613
0.0113882
0.0002778
-0.0136672
-0.0210881
-0.0190955
-0.0133470
-0.0109558
-0.0139711
-0.0207573
-0.0310311
-0.0457860
-0.0619225
-0.0708046
-0.0661113
-0.0530414
-0.0460920
-0.0548310
-0.0726568
-0.0823684
-0.0737913
-0.0542521
-0.0403440
-0.0407303
-0.0493592
-0.0552084
-0.0552726
-0.0554383
-0.0602911
-0.0661919
-0.0660435
-0.0582591
-0.0477130
-0.0381257
-0.0269528
-0.0099820
0.0106835
0.0263578
0.0302109
0.0241137
0.0158627
0.0110292
0.0096766
0.0107527
0.0168092
0.0323433
0.0590133
0.0962861
0.1489834
0.2322711
0.3640055
0.5463416
