-0.1774754
-0.1897888
-0.1477502
-0.1148137
-0.1065243
-0.0936121
-0.0703139
-0.0603530
-0.0653310
-0.0589920
-0.0326203
-0.0058036
0.0091124
0.0202403
0.0332361
0.0432387
0.0497830
0.0562708
0.0566222
0.0438257
0.0283146
0.0272999
0.0390661
0.0466069
0.0432695
0.0372722
0.0340953
0.0308377
0.0261782
0.0225761
0.0203859
0.0193822
0.0219073
0.0264986
0.0249838
0.0139160
0.0011525
-0.0069347
-0.0159178
-0.0319229
-0.0483436
-0.0543006
-0.0505196
-0.0477683
-0.0531961
-0.0640678
-0.0713458
-0.0665089
-0.0499866
-0.0339978
-0.0295789
-0.0297662
-0.0151252
0.0211685
0.0627870
0.0884203
0.0926834
0.0855780
0.0787511
0.0769611
0.0784317
0.0798510
0.0821158
0.0897509
0.1021005
0.1096292
0.1050882
0.0943220
0.0880552
0.0858831
0.0775715
0.0595703
0.0414875
0.0341761
0.0369573
0.0387077
0.0291829
0.0092040
-0.0095125
-0.0169150
-0.0173131
-0.0245605
-0.0431071
-0.0606513
-0.0635416
-0.0529305
-0.0399616
-0.0304087
-0.0213762
-0.0104062
-0.0003729
0.0058511
0.0115676
0.0242356
0.0462234
0.0682668
0.0764095
0.0687256
0.0607402
0.0684695
0.0914178
0.1240407
0.1832725
0.3082319
0.5185505
0.7735316
0.9810889
1.0549639
0.9711693
0.7769050
0.5489852
0.3421720
0.1714027
0.0321046
-0.0760937
-0.1491864
-0.1906245
-0.2111616
-0.2182239
-0.2135605
-0.2015415
-0.1923931
-0.1939093
-0.2032428
-0.2098124
-0.2062306
-0.1957949
-0.1885378
-0.1892043
-0.1909537
-0.1838456
-0.1676665
-0.1509295
-0.1375296
-0.1216922
-0.0992531
-0.0777208
-0.0692606
-0.0761254
-0.0880995
-0.0943967
-0.0950085
-0.0990534
-0.1126689
-0.1302284
-0.1400139
-0.1389299
-0.1375323
-0.1472408
-0.1660831
-0.1823614
-0.1903781
-0.1959739
-0.2059838
-0.2182699
-0.2252801
-0.2242139
-0.2202988
-0.2204560
-0.2255184
-0.2297169
-0.2279320
-0.2216458
-0.2152393
-0.2078396
-0.1939594
-0.1733090
-0.1542720
-0.1438213
-0.1382401
-0.1289925
-0.1152180
-0.1041947
-0.0988630
-0.0901002
-0.0653600
-0.0244456
0.0164703
0.0393891
0.0428674
0.0424385
0.0510815
0.0637378
0.0662560
0.0564584
0.0479439
0.0515396
0.0604995
0.0593183
0.0434189
0.0241239
0.0141074
0.0124441
0.0070878
-0.0089898
-0.0281127
-0.0372447
-0.0349462
-0.0335508
-0.0431305
-0.0589173
-0.0690927
-0.0710621
-0.0732375
-0.0811366
-0.0882828
-0.0843449
-0.0694635
-0.0562232
-0.0556526
-0.0618125
-0.0516419
-0.0002396
0.1057850
0.2700788
0.4932159
0.7644286
1.0417994
1.2506373
1.3179487
1.2199173
0.9995652
0.7379711
0.5047297
0.3280487
0.2015933
0.1104731
0.0469380
0.0064296
-0.0199854
-0.0418120
-0.0609868
-0.0742458
-0.0830919
-0.0951016
-0.1136219
-0.1315409
-0.1394017
-0.1374508
-0.1357473
-0.1423478
-0.1543147
-0.1622539
-0.1625765
-0.1621095
-0.1687846
-0.1803097
-0.1865888
-0.1836490
-0.1803762
-0.1884534
-0.2083589
-0.2286186
-0.2377088
-0.2342788
-0.2266814
-0.2247307
-0.2313765
-0.2406512
-0.2440085
-0.2395940
-0.2342485
-0.2348953
-0.2387613
-0.2344241
-0.2138523
-0.1829267
-0.1582508
-0.1517797
-0.1590982
-0.1654452
-0.1633344
-0.1595786
-0.1619307
-0.1638904
-0.1506723
-0.1201299
-0.0896536
-0.0774214
-0.0809152
-0.0801497
-0.0619154
-0.0352896
-0.0196937
-0.0202846
-0.0209682
-0.0040478
0.0274384
0.0523739
0.0555929
0.0433281
0.0329063
0.0325887
0.0362350
0.0346164
0.0257332
0.0134026
0.0002933
-0.0148189
-0.0341944
-0.0573384
-0.0799800
-0.0962140
-0.1020167
-0.0978587
-0.0888105
-0.0814255
-0.0785270
-0.0764953
-0.0697250
-0.0587547
-0.0510485
-0.0510682
-0.0525280
-0.0454448
-0.0297455
-0.0157454
-0.0096455
-0.0046870
0.0086309
0.0280713
0.0441713
0.0616663
0.1099152
0.2242082
0.4157577
0.6644049
0.9400953
1.2204925
1.4771188
1.6511468
1.6667650
1.4887356
1.1673118
0.8139016
0.5236034
0.3196371
0.1686195
0.0381330
-0.0695400
-0.1349697
-0.1567749
-0.1585642
-0.1641286
-0.1763871
-0.1848053
-0.1860928
-0.1890485
-0.2008071
-0.2170199
-0.2287515
-0.2337565
-0.2367113
-0.2413095
-0.2467526
-0.2514238
-0.2561614
-0.2626261
-0.2703770
-0.2770491
-0.2807624
-0.2812538
-0.2790663
-0.2753372
-0.2729612
-0.2757911
-0.2842018
-0.2926913
-0.2957292
-0.2963256
-0.3040828
-0.3218226
-0.3380717
-0.3382791
-0.3226483
-0.3073593
-0.3061953
-0.3149133
-0.3175381
-0.3064370
-0.2912495
-0.2858214
-0.2897489
-0.2883144
-0.2716607
-0.2487748
-0.2374073
-0.2421028
-0.2485288
-0.2412296
-0.2217579
-0.2047552
-0.1984666
-0.1946131
-0.1790000
-0.1486884
-0.1152245
-0.0913254
-0.0778188
-0.0659666
-0.0504016
-0.0349729
-0.0246099
-0.0160248
-0.0011064
0.0218325
0.0448037
0.0588967
0.0628272
0.0612687
0.0578398
0.0530684
0.0480893
0.0459070
0.0464526
0.0426970
0.0264243
-0.0004675
-0.0241275
-0.0325292
-0.0299295
-0.0325205
-0.0484586
-0.0670975
-0.0718670
-0.0608218
-0.0490435
-0.0506215
-0.0631013
-0.0724042
-0.0700822
-0.0611085
-0.0543142
-0.0496606
-0.0389203
-0.0170416
0.0132221
0.0506314
0.1052628
0.1942017
0.3285821
0.5082013
0.7251627
0.9617330
1.1779737
1.3090960
1.2928897
1.1148931
0.8298702
0.5317480
0.2928652
0.1263787
0.0037328
-0.0975407
-0.1692822
-0.1931665
-0.1741306
-0.1434513
-0.1293823
-0.1326824
-0.1349627
-0.1261848
-0.1167011
-0.1212909
-0.1375932
-0.1469197
-0.1366128
-0.1159927
-0.1060056
-0.1155792
-0.1335372
-0.1441883
-0.1454415
-0.1478320
-0.1587322
-0.1731802
-0.1816409
-0.1831053
-0.1866332
-0.1999304
-0.2197084
-0.2359991
-0.2446019
-0.2510893
-0.2610257
-0.2702115
-0.2694456
-0.2583739
-0.2494647
-0.2551713
-0.2732902
-0.2887242
-0.2903574
-0.2835929
-0.2836957
-0.2971696
-0.3128720
-0.3140328
-0.2977033
-0.2785766
-0.2724057
-0.2786114
-0.2819712
-0.2700065
-0.2453649
-0.2205928
-0.2035243
-0.1902878
-0.1723118
-0.1476906
-0.1233918
-0.1064326
-0.0955213
-0.0835219
-0.0667721
-0.0486023
-0.0329529
-0.0176931
0.0027438
0.0288080
0.0529082
0.0666984
0.0703179
0.0721713
0.0785056
0.0849309
0.0813381
0.0657802
0.0501114
0.0484950
0.0612420
0.0736365
0.0718934
0.0577852
0.0453580
0.0444251
0.0503188
0.0513410
0.0446430
0.0413372
0.0538907
0.0800606
0.1030395
0.1093327
0.1049869
0.1125146
0.1531353
0.2347635
0.3572340
0.5239661
0.7398102
0.9902273
1.2224723
1.3565601
1.3290940
1.1376614
0.8462554
0.5454548
0.3017080
0.1353580
0.0345815
-0.0196894
-0.0426991
-0.0492358
-0.0555332
-0.0718080
-0.0952389
-0.1154569
-0.1280616
-0.1393464
-0.1559580
-0.1736699
-0.1813292
-0.1756142
-0.1671285
-0.1692399
-0.1832763
-0.1981657
-0.2044605
-0.2053080
-0.2112184
-0.2255414
-0.2390560
-0.2408447
-0.2319757
-0.2244849
-0.2268127
-0.2344503
-0.2376133
-0.2352450
-0.2364957
-0.2475855
-0.2613150
-0.2636013
-0.2501965
-0.2334054
-0.2295619
-0.2409123
-0.2531760
-0.2520747
-0.2392789
-0.2289143
-0.2297742
-0.2354158
-0.2331807
-0.2194117
-0.2021630
-0.1899141
-0.1816314
-0.1699261
-0.1517909
-0.1324237
-0.1172455
-0.1029544
-0.0803058
-0.0461518
-0.0092784
0.0184429
0.0351984
0.0502163
0.0712175
0.0938867
0.1064635
0.1042533
0.0968095
0.0985309
0.1124532
0.1258049
0.1235366
0.1052156
0.0856930
0.0782653
0.0797143
0.0745656
0.0535077
0.0249595
0.0071268
0.0096153
0.0243370
0.0346809
0.0323269
0.0237215
0.0206119
0.0268994
0.0369464
0.0459390
0.0594024
0.0920766
0.1597876
0.2740317
0.4417898
0.6635349
0.9234045
1.1776337
1.3576069
1.3974055
1.2728956
1.0217015
0.7236818
0.4549424
0.2520926
0.1119744
0.0175185
-0.0408879
-0.0668008
-0.0710043
-0.0735814
-0.0890931
-0.1134679
-0.1309491
-0.1341398
-0.1326121
-0.1397013
-0.1551113
-0.1659270
-0.1642013
-0.1578268
-0.1605335
-0.1739607
-0.1849556
-0.1819793
-0.1701357
-0.1655378
-0.1755882
-0.1900596
-0.1946969
-0.1901860
-0.1918282
-0.2095503
-0.2332161
-0.2422490
-0.2289349
-0.2081148
-0.2017702
-0.2157837
-0.2347186
-0.2398394
-0.2295517
-0.2193332
-0.2222074
-0.2330147
-0.2344136
-0.2167796
-0.1888919
-0.1683121
-0.1635751
-0.1677487
-0.1683921
-0.1608255
-0.1498179
-0.1397199
-0.1267423
-0.1034916
-0.0696189
-0.0341068
-0.0053840
0.0184555
0.0466260
0.0830913
0.1198021
0.1443309
0.1534694
0.1571094
0.1674653
0.1853463
0.1989485
0.1966554
0.1792351
0.1577440
0.1405870
0.1256478
0.1061920
0.0820695
0.0618650
0.0532235
0.0529377
0.0489109
0.0326031
0.0082956
-0.0114725
-0.0193688
-0.0203489
-0.0246190
-0.0354311
-0.0461380
-0.0489843
-0.0442361
-0.0390989
-0.0388961
-0.0417127
-0.0424962
-0.0406180
-0.0406681
-0.0450517
-0.0482497
-0.0416246
-0.0242355
-0.0060974
0.0014767
-0.0022793
-0.0076800
-0.0065923
-0.0019532
-0.0033464
-0.0138583
-0.0241663
-0.0217814
-0.0053443
0.0130294
0.0208926
0.0190413
0.0196184
0.0314322
0.0502551
0.0649149
0.0705200
0.0726026
0.0783131
0.0865003
0.0887421
0.0792734
0.0611948
0.0418800
0.0245773
0.0075358
-0.0090931
-0.0197182
-0.0198170
-0.0143991
-0.0158117
-0.0312864
-0.0545724
-0.0724131
-0.0792473
-0.0832827
-0.0965011
-0.1197297
-0.1402102
-0.1450963
-0.1356329
-0.1256760
-0.1266303
-0.1366345
-0.1456932
-0.1487092
-0.1499093
-0.1545066
-0.1598088
-0.1578843
-0.1463834
-0.1331401
-0.1276938
-0.1297861
-0.1297196
-0.1209516
-0.1091288
-0.1053748
-0.1116149
-0.1165720
-0.1082419
-0.0881237
-0.0700560
-0.0648971
-0.0688271
-0.0684101
-0.0559953
-0.0375573
-0.0244771
-0.0196039
-0.0140874
0.0018434
0.0272753
0.0512554
0.0637819
0.0642386
0.0592212
0.0543790
0.0501155
0.0446038
0.0386620
0.0357954
0.0376429
0.0412822
0.0424026
0.0402528
0.0375578
0.0356801
0.0325916
0.0277385
0.0275002
0.0424452
0.0782609
0.1328185
0.2062951
0.3127221
0.4723863
0.6820040
0.8898202
1.0099229
0.9767690
0.7964459
0.5456431
0.3155307
0.1505051
0.0351634
-0.0666324
-0.1662248
-0.2428496
-0.2737297
-0.2626694
-0.2364792
-0.2181943
-0.2096682
-0.1999202
-0.1839984
-0.1687012
-0.1619106
-0.1622966
-0.1621484
-0.1575027
-0.1517647
-0.1494401
-0.1495380
-0.1472275
-0.1404664
-0.1320404
-0.1246482
-0.1168179
-0.1060446
-0.0944348
-0.0874774
-0.0860585
-0.0826964
-0.0691287
-0.0474396
-0.0304587
-0.0289210
-0.0393683
-0.0475432
-0.0447027
-0.0384456
-0.0446911
-0.0690260
-0.0988209
-0.1157319
-0.1146339
-0.1078034
-0.1107524
-0.1267366
-0.1463765
-0.1598698
-0.1660396
-0.1693492
-0.1718267
-0.1713564
-0.1671620
-0.1631158
-0.1633837
-0.1666397
-0.1675425
-0.1635848
-0.1572290
-0.1499690
-0.1373266
-0.1133985
-0.0799079
-0.0469500
-0.0226944
-0.0044979
0.0165934
0.0428525
0.0652236
0.0743967
0.0746043
0.0817720
0.1060272
0.1389279
0.1616739
0.1654726
0.1601592
0.1614322
0.1729151
0.1844330
0.1868570
0.1838323
0.1861842
0.1973561
0.2087993
0.2103601
0.2014070
0.1887720
0.1760137
0.1596086
0.1367924
0.1129211
0.0971973
0.0923856
0.0924102
0.0902021
0.0842217
0.0756425
0.0629184
0.0439738
0.0232663
0.0112199
0.0130440
0.0206468
0.0204195
0.0092512
-0.0018246
-0.0024033
0.0029799
0.0010126
-0.0105644
-0.0161410
0.0000989
0.0326955
0.0571861
0.0551836
0.0331239
0.0132043
0.0085091
0.0118882
0.0093920
-0.0009728
-0.0084283
-0.0050938
0.0036725
0.0069443
0.0022683
-0.0025494
-0.0007999
0.0048215
0.0073844
0.0059325
0.0063340
0.0120563
0.0179127
0.0154530
0.0028389
-0.0137683
-0.0286011
-0.0426106
-0.0591598
-0.0757530
-0.0845150
-0.0821400
-0.0762229
-0.0785794
-0.0929509
-0.1119912
-0.1267158
-0.1362168
-0.1460964
-0.1589639
-0.1698421
-0.1720224
-0.1652887
-0.1560896
-0.1501467
-0.1471535
-0.1432554
-0.1365603
-0.1282718
-0.1192370
-0.1075304
-0.0898355
-0.0637180
-0.0275147
0.0219235
0.0920088
0.1964405
0.3531062
0.5726496
0.8390387
1.0969919
1.2655379
1.2793568
1.1311910
0.8794601
0.6110302
0.3885603
0.2251366
0.1014161
0.0008134
-0.0731516
-0.1084842
-0.1057637
-0.0839533
-0.0667717
-0.0658012
-0.0767334
-0.0893582
-0.0988722
-0.1078077
-0.1195556
-0.1326109
-0.1419567
-0.1451261
-0.1454852
-0.1488865
-0.1575817
-0.1685389
-0.1781706
-0.1874005
-0.1999294
-0.2150984
-0.2249781
-0.2215770
-0.2071234
-0.1944223
-0.1947347
-0.2060631
-0.2157033
-0.2147208
-0.2075952
-0.2055925
-0.2118822
-0.2166514
-0.2085083
-0.1884039
-0.1689023
-0.1596080
-0.1567792
-0.1498696
-0.1363838
-0.1258978
-0.1277770
-0.1379056
-0.1415400
-0.1297202
-0.1096526
-0.0962645
-0.0948652
-0.0958791
-0.0880374
-0.0736470
-0.0666673
-0.0753904
-0.0908655
-0.0958388
-0.0842944
-0.0685954
-0.0655648
-0.0775168
-0.0900570
-0.0888229
-0.0754822
-0.0646880
-0.0662542
-0.0738005
-0.0728569
-0.0583286
-0.0408174
-0.0351026
-0.0447855
-0.0603644
-0.0713217
-0.0768826
-0.0832932
-0.0926834
-0.0985711
-0.0940569
-0.0822021
-0.0746476
-0.0788961
-0.0893157
-0.0932970
-0.0857976
-0.0748231
-0.0708429
-0.0727187
-0.0677211
-0.0468072
-0.0174953
0.0017383
0.0003850
-0.0131739
-0.0214062
-0.0167385
-0.0079472
-0.0071752
-0.0139739
-0.0156580
-0.0029641
0.0184230
0.0343330
0.0383265
0.0379667
0.0441164
0.0569760
0.0660156
0.0633925
0.0538846
0.0490520
0.0529677
0.0570735
0.0503912
0.0327771
0.0155049
0.0086040
0.0096809
0.0068690
-0.0077146
-0.0291608
-0.0450584
-0.0486133
-0.0452897
-0.0464284
-0.0573920
-0.0728328
-0.0832685
-0.0852480
-0.0844009
-0.0887291
-0.0995926
-0.1098142
-0.1107361
-0.1009675
-0.0881020
-0.0819464
-0.0860557
-0.0954373
-0.1017890
-0.1006106
-0.0936352
-0.0853096
-0.0778008
-0.0697555
-0.0595276
-0.0486607
-0.0412214
-0.0394141
-0.0405566
-0.0394770
-0.0341724
-0.0279514
-0.0244862
-0.0208772
-0.0079386
0.0202182
0.0570484
0.0866196
0.0978236
0.0948276
0.0915009
0.0958051
0.1025818
0.1034499
0.1014149
0.1118078
0.1488968
0.2165260
0.3152922
0.4536654
0.6397870
0.8535699
1.0307399
1.0891345
0.9858995
0.7554817
0.4890810
0.2704570
0.1249621
0.0239821
-0.0682545
-0.1561598
-0.2169743
-0.2342389
-0.2200216
-0.2036698
-0.2032870
-0.2120708
-0.2117535
-0.1953976
-0.1744027
-0.1645225
-0.1686040
-0.1751541
-0.1726350
-0.1621922
-0.1547060
-0.1566191
-0.1614660
-0.1568620
-0.1387149
-0.1162568
-0.1021863
-0.0992605
-0.0985386
