0.1687079
0.1575896
0.1404248
0.1245842
0.1181783
0.1174173
0.1084542
0.0825658
0.0467227
0.0169724
0.0023859
-0.0024757
-0.0096661
-0.0249597
-0.0437303
-0.0576129
-0.0629110
-0.0625485
-0.0615656
-0.0615542
-0.0588683
-0.0480002
-0.0275361
-0.0029893
0.0179356
0.0348233
0.0594259
0.1104456
0.2046968
0.3552535
0.5745110
0.8661874
1.1996090
1.4893861
1.6168151
1.4975484
1.1474840
0.6851011
0.2593911
-0.0386111
-0.2084515
-0.3010258
-0.3577176
-0.3861523
-0.3804864
-0.3477340
-0.3076597
-0.2742265
-0.2473087
-0.2234331
-0.2065673
-0.2024253
-0.2058248
-0.2020302
-0.1836768
-0.1617376
-0.1544252
-0.1658916
-0.1807595
-0.1818294
-0.1697516
-0.1608816
-0.1663533
-0.1782696
-0.1796076
-0.1650457
-0.1471589
-0.1413144
-0.1485404
-0.1566148
-0.1561489
-0.1508377
-0.1501688
-0.1554576
-0.1574944
-0.1483589
-0.1319270
-0.1197717
-0.1178829
-0.1208390
-0.1200095
-0.1145936
-0.1114357
-0.1144655
-0.1177544
-0.1113809
-0.0933229
-0.0731457
-0.0626935
-0.0638053
-0.0664965
-0.0596418
-0.0426951
-0.0259477
-0.0191476
-0.0205963
-0.0182067
-0.0015921
0.0269315
0.0535360
0.0654937
0.0631210
0.0591794
0.0660361
0.0834373
0.0994374
0.1034024
0.0973228
0.0937434
0.1030502
0.1237723
0.1455291
0.1603113
0.1692831
0.1782210
0.1881501
0.1932411
0.1889829
0.1806734
0.1811201
0.1988232
0.2291280
0.2578174
0.2732598
0.2747032
0.2693014
0.2626647
0.2538619
0.2397515
0.2224250
0.2100220
0.2091718
0.2173900
0.2241618
0.2200559
0.2048383
0.1868275
0.1744430
0.1682036
0.1607875
0.1449912
0.1216721
0.0996449
0.0874648
0.0851044
0.0835833
0.0730059
0.0517753
0.0286198
0.0151827
0.0154622
0.0220041
0.0230515
0.0140949
0.0022706
-0.0010734
0.0078471
0.0213163
0.0281730
0.0253097
0.0200873
0.0209912
0.0275531
0.0319941
0.0308110
0.0311395
0.0421435
0.0612186
0.0742166
0.0744214
0.0819340
0.1403721
0.2881734
0.5265161
0.8099701
1.0666417
1.2319605
1.2745053
1.2032663
1.0582971
0.8914908
0.7453742
0.6395938
0.5719397
0.5298452
0.4995110
0.4654963
0.4082865
0.3115632
0.1773561
0.0324929
-0.0857714
-0.1555123
-0.1833868
-0.1924921
-0.1981054
-0.1966900
-0.1774665
-0.1403998
-0.0993294
-0.0684550
-0.0494674
-0.0335298
-0.0138441
0.0063060
0.0179706
0.0169634
0.0083935
0.0010632
-0.0013140
-0.0025177
-0.0082097
-0.0193464
-0.0314957
-0.0396366
-0.0428385
-0.0446991
-0.0499473
-0.0604545
-0.0738613
-0.0857820
-0.0934978
-0.0978626
-0.1021486
-0.1092428
-0.1191765
-0.1283308
-0.1313920
-0.1257681
-0.1150336
-0.1071063
-0.1075608
-0.1143828
-0.1199927
-0.1190626
-0.1141933
-0.1130607
-0.1193643
-0.1273607
-0.1270797
-0.1154565
-0.1005345
-0.0928745
-0.0936783
-0.0938995
-0.0857888
-0.0731894
-0.0679760
-0.0760227
-0.0884265
-0.0885748
-0.0685601
-0.0378038
-0.0144651
-0.0084654
-0.0136168
-0.0158096
-0.0071642
0.0083147
0.0211193
0.0262702
0.0273187
0.0319364
0.0441520
0.0604503
0.0730572
0.0770204
0.0742192
0.0707165
0.0703757
0.0708742
0.0659180
0.0521261
0.0344244
0.0237381
0.0273123
0.0403470
0.0482423
0.0389380
0.0143065
-0.0103791
-0.0191601
-0.0092643
0.0067538
0.0134984
0.0084566
0.0049033
0.0180218
0.0481644
0.0789307
0.0922483
0.0849113
0.0701670
0.0637266
0.0689275
0.0756925
0.0732774
0.0626296
0.0553023
0.0609550
0.0773951
0.0928086
0.0960475
0.0841736
0.0619542
0.0363708
0.0118163
-0.0109053
-0.0323021
-0.0514744
-0.0655822
-0.0717183
-0.0694322
-0.0622155
-0.0568038
-0.0595541
-0.0714803
-0.0866552
-0.0970394
-0.0997551
-0.0989620
-0.1000480
-0.1026891
-0.1007524
-0.0894816
-0.0723187
-0.0594251
-0.0582624
-0.0657670
-0.0711975
-0.0672031
-0.0567396
-0.0480946
-0.0443758
-0.0396559
-0.0250565
0.0032198
0.0426542
0.0909126
0.1543783
0.2517995
0.4084074
0.6398436
0.9311952
1.2236007
1.4239796
1.4439504
1.2509572
0.8955215
0.4880679
0.1374775
-0.1030293
-0.2439821
-0.3245871
-0.3721948
-0.3903297
-0.3759235
-0.3388723
-0.3007262
-0.2763955
-0.2622263
-0.2446811
-0.2186472
-0.1938533
-0.1832789
-0.1882858
-0.1971754
-0.1976728
-0.1893143
-0.1829374
-0.1881374
-0.2018642
-0.2103803
-0.2029482
-0.1830385
-0.1654805
-0.1628012
-0.1744494
-0.1886468
-0.1942333
-0.1910640
-0.1889774
-0.1960497
-0.2081851
-0.2120083
-0.1990597
-0.1759938
-0.1591030
-0.1585631
-0.1687982
-0.1746951
-0.1671996
-0.1525377
-0.1455076
-0.1534063
-0.1674422
-0.1710870
-0.1565101
-0.1317022
-0.1118639
-0.1053146
-0.1077855
-0.1085660
-0.1010029
-0.0877351
-0.0768611
-0.0733658
-0.0742263
-0.0716979
-0.0609973
-0.0448178
-0.0310343
-0.0260379
-0.0290728
-0.0324047
-0.0282282
-0.0166456
-0.0061579
-0.0049824
-0.0119932
-0.0170355
-0.0101890
0.0092711
0.0319861
0.0457501
0.0448562
0.0342745
0.0251594
0.0252966
0.0327700
0.0382873
0.0339340
0.0208516
0.0089800
0.0079298
0.0165146
0.0222427
0.0135292
-0.0076141
-0.0274894
-0.0360517
-0.0379529
-0.0461666
-0.0656323
-0.0859252
-0.0916171
-0.0792870
-0.0625782
-0.0592238
-0.0735989
-0.0935631
-0.1043409
-0.1032032
-0.0993732
-0.1017884
-0.1097337
-0.1151076
-0.1115845
-0.1008671
-0.0909219
-0.0883972
-0.0923525
-0.0957250
-0.0934858
-0.0886741
-0.0891071
-0.0978539
-0.1078454
-0.1072364
-0.0913551
-0.0694434
-0.0576819
-0.0635536
-0.0778401
-0.0844307
-0.0780162
-0.0694208
-0.0724219
-0.0877126
-0.1021856
-0.1032435
-0.0916592
-0.0797905
-0.0783522
-0.0863534
-0.0943521
-0.0961514
-0.0950338
-0.0982230
-0.1078431
-0.1193760
-0.1273594
-0.1297845
-0.1273907
-0.1217759
-0.1154890
-0.1121281
-0.1142227
-0.1206958
-0.1273370
-0.1308984
-0.1330707
-0.1391007
-0.1506807
-0.1608539
-0.1591219
-0.1432772
-0.1242263
-0.1166107
-0.1247648
-0.1391886
-0.1467164
-0.1432681
-0.1366653
-0.1375364
-0.1477773
-0.1583556
-0.1587662
-0.1478804
-0.1345214
-0.1281467
-0.1306005
-0.1366539
-0.1405173
-0.1410198
-0.1414508
-0.1448711
-0.1493274
-0.1485938
-0.1392246
-0.1264000
-0.1203644
-0.1258393
-0.1361281
-0.1393956
-0.1314791
-0.1219737
-0.1258038
-0.1467244
-0.1696843
-0.1729498
-0.1501187
-0.1186145
-0.1038709
-0.1151116
-0.1378600
-0.1496519
-0.1416448
-0.1251130
-0.1184153
-0.1285483
-0.1453886
-0.1533237
-0.1470353
-0.1347335
-0.1272860
-0.1271327
-0.1285345
-0.1262355
-0.1218143
-0.1217986
-0.1301373
-0.1422955
-0.1474106
-0.1380725
-0.1185555
-0.1021166
-0.0991789
-0.1082904
-0.1185763
-0.1205687
-0.1148405
-0.1103722
-0.1139947
-0.1217038
-0.1224731
-0.1116925
-0.0982295
-0.0950667
-0.1039433
-0.1129641
-0.1105763
-0.0994555
-0.0940049
-0.1038687
-0.1215047
-0.1282980
-0.1141726
-0.0896436
-0.0757086
-0.0818223
-0.0969084
-0.1033389
-0.0967642
-0.0890840
-0.0928943
-0.1063124
-0.1148400
-0.1076035
-0.0900401
-0.0785644
-0.0822757
-0.0925663
-0.0937125
-0.0823460
-0.0719161
-0.0763566
-0.0927577
-0.1037203
-0.0965056
-0.0772112
-0.0642698
-0.0682822
-0.0805093
-0.0836206
-0.0729178
-0.0625568
-0.0682697
-0.0872552
-0.1000947
-0.0925389
-0.0712821
-0.0561278
-0.0585395
-0.0705009
-0.0749954
-0.0658942
-0.0548884
-0.0572286
-0.0725994
-0.0842097
-0.0778601
-0.0584683
-0.0448912
-0.0498379
-0.0674543
-0.0805052
-0.0780987
-0.0658962
-0.0592290
-0.0663378
-0.0792538
-0.0823816
-0.0694100
-0.0497781
-0.0384386
-0.0412946
-0.0513288
-0.0573173
-0.0550391
-0.0501543
-0.0503546
-0.0552738
-0.0561317
-0.0464955
-0.0310409
-0.0207157
-0.0204307
-0.0251186
-0.0279596
-0.0283754
-0.0291547
-0.0275539
-0.0134974
0.0203106
0.0666494
0.1057261
0.1227170
0.1230164
0.1262670
0.1444915
0.1702496
0.1885759
0.1961122
0.2030889
0.2177233
0.2345026
0.2404950
0.2303597
0.2111949
0.1921355
0.1729743
0.1476807
0.1188930
0.1021647
0.1095625
0.1310471
0.1395465
0.1174545
0.0742806
0.0350553
0.0137743
0.0018870
-0.0174237
-0.0470521
-0.0709176
-0.0717060
-0.0516402
-0.0320635
-0.0312022
-0.0454206
-0.0554085
-0.0487605
-0.0318756
-0.0187614
-0.0116006
0.0044147
0.0470535
0.1212114
0.2222261
0.3570669
0.5544574
0.8378121
1.1765524
1.4680956
1.5842810
1.4537967
1.1128135
0.6819588
0.2908072
0.0103040
-0.1615937
-0.2647439
-0.3325126
-0.3737067
-0.3827368
-0.3570534
-0.3059818
-0.2493039
-0.2081291
-0.1917600
-0.1911099
-0.1886381
-0.1772519
-0.1667964
-0.1696105
-0.1825034
-0.1876834
-0.1726765
-0.1463866
-0.1315211
-0.1399171
-0.1586692
-0.1650373
-0.1538643
-0.1435235
-0.1518306
-0.1722405
-0.1809523
-0.1657403
-0.1404253
-0.1285479
-0.1373309
-0.1518936
-0.1541173
-0.1431715
-0.1345243
-0.1396209
-0.1511024
-0.1516236
-0.1348892
-0.1125957
-0.1002266
-0.1011647
-0.1071556
-0.1101741
-0.1095401
-0.1085905
-0.1079219
-0.1032637
-0.0898447
-0.0686958
-0.0475234
-0.0338929
-0.0281575
-0.0245829
-0.0183378
-0.0090412
0.0018520
0.0142107
0.0290560
0.0466111
0.0646968
0.0788619
0.0858996
0.0884128
0.0933238
0.1033556
0.1124181
0.1133548
0.1092596
0.1127216
0.1323293
0.1619987
0.1854439
0.1914891
0.1848191
0.1807961
0.1889401
0.2033471
0.2121439
0.2146333
0.2235073
0.2485770
0.2831066
0.3096661
0.3168226
0.3070060
0.2900719
0.2731679
0.2576189
0.2434332
0.2339293
0.2333351
0.2395392
0.2427097
0.2344571
0.2167810
0.1984869
0.1839656
0.1697328
0.1519856
0.1331001
0.1185614
0.1096687
0.1013786
0.0875553
0.0683049
0.0513067
0.0436267
0.0420516
0.0353695
0.0186283
0.0016711
-0.0007063
0.0142232
0.0335970
0.0423221
0.0374441
0.0290334
0.0284676
0.0367490
0.0450230
0.0468644
0.0474793
0.0571213
0.0765919
0.0950330
0.1049990
0.1176462
0.1619144
0.2698347
0.4588378
0.7177689
1.0018579
1.2435842
1.3793080
1.3785802
1.2585852
1.0741615
0.8881894
0.7411478
0.6411482
0.5777291
0.5394049
0.5158693
0.4902882
0.4402925
0.3512262
0.2272558
0.0894118
-0.0360948
-0.1302991
-0.1880960
-0.2160212
-0.2239866
-0.2189717
-0.2049351
-0.1850296
-0.1623762
-0.1410091
-0.1266969
-0.1232709
-0.1266730
-0.1268002
-0.1186073
-0.1089257
-0.1089598
-0.1209489
-0.1344152
-0.1355745
-0.1204685
-0.0998640
-0.0902270
-0.0975537
-0.1111471
-0.1163359
-0.1117906
-0.1093759
-0.1169256
-0.1268470
-0.1247884
-0.1068526
-0.0853001
-0.0770568
-0.0867649
-0.1016124
-0.1049695
-0.0954521
-0.0884074
-0.0959860
-0.1103943
-0.1125094
-0.0949556
-0.0705991
-0.0577611
-0.0614961
-0.0711306
-0.0738914
-0.0687918
-0.0661510
-0.0733269
-0.0837025
-0.0838961
-0.0708851
-0.0560241
-0.0504498
-0.0521524
-0.0510434
-0.0426021
-0.0319950
-0.0264487
-0.0268409
-0.0265040
-0.0174310
0.0013014
0.0215513
0.0345568
0.0406639
0.0477080
0.0602125
0.0735881
0.0793137
0.0736033
0.0617670
0.0561276
0.0669912
0.0913066
0.1119000
0.1130698
0.0969674
0.0806820
0.0772987
0.0834622
0.0858457
0.0768993
0.0632048
0.0587418
0.0690767
0.0829168
0.0830988
0.0666920
0.0491798
0.0459916
0.0545764
0.0589227
0.0486523
0.0294638
0.0163732
0.0195046
0.0351001
0.0486317
0.0480710
0.0347890
0.0199142
0.0111817
0.0070818
0.0030432
-0.0020161
-0.0063336
-0.0080704
-0.0061465
-0.0016934
0.0008535
-0.0025586
-0.0107091
-0.0189068
-0.0249227
-0.0297062
-0.0333047
-0.0341221
-0.0318438
-0.0279221
-0.0239398
-0.0218718
-0.0238464
-0.0287998
-0.0320738
-0.0316911
-0.0320342
-0.0372570
-0.0437318
-0.0436936
-0.0352096
-0.0250704
-0.0222437
-0.0296299
-0.0405733
-0.0437134
-0.0352162
-0.0262399
-0.0323393
-0.0535309
-0.0709311
-0.0670311
-0.0452249
-0.0257432
-0.0249758
-0.0410572
-0.0575744
-0.0603423
-0.0522259
-0.0502150
-0.0647604
-0.0845793
-0.0878238
-0.0675151
-0.0399229
-0.0272939
-0.0369674
-0.0575188
-0.0711140
-0.0696298
-0.0618234
-0.0635099
-0.0781256
-0.0904195
-0.0838750
-0.0612350
-0.0421585
-0.0420909
-0.0579798
-0.0736127
-0.0756818
-0.0660296
-0.0599187
-0.0694942
-0.0880590
-0.0957396
-0.0827307
-0.0611124
-0.0504503
-0.0572474
-0.0723695
-0.0835453
-0.0858210
-0.0830510
-0.0826637
-0.0871865
-0.0904500
-0.0853329
-0.0742823
-0.0669366
-0.0679222
-0.0730408
-0.0773441
-0.0805011
-0.0835757
-0.0863491
-0.0886316
-0.0897458
-0.0873847
-0.0814550
-0.0771014
-0.0785840
-0.0823566
-0.0820806
-0.0784753
-0.0781499
-0.0839729
-0.0916053
-0.0943060
-0.0880112
-0.0748430
-0.0645160
-0.0672246
-0.0810548
-0.0918202
-0.0900524
-0.0827055
-0.0827523
-0.0920412
-0.0999198
-0.0955792
-0.0783002
-0.0588947
-0.0524245
-0.0643009
-0.0824531
-0.0894153
-0.0830168
-0.0778199
-0.0848482
-0.0979037
-0.1025009
-0.0917878
-0.0718254
-0.0567789
-0.0588917
-0.0766953
-0.0935038
-0.0942232
-0.0827660
-0.0761835
-0.0832529
-0.0960642
-0.1011861
-0.0923514
-0.0741139
-0.0592467
-0.0597140
-0.0742285
-0.0881929
-0.0909895
-0.0877478
-0.0882461
-0.0915324
-0.0900260
-0.0831470
-0.0778933
-0.0790605
-0.0852739
-0.0917355
-0.0932895
-0.0892903
-0.0871415
-0.0940445
-0.1042138
-0.1040228
-0.0920302
-0.0827210
-0.0863134
-0.0956412
-0.0983454
-0.0929490
-0.0876789
-0.0901240
-0.1007625
-0.1108598
-0.1076845
-0.0895585
-0.0730969
-0.0754708
-0.0920719
-0.1029122
-0.0987997
-0.0894041
-0.0870506
-0.0937769
-0.1032225
-0.1060081
-0.0960312
-0.0797411
-0.0740520
-0.0862586
-0.1024998
-0.1054578
-0.0961515
-0.0884245
-0.0895318
-0.0960068
-0.1011835
-0.0980489
-0.0829280
-0.0641254
-0.0576491
-0.0674625
-0.0800533
-0.0836793
-0.0801663
-0.0722886
-0.0546830
-0.0253836
0.0067755
0.0335797
0.0551257
0.0726684
0.0864418
0.1018690
0.1233693
0.1419525
0.1453082
0.1395087
0.1426149
0.1570327
0.1663619
0.1591016
0.1382088
0.1097180
0.0795811
0.0578945
0.0485907
0.0402293
0.0235304
0.0087525
0.0072229
0.0071208
-0.0110961
-0.0454553
-0.0787654
-0.1031326
-0.1200695
-0.1295945
-0.1361910
-0.1496735
-0.1651681
-0.1629636
-0.1429692
-0.1328674
-0.1442778
-0.1502620
-0.1276636
-0.0924709
-0.0701997
-0.0578584
-0.0341601
0.0210333
0.1326017
0.3226996
0.5818072
0.8743089
1.1693913
1.4206911
1.5251176
1.3802098
1.0068107
0.5548638
0.1679295
-0.1052209
-0.2706920
-0.3506724
-0.3989754
-0.4628458
-0.5066899
-0.4649914
-0.3815794
-0.3730140
-0.4235350
-0.3645636
-0.1310384
