-0.1012543
-0.0978953
-0.1120165
-0.1375337
-0.1531657
-0.1477053
-0.1333282
-0.1313246
-0.1483133
-0.1711967
-0.1846379
-0.1877851
-0.1905655
-0.1972017
-0.1998155
-0.1899757
-0.1719712
-0.1597496
-0.1611569
-0.1695380
-0.1730194
-0.1691160
-0.1659990
-0.1694959
-0.1734557
-0.1666087
-0.1473630
-0.1271183
-0.1169515
-0.1140617
-0.1054558
-0.0848229
-0.0613109
-0.0484038
-0.0462972
-0.0403651
-0.0188893
0.0113473
0.0316113
0.0330842
0.0277154
0.0343192
0.0561700
0.0770323
0.0804803
0.0693165
0.0620242
0.0709865
0.0886007
0.0969975
0.0886497
0.0734166
0.0653049
0.0662918
0.0661745
0.0568250
0.0427839
0.0364202
0.0447986
0.0636258
0.0836441
0.1011017
0.1222952
0.1612102
0.2355185
0.3629662
0.5546834
0.8037695
1.0756400
1.3108758
1.4448789
1.4359066
1.2851115
1.0361989
0.7552762
0.5034014
0.3166601
0.2010793
0.1398801
0.1061233
0.0753224
0.0348863
-0.0127897
-0.0559946
-0.0853025
-0.1021148
-0.1163695
-0.1357940
-0.1580705
-0.1741811
-0.1786585
-0.1750240
-0.1711659
-0.1714188
-0.1746941
-0.1788884
-0.1838974
-0.1892411
-0.1914448
-0.1872167
-0.1793505
-0.1762904
-0.1832675
-0.1948254
-0.1990747
-0.1905130
-0.1767658
-0.1703018
-0.1735998
-0.1748919
-0.1604999
-0.1309613
-0.1030367
-0.0944912
-0.1072180
-0.1263642
-0.1361687
-0.1354080
-0.1359907
-0.1468699
-0.1617944
-0.1651581
-0.1495989
-0.1252215
-0.1095627
-0.1095461
-0.1158719
-0.1154377
-0.1061089
-0.0962393
-0.0909997
-0.0840926
-0.0658997
-0.0372038
-0.0097912
0.0078897
0.0218313
0.0453467
0.0818136
0.1188992
0.1420626
0.1510697
0.1593356
0.1771172
0.1992523
0.2119567
0.2095199
0.2002383
0.1950881
0.1939484
0.1864263
0.1659234
0.1397303
0.1231149
0.1240338
0.1350300
0.1401296
0.1287594
0.1031777
0.0743262
0.0523184
0.0406140
0.0369125
0.0371024
0.0377573
0.0365191
0.0325158
0.0275190
0.0255836
0.0294112
0.0362026
0.0386142
0.0321526
0.0220002
0.0201926
0.0335615
0.0548184
0.0683079
0.0661508
0.0569877
0.0561004
0.0671556
0.0770027
0.0706366
0.0491745
0.0291227
0.0232712
0.0260598
0.0211314
0.0016552
-0.0216169
-0.0340365
-0.0347312
-0.0360394
-0.0462359
-0.0583885
-0.0596919
-0.0486760
-0.0375703
-0.0369655
-0.0433896
-0.0461982
-0.0436833
-0.0452582
-0.0556144
-0.0630853
-0.0512932
-0.0217785
0.0032002
0.0062328
-0.0004422
0.0167211
0.0787328
0.1766673
0.2941536
0.4404149
0.6444223
0.9053416
1.1544261
1.2830474
1.2225848
1.0005294
0.7163328
0.4619939
0.2658290
0.1060424
-0.0358967
-0.1464613
-0.2008269
-0.1988210
-0.1709950
-0.1513452
-0.1511896
-0.1608024
-0.1693712
-0.1764900
-0.1857192
-0.1947483
-0.1970757
-0.1914069
-0.1845905
-0.1839861
-0.1897125
-0.1966423
-0.2025599
-0.2111195
-0.2256858
-0.2423949
-0.2521574
-0.2503551
-0.2430992
-0.2419804
-0.2520100
-0.2656179
-0.2697025
-0.2587435
-0.2400697
-0.2256034
-0.2192629
-0.2141516
-0.2025284
-0.1866066
-0.1770161
-0.1803710
-0.1907777
-0.1958415
-0.1904006
-0.1817867
-0.1805845
-0.1882335
-0.1960742
-0.1960167
-0.1892512
-0.1831068
-0.1815931
-0.1822074
-0.1819467
-0.1827492
-0.1879699
-0.1948456
-0.1946949
-0.1827474
-0.1655448
-0.1550636
-0.1551437
-0.1567514
-0.1488376
-0.1320666
-0.1181235
-0.1146398
-0.1141717
-0.1016716
-0.0723596
-0.0384223
-0.0159005
-0.0071789
0.0000320
0.0164505
0.0378039
0.0501711
0.0465856
0.0342622
0.0247489
0.0207689
0.0160648
0.0062476
-0.0054403
-0.0149776
-0.0258418
-0.0449428
-0.0702872
-0.0882607
-0.0876219
-0.0743167
-0.0670240
-0.0762448
-0.0918261
-0.0954031
-0.0835940
-0.0730467
-0.0797780
-0.0974819
-0.1021839
-0.0790746
-0.0399304
-0.0103932
-0.0024702
-0.0045416
0.0013497
0.0181479
0.0341000
0.0412134
0.0459361
0.0585715
0.0771248
0.0882352
0.0841486
0.0726903
0.0665374
0.0661915
0.0600372
0.0420907
0.0235474
0.0212377
0.0364249
0.0512817
0.0487322
0.0315239
0.0170350
0.0149029
0.0160505
0.0072105
-0.0062345
0.0046539
0.0749027
0.2241407
0.4465830
0.7099529
0.9564055
1.1118757
1.1149422
0.9555476
0.6904914
0.4126979
0.1936410
0.0478025
-0.0521196
-0.1312788
-0.1876511
-0.2066916
-0.1902683
-0.1623073
-0.1460586
-0.1428686
-0.1380391
-0.1241452
-0.1114208
-0.1132786
-0.1274550
-0.1380838
-0.1360681
-0.1310266
-0.1387609
-0.1597778
-0.1764845
-0.1736905
-0.1577448
-0.1507080
-0.1661377
-0.1950761
-0.2179688
-0.2270450
-0.2324547
-0.2466457
-0.2676847
-0.2816790
-0.2798366
-0.2685536
-0.2611976
-0.2630866
-0.2678498
-0.2675040
-0.2618616
-0.2559246
-0.2507614
-0.2412192
-0.2233420
-0.2008369
-0.1817162
-0.1700718
-0.1641864
-0.1623441
-0.1662303
-0.1757112
-0.1829773
-0.1775368
-0.1590605
-0.1414821
-0.1397356
-0.1527908
-0.1642576
-0.1618844
-0.1529083
-0.1553129
-0.1742656
-0.1925868
-0.1883674
-0.1599781
-0.1291213
-0.1182610
-0.1283650
-0.1411227
-0.1405531
-0.1282538
-0.1172421
-0.1151966
-0.1173083
-0.1140674
-0.1018040
-0.0842277
-0.0666917
-0.0520548
-0.0411087
-0.0333530
-0.0259622
-0.0145709
0.0020567
0.0187411
0.0280656
0.0286409
0.0268556
0.0284800
0.0303918
0.0244103
0.0099555
-0.0010609
0.0042624
0.0246387
0.0452493
0.0546907
0.0571484
0.0640851
0.0769838
0.0859907
0.0890850
0.1079032
0.1781114
0.3235312
0.5426451
0.8169613
1.1197083
1.4060408
1.6018681
1.6258952
1.4447534
1.1113576
0.7390878
0.4272340
0.2062402
0.0498721
-0.0709713
-0.1565220
-0.1951772
-0.1946810
-0.1828832
-0.1800540
-0.1821976
-0.1762643
-0.1637111
-0.1598134
-0.1718171
-0.1880750
-0.1935521
-0.1897239
-0.1911280
-0.2036054
-0.2146010
-0.2093096
-0.1912830
-0.1800673
-0.1888131
-0.2104377
-0.2286060
-0.2374551
-0.2445582
-0.2557480
-0.2644573
-0.2606427
-0.2467901
-0.2384133
-0.2468816
-0.2658664
-0.2785420
-0.2767752
-0.2691863
-0.2694061
-0.2797814
-0.2897148
-0.2889084
-0.2786722
-0.2689383
-0.2665662
-0.2691514
-0.2695469
-0.2634690
-0.2515133
-0.2358437
-0.2173962
-0.1961536
-0.1722997
-0.1466733
-0.1214423
-0.1005465
-0.0871323
-0.0784781
-0.0650120
-0.0382322
-0.0010300
0.0326743
0.0516768
0.0598244
0.0709067
0.0905697
0.1076550
0.1075949
0.0922986
0.0803904
0.0851229
0.0967694
0.0928985
0.0655064
0.0316624
0.0137873
0.0135061
0.0113115
-0.0079487
-0.0359125
-0.0515969
-0.0480965
-0.0415085
-0.0515273
-0.0784376
-0.1043595
-0.1152686
-0.1153859
-0.1174560
-0.1236792
-0.1222803
-0.1029475
-0.0705233
-0.0402644
-0.0221473
-0.0139087
-0.0088458
-0.0052258
-0.0048313
-0.0054555
-0.0006625
0.0117403
0.0253316
0.0327795
0.0357706
0.0424431
0.0544444
0.0617094
0.0544424
0.0379924
0.0296031
0.0381342
0.0514949
0.0494075
0.0276110
0.0034994
-0.0050092
-0.0017726
-0.0076603
-0.0338393
-0.0661689
-0.0806390
-0.0715140
-0.0581025
-0.0622471
-0.0839436
-0.1037490
-0.1075264
-0.1028664
-0.1082123
-0.1292619
-0.1514246
-0.1563695
-0.1419475
-0.1224666
-0.1109760
-0.1056086
-0.0948768
-0.0733377
-0.0482433
-0.0306191
-0.0229963
-0.0182928
-0.0094866
0.0027803
0.0131035
0.0190094
0.0224490
0.0238876
0.0189247
0.0042667
-0.0140372
-0.0229632
-0.0161461
-0.0032305
-0.0011484
-0.0145391
-0.0282437
-0.0232987
0.0005029
0.0232749
0.0292912
0.0292987
0.0534527
0.1227946
0.2346344
0.3792753
0.5618822
0.7913148
1.0395604
1.2228447
1.2444425
1.0720309
0.7741533
0.4727948
0.2532150
0.1160621
0.0108822
-0.0942839
-0.1825885
-0.2204640
-0.2053303
-0.1724885
-0.1582592
-0.1658326
-0.1713624
-0.1581261
-0.1367885
-0.1307087
-0.1472486
-0.1696437
-0.1771757
-0.1685050
-0.1614574
-0.1710326
-0.1916573
-0.2033656
-0.1940346
-0.1725855
-0.1591501
-0.1639028
-0.1778958
-0.1848613
-0.1795216
-0.1717676
-0.1731771
-0.1824476
-0.1866182
-0.1761585
-0.1563174
-0.1420153
-0.1424236
-0.1524808
-0.1600689
-0.1598574
-0.1579627
-0.1627147
-0.1728658
-0.1773374
-0.1672461
-0.1467249
-0.1299713
-0.1270655
-0.1337858
-0.1367669
-0.1286334
-0.1163083
-0.1127597
-0.1210860
-0.1292637
-0.1224996
-0.0999871
-0.0771091
-0.0700606
-0.0796016
-0.0914976
-0.0922643
-0.0820059
-0.0705797
-0.0632163
-0.0535339
-0.0320798
0.0006141
0.0328417
0.0541868
0.0667568
0.0816050
0.1043096
0.1266268
0.1344557
0.1237919
0.1068821
0.1010340
0.1113935
0.1259208
0.1280083
0.1133039
0.0929168
0.0801951
0.0761644
0.0697688
0.0522462
0.0291162
0.0159486
0.0221946
0.0407086
0.0543527
0.0524314
0.0395376
0.0285708
0.0269584
0.0309830
0.0324645
0.0285366
0.0237430
0.0237378
0.0288449
0.0344630
0.0369245
0.0376723
0.0410142
0.0479787
0.0532836
0.0496305
0.0359894
0.0214086
0.0187887
0.0326676
0.0528062
0.0620685
0.0532017
0.0378093
0.0362290
0.0566977
0.0856165
0.1009760
0.0965252
0.0921032
0.1202997
0.2046459
0.3504953
0.5502942
0.7859325
1.0186602
1.1830324
1.2091185
1.0688349
0.8067720
0.5191060
0.2912818
0.1478304
0.0572763
-0.0195274
-0.0896540
-0.1331037
-0.1376508
-0.1199081
-0.1106074
-0.1243951
-0.1488366
-0.1620964
-0.1570971
-0.1467425
-0.1483336
-0.1661480
-0.1891136
-0.2030433
-0.2039215
-0.2002366
-0.2034506
-0.2159950
-0.2281306
-0.2271270
-0.2103854
-0.1891984
-0.1782953
-0.1813004
-0.1877023
-0.1850741
-0.1729779
-0.1625317
-0.1622947
-0.1676558
-0.1667053
-0.1551433
-0.1414736
-0.1359755
-0.1374421
-0.1345800
-0.1206389
-0.1032086
-0.0967423
-0.1062158
-0.1210358
-0.1262421
-0.1180407
-0.1064196
-0.1031316
-0.1095021
-0.1169635
-0.1177105
-0.1124736
-0.1077016
-0.1070244
-0.1070329
-0.1012424
-0.0871063
-0.0686468
-0.0526268
-0.0426578
-0.0368752
-0.0305823
-0.0205602
-0.0070128
0.0078760
0.0225963
0.0374215
0.0532004
0.0695212
0.0845010
0.0964614
0.1053209
0.1116974
0.1146603
0.1113164
0.0998566
0.0835461
0.0708490
0.0695801
0.0791210
0.0885832
0.0850112
0.0658063
0.0431438
0.0340733
0.0445257
0.0633671
0.0735438
0.0693445
0.0614757
0.0642455
0.0787650
0.0908175
0.0858937
0.0647122
0.0422637
0.0321963
0.0341985
0.0371604
0.0326195
0.0231291
0.0181449
0.0239564
0.0384074
0.0541258
0.0658690
0.0756622
0.0923157
0.1258751
0.1814419
0.2589234
0.3611568
0.5020991
0.7002286
0.9531834
1.2133484
1.3945674
1.4176179
1.2629098
0.9849475
0.6746118
0.4027123
0.1922381
0.0338996
-0.0826449
-0.1565739
-0.1875609
-0.1881490
-0.1784629
-0.1709701
-0.1652043
-0.1573158
-0.1497221
-0.1481232
-0.1519918
-0.1535550
-0.1477261
-0.1395805
-0.1386599
-0.1468876
-0.1557892
-0.1571146
-0.1535967
-0.1557245
-0.1677018
-0.1799077
-0.1782284
-0.1604139
-0.1404680
-0.1352345
-0.1474430
-0.1634314
-0.1676457
-0.1582423
-0.1476392
-0.1482413
-0.1590156
-0.1671373
-0.1624677
-0.1488120
-0.1396602
-0.1433519
-0.1541984
-0.1591712
-0.1522878
-0.1404958
-0.1347979
-0.1371243
-0.1380888
-0.1280890
-0.1087760
-0.0916102
-0.0853779
-0.0872139
-0.0870158
-0.0792637
-0.0682876
-0.0615487
-0.0594548
-0.0535890
-0.0353794
-0.0058546
0.0238889
0.0421916
0.0468813
0.0460211
0.0489633
0.0569358
0.0625747
0.0586352
0.0467929
0.0371635
0.0384325
0.0484626
0.0555470
0.0497367
0.0326606
0.0154168
0.0069214
0.0053763
0.0016828
-0.0096382
-0.0241170
-0.0319276
-0.0277962
-0.0156024
-0.0036441
0.0031996
0.0057011
0.0058102
0.0025746
-0.0056652
-0.0158088
-0.0194013
-0.0096862
0.0106084
0.0300004
0.0382539
0.0358681
0.0326579
0.0363350
0.0436192
0.0445201
0.0355327
0.0262209
0.0301868
0.0494033
0.0695818
0.0729012
0.0553147
0.0301381
0.0141061
0.0108897
0.0095813
-0.0010243
-0.0188693
-0.0309031
-0.0280449
-0.0157219
-0.0085591
-0.0156032
-0.0320773
-0.0456259
-0.0494250
-0.0481224
-0.0511354
-0.0615342
-0.0729270
-0.0772436
-0.0739794
-0.0703188
-0.0725591
-0.0792935
-0.0843083
-0.0854359
-0.0883541
-0.0998914
-0.1178321
-0.1294576
-0.1222030
-0.0957803
-0.0622840
-0.0337910
-0.0113751
0.0120392
0.0387733
0.0592432
0.0600186
0.0389846
0.0105131
-0.0064846
-0.0061643
-0.0005572
-0.0062090
-0.0268616
-0.0506648
-0.0641994
-0.0671231
-0.0713268
-0.0863585
-0.1079575
-0.1224029
-0.1214686
-0.1111995
-0.1050658
-0.1097887
-0.1199496
-0.1264463
-0.1274272
-0.1285064
-0.1333913
-0.1379246
-0.1353094
-0.1255571
-0.1168290
-0.1165356
-0.1228014
-0.1266873
-0.1225949
-0.1140327
-0.1072106
-0.1001368
-0.0815098
-0.0426094
0.0107157
0.0603417
0.0912950
0.1045132
0.1140730
0.1332645
0.1665477
0.2179717
0.3062974
0.4644137
0.7126388
1.0240733
1.3161626
1.4855384
1.4657831
1.2653271
0.9574262
0.6328208
0.3530971
0.1358934
-0.0281573
-0.1510776
-0.2369761
-0.2860248
-0.3011434
-0.2902055
-0.2653930
-0.2414100
-0.2303524
-0.2339254
-0.2408351
-0.2358440
-0.2145626
-0.1887779
-0.1748672
-0.1766639
-0.1821507
-0.1784575
-0.1674770
-0.1626897
-0.1709121
-0.1824020
-0.1827901
-0.1722086
-0.1669439
-0.1804826
-0.2067959
-0.2263661
-0.2278645
-0.2196141
-0.2177194
-0.2261327
-0.2331111
-0.2274095
-0.2129180
-0.2035725
-0.2064933
-0.2156343
-0.2225311
-0.2275488
-0.2359340
-0.2454314
-0.2446875
-0.2271263
-0.2029356
-0.1917158
-0.2017541
-0.2200617
-0.2263025
-0.2150885
-0.2000622
-0.1950736
-0.1961921
-0.1870784
-0.1605968
-0.1293028
-0.1117337
-0.1112414
-0.1125423
-0.0994809
-0.0727825
-0.0474343
-0.0336767
-0.0246488
-0.0052778
0.0287357
0.0647901
0.0868817
0.0920945
0.0914809
0.0963992
0.1071159
0.1152477
0.1149147
0.1091146
0.1049899
0.1047478
0.1034531
0.0959537
0.0835700
0.0717641
0.0623838
0.0514623
0.0357061
0.0187663
0.0085419
0.0082619
0.0119408
0.0100894
-0.0000017
-0.0111210
-0.0149367
-0.0132743
-0.0173287
-0.0337311
-0.0540412
-0.0622277
-0.0528889
-0.0386140
-0.0369383
-0.0511924
-0.0667527
-0.0670870
-0.0518684
-0.0364383
-0.0326259
-0.0335922
-0.0221183
0.0068724
0.0379188
0.0521718
0.0490543
0.0459464
0.0573089
0.0788922
0.0944821
0.0955355
0.0905633
0.0941041
0.1088514
0.1226338
0.1239241
0.1157076
0.1094679
0.1083757
0.1037260
0.0891047
0.0714055
0.0633799
0.0683097
0.0759112
0.0725805
0.0538652
0.0274015
0.0039121
-0.0150172
-0.0376825
-0.0678905
-0.0936760
