-0.0988625
-0.0976140
-0.1023321
-0.1075974
-0.1045214
-0.0912449
-0.0758475
-0.0686777
-0.0725011
-0.0808643
-0.0857931
-0.0857085
-0.0846271
-0.0841943
-0.0789769
-0.0619919
-0.0347284
-0.0087107
0.0060529
0.0144554
0.0356699
0.0874662
0.1730735
0.2870385
0.4329561
0.6265643
0.8699348
1.1187761
1.2842611
1.2839222
1.1044581
0.8182127
0.5332942
0.3198559
0.1772957
0.0651244
-0.0416665
-0.1295286
-0.1713604
-0.1640416
-0.1357142
-0.1186644
-0.1209846
-0.1267367
-0.1197723
-0.1023030
-0.0897337
-0.0915352
-0.1011152
-0.1043766
-0.0953362
-0.0814369
-0.0743879
-0.0779152
-0.0855026
-0.0892980
-0.0895509
-0.0940912
-0.1084061
-0.1271398
-0.1368416
-0.1283389
-0.1066459
-0.0878639
-0.0852484
-0.0977834
-0.1123439
-0.1167938
-0.1105293
-0.1024511
-0.0999812
-0.1015306
-0.0997538
-0.0906269
-0.0777971
-0.0680861
-0.0641039
-0.0622718
-0.0576308
-0.0493431
-0.0408167
-0.0347986
-0.0291111
-0.0178394
0.0027334
0.0289583
0.0509038
0.0599704
0.0568064
0.0515793
0.0549771
0.0679895
0.0812859
0.0858715
0.0839661
0.0873887
0.1040255
0.1272419
0.1411477
0.1370311
0.1228389
0.1146999
0.1197344
0.1292905
0.1296363
0.1173187
0.1019409
0.0943397
0.0944901
0.0924235
0.0798404
0.0587728
0.0384487
0.0250754
0.0159511
0.0033848
-0.0164067
-0.0382909
-0.0515378
-0.0486135
-0.0323391
-0.0152855
-0.0108179
-0.0222779
-0.0398296
-0.0490316
-0.0442158
-0.0337844
-0.0313862
-0.0413035
-0.0532895
-0.0529475
-0.0372424
-0.0186832
-0.0133290
-0.0249087
-0.0414770
-0.0477340
-0.0399540
-0.0284862
-0.0262385
-0.0355660
-0.0464910
-0.0470451
-0.0348541
-0.0188894
-0.0104944
-0.0129000
-0.0192019
-0.0201361
-0.0134549
-0.0053779
-0.0028859
-0.0053968
-0.0053166
0.0027021
0.0142817
0.0190297
0.0122959
0.0016021
-0.0007767
0.0081350
0.0172019
0.0120785
-0.0092941
-0.0333929
-0.0437853
-0.0364235
-0.0220330
-0.0144509
-0.0180394
-0.0263683
-0.0311838
-0.0307959
-0.0299051
-0.0329914
-0.0391075
-0.0429414
-0.0404039
-0.0332682
-0.0285732
-0.0329137
-0.0463816
-0.0621286
-0.0729158
-0.0785897
-0.0860723
-0.1006894
-0.1180189
-0.1265665
-0.1200209
-0.1057561
-0.0987062
-0.1058563
-0.1182499
-0.1200346
-0.1050730
-0.0829256
-0.0679503
-0.0641256
-0.0623670
-0.0524766
-0.0357118
-0.0241418
-0.0280456
-0.0452336
-0.0633039
-0.0718735
-0.0719735
-0.0734653
-0.0836992
-0.0991125
-0.1082243
-0.1030903
-0.0877722
-0.0751380
-0.0749985
-0.0855608
-0.0967434
-0.1012378
-0.1010754
-0.1030791
-0.1094139
-0.1145551
-0.1117944
-0.1011642
-0.0895950
-0.0835891
-0.0829139
-0.0818204
-0.0757024
-0.0659868
-0.0587635
-0.0588514
-0.0646505
-0.0683628
-0.0621676
-0.0456892
-0.0273431
-0.0163668
-0.0121493
-0.0027025
0.0239556
0.0667135
0.1119650
0.1492618
0.1861502
0.2465693
0.3547874
0.5202006
0.7323761
0.9616599
1.1596388
1.2660592
1.2322544
1.0532133
0.7806924
0.4978696
0.2707010
0.1157590
0.0093982
-0.0765722
-0.1491649
-0.1978982
-0.2149660
-0.2071966
-0.1909141
-0.1801901
-0.1807424
-0.1906764
-0.2030588
-0.2090531
-0.2034856
-0.1902879
-0.1809267
-0.1843994
-0.1980259
-0.2096935
-0.2102710
-0.2029853
-0.1993702
-0.2062508
-0.2180396
-0.2224061
-0.2126778
-0.1936112
-0.1751288
-0.1616756
-0.1487794
-0.1297758
-0.1045659
-0.0806116
-0.0652382
-0.0577292
-0.0498087
-0.0342028
-0.0125184
0.0057069
0.0119510
0.0066803
-0.0015812
-0.0048609
-0.0030338
-0.0024574
-0.0077574
-0.0156134
-0.0171833
-0.0068496
0.0115658
0.0275816
0.0333859
0.0306945
0.0284819
0.0339205
0.0455155
0.0551462
0.0568946
0.0538623
0.0559830
0.0703928
0.0933081
0.1116505
0.1139717
0.1011284
0.0863835
0.0838976
0.0958962
0.1110084
0.1159698
0.1092501
0.1023038
0.1065073
0.1195534
0.1266999
0.1164388
0.0935654
0.0746316
0.0703230
0.0745027
0.0725479
0.0596684
0.0481600
0.0546665
0.0809462
0.1091452
0.1170176
0.0974817
0.0631287
0.0325841
0.0134658
-0.0018885
-0.0257944
-0.0614267
-0.0987972
-0.1232501
-0.1280812
-0.1199511
-0.1126148
-0.1150155
-0.1248384
-0.1332485
-0.1353687
-0.1351605
-0.1394285
-0.1479134
-0.1514425
-0.1414161
-0.1205071
-0.1018895
-0.0966275
-0.1025805
-0.1072012
-0.1013812
-0.0891981
-0.0829999
-0.0894432
-0.1017601
-0.1064037
-0.0966910
-0.0790359
-0.0657593
-0.0626238
-0.0640952
-0.0604753
-0.0485695
-0.0345158
-0.0262723
-0.0242433
-0.0203165
-0.0065550
0.0157194
0.0366003
0.0478627
0.0516860
0.0575253
0.0697856
0.0801592
0.0745247
0.0482834
0.0135422
-0.0107822
-0.0165398
-0.0133407
-0.0176330
-0.0356442
-0.0582016
-0.0719784
-0.0738391
-0.0725715
-0.0773065
-0.0867108
-0.0912223
-0.0851520
-0.0742673
-0.0697991
-0.0754518
-0.0824256
-0.0788953
-0.0637274
-0.0482227
-0.0423440
-0.0399381
-0.0197745
0.0384832
0.1420077
0.2902789
0.4885595
0.7453178
1.0462159
1.3301784
1.5028484
1.4907095
1.2944810
0.9925631
0.6880725
0.4448804
0.2657635
0.1225468
0.0001381
-0.0888637
-0.1254668
-0.1117224
-0.0742896
-0.0434511
-0.0312769
-0.0293085
-0.0240930
-0.0129650
-0.0057950
-0.0136160
-0.0365934
-0.0629895
-0.0799281
-0.0854450
-0.0896425
-0.1033590
-0.1261109
-0.1466845
-0.1561560
-0.1585343
-0.1661017
-0.1842993
-0.2042796
-0.2130651
-0.2098347
-0.2080180
-0.2190742
-0.2368473
-0.2425420
-0.2262946
-0.2003647
-0.1874513
-0.1965420
-0.2136346
-0.2176349
-0.2030203
-0.1840950
-0.1776047
-0.1844305
-0.1899558
-0.1802511
-0.1548683
-0.1239964
-0.0965412
-0.0734689
-0.0512738
-0.0282753
-0.0058211
0.0151176
0.0361825
0.0598605
0.0863625
0.1130192
0.1368424
0.1574648
0.1771825
0.1974680
0.2150729
0.2223952
0.2135990
0.1916714
0.1685575
0.1559392
0.1544746
0.1530592
0.1403445
0.1168965
0.0943224
0.0817806
0.0751256
0.0615361
0.0347122
0.0032565
-0.0175353
-0.0214434
-0.0173845
-0.0197889
-0.0345665
-0.0555790
-0.0735671
-0.0858313
-0.0960323
-0.1064362
-0.1134280
-0.1116988
-0.1011627
-0.0876613
-0.0767459
-0.0684438
-0.0593783
-0.0491506
-0.0422432
-0.0420606
-0.0440232
-0.0372629
-0.0151622
0.0160907
0.0412017
0.0492883
0.0437984
0.0386609
0.0447294
0.0604331
0.0755899
0.0831691
0.0857662
0.0901888
0.0972632
0.0992727
0.0882945
0.0657227
0.0416298
0.0243456
0.0120978
-0.0036587
-0.0270736
-0.0519423
-0.0680489
-0.0724651
-0.0725446
-0.0773771
-0.0884700
-0.1009391
-0.1125911
-0.1277807
-0.1499175
-0.1724094
-0.1816171
-0.1708616
-0.1494101
-0.1344838
-0.1340391
-0.1395978
-0.1370091
-0.1220441
-0.1027784
-0.0876723
-0.0754873
-0.0591258
-0.0364573
-0.0124897
0.0105084
0.0424993
0.1037473
0.2152717
0.3921006
0.6398509
0.9457971
1.2646024
1.5169709
1.6187732
1.5298751
1.2841674
0.9706693
0.6779643
0.4479866
0.2741341
0.1349639
0.0247044
-0.0463341
-0.0729455
-0.0696759
-0.0632856
-0.0728977
-0.0983649
-0.1261665
-0.1446910
-0.1543158
-0.1648764
-0.1845970
-0.2110173
-0.2323695
-0.2387617
-0.2326938
-0.2273801
-0.2330369
-0.2453962
-0.2503110
-0.2406714
-0.2261225
-0.2226122
-0.2325320
-0.2393689
-0.2255141
-0.1940654
-0.1684250
-0.1679216
-0.1862753
-0.1979161
-0.1855155
-0.1575699
-0.1368210
-0.1342996
-0.1391944
-0.1343453
-0.1169697
-0.1002053
-0.0957567
-0.1000119
-0.0997416
-0.0887301
-0.0743232
-0.0667111
-0.0652337
-0.0587200
-0.0389417
-0.0106921
0.0129624
0.0238835
0.0253444
0.0257464
0.0281813
0.0278923
0.0195569
0.0050953
-0.0073021
-0.0117675
-0.0109795
-0.0127711
-0.0210030
-0.0313276
-0.0369761
-0.0380077
-0.0428415
-0.0590750
-0.0831042
-0.1008323
-0.1004939
-0.0848311
-0.0693259
-0.0677269
-0.0799136
-0.0943976
-0.1015694
-0.1027230
-0.1059241
-0.1149263
-0.1242106
-0.1251984
-0.1159591
-0.1034841
-0.0964738
-0.0969715
-0.0997308
-0.0992188
-0.0960918
-0.0961908
-0.1033222
-0.1134574
-0.1166572
-0.1056147
-0.0829070
-0.0593570
-0.0441484
-0.0362446
-0.0264229
-0.0084710
0.0124025
0.0239478
0.0204247
0.0107312
0.0109309
0.0274579
0.0485252
0.0540850
0.0352808
0.0033985
-0.0213042
-0.0293024
-0.0295043
-0.0375185
-0.0577440
-0.0784884
-0.0847435
-0.0743358
-0.0600887
-0.0562291
-0.0642931
-0.0735978
-0.0745399
-0.0688876
-0.0657460
-0.0691046
-0.0724328
-0.0669011
-0.0533522
-0.0433445
-0.0470736
-0.0615815
-0.0732675
-0.0727542
-0.0654389
-0.0651631
-0.0776816
-0.0929527
-0.0957347
-0.0829577
-0.0680505
-0.0667703
-0.0801283
-0.0937732
-0.0948304
-0.0870581
-0.0865669
-0.1026039
-0.1257049
-0.1376188
-0.1322961
-0.1240518
-0.1332463
-0.1650271
-0.2041068
-0.2304425
-0.2380199
-0.2368112
-0.2376869
-0.2387647
-0.2286237
-0.2015498
-0.1663897
-0.1388242
-0.1262777
-0.1225148
-0.1172078
-0.1088530
-0.1063056
-0.1174536
-0.1380530
-0.1536796
-0.1532366
-0.1394360
-0.1248274
-0.1180469
-0.1157672
-0.1089199
-0.0951946
-0.0827636
-0.0806056
-0.0866205
-0.0878314
-0.0735432
-0.0472237
-0.0234397
-0.0125256
-0.0096220
-0.0001456
0.0244688
0.0583896
0.0903777
0.1221711
0.1783376
0.2962679
0.5009382
0.7810286
1.0828427
1.3275493
1.4434383
1.3965022
1.2037903
0.9233336
0.6269357
0.3709395
0.1798321
0.0484975
-0.0423672
-0.1092932
-0.1575744
-0.1843640
-0.1882982
-0.1762529
-0.1610173
-0.1525396
-0.1516921
-0.1524992
-0.1497099
-0.1434758
-0.1369835
-0.1310873
-0.1230765
-0.1114412
-0.1008084
-0.1000525
-0.1139824
-0.1370434
-0.1565521
-0.1633283
-0.1595666
-0.1561645
-0.1620749
-0.1760969
-0.1891347
-0.1944320
-0.1948451
-0.1989903
-0.2102503
-0.2212208
-0.2207174
-0.2062003
-0.1877265
-0.1785558
-0.1822849
-0.1902302
-0.1915053
-0.1844309
-0.1768328
-0.1755458
-0.1776488
-0.1736286
-0.1585934
-0.1384606
-0.1242689
-0.1213691
-0.1251838
-0.1269571
-0.1221535
-0.1127388
-0.1025009
-0.0920405
-0.0791056
-0.0626721
-0.0447969
-0.0280328
-0.0126724
0.0019222
0.0142363
0.0215094
0.0248000
0.0310807
0.0471822
0.0707876
0.0896114
0.0922856
0.0804070
0.0674984
0.0641257
0.0653171
0.0559173
0.0294080
-0.0013921
-0.0156920
-0.0068438
0.0095105
0.0110503
-0.0085282
-0.0342409
-0.0470642
-0.0442001
-0.0402958
-0.0493100
-0.0680685
-0.0797445
-0.0725605
-0.0525464
-0.0371078
-0.0377177
-0.0504619
-0.0627116
-0.0666890
-0.0652173
-0.0653674
-0.0691115
-0.0719764
-0.0700903
-0.0659025
-0.0651833
-0.0693439
-0.0731064
-0.0706506
-0.0625766
-0.0549325
-0.0513980
-0.0484109
-0.0399278
-0.0267024
-0.0182012
-0.0228022
-0.0365174
-0.0444947
-0.0358516
-0.0157735
-0.0001402
0.0023887
0.0005889
0.0109062
0.0382959
0.0696081
0.0875671
0.0896355
0.0900825
0.1032213
0.1283450
0.1549313
0.1820068
0.2283598
0.3215310
0.4780942
0.6946832
0.9521152
1.2189438
1.4477410
1.5768094
1.5527137
1.3658899
1.0682076
0.7492053
0.4846138
0.2988417
0.1705277
0.0692634
-0.0145978
-0.0713794
-0.0944644
-0.0954155
-0.0967624
-0.1126737
-0.1384606
-0.1583962
-0.1622819
-0.1540140
-0.1455011
-0.1444166
-0.1486919
-0.1515785
-0.1498251
-0.1457369
-0.1420511
-0.1371237
-0.1273993
-0.1146651
-0.1080147
-0.1153741
-0.1329916
-0.1465644
-0.1454669
-0.1349427
-0.1312228
-0.1433226
-0.1614563
-0.1660550
-0.1488510
-0.1231837
-0.1112913
-0.1214166
-0.1395240
-0.1448739
-0.1322378
-0.1162693
-0.1139087
-0.1251293
-0.1332614
-0.1237094
-0.0999237
-0.0793699
-0.0745828
-0.0805274
-0.0819074
-0.0712947
-0.0568631
-0.0512355
-0.0554312
-0.0572471
-0.0456828
-0.0241380
-0.0072128
-0.0053045
-0.0146725
-0.0234447
-0.0253817
-0.0247995
-0.0274946
-0.0300761
-0.0221857
0.0003545
0.0279452
0.0455970
0.0483629
0.0460559
0.0517328
0.0669178
0.0800633
0.0797423
0.0674911
0.0556581
0.0529623
0.0549234
0.0503740
0.0356299
0.0187850
0.0093985
0.0070966
0.0033398
-0.0064169
-0.0159938
-0.0161787
-0.0076674
-0.0026782
-0.0117109
-0.0306412
-0.0445383
-0.0449580
-0.0402367
-0.0457348
-0.0650882
-0.0847294
-0.0884531
-0.0755130
-0.0619644
-0.0640046
-0.0816932
-0.1003084
-0.1067941
-0.1025145
-0.0988702
-0.1026117
-0.1087764
-0.1084248
-0.1001713
-0.0913976
-0.0890271
-0.0920393
-0.0942661
-0.0927841
-0.0908978
-0.0921541
-0.0936215
-0.0881153
-0.0734716
-0.0566498
-0.0460003
-0.0407828
-0.0319616
-0.0143466
0.0051076
0.0141722
0.0099346
0.0033633
0.0072289
0.0206020
0.0284823
0.0185551
-0.0035232
-0.0188876
-0.0160318
-0.0035460
0.0001362
-0.0120126
-0.0282490
-0.0325984
-0.0236059
-0.0154369
-0.0206142
-0.0350396
-0.0430970
-0.0367867
-0.0256055
-0.0245768
-0.0347415
-0.0403527
-0.0265490
0.0041302
0.0362692
0.0613357
0.0902119
0.1470151
0.2540298
0.4222120
0.6478665
0.9065050
1.1450883
1.2897331
1.2799640
1.1104260
0.8412978
0.5609984
0.3314230
0.1639624
0.0410689
-0.0485246
-0.0998405
-0.1099629
-0.0946798
-0.0803401
-0.0813270
-0.0913251
-0.0981903
-0.1021341
-0.1136796
-0.1355247
-0.1543984
-0.1555716
-0.1417816
-0.1315777
-0.1383645
-0.1558528
-0.1673068
-0.1666806
-0.1657619
-0.1786938
-0.2027309
-0.2193329
-0.2155642
-0.2002578
-0.1945053
-0.2072977
-0.2258255
-0.2318346
-0.2234378
-0.2161178
-0.2228718
-0.2380172
-0.2436125
-0.2304197
-0.2087108
-0.1964050
-0.1987479
-0.2036010
-0.1970381
-0.1791306
-0.1610937
-0.1497596
-0.1400739
-0.1231443
-0.0970650
-0.0671860
-0.0384284
-0.0113483
0.0138579
0.0329038
0.0405837
0.0386202
0.0368493
0.0433704
0.0549463
0.0613819
0.0597056
0.0590034
0.0679906
0.0814586
0.0846911
0.0715501
0.0536025
0.0483120
0.0597234
0.0741203
0.0757605
0.0641455
0.0520270
0.0469013
0.0403668
0.0201621
-0.0109227
-0.0354384
-0.0415553
-0.0371457
-0.0402421
-0.0589054
-0.0847414
-0.1051972
-0.1178075
-0.1298294
-0.1453064
-0.1565525
-0.1518371
-0.1306756
-0.1070343
-0.0951528
-0.0951644
-0.0954414
-0.0864134
-0.0683010
-0.0470081
-0.0271085
-0.0095674
0.0066555
0.0222404
0.0360411
0.0457412
0.0498000
0.0479005
0.0404734
0.0304861
0.0248582
0.0292425
0.0401414
0.0470032
0.0445725
0.0388330
0.0377513
0.0403266
0.0389653
0.0302038
0.0192564
0.0145703
0.0192712
0.0271359
0.0278235
0.0183726
0.0070760
0.0014913
-0.0036224
-0.0180818
-0.0386088
-0.0509868
-0.0504003
-0.0470132
-0.0483870
-0.0501710
-0.0506546
-0.0606543
-0.0876913
