-0.0350071
-0.0068664
-0.0047773
-0.0109301
-0.0161060
-0.0233898
-0.0315623
-0.0320494
-0.0213262
-0.0038099
0.0168201
0.0391901
0.0590512
0.0725519
0.0834879
0.0980516
0.1130448
0.1179390
0.1090983
0.0952067
0.0881656
0.0933110
0.1070832
0.1190395
0.1179218
0.1017543
0.0815528
0.0703484
0.0689604
0.0663495
0.0531850
0.0317292
0.0131133
0.0071822
0.0133674
0.0192858
0.0104072
-0.0162138
-0.0488782
-0.0727674
-0.0822397
-0.0815333
-0.0781458
-0.0782404
-0.0842392
-0.0922773
-0.0938740
-0.0842356
-0.0686907
-0.0581610
-0.0577461
-0.0611443
-0.0572770
-0.0426833
-0.0263202
-0.0191350
-0.0175514
-0.0007342
0.0527986
0.1502998
0.2928479
0.4935258
0.7709609
1.1111156
1.4372145
1.6323798
1.6100084
1.3754814
1.0242763
0.6764451
0.4036500
0.2077978
0.0572666
-0.0661388
-0.1546840
-0.1959156
-0.1943601
-0.1715830
-0.1510455
-0.1448924
-0.1510778
-0.1591149
-0.1590360
-0.1481524
-0.1323099
-0.1216166
-0.1230655
-0.1344897
-0.1455822
-0.1473197
-0.1413187
-0.1379874
-0.1444128
-0.1558469
-0.1605843
-0.1521972
-0.1358898
-0.1235629
-0.1232711
-0.1326335
-0.1418054
-0.1431953
-0.1383511
-0.1351124
-0.1389126
-0.1479961
-0.1561925
-0.1583412
-0.1532381
-0.1436515
-0.1345215
-0.1298979
-0.1303754
-0.1333595
-0.1358194
-0.1368025
-0.1378206
-0.1409280
-0.1455902
-0.1474909
-0.1423432
-0.1319219
-0.1243096
-0.1257757
-0.1331211
-0.1365208
-0.1304381
-0.1199730
-0.1150357
-0.1185612
-0.1219039
-0.1134324
-0.0920049
-0.0700825
-0.0612684
-0.0652337
-0.0676466
-0.0559250
-0.0329772
-0.0136542
-0.0085367
-0.0127443
-0.0106953
0.0087496
0.0416214
0.0725116
0.0885810
0.0901103
0.0879665
0.0921347
0.1034684
0.1152541
0.1207550
0.1190986
0.1153516
0.1156663
0.1218421
0.1300532
0.1345259
0.1319321
0.1224335
0.1080793
0.0914318
0.0748540
0.0595203
0.0450733
0.0311175
0.0188182
0.0099502
0.0041811
-0.0017935
-0.0115136
-0.0247865
-0.0367584
-0.0420463
-0.0406663
-0.0390587
-0.0436517
-0.0535679
-0.0615258
-0.0624545
-0.0594271
-0.0597916
-0.0666266
-0.0757758
-0.0811726
-0.0815448
-0.0809791
-0.0834583
-0.0881808
-0.0910397
-0.0899064
-0.0867956
-0.0846955
-0.0843495
-0.0855442
-0.0897629
-0.0987614
-0.1105644
-0.1193712
-0.1206942
-0.1154988
-0.1083569
-0.1024398
-0.0975886
-0.0929309
-0.0895671
-0.0892965
-0.0913588
-0.0926616
-0.0923182
-0.0939852
-0.1008133
-0.1084215
-0.1066195
-0.0906406
-0.0690404
-0.0572909
-0.0627137
-0.0771537
-0.0854992
-0.0809511
-0.0711011
-0.0689244
-0.0785785
-0.0911081
-0.0943357
-0.0858762
-0.0752533
-0.0735549
-0.0822917
-0.0927577
-0.0954572
-0.0894845
-0.0827490
-0.0832477
-0.0904474
-0.0959321
-0.0927710
-0.0832953
-0.0766772
-0.0794377
-0.0896195
-0.1001369
-0.1062485
-0.1087915
-0.1108754
-0.1129668
-0.1121986
-0.1063310
-0.0972727
-0.0897277
-0.0866928
-0.0873721
-0.0895092
-0.0923391
-0.0963971
-0.1013501
-0.1052824
-0.1061925
-0.1037244
-0.0995230
-0.0961305
-0.0951829
-0.0962598
-0.0976546
-0.0985755
-0.1003864
-0.1051202
-0.1123311
-0.1175353
-0.1148810
-0.1030134
-0.0886236
-0.0822158
-0.0881754
-0.0993972
-0.1039867
-0.0980844
-0.0903522
-0.0920863
-0.1035659
-0.1123541
-0.1062576
-0.0869647
-0.0689682
-0.0645037
-0.0712349
-0.0765003
-0.0725462
-0.0642292
-0.0603361
-0.0600527
-0.0517477
-0.0257730
0.0136548
0.0506847
0.0712246
0.0734225
0.0659383
0.0580031
0.0523132
0.0465686
0.0394787
0.0336654
0.0331239
0.0388586
0.0468344
0.0497185
0.0418445
0.0246515
0.0074084
0.0001096
0.0035819
0.0073015
-0.0009659
-0.0227468
-0.0471264
-0.0622031
-0.0674507
-0.0731622
-0.0876245
-0.1071821
-0.1212098
-0.1256655
-0.1276777
-0.1349024
-0.1437478
-0.1429845
-0.1291658
-0.1135579
-0.1098209
-0.1165297
-0.1170320
-0.0989794
-0.0708195
-0.0540571
-0.0583325
-0.0676115
-0.0525857
0.0080451
0.1245353
0.3109243
0.5879335
0.9548017
1.3535569
1.6713374
1.7956146
1.6831832
1.3853858
1.0101192
0.6561798
0.3725212
0.1626737
0.0125220
-0.0900641
-0.1530626
-0.1842825
-0.1919288
-0.1839069
-0.1695575
-0.1600675
-0.1629261
-0.1749008
-0.1834333
-0.1782593
-0.1621659
-0.1486350
-0.1478985
-0.1564406
-0.1617947
-0.1571679
-0.1490232
-0.1490816
-0.1603471
-0.1731474
-0.1751542
-0.1639741
-0.1491805
-0.1425688
-0.1471101
-0.1552998
-0.1575946
-0.1519132
-0.1450077
-0.1452243
-0.1543312
-0.1659042
-0.1709437
-0.1653784
-0.1533255
-0.1436234
-0.1424193
-0.1480664
-0.1529983
-0.1510066
-0.1431706
-0.1369108
-0.1389951
-0.1487026
-0.1573285
-0.1550341
-0.1395563
-0.1189293
-0.1051990
-0.1044720
-0.1122794
-0.1182292
-0.1153559
-0.1056766
-0.0972648
-0.0958622
-0.0990179
-0.0984106
-0.0880250
-0.0699645
-0.0522848
-0.0415353
-0.0375300
-0.0347038
-0.0277582
-0.0160689
-0.0033899
0.0062217
0.0124049
0.0190588
0.0311993
0.0506602
0.0737881
0.0930659
0.1023548
0.1023423
0.1009565
0.1067309
0.1204343
0.1337063
0.1371570
0.1301134
0.1217502
0.1221348
0.1322764
0.1431974
0.1445597
0.1337448
0.1166413
0.1007848
0.0889889
0.0791786
0.0682686
0.0549063
0.0397774
0.0254607
0.0159963
0.0142788
0.0182138
0.0204547
0.0142713
0.0006609
-0.0115348
-0.0142525
-0.0090956
-0.0061962
-0.0131811
-0.0261460
-0.0332879
-0.0276979
-0.0151106
-0.0081619
-0.0139215
-0.0280453
-0.0403518
-0.0444838
-0.0420562
-0.0392740
-0.0411727
-0.0485521
-0.0582114
-0.0647010
-0.0629731
-0.0519522
-0.0367958
-0.0263463
-0.0262658
-0.0340492
-0.0414678
-0.0422487
-0.0370905
-0.0314638
-0.0295720
-0.0308868
-0.0316275
-0.0284443
-0.0207518
-0.0107457
-0.0021430
0.0015572
-0.0008305
-0.0067393
-0.0111645
-0.0109552
-0.0082012
-0.0081715
-0.0129353
-0.0178083
-0.0157029
-0.0054589
0.0051810
0.0061447
-0.0049591
-0.0197120
-0.0263846
-0.0210537
-0.0113618
-0.0091173
-0.0190693
-0.0347057
-0.0444563
-0.0416980
-0.0295641
-0.0174984
-0.0135705
-0.0189003
-0.0279341
-0.0336711
-0.0333626
-0.0300957
-0.0292416
-0.0331160
-0.0386336
-0.0400903
-0.0346483
-0.0254395
-0.0191174
-0.0199757
-0.0262692
-0.0321412
-0.0329666
-0.0290820
-0.0251228
-0.0260656
-0.0330217
-0.0417129
-0.0451945
-0.0395003
-0.0277340
-0.0182935
-0.0178561
-0.0253028
-0.0327805
-0.0334845
-0.0286051
-0.0260409
-0.0318555
-0.0435159
-0.0522456
-0.0517001
-0.0433893
-0.0337497
-0.0274626
-0.0246302
-0.0233423
-0.0228411
-0.0234243
-0.0246205
-0.0252499
-0.0254420
-0.0270217
-0.0305283
-0.0324808
-0.0277310
-0.0157689
-0.0036537
-0.0006715
-0.0092638
-0.0219403
-0.0280352
-0.0237083
-0.0151719
-0.0120689
-0.0176456
-0.0252581
-0.0243944
-0.0101371
0.0131400
0.0369624
0.0569248
0.0753095
0.0959182
0.1172328
0.1317650
0.1329076
0.1224168
0.1103660
0.1068957
0.1137532
0.1238663
0.1285429
0.1243347
0.1135323
0.1001360
0.0869139
0.0755413
0.0672285
0.0618186
0.0570420
0.0503221
0.0418756
0.0349629
0.0317765
0.0292176
0.0202831
0.0009110
-0.0247375
-0.0468207
-0.0582336
-0.0605720
-0.0618078
-0.0681043
-0.0776490
-0.0822778
-0.0754499
-0.0591659
-0.0430279
-0.0358700
-0.0377762
-0.0402418
-0.0342506
-0.0182761
0.0013188
0.0173479
0.0298874
0.0500011
0.0989911
0.2046546
0.3923405
0.6677783
0.9977222
1.3059585
1.4989979
1.5128767
1.3494379
1.0731906
0.7704140
0.5029105
0.2902156
0.1256810
0.0024763
-0.0770046
-0.1116879
-0.1137347
-0.1051183
-0.1024232
-0.1071657
-0.1114295
-0.1107790
-0.1095286
-0.1139421
-0.1230941
-0.1287945
-0.1245537
-0.1129936
-0.1032953
-0.1019174
-0.1070070
-0.1117961
-0.1119483
-0.1087011
-0.1059710
-0.1061795
-0.1089911
-0.1124053
-0.1138345
-0.1109961
-0.1037175
-0.0955399
-0.0920667
-0.0957968
-0.1024935
-0.1045157
-0.0991922
-0.0930371
-0.0955507
-0.1080960
-0.1202979
-0.1191085
-0.1016922
-0.0787421
-0.0649086
-0.0661686
-0.0761178
-0.0833552
-0.0816836
-0.0738901
-0.0673766
-0.0670295
-0.0713946
-0.0741846
-0.0693286
-0.0560395
-0.0401469
-0.0298689
-0.0288180
-0.0326702
-0.0333245
-0.0267358
-0.0163535
-0.0087310
-0.0063574
-0.0053443
0.0002249
0.0125453
0.0287478
0.0442372
0.0564142
0.0655451
0.0735084
0.0825280
0.0941839
0.1081123
0.1215477
0.1314965
0.1382520
0.1460289
0.1588842
0.1758631
0.1910411
0.1989717
0.1998709
0.1989387
0.2004720
0.2029631
0.2003826
0.1885282
0.1702083
0.1540354
0.1474989
0.1502004
0.1533085
0.1463840
0.1263399
0.1005534
0.0804755
0.0710813
0.0665492
0.0570092
0.0395630
0.0217767
0.0137869
0.0175582
0.0247750
0.0252529
0.0166014
0.0052946
-0.0009237
-0.0006437
0.0008795
-0.0024995
-0.0124553
-0.0253557
-0.0349607
-0.0360719
-0.0278072
-0.0152164
-0.0070831
-0.0098298
-0.0220687
-0.0355253
-0.0424375
-0.0424306
-0.0417482
-0.0456658
-0.0524086
-0.0552548
-0.0502940
-0.0410225
-0.0348299
-0.0356496
-0.0407857
-0.0445657
-0.0441841
-0.0418911
-0.0422349
-0.0474254
-0.0546352
-0.0573179
-0.0501168
-0.0341823
-0.0181527
-0.0123527
-0.0198339
-0.0324629
-0.0372298
-0.0282515
-0.0130101
-0.0058374
-0.0143396
-0.0320553
-0.0444723
-0.0421248
-0.0281510
-0.0142052
-0.0098939
-0.0156273
-0.0241453
-0.0280429
-0.0263678
-0.0250005
-0.0307945
-0.0444397
-0.0583524
-0.0622331
-0.0522760
-0.0357212
-0.0255095
-0.0290034
-0.0414292
-0.0509183
-0.0504330
-0.0445107
-0.0439717
-0.0541833
-0.0689598
-0.0761721
-0.0693101
-0.0536764
-0.0416066
-0.0417653
-0.0525449
-0.0647951
-0.0702621
-0.0679426
-0.0637228
-0.0647224
-0.0732521
-0.0847565
-0.0910835
-0.0868082
-0.0739258
-0.0608986
-0.0561922
-0.0613407
-0.0697834
-0.0730774
-0.0689785
-0.0633376
-0.0635491
-0.0703345
-0.0769563
-0.0769609
-0.0717042
-0.0687902
-0.0729199
-0.0797575
-0.0804319
-0.0720950
-0.0623788
-0.0618065
-0.0718712
-0.0821550
-0.0804540
-0.0654638
-0.0484393
-0.0420715
-0.0484037
-0.0581143
-0.0610373
-0.0563055
-0.0517608
-0.0539504
-0.0595469
-0.0571057
-0.0374539
-0.0026597
0.0347665
0.0614627
0.0728483
0.0745396
0.0749732
0.0766286
0.0745080
0.0635488
0.0473161
0.0379630
0.0456923
0.0674043
0.0866794
0.0868459
0.0655000
0.0364520
0.0169485
0.0125110
0.0139153
0.0082559
-0.0081320
-0.0279438
-0.0425860
-0.0515414
-0.0614487
-0.0772249
-0.0959535
-0.1100597
-0.1154836
-0.1155956
-0.1170684
-0.1227026
-0.1287092
-0.1286821
-0.1200376
-0.1071236
-0.0983414
-0.0990273
-0.1053760
-0.1056594
-0.0904739
-0.0643053
-0.0453425
-0.0489890
-0.0681859
-0.0708038
-0.0187949
0.1096562
0.3164841
0.5957287
0.9360204
1.3002047
1.6055959
1.7438022
1.6443805
1.3331923
0.9268415
0.5589160
0.2990815
0.1325711
0.0077320
-0.1032348
-0.1873104
-0.2214237
-0.2080291
-0.1775318
-0.1611985
-0.1669491
-0.1805224
-0.1851840
-0.1779668
-0.1695149
-0.1719493
-0.1873431
-0.2058686
-0.2142667
-0.2076073
-0.1940871
-0.1874888
-0.1934217
-0.2031772
-0.2027678
-0.1886407
-0.1730278
-0.1721340
-0.1893168
-0.2115447
-0.2229162
-0.2201306
-0.2133025
-0.2127671
-0.2178741
-0.2197419
-0.2128430
-0.2011162
-0.1926079
-0.1905158
-0.1912366
-0.1902796
-0.1879649
-0.1886495
-0.1955606
-0.2073685
-0.2191041
-0.2252297
-0.2223428
-0.2110981
-0.1968062
-0.1867960
-0.1847168
-0.1867961
-0.1853789
-0.1775924
-0.1696594
-0.1706079
-0.1811869
-0.1907314
-0.1869256
-0.1686577
-0.1476486
-0.1364971
-0.1360615
-0.1359513
-0.1270646
-0.1116674
-0.0998850
-0.0972642
-0.0978210
-0.0901294
-0.0693578
-0.0422984
-0.0207327
-0.0106394
-0.0079337
-0.0037833
0.0067280
0.0207534
0.0312043
0.0336431
0.0305527
0.0297159
0.0379625
0.0550495
0.0728684
0.0814166
0.0770177
0.0654166
0.0564124
0.0546828
0.0554881
0.0494622
0.0319014
0.0076784
-0.0126645
-0.0216811
-0.0206645
-0.0178281
-0.0214840
-0.0340839
-0.0511546
-0.0651552
-0.0713225
-0.0714720
-0.0726361
-0.0808390
-0.0948470
-0.1061025
-0.1062252
-0.0957606
-0.0852398
-0.0862498
-0.1004746
-0.1177400
-0.1256282
-0.1213299
-0.1138015
-0.1142167
-0.1247024
-0.1366445
-0.1395726
-0.1311810
-0.1189818
-0.1130970
-0.1177095
-0.1285040
-0.1370747
-0.1377386
-0.1314818
-0.1246601
-0.1236141
-0.1290174
-0.1345277
-0.1317192
-0.1178521
-0.0993814
-0.0870898
-0.0867813
-0.0944140
-0.1004573
-0.0990023
-0.0925706
-0.0883774
-0.0905246
-0.0960457
-0.0980866
-0.0924155
-0.0810650
-0.0704731
-0.0664599
-0.0702273
-0.0779502
-0.0838190
-0.0843728
-0.0811149
-0.0792495
-0.0831382
-0.0920975
-0.1004479
-0.1022146
-0.0964500
-0.0882038
-0.0840517
-0.0863101
-0.0914411
-0.0940687
-0.0924676
-0.0900314
-0.0914680
-0.0977912
-0.1050952
-0.1080495
-0.1045488
-0.0973399
-0.0916198
-0.0910054
-0.0950552
-0.0998699
-0.1011111
-0.0973988
-0.0917409
-0.0895991
-0.0945130
-0.1046080
-0.1132901
-0.1140909
-0.1057571
-0.0932675
-0.0840707
-0.0828125
-0.0885447
-0.0959847
-0.0995299
-0.0972906
-0.0924689
-0.0908134
-0.0955614
-0.1038367
-0.1081985
-0.1029252
-0.0898285
-0.0779123
-0.0763650
-0.0866502
-0.1007260
-0.1072797
-0.1009453
-0.0867921
-0.0760992
-0.0766267
-0.0856324
-0.0921817
-0.0873066
-0.0728343
-0.0601606
-0.0596753
-0.0709997
-0.0835073
-0.0861139
-0.0762489
-0.0598360
-0.0440355
-0.0309948
-0.0177893
-0.0004706
0.0225487
0.0494943
0.0754768
0.0937360
0.0989292
0.0913993
0.0783468
0.0693233
0.0691651
0.0747273
0.0782317
0.0737076
0.0609417
0.0448239
0.0319687
0.0270869
0.0303616
0.0369266
0.0396187
0.0339502
0.0211447
0.0058427
-0.0093801
-0.0264156
-0.0478791
-0.0716375
-0.0905528
-0.0983563
-0.0952830
-0.0875163
-0.0816669
-0.0803065
-0.0819376
-0.0835043
-0.0824679
-0.0780447
-0.0720194
-0.0677127
-0.0661077
-0.0625437
-0.0494460
-0.0246150
0.0040185
0.0257535
0.0431116
0.0817597
0.1824553
0.3776940
0.6675640
1.0090060
1.3245062
1.5283244
1.5616764
1.4209264
1.1604054
0.8633980
0.5980695
0.3893974
0.2260078
0.0904535
-0.0177660
-0.0859094
-0.1088805
-0.1017815
-0.0906573
-0.0923193
-0.1041678
-0.1124247
-0.1082434
-0.0956579
-0.0860359
-0.0869929
-0.0966740
-0.1069436
-0.1107621
-0.1071258
-0.1006802
-0.0974997
-0.1004091
-0.1068147
-0.1104564
-0.1061656
-0.0943319
-0.0812808
-0.0746011
-0.0769683
-0.0839494
-0.0880627
-0.0855166
-0.0793384
-0.0760253
-0.0791048
-0.0857750
