-0.2163273
-0.2801389
-0.2328074
-0.1903614
-0.1881871
-0.1804997
-0.1554822
-0.1486776
-0.1622789
-0.1604093
-0.1398785
-0.1333766
-0.1441761
-0.1400564
-0.1128546
-0.0904294
-0.0872207
-0.0878521
-0.0813411
-0.0739303
-0.0682608
-0.0609461
-0.0567295
-0.0581099
-0.0498970
-0.0208391
0.0105517
0.0193250
0.0126519
0.0178365
0.0404127
0.0598735
0.0617390
0.0528752
0.0490782
0.0620609
0.0918281
0.1212189
0.1288547
0.1169670
0.1122283
0.1291463
0.1493504
0.1497039
0.1349581
0.1277084
0.1379477
0.1559597
0.1667850
0.1620170
0.1444776
0.1268107
0.1181858
0.1114443
0.0937374
0.0686379
0.0531253
0.0521284
0.0520405
0.0424617
0.0293603
0.0218983
0.0185990
0.0118996
-0.0018158
-0.0192697
-0.0314601
-0.0295125
-0.0160395
-0.0063894
-0.0104402
-0.0188061
-0.0172156
-0.0089585
-0.0107654
-0.0289407
-0.0504363
-0.0572923
-0.0433506
-0.0189226
-0.0035414
-0.0093441
-0.0271561
-0.0353048
-0.0264634
-0.0171411
-0.0241103
-0.0401220
-0.0424112
-0.0207563
0.0106227
0.0273482
0.0177187
-0.0059891
-0.0184389
-0.0078695
0.0096084
0.0094741
-0.0094653
-0.0234852
-0.0148237
0.0073048
0.0206551
0.0156953
0.0017025
-0.0073067
-0.0075492
-0.0075687
-0.0161864
-0.0285276
-0.0291785
-0.0130963
0.0033389
0.0003240
-0.0206506
-0.0393253
-0.0418237
-0.0344024
-0.0321016
-0.0408848
-0.0527080
-0.0548119
-0.0435354
-0.0297016
-0.0276310
-0.0384947
-0.0499364
-0.0532660
-0.0531856
-0.0566919
-0.0605153
-0.0567185
-0.0457757
-0.0366252
-0.0351607
-0.0374042
-0.0339396
-0.0195682
0.0007225
0.0164905
0.0249947
0.0367553
0.0626599
0.0982218
0.1284381
0.1472444
0.1630483
0.1834530
0.2034983
0.2140553
0.2163789
0.2221463
0.2391222
0.2592581
0.2632297
0.2394961
0.1986696
0.1641435
0.1468869
0.1357669
0.1162922
0.0910390
0.0734155
0.0662056
0.0565702
0.0323821
-0.0041360
-0.0410500
-0.0701506
-0.0930155
-0.1152674
-0.1370921
-0.1517252
-0.1546129
-0.1509752
-0.1497720
-0.1523321
-0.1535059
-0.1531349
-0.1576800
-0.1680933
-0.1742629
-0.1670103
-0.1507170
-0.1383386
-0.1358563
-0.1359637
-0.1272333
-0.1075061
-0.0867750
-0.0748956
-0.0654800
-0.0341953
0.0457135
0.1889791
0.3975108
0.6600407
0.9380137
1.1554656
1.2244258
1.1014623
0.8273065
0.5074132
0.2435573
0.0719390
-0.0409295
-0.1452008
-0.2523819
-0.3326048
-0.3592692
-0.3433833
-0.3192972
-0.3067980
-0.2981567
-0.2794070
-0.2530001
-0.2348817
-0.2342853
-0.2428248
-0.2453472
-0.2383690
-0.2324334
-0.2350352
-0.2378808
-0.2279474
-0.2076979
-0.1946469
-0.1992798
-0.2115576
-0.2139269
-0.2025998
-0.1903333
-0.1896859
-0.1980266
-0.2006155
-0.1872920
-0.1640257
-0.1461612
-0.1415169
-0.1443734
-0.1465470
-0.1478570
-0.1510788
-0.1519387
-0.1421805
-0.1218442
-0.1017831
-0.0921278
-0.0921327
-0.0932960
-0.0900673
-0.0850468
-0.0834278
-0.0837899
-0.0774374
-0.0590775
-0.0354917
-0.0186550
-0.0110818
-0.0042856
0.0069685
0.0160160
0.0148213
0.0085289
0.0124232
0.0339525
0.0623546
0.0791292
0.0781269
0.0723896
0.0784825
0.0955791
0.1060640
0.0995519
0.0897410
0.0994232
0.1310752
0.1617259
0.1695792
0.1585141
0.1505932
0.1578080
0.1683053
0.1628555
0.1408771
0.1237568
0.1296657
0.1497148
0.1564060
0.1358381
0.1036195
0.0846590
0.0835664
0.0825464
0.0661461
0.0399656
0.0225422
0.0234975
0.0338996
0.0375825
0.0285922
0.0147761
0.0051713
-0.0010763
-0.0097915
-0.0197874
-0.0228482
-0.0158305
-0.0061747
-0.0025415
-0.0048018
-0.0073172
-0.0089689
-0.0146280
-0.0262322
-0.0362642
-0.0337923
-0.0177893
-0.0015890
0.0001226
-0.0111389
-0.0183033
-0.0100147
0.0035046
0.0021456
-0.0180059
-0.0370960
-0.0325144
-0.0039292
0.0257268
0.0335789
0.0193307
0.0037381
0.0051054
0.0195804
0.0273548
0.0170867
-0.0006980
-0.0062139
0.0075753
0.0287108
0.0396312
0.0334417
0.0176968
0.0049375
0.0005539
-0.0002381
-0.0039262
-0.0093597
-0.0095171
-0.0018912
0.0066308
0.0068638
-0.0027216
-0.0147094
-0.0206422
-0.0195675
-0.0188244
-0.0255916
-0.0373713
-0.0432182
-0.0363876
-0.0233162
-0.0164865
-0.0198764
-0.0260859
-0.0281331
-0.0292073
-0.0374106
-0.0527717
-0.0636194
-0.0582246
-0.0392441
-0.0231782
-0.0226906
-0.0313012
-0.0302477
-0.0108514
0.0152404
0.0310074
0.0350140
0.0424890
0.0668266
0.1046021
0.1400599
0.1618851
0.1735947
0.1876325
0.2106819
0.2365865
0.2542081
0.2599216
0.2597046
0.2599642
0.2597267
0.2525973
0.2342201
0.2070881
0.1793600
0.1587580
0.1458372
0.1333875
0.1141257
0.0884318
0.0623945
0.0389188
0.0140697
-0.0166404
-0.0506927
-0.0796461
-0.0979839
-0.1096918
-0.1241330
-0.1440268
-0.1592182
-0.1564535
-0.1365583
-0.1180810
-0.1201574
-0.1427214
-0.1664514
-0.1723708
-0.1600400
-0.1464087
-0.1474307
-0.1607078
-0.1667422
-0.1488030
-0.1113446
-0.0764037
-0.0610004
-0.0600436
-0.0516405
-0.0146273
0.0639613
0.1968042
0.4010535
0.6807804
0.9954264
1.2505642
1.3390439
1.2121794
0.9194911
0.5752310
0.2791815
0.0633213
-0.0950241
-0.2218925
-0.3156928
-0.3608673
-0.3586379
-0.3344624
-0.3152809
-0.3065694
-0.2968654
-0.2810100
-0.2700279
-0.2753494
-0.2904491
-0.2958706
-0.2816646
-0.2588100
-0.2461430
-0.2493048
-0.2561051
-0.2524891
-0.2399444
-0.2338173
-0.2439597
-0.2606189
-0.2635578
-0.2446541
-0.2173292
-0.2020005
-0.2050970
-0.2148535
-0.2161519
-0.2065116
-0.1967022
-0.1968661
-0.2038574
-0.2040434
-0.1889271
-0.1657839
-0.1505288
-0.1508682
-0.1589545
-0.1608171
-0.1509843
-0.1369460
-0.1301427
-0.1331967
-0.1362398
-0.1267005
-0.1029876
-0.0769387
-0.0616898
-0.0587994
-0.0591315
-0.0548444
-0.0472856
-0.0424832
-0.0412938
-0.0365951
-0.0212134
0.0022405
0.0219766
0.0295227
0.0302323
0.0376988
0.0569622
0.0768237
0.0818146
0.0705773
0.0595451
0.0674817
0.0968600
0.1307768
0.1485412
0.1447631
0.1328852
0.1298160
0.1385525
0.1473706
0.1446176
0.1311580
0.1177187
0.1125309
0.1135016
0.1119453
0.1025085
0.0883469
0.0761353
0.0671747
0.0560330
0.0388404
0.0202124
0.0090521
0.0082560
0.0112383
0.0090805
-0.0005372
-0.0121466
-0.0192233
-0.0212433
-0.0236758
-0.0308018
-0.0393605
-0.0410023
-0.0315525
-0.0166434
-0.0073819
-0.0108302
-0.0244230
-0.0384277
-0.0440207
-0.0407996
-0.0369267
-0.0403114
-0.0490193
-0.0521077
-0.0413254
-0.0211158
-0.0055867
-0.0052365
-0.0169045
-0.0271103
-0.0258173
-0.0167648
-0.0128203
-0.0205212
-0.0312954
-0.0304134
-0.0139146
0.0060861
0.0137105
0.0053317
-0.0076995
-0.0116012
-0.0043651
0.0031393
0.0001150
-0.0115988
-0.0198513
-0.0165832
-0.0067441
-0.0012468
-0.0037667
-0.0081525
-0.0086401
-0.0088977
-0.0179555
-0.0373088
-0.0547399
-0.0542600
-0.0335527
-0.0094839
-0.0031394
-0.0190362
-0.0413114
-0.0510793
-0.0454814
-0.0383862
-0.0439723
-0.0616728
-0.0772259
-0.0772835
-0.0622553
-0.0448757
-0.0370036
-0.0391048
-0.0426277
-0.0403263
-0.0320811
-0.0216042
-0.0103360
0.0041787
0.0248241
0.0507766
0.0771838
0.0995550
0.1185959
0.1394659
0.1652923
0.1924843
0.2141324
0.2279963
0.2397602
0.2573128
0.2811269
0.3000233
0.2978515
0.2672820
0.2186056
0.1736333
0.1487816
0.1431902
0.1428167
0.1348995
0.1177726
0.0977299
0.0784343
0.0552342
0.0208570
-0.0240394
-0.0684981
-0.1010928
-0.1205385
-0.1339416
-0.1454449
-0.1507415
-0.1448892
-0.1327675
-0.1274280
-0.1365333
-0.1524392
-0.1589334
-0.1492241
-0.1352379
-0.1354855
-0.1528872
-0.1680728
-0.1582820
-0.1224589
-0.0845123
-0.0701969
-0.0816034
-0.0949668
-0.0819030
-0.0294965
0.0629718
0.2047614
0.4214172
0.7284145
1.0890225
1.4024357
1.5482439
1.4603979
1.1714404
0.7900282
0.4308751
0.1538561
-0.0445819
-0.1938667
-0.3091183
-0.3835891
-0.4091742
-0.3943165
-0.3604530
-0.3264602
-0.3003361
-0.2831735
-0.2753416
-0.2761136
-0.2797310
-0.2767413
-0.2625136
-0.2438030
-0.2336357
-0.2378404
-0.2481830
-0.2510408
-0.2424187
-0.2322301
-0.2330682
-0.2459943
-0.2585572
-0.2570198
-0.2403141
-0.2214159
-0.2143766
-0.2204228
-0.2280764
-0.2268212
-0.2184533
-0.2134758
-0.2177541
-0.2253197
-0.2250496
-0.2130688
-0.1970145
-0.1877202
-0.1878064
-0.1901798
-0.1879006
-0.1828872
-0.1821209
-0.1862340
-0.1859029
-0.1718619
-0.1467879
-0.1243573
-0.1157184
-0.1180961
-0.1181024
-0.1065289
-0.0886959
-0.0785402
-0.0823511
-0.0904006
-0.0865046
-0.0652273
-0.0377965
-0.0207011
-0.0195851
-0.0248789
-0.0226073
-0.0087045
0.0077403
0.0153555
0.0135692
0.0133175
0.0245914
0.0451723
0.0632332
0.0700793
0.0682347
0.0666654
0.0698827
0.0737049
0.0719813
0.0656080
0.0622385
0.0663665
0.0722798
0.0699470
0.0574032
0.0436717
0.0374925
0.0354977
0.0251531
0.0002506
-0.0287480
-0.0425484
-0.0323901
-0.0107105
-0.0005220
-0.0131937
-0.0377261
-0.0530222
-0.0497468
-0.0383108
-0.0355720
-0.0459468
-0.0572731
-0.0548831
-0.0382355
-0.0223215
-0.0222905
-0.0377504
-0.0537854
-0.0572641
-0.0499177
-0.0440667
-0.0473441
-0.0545266
-0.0547111
-0.0441301
-0.0298876
-0.0216316
-0.0218704
-0.0259364
-0.0299262
-0.0349656
-0.0419406
-0.0452583
-0.0369783
-0.0181247
-0.0017113
-0.0006796
-0.0137026
-0.0262958
-0.0268467
-0.0189704
-0.0156548
-0.0223957
-0.0300053
-0.0263072
-0.0124291
-0.0027774
-0.0077918
-0.0209399
-0.0267846
-0.0202501
-0.0128884
-0.0184995
-0.0361019
-0.0506894
-0.0500570
-0.0375056
-0.0265985
-0.0257901
-0.0315345
-0.0365652
-0.0408284
-0.0500920
-0.0644778
-0.0734889
-0.0662568
-0.0455639
-0.0278462
-0.0271782
-0.0400656
-0.0478993
-0.0353880
-0.0060887
0.0215296
0.0337474
0.0359016
0.0456782
0.0732257
0.1107165
0.1424013
0.1622167
0.1782616
0.2001271
0.2253306
0.2414749
0.2415904
0.2339152
0.2332370
0.2429059
0.2489435
0.2344352
0.1984394
0.1579993
0.1313691
0.1213764
0.1159286
0.1025737
0.0800060
0.0554992
0.0339457
0.0122804
-0.0151635
-0.0484225
-0.0813074
-0.1080388
-0.1275349
-0.1405655
-0.1459605
-0.1428341
-0.1355095
-0.1322702
-0.1371299
-0.1446559
-0.1459982
-0.1405108
-0.1384920
-0.1492508
-0.1669877
-0.1727968
-0.1540016
-0.1198284
-0.0934672
-0.0872789
-0.0891843
-0.0764625
-0.0404555
0.0088497
0.0666775
0.1585171
0.3316003
0.6104493
0.9547455
1.2628890
1.4255224
1.3880545
1.1748837
0.8640132
0.5399800
0.2599744
0.0461774
-0.1045403
-0.2066836
-0.2744187
-0.3145008
-0.3268370
-0.3129889
-0.2847841
-0.2617431
-0.2565301
-0.2633377
-0.2643571
-0.2495285
-0.2275487
-0.2150344
-0.2168917
-0.2218133
-0.2180776
-0.2094374
-0.2104816
-0.2263972
-0.2425476
-0.2388797
-0.2138418
-0.1888123
-0.1856589
-0.2025826
-0.2167840
-0.2109947
-0.1924079
-0.1819524
-0.1875982
-0.1940940
-0.1813762
-0.1496353
-0.1211674
-0.1164644
-0.1321677
-0.1460417
-0.1421632
-0.1264813
-0.1160667
-0.1173616
-0.1199733
-0.1112414
-0.0917306
-0.0733440
-0.0647027
-0.0627257
-0.0591971
-0.0518137
-0.0451413
-0.0415777
-0.0358634
-0.0214254
-0.0001796
0.0180517
0.0268574
0.0310371
0.0405400
0.0576862
0.0734364
0.0777025
0.0719848
0.0695554
0.0820994
0.1069314
0.1289876
0.1361358
0.1315597
0.1297052
0.1401908
0.1573534
0.1668410
0.1619414
0.1517338
0.1518619
0.1674163
0.1863921
0.1913980
0.1773929
0.1560217
0.1418292
0.1362885
0.1279853
0.1082183
0.0831930
0.0681336
0.0698542
0.0779288
0.0751108
0.0557909
0.0317279
0.0184107
0.0176768
0.0167575
0.0047276
-0.0132393
-0.0208900
-0.0096857
0.0100894
0.0186351
0.0063842
-0.0168929
-0.0327461
-0.0323990
-0.0234466
-0.0193461
-0.0248100
-0.0328511
-0.0344444
-0.0281496
-0.0195855
-0.0137268
-0.0101272
-0.0058092
-0.0010755
-0.0006979
-0.0086359
-0.0218783
-0.0305674
-0.0256414
-0.0075068
0.0126379
0.0211275
0.0133223
-0.0019979
-0.0103476
-0.0052604
0.0052742
0.0073019
-0.0034828
-0.0158961
-0.0146479
0.0028136
0.0226696
0.0286218
0.0180543
0.0029364
-0.0046241
-0.0051979
-0.0089106
-0.0210504
-0.0341640
-0.0362777
-0.0253682
-0.0127463
-0.0112629
-0.0218810
-0.0335029
-0.0355833
-0.0293477
-0.0258606
-0.0336086
-0.0489098
-0.0590164
-0.0545590
-0.0386732
-0.0239382
-0.0207031
-0.0284203
-0.0377229
-0.0402423
-0.0363566
-0.0337461
-0.0384916
-0.0474937
-0.0498904
-0.0365544
-0.0086511
0.0230852
0.0475808
0.0620682
0.0720450
0.0836214
0.0972516
0.1099972
0.1231874
0.1448276
0.1812945
0.2265355
0.2628028
0.2754887
0.2674211
0.2559840
0.2543326
0.2565106
0.2436453
0.2058949
0.1566983
0.1228124
0.1191884
0.1343569
0.1412256
0.1218133
0.0811861
0.0387952
0.0086185
-0.0117089
-0.0344537
-0.0670473
-0.1039060
-0.1313983
-0.1401947
-0.1335876
-0.1246942
-0.1252231
-0.1358070
-0.1468097
-0.1491239
-0.1443088
-0.1428922
-0.1516513
-0.1639279
-0.1654308
-0.1504953
-0.1299444
-0.1198753
-0.1232483
-0.1259293
-0.1125632
-0.0840335
-0.0557952
-0.0381570
-0.0196156
0.0301514
0.1422988
0.3320148
0.5903002
0.8799109
1.1349389
1.2750491
1.2406718
1.0313672
0.7143128
0.3884987
0.1291115
-0.0447048
-0.1576755
-0.2406703
-0.3038661
-0.3391154
-0.3396351
-0.3135237
-0.2803059
-0.2578132
-0.2522509
-0.2575327
-0.2619602
-0.2570870
-0.2433871
-0.2288245
-0.2211203
-0.2205155
-0.2204058
-0.2155963
-0.2093115
-0.2105899
-0.2238283
-0.2414282
-0.2483894
-0.2357331
-0.2099269
-0.1884006
-0.1844914
-0.1957530
-0.2068150
-0.2042201
-0.1890257
-0.1748612
-0.1733106
-0.1814833
-0.1849248
-0.1731545
-0.1511717
-0.1340909
-0.1306654
-0.1342742
-0.1316618
-0.1191734
-0.1072519
-0.1075085
-0.1172902
-0.1202101
-0.1030756
-0.0707263
-0.0422714
-0.0327204
-0.0395554
-0.0474055
-0.0441193
-0.0308006
-0.0170786
-0.0091771
-0.0041499
0.0051335
0.0214013
0.0402395
0.0550525
0.0635395
0.0690222
0.0760738
0.0855158
0.0937863
0.0970728
0.0961859
0.0974609
0.1081542
0.1295551
0.1538389
0.1686529
0.1669373
0.1536702
0.1423987
0.1433099
0.1535606
0.1598735
0.1518818
0.1331544
0.1180541
0.1168694
0.1245128
0.1250960
0.1081165
0.0794381
0.0554939
0.0467150
0.0473042
0.0416363
0.0204987
-0.0090917
-0.0297602
-0.0292657
-0.0111608
0.0083869
0.0139142
0.0022810
-0.0167176
