-0.0565852
-0.0735391
-0.0872246
-0.0724192
-0.0446785
-0.0393356
-0.0602124
-0.0778269
-0.0735994
-0.0601049
-0.0568046
-0.0663084
-0.0781521
-0.0815035
-0.0715834
-0.0541315
-0.0437614
-0.0490551
-0.0613004
-0.0665546
-0.0648690
-0.0670948
-0.0757791
-0.0808852
-0.0745070
-0.0606062
-0.0490537
-0.0462202
-0.0515759
-0.0589932
-0.0621035
-0.0611453
-0.0617505
-0.0647260
-0.0625374
-0.0504220
-0.0355085
-0.0283725
-0.0287087
-0.0254981
-0.0100559
0.0154205
0.0413592
0.0600468
0.0721340
0.0846727
0.1008755
0.1130181
0.1105042
0.0951044
0.0815516
0.0800121
0.0833230
0.0761478
0.0539944
0.0290563
0.0175974
0.0234007
0.0340698
0.0343525
0.0232479
0.0146813
0.0185321
0.0250750
0.0149217
-0.0161776
-0.0492720
-0.0617458
-0.0512828
-0.0374257
-0.0405048
-0.0609676
-0.0802897
-0.0823619
-0.0719663
-0.0683580
-0.0805957
-0.0950822
-0.0914797
-0.0668436
-0.0381854
-0.0225053
-0.0198642
-0.0170142
-0.0030976
0.0218890
0.0539558
0.0988603
0.1783973
0.3228617
0.5547983
0.8711626
1.2269419
1.5291036
1.6607563
1.5418316
1.1904542
0.7274001
0.3065645
0.0236824
-0.1227891
-0.1952173
-0.2489087
-0.2948076
-0.3142505
-0.2958999
-0.2528974
-0.2097318
-0.1820116
-0.1711669
-0.1710967
-0.1731931
-0.1685480
-0.1536960
-0.1357116
-0.1262768
-0.1282505
-0.1317125
-0.1262116
-0.1145491
-0.1103325
-0.1211251
-0.1370616
-0.1398381
-0.1235929
-0.1033495
-0.0991188
-0.1131074
-0.1276415
-0.1266598
-0.1143065
-0.1084731
-0.1185933
-0.1345978
-0.1385024
-0.1242579
-0.1044076
-0.0972622
-0.1081956
-0.1245708
-0.1297182
-0.1207319
-0.1105550
-0.1128166
-0.1269109
-0.1389469
-0.1361150
-0.1191888
-0.1013001
-0.0947477
-0.0991928
-0.1036916
-0.1002949
-0.0930857
-0.0916231
-0.0974267
-0.1009748
-0.0928941
-0.0753081
-0.0599920
-0.0559740
-0.0605391
-0.0631684
-0.0578570
-0.0498125
-0.0482716
-0.0535682
-0.0546590
-0.0412003
-0.0159943
0.0071781
0.0177306
0.0183849
0.0207998
0.0322117
0.0474071
0.0546829
0.0499264
0.0432721
0.0496123
0.0725205
0.0997593
0.1156673
0.1165377
0.1127047
0.1165074
0.1295108
0.1415907
0.1421643
0.1320099
0.1231523
0.1262465
0.1387320
0.1468842
0.1396546
0.1193921
0.0986171
0.0870112
0.0822066
0.0736632
0.0556546
0.0351528
0.0245727
0.0265390
0.0291434
0.0190304
-0.0027120
-0.0216489
-0.0273067
-0.0256818
-0.0315900
-0.0498527
-0.0679746
-0.0698864
-0.0553254
-0.0415545
-0.0442357
-0.0598934
-0.0713990
-0.0695421
-0.0635263
-0.0676815
-0.0820148
-0.0912060
-0.0828005
-0.0621165
-0.0464187
-0.0458375
-0.0533744
-0.0550129
-0.0472041
-0.0404649
-0.0449706
-0.0564340
-0.0602336
-0.0488855
-0.0315781
-0.0245719
-0.0338656
-0.0493556
-0.0559728
-0.0492120
-0.0387852
-0.0372121
-0.0461948
-0.0556627
-0.0557317
-0.0471729
-0.0389074
-0.0372488
-0.0403694
-0.0432101
-0.0451180
-0.0504803
-0.0618500
-0.0740560
-0.0772116
-0.0668343
-0.0502842
-0.0412298
-0.0468217
-0.0609988
-0.0708958
-0.0693181
-0.0608489
-0.0565910
-0.0631920
-0.0761517
-0.0835339
-0.0771737
-0.0609874
-0.0478645
-0.0477518
-0.0586574
-0.0692794
-0.0703303
-0.0634687
-0.0592048
-0.0655226
-0.0784437
-0.0850019
-0.0766201
-0.0587666
-0.0458550
-0.0467069
-0.0564945
-0.0633784
-0.0616556
-0.0568751
-0.0579798
-0.0658755
-0.0717195
-0.0672796
-0.0553551
-0.0473688
-0.0503655
-0.0589559
-0.0620538
-0.0562821
-0.0500994
-0.0539918
-0.0680050
-0.0804360
-0.0792873
-0.0646704
-0.0491729
-0.0455283
-0.0543647
-0.0647529
-0.0663269
-0.0595805
-0.0539327
-0.0566757
-0.0647392
-0.0675140
-0.0578616
-0.0401910
-0.0266520
-0.0243086
-0.0266026
-0.0191108
0.0055908
0.0394743
0.0659588
0.0751069
0.0719642
0.0702674
0.0783891
0.0918567
0.0995891
0.0961345
0.0859477
0.0758816
0.0665051
0.0534007
0.0358983
0.0209667
0.0165116
0.0220786
0.0286023
0.0281770
0.0225548
0.0198084
0.0225181
0.0220863
0.0075850
-0.0203310
-0.0474219
-0.0592801
-0.0553636
-0.0482547
-0.0498427
-0.0598915
-0.0682739
-0.0669824
-0.0587050
-0.0534750
-0.0574855
-0.0658161
-0.0663803
-0.0510364
-0.0231903
0.0050315
0.0236391
0.0345545
0.0519853
0.0935916
0.1724621
0.2992232
0.4887053
0.7529207
1.0733522
1.3757441
1.5443570
1.4841814
1.1898749
0.7613325
0.3449640
0.0447702
-0.1251953
-0.2148152
-0.2738971
-0.3134789
-0.3191516
-0.2869494
-0.2372615
-0.1964759
-0.1736667
-0.1594905
-0.1442723
-0.1309320
-0.1282339
-0.1353606
-0.1388621
-0.1268463
-0.1034090
-0.0854863
-0.0852184
-0.0978145
-0.1079695
-0.1066071
-0.0992370
-0.0978502
-0.1064727
-0.1165130
-0.1165756
-0.1053933
-0.0933623
-0.0913244
-0.0996188
-0.1092835
-0.1126555
-0.1105857
-0.1090799
-0.1109305
-0.1125718
-0.1092344
-0.1017727
-0.0967857
-0.0993978
-0.1069298
-0.1113823
-0.1085578
-0.1032846
-0.1041501
-0.1132378
-0.1223888
-0.1206381
-0.1055511
-0.0867452
-0.0773179
-0.0811964
-0.0893891
-0.0895878
-0.0792818
-0.0681813
-0.0671305
-0.0755374
-0.0810288
-0.0719595
-0.0498675
-0.0288540
-0.0220912
-0.0290728
-0.0368907
-0.0340608
-0.0216551
-0.0097342
-0.0041942
0.0000667
0.0120742
0.0330523
0.0543335
0.0671619
0.0724434
0.0787450
0.0910721
0.1043445
0.1100253
0.1079696
0.1084355
0.1209497
0.1430597
0.1623689
0.1694074
0.1666172
0.1640771
0.1678094
0.1738935
0.1742295
0.1667940
0.1585900
0.1578401
0.1641758
0.1680627
0.1604636
0.1422866
0.1233196
0.1117184
0.1052854
0.0942040
0.0729445
0.0485180
0.0348002
0.0375759
0.0467456
0.0457939
0.0291873
0.0082240
-0.0017793
0.0012519
0.0040953
-0.0060149
-0.0255309
-0.0369825
-0.0278213
-0.0051016
0.0106546
0.0060511
-0.0125681
-0.0275378
-0.0287869
-0.0222862
-0.0204662
-0.0271669
-0.0340297
-0.0311103
-0.0188699
-0.0080971
-0.0082593
-0.0176255
-0.0260978
-0.0269426
-0.0236494
-0.0244587
-0.0317007
-0.0386601
-0.0373895
-0.0281904
-0.0197039
-0.0193296
-0.0249882
-0.0281558
-0.0249621
-0.0217958
-0.0276402
-0.0417179
-0.0520089
-0.0479682
-0.0332722
-0.0231375
-0.0281094
-0.0423717
-0.0504359
-0.0452988
-0.0371196
-0.0413811
-0.0595270
-0.0751824
-0.0716975
-0.0513457
-0.0337703
-0.0351887
-0.0519909
-0.0666487
-0.0678810
-0.0615906
-0.0612131
-0.0704029
-0.0789056
-0.0756518
-0.0624137
-0.0516488
-0.0521365
-0.0603425
-0.0669252
-0.0686466
-0.0705706
-0.0770595
-0.0841826
-0.0835625
-0.0729120
-0.0600495
-0.0549608
-0.0590586
-0.0645987
-0.0650745
-0.0636042
-0.0683059
-0.0799853
-0.0880809
-0.0816455
-0.0634419
-0.0497428
-0.0539065
-0.0711935
-0.0827727
-0.0760803
-0.0592047
-0.0521864
-0.0641457
-0.0823323
-0.0861446
-0.0702155
-0.0501193
-0.0446925
-0.0557962
-0.0682147
-0.0683703
-0.0594436
-0.0560068
-0.0656107
-0.0792686
-0.0814313
-0.0671987
-0.0471308
-0.0355114
-0.0365154
-0.0429075
-0.0459295
-0.0433090
-0.0372177
-0.0272090
-0.0085199
0.0215026
0.0568372
0.0851054
0.0976303
0.0965854
0.0914457
0.0891475
0.0890929
0.0873800
0.0833968
0.0802261
0.0793070
0.0772899
0.0696776
0.0565274
0.0425535
0.0314691
0.0224953
0.0141311
0.0094663
0.0137771
0.0256046
0.0335206
0.0256371
0.0022643
-0.0239272
-0.0415223
-0.0516593
-0.0632361
-0.0783407
-0.0870233
-0.0792635
-0.0598303
-0.0464951
-0.0516022
-0.0680582
-0.0767757
-0.0674581
-0.0489117
-0.0377761
-0.0395231
-0.0428996
-0.0320677
-0.0013821
0.0428385
0.0939706
0.1581643
0.2576896
0.4215786
0.6664612
0.9739898
1.2774127
1.4743611
1.4722687
1.2452202
0.8600149
0.4435117
0.1095203
-0.0997076
-0.2136942
-0.2837147
-0.3331085
-0.3508324
-0.3235554
-0.2643690
-0.2064970
-0.1730857
-0.1598967
-0.1491270
-0.1345742
-0.1269275
-0.1349117
-0.1485759
-0.1476795
-0.1259005
-0.1006172
-0.0944947
-0.1095508
-0.1247583
-0.1207809
-0.1025988
-0.0928450
-0.1039007
-0.1224492
-0.1249587
-0.1053423
-0.0820486
-0.0769813
-0.0916455
-0.1077465
-0.1096768
-0.1013192
-0.0982366
-0.1066139
-0.1153356
-0.1102268
-0.0921669
-0.0768524
-0.0769460
-0.0882489
-0.0957583
-0.0915410
-0.0831980
-0.0836115
-0.0945806
-0.1036187
-0.0976991
-0.0782024
-0.0599868
-0.0556513
-0.0626864
-0.0674389
-0.0606333
-0.0468208
-0.0378593
-0.0385778
-0.0409177
-0.0328932
-0.0122302
0.0104939
0.0226921
0.0226523
0.0204714
0.0264623
0.0401115
0.0515360
0.0534371
0.0503257
0.0548746
0.0748719
0.1043067
0.1282967
0.1373388
0.1362611
0.1384400
0.1514648
0.1696615
0.1813481
0.1825517
0.1818782
0.1909962
0.2111323
0.2306826
0.2370423
0.2299142
0.2214127
0.2228565
0.2328844
0.2396939
0.2343010
0.2201053
0.2090084
0.2089865
0.2161781
0.2189040
0.2088881
0.1886253
0.1684441
0.1567725
0.1528168
0.1478969
0.1337753
0.1105168
0.0869837
0.0733310
0.0720946
0.0762460
0.0761435
0.0682510
0.0567513
0.0473047
0.0409028
0.0346996
0.0276047
0.0227717
0.0236144
0.0285465
0.0314999
0.0281639
0.0206305
0.0147974
0.0135869
0.0140154
0.0112719
0.0045914
-0.0018003
-0.0030535
0.0018408
0.0095592
0.0152893
0.0159850
0.0120789
0.0070191
0.0046530
0.0057609
0.0067042
0.0024995
-0.0074711
-0.0168601
-0.0170034
-0.0055749
0.0096127
0.0167620
0.0107962
-0.0023182
-0.0120911
-0.0137998
-0.0118716
-0.0135981
-0.0206379
-0.0274049
-0.0275562
-0.0211938
-0.0149607
-0.0151155
-0.0212922
-0.0277109
-0.0301896
-0.0308604
-0.0351628
-0.0444004
-0.0523449
-0.0504086
-0.0367408
-0.0197441
-0.0115160
-0.0170556
-0.0298897
-0.0385162
-0.0371676
-0.0304479
-0.0280463
-0.0353246
-0.0485793
-0.0585653
-0.0584012
-0.0488476
-0.0369840
-0.0301987
-0.0309664
-0.0364355
-0.0422463
-0.0465478
-0.0505545
-0.0555404
-0.0597849
-0.0592593
-0.0519495
-0.0412501
-0.0340953
-0.0349851
-0.0419236
-0.0486484
-0.0509012
-0.0501799
-0.0511325
-0.0555984
-0.0599765
-0.0590658
-0.0522870
-0.0451771
-0.0440452
-0.0494473
-0.0557299
-0.0572274
-0.0542756
-0.0523956
-0.0555357
-0.0608686
-0.0611849
-0.0527324
-0.0400326
-0.0319653
-0.0329307
-0.0387530
-0.0419618
-0.0403408
-0.0385952
-0.0408330
-0.0426107
-0.0327083
-0.0043183
0.0357868
0.0706488
0.0868429
0.0851835
0.0779916
0.0764028
0.0808598
0.0833595
0.0773629
0.0645235
0.0523091
0.0462516
0.0449239
0.0419429
0.0323174
0.0169582
0.0016103
-0.0081782
-0.0112890
-0.0111699
-0.0125114
-0.0177119
-0.0258880
-0.0347197
-0.0431781
-0.0526666
-0.0654168
-0.0812539
-0.0957573
-0.1027134
-0.1002922
-0.0952380
-0.0984970
-0.1135366
-0.1291408
-0.1277551
-0.1042076
-0.0745014
-0.0615354
-0.0706582
-0.0828082
-0.0751591
-0.0465115
-0.0169009
-0.0002755
0.0186003
0.0768165
0.2056075
0.4133119
0.6893281
1.0076479
1.3133828
1.5136423
1.5093001
1.2632247
0.8460053
0.4042974
0.0680484
-0.1240030
-0.2185034
-0.2794619
-0.3311120
-0.3591204
-0.3493342
-0.3118251
-0.2694740
-0.2357343
-0.2106764
-0.1929905
-0.1857763
-0.1886491
-0.1914632
-0.1825813
-0.1625771
-0.1449037
-0.1413559
-0.1496879
-0.1578189
-0.1583172
-0.1552001
-0.1561149
-0.1612147
-0.1627379
-0.1549205
-0.1415482
-0.1324025
-0.1332694
-0.1406087
-0.1457683
-0.1436266
-0.1371926
-0.1344043
-0.1404021
-0.1521424
-0.1602082
-0.1566719
-0.1423537
-0.1266932
-0.1197250
-0.1232603
-0.1298207
-0.1306896
-0.1250705
-0.1206901
-0.1249184
-0.1357759
-0.1426865
-0.1365693
-0.1189222
-0.1006485
-0.0920273
-0.0939385
-0.0985099
-0.0975411
-0.0898105
-0.0805716
-0.0749569
-0.0725659
-0.0682434
-0.0574853
-0.0409795
-0.0243288
-0.0134626
-0.0097153
-0.0088209
-0.0048995
0.0040716
0.0147235
0.0225523
0.0275779
0.0349007
0.0489452
0.0676168
0.0834685
0.0913329
0.0939972
0.0990281
0.1099532
0.1220509
0.1280069
0.1269839
0.1262758
0.1333234
0.1472874
0.1599095
0.1644688
0.1623469
0.1598727
0.1597097
0.1573185
0.1467588
0.1288629
0.1119242
0.1037701
0.1039698
0.1045081
0.0976484
0.0824612
0.0641535
0.0483893
0.0367662
0.0267068
0.0144015
-0.0019157
-0.0199888
-0.0340108
-0.0384305
-0.0333901
-0.0266016
-0.0277975
-0.0395796
-0.0544303
-0.0626170
-0.0631108
-0.0645519
-0.0740158
-0.0864948
-0.0886580
-0.0740834
-0.0526694
-0.0423525
-0.0512294
-0.0695411
-0.0802396
-0.0763324
-0.0663734
-0.0634185
-0.0707305
-0.0794806
-0.0792610
-0.0689052
-0.0567070
-0.0514702
-0.0544852
-0.0598216
-0.0612540
-0.0583756
-0.0563448
-0.0601164
-0.0688863
-0.0760558
-0.0750058
-0.0655591
-0.0549140
-0.0515576
-0.0575073
-0.0665545
-0.0707611
-0.0688974
-0.0678346
-0.0748388
-0.0885725
-0.0987245
-0.0956263
-0.0805534
-0.0659311
-0.0644240
-0.0772240
-0.0931039
-0.0993125
-0.0936311
-0.0858488
-0.0875720
-0.1006755
-0.1154976
-0.1199395
-0.1103372
-0.0941269
-0.0827492
-0.0821387
-0.0893179
-0.0969748
-0.1005495
-0.1010823
-0.1021132
-0.1047384
-0.1061015
-0.1026461
-0.0945163
-0.0863093
-0.0831312
-0.0859414
-0.0911659
-0.0950381
-0.0977302
-0.1022981
-0.1093787
-0.1140184
-0.1094120
-0.0947073
-0.0785389
-0.0732001
-0.0838231
-0.1028929
-0.1160925
-0.1146247
-0.1026229
-0.0927650
-0.0943446
-0.1049693
-0.1133336
-0.1100626
-0.0963573
-0.0826138
-0.0787294
-0.0854193
-0.0944922
-0.0972353
-0.0924267
-0.0863512
-0.0854350
-0.0893951
-0.0918774
-0.0875436
-0.0778337
-0.0692851
-0.0665130
-0.0677341
-0.0675676
-0.0633564
-0.0572269
-0.0513761
-0.0426168
-0.0238689
0.0075085
0.0434048
0.0688938
0.0742754
0.0637653
0.0516759
0.0492613
0.0550475
0.0580715
0.0503212
0.0354157
0.0247106
0.0250985
0.0312995
0.0308069
0.0167538
-0.0041752
-0.0169887
-0.0122274
0.0045608
0.0167392
0.0105456
-0.0134603
-0.0416543
-0.0597964
-0.0649300
-0.0658530
-0.0725766
-0.0859721
-0.0981320
-0.1022840
-0.1007052
-0.1015224
-0.1081792
-0.1141675
-0.1097977
-0.0935486
-0.0745900
-0.0630307
-0.0589579
-0.0529880
-0.0373718
-0.0137843
0.0127623
0.0486439
0.1194371
0.2610154
0.4981028
0.8224805
1.1816911
1.4852922
1.6324398
1.5559126
1.2621171
0.8380244
0.4113668
0.0850847
-0.1089958
-0.2053566
-0.2587321
-0.2988160
-0.3207182
-0.3094758
-0.2676885
-0.2191661
-0.1892041
-0.1839438
-0.1885107
-0.1835010
-0.1629881
-0.1380556
-0.1244045
-0.1267918
-0.1350223
-0.1348814
-0.1229907
-0.1104915
-0.1113234
-0.1267359
-0.1423683
