-0.1267129
-0.0837547
-0.0671924
-0.0688787
-0.0725376
-0.0697227
-0.0611494
-0.0515498
-0.0442012
-0.0357865
-0.0184788
0.0086670
0.0350994
0.0526112
0.0695319
0.1012200
0.1473066
0.1884639
0.2087230
0.2135890
0.2211697
0.2394017
0.2575361
0.2604271
0.2478297
0.2358561
0.2378684
0.2471376
0.2436970
0.2178806
0.1801481
0.1451037
0.1135341
0.0776052
0.0392515
0.0127741
0.0065924
0.0095161
0.0013882
-0.0237931
-0.0504322
-0.0596446
-0.0525581
-0.0499856
-0.0668175
-0.0920692
-0.1015422
-0.0892964
-0.0775988
-0.0904659
-0.1226167
-0.1427772
-0.1285298
-0.0920624
-0.0673033
-0.0735839
-0.0970157
-0.1095669
-0.1020186
-0.0914354
-0.0959188
-0.1103259
-0.1140467
-0.0990767
-0.0806317
-0.0771662
-0.0867889
-0.0896371
-0.0713370
-0.0383497
-0.0095046
0.0027982
0.0000332
-0.0097378
-0.0194841
-0.0219491
-0.0077757
0.0270919
0.0727011
0.1112946
0.1352986
0.1531762
0.1718680
0.1780144
0.1467058
0.0722468
-0.0159658
-0.0751187
-0.0869984
-0.0712553
-0.0606662
-0.0673788
-0.0767850
-0.0716064
-0.0547090
-0.0448056
-0.0541035
-0.0760628
-0.0944071
-0.0986785
-0.0895530
-0.0740079
-0.0596286
-0.0516226
-0.0506607
-0.0524922
-0.0521593
-0.0500024
-0.0517590
-0.0604988
-0.0691959
-0.0649667
-0.0435538
-0.0183082
-0.0106511
-0.0294178
-0.0612750
-0.0836301
-0.0862634
-0.0783199
-0.0740434
-0.0733833
-0.0581917
-0.0088840
0.0739503
0.1661229
0.2439649
0.3172758
0.4349255
0.6442865
0.9308657
1.1953191
1.3031636
1.1784177
0.8644029
0.4953355
0.2000648
0.0214122
-0.0828586
-0.1719316
-0.2611395
-0.3227942
-0.3322382
-0.3010751
-0.2649809
-0.2475676
-0.2429430
-0.2319457
-0.2084221
-0.1852867
-0.1774114
-0.1843855
-0.1922305
-0.1887917
-0.1741132
-0.1572698
-0.1473269
-0.1484475
-0.1600937
-0.1779238
-0.1943946
-0.2018340
-0.1979527
-0.1883544
-0.1813959
-0.1793038
-0.1759052
-0.1651752
-0.1508344
-0.1437568
-0.1486966
-0.1571104
-0.1566889
-0.1464354
-0.1375951
-0.1383998
-0.1421981
-0.1352175
-0.1149670
-0.0953747
-0.0906254
-0.0974593
-0.0991980
-0.0872579
-0.0721505
-0.0686208
-0.0738177
-0.0677022
-0.0363714
0.0108296
0.0511772
0.0718186
0.0781066
0.0806433
0.0814554
0.0767957
0.0690365
0.0685165
0.0821563
0.1049499
0.1259512
0.1396783
0.1473103
0.1485114
0.1388014
0.1176867
0.0945130
0.0809749
0.0791212
0.0811286
0.0802496
0.0765387
0.0702127
0.0556920
0.0290806
-0.0001557
-0.0135800
-0.0048027
0.0083449
0.0002620
-0.0328880
-0.0662139
-0.0725492
-0.0520706
-0.0302614
-0.0282368
-0.0419861
-0.0528106
-0.0515820
-0.0460916
-0.0465463
-0.0514397
-0.0510195
-0.0406049
-0.0257446
-0.0150805
-0.0120646
-0.0140875
-0.0157669
-0.0110510
0.0038567
0.0243890
0.0356735
0.0236960
-0.0077128
-0.0349956
-0.0357505
-0.0114581
0.0148276
0.0240839
0.0200895
0.0201176
0.0314773
0.0440275
0.0460746
0.0403599
0.0385045
0.0429779
0.0432270
0.0326121
0.0222018
0.0292423
0.0522177
0.0656561
0.0458339
-0.0004239
-0.0381533
-0.0373914
-0.0022484
0.0336251
0.0385401
0.0088761
-0.0330403
-0.0622820
-0.0711009
-0.0689735
-0.0680445
-0.0708428
-0.0711751
-0.0646110
-0.0559377
-0.0546944
-0.0630821
-0.0706058
-0.0641978
-0.0442058
-0.0266105
-0.0260633
-0.0387333
-0.0469223
-0.0413760
-0.0335481
-0.0409073
-0.0625820
-0.0768222
-0.0657183
-0.0377581
-0.0198849
-0.0279515
-0.0510897
-0.0673799
-0.0689885
-0.0656443
-0.0663746
-0.0673524
-0.0615670
-0.0535802
-0.0564036
-0.0746225
-0.0979947
-0.1143711
-0.1232164
-0.1312235
-0.1384347
-0.1370682
-0.1253397
-0.1142014
-0.1135780
-0.1161707
-0.1047053
-0.0767686
-0.0527830
-0.0513091
-0.0613261
-0.0508155
-0.0063141
0.0447002
0.0593688
0.0252881
-0.0267373
-0.0565925
-0.0540257
-0.0392816
-0.0309164
-0.0237590
-0.0011819
0.0396104
0.0836392
0.1190865
0.1564368
0.2257071
0.3581050
0.5675560
0.8363972
1.1058930
1.2842749
1.2857661
1.0856747
0.7471256
0.3876645
0.1068554
-0.0652791
-0.1593422
-0.2165630
-0.2513677
-0.2563040
-0.2300361
-0.1908006
-0.1632239
-0.1582683
-0.1684238
-0.1788939
-0.1804407
-0.1739092
-0.1674305
-0.1707160
-0.1885787
-0.2160945
-0.2400109
-0.2479641
-0.2387319
-0.2231673
-0.2136590
-0.2124465
-0.2110249
-0.2007506
-0.1823943
-0.1643603
-0.1527886
-0.1454393
-0.1356978
-0.1210020
-0.1056014
-0.0949020
-0.0886749
-0.0816954
-0.0714398
-0.0634846
-0.0671244
-0.0850338
-0.1083450
-0.1229501
-0.1205897
-0.1037597
-0.0812245
-0.0608428
-0.0470906
-0.0429380
-0.0502771
-0.0665994
-0.0827701
-0.0872802
-0.0746520
-0.0495578
-0.0222741
-0.0006744
0.0130850
0.0199083
0.0207988
0.0175191
0.0141783
0.0153743
0.0217503
0.0283432
0.0285964
0.0203448
0.0075470
-0.0037645
-0.0104239
-0.0126345
-0.0106375
-0.0028887
0.0113608
0.0284628
0.0411249
0.0440481
0.0390600
0.0340935
0.0362572
0.0454869
0.0552699
0.0598076
0.0597326
0.0597570
0.0611468
0.0587024
0.0469151
0.0283411
0.0133642
0.0101297
0.0156055
0.0184751
0.0112135
-0.0023412
-0.0125902
-0.0157865
-0.0170711
-0.0212132
-0.0234724
-0.0137285
0.0095386
0.0324303
0.0361848
0.0153695
-0.0159313
-0.0375782
-0.0430861
-0.0449850
-0.0600188
-0.0897196
-0.1170527
-0.1229406
-0.1054219
-0.0815517
-0.0705859
-0.0764136
-0.0868706
-0.0885163
-0.0790758
-0.0642342
-0.0452942
-0.0155952
0.0280363
0.0735126
0.0992767
0.0945649
0.0711611
0.0514544
0.0456814
0.0449143
0.0371752
0.0250505
0.0214345
0.0290709
0.0324343
0.0158080
-0.0140463
-0.0317819
-0.0227381
-0.0019371
0.0027969
-0.0158193
-0.0366105
-0.0380147
-0.0263115
-0.0272432
-0.0515028
-0.0791883
-0.0844337
-0.0689791
-0.0607954
-0.0786620
-0.1081674
-0.1203599
-0.1089959
-0.0980640
-0.1098270
-0.1345190
-0.1400122
-0.1083362
-0.0535985
-0.0025657
0.0333017
0.0595169
0.0784511
0.0808946
0.0629083
0.0423781
0.0465852
0.0809262
0.1176599
0.1220526
0.0874444
0.0392700
0.0056981
-0.0086414
-0.0172673
-0.0278590
-0.0337106
-0.0301498
-0.0300023
-0.0529278
-0.0992620
-0.1427445
-0.1557373
-0.1396398
-0.1239224
-0.1333387
-0.1611946
-0.1795015
-0.1724885
-0.1528222
-0.1429187
-0.1471745
-0.1502599
-0.1413738
-0.1306150
-0.1347607
-0.1509692
-0.1543061
-0.1250933
-0.0730011
-0.0274595
-0.0057244
0.0026175
0.0175552
0.0418295
0.0588943
0.0556654
0.0394018
0.0283839
0.0306852
0.0384859
0.0426639
0.0461544
0.0584511
0.0798534
0.0972709
0.0979732
0.0851618
0.0773849
0.0923148
0.1314176
0.1804463
0.2266902
0.2796820
0.3753709
0.5508661
0.8005461
1.0502585
1.1845059
1.1194484
0.8656706
0.5233099
0.2105309
-0.0108303
-0.1489515
-0.2362671
-0.2833445
-0.2797987
-0.2278228
-0.1580841
-0.1069568
-0.0854521
-0.0779603
-0.0681987
-0.0572675
-0.0545658
-0.0600270
-0.0637364
-0.0603513
-0.0545772
-0.0498600
-0.0398634
-0.0190436
0.0019120
0.0020923
-0.0241148
-0.0550681
-0.0637380
-0.0491376
-0.0369034
-0.0466733
-0.0680248
-0.0767501
-0.0699095
-0.0719882
-0.1020075
-0.1441297
-0.1617844
-0.1395418
-0.1007770
-0.0800894
-0.0863758
-0.1009066
-0.1062840
-0.1039050
-0.0996322
-0.0853710
-0.0491525
-0.0015490
0.0232545
0.0026195
-0.0438913
-0.0699234
-0.0498339
-0.0030725
0.0324479
0.0439442
0.0520134
0.0779845
0.1151017
0.1391113
0.1409348
0.1375658
0.1488164
0.1723633
0.1892504
0.1903373
0.1877654
0.1973021
0.2161899
0.2258913
0.2155884
0.1955107
0.1833526
0.1823175
0.1793980
0.1650155
0.1468670
0.1389914
0.1407110
0.1345482
0.1077934
0.0706359
0.0466620
0.0464441
0.0570556
0.0603387
0.0557357
0.0577496
0.0720894
0.0839362
0.0764022
0.0557247
0.0476798
0.0660882
0.0929145
0.0977137
0.0742895
0.0486910
0.0477020
0.0670144
0.0786997
0.0674257
0.0487586
0.0471493
0.0635523
0.0748706
0.0647480
0.0446211
0.0381624
0.0508377
0.0646138
0.0633031
0.0539981
0.0567553
0.0769637
0.0963393
0.0932194
0.0660419
0.0323351
0.0076317
-0.0083945
-0.0240478
-0.0395116
-0.0436101
-0.0261191
0.0098565
0.0484483
0.0723278
0.0739877
0.0595338
0.0439220
0.0405532
0.0516058
0.0672603
0.0760397
0.0767431
0.0785829
0.0884237
0.1000687
0.0996656
0.0820742
0.0584041
0.0444196
0.0429226
0.0414707
0.0285059
0.0082303
-0.0041215
-0.0008747
0.0083641
0.0075931
-0.0073639
-0.0249228
-0.0320174
-0.0290219
-0.0280560
-0.0379807
-0.0548161
-0.0684837
-0.0760809
-0.0841328
-0.0970048
-0.1073582
-0.1029973
-0.0834145
-0.0648584
-0.0645605
-0.0804574
-0.0909526
-0.0776941
-0.0468280
-0.0239941
-0.0276684
-0.0505919
-0.0696981
-0.0717250
-0.0643485
-0.0616656
-0.0641082
-0.0580230
-0.0343359
-0.0022228
0.0189666
0.0192134
0.0058758
-0.0069508
-0.0128251
-0.0147164
-0.0158686
-0.0142685
-0.0075713
0.0001094
0.0003146
-0.0106082
-0.0267395
-0.0380162
-0.0393310
-0.0334726
-0.0262810
-0.0206558
-0.0153640
-0.0081215
0.0014296
0.0118342
0.0231486
0.0421140
0.0863424
0.1821651
0.3510063
0.5867924
0.8390296
1.0207156
1.0471043
0.8860183
0.5839748
0.2438362
-0.0345938
-0.2081159
-0.2978198
-0.3496228
-0.3869730
-0.3983606
-0.3647579
-0.2922027
-0.2135022
-0.1595757
-0.1337930
-0.1165854
-0.0922668
-0.0666336
-0.0572930
-0.0706705
-0.0930298
-0.1045495
-0.0990826
-0.0877921
-0.0847835
-0.0923539
-0.1013899
-0.1039059
-0.1019635
-0.1033574
-0.1106469
-0.1175149
-0.1171301
-0.1122904
-0.1141887
-0.1298118
-0.1522869
-0.1663949
-0.1641940
-0.1532989
-0.1482497
-0.1548263
-0.1649568
-0.1667802
-0.1568204
-0.1406359
-0.1241662
-0.1089041
-0.0961546
-0.0910641
-0.0969889
-0.1058888
-0.0994015
-0.0639584
-0.0051353
0.0548802
0.0947802
0.1091858
0.1085712
0.1082198
0.1185033
0.1419027
0.1734124
0.2018789
0.2150314
0.2087104
0.1924475
0.1827675
0.1877562
0.1981988
0.1958124
0.1710692
0.1322371
0.0964581
0.0727367
0.0547487
0.0305187
-0.0015639
-0.0275682
-0.0306505
-0.0108909
0.0074601
-0.0075047
-0.0655121
-0.1379155
-0.1753425
-0.1497088
-0.0838317
-0.0371454
-0.0556066
-0.1312554
-0.2108988
-0.2453780
-0.2298285
-0.1964761
-0.1734336
-0.1576086
-0.1287168
-0.0811877
-0.0318136
0.0052207
0.0411401
0.1004959
0.1864840
0.2670641
0.3021214
0.2820764
0.2336298
0.1874015
0.1469990
0.0949573
0.0245990
-0.0437114
-0.0817890
-0.0834790
-0.0685007
-0.0574530
-0.0503975
-0.0344995
-0.0080977
0.0114168
0.0062171
-0.0209617
-0.0499040
-0.0652130
-0.0693178
-0.0716963
-0.0719101
-0.0615162
-0.0428710
-0.0373124
-0.0664348
-0.1257373
-0.1838028
-0.2116674
-0.2097932
-0.2015187
-0.2022171
-0.2028207
-0.1872075
-0.1589156
-0.1401879
-0.1424444
-0.1462400
-0.1196139
-0.0560665
0.0132192
0.0492894
0.0439685
0.0238316
0.0179071
0.0285264
0.0366881
0.0297535
0.0155205
0.0086817
0.0110340
0.0108527
-0.0008769
-0.0202044
-0.0375378
-0.0501048
-0.0628575
-0.0791634
-0.0959453
-0.1093327
-0.1209989
-0.1353161
-0.1519357
-0.1652368
-0.1714385
-0.1725232
-0.1713164
-0.1662446
-0.1551628
-0.1424389
-0.1353757
-0.1306212
-0.1099945
-0.0578916
0.0178821
0.0932234
0.1640677
0.2699780
0.4642251
0.7466286
1.0279107
1.1752487
1.1084708
0.8598712
0.5428060
0.2629397
0.0566083
-0.0970332
-0.2218023
-0.3127146
-0.3516926
-0.3389929
-0.2989589
-0.2573906
-0.2216333
-0.1855126
-0.1478899
-0.1194767
-0.1110723
-0.1201266
-0.1325100
-0.1364482
-0.1321612
-0.1280415
-0.1301798
-0.1372741
-0.1441597
-0.1473540
-0.1461648
-0.1401690
-0.1280727
-0.1099862
-0.0901235
-0.0761104
-0.0746473
-0.0868782
-0.1072458
-0.1269705
-0.1396613
-0.1446275
-0.1453089
-0.1449318
-0.1442867
-0.1435633
-0.1444330
-0.1478249
-0.1494590
-0.1408133
-0.1182619
-0.0912927
-0.0776203
-0.0864865
-0.1075460
-0.1198560
-0.1130357
-0.0965674
-0.0855387
-0.0796357
-0.0618904
-0.0203651
0.0331403
0.0714942
0.0797796
0.0704440
0.0688302
0.0867256
0.1143801
0.1374515
0.1553771
0.1784797
0.2096366
0.2355677
0.2396352
0.2208569
0.1966193
0.1862352
0.1935151
0.2053322
0.2049114
0.1856028
0.1541685
0.1236948
0.1032702
0.0921161
0.0825530
0.0696226
0.0578034
0.0556345
0.0618078
0.0594786
0.0302247
-0.0240205
-0.0767637
-0.0995479
-0.0889712
-0.0682205
-0.0618735
-0.0736465
-0.0910491
-0.1059304
-0.1213072
-0.1367240
-0.1364889
-0.1028442
-0.0410182
0.0175679
0.0435924
0.0391720
0.0335199
0.0492602
0.0784523
0.0951146
0.0875033
0.0716664
0.0721565
0.0944741
0.1208961
0.1317899
0.1258534
0.1172587
0.1163338
0.1180110
0.1103136
0.0905558
0.0690564
0.0565661
0.0514809
0.0427209
0.0247207
0.0057710
-0.0015265
0.0028900
0.0029792
-0.0178205
-0.0588270
-0.1025704
-0.1329700
-0.1501916
-0.1657882
-0.1857198
-0.2026811
-0.2063553
-0.1975892
-0.1883161
-0.1874825
-0.1903414
-0.1835675
-0.1594824
-0.1233961
-0.0880345
-0.0634455
-0.0524544
-0.0523799
-0.0577696
-0.0621690
-0.0609175
-0.0544182
-0.0475423
-0.0441574
-0.0429161
-0.0402128
-0.0368045
-0.0384086
-0.0475662
-0.0564710
-0.0516030
-0.0275000
0.0052628
0.0280586
0.0310142
0.0214625
0.0156304
0.0226852
0.0373361
0.0471654
0.0456202
0.0371393
0.0305160
0.0290478
0.0283129
0.0229280
0.0133181
0.0040279
-0.0040419
-0.0167522
-0.0394954
-0.0673212
-0.0854605
-0.0823889
-0.0621668
-0.0417609
-0.0350752
-0.0403709
-0.0440572
-0.0358194
-0.0185738
-0.0039437
0.0000823
-0.0038870
-0.0064931
-0.0007637
0.0119085
0.0226682
0.0213103
0.0033877
-0.0263864
-0.0573984
-0.0810979
-0.0968207
-0.1098508
-0.1239009
-0.1363379
-0.1413699
-0.1372794
-0.1293215
-0.1250491
-0.1271003
-0.1306662
-0.1277530
-0.1142354
-0.0938783
-0.0760851
-0.0687286
-0.0715991
-0.0765579
-0.0751334
-0.0665671
-0.0578153
-0.0553325
-0.0580958
-0.0601751
-0.0595387
-0.0617737
-0.0734253
-0.0925446
-0.1078164
-0.1079870
-0.0922056
-0.0716287
-0.0614907
-0.0702999
-0.0935696
-0.1162116
-0.1230449
-0.1108049
-0.0911561
-0.0796162
-0.0791473
-0.0753332
-0.0501499
-0.0013805
0.0527944
0.0898957
0.1053404
0.1219026
0.1805338
0.3191021
0.5476772
0.8290406
1.0782444
1.1939719
1.1135959
0.8558530
0.5135811
0.1967763
-0.0294775
-0.1637383
-0.2376734
-0.2747049
