0.0338164
0.0482927
0.0394826
0.0199491
0.0035719
-0.0055314
-0.0089703
-0.0114265
-0.0207232
-0.0399507
-0.0598129
-0.0677581
-0.0646606
-0.0644093
-0.0764406
-0.0954866
-0.1095181
-0.1126971
-0.1100428
-0.1129448
-0.1288997
-0.1518919
-0.1650442
-0.1575958
-0.1377239
-0.1237138
-0.1234596
-0.1273942
-0.1213522
-0.1022346
-0.0804167
-0.0693192
-0.0728107
-0.0813621
-0.0811740
-0.0680474
-0.0509553
-0.0415011
-0.0425996
-0.0488491
-0.0546996
-0.0591711
-0.0640594
-0.0699571
-0.0736516
-0.0692203
-0.0540754
-0.0349656
-0.0250307
-0.0321025
-0.0506527
-0.0666823
-0.0699711
-0.0613771
-0.0500164
-0.0444313
-0.0451990
-0.0447349
-0.0342406
-0.0107549
0.0229989
0.0655768
0.1244119
0.2188235
0.3743098
0.6047303
0.8888252
1.1620681
1.3410929
1.3693264
1.2483115
1.0296115
0.7775337
0.5359856
0.3225753
0.1437934
0.0073902
-0.0816272
-0.1307073
-0.1568779
-0.1718772
-0.1747783
-0.1625301
-0.1437558
-0.1359450
-0.1484259
-0.1723825
-0.1903145
-0.1940264
-0.1912956
-0.1950468
-0.2080754
-0.2203817
-0.2213082
-0.2117470
-0.2024922
-0.2020277
-0.2086983
-0.2147000
-0.2149644
-0.2110948
-0.2084236
-0.2104128
-0.2149221
-0.2153627
-0.2067625
-0.1915774
-0.1785397
-0.1745741
-0.1779814
-0.1803180
-0.1752588
-0.1653006
-0.1589317
-0.1605074
-0.1637630
-0.1574986
-0.1383803
-0.1160552
-0.1036505
-0.1041172
-0.1078628
-0.1035902
-0.0897541
-0.0750073
-0.0685300
-0.0705450
-0.0720310
-0.0636069
-0.0448752
-0.0250983
-0.0148336
-0.0170391
-0.0257001
-0.0319456
-0.0312940
-0.0259044
-0.0204572
-0.0160120
-0.0087880
0.0039103
0.0173908
0.0217065
0.0113710
-0.0082106
-0.0254888
-0.0339470
-0.0378694
-0.0467445
-0.0640482
-0.0819921
-0.0883248
-0.0790424
-0.0638534
-0.0579811
-0.0681957
-0.0870242
-0.1003162
-0.1001102
-0.0906475
-0.0827118
-0.0823710
-0.0853556
-0.0828335
-0.0722325
-0.0606173
-0.0564561
-0.0596995
-0.0624456
-0.0595595
-0.0562763
-0.0629963
-0.0823226
-0.1030551
-0.1093572
-0.0966909
-0.0771696
-0.0672918
-0.0709109
-0.0765570
-0.0719606
-0.0586245
-0.0496903
-0.0541797
-0.0660090
-0.0700435
-0.0582784
-0.0385011
-0.0263435
-0.0296582
-0.0419644
-0.0509016
-0.0509829
-0.0468154
-0.0454951
-0.0484751
-0.0511238
-0.0483298
-0.0395569
-0.0293916
-0.0239939
-0.0262926
-0.0335349
-0.0395772
-0.0405617
-0.0389356
-0.0412111
-0.0504296
-0.0607261
-0.0614556
-0.0489898
-0.0337310
-0.0321204
-0.0498831
-0.0750202
-0.0898705
-0.0895754
-0.0860828
-0.0932726
-0.1105587
-0.1237208
-0.1214200
-0.1077383
-0.0962127
-0.0931594
-0.0908786
-0.0786762
-0.0570823
-0.0368908
-0.0243214
-0.0105932
0.0232120
0.0950645
0.2183788
0.4039324
0.6533640
0.9413742
1.2056257
1.3661215
1.3695150
1.2241902
0.9939803
0.7545826
0.5504238
0.3854602
0.2459189
0.1258315
0.0325042
-0.0254187
-0.0498300
-0.0537738
-0.0534208
-0.0599076
-0.0758736
-0.0964421
-0.1132519
-0.1205344
-0.1202124
-0.1209778
-0.1302311
-0.1460575
-0.1584866
-0.1598544
-0.1532090
-0.1491742
-0.1545001
-0.1647378
-0.1688123
-0.1604717
-0.1445428
-0.1316662
-0.1275504
-0.1285324
-0.1277865
-0.1241041
-0.1224957
-0.1262301
-0.1305678
-0.1264118
-0.1102025
-0.0888094
-0.0734343
-0.0687155
-0.0689945
-0.0661895
-0.0603138
-0.0597808
-0.0702387
-0.0850669
-0.0899284
-0.0775671
-0.0563947
-0.0426567
-0.0441284
-0.0527677
-0.0540816
-0.0428086
-0.0277637
-0.0209441
-0.0237368
-0.0259773
-0.0182722
-0.0027227
0.0100374
0.0130724
0.0102049
0.0106745
0.0186140
0.0295506
0.0372416
0.0422032
0.0515916
0.0703589
0.0940730
0.1121327
0.1180793
0.1155102
0.1132210
0.1152432
0.1166894
0.1097137
0.0930518
0.0746810
0.0641989
0.0627848
0.0620395
0.0536043
0.0388576
0.0271789
0.0244212
0.0253069
0.0196475
0.0060583
-0.0033039
0.0052539
0.0299887
0.0521864
0.0560410
0.0518756
0.0778966
0.1758670
0.3619225
0.6168518
0.8986920
1.1605119
1.3591058
1.4581117
1.4370365
1.3056747
1.1079188
0.9024714
0.7305256
0.5970441
0.4815477
0.3658902
0.2514838
0.1527741
0.0794658
0.0281658
-0.0108710
-0.0435364
-0.0701305
-0.0907766
-0.1082281
-0.1241337
-0.1354431
-0.1380088
-0.1338283
-0.1316488
-0.1383467
-0.1512604
-0.1618068
-0.1666427
-0.1723292
-0.1869546
-0.2086749
-0.2258697
-0.2300011
-0.2262943
-0.2287175
-0.2440494
-0.2637260
-0.2738584
-0.2718502
-0.2691740
-0.2763207
-0.2883332
-0.2894949
-0.2724530
-0.2486556
-0.2365780
-0.2409692
-0.2480127
-0.2428666
-0.2286586
-0.2230820
-0.2355671
-0.2529057
-0.2525012
-0.2289065
-0.2018847
-0.1954593
-0.2120654
-0.2316145
-0.2352763
-0.2249240
-0.2160914
-0.2153545
-0.2113194
-0.1900624
-0.1545913
-0.1230787
-0.1079745
-0.1024554
-0.0909322
-0.0694940
-0.0500873
-0.0438251
-0.0455869
-0.0399230
-0.0208443
-0.0004602
0.0046575
-0.0070759
-0.0205017
-0.0213686
-0.0117373
-0.0052264
-0.0094632
-0.0178066
-0.0191189
-0.0117029
-0.0043078
-0.0050743
-0.0135194
-0.0241183
-0.0341167
-0.0445581
-0.0549862
-0.0614680
-0.0618186
-0.0601769
-0.0628839
-0.0700708
-0.0748112
-0.0723073
-0.0673445
-0.0694106
-0.0810522
-0.0944322
-0.1004588
-0.0984607
-0.0942878
-0.0906911
-0.0839767
-0.0715598
-0.0590716
-0.0552329
-0.0594955
-0.0593033
-0.0433225
-0.0158771
0.0060700
0.0113749
0.0065962
0.0064766
0.0148122
0.0199134
0.0106433
-0.0073044
-0.0162736
-0.0078366
0.0056456
0.0042528
-0.0166615
-0.0416996
-0.0546314
-0.0578220
-0.0676830
-0.0919322
-0.1174075
-0.1242847
-0.1099428
-0.0938182
-0.0973710
-0.1222928
-0.1509037
-0.1661576
-0.1673976
-0.1657929
-0.1682546
-0.1700108
-0.1626116
-0.1452343
-0.1258140
-0.1129781
-0.1095262
-0.1128948
-0.1184374
-0.1208302
-0.1150500
-0.0996944
-0.0798923
-0.0644634
-0.0583082
-0.0584235
-0.0590049
-0.0596088
-0.0652263
-0.0770787
-0.0864556
-0.0820906
-0.0641911
-0.0472886
-0.0458950
-0.0585421
-0.0694855
-0.0667787
-0.0553547
-0.0494631
-0.0539030
-0.0572360
-0.0454026
-0.0188929
0.0080075
0.0257107
0.0443944
0.0895747
0.1849437
0.3400477
0.5480366
0.7842887
1.0021883
1.1385958
1.1406260
1.0009370
0.7693178
0.5230954
0.3179799
0.1622798
0.0346445
-0.0784406
-0.1661735
-0.2110464
-0.2146970
-0.2004699
-0.1918572
-0.1939142
-0.1977974
-0.1987951
-0.2034367
-0.2178364
-0.2346143
-0.2376753
-0.2208858
-0.1977210
-0.1884791
-0.1986710
-0.2136028
-0.2155486
-0.2034098
-0.1921278
-0.1932240
-0.1998855
-0.1943237
-0.1689039
-0.1364578
-0.1176552
-0.1196584
-0.1300109
-0.1318386
-0.1221712
-0.1127853
-0.1142660
-0.1230617
-0.1262643
-0.1172737
-0.1034961
-0.0977556
-0.1043225
-0.1157588
-0.1230833
-0.1261253
-0.1317283
-0.1429244
-0.1531779
-0.1531535
-0.1418555
-0.1286284
-0.1235281
-0.1272428
-0.1318809
-0.1309423
-0.1261912
-0.1232634
-0.1217663
-0.1129102
-0.0890797
-0.0547416
-0.0248297
-0.0104639
-0.0072352
0.0002229
0.0214621
0.0495228
0.0685652
0.0718059
0.0696450
0.0781347
0.1000300
0.1198726
0.1195688
0.0978376
0.0720224
0.0601285
0.0627696
0.0643856
0.0514684
0.0272469
0.0072668
0.0019561
0.0059664
0.0051807
-0.0079838
-0.0284912
-0.0469917
-0.0607175
-0.0738279
-0.0885016
-0.0994946
-0.0995930
-0.0890291
-0.0767130
-0.0711350
-0.0714262
-0.0689022
-0.0568688
-0.0370147
-0.0158607
0.0024823
0.0173909
0.0270637
0.0284202
0.0266158
0.0440510
0.1137781
0.2568611
0.4626253
0.6917086
0.9005798
1.0646536
1.1793717
1.2430649
1.2450329
1.1747020
1.0415165
0.8806506
0.7337579
0.6210726
0.5311961
0.4374031
0.3236298
0.1960851
0.0731812
-0.0320718
-0.1188948
-0.1912516
-0.2480799
-0.2831520
-0.2933452
-0.2843575
-0.2668977
-0.2479468
-0.2270997
-0.2016679
-0.1738862
-0.1511448
-0.1386479
-0.1335772
-0.1287387
-0.1220750
-0.1201147
-0.1297353
-0.1472880
-0.1591601
-0.1553931
-0.1415992
-0.1343599
-0.1436542
-0.1619249
-0.1729731
-0.1707751
-0.1658404
-0.1712368
-0.1854128
-0.1934999
-0.1861415
-0.1726176
-0.1712548
-0.1879079
-0.2084727
-0.2148624
-0.2055315
-0.1960655
-0.1994946
-0.2104226
-0.2120165
-0.1967553
-0.1752999
-0.1630087
-0.1612321
-0.1564013
-0.1374919
-0.1099739
-0.0891620
-0.0812402
-0.0750757
-0.0548832
-0.0190504
0.0167135
0.0354378
0.0358063
0.0313565
0.0341592
0.0422353
0.0442360
0.0344263
0.0199387
0.0123476
0.0140159
0.0151786
0.0048793
-0.0170001
-0.0400884
-0.0549029
-0.0612787
-0.0644296
-0.0650340
-0.0568430
-0.0345847
-0.0001199
0.0443049
0.1098445
0.2235641
0.4103732
0.6672518
0.9530775
1.2038195
1.3603587
1.3889851
1.2873258
1.0822041
0.8243554
0.5753659
0.3838024
0.2624753
0.1869451
0.1206723
0.0465667
-0.0232682
-0.0668105
-0.0787950
-0.0772866
-0.0855138
-0.1103157
-0.1397551
-0.1596622
-0.1689998
-0.1781397
-0.1948513
-0.2152976
-0.2291954
-0.2314429
-0.2266293
-0.2226812
-0.2223162
-0.2219107
-0.2175368
-0.2099692
-0.2031511
-0.1991389
-0.1960740
-0.1910103
-0.1834699
-0.1755531
-0.1691732
-0.1642077
-0.1597970
-0.1571092
-0.1599314
-0.1713788
-0.1892139
-0.2048077
-0.2084404
-0.1974955
-0.1798663
-0.1680117
-0.1680711
-0.1745459
-0.1765486
-0.1695855
-0.1600519
-0.1569827
-0.1601418
-0.1584882
-0.1415829
-0.1113660
-0.0808621
-0.0611473
-0.0511032
-0.0408696
-0.0241105
-0.0046702
0.0094971
0.0171433
0.0260398
0.0439142
0.0687426
0.0899828
0.0995110
0.0996508
0.0991257
0.1020326
0.1032325
0.0958342
0.0814924
0.0701398
0.0684946
0.0714184
0.0678631
0.0548582
0.0414943
0.0367125
0.0365520
0.0291963
0.0131995
0.0043130
0.0181588
0.0482890
0.0702085
0.0727424
0.0817247
0.1448746
0.2909468
0.5078159
0.7616549
1.0286058
1.2958059
1.5313669
1.6695787
1.6456439
1.4531966
1.1618648
0.8691323
0.6312018
0.4401423
0.2633006
0.0952190
-0.0344039
-0.0982714
-0.1061334
-0.0975303
-0.1047634
-0.1289755
-0.1515486
-0.1615046
-0.1662800
-0.1780349
-0.1965212
-0.2096214
-0.2086689
-0.1985829
-0.1912937
-0.1919315
-0.1949112
-0.1936238
-0.1905490
-0.1946629
-0.2091671
-0.2248685
-0.2283052
-0.2163944
-0.2011975
-0.1988311
-0.2138991
-0.2357598
-0.2501151
-0.2531322
-0.2533051
-0.2601553
-0.2729057
-0.2814123
-0.2777551
-0.2655168
-0.2567190
-0.2598019
-0.2715244
-0.2813726
-0.2835654
-0.2833491
-0.2903222
-0.3059796
-0.3197069
-0.3186512
-0.3013556
-0.2801216
-0.2688962
-0.2693569
-0.2699977
-0.2587156
-0.2347097
-0.2071032
-0.1834440
-0.1624152
-0.1387525
-0.1129020
-0.0925735
-0.0842169
-0.0854210
-0.0879968
-0.0879224
-0.0896093
-0.0990076
-0.1140872
-0.1248049
-0.1232478
-0.1121779
-0.1019811
-0.0998177
-0.1036411
-0.1071003
-0.1079348
-0.1090691
-0.1119148
-0.1118374
-0.1029269
-0.0866961
-0.0731253
-0.0710971
-0.0787006
-0.0852903
-0.0836586
-0.0780187
-0.0777495
-0.0840694
-0.0863425
-0.0739498
-0.0504163
-0.0321546
-0.0314391
-0.0425641
-0.0479718
-0.0384011
-0.0239518
-0.0225989
-0.0390144
-0.0585097
-0.0634643
-0.0530416
-0.0432832
-0.0483013
-0.0653990
-0.0808792
-0.0874788
-0.0912075
-0.1004226
-0.1129932
-0.1188705
-0.1142701
-0.1081168
-0.1117551
-0.1252522
-0.1381965
-0.1436576
-0.1465796
-0.1555757
-0.1696112
-0.1781351
-0.1750864
-0.1679278
-0.1686749
-0.1779285
-0.1833756
-0.1760564
-0.1635949
-0.1617556
-0.1732812
-0.1811354
-0.1670918
-0.1346421
-0.1078386
-0.1058130
-0.1223925
-0.1344992
-0.1285517
-0.1132459
-0.1050134
-0.1061004
-0.1028380
-0.0850532
-0.0610990
-0.0494712
-0.0578551
-0.0754458
-0.0867105
-0.0883248
-0.0890940
-0.0956216
-0.1035929
-0.1049886
-0.0999516
-0.0970361
-0.1022176
-0.1120179
-0.1197452
-0.1256135
-0.1362713
-0.1539946
-0.1704929
-0.1748690
-0.1664911
-0.1562736
-0.1542311
-0.1587499
-0.1608006
-0.1569496
-0.1537109
-0.1574407
-0.1635542
-0.1604799
-0.1445297
-0.1264552
-0.1198270
-0.1248104
-0.1282476
-0.1211112
-0.1114059
-0.1146352
-0.1320782
-0.1445666
-0.1323344
-0.0988082
-0.0686771
-0.0602062
-0.0641012
-0.0555082
-0.0260734
0.0033074
0.0073457
-0.0081829
-0.0020315
0.0696237
0.2198975
0.4321941
0.6855093
0.9641544
1.2364300
1.4352335
1.4816384
1.3435446
1.0721034
0.7717695
0.5264431
0.3503478
0.2057133
0.0604079
-0.0764421
-0.1705822
-0.2032581
-0.1904264
-0.1661506
-0.1542139
-0.1565086
-0.1623019
-0.1625883
-0.1563206
-0.1483612
-0.1447373
-0.1482391
-0.1559133
-0.1611580
-0.1603696
-0.1575629
-0.1601342
-0.1691804
-0.1765642
-0.1744204
-0.1665419
-0.1661691
-0.1802759
-0.1986550
-0.2028206
-0.1864027
-0.1633156
-0.1530066
-0.1593478
-0.1680506
-0.1655530
-0.1561628
-0.1561313
-0.1717541
-0.1889156
-0.1881687
-0.1680275
-0.1480793
-0.1471343
-0.1619148
-0.1718171
-0.1642373
-0.1499745
-0.1498440
-0.1683939
-0.1865687
-0.1826447
-0.1568022
-0.1304647
-0.1219839
-0.1280244
-0.1316049
-0.1246330
-0.1163004
-0.1182883
-0.1274095
-0.1285568
-0.1139516
-0.0937576
-0.0844931
-0.0899035
-0.0978014
-0.0955561
-0.0840162
-0.0734045
-0.0685420
-0.0631706
-0.0494684
-0.0287504
-0.0092153
0.0049758
0.0176573
0.0325623
0.0453463
0.0479873
0.0404158
0.0330896
0.0352366
0.0428959
0.0427664
0.0284226
0.0090819
-0.0005924
0.0023170
0.0060150
-0.0006810
-0.0133174
-0.0156684
0.0018018
0.0308200
0.0543997
0.0647865
0.0692263
0.0784121
0.0932276
0.1055884
0.1101542
0.1105665
0.1127061
0.1153691
0.1117640
0.0997728
0.0861904
0.0778565
0.0710673
0.0548659
0.0263790
-0.0011060
-0.0101691
0.0005497
0.0124565
0.0063723
-0.0160401
-0.0341716
-0.0322969
-0.0175519
-0.0106560
-0.0204154
-0.0326537
-0.0270323
-0.0018048
0.0229220
0.0275457
0.0160878
0.0165497
0.0621999
0.1755285
0.3652963
0.6256470
0.9260023
1.2022906
1.3722927
1.3779921
1.2246101
0.9796982
0.7289897
0.5258021
0.3751111
0.2578183
0.1635837
0.0993754
0.0722255
0.0718526
0.0743553
0.0617540
0.0351439
0.0083799
-0.0088505
-0.0199362
-0.0345097
-0.0555572
-0.0752426
-0.0834338
-0.0791598
-0.0726720
-0.0759467
-0.0913707
-0.1101614
-0.1221769
-0.1269868
-0.1343601
-0.1530806
-0.1797357
-0.2001190
-0.2029026
-0.1914881
-0.1809761
-0.1830031
-0.1946857
-0.2034509
-0.2016603
-0.1941218
-0.1905126
-0.1927304
-0.1926697
-0.1825279
-0.1642833
-0.1466094
-0.1338176
-0.1215138
-0.1045782
-0.0865173
-0.0768185
