0.2021193
0.3151474
0.4525772
0.6204068
0.8001786
0.9342404
0.9510049
0.8163051
0.5644334
0.2778671
0.0335124
-0.1367072
-0.2423251
-0.3034313
-0.3287439
-0.3193495
-0.2833424
-0.2392087
-0.2047632
-0.1862348
-0.1787860
-0.1744781
-0.1675513
-0.1546002
-0.1348208
-0.1124134
-0.0962479
-0.0933468
-0.1016975
-0.1112863
-0.1136187
-0.1094850
-0.1061965
-0.1079306
-0.1109400
-0.1090686
-0.1022446
-0.0972902
-0.1002287
-0.1095900
-0.1183648
-0.1213834
-0.1190392
-0.1141397
-0.1076885
-0.0996663
-0.0927527
-0.0920359
-0.0992215
-0.1084656
-0.1105836
-0.1022977
-0.0899740
-0.0828907
-0.0833862
-0.0850784
-0.0806990
-0.0697837
-0.0574918
-0.0474920
-0.0389340
-0.0309548
-0.0269980
-0.0309689
-0.0390680
-0.0392803
-0.0225678
0.0057132
0.0286575
0.0340038
0.0264970
0.0224247
0.0322820
0.0508716
0.0650727
0.0690358
0.0690364
0.0737920
0.0834541
0.0907924
0.0920043
0.0925922
0.1003913
0.1143032
0.1231293
0.1171197
0.0997014
0.0860755
0.0895212
0.1091756
0.1310251
0.1401593
0.1320566
0.1135325
0.0950322
0.0829264
0.0776661
0.0765180
0.0765019
0.0756340
0.0734936
0.0716144
0.0723968
0.0761690
0.0791932
0.0759558
0.0646936
0.0503191
0.0404197
0.0376297
0.0368213
0.0309766
0.0194661
0.0089053
0.0051584
0.0060262
0.0039900
-0.0037131
-0.0100704
-0.0054271
0.0109341
0.0288262
0.0380375
0.0396005
0.0437991
0.0569759
0.0730830
0.0805729
0.0766019
0.0713129
0.0766841
0.0928725
0.1077966
0.1098675
0.0989069
0.0839242
0.0727259
0.0665194
0.0637750
0.0650164
0.0709170
0.0777374
0.0790665
0.0733161
0.0662864
0.0633815
0.0610408
0.0503872
0.0306775
0.0151502
0.0189060
0.0411826
0.0638587
0.0698194
0.0601416
0.0496485
0.0471311
0.0459807
0.0373794
0.0280374
0.0369521
0.0720625
0.1151034
0.1355823
0.1201732
0.0845371
0.0548494
0.0413843
0.0337587
0.0194749
0.0002225
-0.0130198
-0.0158632
-0.0143678
-0.0127739
-0.0042356
0.0207826
0.0593128
0.0955691
0.1176008
0.1294303
0.1423901
0.1573984
0.1629448
0.1527366
0.1391741
0.1421570
0.1649038
0.1876616
0.1894204
0.1721539
0.1578001
0.1618953
0.1767155
0.1838870
0.1785733
0.1734463
0.1780927
0.1821209
0.1656591
0.1251463
0.0815071
0.0589076
0.0588156
0.0600372
0.0436128
0.0120994
-0.0180120
-0.0375274
-0.0510825
-0.0629995
-0.0654006
-0.0479746
-0.0172525
0.0034726
-0.0007317
-0.0157499
-0.0111097
0.0258662
0.0775906
0.1260384
0.1909128
0.3231548
0.5478624
0.8135983
1.0081608
1.0349048
0.8804729
0.6142440
0.3290646
0.0843594
-0.1040261
-0.2384807
-0.3188187
-0.3450174
-0.3284630
-0.2913509
-0.2545598
-0.2283783
-0.2130446
-0.2035769
-0.1931966
-0.1765007
-0.1536451
-0.1313940
-0.1178083
-0.1154035
-0.1204061
-0.1278476
-0.1349057
-0.1390719
-0.1367499
-0.1271992
-0.1166995
-0.1144309
-0.1223260
-0.1315406
-0.1315578
-0.1213124
-0.1083303
-0.0978976
-0.0879346
-0.0766758
-0.0709309
-0.0805436
-0.1041989
-0.1261159
-0.1309820
-0.1204779
-0.1109646
-0.1145243
-0.1259571
-0.1305578
-0.1219297
-0.1081772
-0.1008367
-0.1017531
-0.1029927
-0.0970841
-0.0838768
-0.0678522
-0.0522658
-0.0375431
-0.0232455
-0.0091203
0.0053107
0.0202799
0.0349986
0.0494195
0.0673105
0.0949095
0.1334418
0.1731630
0.1980666
0.1991788
0.1832222
0.1672152
0.1647591
0.1778109
0.1993900
0.2200701
0.2305703
0.2224229
0.1925698
0.1496203
0.1121197
0.0956328
0.0996149
0.1083904
0.1065719
0.0931729
0.0797208
0.0754088
0.0764626
0.0711776
0.0536981
0.0303055
0.0118949
0.0025152
-0.0029078
-0.0106782
-0.0209944
-0.0295050
-0.0340748
-0.0371817
-0.0414745
-0.0458208
-0.0479933
-0.0496417
-0.0547944
-0.0624499
-0.0641909
-0.0527165
-0.0313672
-0.0104415
0.0074793
0.0341393
0.0826126
0.1490323
0.2142735
0.2687313
0.3325863
0.4441344
0.6238739
0.8514923
1.0800299
1.2704473
1.4094790
1.4970005
1.5254209
1.4787434
1.3505722
1.1569096
0.9286972
0.6948450
0.4749614
0.2845510
0.1387707
0.0454878
-0.0041974
-0.0339461
-0.0676409
-0.1155182
-0.1722711
-0.2249524
-0.2611750
-0.2731972
-0.2602925
-0.2305576
-0.1985870
-0.1770303
-0.1674531
-0.1591219
-0.1380560
-0.0993606
-0.0531691
-0.0202189
-0.0205457
-0.0619713
-0.1342011
-0.2123377
-0.2700513
-0.2959019
-0.3006264
-0.3072753
-0.3306992
-0.3645937
-0.3886963
-0.3892126
-0.3721995
-0.3568789
-0.3559092
-0.3618019
-0.3520735
-0.3088133
-0.2370536
-0.1677279
-0.1409925
-0.1779351
-0.2590259
-0.3293586
-0.3354459
-0.2702040
-0.1864667
-0.1592695
-0.2236063
-0.3427193
-0.4378961
-0.4533826
-0.3972529
-0.3250565
-0.2891939
-0.3035967
-0.3468727
-0.3847147
-0.3842209
-0.3204173
-0.1927647
-0.0473232
0.0303700
-0.0275682
-0.2018935
-0.3772731
-0.4226491
-0.2993423
-0.0956507
0.0493905
0.0624244
-0.0169974
-0.0947899
-0.1165935
-0.1017471
-0.0960724
-0.1099926
-0.1128096
-0.0801531
-0.0306032
-0.0064082
-0.0229101
-0.0482106
-0.0386705
0.0090360
0.0488429
0.0327181
-0.0335339
-0.0857171
-0.0570440
0.0571434
0.1871532
0.2414102
0.1765965
0.0257535
-0.1330180
-0.2323461
-0.2490083
-0.2002588
-0.1227565
-0.0552726
-0.0259701
-0.0383739
-0.0650311
-0.0644808
-0.0150963
0.0662730
0.1424896
0.1911078
0.2149587
0.2185467
0.1875304
0.1070735
-0.0000252
-0.0721173
-0.0633188
0.0017914
0.0437239
0.0079866
-0.0772325
-0.1343039
-0.1254806
-0.0958527
-0.1194538
-0.2103340
-0.3003913
-0.3074882
-0.2154677
-0.0807231
0.0309249
0.0988708
0.1393620
0.1610425
0.1474600
0.0852840
-0.0019857
-0.0564876
-0.0201963
0.1328540
0.3845132
0.6740994
0.9098021
1.0003645
0.9054596
0.6697759
0.4003080
0.1931240
0.0703011
-0.0159284
-0.1196347
-0.2429690
-0.3362826
-0.3473790
-0.2680537
-0.1409148
-0.0322921
0.0016025
-0.0614577
-0.1980039
-0.3426882
-0.4156523
-0.3691170
-0.2249835
-0.0690823
0.0036723
-0.0437639
-0.1642591
-0.2634693
-0.2711023
-0.1898381
-0.0853964
-0.0307049
-0.0526427
-0.1220032
-0.1864285
-0.2114948
-0.1968078
-0.1636267
-0.1342332
-0.1205289
-0.1224988
-0.1298808
-0.1266527
-0.1016322
-0.0600248
-0.0224939
-0.0071966
-0.0110230
-0.0128718
0.0002548
0.0127460
-0.0068529
-0.0686107
-0.1407665
-0.1741613
-0.1503913
-0.1021769
-0.0807304
-0.1021045
-0.1296526
-0.1128634
-0.0421038
0.0395189
0.0802556
0.0719556
0.0537187
0.0639753
0.0951261
0.1017061
0.0531270
-0.0277711
-0.0835050
-0.0778404
-0.0281981
0.0185904
0.0367643
0.0408123
0.0553573
0.0764047
0.0729752
0.0275984
-0.0337808
-0.0604592
-0.0261775
0.0438568
0.0962235
0.0974692
0.0589336
0.0183329
0.0025354
0.0093510
0.0206067
0.0265791
0.0351294
0.0583708
0.0924547
0.1122089
0.0889983
0.0183657
-0.0685066
-0.1247101
-0.1250037
-0.0864108
-0.0507722
-0.0456211
-0.0628033
-0.0755292
-0.0725082
-0.0692762
-0.0839855
-0.1076827
-0.1072593
-0.0613219
0.0113695
0.0655880
0.0729943
0.0486053
0.0325297
0.0484865
0.0839294
0.1093569
0.1104213
0.0960423
0.0778127
0.0505280
-0.0000320
-0.0718170
-0.1368967
-0.1628139
-0.1427946
-0.1012547
-0.0689131
-0.0552592
-0.0466162
-0.0275974
0.0007091
0.0244748
0.0339083
0.0310310
0.0212171
0.0030386
-0.0281310
-0.0669757
-0.0936709
-0.0866548
-0.0415775
0.0214688
0.0689204
0.0747253
0.0375955
-0.0164362
-0.0498918
-0.0403403
0.0017836
0.0417962
0.0524218
0.0402091
0.0381218
0.0677571
0.1091961
0.1136193
0.0507460
-0.0558348
-0.1431345
-0.1610421
-0.1127985
-0.0469893
-0.0119361
-0.0167539
-0.0327279
-0.0283511
-0.0009209
0.0254756
0.0296908
0.0164603
0.0072247
0.0115192
0.0157036
0.0053821
-0.0062072
0.0150122
0.0815231
0.1562270
0.1823113
0.1465348
0.1010981
0.1080200
0.1634081
0.1933471
0.1348841
0.0116219
-0.0866188
-0.0989811
-0.0527175
-0.0194376
-0.0266430
-0.0337335
0.0038747
0.0707300
0.1110941
0.1035556
0.0893192
0.1152623
0.1664000
0.1772528
0.1095641
-0.0001894
-0.0791064
-0.0907000
-0.0571364
-0.0188973
0.0054549
0.0149843
0.0048819
-0.0264441
-0.0521108
-0.0251294
0.0695136
0.1793575
0.2211740
0.1603697
0.0458576
-0.0388542
-0.0517883
-0.0142404
0.0322002
0.0706773
0.1056245
0.1304687
0.1199933
0.0614261
-0.0165172
-0.0576401
-0.0259438
0.0602874
0.1403063
0.1567145
0.0974914
0.0050021
-0.0526501
-0.0301382
0.0591710
0.1505691
0.1800223
0.1398308
0.0845849
0.0769265
0.1249492
0.1768234
0.1807556
0.1467633
0.1404160
0.2099822
0.3230479
0.3839449
0.3207560
0.1572534
-0.0014676
-0.0564699
0.0052160
0.1066491
0.1493661
0.0914294
-0.0265381
-0.1198630
-0.1253790
-0.0430839
0.0712561
0.1488582
0.1509257
0.0847773
-0.0090013
-0.0817589
-0.0982780
-0.0501452
0.0386798
0.1195195
0.1450482
0.1018531
0.0218502
-0.0417294
-0.0522277
-0.0039767
0.0957791
0.2467222
0.4466700
0.6655018
0.8419500
0.9188740
0.8831870
0.7657661
0.6018460
0.3995896
0.1541790
-0.1121917
-0.3377902
-0.4584457
-0.4584234
-0.3830686
-0.3020886
-0.2601048
-0.2564240
-0.2628672
-0.2563035
-0.2372669
-0.2230696
-0.2252910
-0.2333463
-0.2209484
-0.1723069
-0.1043507
-0.0605819
-0.0771996
-0.1510187
-0.2398556
-0.2948029
-0.2932615
-0.2457296
-0.1802698
-0.1266152
-0.1087549
-0.1365716
-0.1935221
-0.2371250
-0.2263098
-0.1586878
-0.0795229
-0.0460050
-0.0772934
-0.1397882
-0.1827229
-0.1866871
-0.1751748
-0.1806092
-0.2045550
-0.2144000
-0.1773837
-0.0958629
-0.0108512
0.0272016
-0.0048406
-0.0860345
-0.1658283
-0.1994063
-0.1782553
-0.1318727
-0.0984987
-0.0908554
-0.0899316
-0.0725964
-0.0408486
-0.0158930
-0.0020759
0.0313680
0.1170632
0.2361098
0.3140384
0.2888357
0.1861883
0.1134292
0.1634201
0.3203731
0.4663126
0.4857479
0.3651996
0.1930862
0.0714972
0.0357500
0.0530174
0.0782210
0.0947903
0.1064728
0.1116231
0.1017786
0.0813988
0.0730433
0.0937180
0.1305467
0.1490103
0.1273346
0.0772593
0.0276639
-0.0068574
-0.0337951
-0.0614431
-0.0813750
-0.0799532
-0.0620990
-0.0521242
-0.0672076
-0.0974278
-0.1194907
-0.1266501
-0.1337728
-0.1480681
-0.1447852
-0.0879150
0.0194484
0.1153335
0.1231455
0.0206065
-0.1379294
-0.2680381
-0.3207046
-0.3044093
-0.2558604
-0.2026455
-0.1544117
-0.1157150
-0.0918854
-0.0793307
-0.0587593
-0.0064322
0.0872170
0.2128383
0.3541014
0.4988895
0.6377708
0.7578185
0.8441543
0.8865287
0.8797826
0.8185045
0.6982231
0.5272229
0.3348233
0.1606837
0.0305859
-0.0577427
-0.1237072
-0.1801253
-0.2231783
-0.2453292
-0.2521421
-0.2601052
-0.2784939
-0.2998447
-0.3118731
-0.3145309
-0.3187906
-0.3283856
-0.3295187
-0.3048082
-0.2565147
-0.2096784
-0.1882508
-0.1910337
-0.1967005
-0.1921491
-0.1885128
-0.2041246
-0.2364498
-0.2601317
-0.2551883
-0.2307916
-0.2155608
-0.2265596
-0.2534194
-0.2731814
-0.2746784
-0.2640090
-0.2500899
-0.2336201
-0.2135674
-0.1979916
-0.1996998
-0.2203173
-0.2449561
-0.2563719
-0.2512645
-0.2393874
-0.2297457
-0.2230619
-0.2171891
-0.2134309
-0.2134451
-0.2131177
-0.2055151
-0.1913460
-0.1821068
-0.1883950
-0.2060775
-0.2187516
-0.2155923
-0.2029407
-0.1946869
-0.1937518
-0.1887004
-0.1696735
-0.1429695
-0.1259268
-0.1283812
-0.1421017
-0.1490021
-0.1379022
-0.1120417
-0.0815336
-0.0517832
-0.0219381
0.0062886
0.0228131
0.0163450
-0.0120470
-0.0446378
-0.0586328
-0.0439365
-0.0111024
0.0176251
0.0260183
0.0144925
-0.0045826
-0.0195367
-0.0264572
-0.0268298
-0.0234074
-0.0199306
-0.0209370
-0.0276263
-0.0345088
-0.0337200
-0.0242197
-0.0151255
-0.0178646
-0.0344863
-0.0543359
-0.0627213
-0.0526687
-0.0284721
-0.0000176
0.0235865
0.0359464
0.0348738
0.0262069
0.0232223
0.0358479
0.0587071
0.0738132
0.0682463
0.0477580
0.0305580
0.0285528
0.0373840
0.0449979
0.0461428
0.0443838
0.0409018
0.0280054
-0.0005785
-0.0351741
-0.0536002
-0.0429897
-0.0145684
0.0076788
0.0116839
0.0066503
0.0080271
0.0178205
0.0233683
0.0148458
0.0006742
0.0031012
0.0386562
0.1050516
0.1885975
0.2826435
0.3948902
0.5336518
0.6857611
0.8084452
0.8469513
0.7686330
0.5878811
0.3592985
0.1422672
-0.0325026
-0.1657711
-0.2661252
-0.3307809
-0.3510711
-0.3302837
-0.2878385
-0.2433512
-0.2004511
-0.1510434
-0.0952822
-0.0516267
-0.0419240
-0.0676566
-0.1061194
-0.1315405
-0.1362021
-0.1293405
-0.1208497
-0.1121065
-0.1010846
-0.0893125
-0.0801130
-0.0729100
-0.0637521
-0.0521144
-0.0437707
-0.0434715
-0.0456894
-0.0378467
-0.0162429
0.0044321
0.0035633
-0.0223494
-0.0534122
-0.0655655
-0.0537243
-0.0337047
-0.0235281
-0.0265717
-0.0333764
-0.0361474
-0.0368667
-0.0401264
-0.0425690
-0.0357809
-0.0201367
-0.0089333
-0.0133556
-0.0267124
-0.0305332
-0.0166571
0.0029297
0.0117138
0.0105004
0.0182383
0.0497886
0.0961267
0.1306540
0.1357599
0.1195900
0.1038230
0.0982634
0.0936091
0.0789965
0.0591182
0.0492126
0.0570403
0.0755258
0.0925743
0.1035110
0.1122659
0.1230494
0.1341511
0.1409461
0.1431010
0.1453604
0.1501453
0.1527230
0.1469210
0.1335681
0.1193535
0.1084620
0.0997781
0.0922534
0.0879414
0.0872388
0.0843154
0.0712216
0.0474588
0.0243086
0.0173979
0.0322746
0.0571015
0.0726343
0.0709644
0.0618347
0.0590502
0.0644965
0.0690781
0.0664980
0.0609063
0.0606512
0.0678538
0.0758094
0.0762948
0.0689643
0.0621843
0.0630694
0.0685896
0.0702724
0.0665010
0.0644835
0.0690862
0.0756931
0.0774496
0.0750455
0.0744574
0.0766563
0.0741262
0.0596324
0.0378555
0.0255901
0.0357804
0.0599329
0.0720161
0.0553909
0.0225903
0.0019374
0.0064648
0.0230342
0.0314592
0.0264739
0.0181889
0.0163608
0.0187940
0.0149365
-0.0005863
-0.0199031
-0.0300649
-0.0283471
-0.0240827
-0.0247712
-0.0278517
-0.0291902
-0.0311761
-0.0361399
-0.0388503
-0.0337750
-0.0254383
-0.0235149
-0.0293102
-0.0329660
-0.0240349
-0.0032186
0.0146262
0.0109594
-0.0166874
-0.0469403
-0.0559509
-0.0461991
-0.0424396
-0.0578666
-0.0778188
-0.0809920
-0.0639594
-0.0398351
-0.0244634
-0.0274496
-0.0441202
-0.0542420
-0.0438546
-0.0290965
-0.0378638
-0.0653950
-0.0754230
-0.0558580
-0.0440029
-0.0756325
