-0.0156260
-0.0222016
-0.0368047
-0.0534032
-0.0569140
-0.0428801
-0.0252001
-0.0219494
-0.0358621
-0.0521879
-0.0551427
-0.0423911
-0.0216432
0.0032823
0.0384061
0.0928470
0.1726748
0.2854579
0.4458865
0.6651059
0.9247837
1.1611838
1.2838849
1.2244601
0.9809808
0.6240088
0.2589522
-0.0282242
-0.2057801
-0.2931474
-0.3299595
-0.3443263
-0.3426789
-0.3223089
-0.2884576
-0.2570394
-0.2415441
-0.2401383
-0.2381978
-0.2239142
-0.2002378
-0.1811103
-0.1773812
-0.1877198
-0.2022748
-0.2125531
-0.2166066
-0.2166269
-0.2145612
-0.2109123
-0.2060259
-0.2007951
-0.1963602
-0.1942226
-0.1963243
-0.2032552
-0.2114994
-0.2138551
-0.2048782
-0.1868584
-0.1696478
-0.1634844
-0.1713089
-0.1872393
-0.2012259
-0.2048421
-0.1946173
-0.1731224
-0.1484018
-0.1305596
-0.1256456
-0.1311802
-0.1381246
-0.1380410
-0.1283917
-0.1113258
-0.0892622
-0.0635924
-0.0369951
-0.0138178
0.0042000
0.0217817
0.0473642
0.0856267
0.1334268
0.1828175
0.2260067
0.2565249
0.2686498
0.2605467
0.2393425
0.2194621
0.2117890
0.2144646
0.2172621
0.2155638
0.2166154
0.2293303
0.2504929
0.2664116
0.2697083
0.2700052
0.2830896
0.3101744
0.3328603
0.3312874
0.3046227
0.2701228
0.2432942
0.2239403
0.2034830
0.1809267
0.1646933
0.1579640
0.1487611
0.1210786
0.0754134
0.0323836
0.0122209
0.0130536
0.0138583
-0.0013215
-0.0270363
-0.0469803
-0.0566935
-0.0687470
-0.0938035
-0.1228010
-0.1349678
-0.1231957
-0.1047736
-0.1027041
-0.1198209
-0.1374419
-0.1395817
-0.1317841
-0.1313191
-0.1426872
-0.1509501
-0.1416207
-0.1210204
-0.1103821
-0.1209075
-0.1411496
-0.1517174
-0.1475616
-0.1399657
-0.1379132
-0.1347593
-0.1176619
-0.0867037
-0.0581064
-0.0463028
-0.0456705
-0.0324382
0.0163306
0.1063182
0.2240230
0.3438174
0.4342100
0.4633383
0.4094102
0.2738607
0.0855242
-0.1112183
-0.2760809
-0.3847684
-0.4274524
-0.4029239
-0.3192162
-0.1990092
-0.0780550
0.0093445
0.0483232
0.0486646
0.0318579
0.0120074
-0.0120223
-0.0480117
-0.0965160
-0.1464657
-0.1833241
-0.1997601
-0.1980264
-0.1839236
-0.1611822
-0.1325890
-0.1045026
-0.0867667
-0.0858899
-0.0983939
-0.1124131
-0.1172487
-0.1119715
-0.1048165
-0.1042766
-0.1108444
-0.1172543
-0.1163731
-0.1084509
-0.1005295
-0.0990716
-0.1038036
-0.1091559
-0.1112048
-0.1118697
-0.1153254
-0.1208628
-0.1212344
-0.1097601
-0.0890936
-0.0714742
-0.0687898
-0.0818871
-0.0997853
-0.1092019
-0.1045163
-0.0891849
-0.0697957
-0.0510883
-0.0366018
-0.0308679
-0.0369327
-0.0504310
-0.0586835
-0.0496878
-0.0238912
0.0043852
0.0196708
0.0200589
0.0179768
0.0258949
0.0432296
0.0595549
0.0696602
0.0812397
0.1049616
0.1391994
0.1695319
0.1851529
0.1923618
0.2076808
0.2381288
0.2725872
0.2948146
0.3020672
0.3070076
0.3219284
0.3454702
0.3668036
0.3794589
0.3867442
0.3941927
0.4014348
0.4041487
0.4013985
0.3971058
0.3942063
0.3904699
0.3813999
0.3649981
0.3417524
0.3118786
0.2760635
0.2389861
0.2084088
0.1881682
0.1735364
0.1561255
0.1329511
0.1081765
0.0859740
0.0652139
0.0434500
0.0232842
0.0099915
0.0025518
-0.0079200
-0.0269017
-0.0461411
-0.0504827
-0.0367579
-0.0212686
-0.0233707
-0.0423009
-0.0555167
-0.0431039
-0.0114544
0.0113237
0.0040339
-0.0263673
-0.0535608
-0.0596253
-0.0510002
-0.0471212
-0.0570089
-0.0705082
-0.0722562
-0.0608217
-0.0511610
-0.0582292
-0.0801579
-0.0990836
-0.0985201
-0.0792749
-0.0582279
-0.0520619
-0.0625047
-0.0768944
-0.0819885
-0.0764326
-0.0700159
-0.0718371
-0.0802980
-0.0851132
-0.0787022
-0.0646182
-0.0539897
-0.0539473
-0.0608208
-0.0655185
-0.0644673
-0.0629531
-0.0669466
-0.0739285
-0.0749391
-0.0660711
-0.0549553
-0.0531052
-0.0626442
-0.0737299
-0.0761367
-0.0706984
-0.0665598
-0.0685147
-0.0713041
-0.0680273
-0.0607821
-0.0588046
-0.0664252
-0.0769851
-0.0808902
-0.0771815
-0.0736279
-0.0758067
-0.0798360
-0.0778546
-0.0684338
-0.0585302
-0.0554801
-0.0597977
-0.0666216
-0.0718059
-0.0746256
-0.0760128
-0.0768698
-0.0779782
-0.0790075
-0.0770471
-0.0689910
-0.0573920
-0.0513290
-0.0571509
-0.0685247
-0.0707825
-0.0584828
-0.0452581
-0.0502198
-0.0741104
-0.0949753
-0.0919876
-0.0702249
-0.0550540
-0.0612797
-0.0748009
-0.0703752
-0.0441161
-0.0202407
-0.0232829
-0.0497568
-0.0733098
-0.0755851
-0.0645525
-0.0599951
-0.0672179
-0.0723816
-0.0631095
-0.0462285
-0.0401742
-0.0526457
-0.0715148
-0.0789294
-0.0704170
-0.0572639
-0.0523353
-0.0575180
-0.0652914
-0.0688895
-0.0681557
-0.0668225
-0.0672590
-0.0687432
-0.0689877
-0.0660202
-0.0597877
-0.0535666
-0.0528663
-0.0601699
-0.0699365
-0.0714721
-0.0597037
-0.0425519
-0.0344122
-0.0409237
-0.0524814
-0.0553261
-0.0476719
-0.0409717
-0.0443904
-0.0523840
-0.0521377
-0.0416454
-0.0337995
-0.0391138
-0.0490075
-0.0436610
-0.0175431
0.0093393
0.0111607
-0.0149239
-0.0455602
-0.0574605
-0.0510914
-0.0441757
-0.0460194
-0.0465943
-0.0330511
-0.0101068
0.0031419
-0.0044264
-0.0233879
-0.0358944
-0.0354487
-0.0298476
-0.0270233
-0.0248333
-0.0171377
-0.0050817
0.0027797
0.0005053
-0.0095730
-0.0218834
-0.0341212
-0.0459133
-0.0538458
-0.0526759
-0.0421148
-0.0287698
-0.0192915
-0.0140596
-0.0103784
-0.0097507
-0.0168159
-0.0297262
-0.0362979
-0.0249290
0.0009175
0.0234715
0.0282606
0.0191330
0.0134797
0.0235361
0.0451220
0.0650292
0.0763752
0.0840152
0.0958661
0.1122110
0.1253987
0.1292556
0.1272608
0.1307251
0.1482198
0.1754575
0.1951946
0.1893580
0.1547568
0.1081790
0.0741760
0.0653142
0.0735324
0.0807435
0.0767311
0.0654420
0.0553016
0.0475724
0.0367553
0.0199802
0.0012763
-0.0144154
-0.0272505
-0.0386885
-0.0437548
-0.0330479
-0.0052546
0.0257944
0.0416117
0.0374790
0.0278509
0.0327394
0.0620181
0.1163383
0.2016003
0.3356132
0.5327607
0.7767904
1.0070848
1.1359862
1.0923910
0.8667457
0.5264920
0.1847197
-0.0638303
-0.1951251
-0.2539376
-0.2988269
-0.3456356
-0.3639657
-0.3258926
-0.2496135
-0.1876453
-0.1739227
-0.1917511
-0.1986791
-0.1766639
-0.1483910
-0.1447487
-0.1672987
-0.1907305
-0.1966293
-0.1924396
-0.1939650
-0.1995117
-0.1921823
-0.1658129
-0.1374124
-0.1281776
-0.1382091
-0.1482121
-0.1450587
-0.1371405
-0.1405100
-0.1558325
-0.1668034
-0.1608600
-0.1442461
-0.1329202
-0.1329809
-0.1357761
-0.1313664
-0.1210508
-0.1142865
-0.1169351
-0.1260799
-0.1346051
-0.1369716
-0.1308587
-0.1176143
-0.1033070
-0.0961160
-0.0986099
-0.1031631
-0.0987506
-0.0833585
-0.0667313
-0.0589584
-0.0590750
-0.0583617
-0.0531055
-0.0485211
-0.0484681
-0.0467357
-0.0341348
-0.0123764
0.0059110
0.0131847
0.0174486
0.0313802
0.0539617
0.0709162
0.0756590
0.0824624
0.1106327
0.1568949
0.1925952
0.1938707
0.1704002
0.1569978
0.1764067
0.2166383
0.2480424
0.2571347
0.2563831
0.2620089
0.2715894
0.2699753
0.2529132
0.2349971
0.2308584
0.2352164
0.2297138
0.2089399
0.1910883
0.1965996
0.2195718
0.2288227
0.2009196
0.1476776
0.1050997
0.0954885
0.1060417
0.1075479
0.0895128
0.0699242
0.0700344
0.0869823
0.0979452
0.0889524
0.0710234
0.0638191
0.0691254
0.0689768
0.0506842
0.0260715
0.0197151
0.0404704
0.0710755
0.0871212
0.0809937
0.0637715
0.0484718
0.0392395
0.0369806
0.0462618
0.0687270
0.0926741
0.0988104
0.0806825
0.0545482
0.0433110
0.0521755
0.0654363
0.0671850
0.0587595
0.0523493
0.0532531
0.0568548
0.0623059
0.0784554
0.1082263
0.1321549
0.1200960
0.0651179
-0.0005098
-0.0319068
-0.0148624
0.0226329
0.0430004
0.0370124
0.0247776
0.0243451
0.0299061
0.0245661
0.0065480
-0.0074308
-0.0050354
0.0044850
0.0022248
-0.0153386
-0.0315970
-0.0316025
-0.0216090
-0.0207290
-0.0355080
-0.0501969
-0.0453986
-0.0222249
-0.0026740
-0.0059913
-0.0285305
-0.0489371
-0.0510496
-0.0391788
-0.0317396
-0.0426106
-0.0690700
-0.0952405
-0.1053715
-0.0953924
-0.0747103
-0.0578429
-0.0529377
-0.0570553
-0.0621877
-0.0649792
-0.0689636
-0.0772500
-0.0858772
-0.0875593
-0.0817607
-0.0775139
-0.0835536
-0.0968524
-0.1041478
-0.0958925
-0.0767253
-0.0605120
-0.0563445
-0.0615827
-0.0679292
-0.0709617
-0.0721053
-0.0738631
-0.0767817
-0.0812050
-0.0886552
-0.0991522
-0.1086560
-0.1120894
-0.1092494
-0.1052351
-0.1033994
-0.0997887
-0.0878860
-0.0692544
-0.0559850
-0.0590151
-0.0741697
-0.0830038
-0.0701626
-0.0402004
-0.0163008
-0.0214828
-0.0595827
-0.1121077
-0.1517087
-0.1599330
-0.1365270
-0.0965143
-0.0598596
-0.0411916
-0.0447199
-0.0652904
-0.0928895
-0.1168262
-0.1281427
-0.1218642
-0.1001479
-0.0734697
-0.0558442
-0.0554590
-0.0684554
-0.0821949
-0.0854101
-0.0759934
-0.0601610
-0.0454996
-0.0353885
-0.0293549
-0.0273786
-0.0326529
-0.0492409
-0.0760772
-0.1028235
-0.1130998
-0.0954924
-0.0550099
-0.0140442
0.0015321
-0.0181168
-0.0584009
-0.0911902
-0.0953781
-0.0691561
-0.0258222
0.0188235
0.0545820
0.0767935
0.0841773
0.0794965
0.0703272
0.0653080
0.0679690
0.0754281
0.0841170
0.0950697
0.1107797
0.1266969
0.1292360
0.1061440
0.0602966
0.0122971
-0.0123500
-0.0010903
0.0368437
0.0760032
0.0896713
0.0650140
0.0105290
-0.0487491
-0.0870408
-0.0951875
-0.0859696
-0.0814566
-0.0927994
-0.1115995
-0.1212259
-0.1157201
-0.1060147
-0.1073496
-0.1219167
-0.1347889
-0.1265746
-0.0903541
-0.0382916
0.0070885
0.0316558
0.0475838
0.0974719
0.2346274
0.4828592
0.8000965
1.0795963
1.2015306
1.1053418
0.8281591
0.4775056
0.1614313
-0.0663897
-0.2091131
-0.2911123
-0.3279904
-0.3266248
-0.3002874
-0.2709136
-0.2539975
-0.2470954
-0.2377645
-0.2205060
-0.2013673
-0.1869633
-0.1755841
-0.1630815
-0.1536453
-0.1578462
-0.1783404
-0.2021575
-0.2115818
-0.2020336
-0.1861074
-0.1797534
-0.1873534
-0.2013467
-0.2128647
-0.2185675
-0.2180551
-0.2100940
-0.1949788
-0.1785624
-0.1697985
-0.1731019
-0.1845790
-0.1960537
-0.2012350
-0.1978875
-0.1869626
-0.1723615
-0.1604660
-0.1563265
-0.1587168
-0.1607560
-0.1573552
-0.1510801
-0.1483969
-0.1504392
-0.1505422
-0.1424909
-0.1288179
-0.1179194
-0.1139372
-0.1132959
-0.1120663
-0.1125512
-0.1185426
-0.1257111
-0.1222875
-0.1020889
-0.0740725
-0.0548625
-0.0516845
-0.0559181
-0.0547243
-0.0456832
-0.0362340
-0.0302469
-0.0211773
-0.0018730
0.0224190
0.0369786
0.0348764
0.0270434
0.0313531
0.0530517
0.0799086
0.0973160
0.1042811
0.1112053
0.1239137
0.1353713
0.1356559
0.1266129
0.1215370
0.1297206
0.1450859
0.1526413
0.1443444
0.1258226
0.1082998
0.0974117
0.0912057
0.0862262
0.0820148
0.0794377
0.0772845
0.0724767
0.0631183
0.0502642
0.0371849
0.0279607
0.0259451
0.0312061
0.0388768
0.0424854
0.0409845
0.0407997
0.0476597
0.0566429
0.0545098
0.0346568
0.0072785
-0.0097600
-0.0106188
-0.0081080
-0.0179134
-0.0388075
-0.0533544
-0.0486615
-0.0312842
-0.0176743
-0.0133635
-0.0088655
0.0026074
0.0112643
0.0025484
-0.0189347
-0.0269340
-0.0013262
0.0450951
0.0752206
0.0651115
0.0281579
-0.0018097
-0.0078762
-0.0039636
-0.0114147
-0.0298220
-0.0382657
-0.0230538
0.0044153
0.0210068
0.0175713
0.0050718
-0.0031743
-0.0076710
-0.0173656
-0.0327713
-0.0417624
-0.0339297
-0.0145853
-0.0002963
-0.0015511
-0.0133910
-0.0233309
-0.0247055
-0.0199307
-0.0135901
-0.0070535
-0.0005710
0.0031417
0.0007220
-0.0070131
-0.0146146
-0.0173846
-0.0160315
-0.0147592
-0.0153136
-0.0147046
-0.0096561
-0.0021130
0.0015171
-0.0029513
-0.0125042
-0.0192527
-0.0174048
-0.0078207
0.0035851
0.0113310
0.0146743
0.0171392
0.0216341
0.0255292
0.0209829
0.0016773
-0.0294404
-0.0594666
-0.0746272
-0.0719756
-0.0618554
-0.0570300
-0.0590157
-0.0572217
-0.0430332
-0.0225670
-0.0117520
-0.0183502
-0.0324744
-0.0377442
-0.0298711
-0.0198897
-0.0183072
-0.0208293
-0.0148184
0.0012752
0.0118740
0.0025874
-0.0185081
-0.0255949
-0.0044906
0.0270061
0.0341003
0.0010854
-0.0509725
-0.0841704
-0.0791282
-0.0487928
-0.0198243
-0.0053040
0.0025498
0.0167192
0.0378230
0.0527417
0.0469095
0.0161267
-0.0299955
-0.0715664
-0.0871536
-0.0671473
-0.0246038
0.0092076
0.0072561
-0.0302120
-0.0752062
-0.0969131
-0.0882066
-0.0675038
-0.0560279
-0.0566600
-0.0565767
-0.0468815
-0.0336352
-0.0282214
-0.0319825
-0.0355708
-0.0323003
-0.0266369
-0.0270502
-0.0338450
-0.0383655
-0.0340371
-0.0242179
-0.0166179
-0.0120104
-0.0025222
0.0178388
0.0440984
0.0648006
0.0745853
0.0790858
0.0868034
0.0991716
0.1108473
0.1179078
0.1221873
0.1266993
0.1294424
0.1248671
0.1121981
0.1002454
0.1009558
0.1166918
0.1349335
0.1377113
0.1174554
0.0835751
0.0534717
0.0372788
0.0308935
0.0226740
0.0058670
-0.0158147
-0.0340896
-0.0457321
-0.0546682
-0.0649289
-0.0740868
-0.0754864
-0.0658868
-0.0487880
-0.0302337
-0.0133144
0.0021632
0.0160068
0.0262666
0.0334721
0.0467133
0.0846539
0.1688897
0.3137569
0.5176566
0.7566359
0.9807927
1.1208326
1.1133020
0.9378738
0.6403121
0.3157879
0.0565301
-0.0990217
-0.1752824
-0.2214963
-0.2638505
-0.2921438
-0.2873912
-0.2534168
-0.2157172
-0.1933557
-0.1816946
-0.1666238
-0.1489675
-0.1455635
-0.1653460
-0.1923534
-0.1997845
-0.1798422
-0.1528263
-0.1435062
-0.1534073
-0.1626380
-0.1570832
-0.1450992
-0.1436101
-0.1544820
-0.1629442
-0.1581800
-0.1470892
-0.1436786
-0.1499472
-0.1541649
-0.1481027
-0.1395773
-0.1429607
-0.1594131
-0.1729020
-0.1683902
-0.1496600
-0.1342741
-0.1326227
-0.1376159
-0.1360196
-0.1247208
-0.1121291
-0.1063839
-0.1069176
-0.1080211
-0.1073869
-0.1086906
-0.1160349
-0.1273614
-0.1343466
-0.1288303
-0.1094377
-0.0833579
-0.0631045
-0.0594823
-0.0726454
-0.0882556
-0.0870355
-0.0629052
-0.0302277
-0.0091034
-0.0043466
-0.0032291
0.0061610
0.0199758
0.0257129
0.0215272
0.0225958
0.0449717
0.0851095
0.1206824
0.1342881
0.1324178
0.1357617
0.1530612
0.1724203
0.1799302
0.1785970
0.1826143
0.1973399
0.2124110
0.2147842
0.2036144
0.1900627
0.1838485
0.1819403
0.1725274
0.1507867
0.1269101
0.1140226
0.1109763
0.1042399
0.0860094
0.0621452
0.0414824
0.0270190
0.0206322
0.0253457
0.0354896
0.0341955
0.0122923
