-0.0465069
-0.0453226
-0.0454082
-0.0464510
-0.0487633
-0.0516374
-0.0519547
-0.0470816
-0.0392368
-0.0348035
-0.0383774
-0.0482214
-0.0575334
-0.0592880
-0.0504331
-0.0334875
-0.0151747
-0.0025735
0.0010316
-0.0021635
-0.0060432
-0.0041753
0.0061560
0.0216285
0.0347987
0.0399851
0.0381800
0.0358663
0.0386373
0.0459884
0.0522643
0.0524917
0.0472512
0.0417971
0.0403888
0.0421023
0.0430895
0.0424329
0.0435810
0.0487461
0.0537274
0.0514754
0.0415210
0.0331811
0.0364612
0.0500738
0.0617196
0.0624573
0.0589287
0.0677798
0.0986892
0.1495281
0.2234487
0.3449870
0.5432167
0.8053045
1.0480035
1.1513896
1.0407474
0.7473269
0.3897020
0.0895939
-0.1029773
-0.2134803
-0.2862631
-0.3331991
-0.3360570
-0.2869777
-0.2133470
-0.1585846
-0.1433993
-0.1514762
-0.1524813
-0.1340051
-0.1087018
-0.0943747
-0.0938197
-0.0963400
-0.0943126
-0.0918850
-0.0962537
-0.1052554
-0.1084917
-0.1004498
-0.0884709
-0.0852871
-0.0951484
-0.1098901
-0.1187674
-0.1198823
-0.1204198
-0.1268292
-0.1370498
-0.1429194
-0.1387114
-0.1262505
-0.1126460
-0.1043798
-0.1029811
-0.1044967
-0.1026140
-0.0938253
-0.0808206
-0.0702943
-0.0666543
-0.0687370
-0.0738157
-0.0833095
-0.1006900
-0.1219199
-0.1313714
-0.1133703
-0.0707249
-0.0289451
-0.0171260
-0.0426545
-0.0858551
-0.1196119
-0.1319089
-0.1284906
-0.1181684
-0.1022667
-0.0798543
-0.0573048
-0.0456792
-0.0478704
-0.0532558
-0.0489135
-0.0345702
-0.0225182
-0.0221885
-0.0284271
-0.0278244
-0.0147348
0.0029850
0.0146911
0.0196465
0.0261114
0.0396442
0.0564603
0.0692885
0.0761165
0.0796537
0.0796809
0.0711305
0.0524352
0.0325966
0.0246562
0.0310330
0.0393030
0.0358936
0.0220553
0.0118214
0.0137378
0.0195225
0.0148483
-0.0010612
-0.0126514
-0.0067574
0.0105502
0.0208594
0.0156952
0.0056438
0.0045979
0.0101280
0.0066337
-0.0120219
-0.0304918
-0.0282693
-0.0053449
0.0153430
0.0130619
-0.0080452
-0.0258617
-0.0271995
-0.0211170
-0.0233813
-0.0334892
-0.0343112
-0.0147875
0.0137847
0.0297161
0.0276260
0.0274926
0.0543301
0.1110981
0.1742046
0.2141155
0.2170642
0.1877333
0.1378732
0.0790051
0.0247524
-0.0091333
-0.0156244
-0.0072263
-0.0091196
-0.0362930
-0.0784676
-0.1109027
-0.1194252
-0.1109146
-0.0987927
-0.0843577
-0.0588729
-0.0226436
0.0065201
0.0099014
-0.0099365
-0.0307179
-0.0361683
-0.0347211
-0.0473502
-0.0789946
-0.1090599
-0.1131756
-0.0900127
-0.0615156
-0.0479770
-0.0487260
-0.0494932
-0.0436368
-0.0394745
-0.0463119
-0.0592764
-0.0633238
-0.0515036
-0.0345637
-0.0298703
-0.0426651
-0.0611505
-0.0698851
-0.0650961
-0.0551235
-0.0479359
-0.0422060
-0.0321604
-0.0181736
-0.0077128
-0.0040843
0.0024765
0.0281713
0.0805893
0.1561743
0.2570159
0.4048915
0.6243157
0.8991127
1.1465332
1.2495759
1.1345715
0.8295033
0.4478115
0.1098306
-0.1280411
-0.2786487
-0.3746406
-0.4255025
-0.4229381
-0.3750279
-0.3185134
-0.2904718
-0.2932723
-0.2960184
-0.2720601
-0.2294073
-0.2000173
-0.2026392
-0.2232517
-0.2335478
-0.2223402
-0.2025836
-0.1897328
-0.1817982
-0.1655933
-0.1382316
-0.1144444
-0.1103063
-0.1242457
-0.1383060
-0.1366948
-0.1193954
-0.0981990
-0.0845825
-0.0843630
-0.1000818
-0.1313905
-0.1705297
-0.2015081
-0.2091777
-0.1910154
-0.1591896
-0.1308129
-0.1164090
-0.1160727
-0.1230832
-0.1291903
-0.1282795
-0.1182325
-0.1003604
-0.0763594
-0.0466534
-0.0144054
0.0084720
0.0041057
-0.0360692
-0.0971727
-0.1466966
-0.1600670
-0.1414739
-0.1168329
-0.1053668
-0.1008060
-0.0823939
-0.0414547
0.0078592
0.0447909
0.0640908
0.0777467
0.0965763
0.1161316
0.1239216
0.1170579
0.1069338
0.1052382
0.1096497
0.1072751
0.0907886
0.0666324
0.0459426
0.0313107
0.0168126
0.0000857
-0.0113203
-0.0095584
-0.0001300
0.0001541
-0.0176087
-0.0394584
-0.0380914
-0.0006935
0.0532384
0.0844898
0.0670149
0.0102688
-0.0494399
-0.0791961
-0.0732367
-0.0512467
-0.0371832
-0.0400537
-0.0516582
-0.0583344
-0.0530969
-0.0387044
-0.0227646
-0.0114137
-0.0059938
-0.0032326
0.0020993
0.0134943
0.0305015
0.0502909
0.0716333
0.0962265
0.1244530
0.1501617
0.1627091
0.1573005
0.1432441
0.1389908
0.1570366
0.1955862
0.2487122
0.3248172
0.4488821
0.6369136
0.8615275
1.0441601
1.0914793
0.9546513
0.6660492
0.3226875
0.0279371
-0.1637936
-0.2598482
-0.2982246
-0.3073171
-0.2923950
-0.2522873
-0.1984608
-0.1511926
-0.1189515
-0.0895456
-0.0476236
0.0006877
0.0268489
0.0068959
-0.0529521
-0.1208179
-0.1683313
-0.1923137
-0.2084665
-0.2293965
-0.2529401
-0.2687914
-0.2693667
-0.2520849
-0.2170346
-0.1691706
-0.1219024
-0.0914150
-0.0831129
-0.0863929
-0.0869648
-0.0830134
-0.0842222
-0.0941975
-0.1001180
-0.0858856
-0.0540691
-0.0279758
-0.0284961
-0.0523243
-0.0773287
-0.0875297
-0.0868898
-0.0873632
-0.0901944
-0.0860984
-0.0722122
-0.0602031
-0.0627603
-0.0767500
-0.0870102
-0.0862928
-0.0834954
-0.0878903
-0.0917091
-0.0783060
-0.0479569
-0.0247867
-0.0291570
-0.0474608
-0.0416888
0.0060857
0.0670700
0.0934315
0.0708011
0.0325262
0.0173820
0.0224450
0.0097042
-0.0417779
-0.1035335
-0.1261013
-0.0939790
-0.0414168
-0.0129865
-0.0187733
-0.0347205
-0.0389840
-0.0344397
-0.0337080
-0.0347934
-0.0232472
0.0043463
0.0308708
0.0377365
0.0270970
0.0179240
0.0220617
0.0317539
0.0329118
0.0244230
0.0183593
0.0229667
0.0318191
0.0322423
0.0211946
0.0095200
0.0110792
0.0296636
0.0571834
0.0859527
0.1267081
0.2162055
0.3984266
0.6807440
0.9963045
1.2161731
1.2219459
0.9904948
0.6176826
0.2541632
0.0055286
-0.1191421
-0.1758429
-0.2152808
-0.2441632
-0.2432683
-0.2067641
-0.1554232
-0.1155438
-0.0940301
-0.0778335
-0.0541669
-0.0264774
-0.0102356
-0.0162166
-0.0400385
-0.0670534
-0.0852958
-0.0933054
-0.0974586
-0.1043607
-0.1165399
-0.1333651
-0.1526994
-0.1699941
-0.1778042
-0.1705193
-0.1522989
-0.1388175
-0.1467867
-0.1785276
-0.2172338
-0.2399586
-0.2370374
-0.2189911
-0.2046956
-0.2040937
-0.2131271
-0.2235170
-0.2336117
-0.2474704
-0.2651110
-0.2776875
-0.2746878
-0.2550934
-0.2294172
-0.2100988
-0.2006895
-0.1947620
-0.1842457
-0.1674656
-0.1490251
-0.1329237
-0.1166262
-0.0921392
-0.0534327
-0.0036835
0.0448364
0.0796855
0.0989134
0.1129307
0.1342770
0.1646104
0.1925242
0.2048448
0.1989439
0.1825236
0.1627081
0.1392922
0.1105877
0.0824399
0.0657986
0.0638207
0.0654165
0.0558288
0.0329325
0.0092334
-0.0032304
-0.0063199
-0.0111356
-0.0223341
-0.0324050
-0.0330541
-0.0278240
-0.0285330
-0.0399239
-0.0528708
-0.0553577
-0.0470939
-0.0390083
-0.0388125
-0.0419100
-0.0395868
-0.0335908
-0.0375664
-0.0622165
-0.1014516
-0.1358672
-0.1496638
-0.1426089
-0.1260367
-0.1101447
-0.0969681
-0.0836525
-0.0685594
-0.0524119
-0.0352880
-0.0152025
0.0096081
0.0379183
0.0654629
0.0870808
0.0987927
0.0989079
0.0884163
0.0705987
0.0499922
0.0318739
0.0225100
0.0275566
0.0465343
0.0678833
0.0737902
0.0562339
0.0299216
0.0242500
0.0565713
0.1142226
0.1701542
0.2210847
0.3051118
0.4691071
0.7087767
0.9411865
1.0462662
0.9489952
0.6730708
0.3219877
0.0084412
-0.2067950
-0.3243174
-0.3731279
-0.3758179
-0.3403515
-0.2735342
-0.1927219
-0.1214842
-0.0756420
-0.0556320
-0.0524796
-0.0593739
-0.0753629
-0.0974709
-0.1120605
-0.0992096
-0.0502161
0.0184373
0.0718555
0.0822129
0.0508301
0.0059526
-0.0218138
-0.0233743
-0.0136526
-0.0140953
-0.0342801
-0.0683278
-0.1044168
-0.1343752
-0.1548414
-0.1632335
-0.1566280
-0.1359054
-0.1095262
-0.0905390
-0.0875269
-0.0974512
-0.1079030
-0.1079027
-0.0978432
-0.0891314
-0.0934377
-0.1115368
-0.1322937
-0.1424281
-0.1372878
-0.1226623
-0.1074186
-0.0956677
-0.0860761
-0.0770694
-0.0703657
-0.0681465
-0.0673708
-0.0588451
-0.0339775
0.0064567
0.0503523
0.0816879
0.0905633
0.0769560
0.0468641
0.0078185
-0.0305566
-0.0545304
-0.0508348
-0.0177054
0.0292342
0.0664644
0.0815235
0.0827971
0.0892445
0.1105749
0.1388385
0.1590953
0.1654267
0.1643151
0.1641043
0.1652360
0.1622669
0.1522933
0.1374351
0.1193011
0.0954117
0.0645737
0.0345153
0.0197803
0.0289503
0.0540294
0.0739818
0.0699902
0.0389678
-0.0047539
-0.0384972
-0.0437778
-0.0162085
0.0311661
0.0741815
0.0924313
0.0838634
0.0680304
0.0763055
0.1387936
0.2761203
0.4918254
0.7580259
1.0035586
1.1291918
1.0591673
0.7976380
0.4379627
0.1064211
-0.1165300
-0.2304838
-0.2816276
-0.3046010
-0.2996795
-0.2579722
-0.1932073
-0.1386166
-0.1150892
-0.1114343
-0.1000908
-0.0682641
-0.0291497
-0.0050425
-0.0061803
-0.0280115
-0.0625592
-0.1043450
-0.1450007
-0.1704145
-0.1710856
-0.1547940
-0.1420816
-0.1446390
-0.1510795
-0.1401283
-0.1089161
-0.0824572
-0.0893487
-0.1291749
-0.1701320
-0.1818495
-0.1662508
-0.1503606
-0.1503265
-0.1512039
-0.1279753
-0.0820636
-0.0474647
-0.0571612
-0.1086130
-0.1674201
-0.2018037
-0.2064885
-0.1934606
-0.1702871
-0.1369965
-0.1003275
-0.0774698
-0.0780113
-0.0881940
-0.0836572
-0.0592804
-0.0379865
-0.0436779
-0.0696795
-0.0827988
-0.0603808
-0.0163018
0.0155736
0.0204443
0.0175703
0.0350585
0.0765916
0.1192308
0.1413381
0.1443670
0.1440503
0.1468255
0.1438641
0.1289066
0.1134284
0.1162524
0.1392703
0.1610007
0.1586080
0.1330286
0.1068064
0.0971906
0.0970865
0.0862594
0.0578880
0.0277340
0.0160228
0.0255618
0.0418441
0.0513961
0.0529731
0.0493112
0.0351484
0.0016432
-0.0471439
-0.0893141
-0.1025357
-0.0859631
-0.0616348
-0.0535860
-0.0672267
-0.0885432
-0.0997036
-0.0935806
-0.0766314
-0.0628136
-0.0649542
-0.0870399
-0.1208183
-0.1507848
-0.1653136
-0.1633629
-0.1497536
-0.1265465
-0.0934986
-0.0564385
-0.0279206
-0.0138455
-0.0029621
0.0225436
0.0666937
0.1211691
0.1939776
0.3248419
0.5481630
0.8283862
1.0454351
1.0709891
0.8757008
0.5590901
0.2659150
0.0720169
-0.0472839
-0.1480011
-0.2382255
-0.2777784
-0.2434831
-0.1712329
-0.1233318
-0.1247684
-0.1459950
-0.1475810
-0.1276102
-0.1162876
-0.1315027
-0.1542951
-0.1530067
-0.1235062
-0.0962020
-0.1030540
-0.1436014
-0.1862160
-0.1995038
-0.1793379
-0.1475019
-0.1292018
-0.1334919
-0.1513787
-0.1673981
-0.1714862
-0.1628722
-0.1471122
-0.1317326
-0.1235404
-0.1265428
-0.1392167
-0.1535823
-0.1599643
-0.1558586
-0.1500348
-0.1548462
-0.1724247
-0.1900226
-0.1918481
-0.1755381
-0.1542394
-0.1415091
-0.1373886
-0.1326505
-0.1245631
-0.1219722
-0.1317284
-0.1447714
-0.1427875
-0.1196308
-0.0902740
-0.0740199
-0.0717861
-0.0660350
-0.0433534
-0.0104423
0.0167191
0.0348979
0.0562685
0.0878286
0.1164707
0.1225121
0.1059882
0.0903045
0.0951818
0.1113524
0.1099066
0.0767995
0.0308805
0.0031843
0.0024328
0.0079428
-0.0030832
-0.0282176
-0.0447521
-0.0387815
-0.0224051
-0.0197940
-0.0403740
-0.0698481
-0.0863393
-0.0814791
-0.0655141
-0.0558983
-0.0632206
-0.0847708
-0.1066447
-0.1123429
-0.0952954
-0.0673986
-0.0525700
-0.0655281
-0.0947342
-0.1103829
-0.0936910
-0.0573548
-0.0327188
-0.0353970
-0.0467992
-0.0316072
0.0307515
0.1384128
0.2894168
0.4989954
0.7787357
1.0926048
1.3432126
1.4201234
1.2776788
0.9722938
0.6228500
0.3298842
0.1247876
-0.0156269
-0.1192200
-0.1889540
-0.2149773
-0.2011004
-0.1698123
-0.1431840
-0.1265440
-0.1138129
-0.1036349
-0.1037257
-0.1193485
-0.1433288
-0.1616348
-0.1671664
-0.1643946
-0.1607212
-0.1575314
-0.1523573
-0.1472829
-0.1505168
-0.1680454
-0.1958082
-0.2220124
-0.2365041
-0.2368316
-0.2267084
-0.2118210
-0.1981801
-0.1916823
-0.1952513
-0.2049954
-0.2109359
-0.2041508
-0.1848312
-0.1637596
-0.1552713
-0.1668245
-0.1927846
-0.2170186
-0.2229188
-0.2038990
-0.1663585
-0.1231041
-0.0841989
-0.0545243
-0.0387731
-0.0443522
-0.0745121
-0.1178637
-0.1493054
-0.1474553
-0.1138624
-0.0732402
-0.0516666
-0.0532565
-0.0587995
-0.0477583
-0.0209663
-0.0007064
-0.0080868
-0.0406947
-0.0732525
-0.0810651
-0.0633492
-0.0434820
-0.0460077
-0.0733452
-0.1051068
-0.1195051
-0.1138351
-0.1033679
-0.1022418
-0.1088089
-0.1106453
-0.1008202
-0.0853380
-0.0744879
-0.0706857
-0.0678077
-0.0610300
-0.0535716
-0.0525502
-0.0604876
-0.0726324
-0.0808895
-0.0779067
-0.0588902
-0.0246387
0.0144328
0.0409659
0.0437110
0.0300248
0.0219600
0.0365924
0.0712551
0.1106008
0.1464841
0.1863324
0.2423401
0.3206857
0.4285820
0.5861300
0.8129739
1.0879697
1.3244895
1.4046312
1.2589458
0.9234611
0.5188303
0.1691753
-0.0666754
-0.1991155
-0.2629278
-0.2797341
-0.2587640
-0.2164556
-0.1798139
-0.1677757
-0.1757085
-0.1832411
-0.1762420
-0.1584808
-0.1432224
-0.1380781
-0.1404079
-0.1448735
-0.1510961
-0.1624555
-0.1794158
-0.1963051
-0.2047818
-0.1995911
-0.1814519
-0.1563335
-0.1329015
-0.1186531
-0.1148045
-0.1130533
-0.0993999
-0.0655111
-0.0192084
0.0170596
0.0215038
-0.0099621
-0.0602791
-0.1046997
-0.1286997
-0.1346322
-0.1334609
-0.1320287
-0.1284144
-0.1178466
-0.1012213
-0.0872514
-0.0863755
-0.1019205
-0.1260866
-0.1447460
-0.1482503
-0.1394944
-0.1309098
-0.1313064
-0.1348240
-0.1249028
-0.0917589
-0.0457713
-0.0108692
-0.0029437
-0.0160138
-0.0312117
-0.0374396
-0.0388604
-0.0413599
-0.0379158
-0.0155168
0.0222623
0.0476054
0.0326655
-0.0170824
-0.0603065
-0.0571895
-0.0094903
0.0405469
0.0525174
0.0264804
-0.0017008
0.0005775
0.0331350
0.0707923
0.0924738
0.0967950
0.0926002
0.0840909
0.0708016
0.0573820
0.0538349
0.0622686
0.0687069
0.0557109
0.0247723
0.0007998
0.0083319
0.0427017
0.0694736
0.0571850
0.0109885
-0.0296342
-0.0295616
0.0061881
0.0383303
0.0365341
0.0148731
0.0212085
0.0918486
0.2215406
0.3812685
0.5593109
0.7701611
1.0122103
1.2218964
1.2897950
1.1423748
0.8145850
0.4348815
0.1293920
-0.0633785
-0.1871056
-0.2888822
-0.3601030
-0.3592058
-0.2796918
-0.1761848
-0.1157975
-0.1132718
-0.1263606
-0.1137285
-0.0836129
-0.0766760
-0.1090284
-0.1485751
-0.1536549
-0.1247789
-0.1049257
-0.1280621
-0.1786089
-0.2100500
-0.1990569
-0.1705073
-0.1657494
-0.1937402
-0.2220660
-0.2157369
-0.1772525
-0.1435201
-0.1459549
-0.1787706
-0.2071646
