0.0798279
0.1136350
0.1333611
0.1325104
0.1217187
0.1175223
0.1238506
0.1289129
0.1218112
0.1078570
0.1023670
0.1101635
0.1173068
0.1069746
0.0805431
0.0573104
0.0524477
0.0599447
0.0610942
0.0472851
0.0286795
0.0189363
0.0163276
0.0053201
-0.0236662
-0.0610408
-0.0871269
-0.0919086
-0.0825296
-0.0723685
-0.0670752
-0.0632390
-0.0574922
-0.0522575
-0.0516258
-0.0544228
-0.0536553
-0.0422261
-0.0177698
0.0182498
0.0664661
0.1371052
0.2534071
0.4424715
0.7097669
1.0111549
1.2516595
1.3283473
1.1952491
0.8983851
0.5467076
0.2406182
0.0185936
-0.1374632
-0.2558255
-0.3400877
-0.3760401
-0.3611435
-0.3175282
-0.2757028
-0.2515493
-0.2422078
-0.2397611
-0.2420745
-0.2495137
-0.2573357
-0.2575140
-0.2480918
-0.2363963
-0.2306573
-0.2307185
-0.2301521
-0.2267980
-0.2271110
-0.2375988
-0.2540283
-0.2630796
-0.2559757
-0.2383596
-0.2246569
-0.2234974
-0.2308869
-0.2377793
-0.2414280
-0.2465058
-0.2558545
-0.2639818
-0.2625093
-0.2509635
-0.2388844
-0.2358145
-0.2409673
-0.2449763
-0.2413529
-0.2336782
-0.2302526
-0.2333356
-0.2361960
-0.2311716
-0.2187333
-0.2070044
-0.2029852
-0.2059471
-0.2095933
-0.2088543
-0.2031842
-0.1943522
-0.1834557
-0.1709226
-0.1579703
-0.1465068
-0.1377197
-0.1315838
-0.1274935
-0.1242753
-0.1194885
-0.1102059
-0.0958585
-0.0798679
-0.0669186
-0.0581696
-0.0503969
-0.0407010
-0.0306445
-0.0235430
-0.0179309
-0.0068224
0.0141825
0.0393857
0.0568179
0.0606307
0.0575885
0.0591949
0.0683197
0.0763661
0.0745535
0.0656904
0.0619607
0.0709808
0.0864511
0.0942412
0.0867606
0.0696936
0.0550231
0.0495349
0.0509037
0.0530573
0.0528311
0.0510197
0.0487681
0.0448749
0.0372199
0.0263397
0.0168013
0.0142344
0.0202490
0.0300059
0.0354298
0.0319348
0.0224774
0.0144070
0.0117681
0.0113890
0.0077109
0.0010219
-0.0013532
0.0065009
0.0207552
0.0303439
0.0282667
0.0186770
0.0115719
0.0116623
0.0144860
0.0135046
0.0088047
0.0069672
0.0129802
0.0242104
0.0328878
0.0332496
0.0255818
0.0147856
0.0067546
0.0053645
0.0103751
0.0172498
0.0206489
0.0194803
0.0174536
0.0172108
0.0152442
0.0058140
-0.0093314
-0.0185156
-0.0112502
0.0084251
0.0234876
0.0211055
0.0062294
-0.0049489
-0.0040266
0.0013943
-0.0001857
-0.0081996
-0.0109517
-0.0014917
0.0128043
0.0190046
0.0136508
0.0050296
0.0014929
0.0021305
0.0009205
-0.0032519
-0.0048763
0.0002016
0.0087284
0.0135483
0.0109148
0.0025227
-0.0075446
-0.0147719
-0.0144087
-0.0045207
0.0093154
0.0161290
0.0103970
-0.0005027
-0.0038978
0.0026378
0.0076820
0.0007645
-0.0124863
-0.0154563
-0.0010934
0.0181154
0.0244233
0.0156711
0.0059801
0.0059884
0.0094186
0.0038062
-0.0098799
-0.0161515
-0.0045973
0.0157872
0.0265292
0.0209491
0.0098187
0.0057387
0.0077494
0.0055331
-0.0041745
-0.0116698
-0.0064969
0.0086341
0.0201047
0.0183232
0.0067638
-0.0039836
-0.0073859
-0.0041664
0.0026664
0.0116703
0.0214184
0.0283907
0.0290711
0.0237848
0.0168480
0.0125954
0.0121924
0.0146139
0.0193705
0.0266172
0.0346985
0.0394788
0.0376094
0.0301611
0.0220352
0.0177932
0.0186987
0.0234827
0.0305164
0.0383156
0.0447384
0.0475139
0.0468087
0.0470128
0.0545231
0.0724620
0.0976561
0.1236918
0.1467486
0.1669534
0.1836805
0.1920620
0.1873786
0.1731129
0.1614317
0.1625361
0.1735833
0.1805829
0.1726468
0.1530431
0.1344102
0.1241656
0.1180298
0.1089536
0.0984887
0.0945226
0.0982000
0.0984826
0.0833269
0.0540696
0.0245524
0.0059312
-0.0036607
-0.0123300
-0.0209419
-0.0218226
-0.0114908
0.0007241
0.0019136
-0.0078710
-0.0140891
-0.0051215
0.0130899
0.0248827
0.0260029
0.0307202
0.0554311
0.1009651
0.1596033
0.2409727
0.3815503
0.6142218
0.9191940
1.2066518
1.3589028
1.3043166
1.0630912
0.7288359
0.4055191
0.1525922
-0.0247823
-0.1466590
-0.2255352
-0.2584756
-0.2433657
-0.1956997
-0.1455595
-0.1175215
-0.1144020
-0.1207838
-0.1210133
-0.1124231
-0.1021288
-0.0948972
-0.0882110
-0.0794465
-0.0733763
-0.0775764
-0.0904854
-0.0991583
-0.0927073
-0.0757913
-0.0640044
-0.0654736
-0.0716256
-0.0692264
-0.0584372
-0.0533128
-0.0633014
-0.0790146
-0.0812090
-0.0632668
-0.0400496
-0.0319894
-0.0431941
-0.0590073
-0.0640895
-0.0580773
-0.0515788
-0.0508179
-0.0511618
-0.0456278
-0.0354086
-0.0290394
-0.0322731
-0.0413951
-0.0472961
-0.0447671
-0.0364792
-0.0283364
-0.0227179
-0.0172711
-0.0094510
-0.0007061
0.0043498
0.0026546
-0.0033332
-0.0062196
0.0010105
0.0190537
0.0413534
0.0596710
0.0709920
0.0791175
0.0901742
0.1073450
0.1295354
0.1536372
0.1769944
0.1978214
0.2140877
0.2230594
0.2230332
0.2161694
0.2091885
0.2098679
0.2211801
0.2378214
0.2489503
0.2463789
0.2320508
0.2173759
0.2134543
0.2208731
0.2294938
0.2284835
0.2158452
0.1980412
0.1818165
0.1678672
0.1521796
0.1321895
0.1109431
0.0953119
0.0899202
0.0921368
0.0928344
0.0831527
0.0623786
0.0401220
0.0294424
0.0353517
0.0491597
0.0556036
0.0470236
0.0301614
0.0184006
0.0184132
0.0256405
0.0315041
0.0322903
0.0307607
0.0320464
0.0400524
0.0557928
0.0752025
0.0880452
0.0844408
0.0701133
0.0779686
0.1590860
0.3519925
0.6519989
1.0059066
1.3350422
1.5661252
1.6504842
1.5711563
1.3469508
1.0327987
0.7057627
0.4348015
0.2515261
0.1442755
0.0794742
0.0304433
-0.0101779
-0.0389315
-0.0552280
-0.0648454
-0.0741373
-0.0855544
-0.0987529
-0.1124709
-0.1238537
-0.1286615
-0.1253959
-0.1193630
-0.1202744
-0.1336506
-0.1541852
-0.1688038
-0.1679967
-0.1550174
-0.1434522
-0.1447108
-0.1571841
-0.1673786
-0.1620277
-0.1405289
-0.1171156
-0.1105193
-0.1290382
-0.1635758
-0.1951871
-0.2103441
-0.2095433
-0.2022294
-0.1954888
-0.1890197
-0.1798815
-0.1692698
-0.1625265
-0.1623918
-0.1637811
-0.1572660
-0.1388470
-0.1158196
-0.1019015
-0.1060424
-0.1255541
-0.1489791
-0.1649522
-0.1698486
-0.1695815
-0.1748138
-0.1926275
-0.2207953
-0.2497084
-0.2704611
-0.2815054
-0.2875313
-0.2919861
-0.2913845
-0.2785048
-0.2525064
-0.2250166
-0.2131635
-0.2241530
-0.2468684
-0.2599697
-0.2487829
-0.2148595
-0.1713692
-0.1320833
-0.1051506
-0.0939219
-0.0982339
-0.1113871
-0.1177066
-0.0996650
-0.0536244
0.0007651
0.0311813
0.0172927
-0.0328070
-0.0894013
-0.1233408
-0.1232480
-0.0964673
-0.0592547
-0.0276657
-0.0135701
-0.0222689
-0.0491995
-0.0798662
-0.0979404
-0.0975342
-0.0880055
-0.0853153
-0.0979161
-0.1205260
-0.1401813
-0.1474386
-0.1431221
-0.1361962
-0.1347989
-0.1376857
-0.1347072
-0.1180481
-0.0940470
-0.0816982
-0.0960561
-0.1318158
-0.1650187
-0.1735705
-0.1567168
-0.1329620
-0.1188112
-0.1128081
-0.1032718
-0.0889328
-0.0851753
-0.1067827
-0.1483103
-0.1866995
-0.2034847
-0.2007568
-0.1937629
-0.1911646
-0.1872192
-0.1739094
-0.1559011
-0.1478589
-0.1564918
-0.1703346
-0.1717505
-0.1577752
-0.1446033
-0.1497822
-0.1720913
-0.1908257
-0.1844845
-0.1500639
-0.1061791
-0.0794499
-0.0864326
-0.1236276
-0.1700397
-0.1995302
-0.1967880
-0.1680600
-0.1372055
-0.1265147
-0.1376836
-0.1526089
-0.1545165
-0.1462265
-0.1446354
-0.1588279
-0.1790030
-0.1894560
-0.1885492
-0.1898149
-0.2022739
-0.2153808
-0.2098934
-0.1832562
-0.1571195
-0.1545838
-0.1732132
-0.1872641
-0.1771851
-0.1507981
-0.1317164
-0.1312357
-0.1382314
-0.1369126
-0.1281235
-0.1278188
-0.1459298
-0.1724746
-0.1876810
-0.1831026
-0.1684066
-0.1577662
-0.1544668
-0.1513635
-0.1428718
-0.1318689
-0.1251400
-0.1256059
-0.1301165
-0.1328614
-0.1299610
-0.1222703
-0.1149348
-0.1132429
-0.1174296
-0.1217292
-0.1200731
-0.1134397
-0.1100580
-0.1160288
-0.1260210
-0.1268522
-0.1128550
-0.0951791
-0.0912179
-0.1045450
-0.1197345
-0.1195457
-0.1043131
-0.0905818
-0.0913442
-0.1015875
-0.1052979
-0.0946209
-0.0786870
-0.0725977
-0.0802371
-0.0909548
-0.0927254
-0.0849408
-0.0764382
-0.0738114
-0.0753412
-0.0758844
-0.0741534
-0.0735075
-0.0769659
-0.0828756
-0.0854586
-0.0794972
-0.0650349
-0.0478943
-0.0354798
-0.0316910
-0.0351413
-0.0413535
-0.0465166
-0.0497607
-0.0521237
-0.0535207
-0.0520123
-0.0472838
-0.0434303
-0.0452549
-0.0514052
-0.0541240
-0.0476396
-0.0350173
-0.0246638
-0.0212077
-0.0222709
-0.0240364
-0.0270000
-0.0338471
-0.0426070
-0.0455235
-0.0373697
-0.0234609
-0.0155166
-0.0184983
-0.0249463
-0.0249052
-0.0186319
-0.0151412
-0.0190287
-0.0238441
-0.0207274
-0.0103065
-0.0022074
-0.0031917
-0.0091885
-0.0110089
-0.0061426
-0.0013559
-0.0026917
-0.0064367
-0.0039552
0.0056504
0.0127046
0.0085936
-0.0035204
-0.0129263
-0.0140545
-0.0106771
-0.0075893
-0.0027208
0.0090020
0.0254356
0.0356814
0.0321790
0.0229209
0.0267600
0.0538320
0.0931627
0.1233603
0.1347339
0.1370635
0.1453018
0.1619981
0.1768752
0.1815996
0.1807749
0.1866777
0.2044402
0.2244850
0.2306522
0.2154091
0.1862912
0.1580541
0.1402653
0.1324683
0.1284786
0.1228136
0.1135013
0.1006160
0.0831565
0.0583937
0.0259557
-0.0076263
-0.0315389
-0.0401978
-0.0388209
-0.0373285
-0.0395705
-0.0411826
-0.0381386
-0.0341688
-0.0365740
-0.0448437
-0.0469017
-0.0303096
0.0028265
0.0358657
0.0552620
0.0672000
0.0961561
0.1707451
0.3131665
0.5335099
0.8166844
1.1048043
1.3019258
1.3193755
1.1367630
0.8245173
0.4995320
0.2474259
0.0793263
-0.0425281
-0.1455669
-0.2191680
-0.2408516
-0.2154982
-0.1779007
-0.1594023
-0.1616919
-0.1658654
-0.1596060
-0.1483165
-0.1419132
-0.1396216
-0.1333702
-0.1227898
-0.1187417
-0.1287018
-0.1439542
-0.1479405
-0.1363119
-0.1221188
-0.1191460
-0.1256053
-0.1287595
-0.1225701
-0.1148846
-0.1162904
-0.1259402
-0.1317552
-0.1242479
-0.1076147
-0.0955264
-0.0968273
-0.1074380
-0.1162944
-0.1165197
-0.1094025
-0.1000908
-0.0924396
-0.0872050
-0.0826928
-0.0772667
-0.0726020
-0.0731611
-0.0799846
-0.0859927
-0.0811381
-0.0635801
-0.0435666
-0.0341477
-0.0382823
-0.0463973
-0.0471115
-0.0392469
-0.0313140
-0.0290427
-0.0269326
-0.0157192
0.0035883
0.0186824
0.0205286
0.0144870
0.0134164
0.0222894
0.0339724
0.0400505
0.0418627
0.0481985
0.0631480
0.0794728
0.0863777
0.0827543
0.0790206
0.0845022
0.0966323
0.1061366
0.1103149
0.1157397
0.1275328
0.1411934
0.1482642
0.1477703
0.1485025
0.1594278
0.1794251
0.1977185
0.2042824
0.1985479
0.1873099
0.1763245
0.1670681
0.1606172
0.1593877
0.1625678
0.1636476
0.1565462
0.1428065
0.1294392
0.1203886
0.1133797
0.1055357
0.0990360
0.0986579
0.1040350
0.1069812
0.0993338
0.0834956
0.0716814
0.0721949
0.0793197
0.0811904
0.0760984
0.0747863
0.0848393
0.0982714
0.0996201
0.0848854
0.0677362
0.0649753
0.0777633
0.0902889
0.0879685
0.0741407
0.0648804
0.0681173
0.0738252
0.0680886
0.0522775
0.0421796
0.0488470
0.0654735
0.0748153
0.0667471
0.0468916
0.0296275
0.0244903
0.0294571
0.0360627
0.0387393
0.0377971
0.0353215
0.0318141
0.0271303
0.0215991
0.0152902
0.0087015
0.0047156
0.0065697
0.0122914
0.0142127
0.0068780
-0.0058394
-0.0139353
-0.0116159
-0.0032472
0.0015214
-0.0015656
-0.0066537
-0.0056318
-0.0002229
-0.0018653
-0.0166525
-0.0341438
-0.0369002
-0.0207850
-0.0008141
0.0046350
-0.0078089
-0.0254982
-0.0345709
-0.0331240
-0.0297381
-0.0310051
-0.0334433
-0.0295535
-0.0197101
-0.0134844
-0.0183422
-0.0310364
-0.0422449
-0.0464461
-0.0446702
-0.0404031
-0.0362990
-0.0337928
-0.0331997
-0.0342706
-0.0375778
-0.0441861
-0.0528223
-0.0585861
-0.0561883
-0.0451045
-0.0319540
-0.0272450
-0.0368112
-0.0543000
-0.0647837
-0.0596571
-0.0465825
-0.0406419
-0.0466541
-0.0551307
-0.0560123
-0.0511676
-0.0504750
-0.0584413
-0.0682387
-0.0693662
-0.0598370
-0.0491380
-0.0478893
-0.0557475
-0.0626286
-0.0618725
-0.0577804
-0.0580247
-0.0626569
-0.0645031
-0.0584742
-0.0472645
-0.0388460
-0.0401136
-0.0511840
-0.0640344
-0.0685614
-0.0619847
-0.0511309
-0.0446137
-0.0448054
-0.0484533
-0.0525391
-0.0571990
-0.0635202
-0.0695075
-0.0687842
-0.0555041
-0.0324503
-0.0115301
-0.0019189
0.0012048
0.0115490
0.0353242
0.0640332
0.0841896
0.0908038
0.0903478
0.0927999
0.1014250
0.1091685
0.1057951
0.0896565
0.0704346
0.0584676
0.0539095
0.0490345
0.0386239
0.0245443
0.0117705
0.0033636
-0.0013503
-0.0060711
-0.0144819
-0.0267283
-0.0400040
-0.0527698
-0.0660510
-0.0804587
-0.0949722
-0.1085939
-0.1193324
-0.1218716
-0.1120018
-0.0949393
-0.0835304
-0.0847052
-0.0913501
-0.0905563
-0.0769940
-0.0554239
-0.0323042
-0.0077986
0.0248797
0.0755662
0.1560775
0.2835598
0.4762052
0.7288067
0.9839687
1.1405151
1.1142033
0.9035675
0.5952825
0.3011578
0.0859026
-0.0540071
-0.1553709
-0.2401437
-0.2986753
-0.3124509
-0.2849711
-0.2445668
-0.2187613
-0.2129869
-0.2152691
-0.2135158
-0.2038483
-0.1889055
-0.1751628
-0.1695204
-0.1735759
-0.1819906
-0.1881946
-0.1897207
-0.1877261
-0.1850798
-0.1853589
-0.1893311
-0.1919766
-0.1877504
-0.1791845
-0.1750684
-0.1792023
-0.1855810
-0.1854759
-0.1756927
-0.1606700
-0.1503746
-0.1539202
-0.1697332
-0.1837350
-0.1830172
-0.1699614
-0.1576667
-0.1536693
-0.1541495
-0.1523918
-0.1467574
-0.1406799
-0.1388083
-0.1420013
-0.1439493
-0.1363013
-0.1195725
-0.1040984
-0.0974316
-0.0966321
-0.0958656
-0.0941662
-0.0913060
-0.0837351
-0.0708440
-0.0594087
-0.0559839
-0.0590921
-0.0626062
-0.0621858
-0.0559146
-0.0439757
-0.0298113
-0.0168772
-0.0044563
0.0075459
0.0123163
0.0041392
-0.0084769
-0.0084020
0.0101971
0.0359456
0.0540382
0.0581010
0.0506756
0.0413746
0.0425176
0.0572033
0.0738879
0.0810467
0.0826761
0.0897089
0.1014811
0.1070340
0.1009815
0.0881549
0.0764643
0.0729890
0.0808695
0.0924632
0.0933674
0.0802891
0.0654233
0.0571374
0.0494363
0.0379110
0.0305006
0.0323234
0.0349286
0.0310855
0.0255498
0.0220229
0.0155414
0.0064425
0.0044938
0.0110262
0.0151138
0.0136930
0.0151391
0.0185716
0.0134371
0.0031177
0.0019823
0.0069799
0.0032915
-0.0018693
0.0107403
0.0288264
0.0216949
-0.0006242
0.0025735
0.0256355
0.0170568
-0.0216171
-0.0118468
0.0844697
