-0.1685157
-0.1759942
-0.1776152
-0.1733843
-0.1709114
-0.1750427
-0.1808537
-0.1791700
-0.1681634
-0.1567262
-0.1551749
-0.1640496
-0.1737011
-0.1743571
-0.1648385
-0.1512665
-0.1394436
-0.1305658
-0.1237244
-0.1197442
-0.1204344
-0.1245112
-0.1262298
-0.1193620
-0.1025026
-0.0801318
-0.0587708
-0.0425691
-0.0321500
-0.0261227
-0.0222576
-0.0173788
-0.0078608
0.0081618
0.0290746
0.0514097
0.0737346
0.0980276
0.1260026
0.1543363
0.1752988
0.1835119
0.1816551
0.1780128
0.1778588
0.1782404
0.1721729
0.1573672
0.1394677
0.1264876
0.1212365
0.1198926
0.1169139
0.1098662
0.0998572
0.0894186
0.0812255
0.0775171
0.0783923
0.0801165
0.0767274
0.0648349
0.0467769
0.0285138
0.0148592
0.0072702
0.0049527
0.0056612
0.0051621
-0.0008694
-0.0113228
-0.0173167
-0.0099851
0.0072261
0.0173601
0.0059585
-0.0211924
-0.0404718
-0.0338396
-0.0084079
0.0106053
0.0063289
-0.0136533
-0.0286693
-0.0284779
-0.0210248
-0.0180095
-0.0190668
-0.0145448
-0.0012767
0.0106040
0.0088991
-0.0060438
-0.0218792
-0.0287528
-0.0293086
-0.0324033
-0.0395303
-0.0415520
-0.0299078
-0.0084795
0.0084275
0.0099996
-0.0008262
-0.0114829
-0.0125341
-0.0047310
0.0057265
0.0157191
0.0264795
0.0372973
0.0417272
0.0331117
0.0134764
-0.0058271
-0.0139920
-0.0104183
-0.0034207
-0.0003959
-0.0014321
-0.0025615
-0.0022961
-0.0025292
-0.0043633
-0.0063686
-0.0075510
-0.0089975
-0.0104763
-0.0079514
0.0012559
0.0109915
0.0092157
-0.0077450
-0.0267575
-0.0297163
-0.0149941
-0.0018394
-0.0090707
-0.0322583
-0.0483087
-0.0432538
-0.0288288
-0.0264739
-0.0389913
-0.0466542
-0.0333483
-0.0090390
0.0010417
-0.0127188
-0.0325060
-0.0349433
-0.0185406
-0.0030409
-0.0039720
-0.0157837
-0.0225475
-0.0187424
-0.0129265
-0.0133589
-0.0180333
-0.0214366
-0.0246905
-0.0323054
-0.0408809
-0.0389093
-0.0213608
0.0000493
0.0067807
-0.0067875
-0.0278101
-0.0399756
-0.0399866
-0.0364585
-0.0357943
-0.0346868
-0.0273890
-0.0157924
-0.0084051
-0.0104116
-0.0180806
-0.0237348
-0.0240259
-0.0217042
-0.0200199
-0.0167095
-0.0038318
0.0257885
0.0698143
0.1128473
0.1344689
0.1261219
0.1020433
0.0898321
0.1055494
0.1380154
0.1608357
0.1603513
0.1480285
0.1433690
0.1491239
0.1498168
0.1344523
0.1128553
0.1034599
0.1082846
0.1086382
0.0886392
0.0568912
0.0378706
0.0428586
0.0563849
0.0547231
0.0332958
0.0100874
0.0029141
0.0094445
0.0126847
0.0023412
-0.0145458
-0.0239571
-0.0208321
-0.0117580
-0.0045534
0.0001628
0.0064141
0.0159804
0.0278004
0.0433681
0.0686351
0.1083716
0.1613840
0.2264348
0.3142803
0.4474581
0.6365750
0.8485904
1.0017685
1.0067255
0.8298013
0.5253606
0.2037248
-0.0414930
-0.1846815
-0.2580466
-0.3003984
-0.3209348
-0.3088521
-0.2656923
-0.2164523
-0.1873594
-0.1803440
-0.1759035
-0.1590950
-0.1360717
-0.1232533
-0.1260018
-0.1339431
-0.1358854
-0.1326369
-0.1319292
-0.1350756
-0.1348793
-0.1269786
-0.1175413
-0.1154862
-0.1195389
-0.1187296
-0.1073899
-0.0953090
-0.0981702
-0.1182083
-0.1386520
-0.1399853
-0.1201770
-0.0964018
-0.0873362
-0.0962262
-0.1115224
-0.1207597
-0.1208079
-0.1160027
-0.1109529
-0.1077282
-0.1075637
-0.1109296
-0.1149232
-0.1137312
-0.1046168
-0.0926787
-0.0866849
-0.0889020
-0.0906696
-0.0802447
-0.0556319
-0.0289876
-0.0175729
-0.0293677
-0.0559000
-0.0779002
-0.0789935
-0.0570686
-0.0248605
0.0009792
0.0137516
0.0211870
0.0356821
0.0597858
0.0828264
0.0933618
0.0936729
0.0987535
0.1197944
0.1510686
0.1757726
0.1838886
0.1809838
0.1786140
0.1797190
0.1775034
0.1679100
0.1579655
0.1579441
0.1669233
0.1708382
0.1570864
0.1290407
0.1034190
0.0935205
0.0970817
0.1008224
0.0944867
0.0786137
0.0602243
0.0445739
0.0326787
0.0245254
0.0209133
0.0208217
0.0190636
0.0095645
-0.0078200
-0.0246055
-0.0293105
-0.0171983
0.0043322
0.0196515
0.0158173
-0.0071825
-0.0350568
-0.0494624
-0.0430923
-0.0263613
-0.0176218
-0.0245012
-0.0352774
-0.0312684
-0.0086781
0.0145598
0.0169293
-0.0022670
-0.0205880
-0.0166800
0.0058696
0.0227406
0.0161858
-0.0067433
-0.0254614
-0.0307882
-0.0322625
-0.0405647
-0.0498918
-0.0442346
-0.0195930
0.0069729
0.0138858
-0.0026198
-0.0265077
-0.0402742
-0.0401161
-0.0325209
-0.0222635
-0.0096474
0.0023354
0.0053921
-0.0057372
-0.0253420
-0.0413605
-0.0474892
-0.0473174
-0.0461441
-0.0428447
-0.0331240
-0.0187966
-0.0091579
-0.0116950
-0.0240972
-0.0374369
-0.0454964
-0.0486328
-0.0498556
-0.0507882
-0.0522026
-0.0551087
-0.0587256
-0.0594128
-0.0552025
-0.0510265
-0.0553170
-0.0692230
-0.0819778
-0.0807247
-0.0645287
-0.0453410
-0.0346952
-0.0333367
-0.0361745
-0.0429811
-0.0573613
-0.0749728
-0.0806188
-0.0638252
-0.0351968
-0.0198768
-0.0317971
-0.0585972
-0.0760905
-0.0751093
-0.0685282
-0.0716752
-0.0823100
-0.0849680
-0.0721833
-0.0545307
-0.0476958
-0.0543896
-0.0633864
-0.0643937
-0.0587055
-0.0541801
-0.0539485
-0.0536046
-0.0482887
-0.0394847
-0.0344201
-0.0401673
-0.0576061
-0.0784050
-0.0877744
-0.0747091
-0.0440164
-0.0169584
-0.0141651
-0.0344806
-0.0532243
-0.0453828
-0.0102861
0.0297247
0.0547227
0.0665104
0.0802457
0.1017560
0.1204576
0.1253954
0.1211887
0.1221002
0.1327314
0.1417022
0.1367564
0.1209673
0.1085838
0.1063018
0.1046930
0.0907295
0.0650299
0.0422370
0.0348233
0.0401153
0.0442284
0.0360850
0.0159451
-0.0074748
-0.0251387
-0.0334752
-0.0353947
-0.0372419
-0.0433195
-0.0518011
-0.0564145
-0.0529155
-0.0430865
-0.0315294
-0.0203072
-0.0095137
-0.0019823
-0.0018270
-0.0049222
0.0048882
0.0429877
0.1077897
0.1863734
0.2817448
0.4251852
0.6431898
0.9030711
1.1014681
1.1267041
0.9459194
0.6326509
0.3071094
0.0498031
-0.1300774
-0.2570238
-0.3406458
-0.3711172
-0.3491901
-0.3012271
-0.2582996
-0.2293078
-0.2031192
-0.1731786
-0.1496846
-0.1449807
-0.1549895
-0.1626165
-0.1575209
-0.1455834
-0.1375277
-0.1343883
-0.1292163
-0.1200566
-0.1141941
-0.1176131
-0.1251127
-0.1254274
-0.1148715
-0.1019001
-0.0975808
-0.1046036
-0.1171040
-0.1285861
-0.1369697
-0.1428376
-0.1464589
-0.1480814
-0.1488135
-0.1486167
-0.1443116
-0.1326947
-0.1165954
-0.1051429
-0.1051144
-0.1125805
-0.1161365
-0.1096758
-0.0999204
-0.0989184
-0.1095643
-0.1211219
-0.1204565
-0.1064972
-0.0916820
-0.0888367
-0.0979573
-0.1068393
-0.1038585
-0.0885456
-0.0695614
-0.0543788
-0.0430259
-0.0315484
-0.0189566
-0.0085646
-0.0027374
0.0017267
0.0115728
0.0306780
0.0565859
0.0835346
0.1078441
0.1293278
0.1480333
0.1616501
0.1676555
0.1675852
0.1675007
0.1729406
0.1831595
0.1907587
0.1877315
0.1727919
0.1533698
0.1401230
0.1384098
0.1440217
0.1467724
0.1386003
0.1192287
0.0952833
0.0747832
0.0621480
0.0569249
0.0554544
0.0531918
0.0469116
0.0368786
0.0273759
0.0233314
0.0247621
0.0253251
0.0185013
0.0056057
-0.0043500
-0.0043470
0.0021836
0.0047508
-0.0022754
-0.0134162
-0.0192245
-0.0179179
-0.0167109
-0.0210630
-0.0259907
-0.0216185
-0.0067899
0.0067919
0.0063457
-0.0078563
-0.0228700
-0.0270461
-0.0205464
-0.0110717
-0.0026812
0.0067668
0.0171698
0.0202833
0.0071110
-0.0191829
-0.0423421
-0.0481212
-0.0386556
-0.0284832
-0.0267258
-0.0275563
-0.0207715
-0.0082583
-0.0038953
-0.0156121
-0.0324348
-0.0348380
-0.0177370
0.0019578
0.0039513
-0.0119801
-0.0259027
-0.0213372
-0.0042601
0.0046188
-0.0064105
-0.0290787
-0.0476647
-0.0566614
-0.0619867
-0.0680433
-0.0706366
-0.0650307
-0.0560008
-0.0538828
-0.0608160
-0.0663904
-0.0603344
-0.0465571
-0.0396234
-0.0471927
-0.0607219
-0.0663443
-0.0615532
-0.0559987
-0.0561316
-0.0550974
-0.0423138
-0.0205080
-0.0067789
-0.0140043
-0.0349012
-0.0493912
-0.0472914
-0.0385875
-0.0386545
-0.0475322
-0.0501734
-0.0376903
-0.0220366
-0.0239088
-0.0472517
-0.0715263
-0.0724655
-0.0482395
-0.0214191
-0.0150059
-0.0296310
-0.0459274
-0.0468749
-0.0345005
-0.0249854
-0.0309427
-0.0503236
-0.0701852
-0.0778618
-0.0687697
-0.0473019
-0.0234259
-0.0080130
-0.0083901
-0.0252938
-0.0524026
-0.0788097
-0.0937844
-0.0922734
-0.0783425
-0.0632246
-0.0574213
-0.0621147
-0.0681751
-0.0653632
-0.0532806
-0.0417551
-0.0389278
-0.0400792
-0.0309767
-0.0033521
0.0344172
0.0635430
0.0715822
0.0626899
0.0525026
0.0545722
0.0713431
0.0953465
0.1162577
0.1269220
0.1257118
0.1163126
0.1058043
0.1009873
0.1043711
0.1127822
0.1197211
0.1191980
0.1082933
0.0880983
0.0638223
0.0434913
0.0342807
0.0378927
0.0484237
0.0548279
0.0467548
0.0204612
-0.0183655
-0.0565620
-0.0797605
-0.0801213
-0.0612227
-0.0366513
-0.0222678
-0.0265760
-0.0457672
-0.0671403
-0.0781297
-0.0736536
-0.0562923
-0.0303866
0.0034989
0.0483344
0.1062584
0.1778038
0.2687148
0.3956014
0.5751019
0.7955699
0.9963450
1.0859261
0.9989666
0.7486290
0.4243440
0.1314021
-0.0751206
-0.2042727
-0.2874910
-0.3338032
-0.3303422
-0.2785474
-0.2140257
-0.1810939
-0.1912878
-0.2159518
-0.2216746
-0.2062127
-0.1941178
-0.2012386
-0.2132290
-0.2032772
-0.1659178
-0.1260942
-0.1139023
-0.1348872
-0.1673062
-0.1848109
-0.1779184
-0.1559033
-0.1345334
-0.1244971
-0.1270229
-0.1350903
-0.1390209
-0.1350084
-0.1296340
-0.1330424
-0.1454306
-0.1529654
-0.1417987
-0.1166805
-0.1008577
-0.1129978
-0.1452786
-0.1690266
-0.1639201
-0.1386798
-0.1201433
-0.1238124
-0.1391266
-0.1438989
-0.1289909
-0.1056345
-0.0904786
-0.0879673
-0.0889357
-0.0834340
-0.0710814
-0.0586505
-0.0508448
-0.0460860
-0.0401885
-0.0310786
-0.0190667
-0.0047887
0.0109830
0.0262724
0.0389929
0.0499350
0.0632909
0.0825926
0.1061156
0.1276564
0.1428120
0.1537752
0.1663664
0.1821331
0.1952733
0.1991582
0.1952075
0.1929401
0.2001187
0.2139746
0.2235724
0.2206471
0.2069651
0.1908017
0.1775085
0.1651400
0.1493991
0.1309725
0.1158692
0.1084083
0.1057272
0.1006604
0.0894741
0.0753505
0.0640151
0.0570509
0.0506111
0.0408102
0.0294753
0.0231576
0.0255232
0.0313495
0.0299917
0.0161676
-0.0032479
-0.0148004
-0.0117127
-0.0010747
0.0032691
-0.0046483
-0.0163299
-0.0180865
-0.0066562
0.0063692
0.0070076
-0.0056274
-0.0187758
-0.0209912
-0.0147796
-0.0120833
-0.0185943
-0.0262477
-0.0232020
-0.0092962
0.0021462
-0.0007116
-0.0139609
-0.0220506
-0.0161956
-0.0052363
-0.0055440
-0.0216315
-0.0402421
-0.0445480
-0.0317892
-0.0148404
-0.0076095
-0.0119165
-0.0196388
-0.0248165
-0.0295604
-0.0373733
-0.0446077
-0.0429819
-0.0306297
-0.0168480
-0.0132634
-0.0216495
-0.0330085
-0.0384589
-0.0384165
-0.0396757
-0.0451886
-0.0496233
-0.0459632
-0.0347893
-0.0248489
-0.0241734
-0.0320009
-0.0400784
-0.0408891
-0.0339228
-0.0251527
-0.0218482
-0.0271268
-0.0375442
-0.0457662
-0.0473548
-0.0457544
-0.0491642
-0.0610635
-0.0746645
-0.0787411
-0.0693815
-0.0543654
-0.0447189
-0.0432919
-0.0440741
-0.0424179
-0.0419379
-0.0482310
-0.0581473
-0.0607702
-0.0507254
-0.0364106
-0.0310083
-0.0368396
-0.0430770
-0.0399212
-0.0313126
-0.0303173
-0.0431419
-0.0613968
-0.0715180
-0.0695348
-0.0640524
-0.0654502
-0.0749535
-0.0850050
-0.0878631
-0.0819250
-0.0712298
-0.0614059
-0.0558375
-0.0534925
-0.0501747
-0.0439088
-0.0395716
-0.0455344
-0.0632946
-0.0816287
-0.0844815
-0.0664805
-0.0395524
-0.0224782
-0.0238883
-0.0363480
-0.0460094
-0.0447922
-0.0318306
-0.0071143
0.0299538
0.0742328
0.1120624
0.1300480
0.1268629
0.1137230
0.1029128
0.0981871
0.0969928
0.0985622
0.1053992
0.1161942
0.1211500
0.1088011
0.0785576
0.0443048
0.0235292
0.0228140
0.0340082
0.0427787
0.0393529
0.0227923
-0.0011167
-0.0242761
-0.0404455
-0.0477591
-0.0484280
-0.0465133
-0.0463061
-0.0516604
-0.0639541
-0.0787720
-0.0862117
-0.0782904
-0.0580221
-0.0390799
-0.0327683
-0.0346822
-0.0278115
-0.0019658
0.0319304
0.0520457
0.0523729
0.0574753
0.1091096
0.2379903
0.4440799
0.6928334
0.9208959
1.0506190
1.0200409
0.8208933
0.5149009
0.2038332
-0.0313493
-0.1725770
-0.2527839
-0.3080769
-0.3455325
-0.3537735
-0.3320555
-0.2978941
-0.2679512
-0.2422644
-0.2128266
-0.1817898
-0.1627586
-0.1638081
-0.1758945
-0.1822880
-0.1767054
-0.1673858
-0.1635801
-0.1634216
-0.1587568
-0.1488423
-0.1431275
-0.1489759
-0.1609245
-0.1656581
-0.1561175
-0.1379303
-0.1228534
-0.1186773
-0.1251555
-0.1362083
-0.1441025
-0.1434981
-0.1347458
-0.1243277
-0.1204536
-0.1261121
-0.1360319
-0.1416741
-0.1397776
-0.1347698
-0.1319767
-0.1304102
-0.1248611
-0.1144153
-0.1054043
-0.1041590
-0.1085084
-0.1085912
-0.0964395
-0.0744754
-0.0546637
-0.0487668
-0.0579200
-0.0708393
-0.0728236
-0.0577451
-0.0323262
-0.0094339
0.0030199
0.0079394
0.0150960
0.0312872
0.0541073
0.0756983
0.0920740
0.1068757
0.1252923
0.1463468
0.1632929
0.1711198
0.1721066
0.1739117
0.1827825
0.1980545
0.2124280
0.2180403
0.2131375
0.2028675
0.1935129
0.1865709
0.1786797
0.1664948
0.1509255
0.1367092
0.1280187
0.1246575
0.1231935
0.1217154
0.1215096
0.1226336
0.1199228
0.1068192
0.0833103
0.0573694
0.0376019
0.0261994
0.0197516
0.0149544
0.0118327
0.0121155
0.0161782
0.0223815
0.0288930
0.0346241
0.0373289
0.0325460
0.0180944
0.0004064
-0.0075340
0.0016555
0.0204097
0.0318198
0.0252302
0.0056076
-0.0118822
-0.0155059
-0.0058666
0.0072260
0.0158872
0.0213484
0.0294865
0.0409095
0.0486572
0.0462918
0.0357102
0.0256618
0.0240425
0.0321873
0.0447419
0.0539463
0.0552628
0.0498522
0.0415314
0.0323130
0.0222992
0.0127197
0.0064807
0.0057354
0.0105694
0.0193729
0.0286385
0.0336417
0.0322859
0.0281620
0.0274685
0.0326425
0.0400322
0.0428513
0.0354165
0.0167831
-0.0071654
-0.0263637
-0.0335301
-0.0283741
-0.0154525
-0.0012536
0.0060190
-0.0005491
-0.0190657
-0.0367628
-0.0397268
-0.0247324
-0.0009220
0.0175247
0.0196962
0.0036667
-0.0225930
-0.0478378
-0.0662171
-0.0773957
-0.0801647
-0.0726801
-0.0597297
-0.0523729
-0.0571801
-0.0705180
-0.0843260
-0.0918666
-0.0886500
-0.0766228
-0.0679285
-0.0741046
-0.0898765
-0.0990256
-0.0982161
-0.1004114
-0.1095015
-0.1083528
-0.0837073
