0.1067906
0.1558227
0.2424897
0.3910802
0.6114038
0.8747588
1.1072627
1.2185258
1.1551288
0.9395043
0.6579951
0.4026520
0.2142981
0.0747067
-0.0511374
-0.1694016
-0.2536967
-0.2805652
-0.2602437
-0.2286498
-0.2127709
-0.2097667
-0.2003871
-0.1768434
-0.1520503
-0.1428648
-0.1504443
-0.1607475
-0.1618417
-0.1558888
-0.1529509
-0.1565582
-0.1593469
-0.1532197
-0.1408281
-0.1342282
-0.1419578
-0.1590796
-0.1712926
-0.1686660
-0.1544383
-0.1403877
-0.1350455
-0.1377089
-0.1429950
-0.1482347
-0.1542885
-0.1603795
-0.1616388
-0.1538256
-0.1393550
-0.1265044
-0.1223537
-0.1275998
-0.1379243
-0.1478975
-0.1521525
-0.1454814
-0.1264820
-0.1024130
-0.0867269
-0.0875594
-0.0986882
-0.1050105
-0.0980380
-0.0834156
-0.0714078
-0.0630660
-0.0507107
-0.0320140
-0.0174161
-0.0183903
-0.0306237
-0.0356409
-0.0216064
0.0023065
0.0172874
0.0183160
0.0193740
0.0334291
0.0537970
0.0624833
0.0553938
0.0507870
0.0682141
0.1040054
0.1348166
0.1448806
0.1422418
0.1443425
0.1537125
0.1565792
0.1453514
0.1332252
0.1395661
0.1643015
0.1852876
0.1832955
0.1634759
0.1468173
0.1436934
0.1435861
0.1326816
0.1145873
0.1064020
0.1155949
0.1285082
0.1261022
0.1072307
0.0900343
0.0898556
0.1013745
0.1066138
0.0977853
0.0862126
0.0870618
0.0998743
0.1090742
0.1028799
0.0866592
0.0751747
0.0751341
0.0802159
0.0828039
0.0847710
0.0925303
0.1042890
0.1086921
0.0983862
0.0807678
0.0707063
0.0737425
0.0812967
0.0836196
0.0824724
0.0862557
0.0950137
0.0975203
0.0862223
0.0699828
0.0656265
0.0775690
0.0921419
0.0946480
0.0867484
0.0812166
0.0821462
0.0790098
0.0636723
0.0463067
0.0456855
0.0642801
0.0817605
0.0781844
0.0582836
0.0448606
0.0491500
0.0568924
0.0486732
0.0275290
0.0166093
0.0291832
0.0503266
0.0547749
0.0381010
0.0210537
0.0221066
0.0342735
0.0356233
0.0185789
-0.0003866
-0.0021740
0.0112681
0.0211808
0.0168651
0.0080301
0.0097420
0.0213670
0.0274101
0.0182870
0.0032743
-0.0010227
0.0085078
0.0177827
0.0129903
-0.0029480
-0.0145988
-0.0123647
-0.0020687
0.0044668
0.0042084
0.0044166
0.0106442
0.0180953
0.0175804
0.0075858
-0.0037045
-0.0087439
-0.0090885
-0.0106688
-0.0130280
-0.0086635
0.0050249
0.0174432
0.0140883
-0.0054594
-0.0236594
-0.0227748
-0.0046051
0.0116364
0.0111904
-0.0008210
-0.0082322
-0.0045357
0.0006155
-0.0042682
-0.0171406
-0.0253653
-0.0215309
-0.0110956
-0.0036848
-0.0017530
-0.0015287
-0.0021922
-0.0080178
-0.0199111
-0.0294471
-0.0259324
-0.0089221
0.0095366
0.0159909
0.0071858
-0.0093996
-0.0234594
-0.0281917
-0.0212917
-0.0042478
0.0181913
0.0408336
0.0625329
0.0861745
0.1119832
0.1327657
0.1401526
0.1361774
0.1341110
0.1442751
0.1615846
0.1719183
0.1701396
0.1657372
0.1678642
0.1704445
0.1594960
0.1343002
0.1127630
0.1107773
0.1213683
0.1221490
0.1027906
0.0767200
0.0616909
0.0557821
0.0414793
0.0116953
-0.0188822
-0.0332708
-0.0353359
-0.0438521
-0.0653399
-0.0838317
-0.0827140
-0.0687672
-0.0644004
-0.0776714
-0.0910644
-0.0850360
-0.0645507
-0.0520676
-0.0560328
-0.0577819
-0.0352818
0.0077564
0.0468099
0.0706596
0.1025540
0.1833968
0.3374067
0.5551344
0.8004342
1.0222273
1.1619059
1.1688921
1.0296557
0.7862894
0.5162718
0.2826128
0.0999278
-0.0519481
-0.1867337
-0.2905349
-0.3403260
-0.3346232
-0.2993386
-0.2654538
-0.2464125
-0.2371702
-0.2288007
-0.2192358
-0.2121437
-0.2109384
-0.2156773
-0.2231290
-0.2279486
-0.2255041
-0.2158909
-0.2046901
-0.1979161
-0.1964566
-0.1972719
-0.1994787
-0.2056607
-0.2153456
-0.2206057
-0.2131634
-0.1961362
-0.1839933
-0.1875297
-0.2011733
-0.2092532
-0.2043790
-0.1950095
-0.1928653
-0.1971242
-0.1964391
-0.1857219
-0.1744213
-0.1742955
-0.1828083
-0.1851363
-0.1732350
-0.1569541
-0.1517822
-0.1584908
-0.1612471
-0.1473453
-0.1238320
-0.1099656
-0.1147633
-0.1271229
-0.1297218
-0.1185898
-0.1047109
-0.0977412
-0.0938312
-0.0825358
-0.0624538
-0.0445269
-0.0386438
-0.0409179
-0.0379965
-0.0230269
-0.0033092
0.0096916
0.0151016
0.0232715
0.0411339
0.0608073
0.0669437
0.0554227
0.0409590
0.0431464
0.0658905
0.0935068
0.1076629
0.1056034
0.0997806
0.1014698
0.1086068
0.1107829
0.1029584
0.0906198
0.0817913
0.0775503
0.0723417
0.0614768
0.0453705
0.0270760
0.0092322
-0.0050888
-0.0115360
-0.0083333
-0.0009815
0.0003260
-0.0095988
-0.0248532
-0.0342555
-0.0333971
-0.0291547
-0.0313083
-0.0409475
-0.0489145
-0.0458138
-0.0323993
-0.0195538
-0.0185399
-0.0313507
-0.0495960
-0.0619994
-0.0634784
-0.0579048
-0.0523014
-0.0485431
-0.0419542
-0.0291898
-0.0162082
-0.0150524
-0.0308301
-0.0538182
-0.0677424
-0.0661370
-0.0576232
-0.0536984
-0.0545933
-0.0513685
-0.0408949
-0.0326047
-0.0366604
-0.0491591
-0.0554914
-0.0488376
-0.0392615
-0.0405603
-0.0522767
-0.0614279
-0.0615775
-0.0624408
-0.0757474
-0.0963834
-0.1058053
-0.0949895
-0.0767022
-0.0700974
-0.0777408
-0.0854987
-0.0844419
-0.0836677
-0.0958790
-0.1162134
-0.1252810
-0.1141637
-0.0977001
-0.0967638
-0.1118449
-0.1227437
-0.1152109
-0.0999766
-0.0994957
-0.1193785
-0.1404596
-0.1405778
-0.1187030
-0.0938189
-0.0835303
-0.0892110
-0.1012604
-0.1122519
-0.1210472
-0.1276146
-0.1297488
-0.1260031
-0.1185130
-0.1110235
-0.1058904
-0.1045429
-0.1088968
-0.1192145
-0.1307232
-0.1355513
-0.1299763
-0.1184697
-0.1089217
-0.1048934
-0.1045507
-0.1062142
-0.1112266
-0.1198077
-0.1272350
-0.1279295
-0.1226999
-0.1181883
-0.1181192
-0.1185854
-0.1148649
-0.1104313
-0.1140637
-0.1268951
-0.1367844
-0.1299286
-0.1071559
-0.0846256
-0.0772774
-0.0848036
-0.0960465
-0.1038054
-0.1100307
-0.1166606
-0.1178773
-0.1067030
-0.0871221
-0.0733236
-0.0742790
-0.0823279
-0.0806887
-0.0612639
-0.0314546
-0.0031038
0.0209896
0.0460274
0.0729350
0.0929811
0.0975520
0.0903792
0.0854705
0.0922236
0.1057902
0.1142198
0.1129067
0.1082014
0.1062941
0.1023496
0.0848207
0.0509088
0.0144470
-0.0047485
0.0004746
0.0181714
0.0294939
0.0251881
0.0090034
-0.0122870
-0.0373425
-0.0671397
-0.0971039
-0.1175510
-0.1234690
-0.1209581
-0.1208951
-0.1268399
-0.1322552
-0.1304570
-0.1239736
-0.1204454
-0.1201365
-0.1122334
-0.0866777
-0.0479318
-0.0129279
0.0067192
0.0201992
0.0558543
0.1463615
0.3153592
0.5713985
0.9017835
1.2614771
1.5689375
1.7275032
1.6718185
1.4096473
1.0234291
0.6251763
0.2971646
0.0618009
-0.1029671
-0.2246786
-0.3104078
-0.3515108
-0.3458925
-0.3111781
-0.2756395
-0.2576122
-0.2545144
-0.2513134
-0.2385198
-0.2213529
-0.2120470
-0.2152116
-0.2229825
-0.2249189
-0.2201501
-0.2167163
-0.2193170
-0.2219676
-0.2161176
-0.2040012
-0.1985314
-0.2077091
-0.2228567
-0.2271771
-0.2155543
-0.2006756
-0.1967941
-0.2016031
-0.2003322
-0.1873526
-0.1761915
-0.1826863
-0.2019337
-0.2100806
-0.1911213
-0.1560518
-0.1304575
-0.1261882
-0.1318931
-0.1316878
-0.1253829
-0.1241373
-0.1298634
-0.1284671
-0.1075089
-0.0749776
-0.0532371
-0.0543216
-0.0669528
-0.0704940
-0.0574322
-0.0375710
-0.0223873
-0.0118792
0.0008456
0.0169180
0.0294288
0.0336426
0.0347326
0.0424147
0.0597071
0.0800498
0.0954440
0.1048028
0.1132544
0.1252859
0.1405428
0.1553718
0.1662967
0.1721676
0.1751665
0.1802998
0.1915611
0.2066961
0.2172261
0.2164297
0.2073593
0.2002872
0.2009678
0.2038164
0.1994320
0.1874434
0.1773405
0.1749569
0.1724636
0.1570517
0.1287508
0.1035850
0.0959144
0.1017327
0.1047481
0.0973452
0.0885503
0.0887452
0.0928637
0.0863211
0.0665978
0.0505604
0.0553699
0.0765471
0.0921610
0.0885237
0.0744414
0.0664238
0.0660776
0.0606324
0.0448678
0.0325861
0.0399517
0.0623608
0.0769365
0.0693349
0.0508638
0.0437750
0.0535888
0.0637654
0.0587876
0.0451062
0.0427277
0.0586074
0.0764551
0.0761730
0.0581867
0.0422670
0.0432522
0.0545178
0.0587361
0.0506533
0.0427815
0.0478596
0.0612803
0.0659268
0.0532058
0.0338911
0.0254937
0.0322182
0.0421028
0.0434491
0.0384977
0.0373766
0.0420005
0.0423693
0.0303482
0.0122955
0.0033051
0.0099992
0.0235594
0.0309312
0.0287163
0.0224345
0.0151774
0.0040075
-0.0105108
-0.0177101
-0.0069405
0.0165619
0.0329273
0.0282020
0.0096044
-0.0042155
-0.0055476
-0.0037649
-0.0083726
-0.0133821
-0.0054242
0.0151690
0.0303597
0.0253884
0.0078387
-0.0017046
0.0034235
0.0070951
-0.0073570
-0.0321274
-0.0406919
-0.0188399
0.0171195
0.0373244
0.0297310
0.0092810
-0.0027846
-0.0020262
-0.0000786
-0.0055659
-0.0127311
-0.0104528
0.0020486
0.0125456
0.0080876
-0.0123585
-0.0368712
-0.0498572
-0.0431011
-0.0214719
0.0002395
0.0083473
0.0011846
-0.0108210
-0.0171070
-0.0179147
-0.0209496
-0.0280882
-0.0304067
-0.0198763
-0.0029337
0.0040472
-0.0054856
-0.0184844
-0.0176044
-0.0038430
0.0035980
-0.0074205
-0.0229435
-0.0157902
0.0238744
0.0771566
0.1170848
0.1349355
0.1417086
0.1479499
0.1510344
0.1449134
0.1351522
0.1358284
0.1514428
0.1689033
0.1717166
0.1586107
0.1427250
0.1333098
0.1244913
0.1052601
0.0765816
0.0530213
0.0469856
0.0551255
0.0622644
0.0564949
0.0378221
0.0132778
-0.0122077
-0.0377552
-0.0617140
-0.0791534
-0.0858700
-0.0832178
-0.0771886
-0.0733463
-0.0740204
-0.0795097
-0.0890926
-0.0994085
-0.1037517
-0.0960192
-0.0762671
-0.0507314
-0.0248829
0.0026235
0.0374278
0.0826428
0.1404960
0.2249098
0.3670676
0.5941514
0.8901263
1.1777936
1.3521159
1.3462437
1.1740721
0.9114221
0.6363140
0.3853606
0.1598976
-0.0391413
-0.1931421
-0.2816802
-0.3070355
-0.2956928
-0.2765998
-0.2623371
-0.2508895
-0.2392628
-0.2302983
-0.2277158
-0.2294929
-0.2288102
-0.2209916
-0.2087476
-0.2007422
-0.2044956
-0.2190050
-0.2335822
-0.2357134
-0.2225370
-0.2046411
-0.1963142
-0.2011507
-0.2094642
-0.2115777
-0.2107501
-0.2180711
-0.2347415
-0.2458910
-0.2369843
-0.2133245
-0.1962896
-0.1987845
-0.2103411
-0.2114030
-0.1989956
-0.1904977
-0.1998520
-0.2166979
-0.2165815
-0.1910939
-0.1602983
-0.1509306
-0.1665151
-0.1853611
-0.1872355
-0.1749255
-0.1660036
-0.1684881
-0.1718293
-0.1621403
-0.1399917
-0.1187811
-0.1082972
-0.1055351
-0.1025353
-0.0979047
-0.0957273
-0.0950167
-0.0867173
-0.0642694
-0.0337785
-0.0093024
0.0014395
0.0031178
0.0043969
0.0078013
0.0110120
0.0155589
0.0285213
0.0532967
0.0819359
0.1010512
0.1056171
0.1035141
0.1047366
0.1091264
0.1084917
0.0996602
0.0903438
0.0896938
0.0961415
0.0983806
0.0877779
0.0666048
0.0436062
0.0247735
0.0108484
0.0016356
-0.0018251
-0.0008331
-0.0014136
-0.0092335
-0.0224672
-0.0332858
-0.0377502
-0.0410763
-0.0500859
-0.0624256
-0.0679792
-0.0619807
-0.0526295
-0.0520441
-0.0611956
-0.0683480
-0.0640266
-0.0540174
-0.0530928
-0.0660741
-0.0801445
-0.0796896
-0.0661545
-0.0572470
-0.0651338
-0.0809672
-0.0862387
-0.0771142
-0.0702279
-0.0813369
-0.1032555
-0.1117228
-0.0935511
-0.0631049
-0.0467298
-0.0539777
-0.0703635
-0.0786277
-0.0796299
-0.0864412
-0.1019594
-0.1118815
-0.1028714
-0.0812104
-0.0668537
-0.0706360
-0.0835487
-0.0899621
-0.0862244
-0.0818527
-0.0849974
-0.0928865
-0.0980200
-0.0985301
-0.0978035
-0.0966972
-0.0929064
-0.0891805
-0.0954559
-0.1170091
-0.1430866
-0.1542570
-0.1430400
-0.1228414
-0.1131094
-0.1183458
-0.1263084
-0.1262447
-0.1228280
-0.1278179
-0.1411448
-0.1477368
-0.1361972
-0.1158194
-0.1086407
-0.1245514
-0.1496235
-0.1617178
-0.1540133
-0.1390947
-0.1317779
-0.1335758
-0.1358655
-0.1336226
-0.1304613
-0.1305489
-0.1315621
-0.1298336
-0.1292344
-0.1379901
-0.1550409
-0.1657621
-0.1572612
-0.1359165
-0.1229123
-0.1303775
-0.1470875
-0.1522725
-0.1409060
-0.1291538
-0.1334500
-0.1495271
-0.1574775
-0.1462301
-0.1268386
-0.1186747
-0.1268327
-0.1388250
-0.1424382
-0.1400865
-0.1423500
-0.1518907
-0.1595112
-0.1557836
-0.1421431
-0.1288475
-0.1244939
-0.1293728
-0.1373029
-0.1412453
-0.1374098
-0.1269672
-0.1157248
-0.1104056
-0.1120663
-0.1128827
-0.1023336
-0.0781610
-0.0490293
-0.0242495
-0.0031295
0.0217130
0.0512989
0.0756540
0.0848356
0.0815026
0.0782510
0.0825212
0.0879656
0.0833391
0.0681390
0.0552100
0.0559032
0.0652640
0.0660177
0.0478327
0.0194648
-0.0002849
-0.0019585
0.0062704
0.0083130
-0.0047355
-0.0292416
-0.0555138
-0.0766860
-0.0913949
-0.1007632
-0.1060524
-0.1095790
-0.1146009
-0.1212218
-0.1237796
-0.1162664
-0.1010299
-0.0883833
-0.0850081
-0.0850803
-0.0765173
-0.0555282
-0.0309128
-0.0115607
0.0082777
0.0481251
0.1266830
0.2530700
0.4338585
0.6789236
0.9836884
1.2978029
1.5224518
1.5605202
1.3856667
1.0657301
0.7149006
0.4177863
0.1920294
0.0125199
-0.1396058
-0.2547238
-0.3130963
-0.3140749
-0.2820282
-0.2468039
-0.2234248
-0.2099901
-0.1993360
-0.1891057
-0.1826029
-0.1832969
-0.1893358
-0.1935160
-0.1899404
-0.1809242
-0.1750102
-0.1767234
-0.1805041
-0.1776736
-0.1686589
-0.1646046
-0.1744286
-0.1916251
-0.1977958
-0.1820335
-0.1553367
-0.1414765
-0.1518913
-0.1729205
-0.1810342
-0.1685304
-0.1499855
-0.1438028
-0.1519085
-0.1596329
-0.1530319
-0.1335656
-0.1158064
-0.1121599
-0.1208352
-0.1290524
-0.1270816
-0.1173294
-0.1093381
-0.1078994
-0.1077700
-0.0995868
-0.0802379
-0.0576540
-0.0446680
-0.0463011
-0.0533904
-0.0513917
-0.0358112
-0.0158691
-0.0019426
0.0067412
0.0187014
0.0368087
0.0528225
0.0567779
0.0501203
0.0472310
0.0623289
0.0947968
0.1290869
0.1498193
0.1549863
0.1533901
0.1529683
0.1557132
0.1616387
0.1718238
0.1864784
0.2035378
0.2200307
0.2324212
0.2360865
0.2284291
0.2138385
0.2025147
0.2016145
0.2077132
0.2094883
0.1993206
0.1825448
0.1725876
0.1740693
0.1738020
0.1554915
0.1231300
0.1006125
0.1037046
0.1202323
0.1257145
0.1136918
0.1010542
0.1036876
0.1154499
0.1161834
0.0979102
0.0774371
0.0786025
0.1028099
0.1245478
0.1213931
0.1015983
0.0914107
0.0990878
0.1063244
0.0973301
0.0814307
0.0786912
0.0930401
0.1088754
0.1095439
0.0934982
0.0755818
0.0736317
0.0880017
0.0957464
0.0758344
0.0397268
