-0.1454467
-0.1617632
-0.1663514
-0.1628559
-0.1609750
-0.1663102
-0.1739229
-0.1759345
-0.1738479
-0.1775012
-0.1902989
-0.2008771
-0.1946744
-0.1725870
-0.1530319
-0.1531706
-0.1705272
-0.1861685
-0.1850381
-0.1691439
-0.1494851
-0.1298512
-0.1046176
-0.0716544
-0.0396114
-0.0172905
-0.0000246
0.0255357
0.0620551
0.0935332
0.1016484
0.0873890
0.0707566
0.0683553
0.0761176
0.0774398
0.0652258
0.0502003
0.0465742
0.0544458
0.0604835
0.0540945
0.0383636
0.0246310
0.0203543
0.0245010
0.0317900
0.0374770
0.0384438
0.0331872
0.0222549
0.0070775
-0.0124329
-0.0369570
-0.0625219
-0.0781849
-0.0733575
-0.0492005
-0.0201831
-0.0015178
0.0040036
0.0041751
0.0038021
-0.0017472
-0.0168610
-0.0339869
-0.0381970
-0.0242934
-0.0043579
0.0050243
0.0001932
-0.0089608
-0.0141156
-0.0182871
-0.0282603
-0.0423511
-0.0519792
-0.0548467
-0.0598705
-0.0750066
-0.0940726
-0.1021565
-0.0945753
-0.0846532
-0.0887236
-0.1062747
-0.1199317
-0.1150945
-0.0952392
-0.0759368
-0.0671999
-0.0654056
-0.0610698
-0.0497591
-0.0338091
-0.0170369
-0.0015280
0.0116355
0.0226281
0.0346767
0.0518041
0.0718176
0.0836783
0.0761579
0.0500398
0.0191709
-0.0018673
-0.0094214
-0.0095496
-0.0085940
-0.0085751
-0.0102992
-0.0153830
-0.0227127
-0.0268655
-0.0248557
-0.0231367
-0.0321858
-0.0524098
-0.0707662
-0.0763602
-0.0761983
-0.0876477
-0.1138248
-0.1343847
-0.1278199
-0.0994478
-0.0778533
-0.0810981
-0.0942119
-0.0869557
-0.0496109
-0.0013042
0.0388200
0.0796340
0.1506039
0.2720781
0.4424430
0.6509307
0.8842548
1.1065753
1.2429714
1.2111652
0.9912891
0.6630956
0.3584323
0.1647729
0.0723472
0.0128879
-0.0586938
-0.1270810
-0.1524822
-0.1264564
-0.0825206
-0.0580883
-0.0590646
-0.0656008
-0.0634473
-0.0595533
-0.0675881
-0.0873742
-0.1047524
-0.1089588
-0.1039787
-0.1012931
-0.1054124
-0.1102347
-0.1087769
-0.1027704
-0.1005360
-0.1065250
-0.1151702
-0.1157588
-0.1025909
-0.0799361
-0.0578692
-0.0442584
-0.0404673
-0.0431007
-0.0482482
-0.0539023
-0.0597028
-0.0658860
-0.0726844
-0.0797983
-0.0859553
-0.0897938
-0.0920556
-0.0961707
-0.1047881
-0.1150049
-0.1186175
-0.1093210
-0.0900960
-0.0719721
-0.0641636
-0.0657947
-0.0684029
-0.0662250
-0.0620301
-0.0615557
-0.0637204
-0.0595402
-0.0423192
-0.0172839
0.0017411
0.0062479
0.0024338
0.0055926
0.0257533
0.0599712
0.0980164
0.1328119
0.1634047
0.1896853
0.2087778
0.2188940
0.2238182
0.2286952
0.2305253
0.2174184
0.1820005
0.1347763
0.0988855
0.0881076
0.0920468
0.0871404
0.0626740
0.0322276
0.0172224
0.0222493
0.0314132
0.0288402
0.0170243
0.0105942
0.0149713
0.0183949
0.0078336
-0.0121100
-0.0225133
-0.0125715
0.0066194
0.0143516
0.0038398
-0.0113842
-0.0148951
-0.0060827
0.0026135
0.0046321
0.0089125
0.0277624
0.0592519
0.0876702
0.1021904
0.1100827
0.1271935
0.1570281
0.1844244
0.1919416
0.1790427
0.1609236
0.1492453
0.1392024
0.1188378
0.0883500
0.0645479
0.0637796
0.0827578
0.0992628
0.0919697
0.0583660
0.0140320
-0.0226153
-0.0433503
-0.0508682
-0.0515347
-0.0499488
-0.0491025
-0.0525130
-0.0639236
-0.0843886
-0.1098930
-0.1324629
-0.1449688
-0.1463536
-0.1423304
-0.1395863
-0.1382731
-0.1310550
-0.1111645
-0.0813752
-0.0531345
-0.0354857
-0.0257900
-0.0132880
0.0079788
0.0315780
0.0451752
0.0434499
0.0325961
0.0221302
0.0147725
0.0062499
-0.0064853
-0.0202981
-0.0302384
-0.0362736
-0.0426663
-0.0510112
-0.0570992
-0.0566270
-0.0522466
-0.0518499
-0.0594313
-0.0702665
-0.0770761
-0.0793956
-0.0837709
-0.0942657
-0.1055790
-0.1076015
-0.0951727
-0.0705843
-0.0370637
0.0066173
0.0641235
0.1388320
0.2379516
0.3759586
0.5618429
0.7724453
0.9406609
0.9849693
0.8669717
0.6267079
0.3581128
0.1432030
0.0046678
-0.0837657
-0.1499310
-0.1931989
-0.1988234
-0.1705468
-0.1381027
-0.1306320
-0.1485575
-0.1666269
-0.1631627
-0.1417611
-0.1236440
-0.1235521
-0.1376731
-0.1537919
-0.1673068
-0.1833307
-0.2050425
-0.2250925
-0.2312389
-0.2190286
-0.1963193
-0.1749741
-0.1599690
-0.1478310
-0.1343495
-0.1211400
-0.1135564
-0.1136393
-0.1172330
-0.1184766
-0.1159225
-0.1133659
-0.1153120
-0.1227590
-0.1333098
-0.1439566
-0.1526218
-0.1574811
-0.1563599
-0.1478799
-0.1331729
-0.1160506
-0.1012470
-0.0919910
-0.0881989
-0.0862660
-0.0812812
-0.0709431
-0.0577882
-0.0465787
-0.0388352
-0.0310377
-0.0196617
-0.0072473
-0.0008054
-0.0028673
-0.0060661
0.0005603
0.0199328
0.0442942
0.0653012
0.0839569
0.1072078
0.1358011
0.1604326
0.1724944
0.1753190
0.1798855
0.1896023
0.1945025
0.1835694
0.1594622
0.1358141
0.1201142
0.1047509
0.0783753
0.0427498
0.0127303
-0.0009317
-0.0041117
-0.0120352
-0.0326241
-0.0609657
-0.0885632
-0.1123366
-0.1326680
-0.1477453
-0.1555141
-0.1599566
-0.1691005
-0.1839354
-0.1933706
-0.1851400
-0.1607488
-0.1345729
-0.1165964
-0.1004278
-0.0726227
-0.0318789
0.0066630
0.0278594
0.0329901
0.0358768
0.0448025
0.0538363
0.0536900
0.0466168
0.0454796
0.0582589
0.0776586
0.0884113
0.0830326
0.0678309
0.0540821
0.0463750
0.0409890
0.0334816
0.0245855
0.0178285
0.0134030
0.0067126
-0.0065994
-0.0252871
-0.0429564
-0.0534985
-0.0553985
-0.0511338
-0.0442128
-0.0383484
-0.0383506
-0.0479644
-0.0638301
-0.0728587
-0.0596917
-0.0183006
0.0472594
0.1370326
0.2662083
0.4510743
0.6754083
0.8738205
0.9616899
0.8948571
0.7050506
0.4750763
0.2765118
0.1287949
0.0125602
-0.0875953
-0.1608083
-0.1872344
-0.1679889
-0.1313138
-0.1097289
-0.1142965
-0.1309392
-0.1382937
-0.1275304
-0.1076553
-0.0954842
-0.1011758
-0.1210727
-0.1422638
-0.1535995
-0.1528375
-0.1442668
-0.1318138
-0.1171518
-0.1042500
-0.1013424
-0.1138835
-0.1360158
-0.1536894
-0.1590104
-0.1589647
-0.1662301
-0.1824204
-0.1952904
-0.1941829
-0.1835476
-0.1759825
-0.1736085
-0.1635399
-0.1355408
-0.0996161
-0.0790668
-0.0852890
-0.1049249
-0.1154607
-0.1099619
-0.1008608
-0.1000961
-0.1025757
-0.0939276
-0.0709605
-0.0471611
-0.0361027
-0.0349127
-0.0295557
-0.0147208
-0.0016698
-0.0028611
-0.0126777
-0.0099400
0.0186124
0.0612955
0.0919049
0.0965096
0.0863904
0.0833268
0.0952841
0.1101130
0.1121503
0.1000668
0.0853458
0.0761484
0.0686589
0.0564697
0.0441007
0.0450525
0.0650579
0.0912603
0.1020112
0.0871289
0.0558741
0.0249446
0.0021483
-0.0157539
-0.0321774
-0.0438735
-0.0474538
-0.0488156
-0.0600718
-0.0853095
-0.1127443
-0.1246958
-0.1152989
-0.0960312
-0.0833418
-0.0831382
-0.0887422
-0.0914979
-0.0893815
-0.0849938
-0.0797608
-0.0744424
-0.0738146
-0.0845823
-0.1046730
-0.1176603
-0.1048321
-0.0664597
-0.0281924
-0.0208035
-0.0510040
-0.0934855
-0.1132249
-0.0952555
-0.0526509
-0.0087524
0.0236320
0.0450410
0.0576556
0.0582512
0.0445826
0.0239961
0.0101444
0.0102056
0.0180833
0.0217680
0.0156787
0.0038365
-0.0077257
-0.0180660
-0.0294135
-0.0406904
-0.0465877
-0.0440910
-0.0379957
-0.0378998
-0.0495959
-0.0702752
-0.0920727
-0.1090655
-0.1202053
-0.1267443
-0.1291701
-0.1280119
-0.1268740
-0.1324689
-0.1496017
-0.1753686
-0.1989878
-0.2087571
-0.2004264
-0.1794942
-0.1558587
-0.1366939
-0.1242757
-0.1189770
-0.1215667
-0.1306399
-0.1384787
-0.1325831
-0.1047728
-0.0602951
-0.0167287
0.0088012
0.0133413
0.0093790
0.0117777
0.0235878
0.0361757
0.0438474
0.0556864
0.0889301
0.1507208
0.2332033
0.3343382
0.4815644
0.7196864
1.0570673
1.4180462
1.6612692
1.6670033
1.4234665
1.0335235
0.6356932
0.3139027
0.0737494
-0.1112285
-0.2475994
-0.3191862
-0.3221729
-0.2858432
-0.2526163
-0.2436279
-0.2497305
-0.2525823
-0.2461292
-0.2358199
-0.2249200
-0.2101572
-0.1904403
-0.1727258
-0.1651289
-0.1672844
-0.1718797
-0.1745247
-0.1770739
-0.1799062
-0.1761023
-0.1588088
-0.1334128
-0.1163687
-0.1183656
-0.1312508
-0.1359237
-0.1231608
-0.1029511
-0.0918928
-0.0949626
-0.1035326
-0.1095727
-0.1156228
-0.1274222
-0.1404274
-0.1402739
-0.1189623
-0.0871336
-0.0660950
-0.0673023
-0.0820184
-0.0920644
-0.0889330
-0.0805399
-0.0798440
-0.0889880
-0.0958946
-0.0862805
-0.0585624
-0.0266912
-0.0076628
-0.0053177
-0.0065347
0.0052687
0.0321880
0.0586412
0.0678204
0.0607242
0.0560054
0.0695033
0.0961992
0.1156204
0.1146353
0.1009664
0.0920257
0.0934525
0.0934901
0.0789809
0.0522396
0.0282273
0.0168256
0.0128830
0.0054166
-0.0072562
-0.0161159
-0.0147503
-0.0093855
-0.0121976
-0.0259250
-0.0389765
-0.0376427
-0.0214171
-0.0035828
0.0036164
0.0020154
0.0036585
0.0145450
0.0252447
0.0203132
-0.0032241
-0.0295206
-0.0382989
-0.0252895
-0.0064963
-0.0016075
-0.0149123
-0.0341576
-0.0466320
-0.0524058
-0.0597281
-0.0702362
-0.0739877
-0.0615475
-0.0384942
-0.0237059
-0.0315989
-0.0575126
-0.0822386
-0.0904163
-0.0829226
-0.0713786
-0.0631293
-0.0543345
-0.0378271
-0.0149215
0.0035727
0.0085938
0.0032016
-0.0001326
0.0075098
0.0226854
0.0341912
0.0349118
0.0273491
0.0180783
0.0097535
0.0006487
-0.0096075
-0.0177720
-0.0220835
-0.0270740
-0.0397092
-0.0603167
-0.0800951
-0.0895912
-0.0884179
-0.0844735
-0.0841412
-0.0861231
-0.0860918
-0.0848500
-0.0885239
-0.1004601
-0.1155509
-0.1242994
-0.1215883
-0.1103284
-0.0976840
-0.0897571
-0.0893667
-0.0956728
-0.1038305
-0.1067700
-0.1005217
-0.0882846
-0.0771075
-0.0697769
-0.0622832
-0.0511825
-0.0411524
-0.0407371
-0.0496705
-0.0548421
-0.0434487
-0.0193144
-0.0012482
-0.0028248
-0.0168792
-0.0238636
-0.0142127
0.0028380
0.0147292
0.0258073
0.0579581
0.1336795
0.2651578
0.4597367
0.7226695
1.0367262
1.3342765
1.5053144
1.4589631
1.1948828
0.8152026
0.4566617
0.2006649
0.0409123
-0.0718107
-0.1645217
-0.2238039
-0.2309076
-0.1986456
-0.1661670
-0.1626614
-0.1843015
-0.2065355
-0.2114618
-0.1994619
-0.1801880
-0.1613497
-0.1478922
-0.1451351
-0.1561666
-0.1769420
-0.1987328
-0.2166807
-0.2325984
-0.2473216
-0.2536070
-0.2416800
-0.2126286
-0.1822575
-0.1677643
-0.1705552
-0.1744222
-0.1615395
-0.1293938
-0.0919715
-0.0661764
-0.0584127
-0.0628461
-0.0694118
-0.0719253
-0.0700261
-0.0659647
-0.0606467
-0.0522925
-0.0385729
-0.0204063
-0.0034700
0.0055266
0.0054633
0.0032565
0.0079072
0.0213235
0.0362784
0.0447736
0.0475278
0.0528336
0.0653554
0.0784383
0.0804669
0.0690677
0.0565116
0.0588843
0.0800956
0.1077774
0.1248728
0.1241729
0.1117549
0.0986810
0.0916894
0.0913451
0.0959519
0.1044428
0.1154300
0.1253370
0.1290666
0.1230649
0.1080999
0.0894967
0.0742925
0.0666019
0.0642979
0.0603747
0.0490216
0.0314134
0.0152703
0.0079503
0.0096914
0.0136497
0.0122021
0.0028312
-0.0115050
-0.0262007
-0.0383905
-0.0476435
-0.0550366
-0.0618749
-0.0682388
-0.0722809
-0.0720030
-0.0686381
-0.0670581
-0.0704500
-0.0741290
-0.0672270
-0.0434847
-0.0104755
0.0143529
0.0186814
0.0060397
-0.0090645
-0.0154251
-0.0125989
-0.0049642
0.0072248
0.0266889
0.0496282
0.0624991
0.0531560
0.0257557
0.0013616
0.0004760
0.0240501
0.0524312
0.0635023
0.0519018
0.0311317
0.0184070
0.0185030
0.0216704
0.0153672
-0.0032688
-0.0260138
-0.0430565
-0.0530630
-0.0639484
-0.0840059
-0.1123847
-0.1385840
-0.1519197
-0.1518226
-0.1483953
-0.1521373
-0.1630476
-0.1703841
-0.1633682
-0.1415981
-0.1145753
-0.0918230
-0.0748828
-0.0592386
-0.0424719
-0.0285894
-0.0239790
-0.0302116
-0.0416164
-0.0496017
-0.0489870
-0.0408543
-0.0304693
-0.0227335
-0.0189025
-0.0170958
-0.0159450
-0.0172554
-0.0237426
-0.0335776
-0.0390447
-0.0336140
-0.0210323
-0.0145940
-0.0242826
-0.0449348
-0.0601262
-0.0591742
-0.0482874
-0.0428767
-0.0505701
-0.0655134
-0.0795329
-0.0938185
-0.1147864
-0.1399654
-0.1545173
-0.1458909
-0.1196519
-0.0961081
-0.0903279
-0.0984284
-0.1049593
-0.1007419
-0.0899116
-0.0806810
-0.0742585
-0.0655690
-0.0521653
-0.0383282
-0.0301954
-0.0298694
-0.0353128
-0.0430902
-0.0485883
-0.0455057
-0.0295938
-0.0041621
0.0213035
0.0408207
0.0593479
0.0895125
0.1445167
0.2394645
0.3966031
0.6339301
0.9318005
1.2090173
1.3496201
1.2772208
1.0161211
0.6776914
0.3792612
0.1702829
0.0301969
-0.0753693
-0.1501307
-0.1780900
-0.1620831
-0.1337913
-0.1230695
-0.1288752
-0.1293627
-0.1156468
-0.1043479
-0.1147977
-0.1435951
-0.1698498
-0.1814150
-0.1857143
-0.1928467
-0.1976683
-0.1873362
-0.1633104
-0.1453600
-0.1496516
-0.1692607
-0.1831910
-0.1821508
-0.1774117
-0.1824056
-0.1930823
-0.1934884
-0.1781073
-0.1601923
-0.1551424
-0.1618871
-0.1670943
-0.1651730
-0.1655382
-0.1767007
-0.1895702
-0.1848939
-0.1576420
-0.1268577
-0.1161008
-0.1268265
-0.1370590
-0.1270134
-0.1003180
-0.0756701
-0.0610970
-0.0443279
-0.0114529
0.0306664
0.0582478
0.0577244
0.0431428
0.0417644
0.0645970
0.0969157
0.1188584
0.1292921
0.1435021
0.1695185
0.1950131
0.2021909
0.1911697
0.1809527
0.1860114
0.1981430
0.1966119
0.1734294
0.1418939
0.1189228
0.1052756
0.0888461
0.0646861
0.0437646
0.0387423
0.0463918
0.0505446
0.0416169
0.0267814
0.0179680
0.0148213
0.0060481
-0.0129021
-0.0305274
-0.0322297
-0.0194453
-0.0096702
-0.0162960
-0.0333426
-0.0441811
-0.0427950
-0.0403411
-0.0489521
-0.0641906
-0.0695571
-0.0582122
-0.0442984
-0.0480903
-0.0716185
-0.0943155
-0.0950709
-0.0754701
-0.0572526
-0.0574534
-0.0706560
-0.0782651
-0.0718935
-0.0619845
-0.0623977
-0.0716132
-0.0742682
-0.0602311
-0.0366430
-0.0184756
-0.0109111
-0.0060466
0.0037578
0.0152989
0.0206992
0.0202688
0.0228751
0.0328343
0.0422552
0.0409900
0.0314287
0.0269402
0.0339981
0.0411759
0.0311146
0.0018971
-0.0291624
-0.0447805
-0.0462533
-0.0486086
-0.0597861
-0.0712027
-0.0711531
-0.0621350
-0.0583856
-0.0666838
-0.0762207
-0.0719110
-0.0546499
-0.0420749
-0.0477483
-0.0643907
-0.0723787
-0.0634606
-0.0507507
-0.0530233
-0.0727637
-0.0944223
-0.1039050
-0.1045561
-0.1103097
-0.1256080
-0.1378035
-0.1316072
-0.1075440
-0.0816854
-0.0673300
-0.0612090
-0.0503523
-0.0299305
-0.0097081
-0.0020907
-0.0076349
-0.0156067
-0.0172042
-0.0140660
-0.0129744
-0.0162657
-0.0212378
-0.0273656
-0.0388912
