-0.0513173
-0.0568338
-0.0639282
-0.0658312
-0.0617607
-0.0563555
-0.0531736
-0.0516514
-0.0516258
-0.0579905
-0.0766074
-0.1046063
-0.1280517
-0.1330456
-0.1195824
-0.1020496
-0.0945763
-0.0970524
-0.0971201
-0.0851063
-0.0645870
-0.0474878
-0.0408484
-0.0407879
-0.0392400
-0.0340092
-0.0301712
-0.0321607
-0.0367904
-0.0358189
-0.0254083
-0.0117943
-0.0062561
-0.0139173
-0.0280968
-0.0368927
-0.0357580
-0.0324842
-0.0383497
-0.0546301
-0.0698572
-0.0716325
-0.0598295
-0.0461187
-0.0410775
-0.0449188
-0.0524016
-0.0636373
-0.0848400
-0.1170133
-0.1480554
-0.1611793
-0.1519870
-0.1340196
-0.1249110
-0.1279929
-0.1296717
-0.1146941
-0.0817317
-0.0431843
-0.0119914
0.0088232
0.0248886
0.0442041
0.0771174
0.1421616
0.2644518
0.4568505
0.6938844
0.9044313
1.0009045
0.9318132
0.7183930
0.4429250
0.1953747
0.0213968
-0.0876023
-0.1619008
-0.2161003
-0.2425428
-0.2336713
-0.2013336
-0.1699748
-0.1544594
-0.1503542
-0.1463909
-0.1406647
-0.1396119
-0.1434915
-0.1408286
-0.1222021
-0.0964151
-0.0857409
-0.1019312
-0.1304954
-0.1436230
-0.1285971
-0.0994629
-0.0794218
-0.0761611
-0.0791735
-0.0791499
-0.0820404
-0.0991582
-0.1275407
-0.1484221
-0.1480575
-0.1350142
-0.1311823
-0.1468376
-0.1704633
-0.1850797
-0.1890472
-0.1945588
-0.2071593
-0.2148092
-0.2022071
-0.1722464
-0.1460772
-0.1401182
-0.1479237
-0.1490499
-0.1333153
-0.1101390
-0.0925515
-0.0782390
-0.0534488
-0.0151229
0.0185898
0.0260859
0.0089179
-0.0055302
0.0092399
0.0525289
0.1001723
0.1323107
0.1515702
0.1718151
0.1949167
0.2069069
0.1983314
0.1809232
0.1763803
0.1891776
0.1976968
0.1768665
0.1265808
0.0723786
0.0382093
0.0240113
0.0130063
-0.0036848
-0.0171380
-0.0163528
-0.0072230
-0.0091417
-0.0330069
-0.0679802
-0.0929871
-0.0986375
-0.0942238
-0.0942142
-0.1023587
-0.1109493
-0.1125104
-0.1080687
-0.1036215
-0.1012291
-0.0946578
-0.0710100
-0.0132484
0.0980333
0.2790124
0.5302890
0.8239288
1.1019227
1.2931885
1.3437538
1.2440453
1.0358663
0.7919401
0.5785532
0.4251965
0.3213279
0.2391774
0.1606471
0.0861441
0.0236396
-0.0247503
-0.0635416
-0.0951574
-0.1161190
-0.1240590
-0.1255234
-0.1324626
-0.1500532
-0.1707678
-0.1828570
-0.1836142
-0.1816191
-0.1856960
-0.1945799
-0.1999783
-0.1987551
-0.1984974
-0.2087451
-0.2279392
-0.2423327
-0.2399464
-0.2249385
-0.2159634
-0.2289135
-0.2614686
-0.2952761
-0.3131808
-0.3137136
-0.3088332
-0.3087577
-0.3105323
-0.3019880
-0.2760929
-0.2401973
-0.2109331
-0.2009051
-0.2106870
-0.2319433
-0.2552557
-0.2738877
-0.2829371
-0.2796113
-0.2664764
-0.2521613
-0.2450325
-0.2449660
-0.2434962
-0.2340968
-0.2209502
-0.2142058
-0.2158144
-0.2136174
-0.1934776
-0.1570645
-0.1237946
-0.1125785
-0.1228857
-0.1361197
-0.1351963
-0.1201120
-0.1034823
-0.0937683
-0.0865224
-0.0721510
-0.0488462
-0.0253221
-0.0119390
-0.0115728
-0.0190503
-0.0269896
-0.0310822
-0.0316747
-0.0323742
-0.0363935
-0.0420861
-0.0421428
-0.0299077
-0.0082506
0.0095953
0.0114124
-0.0006133
-0.0098834
-0.0011967
0.0233696
0.0462304
0.0530651
0.0493090
0.0577062
0.1013287
0.1916444
0.3331893
0.5345996
0.8053234
1.1316442
1.4521905
1.6645172
1.6738886
1.4558526
1.0819758
0.6807908
0.3599553
0.1513782
0.0207389
-0.0768061
-0.1528098
-0.1916282
-0.1878207
-0.1655999
-0.1581594
-0.1746232
-0.1953253
-0.1991749
-0.1880084
-0.1798088
-0.1835423
-0.1895721
-0.1860555
-0.1769608
-0.1769494
-0.1906656
-0.2049464
-0.2049460
-0.1933392
-0.1877128
-0.1995650
-0.2213201
-0.2361421
-0.2361295
-0.2264143
-0.2138822
-0.1987497
-0.1796545
-0.1619981
-0.1554100
-0.1631115
-0.1780371
-0.1909628
-0.1993519
-0.2057141
-0.2099318
-0.2082066
-0.2003611
-0.1934750
-0.1941012
-0.1985308
-0.1957492
-0.1814782
-0.1653811
-0.1605619
-0.1671238
-0.1701452
-0.1553077
-0.1242166
-0.0922807
-0.0725612
-0.0638861
-0.0547225
-0.0362394
-0.0098345
0.0169911
0.0394225
0.0587042
0.0778044
0.0953737
0.1048411
0.1000200
0.0823769
0.0626076
0.0529584
0.0556881
0.0593375
0.0489512
0.0216989
-0.0085447
-0.0237913
-0.0190660
-0.0057683
0.0020778
0.0029537
0.0072469
0.0219100
0.0384861
0.0391977
0.0154958
-0.0208708
-0.0466054
-0.0469536
-0.0272406
-0.0051375
0.0079090
0.0177256
0.0409364
0.0893138
0.1634747
0.2642397
0.4074503
0.6180788
0.8983789
1.1971681
1.4168889
1.4649219
1.3122288
1.0110501
0.6585703
0.3405010
0.0999077
-0.0558344
-0.1342355
-0.1495525
-0.1265039
-0.0972715
-0.0858859
-0.0955214
-0.1134445
-0.1273338
-0.1345957
-0.1380009
-0.1385997
-0.1368412
-0.1377246
-0.1486473
-0.1698557
-0.1905668
-0.1986997
-0.1938618
-0.1868797
-0.1853940
-0.1835649
-0.1696798
-0.1428967
-0.1183481
-0.1136180
-0.1315935
-0.1583055
-0.1768712
-0.1817035
-0.1790811
-0.1763231
-0.1730836
-0.1636261
-0.1457745
-0.1257801
-0.1140851
-0.1166529
-0.1299002
-0.1430823
-0.1459255
-0.1359318
-0.1201204
-0.1096887
-0.1113447
-0.1219479
-0.1307745
-0.1278788
-0.1121162
-0.0920272
-0.0780566
-0.0726722
-0.0684053
-0.0567484
-0.0385596
-0.0234847
-0.0179943
-0.0159496
-0.0039616
0.0236324
0.0579201
0.0854772
0.1031080
0.1182697
0.1342617
0.1406016
0.1244663
0.0911837
0.0661346
0.0707739
0.0989087
0.1224546
0.1216605
0.1046970
0.0937391
0.0951860
0.0909314
0.0618417
0.0149180
-0.0197574
-0.0203241
0.0033038
0.0207621
0.0136707
-0.0081709
-0.0231464
-0.0244912
-0.0252176
-0.0376178
-0.0542955
-0.0546554
-0.0294357
0.0060772
0.0265013
0.0223838
0.0081147
0.0035346
0.0118760
0.0197554
0.0172325
0.0121996
0.0223476
0.0570306
0.1135304
0.1924555
0.3100184
0.4848107
0.7061002
0.9167751
1.0355182
1.0059797
0.8336258
0.5811642
0.3290744
0.1334576
0.0089407
-0.0598613
-0.0951712
-0.1107398
-0.1117919
-0.1030610
-0.0929587
-0.0894560
-0.0938227
-0.1004579
-0.1034522
-0.1028034
-0.1039090
-0.1115017
-0.1248429
-0.1387852
-0.1483961
-0.1516853
-0.1489675
-0.1421091
-0.1352001
-0.1334438
-0.1383838
-0.1445174
-0.1435886
-0.1337751
-0.1230392
-0.1214229
-0.1306215
-0.1433327
-0.1532334
-0.1628651
-0.1787074
-0.1991242
-0.2115030
-0.2047622
-0.1833538
-0.1647298
-0.1614530
-0.1684423
-0.1701098
-0.1580899
-0.1383488
-0.1209132
-0.1067521
-0.0880352
-0.0600171
-0.0288209
-0.0058154
0.0037024
0.0038863
0.0014756
-0.0010154
-0.0040749
-0.0062653
-0.0042192
0.0025678
0.0099780
0.0137436
0.0141082
0.0145342
0.0167007
0.0186104
0.0179571
0.0161865
0.0181292
0.0271898
0.0407123
0.0501205
0.0464621
0.0276078
0.0015827
-0.0175752
-0.0198953
-0.0080206
0.0043565
0.0046583
-0.0069647
-0.0190328
-0.0218863
-0.0174863
-0.0146805
-0.0165237
-0.0156462
-0.0031470
0.0201475
0.0435361
0.0572145
0.0612937
0.0633464
0.0685614
0.0744431
0.0751569
0.0685893
0.0572669
0.0437012
0.0277857
0.0095669
-0.0074989
-0.0181112
-0.0199731
-0.0162042
-0.0127937
-0.0141519
-0.0212553
-0.0332549
-0.0492212
-0.0670892
-0.0818229
-0.0875870
-0.0839053
-0.0786330
-0.0819100
-0.0957852
-0.1110491
-0.1160298
-0.1085878
-0.0981632
-0.0952334
-0.0996481
-0.1010167
-0.0907843
-0.0718287
-0.0541643
-0.0422430
-0.0296649
-0.0076696
0.0232841
0.0526761
0.0701541
0.0748352
0.0742956
0.0758951
0.0801679
0.0821680
0.0778294
0.0680246
0.0567049
0.0463276
0.0359282
0.0231899
0.0075195
-0.0088485
-0.0221580
-0.0297057
-0.0320893
-0.0334434
-0.0391214
-0.0523768
-0.0722308
-0.0935230
-0.1093456
-0.1156169
-0.1152666
-0.1173636
-0.1297104
-0.1508377
-0.1699273
-0.1759793
-0.1676373
-0.1536238
-0.1429982
-0.1353585
-0.1220359
-0.0976873
-0.0690154
-0.0491778
-0.0430606
-0.0406589
-0.0270985
0.0020736
0.0379984
0.0705429
0.1005883
0.1397214
0.2014472
0.2970786
0.4383148
0.6328817
0.8647438
1.0760400
1.1811502
1.1176914
0.8957182
0.5968679
0.3188381
0.1137984
-0.0262895
-0.1333790
-0.2203354
-0.2737473
-0.2810173
-0.2547373
-0.2263028
-0.2185381
-0.2289951
-0.2397614
-0.2391137
-0.2311478
-0.2273225
-0.2333073
-0.2449511
-0.2541825
-0.2564519
-0.2528403
-0.2467519
-0.2398061
-0.2309967
-0.2189634
-0.2041210
-0.1885450
-0.1745485
-0.1636436
-0.1562196
-0.1515838
-0.1483169
-0.1448199
-0.1398989
-0.1336420
-0.1281836
-0.1266126
-0.1297187
-0.1340907
-0.1350394
-0.1318285
-0.1286517
-0.1294730
-0.1326921
-0.1321241
-0.1233588
-0.1084646
-0.0940481
-0.0851055
-0.0816106
-0.0811493
-0.0830520
-0.0875775
-0.0913632
-0.0873147
-0.0720092
-0.0520792
-0.0397755
-0.0407250
-0.0475736
-0.0473490
-0.0347141
-0.0164717
-0.0025937
0.0055679
0.0158954
0.0342144
0.0552422
0.0677336
0.0679765
0.0646956
0.0688534
0.0804817
0.0878068
0.0789324
0.0528971
0.0196783
-0.0086482
-0.0259218
-0.0329343
-0.0335143
-0.0312933
-0.0293351
-0.0302470
-0.0349733
-0.0420511
-0.0489927
-0.0539440
-0.0555697
-0.0529064
-0.0473848
-0.0444325
-0.0502184
-0.0649117
-0.0797534
-0.0826146
-0.0681629
-0.0436436
-0.0244102
-0.0220019
-0.0348469
-0.0503830
-0.0568351
-0.0529972
-0.0464845
-0.0433871
-0.0412083
-0.0328361
-0.0169438
-0.0026281
-0.0015370
-0.0149153
-0.0307040
-0.0357934
-0.0300551
-0.0252103
-0.0299627
-0.0403823
-0.0474450
-0.0507439
-0.0592566
-0.0775294
-0.0957167
-0.0983297
-0.0830591
-0.0665443
-0.0677342
-0.0867614
-0.1045924
-0.1047602
-0.0914772
-0.0827083
-0.0876141
-0.0961603
-0.0924070
-0.0742077
-0.0559916
-0.0523670
-0.0616891
-0.0673476
-0.0544532
-0.0236297
0.0118322
0.0407187
0.0650208
0.0997337
0.1668819
0.2899242
0.4852246
0.7460476
1.0272567
1.2492183
1.3302568
1.2324143
0.9876329
0.6807510
0.3990448
0.1870493
0.0402828
-0.0651949
-0.1415776
-0.1848121
-0.1925733
-0.1785855
-0.1664014
-0.1709840
-0.1890557
-0.2077310
-0.2199942
-0.2291123
-0.2392347
-0.2470063
-0.2462070
-0.2383521
-0.2333563
-0.2379388
-0.2464473
-0.2463282
-0.2324321
-0.2137293
-0.2047692
-0.2111680
-0.2244475
-0.2305847
-0.2217470
-0.1993501
-0.1691028
-0.1371949
-0.1103859
-0.0939633
-0.0860523
-0.0769970
-0.0592321
-0.0378110
-0.0271491
-0.0350678
-0.0519102
-0.0584350
-0.0451875
-0.0223628
-0.0089275
-0.0127728
-0.0238506
-0.0270620
-0.0188095
-0.0084389
-0.0054932
-0.0096123
-0.0134656
-0.0123572
-0.0087862
-0.0085974
-0.0141366
-0.0211909
-0.0224429
-0.0143284
-0.0004446
0.0123843
0.0211726
0.0289394
0.0396639
0.0521675
0.0603371
0.0600623
0.0552514
0.0548830
0.0626069
0.0708301
0.0682016
0.0529937
0.0355949
0.0261654
0.0231398
0.0175287
0.0069911
0.0006798
0.0079311
0.0248314
0.0361452
0.0319545
0.0198611
0.0169677
0.0292833
0.0428799
0.0386620
0.0138299
-0.0156370
-0.0334641
-0.0390116
-0.0426209
-0.0496553
-0.0550478
-0.0537455
-0.0507079
-0.0551847
-0.0659192
-0.0683185
-0.0510725
-0.0228713
-0.0056029
-0.0091164
-0.0188453
-0.0135911
0.0081823
0.0270044
0.0271071
0.0148988
0.0084081
0.0131291
0.0161992
0.0057780
-0.0106406
-0.0140588
0.0011672
0.0180049
0.0165219
-0.0018986
-0.0171003
-0.0155264
-0.0049943
-0.0013467
-0.0072514
-0.0111882
-0.0051570
0.0042060
0.0046753
-0.0062387
-0.0200757
-0.0305968
-0.0424913
-0.0630175
-0.0874958
-0.0994477
-0.0876966
-0.0593785
-0.0319375
-0.0143064
-0.0006688
0.0176332
0.0393759
0.0553298
0.0598387
0.0565712
0.0525378
0.0493810
0.0433304
0.0333712
0.0256293
0.0262230
0.0313758
0.0298052
0.0165078
-0.0003246
-0.0098452
-0.0130276
-0.0211531
-0.0396273
-0.0584213
-0.0625000
-0.0503138
-0.0374888
-0.0398143
-0.0550997
-0.0665054
-0.0640597
-0.0569242
-0.0598687
-0.0719924
-0.0770524
-0.0652205
-0.0462052
-0.0356792
-0.0336976
-0.0241503
0.0044362
0.0442852
0.0787628
0.1045386
0.1382156
0.2010388
0.3031184
0.4452823
0.6261353
0.8304260
1.0064718
1.0728109
0.9714225
0.7239429
0.4277896
0.1862473
0.0375839
-0.0505616
-0.1250069
-0.1939359
-0.2297815
-0.2145506
-0.1695080
-0.1359349
-0.1340398
-0.1494279
-0.1578713
-0.1534090
-0.1484302
-0.1537553
-0.1666425
-0.1768906
-0.1781329
-0.1710384
-0.1590295
-0.1444892
-0.1292485
-0.1161152
-0.1071628
-0.1004848
-0.0914209
-0.0785758
-0.0663883
-0.0595003
-0.0566060
-0.0529471
-0.0475378
-0.0443056
-0.0463011
-0.0519908
-0.0577171
-0.0612677
-0.0623427
-0.0615172
-0.0597870
-0.0582679
-0.0576876
-0.0579947
-0.0579642
-0.0555063
-0.0497346
-0.0424908
-0.0357632
-0.0278076
-0.0150526
0.0012616
0.0138934
0.0174632
0.0153628
0.0166348
0.0274292
0.0470690
0.0707810
0.0941295
0.1152756
0.1343404
0.1512688
0.1653968
0.1777608
0.1915523
0.2073099
0.2189152
0.2184083
0.2054971
0.1894254
0.1803255
0.1802293
0.1826149
0.1790589
0.1662975
0.1480621
0.1299397
0.1125670
0.0922406
0.0688995
0.0491662
0.0377223
0.0287351
0.0113447
-0.0164733
-0.0439221
-0.0588468
-0.0610995
-0.0627084
-0.0744063
-0.0925576
-0.1017895
-0.0927846
-0.0749738
-0.0663736
-0.0711788
-0.0738128
-0.0576444
-0.0242133
0.0101850
0.0331693
0.0462403
0.0569481
0.0657316
0.0637003
0.0442586
0.0151389
-0.0054813
-0.0070197
0.0032918
0.0119977
0.0167598
0.0250029
0.0375423
0.0432816
0.0337310
0.0165184
0.0085546
0.0167305
0.0292380
0.0281873
0.0104202
-0.0075851
-0.0091137
0.0011053
0.0021159
-0.0156832
-0.0376991
-0.0454198
-0.0413204
-0.0438212
-0.0610746
-0.0805316
-0.0867877
-0.0825217
-0.0856702
-0.1059334
-0.1282123
-0.1249192
-0.0870444
-0.0378027
-0.0090632
-0.0075589
-0.0129950
-0.0076639
0.0039724
0.0083633
0.0044626
0.0037290
0.0128898
0.0240596
0.0230963
0.0061117
-0.0136784
-0.0187879
-0.0086641
-0.0026629
-0.0170375
-0.0445957
-0.0648702
-0.0699782
-0.0706722
-0.0785158
-0.0914811
-0.0981499
-0.0900771
-0.0698052
-0.0504371
-0.0452258
-0.0542875
-0.0651464
-0.0686811
-0.0679561
-0.0680259
-0.0660999
-0.0581201
-0.0468795
-0.0365674
-0.0264190
-0.0157211
-0.0072429
-0.0002102
0.0113050
0.0274630
0.0392824
0.0411235
0.0369165
0.0302428
0.0194631
0.0060310
-0.0047809
-0.0139008
-0.0253848
-0.0327200
-0.0256427
-0.0115641
-0.0098190
-0.0227950
-0.0350540
-0.0419096
-0.0519676
-0.0601026
-0.0515075
-0.0380037
-0.0508767
-0.0845334
-0.0897076
-0.0457801
