0.0768841
0.0450322
-0.0047637
-0.0593484
-0.0992970
-0.1212013
-0.1350367
-0.1471896
-0.1549035
-0.1573304
-0.1630819
-0.1798840
-0.2000615
-0.2051980
-0.1884453
-0.1665869
-0.1639195
-0.1857989
-0.2140898
-0.2292812
-0.2302695
-0.2276797
-0.2233415
-0.2069739
-0.1757837
-0.1483609
-0.1492945
-0.1804959
-0.2160852
-0.2298590
-0.2227967
-0.2173867
-0.2272763
-0.2409277
-0.2382478
-0.2166485
-0.1930847
-0.1819977
-0.1798362
-0.1752151
-0.1679754
-0.1695240
-0.1841798
-0.1983161
-0.1940230
-0.1708684
-0.1477524
-0.1419970
-0.1512931
-0.1593527
-0.1558168
-0.1449909
-0.1352344
-0.1263308
-0.1122704
-0.0936385
-0.0801205
-0.0779531
-0.0792248
-0.0690031
-0.0428316
-0.0123988
0.0085866
0.0209275
0.0379440
0.0673249
0.0997609
0.1189217
0.1207216
0.1184796
0.1281251
0.1513121
0.1751534
0.1862908
0.1816850
0.1662769
0.1452743
0.1226127
0.1046272
0.0987471
0.1045362
0.1079473
0.0896747
0.0429059
-0.0170143
-0.0625609
-0.0760493
-0.0637715
-0.0492836
-0.0520707
-0.0711054
-0.0881497
-0.0871827
-0.0708053
-0.0571309
-0.0603533
-0.0756694
-0.0851205
-0.0779446
-0.0623941
-0.0556260
-0.0638809
-0.0763865
-0.0794754
-0.0729530
-0.0688257
-0.0750005
-0.0849810
-0.0862224
-0.0760776
-0.0652932
-0.0652061
-0.0748271
-0.0831129
-0.0825058
-0.0769038
-0.0754231
-0.0807890
-0.0865165
-0.0854531
-0.0789038
-0.0756381
-0.0820767
-0.0947566
-0.1034765
-0.1019032
-0.0943200
-0.0911114
-0.0975952
-0.1083138
-0.1132973
-0.1094084
-0.1035602
-0.1036415
-0.1079742
-0.1069442
-0.0959623
-0.0837079
-0.0836316
-0.0973029
-0.1103060
-0.1077626
-0.0919083
-0.0796164
-0.0815502
-0.0885710
-0.0838200
-0.0669178
-0.0593143
-0.0810081
-0.1247768
-0.1598494
-0.1630164
-0.1418329
-0.1233951
-0.1231695
-0.1311682
-0.1296570
-0.1174416
-0.1097868
-0.1160880
-0.1259019
-0.1218033
-0.1020533
-0.0837161
-0.0825882
-0.0956015
-0.1067671
-0.1070684
-0.1025910
-0.1028234
-0.1069961
-0.1065317
-0.0983827
-0.0898931
-0.0887924
-0.0927510
-0.0931754
-0.0881001
-0.0862860
-0.0959547
-0.1121064
-0.1194049
-0.1088771
-0.0892134
-0.0788665
-0.0872493
-0.1059566
-0.1192437
-0.1208888
-0.1180024
-0.1187882
-0.1208079
-0.1151495
-0.1011087
-0.0913260
-0.0983514
-0.1180341
-0.1317085
-0.1269976
-0.1125559
-0.1076105
-0.1182434
-0.1300392
-0.1268514
-0.1120025
-0.1044601
-0.1143965
-0.1293578
-0.1289576
-0.1094963
-0.0875893
-0.0794359
-0.0832011
-0.0859782
-0.0833802
-0.0842636
-0.0952067
-0.1076928
-0.1068362
-0.0905130
-0.0732971
-0.0697404
-0.0783861
-0.0859526
-0.0845923
-0.0797911
-0.0807125
-0.0874333
-0.0911222
-0.0848028
-0.0701689
-0.0540590
-0.0421457
-0.0378220
-0.0438455
-0.0604197
-0.0811144
-0.0940896
-0.0903725
-0.0714796
-0.0488033
-0.0360693
-0.0416795
-0.0648878
-0.0957281
-0.1190850
-0.1234407
-0.1095715
-0.0902236
-0.0784374
-0.0754758
-0.0720505
-0.0617795
-0.0502545
-0.0477673
-0.0547000
-0.0590134
-0.0503189
-0.0332426
-0.0229066
-0.0278258
-0.0412282
-0.0505581
-0.0519639
-0.0517274
-0.0548282
-0.0570312
-0.0503720
-0.0332074
-0.0109228
0.0123573
0.0380621
0.0670657
0.0926785
0.1045519
0.1004067
0.0908291
0.0900103
0.1023184
0.1192720
0.1289651
0.1266972
0.1165494
0.1050200
0.0950818
0.0858470
0.0760079
0.0665232
0.0602281
0.0590571
0.0612406
0.0612524
0.0536179
0.0377399
0.0185347
0.0014105
-0.0129235
-0.0273452
-0.0422979
-0.0532378
-0.0557230
-0.0516145
-0.0474711
-0.0464942
-0.0447312
-0.0371736
-0.0257710
-0.0176943
-0.0146507
-0.0070976
0.0170804
0.0579448
0.1013779
0.1361031
0.1748462
0.2568403
0.4236132
0.6830089
0.9875096
1.2448310
1.3586827
1.2780566
1.0255950
0.6859603
0.3601219
0.1150429
-0.0385904
-0.1297639
-0.1906684
-0.2320623
-0.2472182
-0.2332971
-0.2045496
-0.1835824
-0.1815688
-0.1897568
-0.1914081
-0.1805074
-0.1665717
-0.1613899
-0.1645105
-0.1651265
-0.1574036
-0.1491755
-0.1520372
-0.1649015
-0.1725822
-0.1627332
-0.1409259
-0.1251263
-0.1260702
-0.1371095
-0.1445698
-0.1441170
-0.1426910
-0.1456204
-0.1475267
-0.1392161
-0.1206862
-0.1023965
-0.0930070
-0.0896621
-0.0829500
-0.0692952
-0.0550373
-0.0487429
-0.0530318
-0.0649290
-0.0803495
-0.0942616
-0.0982006
-0.0840888
-0.0546684
-0.0274565
-0.0220745
-0.0406274
-0.0631265
-0.0659060
-0.0444077
-0.0151015
0.0050187
0.0165744
0.0324306
0.0573073
0.0795152
0.0859709
0.0811810
0.0848662
0.1095667
0.1454256
0.1712298
0.1783514
0.1784608
0.1868544
0.2038933
0.2179132
0.2237240
0.2305607
0.2485453
0.2722852
0.2844348
0.2756924
0.2561167
0.2438368
0.2456304
0.2525461
0.2532592
0.2463709
0.2373301
0.2273331
0.2106362
0.1831668
0.1498355
0.1210930
0.1040676
0.0987774
0.1008468
0.1044851
0.1033235
0.0927893
0.0745734
0.0569009
0.0470364
0.0434293
0.0380191
0.0273339
0.0186236
0.0220674
0.0376682
0.0531893
0.0563589
0.0469170
0.0347035
0.0277312
0.0256156
0.0247842
0.0260118
0.0333401
0.0466646
0.0590797
0.0631371
0.0581359
0.0496992
0.0432317
0.0399240
0.0390886
0.0416262
0.0487894
0.0582333
0.0639875
0.0617393
0.0531665
0.0438703
0.0376041
0.0337790
0.0302884
0.0268886
0.0247304
0.0236428
0.0216470
0.0174129
0.0118240
0.0060942
-0.0007492
-0.0105184
-0.0214148
-0.0268178
-0.0210372
-0.0066925
0.0055342
0.0061950
-0.0041626
-0.0165884
-0.0237830
-0.0270325
-0.0325571
-0.0425645
-0.0521243
-0.0551780
-0.0516886
-0.0471909
-0.0461340
-0.0478888
-0.0496596
-0.0509172
-0.0528122
-0.0542237
-0.0512219
-0.0415318
-0.0282005
-0.0178493
-0.0161339
-0.0253747
-0.0444407
-0.0679516
-0.0859632
-0.0888101
-0.0760620
-0.0596331
-0.0538024
-0.0604367
-0.0669383
-0.0616419
-0.0491570
-0.0456494
-0.0581575
-0.0736527
-0.0732257
-0.0553063
-0.0390860
-0.0428761
-0.0631000
-0.0790856
-0.0774302
-0.0664826
-0.0644483
-0.0766997
-0.0896232
-0.0870415
-0.0686112
-0.0494119
-0.0435103
-0.0513299
-0.0628710
-0.0696347
-0.0711851
-0.0719317
-0.0747452
-0.0784830
-0.0799985
-0.0772706
-0.0713135
-0.0662343
-0.0669319
-0.0748401
-0.0850669
-0.0892508
-0.0834302
-0.0732066
-0.0691143
-0.0755645
-0.0855161
-0.0878462
-0.0796225
-0.0690248
-0.0654819
-0.0689855
-0.0713443
-0.0671578
-0.0602778
-0.0577349
-0.0595919
-0.0584297
-0.0490075
-0.0345680
-0.0208417
-0.0063895
0.0160472
0.0476152
0.0772098
0.0913243
0.0888309
0.0819281
0.0815361
0.0852272
0.0824197
0.0695552
0.0558451
0.0528260
0.0611532
0.0701170
0.0686247
0.0539332
0.0307063
0.0059542
-0.0133850
-0.0220287
-0.0207728
-0.0193033
-0.0300160
-0.0561392
-0.0876043
-0.1110252
-0.1227710
-0.1295893
-0.1368240
-0.1401234
-0.1316815
-0.1126117
-0.0945762
-0.0876329
-0.0893685
-0.0889748
-0.0808843
-0.0707059
-0.0663653
-0.0657649
-0.0557391
-0.0225344
0.0398869
0.1345179
0.2734926
0.4799841
0.7676215
1.1074498
1.4130092
1.5697312
1.5002233
1.2187864
0.8268863
0.4476427
0.1525787
-0.0585634
-0.2165624
-0.3315244
-0.3862604
-0.3725167
-0.3186858
-0.2720922
-0.2571811
-0.2600460
-0.2553503
-0.2395883
-0.2303685
-0.2372946
-0.2454579
-0.2336082
-0.2028254
-0.1781059
-0.1803348
-0.2031912
-0.2220173
-0.2216395
-0.2094528
-0.2019656
-0.2054096
-0.2131607
-0.2176535
-0.2184564
-0.2187371
-0.2193555
-0.2194647
-0.2198447
-0.2214943
-0.2215339
-0.2145536
-0.1996854
-0.1837370
-0.1747683
-0.1738824
-0.1761194
-0.1785808
-0.1834737
-0.1915328
-0.1963453
-0.1896958
-0.1717994
-0.1520557
-0.1386305
-0.1307368
-0.1231849
-0.1149486
-0.1084205
-0.1011497
-0.0844124
-0.0533111
-0.0144736
0.0217116
0.0553228
0.0963434
0.1466120
0.1883634
0.1993579
0.1800003
0.1578892
0.1603014
0.1857543
0.2085995
0.2101718
0.1980056
0.1917773
0.1972731
0.2022646
0.1966469
0.1872948
0.1875728
0.1973102
0.2018002
0.1913558
0.1741228
0.1640581
0.1603031
0.1463262
0.1108077
0.0634182
0.0255395
0.0079106
0.0019515
-0.0075351
-0.0261390
-0.0483666
-0.0681967
-0.0857093
-0.1028967
-0.1175019
-0.1247205
-0.1239886
-0.1208579
-0.1213336
-0.1262407
-0.1321884
-0.1365812
-0.1400171
-0.1441029
-0.1481557
-0.1484835
-0.1412030
-0.1269461
-0.1133465
-0.1108296
-0.1227704
-0.1392201
-0.1431299
-0.1253614
-0.0928175
-0.0592224
-0.0274481
0.0168560
0.0931540
0.2098696
0.3613894
0.5355708
0.7149810
0.8688575
0.9554089
0.9482036
0.8659909
0.7679893
0.7080216
0.6892575
0.6663799
0.5926592
0.4621729
0.3072522
0.1636188
0.0463611
-0.0436970
-0.1046087
-0.1346246
-0.1440864
-0.1532899
-0.1733515
-0.1954229
-0.2049229
-0.2025813
-0.2034596
-0.2154902
-0.2281096
-0.2276931
-0.2184052
-0.2182116
-0.2337184
-0.2481447
-0.2409602
-0.2150817
-0.1954716
-0.1994535
-0.2164721
-0.2230429
-0.2126245
-0.2013918
-0.2039553
-0.2128238
-0.2089768
-0.1885785
-0.1698831
-0.1712268
-0.1885719
-0.2006482
-0.1940534
-0.1767649
-0.1652940
-0.1641355
-0.1632872
-0.1540629
-0.1405549
-0.1325985
-0.1316400
-0.1288022
-0.1166358
-0.0984778
-0.0841632
-0.0788222
-0.0786434
-0.0770997
-0.0724894
-0.0677738
-0.0642937
-0.0582039
-0.0443192
-0.0224667
0.0017031
0.0227164
0.0411681
0.0626253
0.0904315
0.1200793
0.1417766
0.1498638
0.1499882
0.1555381
0.1752853
0.2046431
0.2304547
0.2443810
0.2497922
0.2547941
0.2608012
0.2610832
0.2507554
0.2350738
0.2248550
0.2239436
0.2239793
0.2132237
0.1891430
0.1601932
0.1360588
0.1192778
0.1071862
0.0983573
0.0931413
0.0886137
0.0773942
0.0542217
0.0226585
-0.0066903
-0.0246779
-0.0295304
-0.0250948
-0.0155622
-0.0032289
0.0100285
0.0218549
0.0309809
0.0382645
0.0450497
0.0515370
0.0579569
0.0659346
0.0761663
0.0850671
0.0869089
0.0808469
0.0734979
0.0718623
0.0746905
0.0740574
0.0660235
0.0563078
0.0522511
0.0506423
0.0383917
0.0078699
-0.0312688
-0.0600572
-0.0701900
-0.0719558
-0.0800629
-0.0949273
-0.1026185
-0.0928980
-0.0725188
-0.0580333
-0.0579895
-0.0658253
-0.0698647
-0.0663689
-0.0603378
-0.0556260
-0.0484912
-0.0323115
-0.0060499
0.0250678
0.0578993
0.1004137
0.1745009
0.3107934
0.5339491
0.8387207
1.1693378
1.4257850
1.5083135
1.3770459
1.0803578
0.7245316
0.4066331
0.1653559
-0.0138007
-0.1549540
-0.2585870
-0.3082443
-0.3002170
-0.2577088
-0.2144172
-0.1887097
-0.1767659
-0.1679717
-0.1612662
-0.1638741
-0.1770253
-0.1887318
-0.1844109
-0.1636835
-0.1428446
-0.1385603
-0.1507286
-0.1640386
-0.1661046
-0.1608653
-0.1618534
-0.1737491
-0.1845601
-0.1786348
-0.1559994
-0.1348392
-0.1327985
-0.1481337
-0.1627271
-0.1630429
-0.1538332
-0.1493232
-0.1546406
-0.1607978
-0.1577516
-0.1474406
-0.1404394
-0.1418500
-0.1454679
-0.1435217
-0.1381644
-0.1383464
-0.1457998
-0.1498937
-0.1401457
-0.1206947
-0.1068259
-0.1069715
-0.1133445
-0.1132588
-0.1058309
-0.1017647
-0.1065942
-0.1101694
-0.0977481
-0.0696808
-0.0438661
-0.0358652
-0.0407159
-0.0398312
-0.0246827
-0.0067905
-0.0010014
-0.0040912
0.0028886
0.0309149
0.0679164
0.0912772
0.0923511
0.0832479
0.0790612
0.0791466
0.0711233
0.0513432
0.0338157
0.0343947
0.0498766
0.0595641
0.0486563
0.0249404
0.0087224
0.0091452
0.0155664
0.0126661
-0.0007800
-0.0120843
-0.0118620
-0.0057938
-0.0065027
-0.0168763
-0.0268920
-0.0279004
-0.0250114
-0.0306430
-0.0473309
-0.0623154
-0.0615291
-0.0462456
-0.0324484
-0.0336345
-0.0467589
-0.0568842
-0.0545974
-0.0460047
-0.0441853
-0.0528302
-0.0615996
-0.0581164
-0.0418539
-0.0242526
-0.0164483
-0.0191032
-0.0242375
-0.0250195
-0.0222468
-0.0214497
-0.0251427
-0.0295672
-0.0293293
-0.0236059
-0.0162281
-0.0106598
-0.0074450
-0.0070570
-0.0125306
-0.0263707
-0.0447329
-0.0570618
-0.0542689
-0.0384598
-0.0232981
-0.0222543
-0.0356281
-0.0507562
-0.0560879
-0.0532319
-0.0528926
-0.0601228
-0.0672815
-0.0632598
-0.0477037
-0.0332027
-0.0324941
-0.0448069
-0.0566603
-0.0564437
-0.0464233
-0.0387017
-0.0405344
-0.0466375
-0.0466620
-0.0375715
-0.0265107
-0.0227264
-0.0289323
-0.0404571
-0.0507743
-0.0566323
-0.0584908
-0.0577110
-0.0547548
-0.0499586
-0.0442875
-0.0382223
-0.0313165
-0.0247265
-0.0231264
-0.0310038
-0.0460887
-0.0588002
-0.0605715
-0.0525278
-0.0442825
-0.0433248
-0.0464479
-0.0435614
-0.0309102
-0.0184761
-0.0206197
-0.0386537
-0.0563829
-0.0562567
-0.0385039
-0.0207607
-0.0187234
-0.0304844
-0.0415302
-0.0426049
-0.0390036
-0.0416225
-0.0519161
-0.0594342
-0.0546193
-0.0404666
-0.0285802
-0.0257558
-0.0287662
-0.0321576
-0.0359145
-0.0423545
-0.0488841
-0.0489581
-0.0406674
-0.0307943
-0.0279216
-0.0326737
-0.0374454
-0.0365234
-0.0338444
-0.0373743
-0.0464186
-0.0494528
-0.0376836
-0.0176243
-0.0053104
-0.0085376
-0.0195033
-0.0262918
-0.0273277
-0.0305979
-0.0401224
-0.0479798
-0.0425511
-0.0233174
-0.0039968
0.0006627
-0.0107105
-0.0269612
-0.0374933
-0.0403276
-0.0378972
-0.0312897
-0.0224778
-0.0180345
-0.0242075
-0.0378832
-0.0470711
-0.0431561
-0.0310718
-0.0245520
-0.0306869
-0.0411538
-0.0411605
-0.0267464
-0.0097359
-0.0035915
-0.0077690
-0.0106792
-0.0066742
-0.0037578
-0.0118025
-0.0273017
-0.0347684
-0.0235852
-0.0007559
0.0150206
0.0119195
-0.0037944
-0.0162444
-0.0180250
-0.0162588
-0.0203451
-0.0286552
-0.0313088
-0.0233599
-0.0102199
-0.0003360
0.0032668
0.0031127
0.0021695
0.0009650
-0.0010275
-0.0031063
-0.0038162
-0.0036952
-0.0056028
-0.0105320
-0.0147790
-0.0144778
-0.0119914
-0.0134933
-0.0198972
-0.0249045
-0.0237511
-0.0193852
-0.0168045
-0.0147597
-0.0077602
0.0042522
0.0121873
0.0063465
-0.0111899
-0.0247798
-0.0193175
0.0028396
0.0226822
0.0250051
0.0143355
0.0060862
0.0056669
0.0041796
-0.0051853
-0.0145072
-0.0095800
0.0120630
0.0360670
0.0454753
0.0390855
0.0332885
0.0435328
0.0664825
0.0862442
0.0972969
0.1117692
0.1396202
0.1704267
0.1841379
0.1763296
0.1638798
0.1652801
0.1811356
0.1956072
0.1943051
0.1792015
0.1650085
0.1602929
0.1562797
0.1398336
0.1137968
0.0946543
0.0906415
0.0932044
0.0917648
0.0852027
0.0747776
0.0572120
0.0313996
0.0036259
-0.0190894
-0.0339463
-0.0391436
-0.0355913
-0.0325383
-0.0381744
-0.0429754
-0.0292608
-0.0020003
0.0091984
-0.0116065
