0.0408330
0.0430012
0.0309591
0.0141572
0.0068774
0.0115782
0.0168936
0.0119224
-0.0010591
-0.0104337
-0.0098421
-0.0051973
-0.0062042
-0.0138846
-0.0197818
-0.0172565
-0.0103712
-0.0094507
-0.0190647
-0.0330118
-0.0417645
-0.0428247
-0.0418192
-0.0441415
-0.0481235
-0.0477556
-0.0405995
-0.0306270
-0.0229877
-0.0180187
-0.0119885
-0.0028370
0.0068855
0.0131927
0.0151641
0.0151148
0.0152478
0.0157440
0.0158544
0.0148520
0.0112119
0.0030287
-0.0084679
-0.0171062
-0.0173989
-0.0134723
-0.0189215
-0.0432457
-0.0784068
-0.1032171
-0.1040959
-0.0896431
-0.0811986
-0.0891911
-0.1025250
-0.1031055
-0.0876648
-0.0710302
-0.0682808
-0.0782841
-0.0873409
-0.0859288
-0.0772624
-0.0695749
-0.0647628
-0.0577070
-0.0444767
-0.0271309
-0.0097843
0.0078890
0.0332108
0.0799651
0.1667344
0.3098813
0.5073058
0.7220935
0.8855465
0.9282675
0.8213433
0.5953705
0.3214259
0.0701726
-0.1190870
-0.2416376
-0.3107535
-0.3408239
-0.3415340
-0.3205509
-0.2867639
-0.2500177
-0.2186363
-0.1974708
-0.1875209
-0.1865818
-0.1902778
-0.1934638
-0.1922070
-0.1859758
-0.1785797
-0.1760636
-0.1817932
-0.1926049
-0.2007114
-0.2008601
-0.1955852
-0.1921821
-0.1943710
-0.1985708
-0.1994813
-0.1977953
-0.1996111
-0.2075835
-0.2152040
-0.2127987
-0.1992471
-0.1850424
-0.1816424
-0.1887484
-0.1945355
-0.1888169
-0.1737108
-0.1597178
-0.1528984
-0.1488186
-0.1394945
-0.1236874
-0.1081956
-0.0998653
-0.0987215
-0.0995947
-0.0985055
-0.0953108
-0.0905639
-0.0826335
-0.0700457
-0.0557566
-0.0463217
-0.0452576
-0.0480765
-0.0455802
-0.0327297
-0.0138255
0.0016299
0.0083436
0.0103887
0.0168172
0.0322498
0.0523083
0.0685170
0.0767419
0.0795147
0.0805506
0.0797384
0.0759128
0.0734357
0.0816275
0.1039643
0.1285705
0.1340799
0.1089427
0.0646649
0.0269056
0.0122051
0.0151336
0.0189924
0.0157477
0.0113475
0.0126011
0.0152928
0.0100166
-0.0026574
-0.0094139
0.0004867
0.0207361
0.0338180
0.0311559
0.0226352
0.0235505
0.0359482
0.0483360
0.0531450
0.0577609
0.0740543
0.1008497
0.1237263
0.1333141
0.1378846
0.1526390
0.1786428
0.1990998
0.1997722
0.1898252
0.1982149
0.2507394
0.3554441
0.5099749
0.7128781
0.9550148
1.1968969
1.3645516
1.3831972
1.2268511
0.9403167
0.6130666
0.3274612
0.1224043
-0.0066243
-0.0834468
-0.1285846
-0.1517276
-0.1557644
-0.1437867
-0.1240633
-0.1099655
-0.1128782
-0.1323713
-0.1544963
-0.1638133
-0.1589433
-0.1540306
-0.1622846
-0.1792426
-0.1862309
-0.1722096
-0.1492218
-0.1416490
-0.1595738
-0.1869327
-0.1993315
-0.1912695
-0.1808486
-0.1871607
-0.2082417
-0.2252870
-0.2256321
-0.2151960
-0.2068313
-0.2022168
-0.1914364
-0.1693603
-0.1452631
-0.1317599
-0.1279995
-0.1208090
-0.1032727
-0.0854748
-0.0815551
-0.0894481
-0.0910239
-0.0742274
-0.0492227
-0.0369437
-0.0432924
-0.0509843
-0.0396933
-0.0102110
0.0167696
0.0254595
0.0226596
0.0268880
0.0433477
0.0565062
0.0494132
0.0254429
0.0058775
0.0070394
0.0246392
0.0422024
0.0506926
0.0549838
0.0617788
0.0673925
0.0624473
0.0467018
0.0327161
0.0316897
0.0394698
0.0416769
0.0317663
0.0183865
0.0126865
0.0131128
0.0082749
-0.0062806
-0.0204894
-0.0221205
-0.0127085
-0.0054231
-0.0075177
-0.0114753
-0.0075286
-0.0000362
-0.0031797
-0.0197126
-0.0321666
-0.0215278
0.0089500
0.0363655
0.0453193
0.0452774
0.0559890
0.0800332
0.0980874
0.0931295
0.0727473
0.0614409
0.0729978
0.0972272
0.1154327
0.1227102
0.1298924
0.1474908
0.1760896
0.2144003
0.2704020
0.3594204
0.4935282
0.6761841
0.9021881
1.1510325
1.3741472
1.4972552
1.4539471
1.2325925
0.8942942
0.5392723
0.2472707
0.0422268
-0.0950255
-0.1892961
-0.2484822
-0.2699217
-0.2576312
-0.2279629
-0.2001755
-0.1843548
-0.1782741
-0.1742035
-0.1683615
-0.1647381
-0.1703566
-0.1865598
-0.2049478
-0.2131130
-0.2060301
-0.1919322
-0.1852018
-0.1920874
-0.2043001
-0.2081013
-0.1988232
-0.1841748
-0.1733378
-0.1659399
-0.1541438
-0.1344085
-0.1142531
-0.1060089
-0.1145348
-0.1320656
-0.1453117
-0.1471496
-0.1411703
-0.1356605
-0.1345528
-0.1344490
-0.1289194
-0.1144752
-0.0933241
-0.0721124
-0.0579093
-0.0534155
-0.0545582
-0.0531424
-0.0434133
-0.0274389
-0.0143407
-0.0130505
-0.0242335
-0.0391118
-0.0472778
-0.0459501
-0.0406291
-0.0368120
-0.0333043
-0.0252731
-0.0122369
0.0001203
0.0069716
0.0111332
0.0205981
0.0392354
0.0616911
0.0787047
0.0863386
0.0878387
0.0867782
0.0820145
0.0719922
0.0615472
0.0594785
0.0680163
0.0780258
0.0776793
0.0650563
0.0497667
0.0419435
0.0417087
0.0408965
0.0340719
0.0254035
0.0235232
0.0309627
0.0407181
0.0433532
0.0360560
0.0245724
0.0179124
0.0215808
0.0337468
0.0462565
0.0508320
0.0467083
0.0420225
0.0457196
0.0578019
0.0694120
0.0735550
0.0741674
0.0822321
0.1025663
0.1265149
0.1396905
0.1361888
0.1226610
0.1082853
0.0945982
0.0783741
0.0620055
0.0553017
0.0651445
0.0868846
0.1092849
0.1273657
0.1491836
0.1922089
0.2760953
0.4161393
0.6131680
0.8386003
1.0283916
1.1046288
1.0217740
0.8027799
0.5279552
0.2800137
0.0932039
-0.0486878
-0.1711896
-0.2728175
-0.3298347
-0.3297069
-0.2914185
-0.2502660
-0.2267767
-0.2153198
-0.2018002
-0.1848909
-0.1743002
-0.1722229
-0.1667548
-0.1484435
-0.1274527
-0.1254904
-0.1494284
-0.1794487
-0.1888190
-0.1735375
-0.1563980
-0.1597420
-0.1792943
-0.1908515
-0.1811245
-0.1635900
-0.1595442
-0.1698132
-0.1744213
-0.1600507
-0.1384825
-0.1319697
-0.1454150
-0.1616717
-0.1650296
-0.1612947
-0.1681553
-0.1889020
-0.2048018
-0.1974672
-0.1729176
-0.1557354
-0.1602458
-0.1755962
-0.1829553
-0.1808425
-0.1852547
-0.2058022
-0.2302312
-0.2376112
-0.2234202
-0.2055574
-0.2044482
-0.2212276
-0.2387464
-0.2420089
-0.2326653
-0.2221676
-0.2155812
-0.2073710
-0.1918845
-0.1719749
-0.1543685
-0.1396533
-0.1208482
-0.0918990
-0.0552357
-0.0201547
0.0049431
0.0176503
0.0199217
0.0140154
0.0020719
-0.0113264
-0.0197408
-0.0201144
-0.0158358
-0.0123488
-0.0105475
-0.0069741
-0.0004628
0.0042996
0.0017867
-0.0067628
-0.0129993
-0.0100314
-0.0008986
0.0031997
-0.0057592
-0.0240617
-0.0407126
-0.0497397
-0.0553849
-0.0644374
-0.0762213
-0.0826536
-0.0774370
-0.0634175
-0.0510442
-0.0505227
-0.0645766
-0.0866651
-0.1052914
-0.1113685
-0.1039027
-0.0902880
-0.0805764
-0.0792288
-0.0812089
-0.0771853
-0.0634788
-0.0456887
-0.0316265
-0.0227083
-0.0144448
-0.0034758
0.0095917
0.0237975
0.0399617
0.0584761
0.0810474
0.1208708
0.2083069
0.3736970
0.6108270
0.8539798
1.0013956
0.9779016
0.7867226
0.5044420
0.2253008
0.0063421
-0.1446995
-0.2443801
-0.3062149
-0.3330292
-0.3242729
-0.2847780
-0.2286091
-0.1769673
-0.1493953
-0.1514725
-0.1693350
-0.1799186
-0.1711334
-0.1525073
-0.1435840
-0.1520267
-0.1670179
-0.1754426
-0.1789619
-0.1890788
-0.2077129
-0.2210590
-0.2162024
-0.1987399
-0.1881963
-0.1968671
-0.2178269
-0.2349263
-0.2405847
-0.2399138
-0.2391101
-0.2361323
-0.2266011
-0.2149548
-0.2123151
-0.2215820
-0.2304435
-0.2241045
-0.2026820
-0.1810463
-0.1714498
-0.1706226
-0.1659698
-0.1516262
-0.1348163
-0.1263840
-0.1284037
-0.1340090
-0.1381475
-0.1437059
-0.1544147
-0.1654409
-0.1669389
-0.1573045
-0.1475403
-0.1490593
-0.1597859
-0.1661410
-0.1581155
-0.1387113
-0.1171581
-0.0958152
-0.0681151
-0.0305017
0.0075797
0.0306245
0.0340004
0.0289570
0.0281739
0.0306117
0.0258230
0.0111360
-0.0024767
-0.0039905
0.0031148
0.0047407
-0.0065527
-0.0227332
-0.0303544
-0.0259781
-0.0174353
-0.0109051
-0.0033722
0.0078342
0.0129712
-0.0032694
-0.0405412
-0.0755625
-0.0825048
-0.0590818
-0.0278727
-0.0125081
-0.0171052
-0.0297319
-0.0402131
-0.0482786
-0.0546660
-0.0516550
-0.0296364
0.0074882
0.0407570
0.0546879
0.0539132
0.0558985
0.0686237
0.0820341
0.0833018
0.0745851
0.0701690
0.0779354
0.0900120
0.0949325
0.0960447
0.1127750
0.1632102
0.2513561
0.3761878
0.5463439
0.7693216
1.0159199
1.2036552
1.2357564
1.0727176
0.7695459
0.4393158
0.1753646
0.0026727
-0.1056301
-0.1778532
-0.2174418
-0.2200996
-0.1995951
-0.1835070
-0.1860477
-0.1966134
-0.1988908
-0.1930997
-0.1924566
-0.2023775
-0.2128025
-0.2129412
-0.2065118
-0.2061940
-0.2150026
-0.2203648
-0.2103741
-0.1917399
-0.1847576
-0.1998317
-0.2250944
-0.2407820
-0.2411503
-0.2364873
-0.2360145
-0.2362974
-0.2284226
-0.2110444
-0.1916413
-0.1764990
-0.1638302
-0.1483773
-0.1305681
-0.1177734
-0.1154927
-0.1197984
-0.1214347
-0.1165679
-0.1102201
-0.1089477
-0.1137189
-0.1211837
-0.1280369
-0.1308547
-0.1241147
-0.1034054
-0.0723582
-0.0443145
-0.0339781
-0.0448897
-0.0644019
-0.0729284
-0.0608872
-0.0371363
-0.0199353
-0.0201400
-0.0340011
-0.0501999
-0.0604099
-0.0630084
-0.0599788
-0.0525786
-0.0399711
-0.0220740
-0.0037893
0.0057309
0.0010356
-0.0122741
-0.0207616
-0.0155506
-0.0012549
0.0083395
0.0041166
-0.0088608
-0.0168802
-0.0133925
-0.0069487
-0.0100905
-0.0221226
-0.0290432
-0.0220373
-0.0094172
-0.0047699
-0.0073993
-0.0025948
0.0181525
0.0450938
0.0647432
0.0843573
0.1347431
0.2448906
0.4170178
0.6302745
0.8627271
1.0950594
1.2869584
1.3659758
1.2664117
0.9929695
0.6393920
0.3308186
0.1397262
0.0532234
0.0137589
-0.0176593
-0.0388047
-0.0342196
-0.0097530
0.0083118
0.0026942
-0.0174646
-0.0318676
-0.0348455
-0.0397997
-0.0607138
-0.0953238
-0.1273500
-0.1420748
-0.1388756
-0.1304751
-0.1309112
-0.1436988
-0.1612509
-0.1746239
-0.1816358
-0.1854518
-0.1886220
-0.1912085
-0.1935903
-0.1983235
-0.2078140
-0.2199637
-0.2270911
-0.2219283
-0.2067183
-0.1942458
-0.1961072
-0.2101656
-0.2227862
-0.2236125
-0.2150953
-0.2070464
-0.2050836
-0.2060503
-0.2027286
-0.1911497
-0.1736748
-0.1557178
-0.1400077
-0.1252373
-0.1105830
-0.0992194
-0.0951013
-0.0970102
-0.0975960
-0.0886560
-0.0678978
-0.0421566
-0.0231777
-0.0161212
-0.0107172
0.0118849
0.0594377
0.1175263
0.1616522
0.1797506
0.1802033
0.1785102
0.1798888
0.1771941
0.1644705
0.1482987
0.1413883
0.1448947
0.1430114
0.1206074
0.0838192
0.0562204
0.0532646
0.0658115
0.0716487
0.0595084
0.0380797
0.0231428
0.0198506
0.0192070
0.0104742
-0.0061470
-0.0216551
-0.0312462
-0.0397239
-0.0519450
-0.0632829
-0.0653516
-0.0592203
-0.0567710
-0.0674328
-0.0869459
-0.1011960
-0.1000538
-0.0865033
-0.0722838
-0.0649203
-0.0604417
-0.0505056
-0.0350318
-0.0235242
-0.0231537
-0.0296790
-0.0326675
-0.0273972
-0.0197054
-0.0206867
-0.0372255
-0.0649949
-0.0894047
-0.0960415
-0.0824270
-0.0588879
-0.0377592
-0.0234279
-0.0128514
-0.0030292
0.0038895
0.0028100
-0.0067802
-0.0159130
-0.0121743
0.0064313
0.0257782
0.0276234
0.0069503
-0.0248607
-0.0523692
-0.0680897
-0.0733500
-0.0716977
-0.0636129
-0.0475528
-0.0265327
-0.0124960
-0.0194576
-0.0488508
-0.0839610
-0.1029503
-0.0978333
-0.0793261
-0.0637641
-0.0564739
-0.0475924
-0.0239353
0.0153203
0.0582508
0.0998924
0.1601925
0.2732907
0.4519140
0.6615784
0.8309109
0.8894903
0.8049251
0.5982493
0.3320655
0.0785381
-0.1142632
-0.2366652
-0.3058086
-0.3416747
-0.3512631
-0.3320728
-0.2884844
-0.2406029
-0.2105736
-0.1991740
-0.1841245
-0.1482293
-0.1039861
-0.0812025
-0.0916166
-0.1154174
-0.1262199
-0.1226258
-0.1281204
-0.1602437
-0.2055818
-0.2303044
-0.2154601
-0.1766816
-0.1454957
-0.1361769
-0.1386642
-0.1411650
-0.1473078
-0.1660459
-0.1938508
-0.2160325
-0.2228760
-0.2174766
-0.2081103
-0.1984454
-0.1872566
-0.1749397
-0.1665000
-0.1657501
-0.1674911
-0.1597465
-0.1361895
-0.1033215
-0.0729591
-0.0518393
-0.0422490
-0.0467214
-0.0633684
-0.0789573
-0.0768001
-0.0544290
-0.0271534
-0.0106463
-0.0041368
0.0051350
0.0223055
0.0341693
0.0220389
-0.0135687
-0.0455552
-0.0442876
-0.0091557
0.0304542
0.0474487
0.0436268
0.0411215
0.0547845
0.0794867
0.1003469
0.1083415
0.1066009
0.1061559
0.1160031
0.1349321
0.1523285
0.1570218
0.1456495
0.1251519
0.1093297
0.1090717
0.1203681
0.1240660
0.1041452
0.0662783
0.0330020
0.0207730
0.0266563
0.0362340
0.0377836
0.0282546
0.0124240
-0.0001262
-0.0005119
0.0133087
0.0346063
0.0511869
0.0524237
0.0386245
0.0251934
0.0312352
0.0592010
0.0897315
0.1007848
0.0883930
0.0657360
0.0475007
0.0404100
0.0442479
0.0547095
0.0655933
0.0722756
0.0734197
0.0689503
0.0587264
0.0436920
0.0258267
0.0076943
-0.0050627
-0.0043180
0.0104026
0.0244496
0.0201458
-0.0021543
-0.0228431
-0.0250118
-0.0110566
0.0044547
0.0117627
0.0123466
0.0129499
0.0171976
0.0230355
0.0286316
0.0405370
0.0728356
0.1382430
0.2458049
0.4059784
0.6220727
0.8640369
1.0596155
1.1308852
1.0483753
0.8486975
0.6020403
0.3658527
0.1635397
-0.0044060
-0.1364462
-0.2201309
-0.2467317
-0.2300648
-0.2013298
-0.1843237
-0.1828206
-0.1910171
-0.2044822
-0.2176550
-0.2223022
-0.2160961
-0.2064332
-0.2004256
-0.1958797
-0.1855955
-0.1664972
-0.1428619
-0.1240526
-0.1182480
-0.1242123
-0.1318844
-0.1358147
-0.1425528
-0.1572509
-0.1698043
-0.1665002
-0.1521054
-0.1474037
-0.1639926
-0.1909201
-0.2073302
-0.2019764
-0.1808957
-0.1610308
-0.1552649
-0.1616471
-0.1709856
-0.1835500
-0.2067166
-0.2337777
-0.2412894
-0.2182851
-0.1867002
-0.1799310
-0.2067004
-0.2447856
-0.2652099
-0.2567327
-0.2329064
-0.2201768
-0.2332889
-0.2598311
-0.2750163
-0.2701485
-0.2565255
-0.2439638
-0.2303520
-0.2134424
-0.1984938
-0.1907439
-0.1899645
-0.1909339
-0.1789198
-0.1319851
-0.0467423
0.0400277
0.0752909
0.0405441
-0.0309718
-0.0860141
-0.0913698
-0.0506604
0.0030264
0.0346887
0.0389333
0.0390082
0.0488809
0.0521623
0.0311527
-0.0009800
-0.0155394
-0.0025182
0.0267762
0.0573083
0.0753453
0.0722616
0.0614326
0.0799456
0.1617114
0.3205456
0.5591663
0.8632267
1.1730909
1.3920599
1.4456413
1.3214200
1.0543755
0.7082032
0.3730076
0.1309385
-0.0025382
-0.0768255
-0.1377822
-0.1928436
-0.2397146
-0.2785020
-0.2919556
-0.2690382
-0.2506143
-0.2871834
-0.3490440
-0.3576965
-0.3141732
-0.2987919
-0.3196672
-0.2751817
-0.1229749
