-0.1439534
-0.1469881
-0.1231531
-0.1212394
-0.1399657
-0.1444364
-0.1276048
-0.1158636
-0.1224974
-0.1305760
-0.1216524
-0.0953035
-0.0597442
-0.0233667
0.0061523
0.0340586
0.0902873
0.2130586
0.4181233
0.6891379
0.9857040
1.2441696
1.3825990
1.3373219
1.1110116
0.7796051
0.4458609
0.1814228
-0.0001298
-0.1291491
-0.2395830
-0.3338999
-0.3856778
-0.3767973
-0.3248687
-0.2692296
-0.2370616
-0.2293051
-0.2321642
-0.2330365
-0.2285264
-0.2246017
-0.2284801
-0.2377310
-0.2408765
-0.2312638
-0.2156026
-0.2054997
-0.2048113
-0.2084326
-0.2098330
-0.2071451
-0.2045087
-0.2080159
-0.2169888
-0.2204770
-0.2084514
-0.1866089
-0.1731528
-0.1784862
-0.1932483
-0.1991544
-0.1883085
-0.1700027
-0.1606254
-0.1671941
-0.1791354
-0.1779201
-0.1576016
-0.1334670
-0.1260814
-0.1382733
-0.1524295
-0.1500300
-0.1300239
-0.1078942
-0.0990901
-0.1030843
-0.1028160
-0.0821622
-0.0453488
-0.0154359
-0.0104615
-0.0239421
-0.0324989
-0.0206934
0.0051241
0.0262155
0.0313760
0.0274839
0.0315524
0.0522082
0.0797776
0.0966629
0.0965103
0.0895234
0.0890841
0.0978067
0.1083849
0.1141688
0.1158322
0.1190885
0.1276237
0.1380352
0.1423497
0.1369110
0.1272099
0.1208819
0.1169417
0.1062055
0.0835244
0.0565910
0.0402174
0.0416611
0.0516263
0.0507743
0.0281576
-0.0055733
-0.0267147
-0.0233650
-0.0093753
-0.0094370
-0.0310654
-0.0554740
-0.0575846
-0.0331646
-0.0045432
0.0009934
-0.0214956
-0.0499222
-0.0590912
-0.0476724
-0.0376100
-0.0468493
-0.0678611
-0.0765793
-0.0598881
-0.0302442
-0.0129555
-0.0209346
-0.0426660
-0.0548780
-0.0467451
-0.0302532
-0.0256984
-0.0389083
-0.0556433
-0.0576902
-0.0411203
-0.0182435
-0.0046168
-0.0057662
-0.0151069
-0.0229571
-0.0266040
-0.0306654
-0.0381070
-0.0441214
-0.0414503
-0.0300745
-0.0182851
-0.0139254
-0.0166994
-0.0197619
-0.0179097
-0.0137579
-0.0155241
-0.0276514
-0.0437793
-0.0513663
-0.0446908
-0.0315995
-0.0255432
-0.0317095
-0.0424422
-0.0460149
-0.0389690
-0.0294237
-0.0274255
-0.0314452
-0.0266010
0.0001030
0.0427526
0.0788539
0.0914239
0.0870300
0.0891806
0.1140289
0.1546500
0.1902552
0.2097154
0.2232014
0.2483232
0.2862023
0.3162410
0.3174210
0.2915344
0.2606817
0.2426952
0.2340706
0.2188686
0.1905258
0.1603937
0.1441617
0.1424943
0.1380960
0.1129807
0.0669404
0.0167020
-0.0222377
-0.0493603
-0.0740308
-0.1008015
-0.1236364
-0.1338409
-0.1305296
-0.1222999
-0.1196600
-0.1261559
-0.1362371
-0.1414532
-0.1389741
-0.1345479
-0.1375036
-0.1518667
-0.1699946
-0.1748230
-0.1531912
-0.1118763
-0.0781184
-0.0762743
-0.1002132
-0.1137016
-0.0838779
-0.0118944
0.0783618
0.1857924
0.3570690
0.6476147
1.0436812
1.4262199
1.6306944
1.5630173
1.2675346
0.8840429
0.5383299
0.2696196
0.0494473
-0.1490459
-0.3112393
-0.4029213
-0.4159992
-0.3824759
-0.3450267
-0.3216837
-0.3027963
-0.2766801
-0.2492123
-0.2361384
-0.2422344
-0.2542097
-0.2543831
-0.2384593
-0.2187535
-0.2109098
-0.2183681
-0.2302339
-0.2341045
-0.2292971
-0.2255071
-0.2290983
-0.2340669
-0.2288951
-0.2111844
-0.1924890
-0.1868059
-0.1949943
-0.2032850
-0.1992843
-0.1878020
-0.1862662
-0.2026037
-0.2218008
-0.2198501
-0.1910764
-0.1568989
-0.1444584
-0.1582498
-0.1760360
-0.1734168
-0.1502776
-0.1305088
-0.1353573
-0.1594747
-0.1756910
-0.1627378
-0.1256092
-0.0884587
-0.0707865
-0.0726993
-0.0808490
-0.0841600
-0.0820763
-0.0796691
-0.0781625
-0.0724757
-0.0578622
-0.0366862
-0.0166429
-0.0028450
0.0063361
0.0153195
0.0250188
0.0316489
0.0313689
0.0256834
0.0222443
0.0293748
0.0482398
0.0703575
0.0844968
0.0871351
0.0854778
0.0890543
0.0982214
0.1021171
0.0897650
0.0639491
0.0420889
0.0399831
0.0540806
0.0631583
0.0502505
0.0211364
-0.0023364
-0.0070429
-0.0029510
-0.0104573
-0.0352640
-0.0597302
-0.0612837
-0.0380030
-0.0126587
-0.0098939
-0.0313642
-0.0559399
-0.0634523
-0.0546739
-0.0468338
-0.0526704
-0.0673120
-0.0754839
-0.0687900
-0.0540308
-0.0450505
-0.0484000
-0.0586072
-0.0668132
-0.0709643
-0.0751842
-0.0806637
-0.0812469
-0.0702496
-0.0502687
-0.0334710
-0.0305505
-0.0395910
-0.0473350
-0.0428824
-0.0297113
-0.0220969
-0.0287839
-0.0421446
-0.0457713
-0.0323953
-0.0121049
-0.0019307
-0.0083907
-0.0215414
-0.0261674
-0.0174948
-0.0043085
0.0034459
0.0076277
0.0197318
0.0462202
0.0794659
0.1055110
0.1192330
0.1289972
0.1460747
0.1719264
0.1980355
0.2176537
0.2347444
0.2588216
0.2917132
0.3228166
0.3391310
0.3374272
0.3234429
0.3009705
0.2676239
0.2241806
0.1838577
0.1652071
0.1726898
0.1871910
0.1807754
0.1428249
0.0895028
0.0452103
0.0165521
-0.0112205
-0.0516820
-0.0965453
-0.1225027
-0.1177218
-0.0965783
-0.0855978
-0.0970208
-0.1192777
-0.1330902
-0.1332612
-0.1316622
-0.1400857
-0.1549449
-0.1621327
-0.1548705
-0.1417967
-0.1357922
-0.1383884
-0.1391530
-0.1297721
-0.1143468
-0.1027765
-0.0954307
-0.0782889
-0.0345141
0.0435016
0.1594847
0.3290241
0.5768478
0.9019289
1.2398312
1.4716093
1.4916364
1.2843677
0.9401110
0.5905967
0.3195447
0.1260200
-0.0352053
-0.1870315
-0.3066506
-0.3608089
-0.3509576
-0.3157347
-0.2926655
-0.2863063
-0.2765541
-0.2513592
-0.2231394
-0.2126095
-0.2234634
-0.2391576
-0.2433832
-0.2372603
-0.2331201
-0.2357720
-0.2366942
-0.2273286
-0.2120467
-0.2032518
-0.2058697
-0.2119965
-0.2120801
-0.2072914
-0.2068665
-0.2141655
-0.2201150
-0.2136017
-0.1963108
-0.1824698
-0.1823268
-0.1896369
-0.1896432
-0.1782441
-0.1679953
-0.1723918
-0.1872153
-0.1924303
-0.1740468
-0.1411962
-0.1180363
-0.1185496
-0.1323743
-0.1376788
-0.1258769
-0.1093641
-0.1042168
-0.1098364
-0.1101193
-0.0936319
-0.0676773
-0.0498086
-0.0478044
-0.0519526
-0.0479659
-0.0344816
-0.0242243
-0.0276160
-0.0385967
-0.0398144
-0.0213265
0.0087570
0.0332246
0.0432139
0.0448078
0.0493128
0.0599080
0.0697188
0.0722367
0.0709145
0.0760863
0.0924872
0.1122185
0.1219362
0.1161546
0.1015180
0.0882344
0.0798763
0.0730100
0.0647786
0.0572400
0.0529273
0.0486194
0.0373487
0.0177251
-0.0016653
-0.0106979
-0.0101689
-0.0119575
-0.0246799
-0.0419172
-0.0486371
-0.0391391
-0.0247276
-0.0212316
-0.0310931
-0.0416454
-0.0416899
-0.0359774
-0.0391890
-0.0560548
-0.0723494
-0.0694234
-0.0461013
-0.0217549
-0.0163921
-0.0307250
-0.0482135
-0.0544993
-0.0507287
-0.0473640
-0.0492183
-0.0508736
-0.0462312
-0.0377439
-0.0327742
-0.0329605
-0.0322981
-0.0271482
-0.0236071
-0.0301060
-0.0438500
-0.0503293
-0.0394963
-0.0196486
-0.0104681
-0.0212114
-0.0391295
-0.0429196
-0.0271422
-0.0095585
-0.0117811
-0.0344229
-0.0551875
-0.0526014
-0.0289787
-0.0075294
-0.0078830
-0.0272307
-0.0460869
-0.0500641
-0.0432772
-0.0403658
-0.0481139
-0.0578077
-0.0557839
-0.0386395
-0.0154772
0.0038489
0.0191035
0.0365906
0.0581882
0.0776467
0.0895655
0.0997636
0.1224974
0.1649667
0.2161186
0.2545211
0.2690329
0.2696638
0.2753488
0.2916049
0.3035339
0.2926637
0.2589248
0.2230240
0.2062363
0.2094719
0.2140378
0.2025952
0.1769007
0.1531702
0.1413783
0.1325725
0.1084584
0.0622061
0.0076361
-0.0325720
-0.0469796
-0.0440544
-0.0425395
-0.0544342
-0.0767961
-0.0980896
-0.1105287
-0.1159835
-0.1215660
-0.1312679
-0.1419964
-0.1467524
-0.1414966
-0.1297193
-0.1204056
-0.1204413
-0.1282656
-0.1354291
-0.1347833
-0.1263320
-0.1140785
-0.0978868
-0.0707462
-0.0250796
0.0410389
0.1289765
0.2521450
0.4361699
0.6932526
0.9874198
1.2290424
1.3187416
1.2131707
0.9569409
0.6503806
0.3803276
0.1736787
0.0085425
-0.1383194
-0.2596504
-0.3298359
-0.3401758
-0.3147142
-0.2899753
-0.2829930
-0.2823866
-0.2691300
-0.2415737
-0.2177339
-0.2149262
-0.2309587
-0.2472864
-0.2491745
-0.2397396
-0.2331486
-0.2365127
-0.2419738
-0.2372592
-0.2212084
-0.2058395
-0.2029063
-0.2107935
-0.2168823
-0.2126194
-0.2037698
-0.2035289
-0.2159500
-0.2289884
-0.2260712
-0.2039141
-0.1769178
-0.1633105
-0.1679020
-0.1790871
-0.1819596
-0.1730787
-0.1620936
-0.1598886
-0.1665118
-0.1713073
-0.1642632
-0.1462479
-0.1279586
-0.1194531
-0.1209976
-0.1237011
-0.1186270
-0.1052298
-0.0908542
-0.0820123
-0.0769083
-0.0677402
-0.0505325
-0.0312258
-0.0203263
-0.0212613
-0.0252729
-0.0193167
0.0005037
0.0241363
0.0373778
0.0368442
0.0343634
0.0455294
0.0739355
0.1073114
0.1291433
0.1334569
0.1282392
0.1255381
0.1294746
0.1341344
0.1321357
0.1236823
0.1162401
0.1157247
0.1193438
0.1180148
0.1056544
0.0855200
0.0671504
0.0569328
0.0515693
0.0413167
0.0207007
-0.0037020
-0.0174492
-0.0119723
0.0053893
0.0162687
0.0077561
-0.0153074
-0.0348834
-0.0372662
-0.0262982
-0.0189104
-0.0276239
-0.0480568
-0.0637855
-0.0624804
-0.0465020
-0.0288281
-0.0207642
-0.0240523
-0.0328130
-0.0407097
-0.0457999
-0.0497964
-0.0539455
-0.0560484
-0.0516716
-0.0388763
-0.0222406
-0.0113622
-0.0132495
-0.0248367
-0.0342600
-0.0320809
-0.0218136
-0.0170748
-0.0262761
-0.0412180
-0.0437651
-0.0250227
0.0036734
0.0207252
0.0151865
-0.0034701
-0.0166592
-0.0161764
-0.0107474
-0.0135973
-0.0261476
-0.0363975
-0.0331192
-0.0191860
-0.0090326
-0.0133717
-0.0280512
-0.0389258
-0.0372275
-0.0288184
-0.0273048
-0.0383198
-0.0519656
-0.0517689
-0.0307251
0.0022979
0.0316403
0.0490709
0.0590226
0.0716405
0.0925562
0.1193558
0.1461465
0.1699758
0.1930051
0.2196635
0.2519493
0.2862539
0.3139026
0.3261305
0.3208515
0.3049155
0.2877709
0.2717381
0.2502325
0.2178877
0.1816742
0.1582916
0.1577684
0.1705077
0.1735047
0.1508923
0.1074470
0.0610127
0.0233325
-0.0087788
-0.0433261
-0.0783844
-0.1016575
-0.1047219
-0.0941419
-0.0858927
-0.0897024
-0.1010651
-0.1088320
-0.1087264
-0.1078494
-0.1161673
-0.1347167
-0.1528380
-0.1572137
-0.1441742
-0.1238088
-0.1115809
-0.1141884
-0.1224718
-0.1192489
-0.0961379
-0.0627115
-0.0365864
-0.0221384
0.0012428
0.0691073
0.2094018
0.4262240
0.6969298
0.9750693
1.1944779
1.2833008
1.1955915
0.9455794
0.6122603
0.2986510
0.0717677
-0.0677278
-0.1623676
-0.2472974
-0.3209778
-0.3590240
-0.3486444
-0.3061093
-0.2637114
-0.2441379
-0.2472078
-0.2567032
-0.2565209
-0.2419374
-0.2202322
-0.2035306
-0.1998450
-0.2077729
-0.2181829
-0.2218854
-0.2171393
-0.2101420
-0.2080094
-0.2113940
-0.2142169
-0.2103945
-0.2003713
-0.1909662
-0.1889357
-0.1945850
-0.2016029
-0.2034438
-0.2000210
-0.1974884
-0.2005755
-0.2054202
-0.2016675
-0.1832832
-0.1571714
-0.1392040
-0.1398445
-0.1535367
-0.1636099
-0.1585399
-0.1427678
-0.1306690
-0.1305286
-0.1360322
-0.1338210
-0.1178253
-0.0947214
-0.0759023
-0.0660246
-0.0604284
-0.0527687
-0.0431986
-0.0378782
-0.0407668
-0.0470740
-0.0458620
-0.0297685
-0.0025719
0.0229459
0.0356558
0.0360453
0.0359651
0.0472951
0.0696054
0.0893826
0.0929884
0.0812624
0.0706944
0.0788791
0.1079131
0.1418243
0.1603979
0.1559853
0.1378071
0.1211990
0.1135135
0.1099855
0.1016388
0.0857095
0.0681840
0.0569745
0.0532862
0.0498974
0.0382034
0.0172293
-0.0047291
-0.0182729
-0.0227381
-0.0266666
-0.0374899
-0.0516748
-0.0573591
-0.0477989
-0.0306406
-0.0214056
-0.0273866
-0.0401969
-0.0461639
-0.0428133
-0.0417043
-0.0536743
-0.0739831
-0.0856664
-0.0778924
-0.0580778
-0.0437604
-0.0438544
-0.0507315
-0.0512788
-0.0431552
-0.0373549
-0.0446987
-0.0621258
-0.0742655
-0.0685204
-0.0477141
-0.0277131
-0.0229175
-0.0336214
-0.0465297
-0.0474815
-0.0347920
-0.0210046
-0.0209291
-0.0367135
-0.0545153
-0.0569532
-0.0398019
-0.0163836
-0.0050370
-0.0121875
-0.0278622
-0.0372505
-0.0353611
-0.0297117
-0.0299183
-0.0369174
-0.0432638
-0.0424529
-0.0358101
-0.0299658
-0.0293121
-0.0325502
-0.0363796
-0.0407818
-0.0489544
-0.0616124
-0.0723707
-0.0705253
-0.0499213
-0.0156106
0.0188254
0.0417614
0.0525987
0.0611563
0.0780474
0.1052032
0.1354825
0.1612566
0.1827916
0.2075593
0.2412686
0.2802230
0.3130713
0.3299470
0.3294948
0.3172643
0.2986324
0.2749124
0.2466906
0.2191507
0.2011475
0.1971271
0.2004756
0.1969174
0.1760505
0.1396554
0.0982548
0.0599016
0.0235095
-0.0161854
-0.0581077
-0.0914687
-0.1047189
-0.0981357
-0.0862414
-0.0860982
-0.1024159
-0.1244001
-0.1375925
-0.1384817
-0.1367486
-0.1431776
-0.1568667
-0.1662436
-0.1627303
-0.1508876
-0.1426193
-0.1423766
-0.1420667
-0.1326770
-0.1177023
-0.1096184
-0.1118673
-0.1088280
-0.0774219
-0.0053602
0.1093419
0.2770316
0.5213808
0.8475190
1.1981084
1.4530669
1.4958147
1.2982280
0.9459136
0.5759806
0.2826271
0.0739873
-0.0918263
-0.2412355
-0.3587719
-0.4159543
-0.4120193
-0.3790591
-0.3509988
-0.3353130
-0.3171837
-0.2858537
-0.2505764
-0.2302100
-0.2318354
-0.2436611
-0.2486301
-0.2419840
-0.2337442
-0.2352627
-0.2459545
-0.2543299
-0.2506989
-0.2368100
-0.2227599
-0.2164055
-0.2176686
-0.2223322
-0.2280370
-0.2341056
-0.2370475
-0.2308041
-0.2143829
-0.1973654
-0.1931510
-0.2044589
-0.2179958
-0.2173320
-0.2013308
-0.1863351
-0.1876350
-0.2008366
-0.2056803
-0.1890936
-0.1607844
-0.1426402
-0.1441878
-0.1530751
-0.1511807
-0.1358991
-0.1207851
-0.1163900
-0.1167140
-0.1081673
-0.0881726
-0.0686394
-0.0604813
-0.0605708
-0.0583145
-0.0516491
-0.0493171
-0.0557331
-0.0600913
-0.0471188
-0.0173388
0.0103503
0.0195046
0.0150491
0.0159437
0.0306786
0.0472715
0.0507997
0.0451864
0.0497043
0.0735577
0.1014682
0.1102472
0.0965908
0.0809329
0.0818197
0.0927489
0.0908012
0.0664353
0.0369955
0.0268403
0.0387827
0.0519653
0.0477066
0.0302891
0.0175391
0.0152534
0.0095736
-0.0127464
-0.0429279
-0.0564866
-0.0411664
-0.0127241
0.0008777
-0.0116098
-0.0357444
-0.0502152
-0.0491146
-0.0428776
-0.0414763
-0.0432313
-0.0411807
-0.0348657
-0.0306703
-0.0319402
-0.0343508
-0.0332949
-0.0319301
-0.0371041
-0.0479750
-0.0539588
-0.0469974
-0.0328134
-0.0251288
-0.0287895
-0.0338065
-0.0294407
-0.0205075
-0.0228952
-0.0414163
-0.0582825
-0.0502788
-0.0167997
0.0157474
0.0212707
0.0021500
-0.0153648
-0.0130940
-0.0014650
-0.0040071
-0.0257390
-0.0450676
-0.0392904
-0.0122194
0.0095583
0.0063503
-0.0150851
