0.0328990
0.0137435
0.0014297
0.0176020
0.0464650
0.0597658
0.0543771
0.0496559
0.0562836
0.0654177
0.0668882
0.0629368
0.0608349
0.0615827
0.0596527
0.0492881
0.0305551
0.0128488
0.0103333
0.0283928
0.0555530
0.0734597
0.0736423
0.0604405
0.0403055
0.0152643
-0.0123642
-0.0345774
-0.0410935
-0.0285631
-0.0062512
0.0089867
0.0070439
-0.0051683
-0.0113161
-0.0046432
0.0052626
0.0069838
0.0026710
0.0030605
0.0106397
0.0158272
0.0112865
0.0037862
0.0064416
0.0201660
0.0283224
0.0144761
-0.0154497
-0.0349401
-0.0250195
0.0031363
0.0202062
0.0123854
-0.0043666
-0.0060519
0.0102192
0.0249371
0.0209654
0.0020251
-0.0157486
-0.0252963
-0.0350083
-0.0528485
-0.0705866
-0.0712606
-0.0520247
-0.0313837
-0.0282024
-0.0382415
-0.0395605
-0.0208097
0.0039485
0.0126530
0.0022034
-0.0087437
-0.0032756
0.0144468
0.0280290
0.0334354
0.0462015
0.0802509
0.1255970
0.1561623
0.1602370
0.1547314
0.1638864
0.1889973
0.2071250
0.1994081
0.1732039
0.1520703
0.1478295
0.1489681
0.1377777
0.1137882
0.0948192
0.0953762
0.1095653
0.1185291
0.1111554
0.0924375
0.0729354
0.0567176
0.0424347
0.0310681
0.0259012
0.0243311
0.0153007
-0.0095357
-0.0414227
-0.0557806
-0.0337431
0.0151924
0.0546767
0.0502224
-0.0005590
-0.0651098
-0.1030416
-0.0980509
-0.0671000
-0.0410864
-0.0356811
-0.0382246
-0.0208008
0.0362070
0.1360051
0.2791546
0.4758715
0.7307308
1.0075257
1.2161228
1.2530665
1.0747421
0.7392634
0.3722041
0.0812341
-0.1047459
-0.2219324
-0.3096674
-0.3697612
-0.3819723
-0.3441641
-0.2853745
-0.2408935
-0.2234501
-0.2221568
-0.2233207
-0.2246007
-0.2292245
-0.2344640
-0.2326372
-0.2223301
-0.2126416
-0.2135649
-0.2248778
-0.2371176
-0.2416710
-0.2370166
-0.2263329
-0.2131249
-0.2006110
-0.1926185
-0.1920351
-0.1979884
-0.2055956
-0.2090284
-0.2050403
-0.1942886
-0.1803068
-0.1675301
-0.1594211
-0.1571891
-0.1600029
-0.1671090
-0.1793401
-0.1962102
-0.2103626
-0.2083187
-0.1824134
-0.1435152
-0.1173390
-0.1229161
-0.1541660
-0.1854140
-0.1959277
-0.1869699
-0.1737966
-0.1642933
-0.1507577
-0.1239974
-0.0905267
-0.0694916
-0.0717830
-0.0868859
-0.0933172
-0.0789365
-0.0472307
-0.0068813
0.0366090
0.0761800
0.0977298
0.0895543
0.0593697
0.0350080
0.0411811
0.0759254
0.1149816
0.1401243
0.1570604
0.1807294
0.2080640
0.2160459
0.1905380
0.1494744
0.1283285
0.1426519
0.1720223
0.1840649
0.1691002
0.1452612
0.1318368
0.1263615
0.1128363
0.0873762
0.0663261
0.0660323
0.0804432
0.0851685
0.0631619
0.0216569
-0.0171888
-0.0381032
-0.0425378
-0.0403747
-0.0376042
-0.0335956
-0.0268415
-0.0194222
-0.0154286
-0.0172213
-0.0245310
-0.0359709
-0.0494854
-0.0613049
-0.0663751
-0.0615139
-0.0486864
-0.0354106
-0.0317664
-0.0448810
-0.0727777
-0.1022178
-0.1153822
-0.1029052
-0.0720276
-0.0411355
-0.0257188
-0.0296690
-0.0483655
-0.0758383
-0.1058867
-0.1287738
-0.1337619
-0.1196748
-0.1007671
-0.0958312
-0.1084927
-0.1214600
-0.1143650
-0.0864563
-0.0578059
-0.0477204
-0.0560338
-0.0679206
-0.0733194
-0.0760762
-0.0838622
-0.0948149
-0.0989955
-0.0919027
-0.0817094
-0.0806433
-0.0911430
-0.1031709
-0.1048359
-0.0937463
-0.0782429
-0.0698386
-0.0747235
-0.0896220
-0.1037613
-0.1067760
-0.0977447
-0.0862443
-0.0821505
-0.0846421
-0.0844585
-0.0779086
-0.0743426
-0.0849429
-0.1053546
-0.1159771
-0.1033757
-0.0776079
-0.0618778
-0.0649405
-0.0706673
-0.0594303
-0.0351649
-0.0232576
-0.0409376
-0.0768121
-0.1042432
-0.1107958
-0.1081473
-0.1139822
-0.1313603
-0.1492467
-0.1579247
-0.1568845
-0.1484545
-0.1315471
-0.1064529
-0.0817514
-0.0696126
-0.0734689
-0.0849600
-0.0947158
-0.1018118
-0.1093430
-0.1147996
-0.1116257
-0.1005055
-0.0924385
-0.0962402
-0.1063656
-0.1087175
-0.0982397
-0.0853801
-0.0827917
-0.0899763
-0.0959460
-0.0951095
-0.0938569
-0.0991724
-0.1062708
-0.1034381
-0.0876701
-0.0695403
-0.0609453
-0.0622631
-0.0640009
-0.0570193
-0.0366753
-0.0001685
0.0515838
0.1060977
0.1398940
0.1358425
0.1017099
0.0663910
0.0542192
0.0650850
0.0818029
0.0924859
0.0987967
0.1032859
0.0989730
0.0793896
0.0546468
0.0465417
0.0636686
0.0880584
0.0936442
0.0758453
0.0550717
0.0488073
0.0473103
0.0244652
-0.0287116
-0.0893635
-0.1253958
-0.1281848
-0.1171497
-0.1138469
-0.1191667
-0.1191781
-0.1073450
-0.0929667
-0.0873286
-0.0882739
-0.0832913
-0.0653260
-0.0401232
-0.0171342
0.0027549
0.0289102
0.0762137
0.1657866
0.3274974
0.5857604
0.9250556
1.2651721
1.4837561
1.4843708
1.2590078
0.8913798
0.4993556
0.1682050
-0.0738070
-0.2341533
-0.3262271
-0.3609434
-0.3539123
-0.3256555
-0.2902950
-0.2495541
-0.2026449
-0.1594598
-0.1385087
-0.1506193
-0.1873911
-0.2267870
-0.2483086
-0.2430747
-0.2146043
-0.1757675
-0.1444518
-0.1351222
-0.1483941
-0.1692070
-0.1794654
-0.1741527
-0.1630292
-0.1559512
-0.1503496
-0.1368913
-0.1155013
-0.0999185
-0.1037253
-0.1247557
-0.1465808
-0.1542907
-0.1458976
-0.1291672
-0.1122511
-0.1003080
-0.0976897
-0.1068189
-0.1226473
-0.1324615
-0.1264180
-0.1085468
-0.0934763
-0.0900272
-0.0901374
-0.0771371
-0.0451645
-0.0082229
0.0114449
0.0041221
-0.0174649
-0.0276241
-0.0079038
0.0380197
0.0854846
0.1054069
0.0855067
0.0411366
0.0059139
0.0070229
0.0445976
0.0939272
0.1292306
0.1460123
0.1598426
0.1846034
0.2156013
0.2364378
0.2403237
0.2397987
0.2530386
0.2826995
0.3116393
0.3198661
0.3032899
0.2749779
0.2511721
0.2397060
0.2406026
0.2514807
0.2676683
0.2794966
0.2761093
0.2552154
0.2266341
0.2029063
0.1869730
0.1719061
0.1527375
0.1345918
0.1258958
0.1252748
0.1200028
0.0997314
0.0693862
0.0453405
0.0392076
0.0479579
0.0600491
0.0679481
0.0724227
0.0768022
0.0809780
0.0816648
0.0756829
0.0613422
0.0390423
0.0139213
-0.0026691
0.0009717
0.0258102
0.0579061
0.0789823
0.0824098
0.0765924
0.0714499
0.0646938
0.0455609
0.0117422
-0.0219721
-0.0347927
-0.0179381
0.0203633
0.0646116
0.1005679
0.1134555
0.0870095
0.0168328
-0.0716194
-0.1275433
-0.1105970
-0.0282526
0.0657896
0.1154185
0.1057263
0.0641406
0.0242224
-0.0038087
-0.0262968
-0.0408184
-0.0306951
0.0117623
0.0645237
0.0881814
0.0615201
0.0012567
-0.0551489
-0.0827772
-0.0831528
-0.0705087
-0.0537945
-0.0355315
-0.0210733
-0.0185481
-0.0269056
-0.0307031
-0.0145739
0.0161125
0.0341977
0.0152231
-0.0363523
-0.0871855
-0.1024408
-0.0741625
-0.0254885
0.0093090
0.0089633
-0.0240756
-0.0689733
-0.1006912
-0.1049303
-0.0865809
-0.0653505
-0.0591860
-0.0682373
-0.0758943
-0.0685802
-0.0539837
-0.0543817
-0.0774797
-0.0967641
-0.0700968
0.0145745
0.1129498
0.1518356
0.0912976
-0.0368564
-0.1533384
-0.1965617
-0.1672844
-0.1141999
-0.0820964
-0.0773344
-0.0791133
-0.0731231
-0.0657161
-0.0676627
-0.0747544
-0.0720037
-0.0543110
-0.0350220
-0.0310499
-0.0442870
-0.0625843
-0.0762631
-0.0858338
-0.0912430
-0.0820250
-0.0489283
-0.0055932
0.0131139
-0.0141941
-0.0631757
-0.0771159
-0.0213319
0.0765090
0.1463601
0.1391958
0.0701273
-0.0000535
-0.0209463
0.0121255
0.0710815
0.1295150
0.1771279
0.2075369
0.2077365
0.1697536
0.1096463
0.0644604
0.0629423
0.0987631
0.1351786
0.1372214
0.0995249
0.0450435
0.0017699
-0.0155831
-0.0043072
0.0351647
0.0965190
0.1552257
0.1704476
0.1153501
0.0134380
-0.0624871
-0.0441625
0.0668644
0.1880572
0.2196812
0.1291724
-0.0240156
-0.1460001
-0.1891521
-0.1778620
-0.1645420
-0.1725532
-0.1845035
-0.1739544
-0.1334701
-0.0707934
0.0079282
0.0990650
0.1921204
0.2776160
0.3722574
0.5223645
0.7592011
1.0408464
1.2488862
1.2618638
1.0457587
0.6782998
0.2879076
-0.0312301
-0.2546295
-0.4003618
-0.4851125
-0.5090301
-0.4715989
-0.3900314
-0.2990483
-0.2345844
-0.2155304
-0.2347451
-0.2646904
-0.2761444
-0.2579935
-0.2215048
-0.1855850
-0.1600914
-0.1456248
-0.1450584
-0.1646258
-0.1977356
-0.2148035
-0.1833211
-0.1052845
-0.0292310
-0.0149053
-0.0811922
-0.1896945
-0.2789720
-0.3116369
-0.2896989
-0.2355682
-0.1712611
-0.1165701
-0.0926791
-0.1112518
-0.1570503
-0.1914785
-0.1837850
-0.1403764
-0.0989095
-0.0910460
-0.1128545
-0.1331713
-0.1280238
-0.1023489
-0.0779074
-0.0655012
-0.0547550
-0.0310969
0.0025412
0.0253380
0.0192334
-0.0132899
-0.0527559
-0.0807133
-0.0911815
-0.0863917
-0.0680355
-0.0376299
-0.0029048
0.0238385
0.0379986
0.0498911
0.0737548
0.1090807
0.1386025
0.1492059
0.1516248
0.1717183
0.2187844
0.2671311
0.2764603
0.2332305
0.1687951
0.1330387
0.1498112
0.1992205
0.2417329
0.2553398
0.2477697
0.2372380
0.2291136
0.2154206
0.1938048
0.1790324
0.1895007
0.2219822
0.2446542
0.2213280
0.1459914
0.0530212
-0.0090176
-0.0160749
0.0157138
0.0487533
0.0555542
0.0342700
0.0010824
-0.0251847
-0.0315058
-0.0131945
0.0226227
0.0560259
0.0652386
0.0457194
0.0172299
0.0059270
0.0169630
0.0281565
0.0140947
-0.0253067
-0.0642761
-0.0790327
-0.0712227
-0.0601033
-0.0546990
-0.0413871
-0.0034453
0.0503031
0.0834164
0.0628251
-0.0081247
-0.0890130
-0.1349712
-0.1305018
-0.0942640
-0.0560559
-0.0327638
-0.0244758
-0.0261156
-0.0352448
-0.0478846
-0.0536150
-0.0423035
-0.0165361
0.0079437
0.0183255
0.0191747
0.0257495
0.0420688
0.0508576
0.0306396
-0.0179345
-0.0680550
-0.0916980
-0.0859487
-0.0715105
-0.0673332
-0.0721185
-0.0720004
-0.0607851
-0.0466533
-0.0398700
-0.0401185
-0.0393667
-0.0341256
-0.0302322
-0.0354884
-0.0511735
-0.0721446
-0.0922502
-0.1067680
-0.1113795
-0.1034543
-0.0861752
-0.0686588
-0.0589434
-0.0572748
-0.0583453
-0.0595616
-0.0638040
-0.0724075
-0.0781563
-0.0696513
-0.0443358
-0.0153260
-0.0024789
-0.0150674
-0.0428253
-0.0641821
-0.0643188
-0.0472788
-0.0322750
-0.0378467
-0.0671154
-0.1060606
-0.1357175
-0.1470992
-0.1452456
-0.1396362
-0.1324118
-0.1178737
-0.0931739
-0.0663305
-0.0508258
-0.0528463
-0.0665703
-0.0824577
-0.0966842
-0.1091733
-0.1145659
-0.1020421
-0.0688014
-0.0311619
-0.0152124
-0.0322061
-0.0651219
-0.0837464
-0.0741208
-0.0510616
-0.0407401
-0.0529919
-0.0726645
-0.0766195
-0.0557954
-0.0198784
0.0160297
0.0448961
0.0675835
0.0834893
0.0866465
0.0736304
0.0537887
0.0473395
0.0689412
0.1113294
0.1470986
0.1505346
0.1201254
0.0790183
0.0520285
0.0429667
0.0363118
0.0200027
0.0019050
0.0005539
0.0221311
0.0519569
0.0698962
0.0692683
0.0562312
0.0337673
-0.0051342
-0.0641476
-0.1286053
-0.1722596
-0.1815462
-0.1686967
-0.1570655
-0.1561042
-0.1556656
-0.1440929
-0.1249519
-0.1112567
-0.1067161
-0.0997909
-0.0780452
-0.0433855
-0.0086152
0.0199576
0.0539802
0.1198817
0.2490900
0.4670788
0.7745168
1.1211030
1.3983325
1.4813743
1.3080613
0.9325105
0.4970929
0.1380410
-0.0944823
-0.2354876
-0.3385397
-0.4183758
-0.4541292
-0.4321719
-0.3713332
-0.3064089
-0.2582566
-0.2267703
-0.2067341
-0.1992750
-0.2053754
-0.2165839
-0.2203025
-0.2132599
-0.2036243
-0.1983099
-0.1933664
-0.1811625
-0.1642581
-0.1558476
-0.1646334
-0.1835660
-0.1975530
-0.2004205
-0.1992689
-0.2013283
-0.2020608
-0.1918065
-0.1729084
-0.1632850
-0.1780365
-0.2093394
-0.2300357
-0.2197464
-0.1854598
-0.1540895
-0.1460856
-0.1591939
-0.1771246
-0.1885047
-0.1931396
-0.1928472
-0.1842604
-0.1649537
-0.1425488
-0.1305399
-0.1332444
-0.1393883
-0.1343835
-0.1167212
-0.0975351
-0.0842049
-0.0703437
-0.0461669
-0.0152302
0.0064120
0.0096169
0.0050008
0.0107618
0.0297398
0.0459771
0.0473428
0.0461671
0.0693307
0.1259413
0.1901021
0.2213441
0.2027168
0.1563645
0.1215817
0.1204869
0.1459942
0.1783877
0.2064351
0.2302738
0.2494441
0.2562542
0.2439407
0.2179053
0.1940977
0.1850120
0.1888984
0.1933735
0.1876606
0.1695312
0.1420704
0.1082377
0.0714023
0.0391396
0.0215934
0.0230367
0.0357725
0.0446310
0.0386533
0.0186653
-0.0054513
-0.0231890
-0.0293379
-0.0246842
-0.0141595
-0.0043749
-0.0000020
-0.0002119
0.0005402
0.0059358
0.0115954
0.0074549
-0.0119265
-0.0399731
-0.0625994
-0.0704786
-0.0660634
-0.0586067
-0.0540910
-0.0515667
-0.0483140
-0.0455361
-0.0468107
-0.0515390
-0.0523648
-0.0411795
-0.0183527
0.0045082
0.0122135
-0.0018425
-0.0294526
-0.0529751
-0.0581302
-0.0436769
-0.0203827
-0.0014321
0.0063903
0.0038868
-0.0049427
-0.0160195
-0.0246292
-0.0255141
-0.0170412
-0.0052977
-0.0009934
-0.0097293
-0.0256807
-0.0368556
-0.0372429
-0.0325389
-0.0330053
-0.0417894
-0.0520238
-0.0553124
-0.0509903
-0.0456014
-0.0444244
-0.0459933
-0.0458597
-0.0440068
-0.0459742
-0.0556828
-0.0684080
-0.0730566
-0.0628507
-0.0436282
-0.0302565
-0.0334994
-0.0499640
-0.0652006
-0.0666750
-0.0534145
-0.0337199
-0.0160414
-0.0045208
-0.0021919
-0.0130658
-0.0360548
-0.0578809
-0.0589113
-0.0322369
0.0034675
0.0158464
-0.0117282
-0.0627756
-0.1020966
-0.1080336
-0.0892441
-0.0702464
-0.0643103
-0.0638190
-0.0554637
-0.0391408
-0.0281147
-0.0324837
-0.0472248
-0.0584196
-0.0586317
-0.0528601
-0.0497426
-0.0506668
-0.0503193
-0.0463621
-0.0439237
-0.0475883
-0.0510199
-0.0400218
-0.0095695
0.0240528
0.0336355
0.0071959
-0.0376413
-0.0690559
-0.0716296
-0.0587696
-0.0528997
-0.0563838
-0.0473322
-0.0053953
0.0625217
0.1259790
0.1586554
0.1584178
0.1411214
0.1216796
0.1062860
0.0989372
0.1054126
0.1256393
0.1468321
0.1519068
0.1363294
0.1124888
0.0953439
0.0873137
0.0806171
0.0709941
0.0620092
0.0547321
0.0408668
0.0135109
-0.0177662
-0.0321721
-0.0226078
-0.0092206
-0.0192982
-0.0535952
-0.0812094
-0.0736325
-0.0392438
-0.0155181
-0.0264589
-0.0560946
-0.0698476
-0.0565942
-0.0391942
-0.0418467
-0.0570716
-0.0543246
-0.0183281
0.0321757
0.0686922
0.0899668
0.1283977
0.2225330
0.3894126
0.6192241
0.8794816
1.1115259
1.2328054
1.1709962
0.9190917
0.5578995
0.2095798
-0.0433767
-0.1973146
-0.2918057
-0.3484708
-0.3562048
-0.3112534
-0.2506217
-0.2280186
-0.2578169
-0.2968674
-0.2902296
-0.2299380
-0.1609112
-0.1313420
-0.1470667
-0.1775237
-0.1963353
-0.2041923
-0.2130686
-0.2213086
