-0.1059590
-0.0917947
-0.0213420
0.0201058
0.0211473
0.0293124
0.0554178
0.0654468
0.0512399
0.0433751
0.0554436
0.0674348
0.0662385
0.0609442
0.0564967
0.0471598
0.0366358
0.0349198
0.0363611
0.0269671
0.0105476
0.0036427
0.0082449
0.0114311
0.0076797
0.0016250
-0.0061883
-0.0176207
-0.0262191
-0.0251837
-0.0211615
-0.0255166
-0.0372031
-0.0465460
-0.0492895
-0.0458970
-0.0350555
-0.0189412
-0.0070269
-0.0044046
-0.0038306
0.0019706
0.0082548
0.0066000
-0.0026743
-0.0136550
-0.0229007
-0.0286986
-0.0301665
-0.0319222
-0.0416839
-0.0592039
-0.0753916
-0.0852095
-0.0930921
-0.1033438
-0.1138541
-0.1214776
-0.1253245
-0.1232355
-0.1133752
-0.1006284
-0.0934049
-0.0930138
-0.0934588
-0.0919679
-0.0923958
-0.0978101
-0.1059692
-0.1120444
-0.1111333
-0.1005015
-0.0848370
-0.0761261
-0.0818734
-0.0956675
-0.1046177
-0.1031043
-0.0944795
-0.0835445
-0.0732282
-0.0650939
-0.0574180
-0.0455532
-0.0286116
-0.0126268
-0.0033826
0.0003275
0.0030994
0.0065755
0.0097067
0.0114267
0.0105559
0.0069234
0.0042679
0.0075573
0.0158578
0.0224219
0.0231611
0.0204674
0.0177593
0.0150940
0.0111616
0.0051614
-0.0037469
-0.0144396
-0.0214283
-0.0194719
-0.0110179
-0.0046954
-0.0059803
-0.0126730
-0.0190286
-0.0211825
-0.0198160
-0.0206081
-0.0299000
-0.0462416
-0.0586438
-0.0575976
-0.0462679
-0.0370043
-0.0380989
-0.0467596
-0.0530963
-0.0483911
-0.0318714
-0.0120677
0.0007146
0.0053450
0.0107987
0.0246306
0.0438768
0.0593878
0.0658167
0.0650050
0.0622743
0.0614264
0.0613839
0.0570259
0.0457699
0.0330596
0.0275372
0.0304069
0.0335147
0.0288902
0.0168864
0.0042230
-0.0029755
-0.0037742
-0.0028409
-0.0063560
-0.0151362
-0.0224866
-0.0214445
-0.0131741
-0.0055234
-0.0044722
-0.0096699
-0.0168656
-0.0217252
-0.0226190
-0.0226273
-0.0275942
-0.0394391
-0.0524520
-0.0586053
-0.0556695
-0.0485344
-0.0438949
-0.0447838
-0.0484123
-0.0483596
-0.0411692
-0.0315810
-0.0282290
-0.0329086
-0.0372905
-0.0321285
-0.0171139
0.0001334
0.0125955
0.0198071
0.0270489
0.0395851
0.0563250
0.0693835
0.0720546
0.0668584
0.0630244
0.0660580
0.0723716
0.0742423
0.0677217
0.0557101
0.0452305
0.0412319
0.0412853
0.0374529
0.0254557
0.0105961
0.0020346
0.0023380
0.0053908
0.0039065
-0.0035044
-0.0124279
-0.0179252
-0.0197752
-0.0229096
-0.0314106
-0.0420286
-0.0464497
-0.0412731
-0.0329808
-0.0309257
-0.0373451
-0.0462160
-0.0504150
-0.0483059
-0.0442738
-0.0436688
-0.0462984
-0.0451838
-0.0339530
-0.0156368
-0.0015081
-0.0000761
-0.0087765
-0.0170469
-0.0163117
-0.0070658
0.0024497
0.0050654
0.0035358
0.0090747
0.0285045
0.0542886
0.0712982
0.0739432
0.0733636
0.0860796
0.1173110
0.1576328
0.1968267
0.2399805
0.3054557
0.4003049
0.4954976
0.5314868
0.4573283
0.2700864
0.0189897
-0.2263103
-0.4131090
-0.5216040
-0.5572675
-0.5353861
-0.4725913
-0.3871285
-0.2987578
-0.2222396
-0.1609701
-0.1104147
-0.0679638
-0.0362273
-0.0165286
-0.0036954
0.0096986
0.0256865
0.0397234
0.0464930
0.0457026
0.0423135
0.0412516
0.0418665
0.0387614
0.0291746
0.0181520
0.0143055
0.0209044
0.0327541
0.0412990
0.0415074
0.0349399
0.0280617
0.0268455
0.0311997
0.0352157
0.0343502
0.0314986
0.0341645
0.0459432
0.0621613
0.0738428
0.0754031
0.0689614
0.0614383
0.0569178
0.0525634
0.0438232
0.0328745
0.0283104
0.0350750
0.0475679
0.0551754
0.0532617
0.0465255
0.0420027
0.0407238
0.0373533
0.0280335
0.0172605
0.0142697
0.0212244
0.0276245
0.0201125
-0.0025715
-0.0277287
-0.0424441
-0.0466392
-0.0512116
-0.0648707
-0.0844295
-0.0980924
-0.0978083
-0.0877125
-0.0794931
-0.0799115
-0.0850533
-0.0873187
-0.0849936
-0.0823721
-0.0822606
-0.0817747
-0.0759237
-0.0634614
-0.0484559
-0.0365963
-0.0300946
-0.0263597
-0.0221580
-0.0183669
-0.0188480
-0.0245693
-0.0309213
-0.0318156
-0.0252635
-0.0145062
-0.0049645
-0.0002565
0.0005406
0.0023338
0.0092283
0.0195730
0.0270741
0.0276941
0.0246030
0.0254956
0.0350656
0.0500148
0.0614241
0.0629219
0.0570090
0.0521304
0.0528176
0.0546160
0.0504488
0.0401235
0.0305293
0.0268475
0.0265596
0.0232383
0.0146129
0.0053624
0.0019008
0.0050867
0.0090954
0.0082040
0.0036511
0.0017626
0.0054930
0.0105190
0.0108415
0.0059988
0.0007096
-0.0014617
-0.0019345
-0.0043996
-0.0092370
-0.0113398
-0.0044030
0.0117602
0.0289431
0.0373453
0.0348537
0.0283274
0.0257286
0.0284938
0.0319260
0.0315971
0.0284646
0.0280337
0.0345175
0.0456027
0.0538275
0.0541494
0.0495776
0.0483224
0.0560540
0.0721866
0.0933378
0.1194065
0.1566440
0.2149455
0.2992096
0.3985429
0.4815435
0.5048271
0.4337620
0.2651018
0.0368851
-0.1850267
-0.3401127
-0.4046634
-0.3972658
-0.3551299
-0.3043096
-0.2496635
-0.1875504
-0.1221995
-0.0673503
-0.0334304
-0.0163189
-0.0013604
0.0212826
0.0474424
0.0663646
0.0748997
0.0807333
0.0916959
0.1057165
0.1138166
0.1116348
0.1054526
0.1060287
0.1172366
0.1319604
0.1399220
0.1387209
0.1351797
0.1356378
0.1378585
0.1349675
0.1257364
0.1173848
0.1173751
0.1246592
0.1308571
0.1297364
0.1240813
0.1220130
0.1266322
0.1312717
0.1271368
0.1149402
0.1058307
0.1093927
0.1227679
0.1336995
0.1334735
0.1249680
0.1179140
0.1176962
0.1199568
0.1164460
0.1053920
0.0943826
0.0920689
0.0985400
0.1060294
0.1085098
0.1078554
0.1097375
0.1157141
0.1214776
0.1225235
0.1199034
0.1193105
0.1244332
0.1321594
0.1356202
0.1318156
0.1243897
0.1181577
0.1130796
0.1058830
0.0964804
0.0896754
0.0894666
0.0932892
0.0935681
0.0851636
0.0705483
0.0568080
0.0474969
0.0388781
0.0256752
0.0095047
-0.0012937
-0.0011092
0.0059577
0.0104721
0.0078944
0.0024451
0.0009743
0.0049127
0.0095337
0.0106978
0.0106732
0.0157570
0.0283258
0.0431932
0.0529474
0.0553390
0.0536723
0.0514088
0.0495074
0.0491747
0.0537883
0.0655140
0.0810018
0.0929187
0.0967888
0.0955016
0.0957782
0.1000193
0.1031770
0.0992236
0.0896438
0.0825118
0.0823237
0.0836355
0.0773206
0.0616342
0.0439392
0.0313959
0.0229108
0.0122066
-0.0025511
-0.0150644
-0.0180425
-0.0124029
-0.0066419
-0.0066273
-0.0089445
-0.0068723
-0.0009064
0.0011359
-0.0047743
-0.0118116
-0.0096938
0.0024189
0.0140766
0.0154121
0.0083779
0.0038142
0.0079645
0.0149899
0.0150461
0.0080814
0.0054162
0.0160315
0.0344776
0.0460127
0.0429195
0.0322125
0.0264472
0.0299173
0.0362961
0.0385160
0.0376907
0.0407434
0.0507514
0.0624129
0.0679713
0.0654964
0.0589611
0.0512598
0.0408006
0.0261880
0.0112128
0.0020841
0.0003596
0.0011439
-0.0011850
-0.0070835
-0.0126099
-0.0150628
-0.0161253
-0.0187119
-0.0218915
-0.0211045
-0.0141164
-0.0049328
0.0000889
-0.0007979
-0.0037461
-0.0050637
-0.0054513
-0.0073961
-0.0101881
-0.0097939
-0.0038066
0.0050149
0.0113298
0.0130475
0.0131920
0.0151479
0.0174153
0.0154864
0.0090144
0.0041964
0.0069457
0.0153788
0.0219437
0.0228250
0.0224526
0.0272939
0.0368064
0.0428714
0.0386482
0.0265288
0.0158830
0.0133286
0.0171149
0.0217413
0.0257528
0.0321587
0.0418464
0.0501809
0.0519177
0.0475517
0.0425244
0.0406833
0.0404888
0.0380672
0.0324830
0.0265805
0.0228600
0.0202020
0.0160444
0.0110406
0.0091874
0.0123864
0.0168857
0.0173723
0.0138536
0.0118886
0.0153079
0.0206945
0.0209485
0.0140592
0.0067487
0.0081646
0.0199029
0.0333693
0.0381497
0.0327201
0.0255794
0.0256291
0.0330030
0.0404155
0.0423433
0.0409918
0.0429641
0.0512978
0.0618661
0.0677150
0.0662061
0.0609030
0.0564322
0.0531601
0.0484914
0.0423645
0.0386198
0.0399535
0.0436132
0.0442456
0.0404042
0.0360078
0.0346391
0.0344103
0.0313270
0.0281969
0.0368479
0.0671936
0.1139856
0.1596026
0.1947509
0.2343907
0.3052555
0.4109787
0.5096485
0.5320781
0.4307720
0.2182516
-0.0387315
-0.2629416
-0.4098061
-0.4771925
-0.4843171
-0.4485673
-0.3811191
-0.2952861
-0.2091950
-0.1371597
-0.0812616
-0.0345031
0.0077066
0.0410013
0.0578373
0.0585754
0.0543631
0.0575462
0.0700479
0.0828766
0.0870754
0.0835067
0.0810543
0.0863680
0.0969147
0.1043379
0.1036869
0.0981973
0.0945819
0.0946634
0.0936052
0.0870252
0.0779004
0.0740655
0.0791250
0.0882326
0.0940987
0.0957527
0.0992438
0.1093826
0.1226055
0.1300958
0.1281368
0.1232653
0.1251575
0.1352113
0.1449213
0.1463864
0.1418735
0.1404062
0.1458112
0.1513567
0.1477960
0.1351472
0.1238675
0.1233035
0.1302042
0.1307247
0.1144754
0.0852979
0.0569127
0.0388048
0.0283146
0.0166654
0.0005035
-0.0143704
-0.0201644
-0.0161813
-0.0097790
-0.0085920
-0.0128063
-0.0159682
-0.0130701
-0.0062526
-0.0014517
-0.0003780
0.0022195
0.0126743
0.0308473
0.0495877
0.0619077
0.0681135
0.0750195
0.0877326
0.1029542
0.1117870
0.1095571
0.1017174
0.0989142
0.1064292
0.1192243
0.1273474
0.1256469
0.1180307
0.1125594
0.1128934
0.1151452
0.1133269
0.1070142
0.1022670
0.1047336
0.1130425
0.1200553
0.1203615
0.1156011
0.1119949
0.1130628
0.1156828
0.1140390
0.1070640
0.1004706
0.1004016
0.1058864
0.1091638
0.1037232
0.0909345
0.0781362
0.0708681
0.0678933
0.0639084
0.0563287
0.0482567
0.0440949
0.0428483
0.0373210
0.0207653
-0.0064123
-0.0374690
-0.0664420
-0.0936453
-0.1247805
-0.1668575
-0.2266521
-0.3118793
-0.4292895
-0.5764584
-0.7342424
-0.8721516
-0.9685394
-1.0291530
-1.0833014
-1.1566358
-1.2445398
-1.3120462
-1.3211376
-1.2603631
-1.1513984
-1.0308332
-0.9273441
-0.8533951
-0.8114358
-0.8003893
-0.8136107
-0.8345710
-0.8409128
-0.8165567
-0.7605749
-0.6843540
-0.6005645
-0.5144104
-0.4236921
-0.3255384
-0.2226504
-0.1235922
-0.0374581
0.0320316
0.0880875
0.1372722
0.1840809
0.2280970
0.2660090
0.2965927
0.3234608
0.3520163
0.3835088
0.4133083
0.4362426
0.4532726
0.4715068
0.4968958
0.5274372
0.5545579
0.5715987
0.5803987
0.5886995
0.6012411
0.6148852
0.6235692
0.6269729
0.6320680
0.6454676
0.6658359
0.6853878
0.6984211
0.7067094
0.7157244
0.7265717
0.7335303
0.7305738
0.7195031
0.7097444
0.7090728
0.7151812
0.7174726
0.7072072
0.6852825
0.6600716
0.6384229
0.6194527
0.5971685
0.5685522
0.5379760
0.5127670
0.4947247
0.4774348
0.4528912
0.4201644
0.3864377
0.3595498
0.3406309
0.3247197
0.3078351
0.2918287
0.2813294
0.2766369
0.2714530
0.2586985
0.2378418
0.2152102
0.1971045
0.1837556
0.1705259
0.1542341
0.1374112
0.1262213
0.1242821
0.1283713
0.1303201
0.1238025
0.1098151
0.0953730
0.0864796
0.0824383
0.0774361
0.0677071
0.0563423
0.0500008
0.0508356
0.0530881
0.0490265
0.0376268
0.0254206
0.0183889
0.0152598
0.0107498
0.0040220
0.0005124
0.0040861
0.0098046
0.0077307
-0.0056127
-0.0220370
-0.0300855
-0.0278569
-0.0247793
-0.0295982
-0.0388827
-0.0404096
-0.0279219
-0.0097139
-0.0006586
-0.0067555
-0.0195391
-0.0257995
-0.0209817
-0.0117879
-0.0066583
-0.0060863
-0.0035909
0.0049457
0.0153046
0.0192570
0.0136539
0.0036437
-0.0031474
-0.0044391
-0.0047248
-0.0095150
-0.0190249
-0.0278678
-0.0308174
-0.0285494
-0.0274541
-0.0338068
-0.0482756
-0.0659781
-0.0813366
-0.0925024
-0.1013179
-0.1095676
-0.1157719
-0.1160960
-0.1087620
-0.0974159
-0.0894079
-0.0900607
-0.0984476
-0.1088452
-0.1162002
-0.1200228
-0.1230891
-0.1268767
-0.1290565
-0.1260646
-0.1178858
-0.1091379
-0.1045648
-0.1040506
-0.1034448
-0.1004867
-0.0983296
-0.1015814
-0.1091191
-0.1128164
-0.1051847
-0.0882074
-0.0729256
-0.0688930
-0.0744445
-0.0788203
-0.0741684
-0.0639572
-0.0582924
-0.0618146
-0.0683040
-0.0680424
-0.0592675
-0.0507169
-0.0525507
-0.0657658
-0.0815529
-0.0909695
-0.0941382
-0.0989936
-0.1112320
-0.1266795
-0.1345450
-0.1283425
-0.1132155
-0.1019785
-0.1034751
-0.1146718
-0.1244773
-0.1254917
-0.1214807
-0.1226996
-0.1343166
-0.1506936
-0.1614833
-0.1622215
-0.1576722
-0.1552144
-0.1568730
-0.1590797
-0.1591245
-0.1591906
-0.1625889
-0.1674089
-0.1666500
-0.1557464
-0.1384858
-0.1236261
-0.1157702
-0.1111846
-0.1033548
-0.0915115
-0.0820395
-0.0811630
-0.0874232
-0.0926869
-0.0906911
-0.0835426
-0.0788974
-0.0811514
-0.0866986
-0.0884443
-0.0841093
-0.0787287
-0.0785725
-0.0834589
-0.0863082
-0.0808737
-0.0694480
-0.0618445
-0.0660610
-0.0802288
-0.0944892
-0.1009061
-0.1008837
-0.1024226
-0.1106341
-0.1219867
-0.1283232
-0.1259479
-0.1197190
-0.1177532
-0.1227760
-0.1297786
-0.1323635
-0.1302630
-0.1293839
-0.1345307
-0.1432945
-0.1480349
-0.1436772
-0.1327984
-0.1227835
-0.1185531
-0.1187891
-0.1191157
-0.1176843
-0.1163489
-0.1165672
-0.1159101
-0.1102194
-0.0990469
-0.0873407
-0.0804936
-0.0781416
-0.0744565
-0.0655396
-0.0555954
-0.0536916
-0.0633509
-0.0765920
-0.0805066
-0.0705404
-0.0560891
-0.0516545
-0.0626966
-0.0812707
-0.0955144
-0.1017508
-0.1059065
-0.1140041
-0.1240290
-0.1288726
-0.1260033
-0.1213320
-0.1222701
-0.1286223
-0.1327406
-0.1290025
-0.1212701
-0.1192804
-0.1278549
-0.1410802
-0.1479950
-0.1436305
-0.1336359
-0.1279171
-0.1304291
-0.1358703
-0.1361574
-0.1291700
-0.1204168
-0.1163497
-0.1169657
-0.1157429
-0.1068221
-0.0915265
-0.0771622
-0.0696354
-0.0682599
-0.0683602
-0.0679496
-0.0699281
-0.0769770
-0.0858243
-0.0889544
-0.0828374
-0.0730625
-0.0694135
-0.0755981
-0.0853200
-0.0896647
-0.0875162
-0.0866605
-0.0939093
-0.1057993
-0.1112186
-0.1034135
-0.0876195
-0.0755171
-0.0730068
-0.0752774
-0.0741826
-0.0685238
-0.0650933
-0.0699026
-0.0804517
-0.0876818
-0.0842347
-0.0691848
-0.0454579
-0.0151417
0.0220749
0.0687473
0.1305096
0.2138803
0.3147971
0.4032734
0.4234427
0.3223009
0.0923401
-0.2090197
-0.4872126
-0.6676532
-0.7352919
-0.7257192
-0.6828392
-0.6261687
-0.5535672
-0.4651471
-0.3759587
-0.3047831
-0.2564807
-0.2205103
-0.1861145
-0.1545986
-0.1345847
-0.1279687
-0.1249521
-0.1142186
-0.0955496
-0.0796979
-0.0759495
-0.0820096
-0.0872917
-0.0847637
-0.0773296
-0.0722088
-0.0710927
