-0.0320905
-0.0469764
-0.0612097
-0.0663179
-0.0633405
-0.0599363
-0.0614057
-0.0660010
-0.0681712
-0.0643289
-0.0550300
-0.0434741
-0.0337108
-0.0295223
-0.0324297
-0.0394146
-0.0439323
-0.0413577
-0.0338982
-0.0288190
-0.0308157
-0.0366313
-0.0381423
-0.0307898
-0.0183674
-0.0094001
-0.0092615
-0.0158596
-0.0222901
-0.0231367
-0.0186843
-0.0140722
-0.0147206
-0.0218203
-0.0313192
-0.0372338
-0.0366814
-0.0322751
-0.0295898
-0.0320337
-0.0380387
-0.0430367
-0.0439047
-0.0416538
-0.0404188
-0.0439535
-0.0521272
-0.0598350
-0.0598939
-0.0488891
-0.0312984
-0.0169277
-0.0124317
-0.0146986
-0.0135701
-0.0021672
0.0156791
0.0291938
0.0320427
0.0292951
0.0327436
0.0499563
0.0783035
0.1085767
0.1327910
0.1485589
0.1579415
0.1636298
0.1655709
0.1598170
0.1409225
0.1075307
0.0668268
0.0319485
0.0120017
0.0032052
-0.0086870
-0.0348503
-0.0715671
-0.1029510
-0.1162573
-0.1140013
-0.1104034
-0.1167215
-0.1313173
-0.1436635
-0.1459450
-0.1394179
-0.1307660
-0.1250001
-0.1230214
-0.1241233
-0.1277521
-0.1320593
-0.1333000
-0.1294818
-0.1240966
-0.1230854
-0.1266612
-0.1266436
-0.1151717
-0.0955102
-0.0800736
-0.0751505
-0.0701792
-0.0470173
-0.0004330
0.0562471
0.1113467
0.1776346
0.2833236
0.4299581
0.5601816
0.5795773
0.4250583
0.1206151
-0.2322779
-0.5218580
-0.6915133
-0.7525598
-0.7476286
-0.7089649
-0.6468607
-0.5642419
-0.4705225
-0.3797911
-0.3017636
-0.2391165
-0.1917970
-0.1596628
-0.1402593
-0.1272725
-0.1140128
-0.0984668
-0.0838661
-0.0742042
-0.0697174
-0.0665146
-0.0597535
-0.0471389
-0.0306774
-0.0161643
-0.0098940
-0.0132011
-0.0191294
-0.0166891
-0.0013802
0.0184839
0.0286718
0.0240293
0.0154661
0.0199929
0.0435635
0.0749920
0.0973344
0.1043680
0.1050712
0.1127485
0.1316529
0.1549288
0.1738005
0.1862498
0.1966614
0.2096646
0.2262891
0.2448031
0.2625520
0.2764782
0.2840563
0.2856989
0.2858142
0.2895826
0.2975357
0.3038919
0.3016554
0.2899705
0.2756692
0.2665917
0.2635824
0.2598681
0.2480806
0.2268010
0.2002556
0.1732842
0.1477914
0.1231329
0.0981174
0.0722453
0.0462935
0.0228592
0.0058658
-0.0022016
-0.0037769
-0.0061705
-0.0160196
-0.0328278
-0.0491248
-0.0582246
-0.0611483
-0.0645663
-0.0724406
-0.0816503
-0.0863654
-0.0849580
-0.0810274
-0.0784139
-0.0773387
-0.0761812
-0.0752950
-0.0766877
-0.0798317
-0.0804450
-0.0756973
-0.0693840
-0.0685604
-0.0740774
-0.0773173
-0.0691438
-0.0512713
-0.0359037
-0.0332090
-0.0408998
-0.0476827
-0.0460976
-0.0398725
-0.0380370
-0.0436701
-0.0507626
-0.0519835
-0.0468058
-0.0402545
-0.0355799
-0.0314368
-0.0264495
-0.0232901
-0.0257607
-0.0329545
-0.0390922
-0.0401823
-0.0393933
-0.0437890
-0.0552022
-0.0657866
-0.0645759
-0.0489653
-0.0286141
-0.0171358
-0.0201622
-0.0314522
-0.0392677
-0.0356045
-0.0206858
-0.0011171
0.0154066
0.0250915
0.0300168
0.0363484
0.0502449
0.0738874
0.1037684
0.1325461
0.1538393
0.1664159
0.1736873
0.1785993
0.1790057
0.1684619
0.1421409
0.1026919
0.0604639
0.0268050
0.0054922
-0.0096823
-0.0281825
-0.0532772
-0.0793882
-0.0982716
-0.1068991
-0.1094539
-0.1128704
-0.1210113
-0.1323812
-0.1424195
-0.1475973
-0.1475182
-0.1438933
-0.1387062
-0.1337462
-0.1306908
-0.1301439
-0.1306130
-0.1295831
-0.1262405
-0.1228216
-0.1226734
-0.1265113
-0.1305017
-0.1286612
-0.1179027
-0.1005151
-0.0809896
-0.0607354
-0.0364751
-0.0020515
0.0514433
0.1366829
0.2636799
0.4226011
0.5693516
0.6345938
0.5601871
0.3397026
0.0298140
-0.2797443
-0.5154747
-0.6511005
-0.7015969
-0.6950970
-0.6515247
-0.5812570
-0.4942866
-0.4046718
-0.3260980
-0.2651961
-0.2199196
-0.1841311
-0.1537654
-0.1290495
-0.1117263
-0.1014302
-0.0953230
-0.0903643
-0.0848573
-0.0781337
-0.0700136
-0.0611714
-0.0535370
-0.0493419
-0.0487016
-0.0477884
-0.0406471
-0.0247088
-0.0046377
0.0110527
0.0181815
0.0207458
0.0258878
0.0360869
0.0474997
0.0554866
0.0604779
0.0679805
0.0831556
0.1056699
0.1300063
0.1507193
0.1668032
0.1806822
0.1940593
0.2062535
0.2164829
0.2262212
0.2382271
0.2532179
0.2677469
0.2759898
0.2749527
0.2685739
0.2654459
0.2708804
0.2813338
0.2876552
0.2836854
0.2709356
0.2554243
0.2413976
0.2284177
0.2134110
0.1944786
0.1725626
0.1499994
0.1285051
0.1091921
0.0935570
0.0825651
0.0743956
0.0646516
0.0499903
0.0311998
0.0123197
-0.0028499
-0.0134610
-0.0218545
-0.0313204
-0.0426752
-0.0527796
-0.0573874
-0.0558632
-0.0523029
-0.0516376
-0.0552817
-0.0607825
-0.0648245
-0.0659632
-0.0649467
-0.0632896
-0.0621075
-0.0622529
-0.0643903
-0.0673352
-0.0666029
-0.0572443
-0.0399655
-0.0230224
-0.0155788
-0.0189083
-0.0253592
-0.0260608
-0.0188583
-0.0090682
-0.0037448
-0.0055001
-0.0110474
-0.0149506
-0.0144413
-0.0107115
-0.0065131
-0.0037470
-0.0031884
-0.0049884
-0.0086572
-0.0132411
-0.0179858
-0.0225368
-0.0268123
-0.0314863
-0.0379633
-0.0461673
-0.0523783
-0.0514226
-0.0423848
-0.0312711
-0.0266709
-0.0323756
-0.0440890
-0.0531384
-0.0538682
-0.0482747
-0.0435741
-0.0449344
-0.0506442
-0.0541435
-0.0497175
-0.0360446
-0.0161508
0.0042896
0.0195698
0.0273708
0.0307186
0.0361563
0.0493577
0.0714837
0.0982384
0.1221947
0.1378753
0.1460296
0.1520603
0.1589202
0.1621209
0.1531719
0.1281658
0.0923218
0.0558308
0.0253859
-0.0000940
-0.0254430
-0.0518610
-0.0752704
-0.0923825
-0.1056519
-0.1193361
-0.1319935
-0.1370236
-0.1317972
-0.1231194
-0.1210500
-0.1283876
-0.1384382
-0.1431756
-0.1418849
-0.1406310
-0.1439197
-0.1490535
-0.1502980
-0.1472162
-0.1453852
-0.1477550
-0.1485517
-0.1392487
-0.1199391
-0.1015242
-0.0949750
-0.0990487
-0.0995066
-0.0808908
-0.0390466
0.0191127
0.0892128
0.1800440
0.3037665
0.4499773
0.5706314
0.5980165
0.4871872
0.2494009
-0.0506005
-0.3304992
-0.5310927
-0.6341140
-0.6530534
-0.6144744
-0.5462093
-0.4721066
-0.4059495
-0.3470397
-0.2863433
-0.2208502
-0.1608632
-0.1213492
-0.1071486
-0.1084269
-0.1101964
-0.1046974
-0.0943382
-0.0846499
-0.0772618
-0.0706709
-0.0649883
-0.0617143
-0.0585855
-0.0490383
-0.0299317
-0.0077279
0.0065198
0.0083385
0.0040446
0.0039316
0.0128302
0.0272604
0.0402167
0.0479838
0.0528123
0.0597427
0.0716522
0.0877981
0.1060404
0.1246774
0.1422325
0.1574077
0.1701481
0.1819242
0.1946294
0.2096056
0.2269243
0.2442358
0.2571825
0.2633048
0.2656738
0.2705185
0.2805289
0.2919480
0.2988033
0.2986921
0.2938209
0.2875413
0.2809277
0.2726211
0.2613586
0.2477304
0.2326916
0.2152882
0.1941346
0.1713900
0.1524485
0.1398370
0.1292890
0.1141129
0.0925461
0.0690150
0.0489115
0.0338425
0.0215268
0.0087098
-0.0059052
-0.0205408
-0.0317598
-0.0372160
-0.0373039
-0.0349101
-0.0341994
-0.0385368
-0.0477819
-0.0578263
-0.0643414
-0.0668080
-0.0675856
-0.0680010
-0.0677415
-0.0675639
-0.0693061
-0.0721055
-0.0711255
-0.0622569
-0.0476602
-0.0353982
-0.0329071
-0.0401496
-0.0489343
-0.0499955
-0.0416703
-0.0310120
-0.0259374
-0.0275978
-0.0312360
-0.0325776
-0.0311913
-0.0282964
-0.0235249
-0.0148473
-0.0017581
0.0115518
0.0176428
0.0126210
0.0009006
-0.0098856
-0.0186808
-0.0310648
-0.0473877
-0.0565380
-0.0495606
-0.0402698
-0.0643724
-0.1488762
-0.2798970
-0.4068921
-0.4876610
-0.5322230
-0.5972018
-0.7308967
-0.9232766
-1.1111627
-1.2294437
-1.2544292
-1.2042307
-1.1116279
-1.0045137
-0.9052359
-0.8334056
-0.7988789
-0.7918987
-0.7863166
-0.7581095
-0.7020569
-0.6293621
-0.5504336
-0.4636652
-0.3613983
-0.2423459
-0.1151120
0.0078071
0.1159701
0.2025601
0.2643918
0.3021781
0.3201645
0.3249749
0.3238049
0.3214676
0.3181923
0.3119228
0.3039741
0.3011016
0.3105125
0.3331218
0.3621752
0.3882447
0.4062493
0.4191012
0.4346145
0.4579507
0.4874180
0.5180868
0.5474238
0.5751674
0.5997558
0.6191584
0.6355005
0.6550233
0.6812705
0.7097520
0.7310619
0.7395476
0.7389859
0.7394298
0.7470567
0.7566208
0.7558204
0.7384654
0.7116470
0.6881958
0.6733970
0.6607784
0.6395963
0.6044516
0.5584332
0.5090803
0.4619688
0.4179036
0.3758169
0.3363722
0.3003532
0.2647972
0.2250811
0.1822317
0.1447822
0.1206881
0.1087112
0.0995720
0.0849485
0.0645232
0.0449769
0.0326658
0.0270390
0.0217242
0.0125352
0.0027723
-0.0011071
0.0024843
0.0090443
0.0136315
0.0147254
0.0128573
0.0086283
0.0031747
-0.0011693
-0.0020682
0.0005678
0.0030372
-0.0006408
-0.0129089
-0.0274447
-0.0328172
-0.0240066
-0.0087221
0.0000055
-0.0035175
-0.0138827
-0.0217886
-0.0228772
-0.0203664
-0.0209584
-0.0282020
-0.0391062
-0.0471900
-0.0483529
-0.0431828
-0.0352180
-0.0293380
-0.0304049
-0.0394333
-0.0506587
-0.0559342
-0.0533116
-0.0487455
-0.0483654
-0.0516211
-0.0534791
-0.0514178
-0.0483011
-0.0485487
-0.0523323
-0.0545592
-0.0509888
-0.0448495
-0.0441144
-0.0508847
-0.0572552
-0.0551484
-0.0475474
-0.0452991
-0.0533907
-0.0645776
-0.0676521
-0.0596321
-0.0485310
-0.0448433
-0.0509119
-0.0591555
-0.0612076
-0.0573261
-0.0544060
-0.0558953
-0.0579833
-0.0564828
-0.0529801
-0.0514821
-0.0520124
-0.0508868
-0.0463542
-0.0416548
-0.0421839
-0.0497708
-0.0594905
-0.0634027
-0.0591459
-0.0534432
-0.0543717
-0.0611590
-0.0650041
-0.0598199
-0.0489301
-0.0407302
-0.0403604
-0.0461217
-0.0519327
-0.0527744
-0.0490620
-0.0457915
-0.0469303
-0.0517681
-0.0572145
-0.0612299
-0.0625386
-0.0597923
-0.0537117
-0.0481400
-0.0462939
-0.0471715
-0.0475843
-0.0462795
-0.0443253
-0.0430286
-0.0432295
-0.0452576
-0.0480676
-0.0494679
-0.0480232
-0.0437770
-0.0375006
-0.0312357
-0.0287930
-0.0323753
-0.0386553
-0.0417652
-0.0408539
-0.0412471
-0.0468681
-0.0543488
-0.0562190
-0.0483593
-0.0337821
-0.0205128
-0.0155239
-0.0188909
-0.0237935
-0.0230782
-0.0148452
-0.0013196
0.0144798
0.0288030
0.0377413
0.0422767
0.0508874
0.0723183
0.1055085
0.1395144
0.1634178
0.1745470
0.1777625
0.1786367
0.1771610
0.1675401
0.1450543
0.1128292
0.0797120
0.0518268
0.0292104
0.0101283
-0.0061571
-0.0218711
-0.0406445
-0.0617995
-0.0783172
-0.0841915
-0.0822822
-0.0821349
-0.0901148
-0.1025352
-0.1086361
-0.1013880
-0.0860979
-0.0761886
-0.0787642
-0.0873066
-0.0914566
-0.0901076
-0.0894654
-0.0910136
-0.0890750
-0.0810864
-0.0734280
-0.0727247
-0.0739098
-0.0612404
-0.0231055
0.0349824
0.0959540
0.1535794
0.2261718
0.3375822
0.4779213
0.5875763
0.5892570
0.4423106
0.1720249
-0.1459609
-0.4280815
-0.6210980
-0.7154165
-0.7317875
-0.6975666
-0.6324643
-0.5488201
-0.4565898
-0.3656239
-0.2861781
-0.2272716
-0.1907840
-0.1674550
-0.1438282
-0.1150453
-0.0880291
-0.0717659
-0.0676437
-0.0693637
-0.0688238
-0.0616636
-0.0500182
-0.0403432
-0.0366937
-0.0366202
-0.0347912
-0.0283267
-0.0167237
-0.0002501
0.0176786
0.0295189
0.0301374
0.0236758
0.0204182
0.0270576
0.0415590
0.0559360
0.0628518
0.0622087
0.0627841
0.0743180
0.0963600
0.1181050
0.1305607
0.1351206
0.1387704
0.1453944
0.1543436
0.1637058
0.1718386
0.1777072
0.1814114
0.1829800
0.1810973
0.1757150
0.1707635
0.1701668
0.1717583
0.1695722
0.1620756
0.1539545
0.1495743
0.1480888
0.1447831
0.1345870
0.1158300
0.0936922
0.0778179
0.0726882
0.0721369
0.0666744
0.0536467
0.0366198
0.0182572
-0.0008109
-0.0180050
-0.0292285
-0.0337879
-0.0362800
-0.0433224
-0.0581377
-0.0758953
-0.0850615
-0.0783688
-0.0633926
-0.0567928
-0.0659795
-0.0813061
-0.0883064
-0.0826773
-0.0712158
-0.0632416
-0.0638204
-0.0709266
-0.0762940
-0.0721164
-0.0588577
-0.0444414
-0.0359475
-0.0348095
-0.0385569
-0.0428668
-0.0429458
-0.0374609
-0.0305315
-0.0264235
-0.0242891
-0.0218662
-0.0210569
-0.0245122
-0.0294343
-0.0306540
-0.0281831
-0.0266130
-0.0285541
-0.0329400
-0.0379168
-0.0416070
-0.0422689
-0.0411096
-0.0424933
-0.0485459
-0.0562180
-0.0614640
-0.0626815
-0.0589473
-0.0502366
-0.0414071
-0.0402192
-0.0483625
-0.0588925
-0.0644373
-0.0633816
-0.0572560
-0.0480432
-0.0394334
-0.0346472
-0.0311413
-0.0226647
-0.0076725
0.0093473
0.0252764
0.0417002
0.0604457
0.0807512
0.1010705
0.1196320
0.1338995
0.1425944
0.1456525
0.1391939
0.1160227
0.0769836
0.0366245
0.0097882
-0.0044515
-0.0189659
-0.0418452
-0.0696701
-0.0942878
-0.1100247
-0.1163411
-0.1183770
-0.1232608
-0.1330760
-0.1439302
-0.1524836
-0.1581450
-0.1584272
-0.1499588
-0.1365027
-0.1283240
-0.1303688
-0.1375111
-0.1433550
-0.1463780
-0.1457012
-0.1392268
-0.1290892
-0.1218416
-0.1202714
-0.1204368
-0.1176506
-0.1096302
-0.0941628
-0.0703696
-0.0418590
-0.0116642
0.0265994
0.0880622
0.1870415
0.3262319
0.4829102
0.5978165
0.5923397
0.4210103
0.1156584
-0.2277200
-0.5091903
-0.6771401
-0.7377751
-0.7294734
-0.6873327
-0.6231964
-0.5354377
-0.4331236
-0.3402192
-0.2737882
-0.2291810
-0.1922842
-0.1569288
-0.1246923
-0.0971235
-0.0752671
-0.0603583
-0.0504128
-0.0418294
-0.0354188
-0.0331601
-0.0298186
-0.0185258
-0.0045494
-0.0011084
-0.0096587
-0.0157301
-0.0067463
0.0153255
0.0395927
0.0555639
0.0580918
0.0524114
0.0525828
0.0664672
0.0856266
0.0979756
0.1041474
0.1119502
0.1224734
0.1332754
0.1480562
0.1707917
0.1961135
0.2162438
0.2313214
0.2440591
0.2525339
0.2572175
0.2656621
0.2807500
0.2933440
0.2949445
0.2887095
0.2819905
0.2785330
0.2822154
0.2950792
0.3071415
0.3027865
0.2820119
0.2608580
0.2477333
0.2353772
0.2185403
0.2015765
0.1851741
0.1632972
0.1368992
0.1148143
0.0995539
0.0869109
0.0772960
0.0714440
0.0600476
0.0360792
0.0114693
0.0021254
0.0030528
-0.0021629
-0.0153279
-0.0266948
-0.0340841
-0.0392121
-0.0365961
-0.0259917
-0.0225403
-0.0347043
-0.0470252
-0.0439263
-0.0334663
-0.0291472
-0.0283437
-0.0269093
-0.0319544
-0.0416645
-0.0378725
-0.0168306
-0.0001296
0.0010111
0.0013211
0.0073183
0.0042224
-0.0081828
-0.0072373
0.0093769
0.0150315
0.0031068
-0.0014748
0.0088824
0.0151522
0.0190882
0.0405507
0.0615373
0.0422945
-0.0002862
-0.0092283
0.0123064
0.0094198
-0.0121342
0.0018618
0.0148627
-0.0824477
-0.2650363
-0.3378242
-0.1988033
