0.1711865
0.1905297
0.2014273
0.2000413
0.1934217
0.1909197
0.1936344
0.1942116
0.1869735
0.1760152
0.1713067
0.1771643
0.1866518
0.1886108
0.1793110
0.1655235
0.1560241
0.1517918
0.1460199
0.1331096
0.1156005
0.1011816
0.0939169
0.0901142
0.0830681
0.0704443
0.0557692
0.0431968
0.0325671
0.0206811
0.0067602
-0.0050010
-0.0093480
-0.0062047
-0.0020656
-0.0043647
-0.0142472
-0.0252592
-0.0296974
-0.0264494
-0.0222534
-0.0247138
-0.0339892
-0.0419132
-0.0399357
-0.0279550
-0.0148202
-0.0098867
-0.0144538
-0.0218064
-0.0250238
-0.0234941
-0.0213814
-0.0210288
-0.0198488
-0.0143199
-0.0056436
0.0004476
-0.0001133
-0.0049943
-0.0080950
-0.0065227
-0.0035294
-0.0038388
-0.0070563
-0.0073680
-0.0003432
0.0109749
0.0181380
0.0157990
0.0073889
0.0015014
0.0027393
0.0070200
0.0065328
-0.0011009
-0.0096189
-0.0105430
-0.0023720
0.0073910
0.0095985
0.0023906
-0.0075996
-0.0125645
-0.0111276
-0.0082755
-0.0085766
-0.0109514
-0.0108068
-0.0064039
-0.0015022
-0.0010881
-0.0054010
-0.0094975
-0.0089750
-0.0051488
-0.0035743
-0.0075385
-0.0139805
-0.0165219
-0.0122502
-0.0048126
-0.0006334
-0.0025578
-0.0076364
-0.0109361
-0.0108729
-0.0103460
-0.0127360
-0.0173325
-0.0193458
-0.0148176
-0.0054241
0.0021060
0.0019092
-0.0054538
-0.0135015
-0.0160900
-0.0131278
-0.0098924
-0.0108225
-0.0145982
-0.0158672
-0.0115422
-0.0044822
-0.0004698
-0.0021378
-0.0068250
-0.0104229
-0.0121342
-0.0142739
-0.0176718
-0.0189589
-0.0138617
-0.0029753
0.0073127
0.0108160
0.0080565
0.0056001
0.0087061
0.0159107
0.0220905
0.0262173
0.0338958
0.0508391
0.0748458
0.0965842
0.1094134
0.1171451
0.1300622
0.1529056
0.1783917
0.1940030
0.1946176
0.1867611
0.1799642
0.1754923
0.1653585
0.1423319
0.1091115
0.0762629
0.0516608
0.0336029
0.0149646
-0.0071284
-0.0276065
-0.0397441
-0.0436105
-0.0465001
-0.0547597
-0.0666202
-0.0745648
-0.0746483
-0.0718395
-0.0747393
-0.0853745
-0.0959918
-0.0971560
-0.0882757
-0.0784284
-0.0764176
-0.0815981
-0.0859964
-0.0846510
-0.0813543
-0.0829428
-0.0895258
-0.0929897
-0.0858707
-0.0700884
-0.0554276
-0.0498625
-0.0525062
-0.0555532
-0.0513504
-0.0373736
-0.0166109
0.0053571
0.0261096
0.0534258
0.1060737
0.1997684
0.3230866
0.4256100
0.4385915
0.3204334
0.0910978
-0.1760122
-0.3992190
-0.5328004
-0.5775585
-0.5598063
-0.5063392
-0.4356255
-0.3613297
-0.2941314
-0.2384713
-0.1921093
-0.1521497
-0.1201878
-0.0992912
-0.0870958
-0.0755242
-0.0589596
-0.0406298
-0.0282932
-0.0240428
-0.0211728
-0.0124511
0.0005046
0.0088583
0.0076780
0.0029920
0.0058251
0.0198294
0.0368183
0.0453995
0.0429915
0.0379872
0.0401591
0.0503441
0.0606175
0.0640258
0.0625300
0.0645071
0.0752127
0.0911063
0.1039520
0.1095639
0.1114568
0.1159461
0.1247621
0.1335369
0.1375890
0.1382188
0.1421728
0.1544962
0.1723735
0.1868089
0.1908786
0.1862854
0.1813994
0.1826124
0.1879578
0.1898959
0.1844022
0.1762095
0.1738462
0.1796674
0.1863769
0.1845575
0.1729007
0.1592955
0.1514027
0.1477461
0.1398715
0.1230587
0.1028282
0.0893368
0.0860216
0.0855861
0.0777629
0.0598203
0.0383365
0.0213681
0.0105570
0.0013714
-0.0102677
-0.0231104
-0.0323084
-0.0349775
-0.0334361
-0.0332047
-0.0381847
-0.0475793
-0.0570028
-0.0624584
-0.0636203
-0.0635713
-0.0652964
-0.0684400
-0.0699270
-0.0680497
-0.0652804
-0.0658997
-0.0706537
-0.0750208
-0.0740461
-0.0685806
-0.0651342
-0.0685740
-0.0757745
-0.0781383
-0.0709960
-0.0594366
-0.0534308
-0.0571366
-0.0643148
-0.0652404
-0.0574889
-0.0484999
-0.0471142
-0.0536559
-0.0595827
-0.0569794
-0.0474370
-0.0406830
-0.0444143
-0.0561281
-0.0655884
-0.0653421
-0.0582679
-0.0543987
-0.0607320
-0.0751745
-0.0910981
-0.1070025
-0.1295134
-0.1650877
-0.2096272
-0.2500233
-0.2795849
-0.3115601
-0.3725582
-0.4773365
-0.6090005
-0.7277079
-0.8036720
-0.8440548
-0.8870963
-0.9680399
-1.0879647
-1.2118436
-1.2934121
-1.3029542
-1.2389325
-1.1236729
-0.9931312
-0.8852378
-0.8255432
-0.8141455
-0.8251673
-0.8241138
-0.7915731
-0.7332093
-0.6679263
-0.6070005
-0.5446377
-0.4672022
-0.3693476
-0.2604050
-0.1567285
-0.0699993
-0.0028223
0.0473386
0.0833296
0.1080701
0.1267201
0.1459144
0.1693516
0.1949180
0.2178475
0.2373584
0.2591020
0.2896299
0.3284762
0.3672439
0.3976934
0.4202132
0.4430004
0.4726595
0.5067582
0.5365892
0.5566789
0.5701467
0.5842785
0.6021170
0.6199615
0.6330013
0.6415972
0.6506431
0.6633765
0.6774761
0.6878196
0.6920892
0.6926467
0.6931476
0.6943975
0.6942076
0.6910239
0.6867863
0.6853004
0.6873919
0.6880747
0.6795895
0.6583275
0.6289799
0.6009664
0.5796030
0.5606398
0.5345826
0.4972988
0.4557375
0.4217513
0.3999855
0.3830787
0.3595978
0.3257134
0.2877748
0.2541651
0.2270882
0.2034615
0.1817825
0.1648798
0.1551896
0.1498886
0.1433282
0.1337781
0.1250138
0.1201239
0.1159979
0.1067305
0.0921839
0.0802305
0.0787013
0.0863921
0.0942118
0.0952197
0.0914801
0.0897929
0.0920938
0.0926883
0.0858644
0.0744560
0.0684118
0.0742867
0.0875795
0.0968461
0.0951363
0.0862395
0.0794050
0.0790085
0.0806193
0.0772044
0.0678967
0.0593184
0.0582117
0.0640038
0.0696593
0.0693010
0.0635035
0.0567924
0.0516430
0.0468137
0.0412919
0.0375345
0.0389013
0.0443539
0.0478345
0.0442758
0.0354610
0.0281919
0.0262580
0.0257570
0.0199016
0.0079958
-0.0022537
-0.0023915
0.0075907
0.0188910
0.0227549
0.0187277
0.0135225
0.0124630
0.0136100
0.0111266
0.0034169
-0.0040076
-0.0045049
0.0020544
0.0091264
0.0108514
0.0079954
0.0055548
0.0054517
0.0037819
-0.0035442
-0.0136404
-0.0175919
-0.0098343
0.0045336
0.0138090
0.0114862
0.0026216
-0.0025410
-0.0002107
0.0035359
0.0011091
-0.0068220
-0.0118335
-0.0077199
0.0021286
0.0086455
0.0072757
0.0020837
-0.0005636
-0.0000110
-0.0007706
-0.0048543
-0.0078031
-0.0040998
0.0050127
0.0117797
0.0105037
0.0039124
-0.0007331
-0.0010353
-0.0023989
-0.0103314
-0.0215237
-0.0254917
-0.0159781
0.0010663
0.0126931
0.0117401
0.0028798
-0.0041108
-0.0051451
-0.0042977
-0.0063890
-0.0098095
-0.0085275
-0.0003589
0.0092351
0.0128217
0.0091764
0.0039066
0.0020827
0.0024219
0.0001957
-0.0053512
-0.0089610
-0.0055702
0.0029670
0.0092331
0.0083676
0.0031712
-0.0000491
0.0003573
-0.0003283
-0.0060608
-0.0131977
-0.0132922
-0.0029138
0.0112027
0.0181546
0.0134314
0.0024428
-0.0061099
-0.0088619
-0.0091079
-0.0107760
-0.0131628
-0.0124367
-0.0071029
-0.0002699
0.0036042
0.0028601
-0.0010996
-0.0064453
-0.0121846
-0.0168657
-0.0178177
-0.0133462
-0.0056982
-0.0004415
-0.0015621
-0.0072228
-0.0116347
-0.0119131
-0.0120735
-0.0184088
-0.0306040
-0.0393580
-0.0349420
-0.0182222
-0.0015198
0.0027308
-0.0062443
-0.0180746
-0.0231027
-0.0218358
-0.0215397
-0.0253307
-0.0281241
-0.0244485
-0.0172271
-0.0150961
-0.0211811
-0.0282942
-0.0277819
-0.0212543
-0.0196737
-0.0297176
-0.0439226
-0.0476435
-0.0356763
-0.0190153
-0.0133543
-0.0225565
-0.0360184
-0.0417674
-0.0387489
-0.0345383
-0.0337510
-0.0329210
-0.0273979
-0.0196268
-0.0170274
-0.0220443
-0.0276628
-0.0249850
-0.0138666
-0.0030374
0.0010924
0.0032728
0.0145735
0.0393185
0.0695694
0.0937996
0.1092604
0.1234839
0.1437386
0.1673372
0.1839994
0.1869108
0.1792367
0.1688636
0.1583776
0.1426460
0.1166718
0.0837509
0.0537792
0.0335894
0.0205137
0.0062635
-0.0135901
-0.0350173
-0.0504064
-0.0571598
-0.0605030
-0.0675296
-0.0792511
-0.0897189
-0.0933158
-0.0918499
-0.0930655
-0.1018491
-0.1139072
-0.1194308
-0.1134851
-0.1020909
-0.0968910
-0.1034498
-0.1156216
-0.1221959
-0.1184927
-0.1102387
-0.1061856
-0.1085097
-0.1113622
-0.1076900
-0.0957128
-0.0786686
-0.0599555
-0.0396350
-0.0142136
0.0229232
0.0808561
0.1655118
0.2668279
0.3482619
0.3550747
0.2455416
0.0251082
-0.2467242
-0.4878223
-0.6409324
-0.7000456
-0.6971935
-0.6662501
-0.6180868
-0.5460188
-0.4489961
-0.3446899
-0.2592186
-0.2064770
-0.1793381
-0.1600794
-0.1372890
-0.1125397
-0.0933451
-0.0828138
-0.0769861
-0.0702444
-0.0607612
-0.0502857
-0.0406449
-0.0322610
-0.0253866
-0.0206370
-0.0175967
-0.0142507
-0.0089533
-0.0023655
0.0036564
0.0088414
0.0148937
0.0226911
0.0303127
0.0353121
0.0386993
0.0446470
0.0548167
0.0642766
0.0659109
0.0597953
0.0558585
0.0645273
0.0848542
0.1041917
0.1107907
0.1055823
0.1000882
0.1030766
0.1110010
0.1126551
0.1025130
0.0877813
0.0814337
0.0889703
0.1030337
0.1108339
0.1057903
0.0917630
0.0773062
0.0673070
0.0603401
0.0529826
0.0452314
0.0407774
0.0421290
0.0466841
0.0487974
0.0456305
0.0398581
0.0360659
0.0351938
0.0334470
0.0266807
0.0151801
0.0037204
-0.0028305
-0.0035516
-0.0013655
0.0000697
-0.0014158
-0.0067123
-0.0161040
-0.0287642
-0.0422650
-0.0536106
-0.0608070
-0.0632107
-0.0611164
-0.0561267
-0.0516918
-0.0516379
-0.0568668
-0.0637670
-0.0670735
-0.0649954
-0.0611069
-0.0603347
-0.0630407
-0.0640741
-0.0584411
-0.0473211
-0.0373633
-0.0340444
-0.0366983
-0.0403160
-0.0411865
-0.0399535
-0.0396357
-0.0416630
-0.0441938
-0.0440495
-0.0400805
-0.0346140
-0.0315727
-0.0330622
-0.0376215
-0.0417255
-0.0432466
-0.0437949
-0.0473854
-0.0559517
-0.0660068
-0.0708609
-0.0672312
-0.0592844
-0.0550024
-0.0583279
-0.0656512
-0.0703531
-0.0700442
-0.0684129
-0.0699650
-0.0739948
-0.0749815
-0.0692347
-0.0601462
-0.0556365
-0.0602809
-0.0707127
-0.0790361
-0.0802189
-0.0759998
-0.0723056
-0.0734142
-0.0782804
-0.0820125
-0.0809126
-0.0761663
-0.0724132
-0.0727056
-0.0753927
-0.0763903
-0.0742360
-0.0720892
-0.0740318
-0.0794251
-0.0819945
-0.0758917
-0.0628330
-0.0517835
-0.0502601
-0.0564390
-0.0612610
-0.0584947
-0.0514169
-0.0485533
-0.0532410
-0.0585753
-0.0535010
-0.0339453
-0.0074282
0.0137299
0.0235583
0.0266460
0.0321073
0.0447844
0.0626481
0.0813335
0.0994354
0.1187347
0.1395430
0.1564644
0.1599556
0.1437593
0.1116627
0.0760931
0.0485143
0.0304324
0.0139887
-0.0084258
-0.0354543
-0.0580819
-0.0695840
-0.0732052
-0.0787173
-0.0914571
-0.1064966
-0.1148423
-0.1141809
-0.1113382
-0.1139247
-0.1214957
-0.1264494
-0.1231055
-0.1144140
-0.1089721
-0.1118517
-0.1193522
-0.1233785
-0.1204373
-0.1150677
-0.1139857
-0.1178748
-0.1201361
-0.1137945
-0.0990546
-0.0838429
-0.0769102
-0.0799782
-0.0860724
-0.0854331
-0.0734813
-0.0536950
-0.0331035
-0.0140938
0.0114549
0.0604204
0.1464565
0.2619506
0.3673339
0.4023605
0.3192923
0.1169227
-0.1517746
-0.4072430
-0.5867031
-0.6712150
-0.6796902
-0.6420112
-0.5780915
-0.4971467
-0.4079185
-0.3227340
-0.2514817
-0.1958074
-0.1516657
-0.1160864
-0.0892760
-0.0706786
-0.0558624
-0.0394975
-0.0210727
-0.0056530
0.0022328
0.0044706
0.0075371
0.0151069
0.0244305
0.0307815
0.0338137
0.0378191
0.0462644
0.0577518
0.0678338
0.0739212
0.0776579
0.0825193
0.0895833
0.0962492
0.0993767
0.0992858
0.1000824
0.1060251
0.1177585
0.1317053
0.1426969
0.1478279
0.1488545
0.1508218
0.1573661
0.1670496
0.1749356
0.1780268
0.1786422
0.1820558
0.1908870
0.2018733
0.2083111
0.2062159
0.1983629
0.1916820
0.1901412
0.1907238
0.1872097
0.1776647
0.1672426
0.1631243
0.1668148
0.1717192
0.1688428
0.1554558
0.1379481
0.1253402
0.1199415
0.1153011
0.1036251
0.0843090
0.0646543
0.0528244
0.0504552
0.0514078
0.0471768
0.0341788
0.0166762
0.0026422
-0.0036156
-0.0049500
-0.0077415
-0.0149953
-0.0230782
-0.0254855
-0.0202727
-0.0134351
-0.0135157
-0.0222100
-0.0318027
-0.0335924
-0.0280680
-0.0244970
-0.0299642
-0.0406028
-0.0451575
-0.0369289
-0.0211829
-0.0102964
-0.0118010
-0.0217095
-0.0297126
-0.0300175
-0.0259804
-0.0246121
-0.0284427
-0.0335269
-0.0341152
-0.0282085
-0.0193090
-0.0137000
-0.0154334
-0.0229357
-0.0305615
-0.0340015
-0.0340926
-0.0350562
-0.0391795
-0.0435563
-0.0424310
-0.0334316
-0.0217146
-0.0167465
-0.0235072
-0.0371189
-0.0475116
-0.0494525
-0.0467787
-0.0466232
-0.0509440
-0.0548181
-0.0526812
-0.0452927
-0.0397822
-0.0423600
-0.0513584
-0.0586592
-0.0583619
-0.0527981
-0.0491065
-0.0509942
-0.0552966
-0.0561796
-0.0513852
-0.0442410
-0.0402748
-0.0419405
-0.0464109
-0.0487742
-0.0473720
-0.0451938
-0.0457146
-0.0483090
-0.0486540
-0.0435324
-0.0349321
-0.0292427
-0.0315623
-0.0399035
-0.0458604
-0.0428332
-0.0335806
-0.0277505
-0.0312752
-0.0396910
-0.0429315
-0.0358260
-0.0229448
-0.0135007
-0.0121938
-0.0151788
-0.0147962
-0.0076138
0.0031675
0.0130117
0.0217305
0.0327109
0.0480531
0.0664254
0.0851465
0.1026881
0.1192560
0.1360810
0.1538082
0.1703707
0.1806878
0.1798229
0.1671027
0.1470843
0.1264266
0.1091665
0.0938831
0.0755101
0.0511719
0.0242410
0.0011193
-0.0160011
-0.0309737
-0.0474371
-0.0628546
-0.0708669
-0.0690882
-0.0630664
-0.0618813
-0.0696212
-0.0812653
-0.0879561
-0.0869636
-0.0849390
-0.0896257
-0.0997382
-0.1058998
-0.1015097
-0.0899893
-0.0804388
-0.0780804
-0.0803049
-0.0812890
-0.0791486
-0.0775871
-0.0800087
-0.0832998
-0.0802655
-0.0687616
-0.0550270
-0.0454865
-0.0377922
-0.0236767
0.0004400
0.0303226
0.0635177
0.1093448
0.1833893
0.2855083
0.3805480
0.4066259
0.3147943
0.1104010
-0.1427264
-0.3620989
-0.4959945
-0.5427406
-0.5323531
-0.4947617
-0.4423419
-0.3754118
-0.2979729
-0.2239277
-0.1672609
-0.1298403
-0.1028755
-0.0791215
-0.0593795
-0.0469631
-0.0402329
-0.0329839
-0.0207024
-0.0052607
0.0064687
0.0097150
0.0082614
0.0114726
0.0229772
0.0351223
0.0380147
0.0320241
0.0275634
0.0335671
0.0493141
0.0666499
0.0775903
0.0805867
0.0811548
0.0852639
0.0917927
0.0947265
0.0935039
0.0961150
0.1090894
0.1287635
0.1459478
0.1558385
0.1603594
0.1639513
0.1696798
0.1769264
0.1820151
0.1843032
0.1903219
0.2055855
0.2232683
0.2299103
0.2234884
0.2164510
0.2184254
0.2252732
0.2283479
0.2252790
0.2181937
0.2103077
0.2069076
0.2099332
0.2102747
0.1983094
0.1841354
0.1905755
0.2195861
