-0.0737653
-0.1087014
-0.1252756
-0.1379847
-0.1494034
-0.1475257
-0.1299067
-0.1090504
-0.0942864
-0.0849184
-0.0806415
-0.0835445
-0.0893418
-0.0898802
-0.0857436
-0.0857513
-0.0929009
-0.0995953
-0.0974703
-0.0852436
-0.0678912
-0.0543046
-0.0532753
-0.0646294
-0.0763188
-0.0770968
-0.0701524
-0.0676025
-0.0733370
-0.0783088
-0.0726507
-0.0570228
-0.0412720
-0.0346047
-0.0365042
-0.0362807
-0.0246364
-0.0072783
-0.0024158
-0.0209287
-0.0521849
-0.0732239
-0.0700914
-0.0483343
-0.0259586
-0.0187301
-0.0289695
-0.0449314
-0.0521895
-0.0472812
-0.0389515
-0.0361317
-0.0380509
-0.0371694
-0.0284726
-0.0140016
-0.0003780
0.0068435
0.0078903
0.0082018
0.0117006
0.0154231
0.0132014
0.0037919
-0.0076651
-0.0158522
-0.0200622
-0.0232330
-0.0291267
-0.0400016
-0.0536842
-0.0624925
-0.0581264
-0.0394371
-0.0146683
0.0046185
0.0123228
0.0121285
0.0139459
0.0248266
0.0429862
0.0624609
0.0830749
0.1111987
0.1481515
0.1820211
0.1966857
0.1894486
0.1764516
0.1786778
0.2025338
0.2341119
0.2525914
0.2496888
0.2353708
0.2237244
0.2151457
0.1958492
0.1550677
0.0994958
0.0492745
0.0214380
0.0177714
0.0261175
0.0311809
0.0249269
0.0091102
-0.0097613
-0.0261040
-0.0365477
-0.0392466
-0.0349973
-0.0280420
-0.0231016
-0.0216134
-0.0223216
-0.0244763
-0.0279154
-0.0303462
-0.0275526
-0.0177435
-0.0043436
0.0070935
0.0148030
0.0226146
0.0345981
0.0480419
0.0546036
0.0513466
0.0488314
0.0629087
0.0973110
0.1404660
0.1852868
0.2487522
0.3608208
0.5243409
0.6848368
0.7481975
0.6418865
0.3713831
0.0225611
-0.2928919
-0.5021328
-0.5955456
-0.6037611
-0.5610806
-0.4880907
-0.3962817
-0.2973861
-0.2049101
-0.1292093
-0.0734797
-0.0347175
-0.0078649
0.0111293
0.0250802
0.0362969
0.0466245
0.0575095
0.0702538
0.0848776
0.0983791
0.1063368
0.1080988
0.1090416
0.1153701
0.1269962
0.1376978
0.1429242
0.1459450
0.1546441
0.1716399
0.1882571
0.1903192
0.1719739
0.1435349
0.1234142
0.1212593
0.1302930
0.1370468
0.1370780
0.1391491
0.1539284
0.1801442
0.2035799
0.2107173
0.2028057
0.1943736
0.1967413
0.2050565
0.2045080
0.1888604
0.1693027
0.1629146
0.1738717
0.1884082
0.1887777
0.1709652
0.1475204
0.1331735
0.1294207
0.1249049
0.1100777
0.0885503
0.0728577
0.0713823
0.0816906
0.0952780
0.1056295
0.1109367
0.1112691
0.1054726
0.0915180
0.0695536
0.0441804
0.0233478
0.0144691
0.0203190
0.0367408
0.0536392
0.0605184
0.0544024
0.0428711
0.0370313
0.0402645
0.0452744
0.0432874
0.0347261
0.0288722
0.0332240
0.0450198
0.0543380
0.0547974
0.0494269
0.0451185
0.0428955
0.0366679
0.0224691
0.0060762
-0.0018156
0.0022046
0.0096547
0.0092283
-0.0005395
-0.0091375
-0.0050270
0.0116557
0.0280642
0.0309581
0.0198280
0.0068079
0.0035522
0.0097033
0.0152461
0.0128603
0.0057645
0.0029141
0.0079407
0.0146287
0.0141019
0.0056515
-0.0016453
0.0006232
0.0094958
0.0130357
0.0039756
-0.0112984
-0.0193761
-0.0147682
-0.0062362
-0.0073260
-0.0213910
-0.0374805
-0.0418895
-0.0329936
-0.0228980
-0.0239935
-0.0357815
-0.0467204
-0.0478936
-0.0420611
-0.0385760
-0.0416943
-0.0462723
-0.0449206
-0.0373762
-0.0309422
-0.0316679
-0.0370968
-0.0397010
-0.0368016
-0.0341561
-0.0382701
-0.0473215
-0.0528073
-0.0503233
-0.0459332
-0.0495390
-0.0623939
-0.0736619
-0.0714310
-0.0568490
-0.0449234
-0.0493955
-0.0675927
-0.0823652
-0.0793754
-0.0609379
-0.0422455
-0.0355347
-0.0392881
-0.0420633
-0.0350088
-0.0200143
-0.0065311
-0.0015454
-0.0029527
-0.0020562
0.0083895
0.0286448
0.0533297
0.0773398
0.1004166
0.1257254
0.1531499
0.1742872
0.1765549
0.1547217
0.1180121
0.0833812
0.0605023
0.0442795
0.0230273
-0.0069811
-0.0370151
-0.0563680
-0.0654363
-0.0756258
-0.0955963
-0.1201763
-0.1359366
-0.1373354
-0.1339090
-0.1395126
-0.1563611
-0.1726388
-0.1760678
-0.1675645
-0.1598620
-0.1631883
-0.1738580
-0.1777908
-0.1648549
-0.1391398
-0.1155858
-0.1076061
-0.1175437
-0.1364760
-0.1510312
-0.1516438
-0.1379779
-0.1186243
-0.1044440
-0.0997555
-0.0987874
-0.0910467
-0.0707130
-0.0404030
-0.0043843
0.0425395
0.1169318
0.2316603
0.3728342
0.4899789
0.5140473
0.3957828
0.1389026
-0.1956204
-0.5181719
-0.7537494
-0.8725931
-0.8911907
-0.8483459
-0.7771210
-0.6918539
-0.5939512
-0.4856071
-0.3777111
-0.2861718
-0.2216299
-0.1827289
-0.1590197
-0.1401815
-0.1227461
-0.1090268
-0.1009018
-0.0952902
-0.0857084
-0.0684130
-0.0470867
-0.0306265
-0.0250221
-0.0271293
-0.0273259
-0.0190094
-0.0052995
0.0040807
0.0027235
-0.0056053
-0.0099879
-0.0023838
0.0151664
0.0331490
0.0438184
0.0472598
0.0488159
0.0522905
0.0569257
0.0603578
0.0628934
0.0681195
0.0795533
0.0968189
0.1148550
0.1269256
0.1290748
0.1225360
0.1123595
0.1035297
0.0976477
0.0928728
0.0873385
0.0827504
0.0836733
0.0921962
0.1038371
0.1104373
0.1077120
0.0988082
0.0895390
0.0810481
0.0688185
0.0492800
0.0261770
0.0089189
0.0040819
0.0089985
0.0142858
0.0124864
0.0037151
-0.0066928
-0.0145988
-0.0205380
-0.0280833
-0.0401194
-0.0562350
-0.0722496
-0.0820855
-0.0817405
-0.0731347
-0.0641517
-0.0634363
-0.0734740
-0.0883257
-0.0991973
-0.1033217
-0.1068672
-0.1175448
-0.1340136
-0.1443862
-0.1373526
-0.1152012
-0.0945461
-0.0925687
-0.1115596
-0.1368078
-0.1500236
-0.1453189
-0.1325478
-0.1258501
-0.1299370
-0.1375444
-0.1386005
-0.1300926
-0.1172192
-0.1069388
-0.1018467
-0.0998137
-0.0980040
-0.0961936
-0.0962379
-0.0990455
-0.1027215
-0.1037660
-0.1000067
-0.0927466
-0.0865033
-0.0860203
-0.0920340
-0.0995417
-0.1017153
-0.0970421
-0.0921205
-0.0956180
-0.1086321
-0.1218474
-0.1234713
-0.1105427
-0.0923021
-0.0821177
-0.0858286
-0.0976356
-0.1067098
-0.1071285
-0.1016563
-0.0973233
-0.0984882
-0.1035564
-0.1068578
-0.1033537
-0.0926840
-0.0795551
-0.0699262
-0.0664030
-0.0675046
-0.0712663
-0.0783316
-0.0901965
-0.1045507
-0.1140797
-0.1118261
-0.0984129
-0.0830086
-0.0757073
-0.0784629
-0.0839723
-0.0835069
-0.0750448
-0.0634787
-0.0540659
-0.0469996
-0.0381227
-0.0236156
-0.0034638
0.0188844
0.0395155
0.0571081
0.0741089
0.0952712
0.1238979
0.1576197
0.1871708
0.2009563
0.1934165
0.1699200
0.1423759
0.1188199
0.0973339
0.0706231
0.0360966
0.0003786
-0.0265686
-0.0412545
-0.0498489
-0.0613428
-0.0779683
-0.0930688
-0.0985649
-0.0938737
-0.0868878
-0.0863694
-0.0938472
-0.1028679
-0.1057605
-0.1011644
-0.0953277
-0.0960850
-0.1052229
-0.1165252
-0.1213160
-0.1160346
-0.1048062
-0.0953309
-0.0925087
-0.0952463
-0.0983192
-0.0971114
-0.0913506
-0.0849915
-0.0822928
-0.0831070
-0.0814679
-0.0696069
-0.0450108
-0.0137614
0.0158060
0.0462979
0.0978692
0.1953092
0.3394361
0.4861714
0.5575349
0.4849084
0.2554539
-0.0745041
-0.4106810
-0.6723336
-0.8254444
-0.8789856
-0.8589733
-0.7884891
-0.6859139
-0.5707214
-0.4622368
-0.3714230
-0.2972104
-0.2331521
-0.1767650
-0.1309460
-0.0975606
-0.0731486
-0.0528303
-0.0365599
-0.0283256
-0.0287466
-0.0311656
-0.0272189
-0.0153680
-0.0018681
0.0067884
0.0106707
0.0149714
0.0232167
0.0336248
0.0421979
0.0478831
0.0534197
0.0613989
0.0708465
0.0785085
0.0829837
0.0865588
0.0926387
0.1017929
0.1107755
0.1156902
0.1163722
0.1175607
0.1248964
0.1388608
0.1529444
0.1591594
0.1563427
0.1527226
0.1592430
0.1794023
0.2051456
0.2228091
0.2238756
0.2110632
0.1947390
0.1835255
0.1779412
0.1724129
0.1627549
0.1513893
0.1453456
0.1491475
0.1594955
0.1671420
0.1647219
0.1532975
0.1410568
0.1351407
0.1346071
0.1315545
0.1193293
0.0998361
0.0828266
0.0774789
0.0838092
0.0920706
0.0911994
0.0785790
0.0616587
0.0498530
0.0449858
0.0399806
0.0269533
0.0063026
-0.0124562
-0.0189604
-0.0112572
0.0026447
0.0117152
0.0103297
0.0011517
-0.0083561
-0.0116805
-0.0072033
0.0013875
0.0082121
0.0100591
0.0092109
0.0111246
0.0184860
0.0274850
0.0307047
0.0243821
0.0128122
0.0049608
0.0061309
0.0129505
0.0169755
0.0134255
0.0061398
0.0036814
0.0106025
0.0227277
0.0311764
0.0310466
0.0258499
0.0229184
0.0246257
0.0254991
0.0193100
0.0083570
0.0032359
0.0116403
0.0282203
0.0379035
0.0306319
0.0122246
-0.0006163
0.0035012
0.0197698
0.0323886
0.0299214
0.0152026
0.0010515
-0.0023393
0.0042828
0.0117181
0.0115698
0.0034002
-0.0059129
-0.0092974
-0.0062800
-0.0029029
-0.0047615
-0.0104580
-0.0128105
-0.0068528
0.0041501
0.0115906
0.0104054
0.0043271
0.0018464
0.0073231
0.0165638
0.0209104
0.0151432
0.0018587
-0.0103901
-0.0127704
-0.0020390
0.0164230
0.0310908
0.0323940
0.0208787
0.0073711
0.0036101
0.0121521
0.0260559
0.0383000
0.0497349
0.0661919
0.0886276
0.1091220
0.1188392
0.1191676
0.1223270
0.1395074
0.1693780
0.1996867
0.2197275
0.2295327
0.2363084
0.2434553
0.2451465
0.2322125
0.2022918
0.1630993
0.1257893
0.0959751
0.0714880
0.0477641
0.0238585
0.0029379
-0.0117909
-0.0203433
-0.0253574
-0.0293530
-0.0331081
-0.0361893
-0.0382427
-0.0395640
-0.0409178
-0.0432675
-0.0473613
-0.0527442
-0.0570402
-0.0573719
-0.0537593
-0.0508013
-0.0542240
-0.0645758
-0.0751241
-0.0777553
-0.0715591
-0.0643357
-0.0640770
-0.0691119
-0.0685461
-0.0538575
-0.0291509
-0.0077320
0.0021723
0.0067027
0.0202554
0.0518520
0.1006865
0.1651931
0.2510157
0.3619054
0.4781066
0.5467918
0.5038382
0.3171714
0.0174075
-0.3121210
-0.5806525
-0.7363361
-0.7812138
-0.7509933
-0.6828014
-0.5969320
-0.4999632
-0.3973138
-0.2997831
-0.2194555
-0.1618940
-0.1232954
-0.0946976
-0.0689650
-0.0452244
-0.0280974
-0.0223623
-0.0267170
-0.0320455
-0.0271666
-0.0083181
0.0164044
0.0331218
0.0342263
0.0251965
0.0193394
0.0254256
0.0403496
0.0537172
0.0589411
0.0591486
0.0625159
0.0731060
0.0872199
0.0982274
0.1036491
0.1068820
0.1126576
0.1219196
0.1315524
0.1385378
0.1435391
0.1502336
0.1616918
0.1777683
0.1954560
0.2108998
0.2211727
0.2253561
0.2249605
0.2230943
0.2222890
0.2227192
0.2228988
0.2223707
0.2231795
0.2277745
0.2351575
0.2399210
0.2364001
0.2244174
0.2104594
0.2022761
0.2018326
0.2035793
0.1997723
0.1876611
0.1718006
0.1596095
0.1545399
0.1531973
0.1489428
0.1384041
0.1245267
0.1131444
0.1065242
0.1005469
0.0887651
0.0697041
0.0500841
0.0400010
0.0438061
0.0552319
0.0619489
0.0557694
0.0390240
0.0213834
0.0108548
0.0079494
0.0078784
0.0070360
0.0062328
0.0076813
0.0101251
0.0085212
-0.0007284
-0.0146403
-0.0246702
-0.0237328
-0.0128834
-0.0013161
0.0008839
-0.0084800
-0.0209204
-0.0236973
-0.0109763
0.0099412
0.0238848
0.0209180
0.0053736
-0.0082340
-0.0089718
0.0005181
0.0078411
0.0044054
-0.0056228
-0.0103670
-0.0035488
0.0084881
0.0133772
0.0054406
-0.0089592
-0.0182232
-0.0165696
-0.0082654
-0.0021308
-0.0029967
-0.0083943
-0.0124456
-0.0120849
-0.0095550
-0.0094586
-0.0137777
-0.0198696
-0.0234968
-0.0239130
-0.0253554
-0.0323693
-0.0433702
-0.0502595
-0.0462306
-0.0339896
-0.0243969
-0.0255481
-0.0339021
-0.0378885
-0.0305701
-0.0172637
-0.0095246
-0.0125396
-0.0203890
-0.0240809
-0.0222462
-0.0218234
-0.0286095
-0.0396368
-0.0465165
-0.0452951
-0.0408000
-0.0404794
-0.0452270
-0.0478913
-0.0411128
-0.0257017
-0.0104679
-0.0039365
-0.0069342
-0.0135095
-0.0182783
-0.0216421
-0.0274625
-0.0365727
-0.0438883
-0.0424029
-0.0296223
-0.0096511
0.0107904
0.0278029
0.0418314
0.0548612
0.0674236
0.0788004
0.0894344
0.1020594
0.1199051
0.1437024
0.1703187
0.1941354
0.2099055
0.2148151
0.2084351
0.1914080
0.1649945
0.1322392
0.0986678
0.0699535
0.0476163
0.0276003
0.0048125
-0.0201688
-0.0400911
-0.0484062
-0.0476266
-0.0483960
-0.0587102
-0.0748723
-0.0851759
-0.0829555
-0.0741057
-0.0701649
-0.0752246
-0.0823791
-0.0836331
-0.0805088
-0.0818223
-0.0913912
-0.1014673
-0.1009163
-0.0887020
-0.0761325
-0.0747372
-0.0840788
-0.0936167
-0.0954342
-0.0920088
-0.0905412
-0.0924134
-0.0913522
-0.0815456
-0.0642862
-0.0448797
-0.0250865
-0.0013899
0.0304658
0.0739849
0.1369125
0.2316095
0.3591966
0.4865635
0.5441971
0.4615568
0.2196271
-0.1243441
-0.4661126
-0.7162014
-0.8437120
-0.8712059
-0.8364464
-0.7623684
-0.6580924
-0.5365321
-0.4203244
-0.3284915
-0.2624145
-0.2097367
-0.1614912
-0.1216030
-0.0982929
-0.0895810
-0.0817733
-0.0631700
-0.0364552
-0.0150217
-0.0078180
-0.0103793
-0.0114538
-0.0061355
0.0000068
-0.0006938
-0.0082799
-0.0153799
-0.0158546
-0.0109888
-0.0065512
-0.0051815
-0.0032103
0.0049245
0.0199855
0.0360983
0.0454944
0.0453853
0.0409535
0.0416842
0.0535104
0.0731971
0.0906976
0.0985879
0.0998074
0.1047457
0.1192552
0.1364159
0.1427294
0.1335917
0.1207411
0.1216837
0.1414114
0.1666033
0.1792131
0.1745708
0.1643186
0.1621680
0.1694096
0.1755689
0.1712411
0.1577205
0.1444112
0.1394361
0.1437436
0.1520463
0.1569144
0.1527198
0.1389235
0.1212990
0.1082190
0.1031148
0.1004026
0.0908471
0.0720910
0.0527451
0.0444210
0.0496264
0.0585022
0.0578105
0.0427220
0.0201458
0.0018993
-0.0048612
-0.0022082
0.0011163
-0.0033154
-0.0168542
-0.0320500
-0.0383447
-0.0316443
-0.0191606
-0.0136215
-0.0212343
-0.0353321
-0.0428772
-0.0376553
-0.0265047
-0.0221039
-0.0301468
-0.0444064
-0.0541329
-0.0548359
-0.0506503
-0.0468861
-0.0427370
-0.0332988
-0.0181151
-0.0049028
-0.0028430
-0.0132798
-0.0295799
-0.0460498
-0.0631347
-0.0809541
-0.0914468
-0.0857447
-0.0741953
-0.0930401
-0.1785045
-0.3268883
-0.4853296
-0.5937767
-0.6428739
-0.6874947
-0.7961845
-0.9832732
-1.1899668
-1.3309416
-1.3587221
-1.2877710
-1.1681295
-1.0459694
-0.9469235
-0.8816861
-0.8516852
-0.8459611
-0.8414281
-0.8160340
-0.7642452
-0.6974009
-0.6283966
-0.5583068
-0.4786978
-0.3841442
-0.2798032
-0.1780613
-0.0909344
-0.0254905
0.0176943
0.0449271
0.0664159
0.0885068
0.1076644
0.1151407
0.1100408
0.1058684
0.1202465
0.1571895
0.2021612
0.2367033
0.2566180
0.2734750
0.2990073
0.3314227
