0.0388119
0.0446549
0.0466626
0.0512437
0.0594773
0.0624904
0.0504422
0.0261307
0.0063218
0.0064372
0.0242713
0.0416480
0.0434639
0.0332675
0.0279246
0.0378028
0.0552203
0.0636038
0.0557655
0.0404455
0.0312905
0.0324114
0.0364245
0.0347692
0.0268413
0.0185097
0.0142351
0.0129309
0.0109106
0.0065846
0.0014458
-0.0020980
-0.0024020
0.0013015
0.0086232
0.0170231
0.0221546
0.0209518
0.0151494
0.0110254
0.0143395
0.0248355
0.0360464
0.0411260
0.0390580
0.0350341
0.0348925
0.0395635
0.0449745
0.0467855
0.0445259
0.0410619
0.0387918
0.0372726
0.0347318
0.0312173
0.0296364
0.0337807
0.0454763
0.0629804
0.0812776
0.0944093
0.0993456
0.0987417
0.0990578
0.1044253
0.1122022
0.1157878
0.1124740
0.1075269
0.1091000
0.1191558
0.1309260
0.1363619
0.1352246
0.1352916
0.1436929
0.1597177
0.1768207
0.1900839
0.2001073
0.2106655
0.2252122
0.2462999
0.2759215
0.3137050
0.3547196
0.3909549
0.4160387
0.4278609
0.4261540
0.4092247
0.3758122
0.3307286
0.2858770
0.2523103
0.2306561
0.2111792
0.1843399
0.1503301
0.1174354
0.0923102
0.0738554
0.0568534
0.0399308
0.0283691
0.0288683
0.0420916
0.0606216
0.0741041
0.0766061
0.0700004
0.0614608
0.0578730
0.0614283
0.0690871
0.0756836
0.0778041
0.0753156
0.0702311
0.0652055
0.0628197
0.0642505
0.0671438
0.0661489
0.0583203
0.0484959
0.0466368
0.0571963
0.0719081
0.0766562
0.0678136
0.0601538
0.0749355
0.1191607
0.1798270
0.2415933
0.3071740
0.3924041
0.4956897
0.5747423
0.5619046
0.4114407
0.1383941
-0.1850042
-0.4709372
-0.6606065
-0.7413430
-0.7342933
-0.6719082
-0.5820997
-0.4821099
-0.3787091
-0.2735098
-0.1712873
-0.0836279
-0.0218640
0.0143379
0.0384575
0.0643982
0.0928839
0.1128920
0.1168741
0.1119738
0.1138246
0.1299637
0.1520944
0.1657504
0.1654863
0.1585345
0.1552813
0.1599829
0.1711814
0.1866913
0.2042616
0.2191432
0.2261300
0.2260660
0.2275381
0.2387224
0.2575935
0.2728843
0.2763559
0.2728734
0.2761675
0.2944605
0.3220422
0.3457308
0.3579293
0.3620024
0.3666238
0.3776215
0.3948682
0.4137463
0.4280790
0.4340102
0.4338915
0.4359787
0.4475696
0.4668882
0.4827520
0.4841259
0.4705900
0.4524961
0.4401543
0.4336582
0.4243295
0.4052689
0.3784378
0.3512331
0.3284137
0.3087491
0.2878320
0.2619562
0.2299412
0.1937466
0.1582019
0.1285397
0.1064244
0.0881833
0.0678007
0.0425393
0.0160411
-0.0041904
-0.0128000
-0.0108491
-0.0053254
-0.0052979
-0.0173299
-0.0413152
-0.0687138
-0.0869605
-0.0895920
-0.0829683
-0.0803676
-0.0876202
-0.0961169
-0.0922672
-0.0735447
-0.0529417
-0.0463684
-0.0566543
-0.0715590
-0.0774280
-0.0727531
-0.0669429
-0.0676106
-0.0724496
-0.0739374
-0.0684930
-0.0585719
-0.0481560
-0.0400523
-0.0372601
-0.0426391
-0.0545359
-0.0649045
-0.0658632
-0.0593729
-0.0576296
-0.0703674
-0.0917668
-0.1036146
-0.0942199
-0.0724922
-0.0597686
-0.0676873
-0.0874495
-0.1019593
-0.1050114
-0.1051604
-0.1123397
-0.1253618
-0.1346853
-0.1349514
-0.1308994
-0.1300155
-0.1323638
-0.1312176
-0.1235478
-0.1160386
-0.1180172
-0.1301038
-0.1431284
-0.1486347
-0.1481515
-0.1507826
-0.1624677
-0.1785535
-0.1869991
-0.1790982
-0.1578052
-0.1359925
-0.1262830
-0.1316952
-0.1447038
-0.1541725
-0.1538737
-0.1465895
-0.1412157
-0.1448293
-0.1561571
-0.1667373
-0.1688438
-0.1621667
-0.1531837
-0.1493217
-0.1539381
-0.1650403
-0.1768825
-0.1830923
-0.1804372
-0.1716457
-0.1649879
-0.1692143
-0.1858265
-0.2051742
-0.2126825
-0.2022550
-0.1836211
-0.1739036
-0.1807227
-0.1948220
-0.2002326
-0.1907795
-0.1755345
-0.1683762
-0.1733630
-0.1812220
-0.1799777
-0.1674582
-0.1518500
-0.1409728
-0.1340884
-0.1252510
-0.1115871
-0.0949218
-0.0762167
-0.0523942
-0.0207671
0.0149869
0.0461377
0.0674479
0.0830848
0.1012025
0.1212989
0.1292627
0.1088447
0.0591643
-0.0013207
-0.0499787
-0.0788643
-0.0987251
-0.1261570
-0.1676465
-0.2142719
-0.2494337
-0.2615584
-0.2518039
-0.2326923
-0.2205700
-0.2267208
-0.2505347
-0.2785874
-0.2933062
-0.2874585
-0.2713836
-0.2635813
-0.2725142
-0.2882187
-0.2922749
-0.2755207
-0.2462351
-0.2223946
-0.2166744
-0.2278200
-0.2442172
-0.2539301
-0.2518045
-0.2403133
-0.2267866
-0.2188202
-0.2182683
-0.2182538
-0.2089767
-0.1886925
-0.1669721
-0.1544193
-0.1499005
-0.1399542
-0.1098182
-0.0521609
0.0342659
0.1474466
0.2742204
0.3762021
0.3915611
0.2669285
0.0009319
-0.3414217
-0.6634953
-0.8933726
-1.0132895
-1.0439712
-1.0109651
-0.9292933
-0.8125157
-0.6835552
-0.5683781
-0.4790498
-0.4072867
-0.3374704
-0.2650018
-0.2000611
-0.1550225
-0.1322866
-0.1250813
-0.1255917
-0.1286450
-0.1299408
-0.1258680
-0.1164489
-0.1058911
-0.0983019
-0.0932849
-0.0865877
-0.0750504
-0.0604404
-0.0479339
-0.0408213
-0.0375502
-0.0343851
-0.0295119
-0.0229959
-0.0140623
-0.0012100
0.0150893
0.0325542
0.0505385
0.0706467
0.0925031
0.1112767
0.1222806
0.1278180
0.1369424
0.1563712
0.1816193
0.1992249
0.2002058
0.1912000
0.1894840
0.2054992
0.2323391
0.2542058
0.2630204
0.2638909
0.2659467
0.2721929
0.2792883
0.2836276
0.2842347
0.2801222
0.2680626
0.2459134
0.2181625
0.1949174
0.1821750
0.1738645
0.1570484
0.1260289
0.0888628
0.0587924
0.0415255
0.0324257
0.0238300
0.0122416
-0.0010546
-0.0136287
-0.0246171
-0.0344342
-0.0433367
-0.0514842
-0.0599632
-0.0697477
-0.0791050
-0.0846592
-0.0870972
-0.0932914
-0.1086185
-0.1275172
-0.1360888
-0.1265589
-0.1074859
-0.0972300
-0.1066772
-0.1286023
-0.1442349
-0.1406591
-0.1218882
-0.1028112
-0.0935098
-0.0914597
-0.0883056
-0.0803517
-0.0704737
-0.0628067
-0.0591652
-0.0597999
-0.0642453
-0.0703564
-0.0743009
-0.0732974
-0.0686800
-0.0651496
-0.0651266
-0.0635422
-0.0512695
-0.0269699
-0.0040466
-0.0009292
-0.0225023
-0.0536796
-0.0732665
-0.0729433
-0.0618521
-0.0547656
-0.0580661
-0.0665788
-0.0712768
-0.0677192
-0.0569120
-0.0410266
-0.0224812
-0.0075429
-0.0057947
-0.0214566
-0.0464150
-0.0657469
-0.0709269
-0.0659520
-0.0608503
-0.0613109
-0.0648067
-0.0648054
-0.0575337
-0.0450870
-0.0328975
-0.0252226
-0.0235367
-0.0275831
-0.0353705
-0.0425592
-0.0452247
-0.0444829
-0.0458586
-0.0524549
-0.0607376
-0.0649431
-0.0642836
-0.0637158
-0.0676766
-0.0741911
-0.0758824
-0.0676480
-0.0537410
-0.0456152
-0.0506125
-0.0632692
-0.0698806
-0.0618028
-0.0431656
-0.0264237
-0.0221267
-0.0318345
-0.0478591
-0.0594316
-0.0616309
-0.0598207
-0.0644105
-0.0797072
-0.0967833
-0.0972894
-0.0672176
-0.0117722
0.0421003
0.0627398
0.0388767
-0.0111215
-0.0561757
-0.0782965
-0.0817432
-0.0803300
-0.0802517
-0.0761943
-0.0613459
-0.0376243
-0.0139699
0.0047597
0.0237912
0.0510017
0.0858506
0.1197335
0.1466838
0.1692334
0.1925524
0.2165829
0.2362296
0.2468184
0.2467173
0.2356356
0.2129174
0.1787497
0.1370796
0.0963248
0.0649275
0.0446665
0.0293363
0.0112999
-0.0113669
-0.0344662
-0.0519712
-0.0594182
-0.0561363
-0.0475007
-0.0434922
-0.0512531
-0.0684312
-0.0855514
-0.0949718
-0.0964752
-0.0947732
-0.0930912
-0.0895398
-0.0797701
-0.0635449
-0.0475514
-0.0393919
-0.0389712
-0.0387570
-0.0334676
-0.0268989
-0.0275492
-0.0389823
-0.0555356
-0.0663375
-0.0632013
-0.0462540
-0.0227382
0.0002221
0.0216385
0.0461712
0.0813896
0.1382171
0.2289842
0.3542082
0.4849575
0.5620662
0.5232482
0.3427620
0.0536912
-0.2659751
-0.5348187
-0.7064022
-0.7777550
-0.7698326
-0.7059349
-0.6064363
-0.4923838
-0.3828789
-0.2875034
-0.2059658
-0.1368539
-0.0844462
-0.0555330
-0.0503393
-0.0577149
-0.0607225
-0.0487709
-0.0245591
0.0016946
0.0236983
0.0426990
0.0612877
0.0780199
0.0892264
0.0931030
0.0910089
0.0874685
0.0896694
0.1034223
0.1268640
0.1494740
0.1598275
0.1556273
0.1469575
0.1493920
0.1710994
0.2042717
0.2307484
0.2389244
0.2347669
0.2345265
0.2477664
0.2693359
0.2863231
0.2904807
0.2854405
0.2847799
0.3021242
0.3397155
0.3853967
0.4214409
0.4367460
0.4321340
0.4175711
0.4057838
0.4052976
0.4159215
0.4306145
0.4422898
0.4481245
0.4479749
0.4415017
0.4278833
0.4065279
0.3776872
0.3441374
0.3115998
0.2842406
0.2594251
0.2302288
0.1943602
0.1583517
0.1320755
0.1206991
0.1216606
0.1268291
0.1271945
0.1179756
0.1007482
0.0806422
0.0622495
0.0484885
0.0408597
0.0384981
0.0384626
0.0388397
0.0398137
0.0399738
0.0343651
0.0195925
-0.0004501
-0.0169186
-0.0237257
-0.0215098
-0.0152784
-0.0097141
-0.0056323
0.0000528
0.0096288
0.0196424
0.0231589
0.0179206
0.0097755
0.0065435
0.0100968
0.0152149
0.0147628
0.0062594
-0.0044867
-0.0069325
0.0037692
0.0198210
0.0274575
0.0211624
0.0088413
0.0028731
0.0084237
0.0201503
0.0276356
0.0243157
0.0137468
0.0069418
0.0112669
0.0223873
0.0291447
0.0255292
0.0159057
0.0095948
0.0122560
0.0212448
0.0274624
0.0231053
0.0094494
-0.0039467
-0.0083225
-0.0021866
0.0106678
0.0249459
0.0341822
0.0326797
0.0215841
0.0103174
0.0076666
0.0122532
0.0147096
0.0090301
-0.0001521
-0.0021933
0.0074998
0.0203773
0.0223189
0.0102144
-0.0022821
0.0000923
0.0155329
0.0273450
0.0241862
0.0121616
0.0055852
0.0108613
0.0220736
0.0292714
0.0283418
0.0237350
0.0230229
0.0292855
0.0392766
0.0477956
0.0506448
0.0437759
0.0258308
0.0051024
-0.0016332
0.0154052
0.0449628
0.0610302
0.0452295
0.0033925
-0.0379336
-0.0511180
-0.0282315
0.0133163
0.0463025
0.0566888
0.0515980
0.0468350
0.0509236
0.0613663
0.0709919
0.0748762
0.0737752
0.0730344
0.0768466
0.0835802
0.0890491
0.0936507
0.1027396
0.1199797
0.1436246
0.1692712
0.1930935
0.2125006
0.2265912
0.2360103
0.2408849
0.2411338
0.2414321
0.2523583
0.2810144
0.3211743
0.3573933
0.3796379
0.3915167
0.4042356
0.4238025
0.4431226
0.4462649
0.4234307
0.3828465
0.3442825
0.3190877
0.3003840
0.2747064
0.2384642
0.1994278
0.1660108
0.1399500
0.1183752
0.0997730
0.0871863
0.0850894
0.0921101
0.0991039
0.0981307
0.0916429
0.0878784
0.0884214
0.0866917
0.0793071
0.0725522
0.0747029
0.0856678
0.0967635
0.0992425
0.0925812
0.0854047
0.0868711
0.0957470
0.1009485
0.0954730
0.0860419
0.0846570
0.0937213
0.1047807
0.1103846
0.1123854
0.1188918
0.1362716
0.1641212
0.1973113
0.2347797
0.2853338
0.3578907
0.4412000
0.4963548
0.4745373
0.3452942
0.1140230
-0.1776941
-0.4659915
-0.6893084
-0.8127930
-0.8360087
-0.7809332
-0.6754060
-0.5447948
-0.4101611
-0.2877509
-0.1888950
-0.1184101
-0.0707775
-0.0317043
0.0096784
0.0498903
0.0767531
0.0852678
0.0834394
0.0832570
0.0904305
0.1022817
0.1116004
0.1133170
0.1106495
0.1130920
0.1254170
0.1413300
0.1513018
0.1534120
0.1525497
0.1523259
0.1527030
0.1536134
0.1565821
0.1632697
0.1740132
0.1863361
0.1954422
0.2004368
0.2096256
0.2328767
0.2668840
0.2948114
0.3043315
0.3012912
0.3023877
0.3180879
0.3446225
0.3687461
0.3788089
0.3750240
0.3702111
0.3776485
0.3985373
0.4240594
0.4466561
0.4636483
0.4723842
0.4698114
0.4577021
0.4427207
0.4301675
0.4205763
0.4111835
0.3975755
0.3762490
0.3490322
0.3222571
0.2987064
0.2746914
0.2485063
0.2259552
0.2118146
0.2005076
0.1817539
0.1528756
0.1206576
0.0935870
0.0761850
0.0682737
0.0660478
0.0649269
0.0618880
0.0527761
0.0301030
-0.0090932
-0.0534736
-0.0843222
-0.0953147
-0.0992616
-0.1128868
-0.1399338
-0.1698124
-0.1866860
-0.1791865
-0.1480385
-0.1067260
-0.0710453
-0.0478433
-0.0364539
-0.0367591
-0.0487553
-0.0667439
-0.0820638
-0.0917717
-0.0995227
-0.1091088
-0.1214156
-0.1351107
-0.1459527
-0.1488182
-0.1446969
-0.1414206
-0.1429496
-0.1427866
-0.1330685
-0.1157608
-0.1003144
-0.0945783
-0.1012576
-0.1174482
-0.1338173
-0.1403085
-0.1368547
-0.1332002
-0.1352616
-0.1378071
-0.1334494
-0.1224593
-0.1106205
-0.1031113
-0.1029516
-0.1103988
-0.1223820
-0.1364013
-0.1532725
-0.1706575
-0.1780686
-0.1677796
-0.1486898
-0.1391818
-0.1461286
-0.1593928
-0.1667564
-0.1663397
-0.1645269
-0.1684972
-0.1802394
-0.1927748
-0.1946854
-0.1831586
-0.1687189
-0.1625089
-0.1643209
-0.1680074
-0.1715420
-0.1752092
-0.1767786
-0.1758248
-0.1770906
-0.1831018
-0.1888893
-0.1893319
-0.1859563
-0.1821931
-0.1783919
-0.1753480
-0.1759919
-0.1802003
-0.1840130
-0.1850112
-0.1812669
-0.1664713
-0.1376056
-0.1082074
-0.1012105
-0.1239536
-0.1588231
-0.1814541
-0.1815645
-0.1665673
-0.1530678
-0.1539020
-0.1653612
-0.1689823
-0.1534473
-0.1305539
-0.1207385
-0.1279088
-0.1385704
-0.1404318
-0.1305517
-0.1093151
-0.0778885
-0.0402871
-0.0008905
0.0369598
0.0662665
0.0785152
0.0755868
0.0692653
0.0624479
0.0423908
0.0010721
-0.0485999
-0.0863287
-0.1056118
-0.1141982
-0.1222170
-0.1359649
-0.1548616
-0.1698168
-0.1726847
-0.1690444
-0.1720005
-0.1837232
-0.1950254
-0.2017772
-0.2072709
-0.2092459
-0.2008060
-0.1854220
-0.1761180
-0.1781661
-0.1850013
-0.1904065
-0.1926155
-0.1893456
-0.1815138
-0.1778178
-0.1828451
-0.1857326
-0.1730541
-0.1467009
-0.1177300
-0.0920654
-0.0751061
-0.0787431
-0.1066128
-0.1395647
-0.1504587
-0.1289130
-0.0837501
-0.0296229
0.0245360
0.0875013
0.1871096
0.3340386
0.4732334
0.4979897
0.3367489
0.0197847
-0.3460352
-0.6543144
-0.8504481
-0.9356474
-0.9412585
-0.8926396
-0.7935086
-0.6510180
-0.5024132
-0.3911948
-0.3221880
-0.2674658
-0.2132902
-0.1725487
-0.1529578
-0.1431586
-0.1323741
-0.1191258
-0.1011377
-0.0784784
-0.0618722
-0.0573008
-0.0519658
-0.0359870
-0.0227882
-0.0248170
-0.0276769
-0.0145287
0.0035492
0.0088160
0.0078047
0.0141058
0.0222969
0.0249186
0.0316362
0.0478815
0.0615744
0.0721145
0.0995693
0.1438988
0.1727624
0.1717660
0.1664279
0.1742825
0.1806292
0.1806535
0.1942457
0.2195790
0.2271610
0.2180036
0.2282581
0.2615100
0.2825960
0.2890361
0.3121995
0.3396409
0.3254498
0.2860638
0.2841037
0.3090634
0.2922534
0.2486524
0.2602745
0.3006083
0.2533212
0.1575152
0.2338241
0.5573322
