0.0813203
0.1284729
0.1423412
0.1425875
0.1428768
0.1430318
0.1454845
0.1553106
0.1661751
0.1659705
0.1568869
0.1542916
0.1648575
0.1786653
0.1837443
0.1778147
0.1655589
0.1535744
0.1477465
0.1478108
0.1458368
0.1371181
0.1297661
0.1354564
0.1528559
0.1683779
0.1723303
0.1672315
0.1607478
0.1566043
0.1527505
0.1445612
0.1303458
0.1158017
0.1102106
0.1155147
0.1227373
0.1226738
0.1167123
0.1133645
0.1170628
0.1240580
0.1272550
0.1225475
0.1127053
0.1066832
0.1117677
0.1242920
0.1314925
0.1250800
0.1102115
0.0987029
0.0957655
0.0958489
0.0903393
0.0778495
0.0669728
0.0677812
0.0792521
0.0876092
0.0808722
0.0634061
0.0511470
0.0527496
0.0607609
0.0628728
0.0573142
0.0537803
0.0608295
0.0751602
0.0842772
0.0796901
0.0663546
0.0568853
0.0565991
0.0581574
0.0530492
0.0444849
0.0444115
0.0590544
0.0814532
0.0986125
0.1035263
0.0997253
0.0956254
0.0952723
0.0949451
0.0893726
0.0801567
0.0752972
0.0798809
0.0899008
0.0966291
0.0951834
0.0876404
0.0795866
0.0749966
0.0732296
0.0700217
0.0623443
0.0526123
0.0468215
0.0482057
0.0538946
0.0578727
0.0559752
0.0481278
0.0372356
0.0262449
0.0156949
0.0046902
-0.0052319
-0.0091418
-0.0038217
0.0072980
0.0170001
0.0219728
0.0253915
0.0315130
0.0396904
0.0449844
0.0442488
0.0407683
0.0418868
0.0510482
0.0627755
0.0675886
0.0622728
0.0531076
0.0479456
0.0473708
0.0457192
0.0395117
0.0324753
0.0318839
0.0407525
0.0538112
0.0614227
0.0583891
0.0490818
0.0430748
0.0457430
0.0541940
0.0625738
0.0706597
0.0876028
0.1276639
0.1994047
0.2933186
0.3764562
0.4013400
0.3275550
0.1449424
-0.1148219
-0.3865968
-0.5990933
-0.7078172
-0.7127832
-0.6487226
-0.5569838
-0.4622489
-0.3696282
-0.2778818
-0.1920975
-0.1233442
-0.0777467
-0.0489869
-0.0243310
0.0021217
0.0248893
0.0366006
0.0390414
0.0417967
0.0508969
0.0620240
0.0663128
0.0615980
0.0561168
0.0602251
0.0748654
0.0896190
0.0929905
0.0835681
0.0697266
0.0594532
0.0529909
0.0456447
0.0351344
0.0242598
0.0171378
0.0144173
0.0127454
0.0088405
0.0037036
0.0018701
0.0059537
0.0129691
0.0174526
0.0178506
0.0182450
0.0232542
0.0321025
0.0385616
0.0370847
0.0290080
0.0218632
0.0212413
0.0236180
0.0194921
0.0047877
-0.0128513
-0.0215772
-0.0186818
-0.0141260
-0.0199460
-0.0375609
-0.0571292
-0.0693190
-0.0757827
-0.0858954
-0.1033705
-0.1193402
-0.1215911
-0.1094661
-0.0958484
-0.0932684
-0.1008634
-0.1073881
-0.1055496
-0.1002060
-0.1015925
-0.1124366
-0.1240485
-0.1256037
-0.1157794
-0.1035528
-0.0979672
-0.0994752
-0.1023168
-0.1029697
-0.1032039
-0.1050560
-0.1057553
-0.0996048
-0.0845297
-0.0656961
-0.0519672
-0.0482641
-0.0512660
-0.0530945
-0.0493988
-0.0431307
-0.0400284
-0.0413604
-0.0422402
-0.0370429
-0.0258990
-0.0157094
-0.0146303
-0.0249948
-0.0413717
-0.0558250
-0.0649955
-0.0715741
-0.0792384
-0.0874472
-0.0918324
-0.0891561
-0.0813120
-0.0742511
-0.0724595
-0.0742210
-0.0735194
-0.0681138
-0.0648901
-0.0744216
-0.0991003
-0.1287862
-0.1506632
-0.1628843
-0.1759481
-0.2001789
-0.2356687
-0.2792329
-0.3401657
-0.4400696
-0.5875128
-0.7532927
-0.8821752
-0.9401878
-0.9506711
-0.9757551
-1.0564716
-1.1715634
-1.2568267
-1.2632623
-1.1947140
-1.0931635
-0.9969654
-0.9191061
-0.8599139
-0.8262777
-0.8283759
-0.8607236
-0.8970443
-0.9095947
-0.8910885
-0.8544515
-0.8133231
-0.7671412
-0.7051807
-0.6206176
-0.5176328
-0.4069045
-0.2985114
-0.2003969
-0.1200582
-0.0628856
-0.0276126
-0.0059569
0.0111043
0.0273233
0.0420990
0.0552692
0.0681938
0.0805861
0.0896557
0.0943137
0.0986596
0.1088155
0.1259973
0.1445107
0.1581383
0.1679855
0.1819384
0.2051893
0.2327541
0.2538348
0.2637609
0.2691418
0.2795403
0.2955959
0.3081013
0.3093397
0.3033526
0.3029541
0.3163362
0.3379667
0.3541344
0.3573905
0.3539300
0.3557974
0.3672366
0.3808946
0.3873206
0.3857238
0.3837986
0.3881161
0.3967867
0.4021231
0.3993081
0.3909706
0.3828786
0.3762880
0.3662507
0.3479582
0.3234389
0.3005029
0.2850130
0.2749341
0.2621215
0.2396847
0.2079581
0.1739934
0.1452941
0.1235270
0.1040186
0.0813514
0.0554010
0.0319348
0.0173790
0.0126628
0.0117028
0.0062630
-0.0066935
-0.0222303
-0.0327943
-0.0366631
-0.0401047
-0.0503253
-0.0669292
-0.0816172
-0.0865742
-0.0823210
-0.0765510
-0.0754072
-0.0768672
-0.0735241
-0.0615004
-0.0452816
-0.0331569
-0.0288869
-0.0288629
-0.0267339
-0.0193735
-0.0084424
0.0022191
0.0097814
0.0138827
0.0162114
0.0189478
0.0230683
0.0276102
0.0305209
0.0306857
0.0295383
0.0302747
0.0345851
0.0401474
0.0424859
0.0399736
0.0361245
0.0357819
0.0392924
0.0417518
0.0387262
0.0321337
0.0292193
0.0348401
0.0450791
0.0498917
0.0431154
0.0292689
0.0190802
0.0181967
0.0216437
0.0201343
0.0107996
0.0002465
-0.0031442
0.0010887
0.0044608
-0.0016228
-0.0166139
-0.0311598
-0.0366228
-0.0332597
-0.0283295
-0.0270309
-0.0268598
-0.0212405
-0.0076414
0.0089096
0.0203917
0.0234101
0.0220301
0.0231805
0.0297095
0.0383839
0.0444060
0.0469298
0.0496090
0.0561482
0.0658899
0.0738757
0.0753583
0.0706427
0.0654006
0.0654009
0.0704772
0.0743335
0.0711282
0.0621426
0.0552154
0.0571701
0.0668916
0.0761343
0.0773271
0.0705319
0.0625237
0.0592265
0.0598727
0.0590996
0.0540006
0.0477044
0.0456008
0.0489368
0.0531516
0.0527517
0.0473294
0.0419590
0.0411332
0.0428533
0.0401595
0.0292685
0.0152363
0.0080805
0.0131180
0.0260734
0.0381292
0.0450534
0.0505519
0.0608708
0.0772441
0.0946515
0.1077954
0.1168743
0.1262853
0.1382077
0.1492120
0.1539610
0.1512297
0.1450273
0.1399056
0.1362501
0.1309031
0.1222046
0.1135426
0.1109146
0.1165124
0.1252245
0.1284146
0.1215705
0.1080869
0.0955093
0.0882601
0.0839445
0.0764848
0.0629192
0.0472998
0.0375344
0.0377408
0.0437340
0.0467683
0.0420854
0.0333004
0.0278316
0.0283552
0.0299292
0.0264006
0.0189327
0.0160163
0.0235847
0.0364804
0.0427681
0.0375143
0.0297526
0.0328431
0.0484149
0.0631940
0.0637519
0.0526943
0.0469986
0.0594010
0.0838041
0.1017569
0.1028589
0.0955872
0.0963283
0.1101962
0.1264045
0.1326746
0.1303339
0.1320337
0.1456942
0.1642907
0.1732262
0.1662219
0.1514654
0.1416490
0.1398553
0.1372210
0.1242547
0.1023303
0.0825424
0.0739381
0.0745128
0.0742599
0.0661171
0.0528834
0.0432675
0.0418676
0.0440785
0.0414411
0.0313910
0.0202793
0.0160940
0.0192112
0.0218497
0.0168158
0.0054477
-0.0043014
-0.0073191
-0.0072494
-0.0116768
-0.0219631
-0.0301100
-0.0274374
-0.0155756
-0.0064060
-0.0099158
-0.0233464
-0.0340288
-0.0327434
-0.0225652
-0.0136147
-0.0102957
-0.0059224
0.0091483
0.0354299
0.0622697
0.0780117
0.0805779
0.0771942
0.0753986
0.0766743
0.0786779
0.0807638
0.0849578
0.0922919
0.1009421
0.1094999
0.1208067
0.1401117
0.1689011
0.2031294
0.2407301
0.2904135
0.3674845
0.4737915
0.5786201
0.6232984
0.5542572
0.3621882
0.0951667
-0.1672165
-0.3593382
-0.4594573
-0.4846757
-0.4633693
-0.4138265
-0.3444005
-0.2651020
-0.1915943
-0.1365900
-0.1007806
-0.0752603
-0.0524257
-0.0322200
-0.0173709
-0.0055998
0.0097614
0.0310646
0.0514227
0.0612762
0.0592362
0.0538396
0.0538557
0.0589835
0.0621224
0.0599111
0.0580980
0.0648409
0.0800502
0.0940593
0.0978004
0.0925519
0.0875724
0.0886582
0.0917541
0.0892470
0.0806228
0.0738757
0.0758190
0.0832299
0.0856429
0.0764742
0.0593828
0.0428006
0.0297996
0.0157347
-0.0038616
-0.0255474
-0.0405956
-0.0450785
-0.0450710
-0.0505988
-0.0655463
-0.0850517
-0.1024012
-0.1163896
-0.1305826
-0.1464191
-0.1596057
-0.1649000
-0.1635172
-0.1634126
-0.1710165
-0.1838775
-0.1934140
-0.1951473
-0.1944461
-0.2004902
-0.2147700
-0.2273046
-0.2257854
-0.2084702
-0.1867445
-0.1739271
-0.1720343
-0.1708009
-0.1596639
-0.1389285
-0.1178372
-0.1028431
-0.0904352
-0.0726009
-0.0476290
-0.0229442
-0.0067429
0.0011266
0.0078601
0.0178842
0.0272336
0.0295393
0.0259353
0.0255219
0.0346840
0.0481492
0.0534730
0.0445987
0.0288353
0.0188968
0.0190084
0.0210842
0.0153621
0.0030617
-0.0038164
0.0044861
0.0245226
0.0430291
0.0503217
0.0485565
0.0467463
0.0498536
0.0548320
0.0569374
0.0573200
0.0621379
0.0743416
0.0885471
0.0959078
0.0936827
0.0881235
0.0871038
0.0912973
0.0944182
0.0918970
0.0870823
0.0871734
0.0937745
0.0998264
0.0972599
0.0865884
0.0767232
0.0747718
0.0779598
0.0775517
0.0699185
0.0610137
0.0588585
0.0636785
0.0679723
0.0659551
0.0601204
0.0567937
0.0568762
0.0541446
0.0436115
0.0291157
0.0197753
0.0191285
0.0206652
0.0158335
0.0047619
-0.0037698
-0.0031672
0.0028159
0.0046913
-0.0010941
-0.0076912
-0.0059373
0.0048145
0.0160374
0.0200334
0.0182999
0.0182884
0.0230615
0.0270986
0.0236927
0.0147390
0.0103821
0.0180665
0.0333978
0.0435938
0.0401364
0.0268672
0.0149521
0.0109207
0.0114423
0.0100626
0.0068318
0.0087258
0.0204939
0.0374578
0.0492324
0.0499253
0.0428794
0.0352340
0.0299203
0.0248288
0.0187768
0.0149704
0.0165873
0.0206791
0.0199427
0.0115453
0.0015518
-0.0020914
0.0000494
-0.0009168
-0.0100982
-0.0194815
-0.0144251
0.0097823
0.0404200
0.0587294
0.0582021
0.0493758
0.0463086
0.0510473
0.0538316
0.0471969
0.0358698
0.0308358
0.0359725
0.0439918
0.0459023
0.0416217
0.0390309
0.0436852
0.0524130
0.0582027
0.0593692
0.0611403
0.0680326
0.0772619
0.0818198
0.0791093
0.0737996
0.0711700
0.0697131
0.0629695
0.0488141
0.0344956
0.0302421
0.0380302
0.0485146
0.0500619
0.0398405
0.0247371
0.0121398
0.0022910
-0.0091252
-0.0227818
-0.0330486
-0.0341853
-0.0272655
-0.0191704
-0.0152427
-0.0147748
-0.0142507
-0.0131858
-0.0144784
-0.0188949
-0.0215235
-0.0158875
-0.0014325
0.0148490
0.0251236
0.0281202
0.0288263
0.0314688
0.0346161
0.0341868
0.0302730
0.0289575
0.0362672
0.0509835
0.0648752
0.0705797
0.0684471
0.0648023
0.0640837
0.0642982
0.0609158
0.0540019
0.0494720
0.0524728
0.0605938
0.0653310
0.0607729
0.0497584
0.0403444
0.0367152
0.0352192
0.0298789
0.0201897
0.0115957
0.0085224
0.0090284
0.0075896
0.0020199
-0.0043589
-0.0075760
-0.0079968
-0.0087440
-0.0100335
-0.0077235
0.0012384
0.0135682
0.0221707
0.0238268
0.0221272
0.0217395
0.0219212
0.0187043
0.0134767
0.0159833
0.0358217
0.0718357
0.1136339
0.1556841
0.2074604
0.2844759
0.3856138
0.4793884
0.5155127
0.4546259
0.2930981
0.0660476
-0.1698404
-0.3604261
-0.4731053
-0.5047357
-0.4766663
-0.4191205
-0.3536865
-0.2859831
-0.2133800
-0.1386930
-0.0746034
-0.0337730
-0.0161194
-0.0083920
0.0029311
0.0198649
0.0349642
0.0432900
0.0492058
0.0603435
0.0772469
0.0920636
0.0977820
0.0962035
0.0947679
0.0967758
0.0979212
0.0935430
0.0866534
0.0855121
0.0932880
0.1032234
0.1061161
0.1011285
0.0963914
0.0986222
0.1047632
0.1059969
0.0989196
0.0898993
0.0874667
0.0924790
0.0979868
0.0980744
0.0940573
0.0908744
0.0895945
0.0863506
0.0786536
0.0699742
0.0659035
0.0665177
0.0648359
0.0537891
0.0335068
0.0103451
-0.0107073
-0.0306665
-0.0528946
-0.0766365
-0.0966448
-0.1093731
-0.1172007
-0.1246833
-0.1317309
-0.1332469
-0.1264125
-0.1161142
-0.1104911
-0.1112400
-0.1110291
-0.1022819
-0.0870286
-0.0752340
-0.0729956
-0.0750702
-0.0712260
-0.0586066
-0.0446674
-0.0372881
-0.0349424
-0.0293680
-0.0168251
-0.0031185
0.0039610
0.0046276
0.0064245
0.0140053
0.0230736
0.0265790
0.0249318
0.0265420
0.0376156
0.0541836
0.0663898
0.0693210
0.0668651
0.0648678
0.0636379
0.0596129
0.0529381
0.0496685
0.0547555
0.0647353
0.0701471
0.0655877
0.0554966
0.0487805
0.0488925
0.0511834
0.0501732
0.0474839
0.0507731
0.0649185
0.0856718
0.1030218
0.1105987
0.1109543
0.1112850
0.1146349
0.1164252
0.1101234
0.0956170
0.0807347
0.0739678
0.0763249
0.0812175
0.0821410
0.0791590
0.0770098
0.0779117
0.0785087
0.0749325
0.0692538
0.0682465
0.0750034
0.0837108
0.0849752
0.0762727
0.0651416
0.0608254
0.0638692
0.0659003
0.0598715
0.0486376
0.0417866
0.0447047
0.0529210
0.0579811
0.0569899
0.0540041
0.0523463
0.0487060
0.0375286
0.0204879
0.0082040
0.0100568
0.0229840
0.0329810
0.0291216
0.0149882
0.0043875
0.0057422
0.0126772
0.0115392
-0.0026636
-0.0199962
-0.0259890
-0.0168108
-0.0023820
0.0052423
0.0043978
0.0034303
0.0093025
0.0195454
0.0267408
0.0288551
0.0317929
0.0408598
0.0523231
0.0566001
0.0499978
0.0404836
0.0394044
0.0482212
0.0562906
0.0532287
0.0417639
0.0355577
0.0438198
0.0604356
0.0704680
0.0665478
0.0560159
0.0508846
0.0533118
0.0543327
0.0469229
0.0365657
0.0355016
0.0472850
0.0609223
0.0626345
0.0515074
0.0399208
0.0379588
0.0408290
0.0349928
0.0158276
-0.0047726
-0.0105250
0.0014879
0.0181521
0.0251721
0.0213838
0.0164483
0.0167748
0.0180410
0.0128313
0.0022996
-0.0036848
0.0019642
0.0151568
0.0257434
0.0293408
0.0311288
0.0375347
0.0467924
0.0501837
0.0423240
0.0282050
0.0190383
0.0218309
0.0337074
0.0457077
0.0509024
0.0489250
0.0442373
0.0413842
0.0417369
0.0436707
0.0451701
0.0462481
0.0488012
0.0538749
0.0593542
0.0613143
0.0582057
0.0528982
0.0492499
0.0466398
0.0395866
0.0242790
0.0048935
-0.0086089
-0.0100045
-0.0031262
0.0026205
0.0025566
0.0007990
0.0036061
0.0106110
0.0149472
0.0119845
0.0056268
0.0042703
0.0113853
0.0220939
0.0294158
0.0320706
0.0344727
0.0398011
0.0455961
0.0477363
0.0477320
0.0537180
0.0730040
0.1046865
0.1418205
0.1819190
0.2333670
0.3066604
0.3942381
0.4577057
0.4403048
0.3025895
0.0562597
-0.2327928
-0.4787797
-0.6233718
-0.6607702
-0.6249775
-0.5559885
-0.4758001
-0.3896519
-0.3012534
-0.2207240
-0.1579048
-0.1126919
