0.0026328
-0.0026256
-0.0036546
0.0019804
0.0077049
0.0042335
-0.0080500
-0.0137192
0.0071415
0.0599758
0.1283857
0.1902786
0.2445364
0.3187125
0.4419566
0.6026824
0.7323348
0.7387337
0.5680516
0.2460577
-0.1344220
-0.4673807
-0.6854200
-0.7760559
-0.7643339
-0.6869286
-0.5770273
-0.4600195
-0.3517531
-0.2576766
-0.1768445
-0.1095405
-0.0602372
-0.0318172
-0.0187865
-0.0100662
0.0001399
0.0069425
0.0032264
-0.0073377
-0.0097618
0.0071917
0.0369486
0.0594397
0.0605883
0.0459256
0.0336132
0.0352462
0.0456823
0.0516758
0.0478217
0.0417397
0.0442734
0.0571852
0.0718515
0.0789282
0.0775260
0.0747621
0.0777247
0.0868763
0.0967886
0.1022005
0.1031090
0.1046353
0.1123539
0.1272140
0.1441643
0.1556634
0.1573619
0.1511838
0.1429589
0.1367567
0.1316295
0.1243431
0.1151031
0.1092432
0.1117343
0.1199307
0.1233837
0.1126483
0.0885538
0.0616349
0.0416657
0.0285943
0.0151545
-0.0018555
-0.0152066
-0.0142241
0.0022002
0.0219106
0.0305017
0.0254335
0.0174957
0.0179339
0.0257979
0.0297071
0.0216970
0.0071520
-0.0004914
0.0057214
0.0186673
0.0245894
0.0169950
0.0018587
-0.0107289
-0.0182381
-0.0272890
-0.0435133
-0.0615800
-0.0676785
-0.0532892
-0.0259601
-0.0045860
-0.0025816
-0.0159460
-0.0291263
-0.0327939
-0.0341251
-0.0476854
-0.0765632
-0.1052339
-0.1135025
-0.0972803
-0.0733866
-0.0625056
-0.0684152
-0.0756256
-0.0671027
-0.0421279
-0.0155963
-0.0014658
0.0004747
0.0013337
0.0094693
0.0225080
0.0322366
0.0345730
0.0329224
0.0326414
0.0343825
0.0338706
0.0274697
0.0169211
0.0083810
0.0069073
0.0115477
0.0154691
0.0114227
-0.0018267
-0.0181446
-0.0299049
-0.0360286
-0.0437080
-0.0609191
-0.0868427
-0.1106544
-0.1208468
-0.1157522
-0.1043265
-0.0968288
-0.0958519
-0.0968515
-0.0958445
-0.0941637
-0.0949523
-0.0968265
-0.0934718
-0.0802761
-0.0603253
-0.0426586
-0.0343816
-0.0347604
-0.0369412
-0.0349643
-0.0289084
-0.0235757
-0.0226911
-0.0246182
-0.0237925
-0.0165497
-0.0057391
0.0007643
-0.0029971
-0.0150551
-0.0269268
-0.0319617
-0.0323725
-0.0369672
-0.0511401
-0.0697765
-0.0815398
-0.0807597
-0.0741318
-0.0744228
-0.0875297
-0.1068028
-0.1206177
-0.1244740
-0.1241623
-0.1272078
-0.1333278
-0.1352353
-0.1284173
-0.1178205
-0.1131723
-0.1180662
-0.1251679
-0.1229924
-0.1069858
-0.0833480
-0.0622668
-0.0483342
-0.0379772
-0.0254290
-0.0098179
0.0042506
0.0124396
0.0157488
0.0191292
0.0253207
0.0311061
0.0307482
0.0232795
0.0152552
0.0148354
0.0229052
0.0313625
0.0315735
0.0243286
0.0198363
0.0266601
0.0411414
0.0492995
0.0401442
0.0168006
-0.0061657
-0.0163366
-0.0139640
-0.0095687
-0.0126974
-0.0240410
-0.0377187
-0.0492652
-0.0601656
-0.0749952
-0.0951409
-0.1157590
-0.1288683
-0.1297684
-0.1211291
-0.1109928
-0.1060908
-0.1063023
-0.1055882
-0.0987523
-0.0871114
-0.0766634
-0.0704744
-0.0642979
-0.0515606
-0.0326947
-0.0173819
-0.0155178
-0.0261868
-0.0374658
-0.0382737
-0.0297113
-0.0234799
-0.0291053
-0.0438222
-0.0556544
-0.0556798
-0.0461186
-0.0364145
-0.0327236
-0.0324360
-0.0288275
-0.0199013
-0.0115844
-0.0117530
-0.0211274
-0.0306536
-0.0290720
-0.0140531
0.0044485
0.0131444
0.0083529
-0.0006940
-0.0023380
0.0043035
0.0084123
0.0006693
-0.0139056
-0.0186035
-0.0014681
0.0318653
0.0628226
0.0770390
0.0761972
0.0737627
0.0812856
0.1000172
0.1246192
0.1531627
0.1935156
0.2610353
0.3684205
0.5117998
0.6598837
0.7553665
0.7344068
0.5582956
0.2391629
-0.1584855
-0.5434476
-0.8354793
-0.9935530
-1.0223317
-0.9585135
-0.8476350
-0.7238636
-0.6023392
-0.4860237
-0.3786865
-0.2905915
-0.2310016
-0.1965260
-0.1704704
-0.1368527
-0.0951811
-0.0593086
-0.0407704
-0.0349902
-0.0259394
-0.0036577
0.0256120
0.0477046
0.0566963
0.0603673
0.0701845
0.0886853
0.1081225
0.1197989
0.1222725
0.1203836
0.1186282
0.1173688
0.1148980
0.1111975
0.1087165
0.1101108
0.1158396
0.1234855
0.1288587
0.1284602
0.1221407
0.1134115
0.1059234
0.0990637
0.0881995
0.0707083
0.0513274
0.0393388
0.0388472
0.0425812
0.0375147
0.0178265
-0.0086643
-0.0285301
-0.0371752
-0.0436332
-0.0599437
-0.0870054
-0.1132746
-0.1280087
-0.1335971
-0.1422321
-0.1605745
-0.1808622
-0.1900351
-0.1868395
-0.1859299
-0.2021736
-0.2324155
-0.2568986
-0.2604832
-0.2498240
-0.2460455
-0.2606176
-0.2820921
-0.2890301
-0.2740101
-0.2509481
-0.2378706
-0.2359622
-0.2293255
-0.2047980
-0.1677633
-0.1357283
-0.1184025
-0.1082343
-0.0915430
-0.0656323
-0.0413573
-0.0290835
-0.0256135
-0.0176849
0.0022836
0.0266527
0.0402741
0.0367661
0.0251964
0.0200360
0.0258695
0.0337248
0.0326344
0.0232664
0.0184177
0.0295775
0.0539365
0.0760020
0.0825577
0.0754083
0.0686318
0.0736602
0.0883188
0.1009300
0.1037978
0.1008452
0.1018766
0.1110850
0.1228042
0.1281801
0.1241183
0.1144976
0.1037091
0.0914868
0.0753736
0.0569737
0.0432525
0.0403253
0.0465238
0.0528032
0.0506292
0.0395188
0.0267822
0.0198496
0.0188699
0.0169868
0.0080829
-0.0058575
-0.0155783
-0.0132721
-0.0006105
0.0123519
0.0167980
0.0135991
0.0115045
0.0166923
0.0252402
0.0275688
0.0203791
0.0121176
0.0145942
0.0295057
0.0454020
0.0492683
0.0400473
0.0287761
0.0251175
0.0258273
0.0187978
-0.0016175
-0.0258320
-0.0377120
-0.0316068
-0.0186038
-0.0147976
-0.0245782
-0.0372398
-0.0398535
-0.0312645
-0.0217012
-0.0196133
-0.0219884
-0.0196656
-0.0107175
-0.0047796
-0.0119671
-0.0292744
-0.0415521
-0.0373195
-0.0215471
-0.0101799
-0.0120792
-0.0189086
-0.0147567
0.0052308
0.0284266
0.0380052
0.0310713
0.0213641
0.0238883
0.0389886
0.0531966
0.0548170
0.0463981
0.0410115
0.0476705
0.0622391
0.0728441
0.0725809
0.0652450
0.0588341
0.0556892
0.0511991
0.0419677
0.0326570
0.0323454
0.0440981
0.0600995
0.0687669
0.0664130
0.0602809
0.0591924
0.0623907
0.0598072
0.0440850
0.0206944
0.0040283
0.0031739
0.0128474
0.0191603
0.0135722
0.0001771
-0.0103521
-0.0124229
-0.0101651
-0.0111886
-0.0174475
-0.0233645
-0.0225074
-0.0148027
-0.0065561
-0.0039640
-0.0074280
-0.0122219
-0.0139288
-0.0123778
-0.0099789
-0.0068794
0.0006629
0.0157082
0.0346891
0.0479808
0.0482511
0.0382103
0.0285189
0.0269739
0.0304762
0.0291919
0.0189213
0.0076539
0.0078605
0.0222645
0.0393383
0.0446018
0.0356427
0.0239713
0.0217452
0.0288011
0.0347841
0.0333419
0.0312950
0.0415578
0.0674364
0.0962634
0.1104182
0.1046085
0.0912671
0.0888208
0.1058787
0.1379655
0.1792247
0.2356035
0.3245177
0.4588063
0.6268428
0.7844777
0.8668584
0.8159434
0.6103347
0.2818262
-0.0918530
-0.4175043
-0.6259992
-0.6988167
-0.6657115
-0.5770515
-0.4724562
-0.3678687
-0.2652076
-0.1691107
-0.0921511
-0.0448346
-0.0236099
-0.0117720
0.0064820
0.0331854
0.0578344
0.0702448
0.0707276
0.0676558
0.0669269
0.0658893
0.0581431
0.0431303
0.0292277
0.0263347
0.0357301
0.0484129
0.0540825
0.0511126
0.0467326
0.0477086
0.0524975
0.0538896
0.0488346
0.0435803
0.0474101
0.0616807
0.0771143
0.0833089
0.0798856
0.0760960
0.0791900
0.0855646
0.0856374
0.0767917
0.0686871
0.0738956
0.0939659
0.1166589
0.1277917
0.1248487
0.1176130
0.1157435
0.1178244
0.1142073
0.0996198
0.0802291
0.0666778
0.0611866
0.0537911
0.0324207
-0.0041829
-0.0450886
-0.0788534
-0.1048790
-0.1313567
-0.1625923
-0.1916019
-0.2077991
-0.2108099
-0.2129400
-0.2259007
-0.2468285
-0.2605914
-0.2566696
-0.2412935
-0.2302347
-0.2300466
-0.2296468
-0.2126615
-0.1766298
-0.1368065
-0.1102093
-0.0984168
-0.0883063
-0.0685035
-0.0418722
-0.0205386
-0.0107714
-0.0058393
0.0054386
0.0251311
0.0435655
0.0504132
0.0463501
0.0417860
0.0443661
0.0498586
0.0470263
0.0311878
0.0113151
0.0022450
0.0095688
0.0231472
0.0267212
0.0139986
-0.0057684
-0.0184243
-0.0195488
-0.0168317
-0.0185702
-0.0226956
-0.0194023
-0.0039291
0.0159727
0.0271014
0.0246869
0.0173372
0.0173849
0.0276010
0.0391893
0.0427878
0.0395041
0.0396489
0.0511045
0.0703461
0.0854828
0.0876375
0.0786450
0.0673503
0.0589256
0.0491838
0.0305610
0.0032375
-0.0216964
-0.0317752
-0.0255923
-0.0142848
-0.0099349
-0.0134317
-0.0152981
-0.0085047
0.0017262
0.0031883
-0.0084909
-0.0230235
-0.0255462
-0.0126997
0.0036163
0.0090606
0.0017320
-0.0071181
-0.0064575
0.0023822
0.0078940
0.0019145
-0.0106474
-0.0164264
-0.0073696
0.0110842
0.0254984
0.0270439
0.0182746
0.0085833
0.0045227
0.0049270
0.0045185
0.0009867
-0.0021899
0.0002039
0.0089002
0.0184806
0.0219879
0.0172355
0.0088515
0.0041325
0.0062047
0.0107485
0.0101777
0.0021600
-0.0064167
-0.0058515
0.0049400
0.0146130
0.0091635
-0.0136378
-0.0404695
-0.0542783
-0.0499172
-0.0371951
-0.0283669
-0.0243880
-0.0155863
0.0045184
0.0290878
0.0437919
0.0417151
0.0300986
0.0218967
0.0225001
0.0261073
0.0241971
0.0155867
0.0074610
0.0075641
0.0165694
0.0278312
0.0332677
0.0291117
0.0174894
0.0041288
-0.0058298
-0.0115810
-0.0168133
-0.0248368
-0.0328504
-0.0326157
-0.0188678
0.0030065
0.0196678
0.0217735
0.0130507
0.0063399
0.0102378
0.0206092
0.0262902
0.0224269
0.0160240
0.0172677
0.0268587
0.0341357
0.0280779
0.0088647
-0.0121735
-0.0234041
-0.0230089
-0.0186454
-0.0179100
-0.0198230
-0.0161858
-0.0014197
0.0195089
0.0339026
0.0328227
0.0199570
0.0084213
0.0077151
0.0136277
0.0123444
-0.0040949
-0.0270229
-0.0378618
-0.0266082
-0.0026273
0.0140728
0.0119636
-0.0022022
-0.0118512
-0.0072981
0.0062007
0.0155638
0.0134510
0.0046625
0.0003632
0.0071198
0.0213239
0.0331312
0.0354721
0.0302577
0.0265513
0.0317805
0.0435375
0.0505985
0.0438598
0.0269085
0.0144497
0.0186324
0.0365667
0.0521955
0.0515337
0.0363601
0.0220964
0.0212183
0.0291424
0.0282947
0.0073519
-0.0243655
-0.0433962
-0.0339054
-0.0029959
0.0255603
0.0325073
0.0183462
-0.0010238
-0.0116280
-0.0130166
-0.0137978
-0.0191170
-0.0252548
-0.0256151
-0.0186134
-0.0080929
0.0019753
0.0105037
0.0172651
0.0206382
0.0194240
0.0162141
0.0165518
0.0233712
0.0334239
0.0412291
0.0462788
0.0535767
0.0657235
0.0773862
0.0817410
0.0823166
0.0937815
0.1274718
0.1786256
0.2343625
0.2973032
0.3954504
0.5563072
0.7613954
0.9276097
0.9462312
0.7571306
0.3972756
-0.0187852
-0.3696425
-0.5906714
-0.6861081
-0.6947176
-0.6496599
-0.5658391
-0.4534772
-0.3323330
-0.2277793
-0.1547135
-0.1088733
-0.0750339
-0.0426487
-0.0132283
0.0059044
0.0131387
0.0170376
0.0291112
0.0521419
0.0764135
0.0887238
0.0854995
0.0763265
0.0740795
0.0820609
0.0915305
0.0919072
0.0827355
0.0747371
0.0787011
0.0939985
0.1090482
0.1129395
0.1053500
0.0947835
0.0886732
0.0865998
0.0825073
0.0720400
0.0575505
0.0467679
0.0465893
0.0571778
0.0714391
0.0805096
0.0804875
0.0745199
0.0686207
0.0652112
0.0605993
0.0493735
0.0317582
0.0156808
0.0098208
0.0141527
0.0185538
0.0118349
-0.0078825
-0.0319528
-0.0500507
-0.0600558
-0.0692763
-0.0858966
-0.1094506
-0.1306016
-0.1408688
-0.1418187
-0.1436842
-0.1553205
-0.1765667
-0.2002210
-0.2199851
-0.2355483
-0.2503837
-0.2656323
-0.2770112
-0.2781389
-0.2666491
-0.2464702
-0.2241801
-0.2037743
-0.1848183
-0.1644210
-0.1403581
-0.1131978
-0.0863589
-0.0637347
-0.0464431
-0.0318320
-0.0159738
0.0027980
0.0226126
0.0399054
0.0526592
0.0622128
0.0714856
0.0807847
0.0861220
0.0834107
0.0746578
0.0683244
0.0719530
0.0843868
0.0960182
0.0972575
0.0870911
0.0734234
0.0648252
0.0620751
0.0584808
0.0485339
0.0349245
0.0259594
0.0267466
0.0341157
0.0400665
0.0393630
0.0338060
0.0296747
0.0309580
0.0348568
0.0343800
0.0258709
0.0136886
0.0069607
0.0115100
0.0244361
0.0359330
0.0370926
0.0279058
0.0183771
0.0201277
0.0350224
0.0521786
0.0575947
0.0476773
0.0333127
0.0299774
0.0428115
0.0610091
0.0678084
0.0569377
0.0385857
0.0281384
0.0298045
0.0330544
0.0251235
0.0052379
-0.0143299
-0.0204150
-0.0115043
0.0013824
0.0057847
-0.0004182
-0.0084045
-0.0089735
-0.0022553
0.0036202
0.0019302
-0.0062131
-0.0141630
-0.0166620
-0.0141224
-0.0111024
-0.0113756
-0.0146533
-0.0179213
-0.0191721
-0.0189756
-0.0188809
-0.0195973
-0.0206505
-0.0204342
-0.0166611
-0.0086509
0.0002347
0.0042815
0.0009318
-0.0063203
-0.0117100
-0.0133687
-0.0146848
-0.0194584
-0.0262780
-0.0284581
-0.0205151
-0.0049264
0.0088638
0.0133987
0.0104677
0.0082728
0.0121295
0.0195238
0.0239930
0.0222464
0.0172222
0.0151329
0.0196315
0.0282677
0.0347907
0.0352322
0.0311546
0.0266904
0.0235668
0.0198750
0.0128153
0.0018353
-0.0101582
-0.0182011
-0.0191426
-0.0150709
-0.0119263
-0.0137847
-0.0191634
-0.0234578
-0.0241466
-0.0231907
-0.0252293
-0.0336340
-0.0471584
-0.0601239
-0.0670364
-0.0674402
-0.0654339
-0.0644821
-0.0637647
-0.0596199
-0.0497676
-0.0365547
-0.0267311
-0.0264940
-0.0346361
-0.0415000
-0.0374504
-0.0228105
-0.0077025
-0.0017303
-0.0049367
-0.0088100
-0.0050821
0.0063785
0.0177283
0.0215987
0.0195583
0.0206558
0.0307868
0.0453490
0.0539287
0.0509653
0.0405307
0.0318696
0.0312706
0.0367833
0.0397228
0.0328300
0.0181849
0.0058878
0.0039286
0.0101282
0.0140821
0.0057898
-0.0168037
-0.0459091
-0.0691008
-0.0789977
-0.0785368
-0.0750021
-0.0695946
-0.0563021
-0.0315769
-0.0018186
0.0205743
0.0274988
0.0214352
0.0128595
0.0108992
0.0150478
0.0169519
0.0114361
0.0034612
0.0020331
0.0098136
0.0217862
0.0318043
0.0368742
0.0369398
0.0343353
0.0324199
0.0318109
0.0292629
0.0226910
0.0154952
0.0134684
0.0189043
0.0289131
0.0369891
0.0358357
0.0232610
0.0068400
-0.0023415
-0.0028516
-0.0048720
-0.0168198
-0.0353760
-0.0512290
-0.0591426
-0.0598058
-0.0573940
-0.0578536
-0.0642419
-0.0720771
-0.0746644
-0.0726508
-0.0708714
-0.0671996
-0.0552059
-0.0373891
-0.0228699
-0.0113468
0.0054641
0.0243172
0.0306997
0.0248906
0.0285868
0.0541668
