-0.1739278
-0.1896621
-0.1703035
-0.1743304
-0.1993032
-0.2005229
-0.1742368
-0.1604933
-0.1743837
-0.1890306
-0.1861427
-0.1790031
-0.1815439
-0.1893086
-0.1950302
-0.1964915
-0.1883140
-0.1685512
-0.1509826
-0.1499746
-0.1575566
-0.1555601
-0.1443297
-0.1379391
-0.1356841
-0.1203891
-0.0845301
-0.0392896
0.0054866
0.0586033
0.1411538
0.2627343
0.3940557
0.4601665
0.3811920
0.1413197
-0.1845760
-0.4832974
-0.6809476
-0.7702535
-0.7814645
-0.7453732
-0.6794744
-0.5925866
-0.4947942
-0.4016300
-0.3255786
-0.2654416
-0.2123453
-0.1661925
-0.1359710
-0.1224552
-0.1126007
-0.0960963
-0.0778673
-0.0682611
-0.0677896
-0.0669021
-0.0565604
-0.0361814
-0.0143975
-0.0020788
-0.0008928
-0.0007573
0.0066133
0.0155856
0.0156013
0.0090561
0.0104623
0.0277917
0.0528654
0.0716362
0.0780593
0.0767120
0.0762045
0.0811467
0.0888067
0.0945261
0.1003518
0.1135184
0.1348004
0.1550103
0.1671480
0.1756711
0.1878966
0.2014482
0.2075302
0.2043729
0.2011469
0.2082601
0.2266476
0.2465686
0.2564850
0.2544815
0.2499068
0.2509223
0.2529715
0.2456533
0.2297531
0.2191212
0.2233023
0.2350560
0.2390432
0.2286001
0.2102262
0.1938727
0.1818225
0.1673094
0.1441640
0.1172752
0.0996997
0.0968905
0.0980293
0.0880470
0.0655075
0.0428193
0.0300638
0.0244268
0.0160824
0.0001403
-0.0185863
-0.0305816
-0.0309049
-0.0242019
-0.0197045
-0.0215398
-0.0266624
-0.0320497
-0.0388874
-0.0476606
-0.0541265
-0.0541371
-0.0494800
-0.0453696
-0.0441529
-0.0444207
-0.0448600
-0.0464398
-0.0510299
-0.0584622
-0.0644892
-0.0630280
-0.0529230
-0.0413172
-0.0367673
-0.0394894
-0.0421413
-0.0400336
-0.0363883
-0.0366953
-0.0414485
-0.0459675
-0.0453209
-0.0386318
-0.0298530
-0.0242181
-0.0230715
-0.0234792
-0.0238631
-0.0270829
-0.0350915
-0.0429976
-0.0427366
-0.0325515
-0.0200388
-0.0152920
-0.0218119
-0.0333257
-0.0391770
-0.0348176
-0.0275707
-0.0292263
-0.0417159
-0.0534094
-0.0520612
-0.0389508
-0.0272737
-0.0277455
-0.0382397
-0.0474378
-0.0472623
-0.0410168
-0.0385666
-0.0436053
-0.0485951
-0.0448692
-0.0349381
-0.0297109
-0.0341874
-0.0416049
-0.0435210
-0.0409907
-0.0419368
-0.0493091
-0.0557221
-0.0513620
-0.0363201
-0.0227887
-0.0226867
-0.0337749
-0.0418758
-0.0382086
-0.0302638
-0.0316717
-0.0440664
-0.0542561
-0.0496185
-0.0325280
-0.0178697
-0.0176430
-0.0291511
-0.0385762
-0.0361928
-0.0267888
-0.0231204
-0.0300080
-0.0386487
-0.0377148
-0.0265479
-0.0147801
-0.0109924
-0.0146673
-0.0189684
-0.0193834
-0.0184356
-0.0213227
-0.0273696
-0.0285492
-0.0190226
-0.0043546
0.0029445
-0.0023977
-0.0119471
-0.0126922
-0.0006621
0.0158451
0.0255399
0.0258398
0.0256772
0.0364891
0.0601556
0.0869996
0.1064764
0.1181760
0.1306904
0.1510788
0.1775495
0.2018226
0.2169476
0.2230603
0.2262377
0.2308065
0.2324269
0.2209660
0.1919119
0.1532567
0.1187499
0.0948042
0.0757653
0.0521344
0.0223532
-0.0042860
-0.0170763
-0.0163552
-0.0147494
-0.0239920
-0.0418372
-0.0553233
-0.0568016
-0.0528246
-0.0554143
-0.0673062
-0.0786880
-0.0781191
-0.0650115
-0.0507575
-0.0475812
-0.0565331
-0.0672577
-0.0696043
-0.0637445
-0.0579046
-0.0581628
-0.0626168
-0.0643680
-0.0579479
-0.0435604
-0.0273783
-0.0174668
-0.0170338
-0.0207180
-0.0184573
-0.0038211
0.0212115
0.0496623
0.0787767
0.1172972
0.1818109
0.2801573
0.3936326
0.4760423
0.4752920
0.3632941
0.1536343
-0.1028136
-0.3401637
-0.5056006
-0.5789654
-0.5738712
-0.5219201
-0.4523841
-0.3802849
-0.3076792
-0.2339635
-0.1652897
-0.1136097
-0.0855443
-0.0734545
-0.0604640
-0.0356023
-0.0033193
0.0219815
0.0300633
0.0241650
0.0177998
0.0223588
0.0369013
0.0502516
0.0535915
0.0500073
0.0505023
0.0614768
0.0778802
0.0889559
0.0898513
0.0869437
0.0910930
0.1051361
0.1193537
0.1218134
0.1132233
0.1082893
0.1202618
0.1459885
0.1688170
0.1758601
0.1704349
0.1671459
0.1760906
0.1932165
0.2065286
0.2105998
0.2125941
0.2229280
0.2422622
0.2606905
0.2693009
0.2695724
0.2705509
0.2788185
0.2923858
0.3031917
0.3045891
0.2971649
0.2882494
0.2857367
0.2917827
0.3015721
0.3072519
0.3035595
0.2916847
0.2785308
0.2705022
0.2666497
0.2593071
0.2431012
0.2221200
0.2059549
0.1988707
0.1948853
0.1843017
0.1641132
0.1409220
0.1234053
0.1126831
0.1017187
0.0849828
0.0668049
0.0573592
0.0605448
0.0687597
0.0709176
0.0635985
0.0525765
0.0446676
0.0403715
0.0349831
0.0257003
0.0161359
0.0128759
0.0178948
0.0258841
0.0297951
0.0276422
0.0226224
0.0180028
0.0141768
0.0103462
0.0067426
0.0044758
0.0045244
0.0074966
0.0133992
0.0208213
0.0266938
0.0278098
0.0236075
0.0178494
0.0163219
0.0210195
0.0268727
0.0266688
0.0201158
0.0157414
0.0217020
0.0357875
0.0468144
0.0461495
0.0364301
0.0281427
0.0281263
0.0325078
0.0318705
0.0231046
0.0141805
0.0155019
0.0275663
0.0397087
0.0414918
0.0333379
0.0247591
0.0233177
0.0268826
0.0268930
0.0184798
0.0064676
0.0006372
0.0052943
0.0148759
0.0203668
0.0184930
0.0132881
0.0100401
0.0100746
0.0113723
0.0120846
0.0122518
0.0128505
0.0142017
0.0156236
0.0165140
0.0172735
0.0185803
0.0200099
0.0202494
0.0186199
0.0154309
0.0109942
0.0057760
0.0018004
0.0021034
0.0074655
0.0144805
0.0180719
0.0159388
0.0102571
0.0053164
0.0035168
0.0031841
0.0004700
-0.0058040
-0.0113832
-0.0100147
-0.0003979
0.0109750
0.0149537
0.0082843
-0.0027993
-0.0080624
-0.0034182
0.0043396
0.0044415
-0.0054247
-0.0151772
-0.0126253
0.0030460
0.0199614
0.0256534
0.0188405
0.0088405
0.0048638
0.0072591
0.0091741
0.0056749
-0.0000443
0.0000311
0.0100595
0.0261134
0.0404519
0.0488682
0.0536448
0.0603386
0.0721592
0.0869790
0.0999525
0.1099091
0.1226754
0.1459915
0.1800927
0.2146396
0.2365962
0.2411648
0.2342241
0.2240721
0.2116992
0.1902307
0.1544420
0.1100246
0.0715325
0.0499114
0.0425986
0.0367542
0.0216723
-0.0026749
-0.0280425
-0.0466168
-0.0571365
-0.0641536
-0.0725451
-0.0826599
-0.0903721
-0.0915915
-0.0865021
-0.0795556
-0.0758730
-0.0775929
-0.0828260
-0.0876975
-0.0898822
-0.0902893
-0.0907153
-0.0901308
-0.0849414
-0.0739013
-0.0616598
-0.0556781
-0.0590437
-0.0668214
-0.0702348
-0.0651014
-0.0561165
-0.0516474
-0.0533237
-0.0518317
-0.0351416
-0.0010867
0.0406109
0.0809318
0.1253288
0.1910849
0.2857669
0.3847276
0.4317042
0.3699823
0.1839389
-0.0827922
-0.3497110
-0.5457369
-0.6435944
-0.6596508
-0.6272036
-0.5701425
-0.4968403
-0.4115317
-0.3247981
-0.2501371
-0.1924857
-0.1448403
-0.0986101
-0.0555228
-0.0264159
-0.0179830
-0.0228328
-0.0245006
-0.0125535
0.0079994
0.0229866
0.0245646
0.0194274
0.0210510
0.0349879
0.0536101
0.0652016
0.0661737
0.0631702
0.0643224
0.0702747
0.0745064
0.0720439
0.0668118
0.0690199
0.0844726
0.1071412
0.1237940
0.1266605
0.1211184
0.1203072
0.1318411
0.1497962
0.1604475
0.1569295
0.1480369
0.1506869
0.1723732
0.2021197
0.2206313
0.2195016
0.2090728
0.2068766
0.2194108
0.2365147
0.2436038
0.2379542
0.2311526
0.2352634
0.2486446
0.2577233
0.2524373
0.2373382
0.2260254
0.2259129
0.2302689
0.2253257
0.2043186
0.1743140
0.1496749
0.1389442
0.1376944
0.1335154
0.1174702
0.0910470
0.0633019
0.0422536
0.0285769
0.0165507
0.0008780
-0.0171952
-0.0308524
-0.0352491
-0.0335485
-0.0344205
-0.0434868
-0.0580759
-0.0707598
-0.0774602
-0.0813042
-0.0881942
-0.0990113
-0.1074709
-0.1068847
-0.0985680
-0.0916033
-0.0933607
-0.1016591
-0.1079657
-0.1077716
-0.1056640
-0.1090932
-0.1182946
-0.1244860
-0.1191242
-0.1040760
-0.0907527
-0.0885553
-0.0956941
-0.1028619
-0.1047277
-0.1050188
-0.1096396
-0.1173217
-0.1197671
-0.1111537
-0.0957117
-0.0844112
-0.0840448
-0.0905447
-0.0940687
-0.0904179
-0.0858384
-0.0894252
-0.1016786
-0.1124892
-0.1112445
-0.0982395
-0.0851760
-0.0840283
-0.0954975
-0.1088123
-0.1131247
-0.1084842
-0.1045803
-0.1089672
-0.1183936
-0.1229611
-0.1176941
-0.1079553
-0.1030352
-0.1059200
-0.1109493
-0.1115396
-0.1085431
-0.1090905
-0.1170821
-0.1270433
-0.1296057
-0.1225532
-0.1138977
-0.1128765
-0.1195472
-0.1252742
-0.1232243
-0.1164036
-0.1140484
-0.1207444
-0.1308454
-0.1345840
-0.1287358
-0.1194750
-0.1145619
-0.1147826
-0.1147731
-0.1111999
-0.1076024
-0.1102608
-0.1204591
-0.1319730
-0.1362096
-0.1296815
-0.1168905
-0.1063751
-0.1037938
-0.1081656
-0.1140615
-0.1170369
-0.1171004
-0.1172751
-0.1189608
-0.1191640
-0.1134540
-0.1023124
-0.0931367
-0.0935819
-0.1026509
-0.1106378
-0.1093323
-0.1006654
-0.0929455
-0.0891301
-0.0820099
-0.0630014
-0.0341461
-0.0080832
0.0051566
0.0092537
0.0170247
0.0354798
0.0587871
0.0774162
0.0909706
0.1076636
0.1311511
0.1521211
0.1560168
0.1379065
0.1068932
0.0755278
0.0474531
0.0176123
-0.0166075
-0.0482504
-0.0672617
-0.0727741
-0.0756634
-0.0875030
-0.1085950
-0.1286616
-0.1386208
-0.1396469
-0.1401164
-0.1452265
-0.1514705
-0.1517478
-0.1446979
-0.1372003
-0.1369158
-0.1435181
-0.1491059
-0.1474587
-0.1410861
-0.1376306
-0.1400309
-0.1423970
-0.1368176
-0.1232750
-0.1106765
-0.1070659
-0.1103325
-0.1111033
-0.1048844
-0.0980080
-0.0985780
-0.1030276
-0.0964889
-0.0691969
-0.0299715
0.0017192
0.0197273
0.0450575
0.1102865
0.2246404
0.3516593
0.4225740
0.3772501
0.2015308
-0.0645929
-0.3489926
-0.5817152
-0.7221457
-0.7681822
-0.7460344
-0.6880994
-0.6135479
-0.5250277
-0.4217826
-0.3142037
-0.2232891
-0.1645321
-0.1336946
-0.1113794
-0.0828096
-0.0512649
-0.0302693
-0.0244725
-0.0224572
-0.0098009
0.0140840
0.0358920
0.0446885
0.0443715
0.0475975
0.0594196
0.0711978
0.0722646
0.0645877
0.0617967
0.0734837
0.0942135
0.1106197
0.1171050
0.1204298
0.1285671
0.1394144
0.1442650
0.1410747
0.1395276
0.1502960
0.1714348
0.1894246
0.1945389
0.1919108
0.1944657
0.2065908
0.2192298
0.2224250
0.2188991
0.2211256
0.2357059
0.2549453
0.2660646
0.2662239
0.2646771
0.2699027
0.2783681
0.2792213
0.2688137
0.2563378
0.2531800
0.2594267
0.2644128
0.2599624
0.2490595
0.2395809
0.2325498
0.2209542
0.2005859
0.1781466
0.1650063
0.1634599
0.1627052
0.1504967
0.1269620
0.1038508
0.0902422
0.0824693
0.0704259
0.0516150
0.0348748
0.0292701
0.0323847
0.0326567
0.0227482
0.0075459
-0.0026180
-0.0046555
-0.0054567
-0.0116249
-0.0197767
-0.0202535
-0.0097455
0.0033671
0.0079524
0.0022301
-0.0056871
-0.0085136
-0.0076613
-0.0088947
-0.0126850
-0.0127319
-0.0048062
0.0061360
0.0108618
0.0071231
0.0024063
0.0039583
0.0090416
0.0087901
0.0010926
-0.0047835
0.0009805
0.0156556
0.0257379
0.0224725
0.0123052
0.0089233
0.0161277
0.0227013
0.0162573
-0.0005305
-0.0115801
-0.0056000
0.0109163
0.0213365
0.0174877
0.0069306
0.0015000
0.0025486
0.0010407
-0.0087826
-0.0201641
-0.0208883
-0.0079627
0.0081054
0.0144729
0.0088736
-0.0005791
-0.0065781
-0.0098189
-0.0142732
-0.0189145
-0.0180816
-0.0099703
-0.0012153
-0.0003657
-0.0077508
-0.0146830
-0.0138101
-0.0082576
-0.0079299
-0.0168935
-0.0272291
-0.0274159
-0.0156895
-0.0025584
0.0005087
-0.0069481
-0.0151836
-0.0160805
-0.0119402
-0.0114797
-0.0184310
-0.0264684
-0.0264175
-0.0171199
-0.0070779
-0.0050515
-0.0108077
-0.0166314
-0.0170669
-0.0148197
-0.0160309
-0.0213442
-0.0242489
-0.0190913
-0.0088819
-0.0026871
-0.0050903
-0.0106610
-0.0108629
-0.0051968
-0.0022756
-0.0086592
-0.0190151
-0.0204082
-0.0065302
0.0147619
0.0296865
0.0331038
0.0326985
0.0386890
0.0521213
0.0657474
0.0753659
0.0865374
0.1079075
0.1396466
0.1716850
0.1939755
0.2061173
0.2149404
0.2238319
0.2275024
0.2186674
0.1980680
0.1749345
0.1567536
0.1407408
0.1178501
0.0848407
0.0496169
0.0229425
0.0063838
-0.0087836
-0.0302049
-0.0543390
-0.0699600
-0.0712771
-0.0650808
-0.0634468
-0.0708188
-0.0807866
-0.0856756
-0.0863376
-0.0899312
-0.0992196
-0.1076830
-0.1069285
-0.0969779
-0.0864891
-0.0828345
-0.0844591
-0.0845752
-0.0808133
-0.0781802
-0.0814510
-0.0868892
-0.0847019
-0.0705630
-0.0525917
-0.0442206
-0.0494121
-0.0563412
-0.0475993
-0.0174018
0.0223229
0.0551877
0.0814316
0.1246602
0.2124982
0.3438021
0.4714678
0.5209702
0.4358363
0.2172127
-0.0725407
-0.3446353
-0.5308138
-0.6104451
-0.6049543
-0.5519042
-0.4810883
-0.4061228
-0.3299253
-0.2543585
-0.1855296
-0.1317478
-0.0968799
-0.0757239
-0.0570872
-0.0332506
-0.0069374
0.0121972
0.0188978
0.0192624
0.0247087
0.0389384
0.0531122
0.0560515
0.0484611
0.0441008
0.0553142
0.0790653
0.0997977
0.1060340
0.1017337
0.1000317
0.1077544
0.1190420
0.1244228
0.1232007
0.1241715
0.1347113
0.1520725
0.1669874
0.1742509
0.1772791
0.1821981
0.1899573
0.1962689
0.1985240
0.2002774
0.2074818
0.2210952
0.2351675
0.2430493
0.2447123
0.2465065
0.2531897
0.2613865
0.2628130
0.2546061
0.2449156
0.2458404
0.2598837
0.2749370
0.2750616
0.2568971
0.2337699
0.2219166
0.2233014
0.2242286
0.2114824
0.1875346
0.1673678
0.1610044
0.1623888
0.1571672
0.1392771
0.1165209
0.0995660
0.0889460
0.0760617
0.0560218
0.0354468
0.0251346
0.0267206
0.0299923
0.0242740
0.0100902
-0.0027168
-0.0076090
-0.0091999
-0.0170088
-0.0328560
-0.0471504
-0.0488459
-0.0379159
-0.0261763
-0.0253752
-0.0356506
-0.0468094
-0.0504294
-0.0489228
-0.0515383
-0.0622105
-0.0734267
-0.0736216
-0.0603906
-0.0448075
-0.0413094
-0.0533038
-0.0697579
-0.0765782
-0.0707236
-0.0620823
-0.0616342
-0.0696393
-0.0775202
-0.0813137
-0.0904668
-0.1199752
-0.1731805
-0.2355719
-0.2899815
-0.3390311
-0.4087615
-0.5244445
-0.6801941
-0.8347414
-0.9419679
-0.9893680
-1.0079645
-1.0443176
-1.1209913
-1.2198437
-1.2977621
-1.3160250
-1.2601156
-1.1432688
-1.0001504
-0.8749760
-0.8033461
-0.7930480
-0.8186945
-0.8396373
-0.8291818
-0.7892619
-0.7378507
-0.6845450
-0.6210860
-0.5347960
-0.4264787
-0.3114054
-0.2043947
-0.1088536
-0.0222244
0.0521601
0.1046878
0.1320698
0.1458916
0.1639498
