0.0228483
0.0370971
0.0495832
0.0614921
0.0700428
0.0735368
0.0737974
0.0743281
0.0772513
0.0821744
0.0872214
0.0906257
0.0916620
0.0906944
0.0886112
0.0861916
0.0840530
0.0831516
0.0847794
0.0892644
0.0945314
0.0968672
0.0942365
0.0889443
0.0860379
0.0882620
0.0929603
0.0949386
0.0925633
0.0900233
0.0926031
0.1000658
0.1060124
0.1045053
0.0966776
0.0897119
0.0891775
0.0933343
0.0957086
0.0927369
0.0876421
0.0863418
0.0904114
0.0952294
0.0951960
0.0898432
0.0839106
0.0815018
0.0811308
0.0774369
0.0678742
0.0569699
0.0530360
0.0602248
0.0740427
0.0851428
0.0876907
0.0838613
0.0801936
0.0801127
0.0806547
0.0764712
0.0662593
0.0545699
0.0474009
0.0465850
0.0486123
0.0483685
0.0435252
0.0356118
0.0276591
0.0212482
0.0155965
0.0091144
0.0017580
-0.0041853
-0.0060028
-0.0036787
-0.0009931
-0.0027492
-0.0102328
-0.0195184
-0.0249302
-0.0245603
-0.0220591
-0.0225158
-0.0267355
-0.0303306
-0.0288861
-0.0234354
-0.0197258
-0.0216673
-0.0264209
-0.0273753
-0.0223313
-0.0174042
-0.0209832
-0.0334106
-0.0442083
-0.0414740
-0.0243745
-0.0050587
0.0028550
-0.0027374
-0.0117641
-0.0138212
-0.0090348
-0.0062164
-0.0113780
-0.0202756
-0.0232947
-0.0165776
-0.0065823
-0.0032524
-0.0097308
-0.0196917
-0.0244533
-0.0218105
-0.0176609
-0.0195164
-0.0288042
-0.0392874
-0.0427832
-0.0367923
-0.0271087
-0.0229027
-0.0284737
-0.0392010
-0.0458385
-0.0435165
-0.0367333
-0.0349088
-0.0425362
-0.0541382
-0.0597762
-0.0555351
-0.0475194
-0.0447692
-0.0490422
-0.0532531
-0.0505119
-0.0431679
-0.0407990
-0.0488256
-0.0609018
-0.0646934
-0.0554132
-0.0419124
-0.0378440
-0.0472271
-0.0604045
-0.0648915
-0.0588876
-0.0523842
-0.0550030
-0.0646001
-0.0694453
-0.0612415
-0.0442819
-0.0309005
-0.0288724
-0.0347356
-0.0393828
-0.0384071
-0.0354707
-0.0360307
-0.0396471
-0.0397494
-0.0307705
-0.0147110
-0.0003823
0.0036732
-0.0042675
-0.0187052
-0.0322079
-0.0411765
-0.0473049
-0.0543096
-0.0635448
-0.0725949
-0.0778705
-0.0784280
-0.0770768
-0.0775554
-0.0806843
-0.0836651
-0.0834552
-0.0806439
-0.0794283
-0.0832928
-0.0907445
-0.0958246
-0.0934030
-0.0841680
-0.0742092
-0.0695088
-0.0708734
-0.0741736
-0.0750205
-0.0726465
-0.0693474
-0.0669419
-0.0644033
-0.0587857
-0.0479493
-0.0323504
-0.0146165
0.0027550
0.0207848
0.0470624
0.0952890
0.1778219
0.2923430
0.4115588
0.4875685
0.4739413
0.3534833
0.1519271
-0.0736834
-0.2643654
-0.3859610
-0.4368458
-0.4362263
-0.4061613
-0.3608816
-0.3070564
-0.2492976
-0.1937335
-0.1470937
-0.1133645
-0.0914536
-0.0760943
-0.0618125
-0.0472139
-0.0358667
-0.0323425
-0.0364502
-0.0412463
-0.0377549
-0.0230101
-0.0039002
0.0078299
0.0058162
-0.0048915
-0.0122709
-0.0084928
0.0029599
0.0113445
0.0098354
0.0024062
-0.0006441
0.0063393
0.0186711
0.0268572
0.0268916
0.0237517
0.0246289
0.0303052
0.0348287
0.0334726
0.0292165
0.0300478
0.0403175
0.0560881
0.0694044
0.0761125
0.0783976
0.0801133
0.0814749
0.0796676
0.0740647
0.0690581
0.0706293
0.0803233
0.0931595
0.1015794
0.1014715
0.0948824
0.0876129
0.0842955
0.0850650
0.0861335
0.0833904
0.0759096
0.0664082
0.0582664
0.0519420
0.0445125
0.0330714
0.0182982
0.0038723
-0.0078664
-0.0187076
-0.0319331
-0.0471203
-0.0590805
-0.0631540
-0.0611661
-0.0606457
-0.0671935
-0.0781728
-0.0852879
-0.0839284
-0.0790074
-0.0802065
-0.0912426
-0.1049036
-0.1096926
-0.1013371
-0.0871560
-0.0789645
-0.0821273
-0.0917949
-0.0992719
-0.1010005
-0.1007405
-0.1035317
-0.1088311
-0.1104963
-0.1033961
-0.0893922
-0.0764468
-0.0718241
-0.0760150
-0.0829810
-0.0861833
-0.0845047
-0.0824407
-0.0846078
-0.0903263
-0.0939817
-0.0908346
-0.0821197
-0.0739224
-0.0710051
-0.0723690
-0.0735098
-0.0725887
-0.0727971
-0.0774872
-0.0839070
-0.0841949
-0.0739698
-0.0587931
-0.0499651
-0.0533403
-0.0636366
-0.0708356
-0.0711885
-0.0699562
-0.0730892
-0.0785660
-0.0784204
-0.0689996
-0.0564465
-0.0502908
-0.0530610
-0.0587494
-0.0614122
-0.0622656
-0.0661362
-0.0725569
-0.0741151
-0.0652726
-0.0508637
-0.0429003
-0.0482811
-0.0613659
-0.0700838
-0.0686014
-0.0623682
-0.0607414
-0.0664706
-0.0736002
-0.0746761
-0.0682895
-0.0594363
-0.0539366
-0.0534763
-0.0554728
-0.0565241
-0.0554887
-0.0535971
-0.0520886
-0.0500095
-0.0445757
-0.0340717
-0.0205096
-0.0089161
-0.0032786
-0.0031353
-0.0047130
-0.0053984
-0.0059430
-0.0074778
-0.0076571
-0.0022849
0.0084024
0.0171180
0.0157553
0.0043863
-0.0080939
-0.0137756
-0.0150022
-0.0214865
-0.0377641
-0.0559170
-0.0632871
-0.0569509
-0.0476419
-0.0477594
-0.0574077
-0.0652297
-0.0630228
-0.0562874
-0.0576922
-0.0711786
-0.0859332
-0.0878908
-0.0756147
-0.0620678
-0.0602178
-0.0691658
-0.0764690
-0.0730946
-0.0631230
-0.0575522
-0.0607126
-0.0656277
-0.0628195
-0.0510157
-0.0371026
-0.0265693
-0.0169361
-0.0018164
0.0211314
0.0505186
0.0905860
0.1557290
0.2580949
0.3855957
0.4934407
0.5241595
0.4444824
0.2692679
0.0524642
-0.1461967
-0.2907107
-0.3743816
-0.4060198
-0.3962351
-0.3553165
-0.2967617
-0.2355619
-0.1812368
-0.1351312
-0.0961653
-0.0671143
-0.0521803
-0.0487428
-0.0455091
-0.0323174
-0.0113394
0.0044647
0.0054687
-0.0037758
-0.0097719
-0.0051732
0.0041239
0.0075823
0.0030638
-0.0011782
0.0033936
0.0163065
0.0296339
0.0366282
0.0368182
0.0336051
0.0298101
0.0269239
0.0268047
0.0312489
0.0393908
0.0475047
0.0527920
0.0563760
0.0610256
0.0665681
0.0698232
0.0698301
0.0711283
0.0794864
0.0944501
0.1082829
0.1137438
0.1120193
0.1111437
0.1164365
0.1244590
0.1279284
0.1253808
0.1232707
0.1278396
0.1372561
0.1440763
0.1445974
0.1429340
0.1448751
0.1499188
0.1518999
0.1471415
0.1393107
0.1346670
0.1340176
0.1318783
0.1236538
0.1110513
0.0986609
0.0869468
0.0718370
0.0517885
0.0324720
0.0219172
0.0215314
0.0240527
0.0210002
0.0107844
-0.0014492
-0.0107124
-0.0168065
-0.0219220
-0.0259232
-0.0263095
-0.0225853
-0.0184130
-0.0181794
-0.0225478
-0.0288405
-0.0351598
-0.0421408
-0.0501274
-0.0564591
-0.0575675
-0.0537287
-0.0501018
-0.0519629
-0.0594387
-0.0679222
-0.0733426
-0.0755586
-0.0763018
-0.0761077
-0.0760335
-0.0819280
-0.1029570
-0.1423135
-0.1901220
-0.2299374
-0.2561843
-0.2853893
-0.3468835
-0.4581136
-0.6063362
-0.7545375
-0.8677684
-0.9375226
-0.9839196
-1.0352705
-1.1029979
-1.1715964
-1.2097367
-1.1925815
-1.1184998
-1.0091363
-0.8951139
-0.7999297
-0.7332857
-0.6943090
-0.6766658
-0.6699353
-0.6599062
-0.6330229
-0.5836884
-0.5167993
-0.4414523
-0.3620754
-0.2771313
-0.1865611
-0.0977249
-0.0210393
0.0398391
0.0904427
0.1369300
0.1776517
0.2060922
0.2212692
0.2315537
0.2464921
0.2671041
0.2872059
0.3039051
0.3234212
0.3543963
0.3970359
0.4417863
0.4790323
0.5076882
0.5331093
0.5590224
0.5845546
0.6085114
0.6327817
0.6594144
0.6861990
0.7079635
0.7223378
0.7321447
0.7412115
0.7494729
0.7540671
0.7546448
0.7550428
0.7583896
0.7621239
0.7601406
0.7497411
0.7342434
0.7178281
0.6998050
0.6761835
0.6462148
0.6146713
0.5864487
0.5605193
0.5312556
0.4955288
0.4564324
0.4188491
0.3828569
0.3441113
0.3011911
0.2600361
0.2286017
0.2076920
0.1896659
0.1670377
0.1403477
0.1158685
0.0970448
0.0812187
0.0653611
0.0521185
0.0471177
0.0506023
0.0548769
0.0520379
0.0427303
0.0346237
0.0325087
0.0330184
0.0306212
0.0261248
0.0257378
0.0321313
0.0400769
0.0427163
0.0397970
0.0367551
0.0363424
0.0347117
0.0275739
0.0178497
0.0135452
0.0175999
0.0230394
0.0207561
0.0106706
0.0019101
0.0014589
0.0056024
0.0048208
-0.0043781
-0.0154628
-0.0200194
-0.0174209
-0.0145822
-0.0172427
-0.0240598
-0.0300541
-0.0336332
-0.0374884
-0.0427991
-0.0458008
-0.0424970
-0.0353806
-0.0322153
-0.0372807
-0.0461698
-0.0512875
-0.0513081
-0.0523577
-0.0591708
-0.0676743
-0.0691812
-0.0615390
-0.0528258
-0.0519390
-0.0575812
-0.0602676
-0.0554844
-0.0508507
-0.0570194
-0.0732328
-0.0862419
-0.0848755
-0.0727510
-0.0637320
-0.0659386
-0.0737400
-0.0766230
-0.0727988
-0.0702471
-0.0747118
-0.0811360
-0.0801258
-0.0708118
-0.0628320
-0.0645961
-0.0730655
-0.0780251
-0.0748338
-0.0692345
-0.0688366
-0.0730399
-0.0744110
-0.0691988
-0.0629142
-0.0635654
-0.0713570
-0.0783333
-0.0784099
-0.0746329
-0.0743728
-0.0791913
-0.0827994
-0.0793895
-0.0711167
-0.0652631
-0.0653353
-0.0677495
-0.0679426
-0.0673308
-0.0713742
-0.0806975
-0.0871265
-0.0814244
-0.0646769
-0.0492810
-0.0470544
-0.0574964
-0.0693581
-0.0731516
-0.0700333
-0.0677875
-0.0700824
-0.0723049
-0.0684652
-0.0599576
-0.0547760
-0.0578252
-0.0645251
-0.0661761
-0.0607135
-0.0553999
-0.0579732
-0.0671063
-0.0737004
-0.0712592
-0.0630094
-0.0577329
-0.0595671
-0.0637507
-0.0630344
-0.0568275
-0.0519766
-0.0543055
-0.0613276
-0.0649532
-0.0607326
-0.0526416
-0.0483190
-0.0508478
-0.0563281
-0.0591920
-0.0585713
-0.0583669
-0.0612555
-0.0642213
-0.0616609
-0.0528187
-0.0443012
-0.0437174
-0.0512258
-0.0588098
-0.0585863
-0.0512522
-0.0453777
-0.0480229
-0.0567168
-0.0618018
-0.0569008
-0.0458839
-0.0384836
-0.0399058
-0.0464832
-0.0514310
-0.0525644
-0.0527480
-0.0540497
-0.0542351
-0.0502136
-0.0434366
-0.0394727
-0.0414977
-0.0458768
-0.0461974
-0.0413512
-0.0372514
-0.0394049
-0.0456190
-0.0483832
-0.0440178
-0.0369668
-0.0340088
-0.0359823
-0.0374520
-0.0345619
-0.0310419
-0.0343434
-0.0459051
-0.0573858
-0.0583845
-0.0474276
-0.0335220
-0.0264995
-0.0275028
-0.0301626
-0.0298695
-0.0294691
-0.0348344
-0.0460019
-0.0548026
-0.0527333
-0.0409470
-0.0307157
-0.0325130
-0.0450373
-0.0565426
-0.0573380
-0.0496084
-0.0438328
-0.0462800
-0.0517870
-0.0497023
-0.0360640
-0.0181520
-0.0062668
-0.0024448
0.0005171
0.0090027
0.0205424
0.0280260
0.0302706
0.0346946
0.0481679
0.0674383
0.0812598
0.0819847
0.0729393
0.0630926
0.0559462
0.0465844
0.0304703
0.0122238
0.0020444
0.0033908
0.0076300
0.0032131
-0.0113378
-0.0261724
-0.0317334
-0.0292906
-0.0285480
-0.0359461
-0.0474792
-0.0538151
-0.0510860
-0.0447133
-0.0426314
-0.0468839
-0.0532959
-0.0579015
-0.0610603
-0.0648858
-0.0687145
-0.0688393
-0.0626003
-0.0519949
-0.0428948
-0.0402243
-0.0430690
-0.0442350
-0.0354294
-0.0141408
0.0139965
0.0405660
0.0643857
0.0978795
0.1617659
0.2680953
0.4031549
0.5255118
0.5840871
0.5451201
0.4104092
0.2166547
0.0180331
-0.1378793
-0.2286556
-0.2608651
-0.2581263
-0.2422910
-0.2212840
-0.1914999
-0.1503350
-0.1054835
-0.0709777
-0.0541158
-0.0482409
-0.0403712
-0.0252915
-0.0098449
-0.0031301
-0.0051715
-0.0074394
-0.0034552
0.0039702
0.0072656
0.0043573
0.0019989
0.0080002
0.0216813
0.0342010
0.0383515
0.0358635
0.0339034
0.0361566
0.0396528
0.0400393
0.0377313
0.0376838
0.0437795
0.0544297
0.0640191
0.0685209
0.0692182
0.0704469
0.0740926
0.0774875
0.0771452
0.0735370
0.0710701
0.0734114
0.0795499
0.0848934
0.0862118
0.0849753
0.0849428
0.0864551
0.0848753
0.0764480
0.0649251
0.0597582
0.0665355
0.0804401
0.0904638
0.0898213
0.0815647
0.0743250
0.0735326
0.0773707
0.0808883
0.0826044
0.0855653
0.0921664
0.1000711
0.1046865
0.1045865
0.1026438
0.1017940
0.1011030
0.0967730
0.0867582
0.0740313
0.0648966
0.0633828
0.0670961
0.0692993
0.0655362
0.0577158
0.0513241
0.0492013
0.0486245
0.0443647
0.0345062
0.0234329
0.0186042
0.0234349
0.0334387
0.0404414
0.0407041
0.0377810
0.0371217
0.0392674
0.0396135
0.0345821
0.0269466
0.0241701
0.0309420
0.0435571
0.0527507
0.0527119
0.0464512
0.0414956
0.0413743
0.0429512
0.0417385
0.0378714
0.0358482
0.0389653
0.0448916
0.0473780
0.0428166
0.0347202
0.0304135
0.0328818
0.0372492
0.0364451
0.0294844
0.0226631
0.0225185
0.0285736
0.0336287
0.0312883
0.0228660
0.0158767
0.0151494
0.0168911
0.0136910
0.0048364
-0.0015685
0.0016101
0.0107524
0.0143586
0.0059337
-0.0079794
-0.0143450
-0.0081610
0.0012558
0.0002954
-0.0131071
-0.0263806
-0.0264151
-0.0144133
-0.0039316
-0.0052951
-0.0154444
-0.0238696
-0.0254936
-0.0250522
-0.0293932
-0.0379557
-0.0426902
-0.0374061
-0.0255409
-0.0170014
-0.0177861
-0.0247631
-0.0309441
-0.0334247
-0.0344419
-0.0362373
-0.0373913
-0.0345480
-0.0266391
-0.0167785
-0.0096520
-0.0066450
-0.0041452
0.0020996
0.0113338
0.0184355
0.0206668
0.0219416
0.0290622
0.0444886
0.0638012
0.0800314
0.0899621
0.0959788
0.1014497
0.1047061
0.0995125
0.0828002
0.0602759
0.0417963
0.0313944
0.0239916
0.0122250
-0.0052819
-0.0232361
-0.0362621
-0.0451538
-0.0558972
-0.0718780
-0.0879055
-0.0944651
-0.0888781
-0.0799447
-0.0793332
-0.0894532
-0.1018523
-0.1070370
-0.1039660
-0.0996245
-0.1004765
-0.1053119
-0.1070814
-0.1016786
-0.0931699
-0.0886107
-0.0891697
-0.0896831
-0.0868966
-0.0842248
-0.0863193
-0.0914102
-0.0918394
-0.0819085
-0.0638220
-0.0456594
-0.0335605
-0.0255253
-0.0125597
0.0151185
0.0646995
0.1418820
0.2477895
0.3672782
0.4612783
0.4799755
0.3935722
0.2161003
0.0010294
-0.1891346
-0.3166583
-0.3813557
-0.4052526
-0.4061681
-0.3858944
-0.3406060
-0.2762228
-0.2096425
-0.1570111
-0.1238451
-0.1053272
-0.0932364
-0.0825224
-0.0730020
-0.0658458
-0.0597730
-0.0522187
-0.0430521
-0.0341031
-0.0253945
-0.0156413
-0.0070871
-0.0056943
-0.0141355
-0.0268698
-0.0341852
-0.0303451
-0.0177603
-0.0047838
0.0010571
-0.0001663
-0.0011262
0.0038191
0.0115168
0.0146804
0.0120451
0.0100221
0.0147896
0.0260822
0.0385101
0.0464247
0.0482123
0.0478353
0.0506477
0.0561083
0.0576929
0.0524654
0.0467862
0.0485063
0.0567526
0.0640546
0.0663796
0.0668005
0.0704050
0.0782689
0.0852779
0.0835036
0.0711678
0.0582124
0.0572230
0.0677957
0.0765526
0.0742334
0.0650052
0.0561899
0.0473882
0.0347136
0.0190143
0.0049264
-0.0037519
-0.0059824
-0.0063118
-0.0149883
-0.0367512
-0.0607550
-0.0726972
-0.0754862
-0.0836924
-0.0985247
-0.1066827
-0.1056986
-0.1083488
-0.1150998
-0.1054564
-0.0695264
