0.0286192
0.0239780
0.0293823
0.0438786
0.0570317
0.0583838
0.0479144
0.0359752
0.0325293
0.0374181
0.0419624
0.0393382
0.0318891
0.0279428
0.0326789
0.0432633
0.0525893
0.0565113
0.0568873
0.0583695
0.0633709
0.0703977
0.0765988
0.0812764
0.0868985
0.0970091
0.1131523
0.1334007
0.1535321
0.1698785
0.1817743
0.1918460
0.2038231
0.2193188
0.2360360
0.2490748
0.2545408
0.2523202
0.2452506
0.2353506
0.2211347
0.1993535
0.1697404
0.1374553
0.1097641
0.0897868
0.0740165
0.0568017
0.0373339
0.0213974
0.0154796
0.0193710
0.0255076
0.0261531
0.0207329
0.0152279
0.0143362
0.0153947
0.0112491
-0.0008788
-0.0145791
-0.0194120
-0.0110552
0.0040824
0.0145086
0.0137629
0.0052416
-0.0020638
-0.0019741
0.0041047
0.0094681
0.0086995
0.0028951
-0.0007398
0.0049925
0.0201274
0.0360525
0.0425348
0.0378949
0.0322578
0.0394998
0.0656620
0.1067593
0.1589671
0.2283926
0.3248865
0.4411290
0.5380914
0.5576100
0.4587525
0.2498376
-0.0115317
-0.2512155
-0.4175275
-0.4979281
-0.5077869
-0.4690294
-0.3988223
-0.3119373
-0.2254115
-0.1554433
-0.1090731
-0.0808684
-0.0594433
-0.0377247
-0.0171493
-0.0028324
0.0040624
0.0086374
0.0174631
0.0321116
0.0475779
0.0569374
0.0576072
0.0533297
0.0502429
0.0510623
0.0531818
0.0525436
0.0491136
0.0479019
0.0540928
0.0673520
0.0815406
0.0902769
0.0924228
0.0918745
0.0925708
0.0947053
0.0960314
0.0958659
0.0965915
0.1010528
0.1092740
0.1182960
0.1248647
0.1277013
0.1274448
0.1254434
0.1231678
0.1220789
0.1228484
0.1244084
0.1246632
0.1230182
0.1218887
0.1244879
0.1304380
0.1343116
0.1299734
0.1170383
0.1023449
0.0939509
0.0934748
0.0950987
0.0925808
0.0865501
0.0837107
0.0886142
0.0972595
0.0999419
0.0904642
0.0718522
0.0528633
0.0396055
0.0310092
0.0216537
0.0077309
-0.0097573
-0.0261937
-0.0366962
-0.0392732
-0.0364813
-0.0342274
-0.0372936
-0.0447393
-0.0505188
-0.0503064
-0.0476543
-0.0513126
-0.0649383
-0.0805971
-0.0850099
-0.0732410
-0.0548516
-0.0449988
-0.0497770
-0.0615712
-0.0686356
-0.0673281
-0.0637498
-0.0647675
-0.0700270
-0.0736145
-0.0718020
-0.0670372
-0.0642129
-0.0646559
-0.0650085
-0.0616332
-0.0550945
-0.0500500
-0.0511549
-0.0589957
-0.0691682
-0.0748350
-0.0711297
-0.0588464
-0.0447105
-0.0371369
-0.0399689
-0.0493811
-0.0572392
-0.0582771
-0.0542861
-0.0511675
-0.0521047
-0.0543088
-0.0528102
-0.0468212
-0.0413117
-0.0419746
-0.0492566
-0.0579930
-0.0627639
-0.0630348
-0.0629778
-0.0667773
-0.0743312
-0.0810428
-0.0814511
-0.0738000
-0.0623237
-0.0551544
-0.0583165
-0.0699671
-0.0806381
-0.0810290
-0.0710239
-0.0605607
-0.0601779
-0.0702731
-0.0805519
-0.0807044
-0.0710277
-0.0616541
-0.0616360
-0.0700641
-0.0784109
-0.0804127
-0.0780166
-0.0774361
-0.0808536
-0.0835474
-0.0793753
-0.0682221
-0.0573167
-0.0550469
-0.0633620
-0.0759487
-0.0838463
-0.0833885
-0.0791032
-0.0785452
-0.0837289
-0.0879437
-0.0822656
-0.0660042
-0.0497926
-0.0464514
-0.0580012
-0.0728795
-0.0775256
-0.0705260
-0.0636021
-0.0677873
-0.0800930
-0.0860505
-0.0757604
-0.0555834
-0.0423402
-0.0464027
-0.0619563
-0.0740127
-0.0734177
-0.0639435
-0.0559638
-0.0555597
-0.0604034
-0.0642143
-0.0627919
-0.0556005
-0.0436801
-0.0280586
-0.0102588
0.0069804
0.0205433
0.0287748
0.0327321
0.0361420
0.0441302
0.0607824
0.0861473
0.1146844
0.1373031
0.1464977
0.1407476
0.1243570
0.1030625
0.0798737
0.0550069
0.0289766
0.0044619
-0.0155069
-0.0306403
-0.0435868
-0.0566141
-0.0686707
-0.0765818
-0.0792935
-0.0802539
-0.0848241
-0.0950837
-0.1073309
-0.1148496
-0.1133731
-0.1044932
-0.0945157
-0.0899675
-0.0929905
-0.0997222
-0.1031219
-0.0987836
-0.0892486
-0.0823072
-0.0836775
-0.0906940
-0.0940785
-0.0871514
-0.0732398
-0.0628096
-0.0627167
-0.0692508
-0.0728762
-0.0690583
-0.0621719
-0.0578524
-0.0536991
-0.0406186
-0.0132739
0.0248128
0.0699927
0.1298824
0.2178219
0.3283108
0.4179206
0.4194375
0.2872234
0.0374499
-0.2542325
-0.4983157
-0.6425483
-0.6887586
-0.6700055
-0.6168208
-0.5428446
-0.4536925
-0.3599542
-0.2774932
-0.2170719
-0.1770617
-0.1471051
-0.1177918
-0.0868369
-0.0580510
-0.0363718
-0.0235595
-0.0167704
-0.0103877
-0.0002974
0.0123181
0.0216817
0.0232736
0.0195428
0.0188182
0.0273576
0.0425580
0.0550504
0.0579488
0.0534421
0.0498009
0.0525389
0.0595131
0.0645651
0.0646437
0.0624733
0.0629354
0.0681933
0.0766224
0.0853426
0.0926405
0.0980912
0.1014788
0.1024409
0.1010988
0.0986488
0.0972155
0.0989552
0.1046081
0.1121741
0.1172342
0.1158306
0.1079933
0.0980478
0.0904302
0.0851263
0.0783577
0.0684795
0.0601280
0.0604902
0.0706267
0.0818369
0.0827474
0.0707640
0.0554477
0.0492201
0.0546371
0.0617626
0.0586246
0.0437245
0.0274527
0.0211990
0.0258301
0.0313881
0.0276981
0.0143367
-0.0002457
-0.0086707
-0.0122921
-0.0182041
-0.0293733
-0.0395798
-0.0396489
-0.0285963
-0.0170267
-0.0178837
-0.0334992
-0.0526531
-0.0612555
-0.0558273
-0.0458728
-0.0430593
-0.0490130
-0.0544855
-0.0500407
-0.0363309
-0.0232638
-0.0196903
-0.0249220
-0.0305935
-0.0300547
-0.0249632
-0.0224530
-0.0265668
-0.0335023
-0.0357434
-0.0304139
-0.0226339
-0.0201316
-0.0249741
-0.0315385
-0.0329600
-0.0287049
-0.0245351
-0.0249527
-0.0272597
-0.0247535
-0.0156463
-0.0068928
-0.0075234
-0.0184649
-0.0305841
-0.0338085
-0.0275954
-0.0212017
-0.0233653
-0.0326662
-0.0390334
-0.0346621
-0.0225271
-0.0135529
-0.0157632
-0.0269359
-0.0379747
-0.0426180
-0.0428560
-0.0447908
-0.0503491
-0.0545186
-0.0511913
-0.0407736
-0.0306750
-0.0279397
-0.0323140
-0.0375011
-0.0388726
-0.0385133
-0.0417723
-0.0495665
-0.0557712
-0.0532192
-0.0418166
-0.0295871
-0.0251910
-0.0298873
-0.0373994
-0.0413195
-0.0415767
-0.0430605
-0.0485940
-0.0546879
-0.0550615
-0.0479280
-0.0386498
-0.0344741
-0.0369962
-0.0407546
-0.0396682
-0.0341866
-0.0310309
-0.0355983
-0.0454192
-0.0520874
-0.0497758
-0.0411319
-0.0341867
-0.0337941
-0.0370934
-0.0378621
-0.0345311
-0.0324461
-0.0375128
-0.0483638
-0.0562494
-0.0534626
-0.0415119
-0.0301580
-0.0280414
-0.0345767
-0.0414083
-0.0415340
-0.0362036
-0.0324531
-0.0345055
-0.0388039
-0.0380563
-0.0294469
-0.0176271
-0.0091832
-0.0049881
0.0007856
0.0137850
0.0324914
0.0491365
0.0577561
0.0606681
0.0663968
0.0813327
0.1038026
0.1260568
0.1412274
0.1479588
0.1489847
0.1464399
0.1392013
0.1245080
0.1016384
0.0738674
0.0469033
0.0251102
0.0086170
-0.0061656
-0.0227707
-0.0408985
-0.0565269
-0.0663135
-0.0717843
-0.0781518
-0.0882521
-0.0982992
-0.1010768
-0.0939133
-0.0826680
-0.0768312
-0.0808106
-0.0908411
-0.1003566
-0.1069393
-0.1127903
-0.1191748
-0.1227171
-0.1186484
-0.1070418
-0.0942353
-0.0874508
-0.0884280
-0.0925022
-0.0933923
-0.0887469
-0.0818520
-0.0785031
-0.0811959
-0.0847528
-0.0778777
-0.0515182
-0.0075627
0.0423122
0.0899471
0.1433672
0.2210067
0.3259900
0.4236270
0.4501039
0.3539682
0.1379740
-0.1363173
-0.3865452
-0.5574074
-0.6399838
-0.6547159
-0.6232907
-0.5574058
-0.4673011
-0.3710678
-0.2896709
-0.2332364
-0.1953135
-0.1620037
-0.1259716
-0.0912948
-0.0664240
-0.0545525
-0.0509204
-0.0476741
-0.0401204
-0.0291626
-0.0193838
-0.0149683
-0.0158704
-0.0166458
-0.0098644
0.0072060
0.0283849
0.0423260
0.0423758
0.0331617
0.0264403
0.0297903
0.0399012
0.0474847
0.0480274
0.0463748
0.0505550
0.0624446
0.0758128
0.0832672
0.0837366
0.0824559
0.0844330
0.0891336
0.0917076
0.0886567
0.0818666
0.0773793
0.0803086
0.0902604
0.1010678
0.1053855
0.1006123
0.0908741
0.0829044
0.0796362
0.0780014
0.0731837
0.0645507
0.0566827
0.0545478
0.0583757
0.0636265
0.0653717
0.0620520
0.0555584
0.0490925
0.0452968
0.0449083
0.0455547
0.0422991
0.0315289
0.0155653
0.0023326
-0.0015048
0.0023717
0.0047567
-0.0021936
-0.0170604
-0.0307380
-0.0357920
-0.0335912
-0.0320190
-0.0368769
-0.0462247
-0.0529009
-0.0518373
-0.0447658
-0.0383509
-0.0380350
-0.0432809
-0.0483902
-0.0481723
-0.0431457
-0.0388892
-0.0397201
-0.0431822
-0.0417370
-0.0305879
-0.0135247
-0.0003112
0.0019331
-0.0053665
-0.0144687
-0.0184249
-0.0157532
-0.0094959
-0.0035838
-0.0004001
-0.0001158
-0.0006153
0.0016566
0.0089895
0.0194811
0.0274222
0.0277406
0.0204935
0.0108578
0.0047486
0.0044765
0.0080961
0.0120379
0.0140622
0.0141828
0.0131231
0.0096091
-0.0006674
-0.0216554
-0.0504454
-0.0749788
-0.0829732
-0.0778697
-0.0852873
-0.1372494
-0.2436625
-0.3788880
-0.5013074
-0.5907458
-0.6671818
-0.7703501
-0.9188257
-1.0877697
-1.2251935
-1.2891645
-1.2720363
-1.1957038
-1.0903833
-0.9787042
-0.8734887
-0.7819158
-0.7072169
-0.6474413
-0.5957344
-0.5437279
-0.4855695
-0.4200143
-0.3499543
-0.2796818
-0.2109748
-0.1410052
-0.0653039
0.0154052
0.0912621
0.1481167
0.1783959
0.1877507
0.1904365
0.1977930
0.2111581
0.2252223
0.2366987
0.2488074
0.2680611
0.2979677
0.3358852
0.3748285
0.4078192
0.4317149
0.4486202
0.4640337
0.4824825
0.5037903
0.5236589
0.5386140
0.5503901
0.5646024
0.5846021
0.6072668
0.6257529
0.6363819
0.6420793
0.6488256
0.6594191
0.6712923
0.6800333
0.6842215
0.6866843
0.6916053
0.7006613
0.7113759
0.7185433
0.7175686
0.7076448
0.6925302
0.6777843
0.6660848
0.6546507
0.6376132
0.6114795
0.5784410
0.5443350
0.5135340
0.4858001
0.4575579
0.4256458
0.3900498
0.3538992
0.3213104
0.2947131
0.2733643
0.2542638
0.2351711
0.2173184
0.2048998
0.2010865
0.2041661
0.2080395
0.2071490
0.2011116
0.1944168
0.1916462
0.1930794
0.1946973
0.1920827
0.1844962
0.1758120
0.1716517
0.1748073
0.1825442
0.1884567
0.1879105
0.1823010
0.1776185
0.1781479
0.1815951
0.1811330
0.1726740
0.1597209
0.1504893
0.1503421
0.1573648
0.1648770
0.1672301
0.1631469
0.1550632
0.1468342
0.1416297
0.1400062
0.1389098
0.1336918
0.1229181
0.1113682
0.1066995
0.1118383
0.1211082
0.1252073
0.1204094
0.1120617
0.1084706
0.1119230
0.1164536
0.1141581
0.1030171
0.0888298
0.0804818
0.0832061
0.0946854
0.1062233
0.1084800
0.0984396
0.0822332
0.0704583
0.0691874
0.0749487
0.0788639
0.0757496
0.0685904
0.0640762
0.0649649
0.0679059
0.0680749
0.0641990
0.0586424
0.0541754
0.0519706
0.0517667
0.0520297
0.0499452
0.0434603
0.0347862
0.0304479
0.0352235
0.0454957
0.0508101
0.0441798
0.0304126
0.0220903
0.0263474
0.0368275
0.0400530
0.0293753
0.0115551
-0.0001562
0.0019094
0.0146075
0.0285610
0.0360142
0.0349648
0.0282942
0.0205549
0.0148364
0.0110069
0.0064717
-0.0004855
-0.0075657
-0.0095037
-0.0035359
0.0061882
0.0111259
0.0066091
-0.0024851
-0.0054700
0.0037000
0.0193487
0.0277866
0.0191143
-0.0033631
-0.0248941
-0.0312335
-0.0204494
-0.0039080
0.0044987
0.0006898
-0.0073889
-0.0092199
-0.0027367
0.0042534
0.0028949
-0.0076401
-0.0201482
-0.0271710
-0.0272545
-0.0237751
-0.0198545
-0.0162514
-0.0133462
-0.0125418
-0.0144975
-0.0174208
-0.0189181
-0.0192208
-0.0207686
-0.0240075
-0.0252754
-0.0208185
-0.0127429
-0.0088705
-0.0150888
-0.0283648
-0.0388890
-0.0396124
-0.0328699
-0.0271955
-0.0284088
-0.0345072
-0.0386240
-0.0358748
-0.0274701
-0.0193890
-0.0175147
-0.0229693
-0.0309805
-0.0345955
-0.0309228
-0.0244345
-0.0232663
-0.0310079
-0.0421698
-0.0470182
-0.0416687
-0.0326473
-0.0302441
-0.0373317
-0.0458717
-0.0452332
-0.0336347
-0.0207468
-0.0188026
-0.0310406
-0.0484885
-0.0578603
-0.0531121
-0.0402190
-0.0312222
-0.0334068
-0.0435866
-0.0522221
-0.0527321
-0.0469484
-0.0421457
-0.0435499
-0.0500447
-0.0564937
-0.0589739
-0.0572738
-0.0535066
-0.0500324
-0.0488008
-0.0508291
-0.0548318
-0.0571982
-0.0552725
-0.0510660
-0.0501473
-0.0554972
-0.0630771
-0.0652075
-0.0590147
-0.0504695
-0.0486950
-0.0562720
-0.0663420
-0.0699313
-0.0653388
-0.0591958
-0.0584065
-0.0622337
-0.0631009
-0.0549547
-0.0403266
-0.0289078
-0.0288405
-0.0388878
-0.0490243
-0.0492168
-0.0381841
-0.0237041
-0.0144085
-0.0115447
-0.0087907
0.0005754
0.0172957
0.0368649
0.0552307
0.0721269
0.0884946
0.1020861
0.1072399
0.0990600
0.0769469
0.0443926
0.0072455
-0.0269186
-0.0499701
-0.0575536
-0.0539144
-0.0506958
-0.0580280
-0.0754755
-0.0925263
-0.0991625
-0.0959962
-0.0932056
-0.0993250
-0.1120766
-0.1211182
-0.1192460
-0.1095501
-0.1013317
-0.1002884
-0.1038333
-0.1055659
-0.1028660
-0.0992809
-0.0999133
-0.1053959
-0.1106950
-0.1093560
-0.0987236
-0.0820020
-0.0665258
-0.0595140
-0.0628418
-0.0698983
-0.0687317
-0.0512271
-0.0198680
0.0173260
0.0609364
0.1266639
0.2303855
0.3600551
0.4627079
0.4678377
0.3355425
0.0902092
-0.1911407
-0.4271400
-0.5762754
-0.6437510
-0.6550311
-0.6277658
-0.5667876
-0.4781976
-0.3802802
-0.2970030
-0.2414340
-0.2074905
-0.1788506
-0.1455805
-0.1118852
-0.0887503
-0.0807073
-0.0804397
-0.0756509
-0.0604378
-0.0399918
-0.0247691
-0.0205812
-0.0243456
-0.0285799
-0.0286568
-0.0253224
-0.0215927
-0.0189531
-0.0166050
-0.0129709
-0.0070995
0.0007748
0.0091532
0.0157734
0.0189348
0.0189402
0.0181788
0.0191757
0.0221400
0.0248854
0.0258889
0.0270441
0.0320065
0.0412404
0.0497853
0.0511801
0.0436098
0.0315982
0.0216668
0.0167146
0.0145504
0.0113605
0.0060695
0.0009707
-0.0017911
-0.0035519
-0.0082091
-0.0181889
-0.0319844
-0.0455889
-0.0557672
-0.0621117
-0.0666853
-0.0716221
-0.0763124
-0.0770066
-0.0702893
-0.0574857
-0.0449449
-0.0390727
-0.0407324
-0.0445485
-0.0440255
-0.0378780
-0.0312959
-0.0302151
-0.0342529
-0.0365317
-0.0312549
-0.0203761
-0.0115889
-0.0104186
-0.0156260
-0.0220687
-0.0265603
-0.0301857
-0.0351975
-0.0403817
-0.0407361
-0.0329213
-0.0203803
-0.0109062
-0.0086385
-0.0104133
-0.0108898
-0.0091698
-0.0086058
-0.0115492
-0.0164740
-0.0199707
-0.0200038
-0.0168939
-0.0117562
-0.0047037
0.0043884
0.0133677
0.0187585
0.0211656
0.0259691
0.0333290
0.0305597
0.0044675
-0.0359599
-0.0587763
-0.0392170
0.0134569
0.0661794
