0.1290004
0.2474199
0.3492087
0.4164904
0.3970025
0.2384417
-0.0414998
-0.3560275
-0.6214646
-0.8032807
-0.8983615
-0.9095697
-0.8492357
-0.7448048
-0.6270290
-0.5185880
-0.4323919
-0.3687692
-0.3156993
-0.2637915
-0.2198126
-0.1957778
-0.1888943
-0.1836722
-0.1704234
-0.1507398
-0.1281313
-0.1045069
-0.0840963
-0.0710850
-0.0639877
-0.0587911
-0.0550071
-0.0528746
-0.0487533
-0.0398067
-0.0295651
-0.0227947
-0.0181507
-0.0109812
-0.0000020
0.0129852
0.0261647
0.0368214
0.0416149
0.0414445
0.0425088
0.0500014
0.0643667
0.0847373
0.1104829
0.1374418
0.1585167
0.1712092
0.1803550
0.1911685
0.2035014
0.2145688
0.2234296
0.2312473
0.2402194
0.2526827
0.2681463
0.2816377
0.2885749
0.2905450
0.2923691
0.2943184
0.2915225
0.2807956
0.2643373
0.2469221
0.2323017
0.2213289
0.2106374
0.1942695
0.1692798
0.1385515
0.1064277
0.0745001
0.0444745
0.0216605
0.0105196
0.0074731
0.0020910
-0.0134667
-0.0369025
-0.0571864
-0.0640328
-0.0584178
-0.0535005
-0.0616233
-0.0798696
-0.0924145
-0.0884563
-0.0739703
-0.0638537
-0.0660461
-0.0760673
-0.0846149
-0.0873664
-0.0877113
-0.0914460
-0.0994721
-0.1067524
-0.1088960
-0.1073211
-0.1056961
-0.1038999
-0.0995276
-0.0939551
-0.0920685
-0.0954094
-0.0993425
-0.0983777
-0.0919588
-0.0838147
-0.0770825
-0.0712967
-0.0642673
-0.0566892
-0.0533311
-0.0572552
-0.0637125
-0.0642232
-0.0580969
-0.0551479
-0.0630959
-0.0753246
-0.0762638
-0.0588653
-0.0332301
-0.0168023
-0.0176082
-0.0280957
-0.0349107
-0.0334431
-0.0310765
-0.0359244
-0.0455101
-0.0498246
-0.0439194
-0.0330402
-0.0250621
-0.0219676
-0.0203530
-0.0172051
-0.0129274
-0.0102979
-0.0121798
-0.0193423
-0.0292108
-0.0369340
-0.0384034
-0.0330834
-0.0250228
-0.0207960
-0.0240106
-0.0307192
-0.0326752
-0.0271010
-0.0209522
-0.0225807
-0.0306763
-0.0351115
-0.0290030
-0.0172281
-0.0117373
-0.0193767
-0.0350182
-0.0465317
-0.0462606
-0.0370401
-0.0267639
-0.0190920
-0.0122499
-0.0058925
-0.0042784
-0.0099595
-0.0168464
-0.0133151
0.0066428
0.0358361
0.0580894
0.0618367
0.0517120
0.0462678
0.0616462
0.0965037
0.1341925
0.1597515
0.1729046
0.1840541
0.1999446
0.2155547
0.2201102
0.2095493
0.1910737
0.1741629
0.1586301
0.1353369
0.0999688
0.0622712
0.0373695
0.0286034
0.0226461
0.0030259
-0.0327602
-0.0700450
-0.0900520
-0.0863602
-0.0697229
-0.0574327
-0.0581069
-0.0666430
-0.0726368
-0.0717207
-0.0684247
-0.0695414
-0.0755046
-0.0779707
-0.0669812
-0.0426465
-0.0190748
-0.0129875
-0.0265726
-0.0440252
-0.0477812
-0.0373566
-0.0294500
-0.0385222
-0.0588430
-0.0680120
-0.0493078
-0.0094130
0.0280975
0.0468910
0.0533969
0.0683523
0.1070480
0.1705248
0.2511827
0.3373975
0.4079529
0.4268926
0.3545516
0.1738744
-0.0883731
-0.3670311
-0.5915817
-0.7229107
-0.7652035
-0.7468252
-0.6917754
-0.6078857
-0.4970232
-0.3706406
-0.2520855
-0.1630451
-0.1082389
-0.0745947
-0.0462180
-0.0191080
0.0000366
0.0073270
0.0094431
0.0164709
0.0303565
0.0439330
0.0508222
0.0533236
0.0590452
0.0709309
0.0829950
0.0874437
0.0851365
0.0862462
0.0990788
0.1199532
0.1365310
0.1408712
0.1373633
0.1377029
0.1495352
0.1702020
0.1900916
0.2011229
0.2024942
0.1994359
0.1979209
0.2016993
0.2133161
0.2345074
0.2631728
0.2912800
0.3089706
0.3126083
0.3089245
0.3107524
0.3274918
0.3578639
0.3908729
0.4142327
0.4227339
0.4193799
0.4102706
0.4002168
0.3924948
0.3895374
0.3916547
0.3958912
0.3977540
0.3942796
0.3849549
0.3699026
0.3480967
0.3184222
0.2831315
0.2493648
0.2248020
0.2103269
0.1984366
0.1811242
0.1590167
0.1406367
0.1322198
0.1301000
0.1246104
0.1110726
0.0955486
0.0885556
0.0928108
0.0984249
0.0922045
0.0720757
0.0504289
0.0417544
0.0479808
0.0576014
0.0587765
0.0513678
0.0451692
0.0472638
0.0530174
0.0510255
0.0366898
0.0186911
0.0102408
0.0150963
0.0247404
0.0290567
0.0264113
0.0215422
0.0164764
0.0079076
-0.0055633
-0.0168303
-0.0147635
0.0035741
0.0271292
0.0396486
0.0342312
0.0175452
0.0004412
-0.0116246
-0.0173812
-0.0146565
-0.0045723
-0.0019883
-0.0340055
-0.1191675
-0.2462328
-0.3787639
-0.4867580
-0.5752513
-0.6789240
-0.8256292
-1.0047352
-1.1710700
-1.2776401
-1.3035449
-1.2560897
-1.1572701
-1.0348289
-0.9207562
-0.8451947
-0.8218429
-0.8377139
-0.8605899
-0.8602229
-0.8252304
-0.7627430
-0.6854853
-0.6011406
-0.5118019
-0.4182474
-0.3214504
-0.2220569
-0.1226584
-0.0314470
0.0393433
0.0813420
0.0968950
0.0979918
0.0986352
0.1073852
0.1250219
0.1475284
0.1711548
0.1954541
0.2222864
0.2525470
0.2843029
0.3142999
0.3413889
0.3682310
0.3985732
0.4318593
0.4613946
0.4800662
0.4885462
0.4959488
0.5107096
0.5316297
0.5495777
0.5580169
0.5606826
0.5684898
0.5892679
0.6204354
0.6510190
0.6704223
0.6757319
0.6720110
0.6674235
0.6686843
0.6792513
0.6986888
0.7220438
0.7404833
0.7443741
0.7279966
0.6935920
0.6515773
0.6145366
0.5874888
0.5629480
0.5275997
0.4761708
0.4189049
0.3738453
0.3502623
0.3393729
0.3223432
0.2886052
0.2462448
0.2132915
0.1986174
0.1927647
0.1784346
0.1489539
0.1150839
0.0940119
0.0928194
0.1027313
0.1083213
0.1014283
0.0863547
0.0728313
0.0657207
0.0624829
0.0594050
0.0577378
0.0624151
0.0755043
0.0920160
0.1024366
0.0997101
0.0847706
0.0659740
0.0526704
0.0481939
0.0481154
0.0448355
0.0342344
0.0189217
0.0056087
-0.0012803
-0.0039878
-0.0088540
-0.0187006
-0.0287232
-0.0316173
-0.0267294
-0.0222758
-0.0272388
-0.0416573
-0.0560881
-0.0608313
-0.0549658
-0.0459600
-0.0414139
-0.0428674
-0.0477437
-0.0545220
-0.0629642
-0.0701208
-0.0705020
-0.0628116
-0.0541901
-0.0538844
-0.0622935
-0.0693768
-0.0661477
-0.0564050
-0.0539974
-0.0672490
-0.0879421
-0.0983140
-0.0892358
-0.0695476
-0.0565841
-0.0593608
-0.0727596
-0.0863498
-0.0952231
-0.1015498
-0.1088593
-0.1176903
-0.1258895
-0.1303531
-0.1278867
-0.1168385
-0.1004680
-0.0883144
-0.0909944
-0.1106571
-0.1366041
-0.1526478
-0.1504372
-0.1355187
-0.1204980
-0.1135502
-0.1138813
-0.1161409
-0.1167494
-0.1161974
-0.1175083
-0.1235375
-0.1344821
-0.1464876
-0.1529949
-0.1492455
-0.1368256
-0.1234685
-0.1170981
-0.1195240
-0.1265219
-0.1338984
-0.1415576
-0.1503257
-0.1568546
-0.1554853
-0.1461791
-0.1376374
-0.1394079
-0.1510424
-0.1614480
-0.1602330
-0.1486879
-0.1380552
-0.1370763
-0.1429753
-0.1459028
-0.1410387
-0.1338183
-0.1326929
-0.1391797
-0.1474577
-0.1530256
-0.1587584
-0.1705675
-0.1878916
-0.2006840
-0.1976885
-0.1783787
-0.1558718
-0.1462544
-0.1538497
-0.1673402
-0.1712985
-0.1616555
-0.1492351
-0.1477435
-0.1586857
-0.1690551
-0.1647947
-0.1465073
-0.1305764
-0.1334207
-0.1547479
-0.1773993
-0.1838393
-0.1718664
-0.1540482
-0.1434096
-0.1413644
-0.1393936
-0.1305397
-0.1174200
-0.1088715
-0.1104000
-0.1196800
-0.1311483
-0.1425383
-0.1548095
-0.1663829
-0.1702536
-0.1589582
-0.1326940
-0.1018344
-0.0805914
-0.0771765
-0.0889206
-0.1058122
-0.1180776
-0.1208810
-0.1140855
-0.1005261
-0.0854979
-0.0757052
-0.0755480
-0.0833061
-0.0921520
-0.0964245
-0.0971368
-0.1003214
-0.1089744
-0.1170799
-0.1136209
-0.0942953
-0.0687895
-0.0541634
-0.0594335
-0.0770034
-0.0902025
-0.0892630
-0.0794042
-0.0735320
-0.0782045
-0.0876681
-0.0911142
-0.0839722
-0.0708888
-0.0589379
-0.0508360
-0.0458591
-0.0447222
-0.0499327
-0.0608810
-0.0713275
-0.0739897
-0.0671897
-0.0555372
-0.0440848
-0.0332457
-0.0202574
-0.0045732
0.0100122
0.0190773
0.0223418
0.0241893
0.0306764
0.0469805
0.0757448
0.1141132
0.1514149
0.1733325
0.1724391
0.1548057
0.1335277
0.1147497
0.0923839
0.0587897
0.0190002
-0.0101556
-0.0176530
-0.0127955
-0.0178422
-0.0447822
-0.0822072
-0.1077818
-0.1120417
-0.1061115
-0.1056371
-0.1114854
-0.1103942
-0.0937879
-0.0712882
-0.0622398
-0.0746905
-0.0959652
-0.1057902
-0.0974137
-0.0834443
-0.0805859
-0.0906792
-0.0985748
-0.0884096
-0.0607370
-0.0330863
-0.0235747
-0.0334306
-0.0451043
-0.0378961
-0.0058950
0.0401860
0.0900801
0.1519383
0.2486940
0.3896979
0.5413998
0.6285378
0.5745138
0.3540620
0.0161334
-0.3427540
-0.6333753
-0.8141895
-0.8920371
-0.8943948
-0.8438806
-0.7537274
-0.6376106
-0.5155266
-0.4074185
-0.3228817
-0.2593934
-0.2103510
-0.1727192
-0.1462103
-0.1277517
-0.1106510
-0.0905470
-0.0704031
-0.0574311
-0.0547189
-0.0569084
-0.0548361
-0.0441396
-0.0287498
-0.0160992
-0.0097377
-0.0069561
-0.0026897
0.0053841
0.0152997
0.0229691
0.0255923
0.0241671
0.0234207
0.0282553
0.0388787
0.0496891
0.0544728
0.0534405
0.0542622
0.0648374
0.0847267
0.1045424
0.1146593
0.1144381
0.1121926
0.1161176
0.1262983
0.1361746
0.1406549
0.1410305
0.1417789
0.1441843
0.1445804
0.1388866
0.1280819
0.1186716
0.1174824
0.1255209
0.1363909
0.1408118
0.1338386
0.1192362
0.1071765
0.1059960
0.1140853
0.1198709
0.1120088
0.0910991
0.0700910
0.0609819
0.0612793
0.0560737
0.0350918
0.0063589
-0.0097580
-0.0012095
0.0221377
0.0368369
0.0274967
-0.0007907
-0.0306463
-0.0500689
-0.0603049
-0.0684157
-0.0763055
-0.0790516
-0.0723148
-0.0587422
-0.0463881
-0.0417530
-0.0448290
-0.0503210
-0.0529830
-0.0518791
-0.0502389
-0.0518391
-0.0574768
-0.0643016
-0.0679761
-0.0654626
-0.0562818
-0.0420493
-0.0258442
-0.0122650
-0.0066690
-0.0119501
-0.0247502
-0.0357310
-0.0355468
-0.0219361
-0.0014453
0.0156792
0.0226589
0.0196266
0.0117036
0.0044815
0.0006652
-0.0004915
-0.0017269
-0.0056049
-0.0123235
-0.0184458
-0.0183664
-0.0090189
0.0055438
0.0149634
0.0100159
-0.0090612
-0.0313851
-0.0436063
-0.0408177
-0.0303385
-0.0246558
-0.0299464
-0.0408310
-0.0458808
-0.0381854
-0.0213391
-0.0064327
-0.0035227
-0.0144917
-0.0322127
-0.0463092
-0.0510830
-0.0490198
-0.0465353
-0.0460077
-0.0426467
-0.0303779
-0.0109790
0.0041197
0.0031226
-0.0143702
-0.0359059
-0.0476516
-0.0471376
-0.0436189
-0.0459480
-0.0517895
-0.0502754
-0.0349668
-0.0126941
0.0014464
-0.0020966
-0.0186913
-0.0344859
-0.0395884
-0.0360899
-0.0333084
-0.0359924
-0.0382248
-0.0293210
-0.0053511
0.0256548
0.0500535
0.0602003
0.0602752
0.0614369
0.0718019
0.0908932
0.1125904
0.1319985
0.1490598
0.1664705
0.1851825
0.2020278
0.2112869
0.2086632
0.1943239
0.1723696
0.1472361
0.1206120
0.0919705
0.0617446
0.0331013
0.0099586
-0.0065867
-0.0192706
-0.0318405
-0.0454904
-0.0583595
-0.0682066
-0.0748764
-0.0800788
-0.0855939
-0.0922113
-0.0995636
-0.1057634
-0.1075350
-0.1025677
-0.0929025
-0.0850602
-0.0850599
-0.0927716
-0.1020218
-0.1068695
-0.1071135
-0.1066024
-0.1064715
-0.1020782
-0.0884684
-0.0683999
-0.0523405
-0.0483564
-0.0523661
-0.0504020
-0.0313874
0.0039335
0.0490727
0.1065394
0.1919873
0.3164554
0.4592120
0.5595198
0.5439888
0.3743373
0.0784792
-0.2610933
-0.5528152
-0.7407109
-0.8189782
-0.8151249
-0.7627142
-0.6846855
-0.5925182
-0.4933163
-0.3954465
-0.3089715
-0.2418721
-0.1952690
-0.1621320
-0.1326021
-0.1029036
-0.0789525
-0.0691556
-0.0728513
-0.0776978
-0.0706292
-0.0511766
-0.0319689
-0.0250918
-0.0290942
-0.0308984
-0.0201527
0.0000774
0.0176032
0.0247157
0.0258163
0.0315277
0.0466772
0.0650328
0.0755159
0.0731097
0.0640562
0.0607916
0.0711724
0.0915976
0.1106084
0.1201323
0.1236390
0.1325748
0.1540475
0.1824674
0.2045480
0.2129952
0.2142272
0.2212544
0.2390284
0.2583961
0.2657412
0.2580181
0.2466838
0.2461366
0.2590875
0.2742816
0.2784884
0.2698381
0.2589085
0.2572062
0.2653987
0.2729356
0.2682866
0.2487245
0.2208686
0.1939297
0.1737924
0.1619619
0.1564922
0.1518372
0.1397868
0.1147531
0.0803508
0.0491089
0.0325073
0.0301567
0.0302776
0.0221647
0.0072414
-0.0038393
-0.0045065
-0.0002651
-0.0023875
-0.0155129
-0.0337219
-0.0482664
-0.0563567
-0.0610515
-0.0646927
-0.0656999
-0.0624230
-0.0575783
-0.0561653
-0.0588915
-0.0596642
-0.0512606
-0.0336196
-0.0159702
-0.0103416
-0.0221460
-0.0455111
-0.0666718
-0.0728891
-0.0608570
-0.0387637
-0.0202820
-0.0147660
-0.0211647
-0.0301960
-0.0324312
-0.0253586
-0.0140964
-0.0061324
-0.0050707
-0.0084286
-0.0106885
-0.0084493
-0.0030137
0.0017432
0.0038258
0.0049944
0.0077373
0.0107663
0.0090953
0.0000697
-0.0110027
-0.0132739
-0.0002786
0.0223392
0.0400705
0.0416334
0.0285224
0.0129487
0.0064177
0.0099333
0.0147181
0.0120735
0.0025384
-0.0044409
0.0001231
0.0154845
0.0310451
0.0356320
0.0272387
0.0138711
0.0051707
0.0038185
0.0054134
0.0058391
0.0069646
0.0140663
0.0282999
0.0431765
0.0492638
0.0423918
0.0274051
0.0143270
0.0106605
0.0161247
0.0235508
0.0249777
0.0183418
0.0095006
0.0075066
0.0166385
0.0322413
0.0446757
0.0479734
0.0446623
0.0418695
0.0431039
0.0449377
0.0423896
0.0369694
0.0379858
0.0546070
0.0859939
0.1195081
0.1398233
0.1415193
0.1339422
0.1335317
0.1500345
0.1788608
0.2064081
0.2229933
0.2306988
0.2386530
0.2512821
0.2624252
0.2615741
0.2448098
0.2177955
0.1878806
0.1556795
0.1170876
0.0733294
0.0356074
0.0165130
0.0166251
0.0219825
0.0167592
-0.0017751
-0.0218657
-0.0303705
-0.0257594
-0.0177951
-0.0161369
-0.0211871
-0.0257583
-0.0234369
-0.0141224
-0.0029700
0.0036695
0.0011400
-0.0121345
-0.0337313
-0.0575601
-0.0764494
-0.0852438
-0.0815864
-0.0649112
-0.0371411
-0.0054757
0.0181334
0.0249530
0.0191329
0.0170998
0.0336832
0.0686852
0.1107735
0.1565940
0.2214290
0.3217221
0.4409335
0.5158767
0.4682692
0.2626102
-0.0593102
-0.4000602
-0.6667730
-0.8188842
-0.8688823
-0.8483071
-0.7787666
-0.6713523
-0.5418421
-0.4152318
-0.3126072
-0.2379397
-0.1817676
-0.1365334
-0.1042764
-0.0885734
-0.0833417
-0.0746077
-0.0540211
-0.0275212
-0.0083330
-0.0023514
-0.0024212
0.0031492
0.0184454
0.0369405
0.0487249
0.0490269
0.0407399
0.0314743
0.0291480
0.0380388
0.0559278
0.0746280
0.0856720
0.0875742
0.0872332
0.0929018
0.1058409
0.1201529
0.1308890
0.1402043
0.1535464
0.1707419
0.1841697
