-0.0133759
0.0063944
0.0266007
0.0395225
0.0454852
0.0507926
0.0613628
0.0789661
0.1021526
0.1285929
0.1555749
0.1792826
0.1955624
0.2026547
0.2029613
0.2009538
0.1983711
0.1915650
0.1745931
0.1458375
0.1114345
0.0811532
0.0601188
0.0448445
0.0281011
0.0076028
-0.0111304
-0.0211502
-0.0225250
-0.0229744
-0.0296386
-0.0412896
-0.0499639
-0.0501928
-0.0453610
-0.0442328
-0.0519096
-0.0652224
-0.0767546
-0.0820149
-0.0819976
-0.0798980
-0.0772056
-0.0735051
-0.0687760
-0.0644679
-0.0623660
-0.0632786
-0.0667242
-0.0705247
-0.0699901
-0.0590484
-0.0346721
-0.0004931
0.0368590
0.0779667
0.1358066
0.2243869
0.3355298
0.4260101
0.4344791
0.3217506
0.1028915
-0.1575316
-0.3845146
-0.5336752
-0.6029196
-0.6128125
-0.5809942
-0.5148430
-0.4222860
-0.3214735
-0.2351205
-0.1755316
-0.1374485
-0.1066188
-0.0746864
-0.0452951
-0.0269973
-0.0223813
-0.0250081
-0.0258131
-0.0208386
-0.0125458
-0.0051605
-0.0003240
0.0029226
0.0057800
0.0089058
0.0136022
0.0219683
0.0345963
0.0486201
0.0595404
0.0656793
0.0700825
0.0770100
0.0867663
0.0952972
0.0996363
0.1028604
0.1120602
0.1308589
0.1548318
0.1752911
0.1874089
0.1938081
0.2002340
0.2089842
0.2176497
0.2236955
0.2284628
0.2355796
0.2461168
0.2566775
0.2625448
0.2617782
0.2556928
0.2463660
0.2352589
0.2243159
0.2164441
0.2129042
0.2103217
0.2022112
0.1849794
0.1620541
0.1407784
0.1249559
0.1115103
0.0951574
0.0753454
0.0570001
0.0444157
0.0361534
0.0272323
0.0154336
0.0035444
-0.0049439
-0.0106343
-0.0172961
-0.0268539
-0.0370459
-0.0443880
-0.0479851
-0.0493836
-0.0498050
-0.0494534
-0.0495018
-0.0524674
-0.0589202
-0.0649078
-0.0650843
-0.0590404
-0.0527758
-0.0523413
-0.0567995
-0.0593378
-0.0555224
-0.0485613
-0.0450410
-0.0466018
-0.0481166
-0.0445766
-0.0378208
-0.0345990
-0.0385446
-0.0461078
-0.0510854
-0.0515355
-0.0505378
-0.0507512
-0.0504487
-0.0459585
-0.0366907
-0.0260116
-0.0173998
-0.0115693
-0.0080968
-0.0080788
-0.0128196
-0.0199625
-0.0235295
-0.0198419
-0.0125035
-0.0091101
-0.0124815
-0.0172375
-0.0168057
-0.0125500
-0.0130240
-0.0233298
-0.0375961
-0.0445643
-0.0401734
-0.0320467
-0.0305806
-0.0376479
-0.0461478
-0.0494903
-0.0482975
-0.0469124
-0.0463745
-0.0440773
-0.0395608
-0.0368681
-0.0393557
-0.0444725
-0.0466704
-0.0449932
-0.0445812
-0.0492751
-0.0551457
-0.0543099
-0.0446985
-0.0329395
-0.0261773
-0.0232507
-0.0166525
-0.0026263
0.0137099
0.0246004
0.0290441
0.0337719
0.0454853
0.0644110
0.0859960
0.1067251
0.1262492
0.1446179
0.1599221
0.1696503
0.1729943
0.1704440
0.1617703
0.1460772
0.1241450
0.0993858
0.0755239
0.0539203
0.0339686
0.0154545
-0.0008989
-0.0152364
-0.0291813
-0.0433529
-0.0551789
-0.0611773
-0.0619334
-0.0631660
-0.0701213
-0.0812498
-0.0893136
-0.0896242
-0.0858268
-0.0857755
-0.0921287
-0.0994606
-0.1019972
-0.1022450
-0.1085642
-0.1233672
-0.1367628
-0.1355251
-0.1184468
-0.0993463
-0.0921693
-0.0945795
-0.0900369
-0.0670252
-0.0323850
-0.0010284
0.0275012
0.0770296
0.1733487
0.3115704
0.4443917
0.5046159
0.4447854
0.2648085
0.0116948
-0.2438646
-0.4386857
-0.5410872
-0.5575156
-0.5193982
-0.4594272
-0.3946901
-0.3280368
-0.2612429
-0.2025341
-0.1602537
-0.1329633
-0.1106659
-0.0866018
-0.0645042
-0.0519223
-0.0486716
-0.0459010
-0.0369546
-0.0253014
-0.0187134
-0.0174655
-0.0126710
0.0024283
0.0227883
0.0364074
0.0379258
0.0340858
0.0348724
0.0422140
0.0500687
0.0541086
0.0573801
0.0651886
0.0774580
0.0893767
0.0987043
0.1086470
0.1219788
0.1353404
0.1431768
0.1469320
0.1560739
0.1771869
0.2040712
0.2225841
0.2259253
0.2219584
0.2231764
0.2315519
0.2371673
0.2321968
0.2223276
0.2209150
0.2330009
0.2489686
0.2552417
0.2482877
0.2352133
0.2222920
0.2076910
0.1874357
0.1649500
0.1496366
0.1451255
0.1425361
0.1286969
0.1005157
0.0685410
0.0455248
0.0335274
0.0241414
0.0101865
-0.0059047
-0.0163824
-0.0185163
-0.0178793
-0.0214890
-0.0303389
-0.0403266
-0.0489568
-0.0581795
-0.0698188
-0.0803963
-0.0830393
-0.0748036
-0.0605524
-0.0487050
-0.0440169
-0.0454280
-0.0498898
-0.0559572
-0.0628979
-0.0683068
-0.0690772
-0.0648888
-0.0589551
-0.0543758
-0.0508865
-0.0465652
-0.0420702
-0.0409912
-0.0449353
-0.0496451
-0.0481400
-0.0381834
-0.0253051
-0.0174129
-0.0170840
-0.0202900
-0.0222720
-0.0228419
-0.0249836
-0.0295348
-0.0332794
-0.0327398
-0.0285286
-0.0248132
-0.0249473
-0.0288118
-0.0344144
-0.0404546
-0.0459705
-0.0483758
-0.0444129
-0.0345335
-0.0251508
-0.0242016
-0.0335576
-0.0467862
-0.0553330
-0.0564238
-0.0540663
-0.0529786
-0.0534706
-0.0530922
-0.0515825
-0.0516683
-0.0546194
-0.0572368
-0.0552113
-0.0487548
-0.0427287
-0.0407666
-0.0412744
-0.0407323
-0.0393687
-0.0405334
-0.0438985
-0.0423261
-0.0288064
-0.0063675
0.0121898
0.0170011
0.0128344
0.0155879
0.0362554
0.0699576
0.1022189
0.1246791
0.1417262
0.1609951
0.1802658
0.1873169
0.1732809
0.1436558
0.1138620
0.0943224
0.0818319
0.0660715
0.0426376
0.0175304
-0.0008073
-0.0114051
-0.0212444
-0.0369128
-0.0576114
-0.0765151
-0.0874644
-0.0894823
-0.0860494
-0.0819878
-0.0812835
-0.0858831
-0.0943940
-0.1018781
-0.1028423
-0.0961052
-0.0865746
-0.0811273
-0.0824748
-0.0877610
-0.0931805
-0.0985311
-0.1058849
-0.1143560
-0.1181521
-0.1109514
-0.0916704
-0.0652051
-0.0380254
-0.0135954
0.0097880
0.0404597
0.0934409
0.1824526
0.3011153
0.4067820
0.4301155
0.3166074
0.0722342
-0.2287936
-0.4877837
-0.6427908
-0.6959151
-0.6883450
-0.6543553
-0.5998282
-0.5181223
-0.4156523
-0.3153345
-0.2373850
-0.1835016
-0.1425453
-0.1076346
-0.0823875
-0.0705753
-0.0652090
-0.0527191
-0.0276906
0.0001541
0.0158143
0.0147236
0.0067401
0.0048325
0.0121650
0.0217907
0.0275345
0.0320820
0.0429574
0.0621200
0.0821130
0.0933468
0.0939091
0.0907535
0.0915983
0.0976366
0.1054610
0.1146692
0.1302347
0.1554978
0.1844932
0.2046939
0.2089829
0.2034717
0.2014306
0.2096536
0.2227373
0.2314631
0.2346607
0.2400511
0.2534494
0.2702052
0.2797921
0.2777984
0.2703544
0.2658845
0.2651053
0.2618282
0.2526959
0.2425029
0.2378522
0.2373141
0.2310755
0.2112671
0.1807089
0.1495604
0.1241089
0.1013682
0.0756809
0.0485394
0.0289910
0.0237905
0.0290262
0.0330190
0.0269564
0.0114391
-0.0070200
-0.0237947
-0.0389677
-0.0534194
-0.0647193
-0.0685382
-0.0634715
-0.0527499
-0.0406432
-0.0283890
-0.0150142
-0.0019113
0.0052046
0.0007519
-0.0136457
-0.0274535
-0.0287173
-0.0154193
0.0001064
-0.0002096
-0.0245751
-0.0629056
-0.0942483
-0.1036158
-0.0923052
-0.0725526
-0.0536544
-0.0348494
-0.0114557
0.0147075
0.0338866
0.0377549
0.0282408
0.0153720
0.0068333
0.0010342
-0.0095691
-0.0296703
-0.0558349
-0.0781657
-0.0858959
-0.0731133
-0.0427897
-0.0072794
0.0169604
0.0191687
0.0016586
-0.0224822
-0.0403958
-0.0490872
-0.0544735
-0.0617930
-0.0685399
-0.0676671
-0.0567664
-0.0423599
-0.0344413
-0.0373282
-0.0463824
-0.0533117
-0.0538845
-0.0502864
-0.0467907
-0.0444570
-0.0407782
-0.0339140
-0.0258190
-0.0202709
-0.0182499
-0.0165284
-0.0116083
-0.0045755
-0.0007183
-0.0033670
-0.0085123
-0.0069923
0.0070080
0.0301669
0.0537738
0.0730629
0.0912997
0.1137505
0.1389662
0.1584827
0.1659856
0.1649941
0.1650256
0.1697760
0.1711719
0.1571993
0.1254076
0.0868762
0.0561365
0.0384049
0.0276278
0.0155621
0.0002376
-0.0148046
-0.0269677
-0.0376638
-0.0491782
-0.0608542
-0.0699860
-0.0757976
-0.0808447
-0.0879434
-0.0966754
-0.1037964
-0.1066647
-0.1053869
-0.1018217
-0.0977737
-0.0948093
-0.0947795
-0.0987350
-0.1046289
-0.1071993
-0.1021369
-0.0915314
-0.0841820
-0.0878451
-0.0994071
-0.1040619
-0.0875068
-0.0503461
-0.0078127
0.0286133
0.0692732
0.1404851
0.2533849
0.3756661
0.4386148
0.3812640
0.1965863
-0.0601202
-0.3067728
-0.4820480
-0.5681612
-0.5807685
-0.5462727
-0.4879534
-0.4236271
-0.3651731
-0.3155213
-0.2686869
-0.2173201
-0.1620616
-0.1126529
-0.0791942
-0.0630529
-0.0569428
-0.0528442
-0.0482410
-0.0447938
-0.0430765
-0.0404039
-0.0334798
-0.0217015
-0.0073147
0.0068766
0.0191310
0.0284760
0.0340475
0.0356443
0.0347387
0.0340670
0.0358108
0.0405663
0.0482434
0.0589986
0.0721161
0.0843909
0.0916938
0.0937622
0.0967905
0.1089930
0.1320604
0.1576747
0.1743863
0.1788327
0.1791875
0.1862802
0.2017219
0.2163290
0.2205428
0.2147458
0.2079683
0.2074252
0.2114086
0.2128148
0.2077940
0.1993098
0.1927786
0.1900087
0.1880418
0.1827417
0.1722873
0.1576390
0.1411378
0.1250727
0.1103001
0.0951584
0.0765541
0.0537072
0.0308405
0.0145528
0.0074832
0.0051748
0.0000737
-0.0115743
-0.0272664
-0.0419590
-0.0528467
-0.0602168
-0.0651445
-0.0681528
-0.0701878
-0.0731684
-0.0781545
-0.0835172
-0.0864292
-0.0863630
-0.0856878
-0.0859233
-0.0845481
-0.0773017
-0.0638344
-0.0496716
-0.0415487
-0.0412397
-0.0449378
-0.0486378
-0.0527351
-0.0599373
-0.0689633
-0.0725905
-0.0642784
-0.0468038
-0.0320928
-0.0303702
-0.0395236
-0.0467683
-0.0416554
-0.0266468
-0.0138998
-0.0122465
-0.0190678
-0.0253563
-0.0265160
-0.0255935
-0.0266070
-0.0286771
-0.0293854
-0.0318311
-0.0440728
-0.0702786
-0.1048442
-0.1371861
-0.1613062
-0.1796690
-0.2003959
-0.2347885
-0.2967404
-0.3968981
-0.5297979
-0.6678027
-0.7771713
-0.8482978
-0.9088462
-0.9989134
-1.1274548
-1.2542318
-1.3186116
-1.2885000
-1.1832381
-1.0536012
-0.9442260
-0.8730458
-0.8360488
-0.8202838
-0.8099584
-0.7880263
-0.7417183
-0.6698340
-0.5817946
-0.4870798
-0.3867899
-0.2772120
-0.1599440
-0.0450674
0.0563423
0.1403541
0.2094769
0.2660546
0.3094100
0.3395216
0.3605328
0.3782775
0.3950514
0.4090969
0.4198123
0.4313380
0.4486670
0.4706152
0.4894105
0.4991119
0.5034302
0.5130323
0.5345544
0.5635818
0.5894731
0.6063794
0.6180666
0.6317125
0.6486630
0.6632668
0.6707129
0.6735108
0.6779910
0.6852103
0.6883741
0.6808560
0.6650545
0.6506461
0.6437138
0.6395481
0.6276617
0.6032131
0.5718789
0.5431990
0.5205086
0.4984599
0.4694793
0.4308348
0.3854487
0.3382398
0.2935325
0.2547288
0.2235183
0.1982560
0.1745429
0.1488622
0.1213963
0.0945853
0.0695882
0.0456798
0.0234333
0.0068122
0.0000232
0.0019478
0.0053064
0.0028935
-0.0056446
-0.0144414
-0.0186277
-0.0191906
-0.0197474
-0.0200147
-0.0149552
-0.0013495
0.0158537
0.0253643
0.0186999
-0.0022310
-0.0267163
-0.0443074
-0.0521577
-0.0539237
-0.0532379
-0.0502253
-0.0444116
-0.0386351
-0.0375644
-0.0421003
-0.0470501
-0.0459791
-0.0382078
-0.0296549
-0.0262129
-0.0275443
-0.0288732
-0.0281511
-0.0288456
-0.0344855
-0.0424927
-0.0460626
-0.0420141
-0.0345535
-0.0305130
-0.0325682
-0.0384418
-0.0453304
-0.0525491
-0.0595389
-0.0638900
-0.0637754
-0.0616266
-0.0624912
-0.0675030
-0.0710912
-0.0671371
-0.0571038
-0.0491041
-0.0482085
-0.0504167
-0.0484994
-0.0423228
-0.0401518
-0.0489406
-0.0655428
-0.0794733
-0.0836807
-0.0806124
-0.0772713
-0.0763139
-0.0741442
-0.0673522
-0.0583901
-0.0531482
-0.0539408
-0.0569249
-0.0568057
-0.0527819
-0.0489484
-0.0492459
-0.0527988
-0.0545768
-0.0506552
-0.0425876
-0.0361703
-0.0357856
-0.0403569
-0.0449532
-0.0456342
-0.0422552
-0.0374735
-0.0344563
-0.0355150
-0.0412276
-0.0493684
-0.0550642
-0.0538077
-0.0456341
-0.0358762
-0.0304336
-0.0300883
-0.0307801
-0.0299447
-0.0305644
-0.0368158
-0.0468796
-0.0535136
-0.0528013
-0.0494713
-0.0508971
-0.0572125
-0.0607957
-0.0561833
-0.0474714
-0.0433185
-0.0459864
-0.0489337
-0.0462775
-0.0413758
-0.0425230
-0.0511564
-0.0587209
-0.0571144
-0.0492251
-0.0457585
-0.0526571
-0.0650037
-0.0736629
-0.0748187
-0.0713468
-0.0673161
-0.0643972
-0.0632411
-0.0648208
-0.0682760
-0.0693069
-0.0640012
-0.0546018
-0.0485121
-0.0495948
-0.0524761
-0.0485847
-0.0371943
-0.0266684
-0.0232665
-0.0217999
-0.0107773
0.0138696
0.0433531
0.0653570
0.0768444
0.0858212
0.1012648
0.1236847
0.1464578
0.1644348
0.1784391
0.1909952
0.2000969
0.1992780
0.1834437
0.1536281
0.1167846
0.0822195
0.0572886
0.0437749
0.0369073
0.0288673
0.0149028
-0.0033395
-0.0205477
-0.0336570
-0.0446287
-0.0570300
-0.0703075
-0.0789750
-0.0787913
-0.0729884
-0.0700945
-0.0747323
-0.0823329
-0.0847339
-0.0801530
-0.0752618
-0.0766331
-0.0819627
-0.0822179
-0.0729906
-0.0614248
-0.0588354
-0.0662470
-0.0707651
-0.0593200
-0.0338931
-0.0074729
0.0175225
0.0622733
0.1547982
0.2937397
0.4275675
0.4748644
0.3759886
0.1372664
-0.1675953
-0.4405513
-0.6138925
-0.6777209
-0.6664473
-0.6224223
-0.5676505
-0.5019710
-0.4214345
-0.3344509
-0.2591003
-0.2068782
-0.1728658
-0.1434013
-0.1112387
-0.0809360
-0.0607942
-0.0528695
-0.0516826
-0.0502521
-0.0452019
-0.0367034
-0.0260234
-0.0146477
-0.0045770
0.0030678
0.0102765
0.0205906
0.0334529
0.0420200
0.0399220
0.0301272
0.0239454
0.0299092
0.0456455
0.0620821
0.0738011
0.0829502
0.0936532
0.1054080
0.1138304
0.1172281
0.1201905
0.1290607
0.1445572
0.1608332
0.1719509
0.1770594
0.1783018
0.1762949
0.1704292
0.1624602
0.1565334
0.1547891
0.1547180
0.1520411
0.1456052
0.1385157
0.1341824
0.1317704
0.1268885
0.1176400
0.1085156
0.1057608
0.1090583
0.1107500
0.1044461
0.0919265
0.0795403
0.0695351
0.0577965
0.0403794
0.0203404
0.0064339
0.0044782
0.0105836
0.0143109
0.0089466
-0.0028487
-0.0141353
-0.0216514
-0.0262673
-0.0280483
-0.0254968
-0.0198247
-0.0159242
-0.0172134
-0.0215591
-0.0238488
-0.0215259
-0.0164960
-0.0119780
-0.0082501
-0.0023430
0.0072242
0.0163696
0.0187316
0.0133740
0.0062117
0.0025713
0.0015305
-0.0003062
-0.0025094
-0.0013195
0.0055125
0.0169072
0.0296909
0.0393973
0.0417377
0.0359322
0.0259246
0.0171368
0.0128626
0.0133571
0.0158170
0.0156187
0.0111386
0.0069613
0.0078483
0.0101642
0.0055975
-0.0059357
-0.0141750
-0.0115275
-0.0018567
0.0059210
0.0065734
-0.0008400
-0.0131122
-0.0209752
-0.0164192
-0.0068426
-0.0122833
-0.0405421
