0.1930153
0.2234850
0.2426935
0.2511073
0.2622373
0.2870652
0.3223425
0.3565911
0.3853873
0.4163385
0.4575761
0.5044999
0.5419341
0.5599917
0.5650755
0.5730333
0.5924476
0.6170953
0.6351501
0.6432437
0.6490908
0.6610028
0.6777647
0.6904982
0.6930712
0.6881546
0.6826152
0.6791728
0.6747934
0.6668374
0.6581237
0.6539597
0.6548399
0.6543160
0.6453419
0.6279653
0.6092725
0.5953508
0.5842863
0.5681702
0.5419933
0.5095656
0.4798574
0.4577545
0.4393424
0.4166761
0.3863953
0.3525050
0.3207012
0.2915400
0.2608924
0.2270398
0.1952307
0.1731210
0.1617457
0.1530409
0.1379218
0.1161397
0.0962266
0.0852387
0.0804331
0.0730080
0.0594419
0.0464605
0.0431811
0.0496646
0.0557809
0.0520306
0.0395776
0.0278168
0.0229728
0.0217845
0.0173995
0.0092056
0.0038774
0.0065936
0.0138979
0.0172212
0.0123892
0.0032831
-0.0041275
-0.0088892
-0.0141947
-0.0206917
-0.0240562
-0.0208900
-0.0150397
-0.0148271
-0.0233871
-0.0342347
-0.0386174
-0.0362943
-0.0361377
-0.0449389
-0.0577218
-0.0620188
-0.0521293
-0.0368547
-0.0310245
-0.0398581
-0.0538588
-0.0599684
-0.0559313
-0.0514029
-0.0552551
-0.0646686
-0.0688047
-0.0620217
-0.0505040
-0.0448093
-0.0480523
-0.0540998
-0.0570137
-0.0587977
-0.0651862
-0.0753291
-0.0799424
-0.0719183
-0.0565549
-0.0475255
-0.0519604
-0.0622339
-0.0648131
-0.0560840
-0.0464363
-0.0477926
-0.0594208
-0.0686915
-0.0655659
-0.0536501
-0.0453360
-0.0475113
-0.0546726
-0.0565504
-0.0503120
-0.0432130
-0.0436327
-0.0514465
-0.0582839
-0.0566090
-0.0474275
-0.0388275
-0.0376089
-0.0430187
-0.0486348
-0.0495842
-0.0470671
-0.0457615
-0.0477188
-0.0499469
-0.0482917
-0.0428130
-0.0380816
-0.0378921
-0.0408288
-0.0423389
-0.0408102
-0.0396826
-0.0424590
-0.0470321
-0.0473199
-0.0408842
-0.0328514
-0.0305173
-0.0349109
-0.0399465
-0.0404287
-0.0386591
-0.0407600
-0.0471139
-0.0497536
-0.0414303
-0.0257303
-0.0148725
-0.0165242
-0.0252127
-0.0290980
-0.0241964
-0.0188120
-0.0227889
-0.0346780
-0.0424042
-0.0367265
-0.0216404
-0.0098469
-0.0091574
-0.0156896
-0.0205456
-0.0204880
-0.0197465
-0.0223654
-0.0259570
-0.0245490
-0.0160884
-0.0050253
0.0024954
0.0042730
0.0021402
-0.0020643
-0.0083530
-0.0158988
-0.0204092
-0.0167303
-0.0048360
0.0081910
0.0138499
0.0101475
0.0030755
-0.0000693
0.0018879
0.0038939
0.0015560
-0.0031265
-0.0038391
0.0026077
0.0122616
0.0182424
0.0180900
0.0153411
0.0137695
0.0121684
0.0068249
-0.0014957
-0.0058850
-0.0006213
0.0107110
0.0170916
0.0115013
-0.0008229
-0.0078817
-0.0048266
0.0001649
-0.0039707
-0.0165231
-0.0240336
-0.0155181
0.0035428
0.0155048
0.0090908
-0.0088317
-0.0216368
-0.0215382
-0.0167803
-0.0196415
-0.0303788
-0.0367400
-0.0293223
-0.0136117
-0.0039444
-0.0071097
-0.0156873
-0.0185084
-0.0144503
-0.0124827
-0.0187300
-0.0274941
-0.0278106
-0.0173113
-0.0058210
-0.0039601
-0.0109528
-0.0167803
-0.0154687
-0.0122217
-0.0154311
-0.0243354
-0.0286487
-0.0210053
-0.0066770
0.0016397
-0.0022618
-0.0121688
-0.0180741
-0.0180756
-0.0187955
-0.0245380
-0.0297637
-0.0249507
-0.0084476
0.0108623
0.0234934
0.0294382
0.0362603
0.0485270
0.0625106
0.0727662
0.0816211
0.0984818
0.1286041
0.1649262
0.1938612
0.2089837
0.2162601
0.2244358
0.2325123
0.2299077
0.2091696
0.1756803
0.1426206
0.1173319
0.0951920
0.0676222
0.0338906
0.0024251
-0.0192624
-0.0329819
-0.0462862
-0.0621207
-0.0751786
-0.0792068
-0.0754933
-0.0720410
-0.0752461
-0.0845428
-0.0952994
-0.1046041
-0.1123796
-0.1179732
-0.1186844
-0.1132137
-0.1050224
-0.0997582
-0.0990922
-0.0991629
-0.0962086
-0.0919104
-0.0908874
-0.0936029
-0.0946160
-0.0888226
-0.0770239
-0.0629443
-0.0460639
-0.0211532
0.0139860
0.0543811
0.0965199
0.1500830
0.2322379
0.3407150
0.4317513
0.4344895
0.3001577
0.0450509
-0.2535383
-0.5062222
-0.6621352
-0.7216548
-0.7119781
-0.6581962
-0.5756360
-0.4788342
-0.3861809
-0.3119426
-0.2576606
-0.2157332
-0.1808194
-0.1544528
-0.1383280
-0.1271783
-0.1120329
-0.0901045
-0.0684586
-0.0562787
-0.0545756
-0.0552249
-0.0500757
-0.0392305
-0.0292040
-0.0241703
-0.0213892
-0.0156996
-0.0063067
0.0028386
0.0084623
0.0113722
0.0140516
0.0170308
0.0195296
0.0228860
0.0308093
0.0448799
0.0609915
0.0723289
0.0762043
0.0763278
0.0774338
0.0793587
0.0786087
0.0750707
0.0740883
0.0804394
0.0920941
0.1020136
0.1054595
0.1035836
0.0999828
0.0961192
0.0914608
0.0864052
0.0824330
0.0793059
0.0746783
0.0679979
0.0626900
0.0613608
0.0594762
0.0482265
0.0262868
0.0058392
0.0021666
0.0166624
0.0336944
0.0364701
0.0240043
0.0098253
0.0051250
0.0069975
0.0046618
-0.0059488
-0.0178265
-0.0228440
-0.0218750
-0.0222949
-0.0277668
-0.0347494
-0.0394627
-0.0442438
-0.0539951
-0.0680768
-0.0793440
-0.0819712
-0.0779571
-0.0743219
-0.0750519
-0.0778230
-0.0786700
-0.0776613
-0.0780816
-0.0807894
-0.0819844
-0.0777957
-0.0695592
-0.0626741
-0.0607592
-0.0628619
-0.0665082
-0.0711873
-0.0771522
-0.0820273
-0.0813327
-0.0735476
-0.0633223
-0.0576490
-0.0585358
-0.0611453
-0.0604256
-0.0581511
-0.0606668
-0.0694081
-0.0768207
-0.0744686
-0.0641110
-0.0573904
-0.0632172
-0.0773713
-0.0868372
-0.0842027
-0.0756119
-0.0731797
-0.0808306
-0.0901439
-0.0908067
-0.0828206
-0.0759320
-0.0778192
-0.0860034
-0.0926738
-0.0950321
-0.0977275
-0.1049689
-0.1130623
-0.1134001
-0.1029208
-0.0894893
-0.0849437
-0.0929959
-0.1057794
-0.1129881
-0.1126333
-0.1109569
-0.1128367
-0.1154212
-0.1126252
-0.1039152
-0.0957363
-0.0936914
-0.0955508
-0.0945192
-0.0892946
-0.0878095
-0.0981524
-0.1166184
-0.1285090
-0.1229457
-0.1051381
-0.0912662
-0.0914102
-0.1000143
-0.1041476
-0.0990064
-0.0924871
-0.0943113
-0.1033764
-0.1085684
-0.1017675
-0.0871011
-0.0754619
-0.0715905
-0.0695898
-0.0613479
-0.0464184
-0.0313982
-0.0206359
-0.0100686
0.0087153
0.0390745
0.0749527
0.1060686
0.1269152
0.1400164
0.1504371
0.1581692
0.1569900
0.1409590
0.1116644
0.0788031
0.0530857
0.0375254
0.0251734
0.0060465
-0.0230295
-0.0555832
-0.0823980
-0.1001176
-0.1121588
-0.1222464
-0.1293830
-0.1302708
-0.1255298
-0.1214569
-0.1244782
-0.1343459
-0.1441872
-0.1478071
-0.1458639
-0.1437956
-0.1446695
-0.1461647
-0.1447648
-0.1407392
-0.1374846
-0.1370824
-0.1384164
-0.1397015
-0.1411437
-0.1438155
-0.1464518
-0.1451055
-0.1370261
-0.1239866
-0.1101344
-0.0968665
-0.0822336
-0.0660552
-0.0516928
-0.0376156
-0.0074454
0.0640060
0.1848285
0.3208540
0.3995324
0.3496297
0.1506400
-0.1472059
-0.4500215
-0.6739820
-0.7850890
-0.7998963
-0.7561681
-0.6827798
-0.5905862
-0.4834161
-0.3721871
-0.2762089
-0.2105216
-0.1732210
-0.1476397
-0.1187717
-0.0871870
-0.0654144
-0.0606743
-0.0632900
-0.0545985
-0.0268225
0.0070314
0.0257585
0.0225998
0.0126929
0.0161427
0.0356828
0.0546002
0.0569047
0.0459513
0.0404697
0.0535926
0.0790391
0.0990447
0.1037966
0.1003009
0.1019155
0.1122121
0.1224107
0.1242862
0.1216477
0.1261979
0.1433994
0.1656516
0.1803977
0.1832798
0.1817329
0.1858979
0.1974270
0.2083475
0.2107084
0.2057721
0.2024117
0.2071472
0.2175754
0.2258591
0.2269082
0.2219486
0.2151511
0.2085889
0.2010279
0.1909521
0.1798479
0.1717537
0.1692290
0.1701692
0.1692375
0.1625331
0.1507344
0.1380096
0.1280751
0.1207247
0.1118359
0.0976836
0.0800805
0.0662138
0.0616281
0.0634561
0.0623579
0.0520212
0.0357727
0.0226876
0.0174223
0.0152112
0.0079868
-0.0049542
-0.0143881
-0.0109910
0.0029795
0.0142614
0.0118227
-0.0019708
-0.0146175
-0.0167787
-0.0106877
-0.0056534
-0.0070504
-0.0110253
-0.0099195
-0.0016876
0.0075331
0.0105486
0.0072593
0.0039744
0.0051079
0.0078508
0.0062182
-0.0008676
-0.0072619
-0.0057915
0.0037536
0.0134791
0.0147677
0.0067904
-0.0029704
-0.0067999
-0.0043675
-0.0017206
-0.0037973
-0.0092382
-0.0122558
-0.0085569
0.0004557
0.0085205
0.0097349
0.0038436
-0.0035890
-0.0068276
-0.0057119
-0.0052360
-0.0094244
-0.0162106
-0.0189699
-0.0135127
-0.0033921
0.0027876
0.0001847
-0.0070359
-0.0108027
-0.0089543
-0.0075635
-0.0126120
-0.0214441
-0.0248042
-0.0172713
-0.0040831
0.0034116
-0.0009241
-0.0117205
-0.0176963
-0.0135446
-0.0053143
-0.0033325
-0.0107270
-0.0202982
-0.0224669
-0.0149731
-0.0044670
0.0005491
-0.0021793
-0.0073244
-0.0084185
-0.0050910
-0.0028588
-0.0055819
-0.0098358
-0.0084617
0.0007631
0.0116717
0.0155339
0.0098616
0.0010758
-0.0016422
0.0048071
0.0150772
0.0222383
0.0262069
0.0337619
0.0501170
0.0723526
0.0923956
0.1055255
0.1146534
0.1264493
0.1441991
0.1648329
0.1828554
0.1966643
0.2097206
0.2245114
0.2363608
0.2354879
0.2162348
0.1835258
0.1493590
0.1227096
0.1026499
0.0811976
0.0531317
0.0227110
-0.0005037
-0.0126584
-0.0203708
-0.0327873
-0.0504136
-0.0648396
-0.0698058
-0.0695960
-0.0740086
-0.0857053
-0.0953694
-0.0915805
-0.0749350
-0.0595053
-0.0583741
-0.0694515
-0.0787077
-0.0769366
-0.0693145
-0.0667557
-0.0714338
-0.0748562
-0.0692994
-0.0570395
-0.0466609
-0.0426839
-0.0416592
-0.0380410
-0.0305851
-0.0208327
-0.0076784
0.0120829
0.0379882
0.0671817
0.1060633
0.1748226
0.2874964
0.4202119
0.5045563
0.4654629
0.2775451
-0.0094676
-0.2998441
-0.5105544
-0.6115338
-0.6219766
-0.5786367
-0.5099414
-0.4314717
-0.3523284
-0.2783213
-0.2118290
-0.1540938
-0.1079873
-0.0756408
-0.0536102
-0.0339760
-0.0121097
0.0083683
0.0204778
0.0233256
0.0244240
0.0311886
0.0416072
0.0466769
0.0432005
0.0407932
0.0521381
0.0769153
0.0996743
0.1055775
0.0960253
0.0866482
0.0908876
0.1072484
0.1224225
0.1256366
0.1194398
0.1167194
0.1276942
0.1503496
0.1732763
0.1865691
0.1895646
0.1895428
0.1943235
0.2054189
0.2172944
0.2238728
0.2262812
0.2325978
0.2483190
0.2683042
0.2806738
0.2790353
0.2692129
0.2629566
0.2655882
0.2708310
0.2684474
0.2566153
0.2449336
0.2436262
0.2510727
0.2550079
0.2464294
0.2294550
0.2157150
0.2107997
0.2084868
0.1981325
0.1763977
0.1512158
0.1342725
0.1296215
0.1301212
0.1252481
0.1113281
0.0931833
0.0771353
0.0646793
0.0530442
0.0400406
0.0273019
0.0188857
0.0164958
0.0162189
0.0115874
0.0009445
-0.0098957
-0.0144409
-0.0140932
-0.0172917
-0.0293960
-0.0450431
-0.0521132
-0.0437715
-0.0263617
-0.0143620
-0.0164593
-0.0272134
-0.0340027
-0.0314926
-0.0264794
-0.0279740
-0.0356473
-0.0404468
-0.0352647
-0.0227589
-0.0126600
-0.0123520
-0.0200854
-0.0271724
-0.0270213
-0.0216548
-0.0186672
-0.0223655
-0.0291898
-0.0316770
-0.0258617
-0.0150425
-0.0071704
-0.0078648
-0.0149413
-0.0208114
-0.0216051
-0.0223705
-0.0305760
-0.0450226
-0.0545179
-0.0492494
-0.0322821
-0.0181026
-0.0190147
-0.0329037
-0.0453184
-0.0447858
-0.0352790
-0.0312188
-0.0402154
-0.0540797
-0.0586510
-0.0498751
-0.0373254
-0.0330157
-0.0395513
-0.0495605
-0.0548841
-0.0548750
-0.0552572
-0.0594462
-0.0631259
-0.0593697
-0.0481110
-0.0376798
-0.0363437
-0.0441638
-0.0537853
-0.0578801
-0.0554977
-0.0522220
-0.0540387
-0.0601175
-0.0625508
-0.0550250
-0.0410226
-0.0310356
-0.0315263
-0.0386690
-0.0435259
-0.0418416
-0.0377207
-0.0379029
-0.0429191
-0.0450269
-0.0364682
-0.0192036
-0.0034912
0.0040951
0.0080462
0.0170916
0.0326751
0.0479338
0.0576701
0.0661543
0.0834358
0.1142562
0.1512646
0.1803122
0.1935365
0.1962001
0.1984900
0.2013663
0.1940776
0.1669309
0.1240240
0.0814084
0.0533607
0.0408574
0.0323635
0.0155319
-0.0111133
-0.0381127
-0.0566390
-0.0679274
-0.0791949
-0.0924995
-0.1019560
-0.1022972
-0.0966118
-0.0936432
-0.0986802
-0.1084163
-0.1148864
-0.1144079
-0.1118267
-0.1142456
-0.1209665
-0.1229921
-0.1139721
-0.0985738
-0.0873619
-0.0854419
-0.0889021
-0.0909961
-0.0889047
-0.0847162
-0.0818759
-0.0810814
-0.0790720
-0.0715576
-0.0571267
-0.0376762
-0.0159364
0.0064114
0.0307945
0.0655298
0.1246636
0.2139827
0.3124666
0.3708640
0.3368669
0.1900904
-0.0403357
-0.2889539
-0.4889218
-0.6047974
-0.6410298
-0.6238879
-0.5768991
-0.5110210
-0.4307340
-0.3424391
-0.2564431
-0.1838962
-0.1318290
-0.0990315
-0.0773440
-0.0590211
-0.0424114
-0.0294906
-0.0199735
-0.0103812
0.0020754
0.0166576
0.0295958
0.0367821
0.0375559
0.0364400
0.0391524
0.0464581
0.0543968
0.0607382
0.0676738
0.0771329
0.0872440
0.0955316
0.1026346
0.1104156
0.1182366
0.1232584
0.1240379
0.1234516
0.1282075
0.1435331
0.1663147
0.1857484
0.1943329
0.1966427
0.2031516
0.2165639
0.2291013
0.2335373
0.2325129
0.2352543
0.2472438
0.2641625
0.2754781
0.2746886
0.2662197
0.2600411
0.2593391
0.2577340
0.2503174
0.2420544
0.2408034
0.2457001
0.2478755
0.2413836
0.2291129
0.2178381
0.2099056
0.2004204
0.1829134
0.1587187
0.1387249
0.1319335
0.1334078
0.1289196
0.1117241
0.0890058
0.0705231
0.0568548
0.0419768
0.0233200
0.0057415
-0.0032039
-0.0010715
0.0052535
0.0044543
-0.0077594
-0.0241714
-0.0359681
-0.0437571
-0.0537366
-0.0657904
-0.0721211
-0.0674896
-0.0557178
-0.0456972
-0.0440292
-0.0506605
-0.0592430
-0.0634857
-0.0646677
-0.0692851
-0.0776402
-0.0806323
-0.0719179
-0.0578914
-0.0502412
-0.0523609
-0.0579763
-0.0602765
-0.0582966
-0.0562884
-0.0590169
-0.0655924
-0.0682552
-0.0615226
-0.0513218
-0.0482592
-0.0523452
-0.0530149
-0.0457135
-0.0396690
-0.0455899
-0.0620053
-0.0769813
-0.0792811
-0.0674413
-0.0523176
-0.0492631
-0.0622633
-0.0780791
-0.0821795
-0.0768372
-0.0756829
-0.0840197
-0.0937850
-0.0959052
-0.0893204
-0.0795691
-0.0750569
-0.0814674
-0.0939142
-0.0995741
-0.0939205
-0.0875450
-0.0904805
-0.0982140
-0.1011270
-0.0990225
-0.0972951
-0.0967087
-0.0956356
-0.0951225
-0.0949391
-0.0926523
-0.0911581
-0.0965076
-0.1046821
-0.1041616
-0.0955406
-0.0925457
-0.0988412
-0.1017243
-0.0947705
-0.0881631
-0.0902509
-0.0973377
-0.1061852
-0.1163200
-0.1177277
-0.1006353
-0.0792579
-0.0774956
-0.0896443
-0.0883949
-0.0726113
-0.0660559
-0.0654671
-0.0418338
-0.0068220
-0.0194467
-0.0970236
