0.0894950
0.1085244
0.1257506
0.1438456
0.1696156
0.2069642
0.2521931
0.2959563
0.3295193
0.3499058
0.3608710
0.3701277
0.3845081
0.4051890
0.4263747
0.4401891
0.4451479
0.4498479
0.4660049
0.4961536
0.5291305
0.5497697
0.5535754
0.5506206
0.5544113
0.5682242
0.5836882
0.5916530
0.5917161
0.5901467
0.5908175
0.5911252
0.5867985
0.5778539
0.5676811
0.5572396
0.5426791
0.5196517
0.4886744
0.4547996
0.4222682
0.3908460
0.3579150
0.3231011
0.2895373
0.2605635
0.2363227
0.2143552
0.1929529
0.1727835
0.1550190
0.1389841
0.1228442
0.1064505
0.0920881
0.0813839
0.0722211
0.0605948
0.0463726
0.0358242
0.0361591
0.0467890
0.0573683
0.0562750
0.0415199
0.0226878
0.0117463
0.0121448
0.0168770
0.0164103
0.0077288
-0.0040397
-0.0115236
-0.0117143
-0.0074355
-0.0039493
-0.0050502
-0.0117161
-0.0227243
-0.0351710
-0.0446130
-0.0465723
-0.0401713
-0.0310886
-0.0293412
-0.0414047
-0.0631338
-0.0815744
-0.0858646
-0.0772294
-0.0676279
-0.0680078
-0.0782265
-0.0887687
-0.0914585
-0.0871355
-0.0828271
-0.0831732
-0.0863402
-0.0879424
-0.0867767
-0.0852522
-0.0851727
-0.0853004
-0.0838859
-0.0822418
-0.0840271
-0.0906912
-0.0987855
-0.1029343
-0.1015041
-0.0984722
-0.0989839
-0.1033060
-0.1060434
-0.1017497
-0.0908241
-0.0793642
-0.0736332
-0.0754570
-0.0826342
-0.0920038
-0.1007312
-0.1056104
-0.1038964
-0.0966101
-0.0899643
-0.0908983
-0.0999092
-0.1094468
-0.1110912
-0.1043104
-0.0968334
-0.0960480
-0.1013094
-0.1056746
-0.1042582
-0.0992120
-0.0963413
-0.0983538
-0.1026375
-0.1051328
-0.1048874
-0.1040660
-0.1041873
-0.1036736
-0.0998066
-0.0926950
-0.0863047
-0.0848260
-0.0880686
-0.0912458
-0.0901996
-0.0868167
-0.0879760
-0.0977380
-0.1108750
-0.1161537
-0.1075461
-0.0915088
-0.0814610
-0.0846685
-0.0956050
-0.1025810
-0.0996062
-0.0906276
-0.0832335
-0.0807102
-0.0812249
-0.0827914
-0.0861000
-0.0918366
-0.0974686
-0.0990421
-0.0959589
-0.0919181
-0.0901328
-0.0888949
-0.0836101
-0.0732648
-0.0633722
-0.0612024
-0.0680058
-0.0767104
-0.0780351
-0.0690395
-0.0553883
-0.0452047
-0.0413882
-0.0406214
-0.0393336
-0.0388841
-0.0436402
-0.0545830
-0.0666723
-0.0736766
-0.0749177
-0.0755432
-0.0793908
-0.0828560
-0.0779322
-0.0620184
-0.0432785
-0.0343796
-0.0403692
-0.0534105
-0.0600516
-0.0536778
-0.0398387
-0.0297130
-0.0286518
-0.0309925
-0.0256517
-0.0064691
0.0226675
0.0518646
0.0734147
0.0865303
0.0959988
0.1078283
0.1256860
0.1492311
0.1739272
0.1926592
0.1995599
0.1941037
0.1814942
0.1677528
0.1537403
0.1347091
0.1064139
0.0709651
0.0356096
0.0061746
-0.0168795
-0.0359792
-0.0521276
-0.0646534
-0.0742325
-0.0837126
-0.0948622
-0.1054541
-0.1111466
-0.1103443
-0.1060814
-0.1025960
-0.1009711
-0.0991847
-0.0959459
-0.0929151
-0.0924769
-0.0941701
-0.0942530
-0.0888235
-0.0772300
-0.0626799
-0.0493366
-0.0378372
-0.0233197
0.0008889
0.0367939
0.0809858
0.1337726
0.2085494
0.3245749
0.4800451
0.6278542
0.6849817
0.5810089
0.3115771
-0.0497856
-0.3948697
-0.6437238
-0.7769338
-0.8195541
-0.8033133
-0.7449852
-0.6523418
-0.5391456
-0.4276450
-0.3369971
-0.2724495
-0.2266320
-0.1894464
-0.1555171
-0.1242897
-0.0970155
-0.0755074
-0.0617761
-0.0557525
-0.0528699
-0.0461152
-0.0324064
-0.0165479
-0.0070517
-0.0069721
-0.0095342
-0.0042528
0.0121960
0.0322111
0.0452758
0.0490664
0.0511702
0.0598019
0.0745900
0.0877144
0.0930854
0.0926331
0.0935214
0.1008666
0.1143431
0.1309725
0.1490020
0.1677848
0.1849908
0.1965455
0.2008746
0.2022782
0.2079608
0.2206507
0.2347478
0.2408311
0.2345181
0.2209369
0.2103268
0.2090124
0.2145453
0.2194302
0.2187532
0.2132011
0.2052099
0.1947072
0.1806805
0.1658232
0.1562789
0.1548357
0.1557645
0.1493280
0.1326956
0.1149291
0.1087197
0.1164352
0.1259293
0.1220102
0.1019922
0.0784965
0.0664479
0.0683791
0.0732140
0.0685286
0.0527013
0.0352296
0.0266689
0.0294474
0.0381199
0.0467002
0.0537603
0.0602651
0.0648216
0.0638828
0.0570453
0.0499898
0.0500157
0.0584692
0.0687902
0.0729633
0.0697687
0.0659448
0.0688270
0.0782754
0.0865337
0.0859696
0.0762773
0.0640566
0.0562926
0.0547981
0.0562388
0.0565583
0.0553879
0.0565752
0.0640820
0.0766783
0.0868450
0.0859836
0.0717112
0.0504512
0.0327866
0.0257029
0.0283051
0.0339918
0.0362134
0.0324641
0.0241785
0.0147899
0.0086185
0.0097830
0.0192221
0.0317521
0.0378749
0.0310343
0.0140930
-0.0020587
-0.0075735
-0.0022105
0.0049986
0.0049272
-0.0028275
-0.0106736
-0.0121679
-0.0089011
-0.0073373
-0.0100299
-0.0120306
-0.0062474
0.0092943
0.0304076
0.0515127
0.0694848
0.0830214
0.0910697
0.0947002
0.1001471
0.1164445
0.1471336
0.1850348
0.2174194
0.2354153
0.2344911
0.2051947
0.1302831
0.0003139
-0.1653438
-0.3202760
-0.4247784
-0.4839193
-0.5494670
-0.6763482
-0.8705311
-1.0772890
-1.2212352
-1.2605716
-1.2085353
-1.1116069
-1.0137677
-0.9387829
-0.8944005
-0.8806791
-0.8900653
-0.9047656
-0.9025122
-0.8701238
-0.8120026
-0.7438251
-0.6769811
-0.6090943
-0.5291668
-0.4307577
-0.3198371
-0.2109828
-0.1169204
-0.0410612
0.0214240
0.0764370
0.1253916
0.1666615
0.2012060
0.2344227
0.2711324
0.3097676
0.3433413
0.3665432
0.3810642
0.3938116
0.4110279
0.4350132
0.4654872
0.5012969
0.5387095
0.5694353
0.5846537
0.5840002
0.5791152
0.5844920
0.6033068
0.6240625
0.6328982
0.6284402
0.6229535
0.6290058
0.6465655
0.6639271
0.6699568
0.6633519
0.6498024
0.6330935
0.6124042
0.5879052
0.5645092
0.5465844
0.5305198
0.5068640
0.4715221
0.4324320
0.4022339
0.3842825
0.3681973
0.3408718
0.3010357
0.2608216
0.2324203
0.2151979
0.1978180
0.1718038
0.1400614
0.1117030
0.0915986
0.0774007
0.0651425
0.0540911
0.0449462
0.0358047
0.0231882
0.0077078
-0.0037603
-0.0044192
0.0038073
0.0105557
0.0077516
-0.0012986
-0.0058181
-0.0001792
0.0098779
0.0144293
0.0106409
0.0048380
0.0041028
0.0082956
0.0115458
0.0100718
0.0059706
0.0028456
0.0003513
-0.0041836
-0.0096539
-0.0105330
-0.0041898
0.0035068
0.0030385
-0.0082917
-0.0228528
-0.0304103
-0.0282079
-0.0226345
-0.0217871
-0.0276595
-0.0356623
-0.0403828
-0.0404017
-0.0378729
-0.0355260
-0.0353540
-0.0387054
-0.0452097
-0.0516119
-0.0540014
-0.0524951
-0.0524883
-0.0595568
-0.0728654
-0.0843652
-0.0852672
-0.0740707
-0.0588322
-0.0512953
-0.0576544
-0.0738341
-0.0890757
-0.0942781
-0.0882189
-0.0775095
-0.0708904
-0.0719987
-0.0763207
-0.0756841
-0.0666952
-0.0544374
-0.0471944
-0.0481545
-0.0533551
-0.0572906
-0.0588537
-0.0610580
-0.0660870
-0.0723818
-0.0771796
-0.0805364
-0.0846410
-0.0887764
-0.0876074
-0.0773658
-0.0631105
-0.0563020
-0.0632033
-0.0773640
-0.0859954
-0.0836807
-0.0778200
-0.0794405
-0.0895712
-0.0966560
-0.0885963
-0.0665529
-0.0449425
-0.0372650
-0.0435601
-0.0529651
-0.0568332
-0.0565623
-0.0585955
-0.0647351
-0.0696920
-0.0675403
-0.0584352
-0.0477754
-0.0394641
-0.0317751
-0.0207045
-0.0059485
0.0086885
0.0207927
0.0327912
0.0485120
0.0678732
0.0870444
0.1035361
0.1192735
0.1377883
0.1588397
0.1763036
0.1816042
0.1697285
0.1426013
0.1072054
0.0707274
0.0369845
0.0059846
-0.0241948
-0.0544111
-0.0820209
-0.1017968
-0.1107986
-0.1125312
-0.1149122
-0.1233430
-0.1362346
-0.1475440
-0.1531685
-0.1547371
-0.1576325
-0.1653146
-0.1750307
-0.1790313
-0.1707178
-0.1505402
-0.1267135
-0.1102956
-0.1079051
-0.1165450
-0.1248202
-0.1217206
-0.1068486
-0.0915188
-0.0872464
-0.0919946
-0.0888950
-0.0599693
-0.0010828
0.0779703
0.1687012
0.2761504
0.4090297
0.5519262
0.6493378
0.6279151
0.4473132
0.1373160
-0.2133861
-0.5088904
-0.6959835
-0.7761123
-0.7800570
-0.7360005
-0.6586646
-0.5592013
-0.4545994
-0.3626132
-0.2905950
-0.2343290
-0.1881092
-0.1522608
-0.1291537
-0.1149283
-0.0995006
-0.0762829
-0.0503383
-0.0344431
-0.0358305
-0.0476053
-0.0547169
-0.0483377
-0.0330002
-0.0197291
-0.0144685
-0.0144079
-0.0134087
-0.0080624
0.0015460
0.0143886
0.0297013
0.0457166
0.0588639
0.0662822
0.0698557
0.0760649
0.0894959
0.1066822
0.1188957
0.1222593
0.1234514
0.1335109
0.1562099
0.1837928
0.2045377
0.2138972
0.2175895
0.2239403
0.2345870
0.2442295
0.2487364
0.2502914
0.2528751
0.2553132
0.2525000
0.2432708
0.2335723
0.2299794
0.2315593
0.2301301
0.2187764
0.1992709
0.1804704
0.1693234
0.1639272
0.1559072
0.1391586
0.1153606
0.0913955
0.0730330
0.0613917
0.0536496
0.0457189
0.0348743
0.0209667
0.0054506
-0.0103110
-0.0251217
-0.0372253
-0.0456266
-0.0524442
-0.0616697
-0.0740124
-0.0843150
-0.0862000
-0.0794180
-0.0712056
-0.0694341
-0.0746658
-0.0798618
-0.0783682
-0.0712413
-0.0652888
-0.0645429
-0.0663819
-0.0668308
-0.0663959
-0.0675112
-0.0679510
-0.0612171
-0.0448240
-0.0256921
-0.0150848
-0.0183098
-0.0300686
-0.0397173
-0.0407380
-0.0353509
-0.0307030
-0.0315353
-0.0367455
-0.0416766
-0.0421249
-0.0367520
-0.0278896
-0.0206435
-0.0195292
-0.0248561
-0.0329179
-0.0396378
-0.0429334
-0.0422125
-0.0384403
-0.0358243
-0.0407310
-0.0557386
-0.0746749
-0.0857810
-0.0816472
-0.0665097
-0.0531910
-0.0518624
-0.0613151
-0.0714041
-0.0735127
-0.0673200
-0.0578365
-0.0489956
-0.0420370
-0.0375249
-0.0350578
-0.0310789
-0.0203032
-0.0010493
0.0219905
0.0416074
0.0548606
0.0659506
0.0821757
0.1063430
0.1327970
0.1514808
0.1562822
0.1491679
0.1366770
0.1237246
0.1107294
0.0947793
0.0724351
0.0424788
0.0072036
-0.0288952
-0.0616591
-0.0883951
-0.1078467
-0.1210272
-0.1316381
-0.1430374
-0.1538118
-0.1582139
-0.1525985
-0.1409314
-0.1329628
-0.1366563
-0.1518522
-0.1704779
-0.1829629
-0.1852063
-0.1799211
-0.1722802
-0.1659034
-0.1627653
-0.1635310
-0.1652390
-0.1606671
-0.1443639
-0.1205933
-0.1025329
-0.1002232
-0.1080064
-0.1051522
-0.0719664
-0.0073291
0.0715998
0.1504427
0.2364250
0.3476906
0.4769943
0.5689204
0.5443504
0.3593550
0.0472175
-0.2959449
-0.5708776
-0.7297485
-0.7841496
-0.7713899
-0.7194501
-0.6407362
-0.5460610
-0.4514117
-0.3690935
-0.2995758
-0.2371893
-0.1816164
-0.1398710
-0.1172010
-0.1090226
-0.1036607
-0.0928431
-0.0783453
-0.0674663
-0.0628017
-0.0586061
-0.0477489
-0.0300310
-0.0120141
-0.0001361
0.0042227
0.0040568
0.0034091
0.0047455
0.0083476
0.0138729
0.0220474
0.0335052
0.0461102
0.0560054
0.0628750
0.0723315
0.0906823
0.1173921
0.1440394
0.1613426
0.1677206
0.1714944
0.1838122
0.2077576
0.2346266
0.2525748
0.2588131
0.2616618
0.2709830
0.2888536
0.3097133
0.3268938
0.3373890
0.3416923
0.3411609
0.3365945
0.3294075
0.3227035
0.3185043
0.3132802
0.2993572
0.2736065
0.2432511
0.2199513
0.2081216
0.2009443
0.1876625
0.1632145
0.1311404
0.0989952
0.0716365
0.0485113
0.0270354
0.0074720
-0.0072058
-0.0159068
-0.0213372
-0.0265554
-0.0318645
-0.0364589
-0.0413145
-0.0485345
-0.0582909
-0.0674274
-0.0713991
-0.0685331
-0.0632713
-0.0635108
-0.0720218
-0.0812227
-0.0798530
-0.0655311
-0.0481138
-0.0396457
-0.0429408
-0.0508229
-0.0545138
-0.0511922
-0.0443417
-0.0386821
-0.0361264
-0.0366951
-0.0408582
-0.0473851
-0.0492842
-0.0373015
-0.0110393
0.0165217
0.0301147
0.0270172
0.0175818
0.0119307
0.0101781
0.0066155
-0.0006075
-0.0088513
-0.0213146
-0.0541380
-0.1258012
-0.2347131
-0.3512231
-0.4409351
-0.4999941
-0.5633108
-0.6729959
-0.8373435
-1.0192857
-1.1613769
-1.2221414
-1.1961072
-1.1094478
-1.0018580
-0.9095980
-0.8557731
-0.8448101
-0.8604787
-0.8736586
-0.8603179
-0.8155839
-0.7501775
-0.6750466
-0.5922176
-0.4986129
-0.3936489
-0.2818191
-0.1711008
-0.0708229
0.0105890
0.0685756
0.1053674
0.1307959
0.1578134
0.1928352
0.2297161
0.2571657
0.2739010
0.2926189
0.3258783
0.3708751
0.4119528
0.4370106
0.4484301
0.4582473
0.4750614
0.4966015
0.5146510
0.5262269
0.5377098
0.5566469
0.5821688
0.6070483
0.6274956
0.6461026
0.6653065
0.6831133
0.6970585
0.7085729
0.7207342
0.7333337
0.7420196
0.7422834
0.7345375
0.7254071
0.7220143
0.7233747
0.7193938
0.7004940
0.6665466
0.6246669
0.5811753
0.5387553
0.4987022
0.4613722
0.4250288
0.3877790
0.3509202
0.3183553
0.2925017
0.2713749
0.2492094
0.2207466
0.1873049
0.1579628
0.1408879
0.1331747
0.1235742
0.1063667
0.0879876
0.0778781
0.0770502
0.0788722
0.0782878
0.0767205
0.0783938
0.0836034
0.0864107
0.0803398
0.0669650
0.0559028
0.0537156
0.0559955
0.0545414
0.0493550
0.0475412
0.0514941
0.0545536
0.0496590
0.0380118
0.0274271
0.0241309
0.0266668
0.0269652
0.0185145
0.0042929
-0.0056253
-0.0053041
0.0012271
0.0061920
0.0056726
-0.0006660
-0.0118389
-0.0236201
-0.0288306
-0.0245777
-0.0171648
-0.0161933
-0.0248834
-0.0377313
-0.0458128
-0.0439078
-0.0353966
-0.0305577
-0.0366869
-0.0497111
-0.0589750
-0.0596629
-0.0563236
-0.0552664
-0.0588157
-0.0663510
-0.0749741
-0.0788418
-0.0735155
-0.0620741
-0.0527313
-0.0500505
-0.0518536
-0.0538281
-0.0535460
-0.0513229
-0.0505065
-0.0548128
-0.0621672
-0.0643509
-0.0564886
-0.0434785
-0.0333809
-0.0284559
-0.0263722
-0.0251956
-0.0224382
-0.0140284
0.0003861
0.0149632
0.0253497
0.0356884
0.0541373
0.0837992
0.1191875
0.1473901
0.1528609
0.1286114
0.0853756
0.0439213
0.0164362
0.0002711
-0.0115038
-0.0220166
-0.0330180
-0.0455787
-0.0560297
-0.0589390
-0.0558760
-0.0546161
-0.0592222
-0.0671284
-0.0749180
-0.0804904
-0.0819168
-0.0811646
-0.0854919
-0.0975401
-0.1084260
-0.1090090
-0.1031620
-0.1010726
-0.1045959
-0.1082075
-0.1089669
-0.1068493
-0.1013699
-0.0961568
-0.0995134
-0.1118819
-0.1204519
-0.1143029
-0.0969193
-0.0775596
-0.0607890
-0.0502708
-0.0492156
-0.0494257
-0.0340480
0.0006249
0.0403367
0.0774124
0.1256742
0.2042349
0.3189482
0.4575467
0.5793343
0.6099118
0.4815078
0.1974255
-0.1599638
-0.4906070
-0.7291379
-0.8489865
-0.8600551
-0.8102128
-0.7477930
-0.6713652
-0.5539995
-0.4171834
-0.3219008
-0.2721648
-0.1958664
-0.0576889
