0.0306074
0.0420567
0.0153312
-0.0127605
-0.0230907
-0.0281656
-0.0380215
-0.0473021
-0.0536567
-0.0604326
-0.0613407
-0.0458464
-0.0197178
-0.0004350
0.0071170
0.0130428
0.0224192
0.0295094
0.0307149
0.0284759
0.0235471
0.0165285
0.0150045
0.0261255
0.0431263
0.0508005
0.0442247
0.0330908
0.0283223
0.0315808
0.0362669
0.0332876
0.0190721
0.0026910
-0.0000312
0.0149024
0.0321174
0.0336234
0.0182213
-0.0009311
-0.0124791
-0.0145992
-0.0113904
-0.0078449
-0.0058209
-0.0012866
0.0111989
0.0288427
0.0402278
0.0381135
0.0290451
0.0272299
0.0412418
0.0677676
0.0958937
0.1190007
0.1481207
0.2131582
0.3424448
0.5341191
0.7453917
0.9074864
0.9521059
0.8373272
0.5694566
0.2106177
-0.1421617
-0.4009824
-0.5260019
-0.5343106
-0.4770581
-0.4028976
-0.3328243
-0.2631397
-0.1889061
-0.1200143
-0.0729150
-0.0520882
-0.0452357
-0.0352217
-0.0134380
0.0160368
0.0410081
0.0509403
0.0461618
0.0378163
0.0370514
0.0445550
0.0512270
0.0478451
0.0341299
0.0205129
0.0204393
0.0370817
0.0571136
0.0619415
0.0470985
0.0273352
0.0205734
0.0294744
0.0408303
0.0411873
0.0310576
0.0239995
0.0317199
0.0497595
0.0599187
0.0492025
0.0245733
0.0053804
0.0020054
0.0058935
0.0011105
-0.0175181
-0.0391193
-0.0481306
-0.0404528
-0.0287850
-0.0308970
-0.0516930
-0.0784316
-0.0948879
-0.0982404
-0.1001576
-0.1131216
-0.1380172
-0.1640926
-0.1792597
-0.1812644
-0.1799907
-0.1879110
-0.2077674
-0.2311925
-0.2495549
-0.2631822
-0.2782660
-0.2971190
-0.3141477
-0.3210846
-0.3151528
-0.3024070
-0.2928656
-0.2910932
-0.2916569
-0.2852333
-0.2689085
-0.2489042
-0.2335674
-0.2253125
-0.2187146
-0.2044791
-0.1762993
-0.1370990
-0.0990746
-0.0748641
-0.0668108
-0.0652337
-0.0576381
-0.0399073
-0.0197142
-0.0094731
-0.0141671
-0.0248481
-0.0260023
-0.0113375
0.0090559
0.0193399
0.0147672
0.0057542
0.0055255
0.0157719
0.0254458
0.0233782
0.0114814
0.0042041
0.0135773
0.0356021
0.0537556
0.0561537
0.0470943
0.0411698
0.0481264
0.0643734
0.0775832
0.0786792
0.0706971
0.0665751
0.0769286
0.0993557
0.1207770
0.1304030
0.1289097
0.1244596
0.1214165
0.1147212
0.0958920
0.0643894
0.0319977
0.0139868
0.0150588
0.0253133
0.0308347
0.0265976
0.0179865
0.0121813
0.0109219
0.0106887
0.0069513
-0.0021953
-0.0146317
-0.0255934
-0.0313453
-0.0321555
-0.0316214
-0.0330346
-0.0361266
-0.0370838
-0.0326021
-0.0249939
-0.0220032
-0.0287623
-0.0398346
-0.0425371
-0.0303225
-0.0112751
-0.0009623
-0.0068117
-0.0207822
-0.0279134
-0.0216997
-0.0102274
-0.0062933
-0.0119749
-0.0153663
-0.0040304
0.0203247
0.0432807
0.0530565
0.0516299
0.0502781
0.0564408
0.0661649
0.0683352
0.0554654
0.0311299
0.0077960
-0.0026718
0.0026023
0.0166736
0.0287430
0.0317481
0.0267282
0.0209545
0.0204722
0.0236452
0.0233973
0.0166198
0.0094495
0.0110694
0.0227074
0.0346389
0.0350187
0.0216787
0.0049700
-0.0018774
0.0038879
0.0113237
0.0074134
-0.0080934
-0.0211477
-0.0175681
0.0021077
0.0226305
0.0286358
0.0192442
0.0085340
0.0112319
0.0275190
0.0427746
0.0432813
0.0313598
0.0233786
0.0327754
0.0561497
0.0762300
0.0778987
0.0615924
0.0419387
0.0334908
0.0375660
0.0431465
0.0402971
0.0313875
0.0285217
0.0408962
0.0653082
0.0881225
0.0959522
0.0857786
0.0662158
0.0488178
0.0375416
0.0270276
0.0113833
-0.0066029
-0.0165473
-0.0111539
0.0047804
0.0170595
0.0149491
0.0016477
-0.0092321
-0.0084307
-0.0008834
0.0009215
-0.0076845
-0.0176463
-0.0161480
-0.0001809
0.0211924
0.0366654
0.0428841
0.0449166
0.0481633
0.0514190
0.0487281
0.0375040
0.0232326
0.0152419
0.0182665
0.0284511
0.0368244
0.0363902
0.0272377
0.0161295
0.0106993
0.0129331
0.0181396
0.0204915
0.0192314
0.0193432
0.0266729
0.0422304
0.0601526
0.0712312
0.0702631
0.0611549
0.0536344
0.0533053
0.0553622
0.0499692
0.0346563
0.0200462
0.0208183
0.0395389
0.0608034
0.0646161
0.0469449
0.0247764
0.0183477
0.0295839
0.0411939
0.0371045
0.0204256
0.0092359
0.0165384
0.0372311
0.0549344
0.0591557
0.0536468
0.0485623
0.0474332
0.0442567
0.0325701
0.0145552
0.0000979
-0.0017241
0.0103471
0.0291379
0.0438091
0.0469750
0.0400388
0.0319131
0.0306367
0.0352038
0.0364683
0.0271629
0.0108957
0.0000745
0.0038085
0.0179610
0.0284982
0.0254993
0.0129153
0.0033507
0.0040884
0.0101646
0.0113062
0.0039015
-0.0049310
-0.0045858
0.0081368
0.0250033
0.0334906
0.0289750
0.0197432
0.0184730
0.0281752
0.0381074
0.0355562
0.0216257
0.0129487
0.0250352
0.0537771
0.0766496
0.0754914
0.0572064
0.0477838
0.0645359
0.0990064
0.1333621
0.1736083
0.2588211
0.4268584
0.6632720
0.8832962
0.9718857
0.8559502
0.5531559
0.1604303
-0.2052234
-0.4663726
-0.6063685
-0.6500861
-0.6310107
-0.5717505
-0.4850926
-0.3838263
-0.2842435
-0.1997642
-0.1339837
-0.0826258
-0.0421753
-0.0144981
-0.0021144
-0.0006520
0.0013805
0.0137223
0.0351303
0.0539870
0.0594736
0.0525975
0.0453107
0.0480892
0.0591152
0.0666356
0.0616468
0.0473980
0.0364459
0.0388406
0.0529084
0.0669149
0.0697269
0.0604268
0.0480430
0.0423283
0.0450277
0.0495998
0.0485188
0.0408230
0.0333709
0.0347255
0.0466411
0.0610800
0.0668191
0.0602379
0.0492326
0.0452818
0.0512858
0.0580462
0.0538537
0.0378769
0.0230002
0.0236075
0.0399315
0.0558771
0.0538324
0.0312316
0.0012980
-0.0219946
-0.0375821
-0.0552456
-0.0816566
-0.1108691
-0.1298154
-0.1327672
-0.1289233
-0.1344026
-0.1567164
-0.1881321
-0.2146266
-0.2301753
-0.2411100
-0.2569314
-0.2782834
-0.2948631
-0.2953624
-0.2793937
-0.2590607
-0.2478279
-0.2475917
-0.2475151
-0.2360919
-0.2135590
-0.1913261
-0.1792313
-0.1745511
-0.1647861
-0.1415038
-0.1102983
-0.0855209
-0.0751331
-0.0727615
-0.0662045
-0.0521958
-0.0396676
-0.0378793
-0.0441799
-0.0461905
-0.0355904
-0.0172562
-0.0035216
-0.0006904
-0.0033788
-0.0025594
0.0030572
0.0061968
0.0012810
-0.0073566
-0.0094641
-0.0000719
0.0151333
0.0254820
0.0249009
0.0156177
0.0038191
-0.0069517
-0.0178797
-0.0310716
-0.0445822
-0.0520519
-0.0478205
-0.0326336
-0.0143267
-0.0024170
-0.0009268
-0.0057200
-0.0092959
-0.0088650
-0.0090377
-0.0152710
-0.0251608
-0.0286844
-0.0187142
-0.0002477
0.0130042
0.0120239
0.0015004
-0.0057258
-0.0030632
0.0025332
-0.0010343
-0.0160913
-0.0311622
-0.0332758
-0.0229873
-0.0148997
-0.0227835
-0.0454046
-0.0678070
-0.0759768
-0.0694981
-0.0599696
-0.0579136
-0.0622183
-0.0627602
-0.0526186
-0.0363738
-0.0258559
-0.0284008
-0.0400022
-0.0498141
-0.0507646
-0.0454844
-0.0419696
-0.0439869
-0.0467958
-0.0430457
-0.0321505
-0.0222073
-0.0221394
-0.0330423
-0.0481219
-0.0602779
-0.0681726
-0.0745573
-0.0801681
-0.0814067
-0.0749927
-0.0637647
-0.0556647
-0.0560539
-0.0623658
-0.0680005
-0.0710437
-0.0770186
-0.0917876
-0.1125258
-0.1273808
-0.1252561
-0.1063482
-0.0828015
-0.0684022
-0.0672469
-0.0723958
-0.0749831
-0.0733313
-0.0724969
-0.0759996
-0.0800054
-0.0767677
-0.0634382
-0.0462917
-0.0351823
-0.0337131
-0.0358960
-0.0334052
-0.0253983
-0.0194318
-0.0222257
-0.0310456
-0.0356961
-0.0288048
-0.0131313
0.0013278
0.0065927
0.0027688
-0.0041193
-0.0089551
-0.0117661
-0.0160883
-0.0242727
-0.0343747
-0.0407741
-0.0380105
-0.0257305
-0.0109435
-0.0040344
-0.0103450
-0.0253990
-0.0397485
-0.0487682
-0.0561689
-0.0670736
-0.0793637
-0.0845354
-0.0777610
-0.0650621
-0.0581613
-0.0622261
-0.0708750
-0.0745851
-0.0722743
-0.0717080
-0.0782839
-0.0863867
-0.0843794
-0.0676005
-0.0443054
-0.0279255
-0.0242473
-0.0269359
-0.0253873
-0.0161890
-0.0062921
-0.0048695
-0.0125117
-0.0191023
-0.0128667
0.0081033
0.0329985
0.0470078
0.0435641
0.0286040
0.0129884
0.0013480
-0.0103955
-0.0264054
-0.0422534
-0.0479248
-0.0399848
-0.0280734
-0.0263585
-0.0383234
-0.0523242
-0.0541471
-0.0431658
-0.0333477
-0.0369391
-0.0492802
-0.0531119
-0.0382325
-0.0135401
0.0031609
0.0058536
0.0072216
0.0241665
0.0601563
0.1066808
0.1631087
0.2503389
0.3965679
0.6020803
0.8150511
0.9454750
0.9131423
0.6970076
0.3516532
-0.0196602
-0.3170524
-0.4884715
-0.5410306
-0.5172191
-0.4580560
-0.3818030
-0.2900222
-0.1874779
-0.0920851
-0.0246967
0.0088453
0.0227025
0.0366755
0.0573290
0.0744350
0.0756929
0.0628583
0.0517026
0.0565070
0.0759389
0.0944698
0.0970440
0.0824352
0.0633633
0.0543915
0.0593165
0.0692138
0.0718984
0.0632615
0.0501390
0.0430668
0.0466546
0.0566665
0.0655739
0.0698472
0.0712041
0.0715769
0.0690920
0.0606576
0.0477787
0.0375880
0.0369180
0.0458104
0.0573458
0.0634502
0.0608169
0.0524250
0.0446326
0.0424233
0.0457083
0.0492028
0.0468172
0.0378799
0.0293784
0.0304265
0.0427616
0.0569328
0.0597202
0.0464740
0.0255857
0.0099787
0.0044210
0.0016899
-0.0091944
-0.0316347
-0.0579694
-0.0764440
-0.0817958
-0.0798876
-0.0822158
-0.0952124
-0.1144315
-0.1295071
-0.1350981
-0.1363980
-0.1428882
-0.1565169
-0.1672322
-0.1616419
-0.1363804
-0.1021757
-0.0744188
-0.0602813
-0.0549329
-0.0485274
-0.0352465
-0.0165581
0.0015823
0.0137031
0.0189385
0.0222122
0.0306918
0.0469149
0.0647355
0.0735241
0.0678727
0.0529766
0.0394209
0.0326744
0.0288796
0.0213729
0.0098114
0.0010314
0.0010361
0.0078174
0.0128559
0.0089629
-0.0035159
-0.0167699
-0.0208308
-0.0105907
0.0096951
0.0286091
0.0367589
0.0358019
0.0375459
0.0519770
0.0757048
0.0938798
0.0948732
0.0823244
0.0711503
0.0717637
0.0799291
0.0828672
0.0738045
0.0589345
0.0507677
0.0563268
0.0715871
0.0853845
0.0880498
0.0782290
0.0633522
0.0529133
0.0493123
0.0449691
0.0302649
0.0055300
-0.0163093
-0.0215972
-0.0110780
-0.0012672
-0.0088652
-0.0340917
-0.0607142
-0.0723064
-0.0671051
-0.0571068
-0.0549113
-0.0627249
-0.0722937
-0.0728715
-0.0595728
-0.0369381
-0.0159933
-0.0061248
-0.0073140
-0.0102129
-0.0055905
0.0057898
0.0143182
0.0136741
0.0101015
0.0166287
0.0376396
0.0619809
0.0736575
0.0682168
0.0561191
0.0501972
0.0525630
0.0549942
0.0498527
0.0380412
0.0269641
0.0234156
0.0290413
0.0401295
0.0495787
0.0504376
0.0409725
0.0273779
0.0189605
0.0181049
0.0161130
0.0022633
-0.0221983
-0.0420178
-0.0426843
-0.0265546
-0.0116156
-0.0133213
-0.0292398
-0.0429035
-0.0417290
-0.0292199
-0.0193566
-0.0207510
-0.0278144
-0.0271151
-0.0110562
0.0150179
0.0380559
0.0486354
0.0477813
0.0440097
0.0442792
0.0475879
0.0472568
0.0394364
0.0287567
0.0246272
0.0317235
0.0448251
0.0536078
0.0523031
0.0443406
0.0379306
0.0378126
0.0413479
0.0419408
0.0357729
0.0256097
0.0187633
0.0212163
0.0326128
0.0461267
0.0536924
0.0525030
0.0467734
0.0426989
0.0416483
0.0389943
0.0298515
0.0151256
0.0012424
-0.0055898
-0.0042640
0.0011793
0.0048817
0.0027261
-0.0052593
-0.0144450
-0.0186110
-0.0158217
-0.0117923
-0.0151102
-0.0269853
-0.0369033
-0.0318330
-0.0111817
0.0096917
0.0138256
0.0005463
-0.0131812
-0.0102086
0.0094279
0.0297475
0.0361841
0.0296730
0.0235191
0.0285257
0.0428416
0.0554469
0.0572555
0.0480705
0.0345610
0.0237217
0.0182808
0.0162888
0.0134721
0.0065786
-0.0037318
-0.0124441
-0.0135562
-0.0054909
0.0061471
0.0119951
0.0066557
-0.0061060
-0.0164226
-0.0177431
-0.0134277
-0.0130111
-0.0212476
-0.0316511
-0.0322854
-0.0182850
0.0022606
0.0155674
0.0149549
0.0059937
-0.0004122
0.0012630
0.0075209
0.0111819
0.0086427
0.0022996
-0.0020736
0.0005733
0.0113239
0.0259107
0.0367877
0.0388596
0.0344404
0.0314097
0.0348561
0.0407909
0.0398159
0.0278848
0.0124958
0.0067252
0.0165973
0.0348016
0.0473142
0.0462813
0.0366334
0.0306259
0.0360274
0.0489239
0.0574641
0.0532436
0.0401915
0.0323432
0.0414916
0.0657224
0.0900524
0.0990052
0.0890631
0.0694274
0.0518455
0.0406041
0.0315221
0.0183770
-0.0009262
-0.0231089
-0.0420572
-0.0524343
-0.0531431
-0.0491466
-0.0488764
-0.0572225
-0.0701973
-0.0782221
-0.0762445
-0.0696941
-0.0684266
-0.0746967
-0.0793198
-0.0715076
-0.0518380
-0.0335088
-0.0298128
-0.0410100
-0.0543284
-0.0566271
-0.0462673
-0.0325192
-0.0243171
-0.0206090
-0.0118855
0.0092268
0.0390770
0.0645306
0.0736996
0.0660133
0.0521907
0.0439622
0.0432648
0.0414421
0.0292387
0.0074755
-0.0125390
-0.0194344
-0.0126432
-0.0029498
-0.0023820
-0.0135189
-0.0283205
-0.0367621
-0.0362179
-0.0327764
-0.0342353
-0.0422599
-0.0510439
-0.0531423
-0.0466871
-0.0373105
-0.0330495
-0.0370060
-0.0448750
-0.0499616
-0.0506645
-0.0523202
-0.0607592
-0.0739039
-0.0806442
-0.0692866
-0.0379803
0.0028318
0.0381396
0.0589097
0.0664703
0.0686293
0.0726156
0.0808118
0.0911801
0.1005628
0.1079514
0.1153235
0.1252823
0.1376216
0.1488444
0.1563592
0.1638507
0.1823318
0.2257795
0.3056063
0.4269934
0.5841045
0.7510114
0.8751962
0.8888127
0.7432496
0.4477894
0.0789083
-0.2556205
-0.4754613
-0.5651006
-0.5637545
-0.5227727
-0.4697002
-0.4046887
-0.3216703
-0.2276008
-0.1423219
-0.0837963
-0.0552979
-0.0453791
-0.0385250
-0.0267511
-0.0134044
-0.0069113
-0.0100159
-0.0145073
-0.0076420
0.0147563
0.0420006
0.0574299
0.0549890
0.0461775
0.0488588
0.0688815
0.0940147
0.1068407
0.1026898
0.0934508
0.0939494
0.1064307
0.1195652
0.1215149
0.1118305
0.1001147
0.0949150
0.0958719
0.0964871
0.0925572
0.0864932
0.0838764
0.0870405
0.0922974
0.0927577
0.0837569
0.0666429
0.0482530
0.0360229
0.0318982
0.0304180
0.0240277
0.0116048
0.0011507
0.0021117
0.0142208
0.0253722
0.0224507
0.0043236
-0.0174761
-0.0316912
-0.0395088
-0.0519645
-0.0755316
-0.1028143
-0.1195407
-0.1200408
-0.1134470
-0.1136740
-0.1249410
-0.1392148
-0.1475236
-0.1510187
-0.1587072
-0.1750710
-0.1927865
-0.1995504
-0.1913158
-0.1767137
-0.1676270
-0.1666878
-0.1656948
-0.1562796
-0.1404075
-0.1289152
-0.1299583
-0.1401964
-0.1479327
-0.1441938
-0.1299547
-0.1131305
-0.1001918
-0.0916097
