0.1033698
0.1409407
0.1427306
0.1259436
0.1113779
0.1069797
0.1107211
0.1152620
0.1116356
0.0995787
0.0923087
0.1011711
0.1181305
0.1239098
0.1119894
0.0944177
0.0842486
0.0820660
0.0815163
0.0800232
0.0803700
0.0854530
0.0931199
0.0944933
0.0788950
0.0435791
-0.0024688
-0.0466401
-0.0832745
-0.1164668
-0.1584683
-0.2281201
-0.3423079
-0.4983249
-0.6654297
-0.8031198
-0.8934989
-0.9552153
-1.0239841
-1.1173729
-1.2147295
-1.2695314
-1.2449674
-1.1435752
-1.0063315
-0.8847326
-0.8121815
-0.7943197
-0.8158002
-0.8520535
-0.8802005
-0.8863417
-0.8659270
-0.8192180
-0.7489923
-0.6618066
-0.5663599
-0.4673217
-0.3626342
-0.2495193
-0.1326449
-0.0246168
0.0622632
0.1249338
0.1703975
0.2071323
0.2360752
0.2521803
0.2550076
0.2536317
0.2578487
0.2676301
0.2764677
0.2843365
0.3013398
0.3355154
0.3801669
0.4176730
0.4368827
0.4446901
0.4579475
0.4837800
0.5109825
0.5238877
0.5228344
0.5254921
0.5463806
0.5798134
0.6071375
0.6183376
0.6214942
0.6305769
0.6482399
0.6640348
0.6687315
0.6667331
0.6713772
0.6886375
0.7093791
0.7201570
0.7190064
0.7162845
0.7203769
0.7273128
0.7268281
0.7158587
0.7025352
0.6966783
0.6982148
0.6961518
0.6789926
0.6455418
0.6048019
0.5658524
0.5298328
0.4925804
0.4527071
0.4141180
0.3806908
0.3508781
0.3190232
0.2818163
0.2428810
0.2101925
0.1880352
0.1719309
0.1533892
0.1301658
0.1096206
0.1001233
0.1005036
0.1004762
0.0916186
0.0760380
0.0631170
0.0585574
0.0583312
0.0543804
0.0452034
0.0381470
0.0399940
0.0476418
0.0512854
0.0462602
0.0380764
0.0343599
0.0347664
0.0320308
0.0223818
0.0117249
0.0094411
0.0168064
0.0240381
0.0205394
0.0070530
-0.0050585
-0.0072652
-0.0038384
-0.0059226
-0.0171291
-0.0285144
-0.0288388
-0.0176316
-0.0061625
-0.0058636
-0.0172524
-0.0308944
-0.0383179
-0.0400847
-0.0423106
-0.0472345
-0.0504067
-0.0476441
-0.0417048
-0.0394569
-0.0434259
-0.0488713
-0.0500722
-0.0479037
-0.0492627
-0.0584926
-0.0706424
-0.0752861
-0.0678549
-0.0557053
-0.0510789
-0.0584083
-0.0703731
-0.0765479
-0.0738432
-0.0672311
-0.0616796
-0.0556679
-0.0433567
-0.0221812
0.0030290
0.0239747
0.0361578
0.0410934
0.0416077
0.0370879
0.0250035
0.0062028
-0.0134410
-0.0274843
-0.0345416
-0.0392292
-0.0475940
-0.0612765
-0.0758734
-0.0853762
-0.0884105
-0.0894476
-0.0933871
-0.0997286
-0.1032626
-0.1005989
-0.0950240
-0.0939137
-0.1010804
-0.1124254
-0.1204003
-0.1228685
-0.1256230
-0.1343655
-0.1455406
-0.1485780
-0.1384674
-0.1235223
-0.1176543
-0.1250839
-0.1352812
-0.1347085
-0.1225617
-0.1124905
-0.1176004
-0.1352224
-0.1489222
-0.1457874
-0.1294022
-0.1143940
-0.1103092
-0.1138566
-0.1164800
-0.1156254
-0.1158031
-0.1199804
-0.1235841
-0.1189161
-0.1040685
-0.0847672
-0.0668883
-0.0497684
-0.0291621
-0.0045552
0.0217828
0.0546471
0.1087389
0.1921520
0.2821601
0.3213799
0.2484743
0.0441482
-0.2459169
-0.5332664
-0.7380258
-0.8291943
-0.8259489
-0.7675388
-0.6829067
-0.5829672
-0.4723964
-0.3618377
-0.2672366
-0.1994110
-0.1565778
-0.1280377
-0.1047486
-0.0853137
-0.0718396
-0.0624179
-0.0507030
-0.0333861
-0.0155795
-0.0060742
-0.0069790
-0.0100574
-0.0052794
0.0073026
0.0166106
0.0132604
0.0019941
-0.0016683
0.0117188
0.0342344
0.0484322
0.0457000
0.0343580
0.0290115
0.0342028
0.0410002
0.0394193
0.0313762
0.0288600
0.0397320
0.0581823
0.0710313
0.0718788
0.0662161
0.0626587
0.0624788
0.0602428
0.0532484
0.0466626
0.0475856
0.0555977
0.0618660
0.0585150
0.0473021
0.0370226
0.0325609
0.0289499
0.0179579
-0.0006203
-0.0167203
-0.0199608
-0.0109486
-0.0017416
-0.0048852
-0.0219041
-0.0423862
-0.0543482
-0.0554677
-0.0538409
-0.0577465
-0.0656407
-0.0674293
-0.0557584
-0.0350663
-0.0184238
-0.0151818
-0.0223304
-0.0286717
-0.0270761
-0.0211681
-0.0193398
-0.0239249
-0.0287148
-0.0270921
-0.0199370
-0.0137353
-0.0123800
-0.0135722
-0.0137515
-0.0141804
-0.0196364
-0.0310146
-0.0414857
-0.0421770
-0.0316735
-0.0181892
-0.0113745
-0.0129563
-0.0166470
-0.0165765
-0.0139266
-0.0145723
-0.0213231
-0.0298417
-0.0325235
-0.0259792
-0.0143014
-0.0049405
-0.0017765
-0.0026884
-0.0035557
-0.0033232
-0.0041380
-0.0070487
-0.0091881
-0.0063821
0.0015706
0.0093530
0.0110371
0.0066384
0.0025368
0.0042491
0.0095299
0.0106259
0.0039474
-0.0043274
-0.0042736
0.0063606
0.0185849
0.0211483
0.0124183
0.0018927
-0.0004668
0.0049387
0.0087186
0.0043335
-0.0036981
-0.0050064
0.0043404
0.0170916
0.0228514
0.0190243
0.0121356
0.0089429
0.0084676
0.0042764
-0.0061549
-0.0167074
-0.0188309
-0.0116921
-0.0038815
-0.0040118
-0.0110810
-0.0161434
-0.0134389
-0.0077854
-0.0092879
-0.0211939
-0.0349175
-0.0384731
-0.0293126
-0.0170817
-0.0129994
-0.0181270
-0.0241204
-0.0248826
-0.0242057
-0.0297969
-0.0415223
-0.0493154
-0.0443321
-0.0302290
-0.0204916
-0.0240919
-0.0360002
-0.0437723
-0.0422638
-0.0386405
-0.0419370
-0.0507820
-0.0549904
-0.0487498
-0.0383299
-0.0345725
-0.0399586
-0.0465800
-0.0470860
-0.0442514
-0.0468533
-0.0571382
-0.0661194
-0.0633700
-0.0496854
-0.0370356
-0.0357883
-0.0445341
-0.0537549
-0.0571898
-0.0566678
-0.0563659
-0.0559936
-0.0519963
-0.0439474
-0.0365308
-0.0341537
-0.0355949
-0.0361707
-0.0345901
-0.0348819
-0.0401951
-0.0467632
-0.0469843
-0.0385798
-0.0280508
-0.0234415
-0.0251968
-0.0265639
-0.0229992
-0.0186935
-0.0217054
-0.0330940
-0.0431926
-0.0404813
-0.0239399
-0.0050603
0.0032729
-0.0006916
-0.0067784
-0.0038516
0.0098128
0.0271854
0.0417690
0.0543343
0.0702220
0.0916735
0.1148696
0.1348580
0.1515495
0.1689106
0.1886637
0.2071339
0.2194519
0.2251602
0.2273910
0.2268083
0.2189481
0.1991960
0.1693132
0.1370208
0.1089098
0.0854256
0.0637567
0.0439420
0.0294612
0.0216270
0.0162519
0.0081265
-0.0025721
-0.0113606
-0.0171030
-0.0252189
-0.0405492
-0.0584866
-0.0671235
-0.0600438
-0.0450514
-0.0374111
-0.0442762
-0.0580286
-0.0660997
-0.0652593
-0.0633897
-0.0676707
-0.0748409
-0.0756871
-0.0672390
-0.0566498
-0.0520973
-0.0528282
-0.0511592
-0.0436251
-0.0365604
-0.0380183
-0.0450658
-0.0424824
-0.0166970
0.0293246
0.0777249
0.1148005
0.1488610
0.2066513
0.3069649
0.4322925
0.5247043
0.5149696
0.3672210
0.1069087
-0.1895390
-0.4365336
-0.5828012
-0.6277754
-0.6049770
-0.5508215
-0.4840277
-0.4070898
-0.3210263
-0.2355644
-0.1653717
-0.1187345
-0.0919264
-0.0747208
-0.0600667
-0.0476025
-0.0388950
-0.0318450
-0.0217785
-0.0077337
0.0047054
0.0089035
0.0051573
0.0011076
0.0031897
0.0092172
0.0115815
0.0076064
0.0041947
0.0102958
0.0256647
0.0396097
0.0420047
0.0340581
0.0262053
0.0257601
0.0292741
0.0285100
0.0219145
0.0169853
0.0210022
0.0322530
0.0423683
0.0457228
0.0437546
0.0401696
0.0352311
0.0273202
0.0187164
0.0160315
0.0230217
0.0347474
0.0416037
0.0392924
0.0325832
0.0281589
0.0257899
0.0192833
0.0059961
-0.0075555
-0.0118948
-0.0058256
0.0007475
-0.0034807
-0.0193357
-0.0362720
-0.0435024
-0.0407603
-0.0369299
-0.0387899
-0.0432434
-0.0417374
-0.0309854
-0.0171066
-0.0087344
-0.0078140
-0.0089422
-0.0072422
-0.0044509
-0.0056379
-0.0111966
-0.0149931
-0.0115834
-0.0032786
0.0023929
0.0017617
-0.0012822
-0.0018944
-0.0021668
-0.0090162
-0.0238390
-0.0374341
-0.0383710
-0.0262670
-0.0140060
-0.0149612
-0.0291025
-0.0437697
-0.0479490
-0.0433534
-0.0401976
-0.0441315
-0.0503631
-0.0508269
-0.0442887
-0.0371480
-0.0353528
-0.0383660
-0.0420435
-0.0451644
-0.0501301
-0.0570394
-0.0601195
-0.0530278
-0.0374861
-0.0238762
-0.0213805
-0.0284364
-0.0348760
-0.0336309
-0.0284173
-0.0283775
-0.0360591
-0.0431859
-0.0396924
-0.0257243
-0.0123709
-0.0098872
-0.0169538
-0.0233139
-0.0222081
-0.0176283
-0.0181920
-0.0257400
-0.0327251
-0.0313430
-0.0230737
-0.0170156
-0.0191575
-0.0257962
-0.0291774
-0.0281419
-0.0299257
-0.0400863
-0.0529475
-0.0555427
-0.0420435
-0.0221109
-0.0124357
-0.0199261
-0.0351872
-0.0437022
-0.0419029
-0.0396049
-0.0462912
-0.0580341
-0.0612672
-0.0492715
-0.0314659
-0.0238575
-0.0315752
-0.0439357
-0.0474982
-0.0413223
-0.0365950
-0.0418978
-0.0523853
-0.0558364
-0.0477980
-0.0371689
-0.0355613
-0.0436244
-0.0508632
-0.0486846
-0.0404972
-0.0368762
-0.0421899
-0.0490590
-0.0471530
-0.0355967
-0.0241490
-0.0217871
-0.0262819
-0.0271729
-0.0185796
-0.0064074
-0.0009918
-0.0036460
-0.0032757
0.0121278
0.0416388
0.0709182
0.0861230
0.0872723
0.0869604
0.0967596
0.1168374
0.1393256
0.1593838
0.1797658
0.2041639
0.2289978
0.2446398
0.2446198
0.2315047
0.2128256
0.1927476
0.1695707
0.1410733
0.1100980
0.0833284
0.0651785
0.0543189
0.0462406
0.0377944
0.0284750
0.0185187
0.0075914
-0.0043374
-0.0159587
-0.0251960
-0.0304834
-0.0312929
-0.0282038
-0.0232779
-0.0198680
-0.0205977
-0.0248125
-0.0288336
-0.0298574
-0.0294019
-0.0315307
-0.0370952
-0.0410804
-0.0374522
-0.0265781
-0.0159837
-0.0125942
-0.0152795
-0.0167420
-0.0125452
-0.0062181
-0.0041938
-0.0069935
-0.0077726
-0.0001187
0.0146969
0.0302090
0.0438073
0.0607604
0.0883828
0.1289130
0.1814918
0.2499958
0.3419348
0.4518180
0.5440052
0.5592329
0.4502869
0.2214097
-0.0642756
-0.3202049
-0.4873566
-0.5595710
-0.5668026
-0.5384957
-0.4832360
-0.3985591
-0.2923436
-0.1885918
-0.1115058
-0.0668195
-0.0411011
-0.0185563
0.0040428
0.0195683
0.0244175
0.0259919
0.0350584
0.0531386
0.0706447
0.0780000
0.0764248
0.0758644
0.0829769
0.0935628
0.0981605
0.0938941
0.0884653
0.0915950
0.1039660
0.1165269
0.1208490
0.1184821
0.1185923
0.1267056
0.1375523
0.1404958
0.1319371
0.1208992
0.1208715
0.1358982
0.1557297
0.1656692
0.1610378
0.1511277
0.1488396
0.1574505
0.1684370
0.1717448
0.1666525
0.1617744
0.1654063
0.1775904
0.1919829
0.2038216
0.2141744
0.2265130
0.2411743
0.2548174
0.2648516
0.2726830
0.2816130
0.2919168
0.2988260
0.2958111
0.2800156
0.2547426
0.2269259
0.2021708
0.1818667
0.1645897
0.1498287
0.1398492
0.1374220
0.1416311
0.1466437
0.1457797
0.1373324
0.1258248
0.1168394
0.1109267
0.1035850
0.0913880
0.0769186
0.0663601
0.0623695
0.0607741
0.0553502
0.0452204
0.0358489
0.0319957
0.0310167
0.0252961
0.0119494
-0.0015709
-0.0037538
0.0085252
0.0250657
0.0311912
0.0216966
0.0054003
-0.0042188
-0.0020772
0.0052968
0.0085690
0.0057203
0.0025981
0.0047640
0.0109651
0.0153505
0.0147240
0.0118666
0.0115141
0.0143284
0.0160174
0.0124867
0.0052085
0.0009182
0.0057197
0.0192367
0.0343462
0.0428280
0.0419577
0.0362288
0.0326815
0.0342305
0.0375965
0.0381653
0.0366797
0.0399271
0.0536582
0.0750918
0.0939042
0.1016802
0.0999867
0.0981223
0.1028314
0.1113128
0.1151955
0.1107460
0.1035172
0.1020821
0.1080421
0.1136620
0.1095933
0.0937604
0.0717800
0.0495666
0.0276088
0.0036129
-0.0204501
-0.0365467
-0.0375740
-0.0257960
-0.0125924
-0.0085574
-0.0140331
-0.0202590
-0.0198881
-0.0153611
-0.0160698
-0.0275686
-0.0446343
-0.0556709
-0.0538781
-0.0436995
-0.0362198
-0.0385436
-0.0479151
-0.0559306
-0.0577178
-0.0562975
-0.0579383
-0.0640068
-0.0685096
-0.0643978
-0.0520530
-0.0404188
-0.0387045
-0.0470480
-0.0563954
-0.0581931
-0.0534375
-0.0508803
-0.0561550
-0.0640788
-0.0632914
-0.0487655
-0.0286439
-0.0175602
-0.0229838
-0.0385314
-0.0507255
-0.0517221
-0.0450841
-0.0398581
-0.0404113
-0.0427861
-0.0403739
-0.0318633
-0.0228408
-0.0198263
-0.0235798
-0.0288931
-0.0307412
-0.0296775
-0.0303671
-0.0350967
-0.0400331
-0.0390038
-0.0307819
-0.0213564
-0.0180250
-0.0216293
-0.0258826
-0.0249299
-0.0206124
-0.0207738
-0.0300336
-0.0433383
-0.0498531
-0.0433791
-0.0283860
-0.0156656
-0.0125564
-0.0176322
-0.0241530
-0.0274052
-0.0280666
-0.0291042
-0.0308749
-0.0304071
-0.0255101
-0.0185954
-0.0152659
-0.0186618
-0.0257714
-0.0303430
-0.0297607
-0.0281143
-0.0312433
-0.0388502
-0.0432355
-0.0373939
-0.0239035
-0.0138120
-0.0155623
-0.0259618
-0.0337301
-0.0320461
-0.0259521
-0.0261052
-0.0359527
-0.0469465
-0.0472772
-0.0344809
-0.0183020
-0.0111782
-0.0166893
-0.0274020
-0.0330942
-0.0304416
-0.0252078
-0.0258774
-0.0351311
-0.0467722
-0.0508030
-0.0423778
-0.0266248
-0.0144696
-0.0129340
-0.0193375
-0.0253900
-0.0266773
-0.0267588
-0.0310823
-0.0382122
-0.0397664
-0.0302051
-0.0149378
-0.0061167
-0.0099464
-0.0200699
-0.0249774
-0.0209364
-0.0154842
-0.0178069
-0.0276171
-0.0353133
-0.0326309
-0.0213029
-0.0106054
-0.0077094
-0.0117710
-0.0168731
-0.0188620
-0.0184499
-0.0187037
-0.0209651
-0.0233916
-0.0227102
-0.0172044
-0.0086930
-0.0019414
-0.0013345
-0.0070755
-0.0146560
-0.0189109
-0.0189240
-0.0182746
-0.0200151
-0.0223248
-0.0205567
-0.0135862
-0.0063971
-0.0049749
-0.0094009
-0.0139435
-0.0143776
-0.0132574
-0.0160590
-0.0228974
-0.0268500
-0.0219895
-0.0115548
-0.0055560
-0.0097404
-0.0188668
-0.0226453
-0.0176317
-0.0110761
-0.0121724
-0.0209821
-0.0278995
-0.0241913
-0.0116461
-0.0008341
-0.0003385
-0.0087205
-0.0172110
-0.0193909
-0.0172981
-0.0179496
-0.0246246
-0.0325592
-0.0337867
-0.0259844
-0.0156589
-0.0118490
-0.0169148
-0.0245942
-0.0276479
-0.0263071
-0.0273791
-0.0347971
-0.0432059
-0.0432709
-0.0331753
-0.0222711
-0.0214024
-0.0306142
-0.0390044
-0.0375321
-0.0299331
-0.0286080
-0.0398875
-0.0557258
-0.0615873
-0.0517394
-0.0350148
-0.0252856
-0.0278060
-0.0360147
-0.0407165
-0.0401860
-0.0402304
-0.0455071
-0.0528859
-0.0544778
-0.0466957
-0.0350359
-0.0290610
-0.0328430
-0.0412283
-0.0460654
-0.0454264
-0.0451295
-0.0504108
-0.0574977
-0.0561052
-0.0415709
-0.0228395
-0.0154081
-0.0252669
-0.0416968
-0.0482077
-0.0401542
-0.0288608
-0.0270434
-0.0324230
-0.0292798
-0.0068861
0.0265695
0.0513556
0.0570186
0.0530851
0.0578232
0.0784597
0.1053084
0.1251993
0.1372426
0.1523978
0.1782430
0.2075339
0.2239561
0.2181845
0.1960376
0.1704322
0.1473894
0.1220983
0.0884509
0.0498660
0.0182922
0.0022884
-0.0023321
-0.0086545
-0.0256181
