0.0214610
0.0188420
0.0053042
-0.0055725
-0.0046273
0.0040183
0.0074622
-0.0021614
-0.0183823
-0.0255725
-0.0141345
0.0093579
0.0275588
0.0281571
0.0143998
0.0003198
-0.0035088
0.0011658
0.0047717
0.0013789
-0.0054177
-0.0073106
-0.0004385
0.0107262
0.0177688
0.0158555
0.0073368
-0.0011529
-0.0049345
-0.0051995
-0.0070506
-0.0133438
-0.0204237
-0.0209007
-0.0117303
0.0007096
0.0051033
-0.0041321
-0.0210224
-0.0338605
-0.0369435
-0.0357192
-0.0399655
-0.0526978
-0.0667101
-0.0717959
-0.0644498
-0.0504909
-0.0394995
-0.0376472
-0.0448540
-0.0564517
-0.0663905
-0.0703650
-0.0684584
-0.0654643
-0.0667315
-0.0716980
-0.0720186
-0.0585382
-0.0315847
-0.0031844
0.0131086
0.0150572
0.0130263
0.0176732
0.0280426
0.0343902
0.0326574
0.0325614
0.0478250
0.0786369
0.1071478
0.1127925
0.0915241
0.0585031
0.0323971
0.0188937
0.0095544
-0.0060881
-0.0298601
-0.0550232
-0.0733377
-0.0807126
-0.0785122
-0.0724533
-0.0698526
-0.0747893
-0.0842794
-0.0908103
-0.0906127
-0.0886439
-0.0930538
-0.1043433
-0.1122152
-0.1051008
-0.0825155
-0.0569356
-0.0435581
-0.0484608
-0.0651652
-0.0802477
-0.0825904
-0.0711812
-0.0570611
-0.0552545
-0.0691520
-0.0814324
-0.0659545
-0.0143297
0.0515498
0.1017504
0.1368759
0.1972985
0.3214384
0.4885990
0.6084190
0.5788233
0.3655773
0.0322644
-0.3041514
-0.5493480
-0.6755077
-0.7087133
-0.6875137
-0.6344259
-0.5563328
-0.4596938
-0.3597817
-0.2761741
-0.2208642
-0.1901439
-0.1676592
-0.1374698
-0.0972014
-0.0596139
-0.0402582
-0.0422785
-0.0529620
-0.0552256
-0.0423405
-0.0217524
-0.0059198
-0.0007215
-0.0021114
-0.0016463
0.0061710
0.0205772
0.0359128
0.0456940
0.0471695
0.0434718
0.0408493
0.0425740
0.0456998
0.0450904
0.0409758
0.0409913
0.0528798
0.0750179
0.0957736
0.1037377
0.0985857
0.0910176
0.0918860
0.1020513
0.1129301
0.1158021
0.1096512
0.1006911
0.0959214
0.0976212
0.1027553
0.1061742
0.1043827
0.0976171
0.0894309
0.0839738
0.0824561
0.0816996
0.0769371
0.0671017
0.0571785
0.0539287
0.0582490
0.0622597
0.0554513
0.0347375
0.0081932
-0.0122225
-0.0224574
-0.0307481
-0.0493812
-0.0815020
-0.1164312
-0.1387810
-0.1425182
-0.1360952
-0.1341835
-0.1448476
-0.1641882
-0.1817601
-0.1900469
-0.1896022
-0.1872200
-0.1901479
-0.2006125
-0.2136577
-0.2200895
-0.2139502
-0.1993058
-0.1888101
-0.1926880
-0.2079877
-0.2206320
-0.2200475
-0.2107265
-0.2067235
-0.2144802
-0.2240230
-0.2196399
-0.1981875
-0.1737672
-0.1633624
-0.1701013
-0.1825564
-0.1886728
-0.1867072
-0.1822145
-0.1788154
-0.1760125
-0.1743209
-0.1768070
-0.1829487
-0.1845866
-0.1730454
-0.1507988
-0.1322791
-0.1302893
-0.1427560
-0.1554411
-0.1576719
-0.1528951
-0.1525562
-0.1616974
-0.1732865
-0.1764647
-0.1678373
-0.1537296
-0.1433608
-0.1415086
-0.1463785
-0.1518952
-0.1520434
-0.1458588
-0.1399961
-0.1444815
-0.1624783
-0.1834329
-0.1892273
-0.1706787
-0.1387724
-0.1174313
-0.1226897
-0.1481960
-0.1716550
-0.1757940
-0.1630957
-0.1507281
-0.1521223
-0.1636343
-0.1683649
-0.1526403
-0.1194958
-0.0866787
-0.0708606
-0.0726039
-0.0763357
-0.0655956
-0.0390467
-0.0118850
-0.0015702
-0.0120083
-0.0312004
-0.0434493
-0.0432097
-0.0377526
-0.0384262
-0.0507207
-0.0714389
-0.0924723
-0.1063630
-0.1108558
-0.1110447
-0.1164041
-0.1320803
-0.1511418
-0.1576489
-0.1411901
-0.1095550
-0.0847350
-0.0836071
-0.1020679
-0.1194397
-0.1189164
-0.1026712
-0.0867275
-0.0831259
-0.0891781
-0.0929929
-0.0860565
-0.0692282
-0.0494378
-0.0339345
-0.0269269
-0.0273993
-0.0275260
-0.0158510
0.0127861
0.0490614
0.0760921
0.0919131
0.1262879
0.2262188
0.4105748
0.6298170
0.7735709
0.7327806
0.4741028
0.0683880
-0.3504025
-0.6640545
-0.8270920
-0.8652072
-0.8294375
-0.7526740
-0.6421786
-0.5016166
-0.3502638
-0.2177142
-0.1227577
-0.0613141
-0.0158585
0.0254726
0.0607770
0.0834401
0.0948937
0.1055169
0.1241108
0.1496903
0.1745319
0.1929335
0.2050979
0.2141376
0.2226487
0.2327920
0.2465057
0.2625338
0.2742886
0.2748693
0.2665706
0.2628933
0.2766425
0.3050694
0.3303055
0.3375091
0.3310741
0.3294503
0.3439077
0.3660623
0.3785231
0.3753715
0.3682908
0.3723183
0.3890331
0.4061295
0.4116692
0.4053490
0.3957567
0.3903932
0.3909596
0.3957814
0.4019393
0.4042297
0.3965821
0.3787563
0.3607293
0.3562535
0.3696388
0.3897940
0.3990438
0.3884141
0.3644020
0.3415156
0.3288722
0.3233897
0.3143402
0.2938026
0.2639828
0.2359901
0.2209251
0.2197485
0.2208055
0.2091859
0.1808615
0.1473849
0.1247916
0.1174951
0.1145566
0.1023537
0.0794364
0.0576849
0.0498191
0.0574121
0.0707837
0.0783798
0.0751590
0.0638770
0.0514275
0.0444580
0.0455379
0.0508511
0.0527472
0.0477886
0.0427501
0.0494227
0.0709645
0.0950277
0.1038325
0.0919271
0.0720593
0.0621725
0.0676413
0.0777440
0.0790008
0.0698568
0.0613052
0.0645635
0.0800589
0.0981462
0.1083100
0.1066888
0.0966984
0.0849778
0.0766649
0.0723637
0.0684791
0.0613898
0.0522286
0.0470077
0.0509391
0.0623853
0.0729573
0.0742286
0.0649109
0.0518256
0.0437676
0.0438080
0.0468913
0.0447738
0.0339882
0.0199918
0.0135220
0.0212555
0.0383825
0.0509127
0.0476311
0.0310638
0.0156242
0.0135947
0.0231391
0.0308871
0.0259491
0.0105098
-0.0030005
-0.0037866
0.0085184
0.0250816
0.0357878
0.0360820
0.0285257
0.0199832
0.0168007
0.0200329
0.0239764
0.0211339
0.0110403
0.0039854
0.0136546
0.0445230
0.0865580
0.1223886
0.1394270
0.1362629
0.1205215
0.1030730
0.0933154
0.0960652
0.1095338
0.1261147
0.1375439
0.1411773
0.1407398
0.1397359
0.1349399
0.1187582
0.0888134
0.0532380
0.0243376
0.0071117
-0.0045448
-0.0198035
-0.0398870
-0.0558696
-0.0577338
-0.0455201
-0.0309326
-0.0270833
-0.0363858
-0.0490584
-0.0538498
-0.0496862
-0.0460135
-0.0516401
-0.0639983
-0.0704317
-0.0607192
-0.0380629
-0.0168104
-0.0089245
-0.0131942
-0.0179872
-0.0136638
-0.0013115
0.0102858
0.0150910
0.0169442
0.0269880
0.0548338
0.1035482
0.1749331
0.2786503
0.4293580
0.6247806
0.8210478
0.9350446
0.8862176
0.6528007
0.2963536
-0.0702500
-0.3482575
-0.5000209
-0.5456397
-0.5251029
-0.4672062
-0.3870814
-0.2987195
-0.2189843
-0.1593348
-0.1194919
-0.0920247
-0.0708036
-0.0528530
-0.0345278
-0.0111952
0.0168401
0.0408035
0.0502972
0.0450576
0.0375880
0.0418305
0.0596281
0.0797113
0.0896654
0.0877124
0.0832136
0.0872720
0.1029484
0.1228763
0.1353470
0.1338575
0.1225781
0.1130295
0.1144317
0.1260250
0.1384260
0.1430851
0.1409413
0.1412733
0.1512098
0.1668646
0.1764510
0.1727916
0.1615509
0.1557814
0.1623889
0.1746960
0.1786431
0.1664599
0.1446205
0.1283445
0.1275302
0.1374294
0.1431935
0.1339717
0.1129850
0.0943463
0.0902476
0.1004974
0.1134404
0.1168709
0.1087145
0.0975619
0.0929626
0.0956059
0.0972127
0.0893716
0.0716491
0.0512159
0.0352412
0.0237623
0.0098492
-0.0126701
-0.0410101
-0.0636042
-0.0702200
-0.0629176
-0.0561708
-0.0643405
-0.0878512
-0.1122457
-0.1225572
-0.1193057
-0.1186516
-0.1346798
-0.1621653
-0.1797360
-0.1713825
-0.1431296
-0.1168668
-0.1088717
-0.1163050
-0.1241611
-0.1226335
-0.1159440
-0.1153067
-0.1256618
-0.1403357
-0.1475609
-0.1408462
-0.1236830
-0.1064084
-0.0990849
-0.1049087
-0.1178363
-0.1270710
-0.1263206
-0.1195727
-0.1166143
-0.1221691
-0.1302812
-0.1302625
-0.1179955
-0.1008299
-0.0910633
-0.0944905
-0.1054672
-0.1134535
-0.1139951
-0.1121601
-0.1149098
-0.1216726
-0.1244101
-0.1172561
-0.1046363
-0.0982800
-0.1056808
-0.1222066
-0.1357431
-0.1392287
-0.1372162
-0.1391968
-0.1480447
-0.1573383
-0.1596218
-0.1545727
-0.1481375
-0.1458596
-0.1487364
-0.1540252
-0.1577615
-0.1571421
-0.1533844
-0.1532845
-0.1650972
-0.1889886
-0.2113237
-0.2129243
-0.1878286
-0.1536701
-0.1386643
-0.1549128
-0.1860388
-0.2039467
-0.1971711
-0.1802092
-0.1752195
-0.1877519
-0.2022107
-0.1993686
-0.1758941
-0.1468303
-0.1311155
-0.1358640
-0.1530669
-0.1682712
-0.1710236
-0.1593933
-0.1384889
-0.1160569
-0.0975072
-0.0828893
-0.0682638
-0.0503362
-0.0296904
-0.0099312
0.0050942
0.0128044
0.0118511
0.0019351
-0.0160391
-0.0396841
-0.0649148
-0.0865112
-0.1002108
-0.1054412
-0.1064210
-0.1102355
-0.1225125
-0.1430828
-0.1652413
-0.1808057
-0.1875041
-0.1907597
-0.1966821
-0.2037820
-0.2037802
-0.1914892
-0.1724293
-0.1588777
-0.1581849
-0.1661672
-0.1729498
-0.1745624
-0.1766771
-0.1860740
-0.2005643
-0.2099477
-0.2061320
-0.1894643
-0.1656853
-0.1413863
-0.1244276
-0.1231923
-0.1377011
-0.1512557
-0.1391399
-0.0928222
-0.0327384
0.0135814
0.0526309
0.1372638
0.3212625
0.5891290
0.8331309
0.9138020
0.7589881
0.4158283
0.0140403
-0.3205350
-0.5283158
-0.6167424
-0.6212756
-0.5721558
-0.4893251
-0.3928124
-0.3055630
-0.2433739
-0.2058614
-0.1807727
-0.1573791
-0.1352713
-0.1215998
-0.1215979
-0.1316841
-0.1406850
-0.1378973
-0.1212199
-0.0984477
-0.0810009
-0.0758279
-0.0813774
-0.0892875
-0.0904987
-0.0826849
-0.0731712
-0.0725510
-0.0830152
-0.0934773
-0.0885943
-0.0638493
-0.0311106
-0.0081243
-0.0019028
-0.0027556
0.0046386
0.0244765
0.0452015
0.0517133
0.0407431
0.0235777
0.0155908
0.0245504
0.0465733
0.0693288
0.0792746
0.0705710
0.0506524
0.0357002
0.0366502
0.0478274
0.0512790
0.0354480
0.0101370
-0.0000604
0.0195944
0.0565637
0.0815999
0.0776998
0.0559983
0.0417052
0.0474187
0.0634350
0.0722481
0.0673217
0.0557494
0.0462277
0.0394626
0.0313872
0.0218148
0.0151577
0.0124511
0.0074583
-0.0056490
-0.0231126
-0.0349750
-0.0378866
-0.0398888
-0.0496986
-0.0640606
-0.0699829
-0.0600203
-0.0424223
-0.0336083
-0.0407245
-0.0537253
-0.0562316
-0.0432498
-0.0260423
-0.0197569
-0.0290715
-0.0467644
-0.0626153
-0.0701108
-0.0665825
-0.0526312
-0.0340433
-0.0212105
-0.0220268
-0.0337051
-0.0435746
-0.0409489
-0.0289054
-0.0218514
-0.0291645
-0.0429954
-0.0461467
-0.0322732
-0.0141256
-0.0092367
-0.0200837
-0.0320823
-0.0307123
-0.0172140
-0.0058336
-0.0074850
-0.0188330
-0.0278050
-0.0271266
-0.0195477
-0.0108677
-0.0027161
0.0052381
0.0098715
0.0069945
-0.0010580
-0.0053785
-0.0007066
0.0069552
0.0062797
-0.0060329
-0.0202596
-0.0233261
-0.0125920
0.0018021
0.0086960
0.0077319
0.0070192
0.0105617
0.0128292
0.0078518
-0.0000651
0.0006590
0.0152063
0.0349116
0.0450939
0.0393712
0.0249969
0.0140053
0.0103930
0.0080240
0.0014002
-0.0050616
-0.0027073
0.0072382
0.0110504
-0.0019410
-0.0233599
-0.0305873
-0.0102947
0.0242447
0.0429382
0.0286189
-0.0036548
-0.0202273
-0.0031658
0.0314833
0.0518101
0.0439820
0.0246674
0.0211672
0.0440984
0.0808189
0.1111424
0.1251133
0.1266496
0.1254567
0.1297628
0.1454296
0.1753002
0.2137630
0.2440661
0.2487414
0.2269361
0.1982973
0.1853477
0.1923103
0.2033732
0.2004480
0.1794846
0.1496148
0.1203835
0.0933676
0.0660045
0.0398255
0.0208491
0.0116945
0.0076061
0.0034824
0.0018523
0.0084185
0.0199326
0.0227813
0.0077521
-0.0164571
-0.0293745
-0.0198019
0.0013852
0.0119151
0.0019927
-0.0146591
-0.0161274
0.0022710
0.0220169
0.0222434
0.0024597
-0.0190080
-0.0258992
-0.0175885
-0.0026405
0.0139381
0.0326708
0.0532176
0.0747401
0.1065014
0.1713828
0.2848814
0.4212275
0.5056423
0.4566368
0.2498005
-0.0565402
-0.3603466
-0.5825501
-0.7019897
-0.7386154
-0.7160700
-0.6441051
-0.5296319
-0.3933268
-0.2679284
-0.1793255
-0.1314904
-0.1096751
-0.0948794
-0.0746350
-0.0459709
-0.0148292
0.0081284
0.0171645
0.0190684
0.0277892
0.0493592
0.0741269
0.0859248
0.0784105
0.0616497
0.0530693
0.0621445
0.0833531
0.1033180
0.1136058
0.1157170
0.1157298
0.1181811
0.1255675
0.1389926
0.1557977
0.1690128
0.1729700
0.1692229
0.1648854
0.1655264
0.1711248
0.1784542
0.1859791
0.1959186
0.2111745
0.2299855
0.2451393
0.2504764
0.2472647
0.2417771
0.2375337
0.2331471
0.2273022
0.2216384
0.2174339
0.2129365
0.2065887
0.2014289
0.2038166
0.2168151
0.2347410
0.2453953
0.2403526
0.2240055
0.2095792
0.2040090
0.1994515
0.1831246
0.1537153
0.1238594
0.1062967
0.1007727
0.0958084
0.0819501
0.0618940
0.0465697
0.0408421
0.0354905
0.0171499
-0.0144088
-0.0440570
-0.0580526
-0.0582850
-0.0564325
-0.0576098
-0.0551353
-0.0415432
-0.0209963
-0.0078955
-0.0121995
-0.0270150
-0.0339425
-0.0230782
-0.0053308
-0.0011074
-0.0179292
-0.0431073
-0.0577638
-0.0538432
-0.0376110
-0.0214124
-0.0137667
-0.0141305
-0.0147946
-0.0086802
0.0038478
0.0156175
0.0188816
0.0109542
-0.0033356
-0.0132382
-0.0093944
0.0073206
0.0257809
0.0350782
0.0327713
0.0220504
0.0058480
-0.0122709
-0.0253004
-0.0269344
-0.0185807
-0.0088362
-0.0051428
-0.0067519
-0.0056576
0.0051038
0.0226349
0.0347310
0.0319910
0.0182478
0.0054113
-0.0005359
-0.0033513
-0.0074110
-0.0115014
-0.0131154
-0.0129923
-0.0122996
-0.0090561
-0.0004249
0.0128334
0.0253896
0.0304656
0.0253812
0.0154270
0.0097236
0.0110081
0.0128360
0.0099820
0.0074194
0.0138301
0.0289385
0.0425289
0.0446790
0.0335745
0.0159802
0.0039412
0.0078536
0.0273760
0.0498239
0.0608446
0.0567245
0.0464521
0.0447733
0.0625588
0.0978296
0.1343324
0.1544276
0.1557301
0.1506022
0.1487210
0.1466973
0.1365306
0.1173359
0.0955374
0.0786516
0.0711176
0.0715204
0.0723468
0.0665798
0.0549127
0.0429804
0.0336161
0.0267755
0.0235984
0.0234165
0.0198862
0.0086079
-0.0031816
-0.0028538
0.0120450
0.0303849
0.0380580
0.0279719
0.0044264
-0.0170117
-0.0202937
-0.0065863
0.0047426
-0.0005301
-0.0141830
-0.0185741
-0.0086341
0.0077524
0.0233275
0.0353153
0.0410870
0.0391906
0.0341322
0.0401324
0.0845560
0.1970154
0.3697879
0.5242107
0.5434900
0.3617350
0.0185589
-0.3747333
-0.7095594
-0.9258775
-1.0176564
-1.0144663
-0.9485240
-0.8329462
-0.6790059
-0.5215314
-0.3971047
-0.3017309
-0.2067176
-0.1157646
-0.0617854
-0.0417732
-0.0090969
0.0488416
0.0790600
0.0428713
