-0.1543407
-0.1566219
-0.1510071
-0.1385998
-0.1251673
-0.1159740
-0.1115957
-0.1087483
-0.1047252
-0.1002086
-0.0972781
-0.0952937
-0.0902680
-0.0794460
-0.0660937
-0.0581287
-0.0607968
-0.0710286
-0.0801994
-0.0828164
-0.0815251
-0.0826274
-0.0872563
-0.0887235
-0.0795883
-0.0605104
-0.0405349
-0.0282474
-0.0237919
-0.0205630
-0.0139422
-0.0064534
-0.0035348
-0.0055836
-0.0061803
0.0012885
0.0163733
0.0318921
0.0410357
0.0429312
0.0408148
0.0358014
0.0240276
0.0007686
-0.0328172
-0.0679448
-0.0948305
-0.1133621
-0.1386448
-0.1944060
-0.2962076
-0.4365176
-0.5856302
-0.7111295
-0.8015270
-0.8733262
-0.9540579
-1.0558758
-1.1631721
-1.2439025
-1.2722979
-1.2430490
-1.1694017
-1.0734070
-0.9785600
-0.9054724
-0.8659398
-0.8566222
-0.8599323
-0.8549643
-0.8301095
-0.7863091
-0.7299999
-0.6652152
-0.5925305
-0.5124613
-0.4265124
-0.3350760
-0.2376101
-0.1372042
-0.0435838
0.0316194
0.0839438
0.1193212
0.1472780
0.1719265
0.1910683
0.2032815
0.2128854
0.2259262
0.2424138
0.2552755
0.2581681
0.2529530
0.2476760
0.2474559
0.2495265
0.2486354
0.2459474
0.2496547
0.2653455
0.2873534
0.3024717
0.3033377
0.2966762
0.2963868
0.3086307
0.3258123
0.3364933
0.3395377
0.3454213
0.3629019
0.3873182
0.4053089
0.4106878
0.4120098
0.4221296
0.4423132
0.4605842
0.4666283
0.4649014
0.4694004
0.4860659
0.5043041
0.5082369
0.4942020
0.4735127
0.4577955
0.4454868
0.4259448
0.3952587
0.3634040
0.3435155
0.3363206
0.3286128
0.3074872
0.2734037
0.2373753
0.2070512
0.1791044
0.1464166
0.1099666
0.0800385
0.0650979
0.0618771
0.0584740
0.0466076
0.0289144
0.0138450
0.0052795
-0.0008942
-0.0102503
-0.0221337
-0.0301794
-0.0300044
-0.0245444
-0.0208145
-0.0223594
-0.0264469
-0.0287712
-0.0292329
-0.0314790
-0.0370212
-0.0417832
-0.0401944
-0.0325248
-0.0263371
-0.0291555
-0.0400576
-0.0501556
-0.0521467
-0.0482925
-0.0475368
-0.0550582
-0.0665401
-0.0738396
-0.0750595
-0.0766958
-0.0851735
-0.0982046
-0.1069400
-0.1066949
-0.1030250
-0.1051304
-0.1142174
-0.1212386
-0.1173423
-0.1046837
-0.0944213
-0.0940455
-0.0990179
-0.0984674
-0.0878403
-0.0733666
-0.0635448
-0.0587613
-0.0520737
-0.0397649
-0.0276573
-0.0245085
-0.0305988
-0.0363941
-0.0338069
-0.0263679
-0.0252319
-0.0351824
-0.0475422
-0.0491619
-0.0373937
-0.0234319
-0.0199920
-0.0277725
-0.0362166
-0.0366540
-0.0315239
-0.0293364
-0.0330352
-0.0367463
-0.0343175
-0.0281348
-0.0270061
-0.0360012
-0.0508919
-0.0636194
-0.0715151
-0.0788883
-0.0896648
-0.1010152
-0.1063329
-0.1038407
-0.0998840
-0.1024872
-0.1126224
-0.1233496
-0.1276843
-0.1260576
-0.1249553
-0.1284853
-0.1326471
-0.1290661
-0.1142850
-0.0942943
-0.0791987
-0.0739135
-0.0749360
-0.0758850
-0.0745203
-0.0730834
-0.0726407
-0.0696682
-0.0600640
-0.0457310
-0.0345182
-0.0320516
-0.0349507
-0.0346736
-0.0284162
-0.0236150
-0.0293084
-0.0439626
-0.0550032
-0.0520336
-0.0389723
-0.0306227
-0.0368726
-0.0521828
-0.0621508
-0.0595098
-0.0515311
-0.0511966
-0.0629267
-0.0786442
-0.0870754
-0.0848177
-0.0778262
-0.0738814
-0.0753287
-0.0787968
-0.0802872
-0.0794832
-0.0792577
-0.0814798
-0.0836289
-0.0800688
-0.0675628
-0.0498279
-0.0353841
-0.0289466
-0.0246456
-0.0099980
0.0212064
0.0611709
0.0972437
0.1309206
0.1843480
0.2809285
0.4142207
0.5358636
0.5784749
0.4972695
0.2975692
0.0297814
-0.2386542
-0.4515241
-0.5784958
-0.6172387
-0.5881722
-0.5229774
-0.4488341
-0.3772841
-0.3068917
-0.2365093
-0.1741463
-0.1312721
-0.1097726
-0.0978740
-0.0808655
-0.0550243
-0.0295070
-0.0148783
-0.0116637
-0.0111048
-0.0057034
0.0032468
0.0089016
0.0077084
0.0034427
0.0029877
0.0096523
0.0210541
0.0325362
0.0416377
0.0492225
0.0569429
0.0643491
0.0689707
0.0692960
0.0672547
0.0671702
0.0718892
0.0798623
0.0861623
0.0866732
0.0815847
0.0747910
0.0696553
0.0653441
0.0575950
0.0432936
0.0242505
0.0062884
-0.0057803
-0.0129027
-0.0218167
-0.0395596
-0.0666166
-0.0951323
-0.1148950
-0.1222258
-0.1231307
-0.1272415
-0.1385399
-0.1523684
-0.1615822
-0.1648821
-0.1680991
-0.1772034
-0.1913028
-0.2038395
-0.2102733
-0.2125943
-0.2150956
-0.2170445
-0.2119916
-0.1951570
-0.1700758
-0.1461644
-0.1294225
-0.1165997
-0.0995212
-0.0749487
-0.0489455
-0.0305844
-0.0217702
-0.0145393
0.0009144
0.0259408
0.0515793
0.0668080
0.0684734
0.0634600
0.0616046
0.0665201
0.0730026
0.0730853
0.0644657
0.0530229
0.0472711
0.0505184
0.0583659
0.0636294
0.0634814
0.0615099
0.0626452
0.0667152
0.0684039
0.0642902
0.0587362
0.0606967
0.0739268
0.0915477
0.1018679
0.0998524
0.0919622
0.0889764
0.0944386
0.1012605
0.1001332
0.0902751
0.0804254
0.0791288
0.0854588
0.0904065
0.0867543
0.0761285
0.0659862
0.0608201
0.0577029
0.0507633
0.0390494
0.0285955
0.0262140
0.0319846
0.0388588
0.0396868
0.0339358
0.0273136
0.0253669
0.0277762
0.0286191
0.0221309
0.0087780
-0.0039235
-0.0071490
0.0015710
0.0157478
0.0252130
0.0247543
0.0180864
0.0133003
0.0143093
0.0172151
0.0156275
0.0090104
0.0041980
0.0078716
0.0186179
0.0279675
0.0293203
0.0246250
0.0216435
0.0253485
0.0329602
0.0375067
0.0355547
0.0308020
0.0301010
0.0364886
0.0464125
0.0533850
0.0538705
0.0499129
0.0467641
0.0480065
0.0523282
0.0548570
0.0522070
0.0464234
0.0432360
0.0457734
0.0504045
0.0497379
0.0401080
0.0256493
0.0143569
0.0100632
0.0089745
0.0048040
-0.0030756
-0.0079947
-0.0033432
0.0091680
0.0199450
0.0205953
0.0120320
0.0032090
0.0020621
0.0079130
0.0127251
0.0097114
0.0006063
-0.0057128
-0.0018464
0.0109107
0.0237147
0.0281782
0.0235256
0.0166965
0.0157859
0.0227809
0.0320272
0.0358666
0.0321582
0.0262500
0.0253190
0.0308363
0.0368963
0.0361034
0.0269758
0.0152664
0.0078318
0.0056382
0.0036922
-0.0019821
-0.0086075
-0.0092876
-0.0011510
0.0105963
0.0175393
0.0164460
0.0121796
0.0123653
0.0195381
0.0287576
0.0332057
0.0324169
0.0348520
0.0517660
0.0881105
0.1397214
0.2001253
0.2701225
0.3586057
0.4696501
0.5849809
0.6599713
0.6437319
0.5126391
0.2912251
0.0419874
-0.1688758
-0.3035612
-0.3608667
-0.3608299
-0.3241597
-0.2637916
-0.1898853
-0.1160149
-0.0563313
-0.0167685
0.0084601
0.0299357
0.0525707
0.0720769
0.0809394
0.0769284
0.0656622
0.0554013
0.0498801
0.0464041
0.0406043
0.0323017
0.0262525
0.0274050
0.0358158
0.0461108
0.0518611
0.0511084
0.0482652
0.0502959
0.0601499
0.0736333
0.0831480
0.0849351
0.0827931
0.0846259
0.0949677
0.1103842
0.1222686
0.1248060
0.1203978
0.1166644
0.1178859
0.1203319
0.1169880
0.1064540
0.0957131
0.0931168
0.0988690
0.1034915
0.0966116
0.0771964
0.0541606
0.0364205
0.0233553
0.0063664
-0.0204886
-0.0530163
-0.0806639
-0.0968570
-0.1047365
-0.1129682
-0.1267376
-0.1432935
-0.1561353
-0.1628374
-0.1677980
-0.1768778
-0.1899022
-0.1992823
-0.1963295
-0.1790494
-0.1542038
-0.1319864
-0.1180561
-0.1098736
-0.1005441
-0.0863066
-0.0700170
-0.0570968
-0.0485671
-0.0389721
-0.0217551
0.0032016
0.0277379
0.0419936
0.0436464
0.0403437
0.0419994
0.0506499
0.0590416
0.0596567
0.0538855
0.0508716
0.0573959
0.0700993
0.0785358
0.0758169
0.0656147
0.0581697
0.0596420
0.0662633
0.0692994
0.0648467
0.0577118
0.0559366
0.0625510
0.0729174
0.0794729
0.0786944
0.0736981
0.0703270
0.0708981
0.0721341
0.0692834
0.0616244
0.0532986
0.0489205
0.0488512
0.0487960
0.0439889
0.0341722
0.0247161
0.0222656
0.0285140
0.0381598
0.0433879
0.0407451
0.0340085
0.0305610
0.0345686
0.0429609
0.0480209
0.0445259
0.0345617
0.0249806
0.0202554
0.0185532
0.0149623
0.0077524
0.0007774
-0.0002242
0.0064798
0.0163297
0.0222084
0.0208725
0.0157914
0.0134709
0.0170706
0.0237608
0.0280260
0.0272623
0.0244144
0.0253237
0.0329411
0.0437019
0.0502053
0.0482450
0.0408762
0.0347618
0.0327291
0.0309724
0.0240315
0.0118889
0.0011726
-0.0012648
0.0041753
0.0095710
0.0073536
-0.0019039
-0.0103070
-0.0109088
-0.0040715
0.0043886
0.0099919
0.0137171
0.0200259
0.0314901
0.0451945
0.0545709
0.0559392
0.0539885
0.0597494
0.0813020
0.1161224
0.1546018
0.1936996
0.2467770
0.3345691
0.4587801
0.5812896
0.6345943
0.5634632
0.3660398
0.0990930
-0.1567736
-0.3418076
-0.4379215
-0.4583791
-0.4256680
-0.3590937
-0.2757085
-0.1930264
-0.1248086
-0.0746354
-0.0370206
-0.0062220
0.0174080
0.0303879
0.0333150
0.0327359
0.0355433
0.0424271
0.0472460
0.0429449
0.0287064
0.0118286
0.0021874
0.0040354
0.0128666
0.0204228
0.0230054
0.0250349
0.0341403
0.0520627
0.0705676
0.0779712
0.0710312
0.0595006
0.0570459
0.0674323
0.0810267
0.0854413
0.0785853
0.0703881
0.0721196
0.0849369
0.0993418
0.1055441
0.1033455
0.1009538
0.1046670
0.1115968
0.1134302
0.1060407
0.0937258
0.0840587
0.0797648
0.0762516
0.0669176
0.0504585
0.0322261
0.0176988
0.0051637
-0.0133789
-0.0430318
-0.0785218
-0.1072063
-0.1200753
-0.1197935
-0.1178015
-0.1231955
-0.1342352
-0.1410914
-0.1369737
-0.1253822
-0.1153712
-0.1108239
-0.1067306
-0.0963917
-0.0801123
-0.0649556
-0.0564877
-0.0526324
-0.0467275
-0.0360252
-0.0253970
-0.0213313
-0.0231292
-0.0224436
-0.0124903
0.0040388
0.0179731
0.0237432
0.0247141
0.0286118
0.0392008
0.0529593
0.0629685
0.0652990
0.0619260
0.0582864
0.0585980
0.0631842
0.0688828
0.0709952
0.0659040
0.0539404
0.0401008
0.0304123
0.0268520
0.0267934
0.0276784
0.0304754
0.0370960
0.0454495
0.0494029
0.0448160
0.0348890
0.0278643
0.0283774
0.0318921
0.0296606
0.0195701
0.0097996
0.0097778
0.0188248
0.0264381
0.0239657
0.0136807
0.0051582
0.0041802
0.0071829
0.0069100
0.0020923
-0.0003914
0.0062233
0.0194585
0.0288627
0.0267383
0.0158308
0.0053531
0.0008661
-0.0001845
-0.0035047
-0.0105521
-0.0170403
-0.0182890
-0.0149368
-0.0122455
-0.0136144
-0.0163532
-0.0155006
-0.0109024
-0.0078032
-0.0096769
-0.0127807
-0.0100040
0.0003666
0.0115995
0.0151130
0.0095426
0.0019900
-0.0004666
0.0006138
-0.0027596
-0.0137301
-0.0244114
-0.0238865
-0.0114221
0.0016138
0.0040160
-0.0032635
-0.0091549
-0.0055172
0.0041540
0.0101025
0.0090092
0.0084114
0.0168984
0.0320888
0.0422539
0.0404198
0.0330408
0.0317626
0.0385959
0.0432241
0.0356933
0.0189425
0.0062956
0.0068523
0.0155551
0.0194334
0.0129285
0.0041920
0.0046374
0.0144887
0.0221159
0.0176551
0.0040707
-0.0068687
-0.0076616
-0.0020196
0.0007222
-0.0037222
-0.0105496
-0.0122949
-0.0080451
-0.0045694
-0.0079959
-0.0162901
-0.0216781
-0.0195102
-0.0126723
-0.0073331
-0.0062108
-0.0069044
-0.0060544
-0.0040191
-0.0045222
-0.0091488
-0.0131451
-0.0088895
0.0056018
0.0231783
0.0339029
0.0341726
0.0286386
0.0239697
0.0220182
0.0190856
0.0112673
0.0002461
-0.0067654
-0.0036672
0.0082351
0.0216365
0.0306110
0.0350834
0.0380323
0.0403661
0.0399392
0.0349091
0.0269511
0.0207120
0.0196231
0.0220361
0.0224506
0.0174616
0.0095967
0.0040563
0.0025828
0.0023676
0.0007019
-0.0012136
0.0002882
0.0069118
0.0157467
0.0209791
0.0189706
0.0122824
0.0081043
0.0122018
0.0250289
0.0439301
0.0679438
0.1001862
0.1473397
0.2173333
0.3138518
0.4275755
0.5298941
0.5770952
0.5276949
0.3665546
0.1216144
-0.1417818
-0.3514221
-0.4651215
-0.4867851
-0.4510982
-0.3930627
-0.3284556
-0.2571823
-0.1799638
-0.1087970
-0.0599574
-0.0375421
-0.0271452
-0.0088736
0.0235705
0.0584835
0.0800738
0.0843427
0.0808530
0.0809999
0.0863168
0.0885274
0.0805969
0.0663742
0.0573451
0.0597256
0.0673433
0.0689795
0.0609238
0.0499879
0.0450231
0.0478251
0.0527349
0.0538668
0.0517640
0.0522778
0.0585736
0.0658070
0.0662570
0.0595011
0.0541955
0.0580215
0.0678759
0.0722879
0.0633243
0.0451600
0.0307536
0.0295702
0.0377805
0.0413133
0.0300091
0.0080954
-0.0110676
-0.0199119
-0.0240389
-0.0348017
-0.0568098
-0.0835654
-0.1043822
-0.1152641
-0.1232432
-0.1391601
-0.1655913
-0.1934817
-0.2119532
-0.2195576
-0.2236329
-0.2299538
-0.2360497
-0.2350826
-0.2244761
-0.2097109
-0.1994149
-0.1963663
-0.1941164
-0.1842355
-0.1663527
-0.1481029
-0.1347154
-0.1222107
-0.1030607
-0.0761756
-0.0486032
-0.0281709
-0.0161826
-0.0070987
0.0053042
0.0212776
0.0349240
0.0413315
0.0426590
0.0452969
0.0521321
0.0602808
0.0659042
0.0683042
0.0690108
0.0692006
0.0684927
0.0649165
0.0566495
0.0454713
0.0373650
0.0370610
0.0421651
0.0447627
0.0389610
0.0259162
0.0123207
0.0049597
0.0054008
0.0088542
0.0096498
0.0084580
0.0116157
0.0220414
0.0337549
0.0378194
0.0318138
0.0213200
0.0135546
0.0112209
0.0113737
0.0092244
0.0041176
0.0015724
0.0071449
0.0184479
0.0264606
0.0254389
0.0186086
0.0131961
0.0125181
0.0140238
0.0131778
0.0086098
0.0044381
0.0064190
0.0141493
0.0194223
0.0156304
0.0066932
0.0020821
0.0039156
0.0039169
-0.0059553
-0.0231958
-0.0363089
-0.0355356
-0.0224860
-0.0097483
-0.0090799
-0.0192185
-0.0282252
-0.0285711
-0.0251315
-0.0257461
-0.0290781
-0.0268617
-0.0154629
-0.0005895
0.0085851
0.0075278
-0.0001110
-0.0057909
-0.0048148
-0.0019973
-0.0056419
-0.0161843
-0.0252424
-0.0262728
-0.0213820
-0.0168689
-0.0167960
-0.0217217
-0.0290273
-0.0336502
-0.0327211
-0.0295602
-0.0288358
-0.0287011
-0.0231050
-0.0114623
-0.0006192
0.0029153
-0.0014526
-0.0096322
-0.0158989
-0.0167972
-0.0156304
-0.0196150
-0.0286060
-0.0317834
-0.0213011
-0.0041813
0.0061706
0.0059576
0.0017371
-0.0007634
-0.0017969
-0.0044325
-0.0110225
-0.0195006
-0.0210143
-0.0078588
0.0135983
0.0265492
0.0240668
0.0165714
0.0151875
0.0181765
0.0186172
0.0146133
0.0067003
-0.0041538
-0.0117017
-0.0090478
-0.0013351
-0.0011232
-0.0092291
-0.0150621
-0.0167425
-0.0223668
-0.0300202
-0.0282147
-0.0184393
-0.0129079
-0.0078319
0.0110626
0.0319618
0.0234927
-0.0087706
-0.0125015
0.0397034
