-0.3254625
-0.4918893
-0.5628490
-0.5683913
-0.5399524
-0.4916168
-0.4260556
-0.3483319
-0.2698251
-0.2017269
-0.1492573
-0.1126558
-0.0903479
-0.0787158
-0.0707254
-0.0590493
-0.0425732
-0.0281457
-0.0233588
-0.0273555
-0.0305390
-0.0244056
-0.0106642
0.0007690
0.0025632
-0.0026711
-0.0062289
-0.0031878
0.0029243
0.0049850
0.0003168
-0.0066604
-0.0086906
-0.0015020
0.0138795
0.0326050
0.0488709
0.0587181
0.0622276
0.0636757
0.0683022
0.0775328
0.0874332
0.0928987
0.0937599
0.0959876
0.1060221
0.1240041
0.1432045
0.1562222
0.1613256
0.1628164
0.1661765
0.1736005
0.1835167
0.1928024
0.1988445
0.2006909
0.1998021
0.1996505
0.2030394
0.2088008
0.2118513
0.2078174
0.1977341
0.1871726
0.1802195
0.1750707
0.1663972
0.1516852
0.1342345
0.1198131
0.1112713
0.1067421
0.1019557
0.0932040
0.0789087
0.0604996
0.0425102
0.0299160
0.0231954
0.0164797
0.0031427
-0.0156253
-0.0297733
-0.0304805
-0.0210911
-0.0152921
-0.0228318
-0.0386498
-0.0486207
-0.0458213
-0.0383583
-0.0395860
-0.0524323
-0.0661437
-0.0684715
-0.0584366
-0.0457046
-0.0394106
-0.0403596
-0.0437400
-0.0459699
-0.0466018
-0.0453728
-0.0410902
-0.0344444
-0.0292848
-0.0284114
-0.0286770
-0.0231238
-0.0094602
0.0050712
0.0095922
0.0008434
-0.0127236
-0.0190544
-0.0142597
-0.0055590
-0.0028263
-0.0083263
-0.0153177
-0.0160076
-0.0096744
-0.0026360
-0.0010611
-0.0048743
-0.0089919
-0.0098530
-0.0097517
-0.0142260
-0.0253402
-0.0380702
-0.0438333
-0.0380104
-0.0243767
-0.0123329
-0.0094664
-0.0159439
-0.0252827
-0.0304014
-0.0294841
-0.0266097
-0.0268533
-0.0307025
-0.0334391
-0.0303055
-0.0221208
-0.0151242
-0.0148988
-0.0209366
-0.0278457
-0.0315485
-0.0330410
-0.0354987
-0.0388446
-0.0389358
-0.0325178
-0.0217887
-0.0129940
-0.0107839
-0.0146546
-0.0205256
-0.0246089
-0.0256131
-0.0247105
-0.0246500
-0.0280471
-0.0345117
-0.0390737
-0.0355177
-0.0232859
-0.0104257
-0.0071669
-0.0153251
-0.0254691
-0.0265075
-0.0178369
-0.0099363
-0.0118757
-0.0196935
-0.0193953
-0.0019163
0.0264264
0.0496791
0.0580653
0.0570815
0.0609572
0.0783384
0.1052506
0.1313570
0.1513269
0.1689279
0.1903890
0.2150177
0.2332374
0.2340343
0.2144417
0.1821890
0.1494798
0.1238337
0.1038757
0.0829713
0.0567254
0.0275237
0.0024294
-0.0132397
-0.0206395
-0.0261245
-0.0352163
-0.0475487
-0.0577182
-0.0613049
-0.0600167
-0.0604020
-0.0669960
-0.0769168
-0.0820806
-0.0774492
-0.0668679
-0.0598965
-0.0624504
-0.0711447
-0.0776558
-0.0783561
-0.0781796
-0.0839091
-0.0944687
-0.1000757
-0.0924409
-0.0749807
-0.0607015
-0.0586724
-0.0635174
-0.0603339
-0.0407590
-0.0123261
0.0112559
0.0305608
0.0686292
0.1525330
0.2802872
0.4038514
0.4495548
0.3653352
0.1584871
-0.1067361
-0.3491315
-0.5152307
-0.5957767
-0.6094855
-0.5772903
-0.5116226
-0.4234108
-0.3302633
-0.2521465
-0.1989480
-0.1650921
-0.1381325
-0.1120321
-0.0909200
-0.0805237
-0.0783481
-0.0742539
-0.0605520
-0.0399383
-0.0224691
-0.0152269
-0.0159998
-0.0171430
-0.0144345
-0.0109454
-0.0122512
-0.0189376
-0.0248028
-0.0225714
-0.0110283
0.0036300
0.0134001
0.0155697
0.0147384
0.0180438
0.0280972
0.0403514
0.0477580
0.0485450
0.0491722
0.0585437
0.0785589
0.1009326
0.1145628
0.1163741
0.1139776
0.1169233
0.1261990
0.1340024
0.1340657
0.1302093
0.1325763
0.1456401
0.1622276
0.1709537
0.1685650
0.1628343
0.1628688
0.1684159
0.1705260
0.1623690
0.1475155
0.1365600
0.1363483
0.1435484
0.1485379
0.1445611
0.1329591
0.1205750
0.1129503
0.1095586
0.1046062
0.0924405
0.0732263
0.0539082
0.0427161
0.0413787
0.0425967
0.0363819
0.0199320
0.0010087
-0.0094123
-0.0082316
-0.0035669
-0.0066426
-0.0205781
-0.0376107
-0.0471877
-0.0461004
-0.0404826
-0.0387173
-0.0434298
-0.0504054
-0.0541670
-0.0535286
-0.0517678
-0.0522592
-0.0545059
-0.0542903
-0.0475634
-0.0346633
-0.0212324
-0.0145090
-0.0173668
-0.0252297
-0.0295697
-0.0256940
-0.0172625
-0.0122049
-0.0137940
-0.0167956
-0.0136067
-0.0036776
0.0049849
0.0045192
-0.0038581
-0.0112702
-0.0113100
-0.0069286
-0.0062665
-0.0128583
-0.0217432
-0.0252172
-0.0207767
-0.0126267
-0.0066837
-0.0056307
-0.0083600
-0.0122749
-0.0153033
-0.0169150
-0.0185063
-0.0222555
-0.0281743
-0.0323839
-0.0301156
-0.0215072
-0.0132096
-0.0123365
-0.0187865
-0.0252696
-0.0257778
-0.0226981
-0.0239357
-0.0334029
-0.0460951
-0.0530573
-0.0498998
-0.0396350
-0.0285624
-0.0212848
-0.0193096
-0.0218728
-0.0265013
-0.0300961
-0.0317054
-0.0342113
-0.0411092
-0.0505344
-0.0543141
-0.0456192
-0.0278729
-0.0138382
-0.0138818
-0.0253686
-0.0350808
-0.0326262
-0.0207849
-0.0121990
-0.0164016
-0.0306817
-0.0433185
-0.0448445
-0.0358545
-0.0246259
-0.0183190
-0.0170383
-0.0158727
-0.0113576
-0.0047993
0.0006522
0.0048706
0.0114223
0.0235269
0.0406813
0.0600565
0.0802636
0.1021647
0.1260118
0.1496606
0.1708615
0.1899787
0.2080133
0.2217296
0.2234949
0.2085859
0.1821361
0.1560602
0.1375929
0.1221812
0.0995628
0.0664877
0.0313608
0.0055045
-0.0085330
-0.0182329
-0.0313848
-0.0473667
-0.0589395
-0.0610850
-0.0562622
-0.0513510
-0.0513334
-0.0565382
-0.0642621
-0.0711564
-0.0745551
-0.0738916
-0.0720881
-0.0740958
-0.0817797
-0.0900440
-0.0901363
-0.0786271
-0.0626431
-0.0543794
-0.0595940
-0.0722071
-0.0807317
-0.0791000
-0.0701270
-0.0592354
-0.0472325
-0.0303240
-0.0049701
0.0308717
0.0819075
0.1564659
0.2565563
0.3629978
0.4324465
0.4164157
0.2922375
0.0823179
-0.1545229
-0.3537105
-0.4752726
-0.5147010
-0.4926045
-0.4363183
-0.3674240
-0.2991276
-0.2385940
-0.1889081
-0.1500229
-0.1203781
-0.0988107
-0.0845509
-0.0752048
-0.0659297
-0.0522740
-0.0344253
-0.0178614
-0.0087737
-0.0085531
-0.0129229
-0.0162885
-0.0164877
-0.0154080
-0.0157847
-0.0179415
-0.0192643
-0.0163186
-0.0078846
0.0031784
0.0112219
0.0124661
0.0094649
0.0100253
0.0197749
0.0353620
0.0467156
0.0477045
0.0440501
0.0486904
0.0683502
0.0956883
0.1159468
0.1210926
0.1164384
0.1136902
0.1191922
0.1297783
0.1385966
0.1428021
0.1453618
0.1511247
0.1622541
0.1764145
0.1878566
0.1907601
0.1837751
0.1724768
0.1659183
0.1685172
0.1750488
0.1753578
0.1652187
0.1516977
0.1463225
0.1529890
0.1638396
0.1673464
0.1591332
0.1439491
0.1284033
0.1142489
0.0993854
0.0832272
0.0685233
0.0577781
0.0498826
0.0416411
0.0318219
0.0221872
0.0144980
0.0079290
0.0003086
-0.0088835
-0.0179710
-0.0254552
-0.0317828
-0.0381256
-0.0440434
-0.0473280
-0.0463891
-0.0424270
-0.0390378
-0.0396460
-0.0449008
-0.0518423
-0.0555450
-0.0526824
-0.0447314
-0.0375722
-0.0365280
-0.0408208
-0.0435631
-0.0385407
-0.0272103
-0.0179305
-0.0175460
-0.0243075
-0.0299484
-0.0284246
-0.0214969
-0.0155394
-0.0141634
-0.0151663
-0.0141968
-0.0098165
-0.0043785
-0.0010365
-0.0010194
-0.0033443
-0.0058151
-0.0061192
-0.0034105
0.0000491
-0.0003346
-0.0072293
-0.0173389
-0.0229025
-0.0186455
-0.0073579
0.0021271
0.0027572
-0.0050231
-0.0148099
-0.0204096
-0.0203725
-0.0178997
-0.0177971
-0.0230847
-0.0325446
-0.0405172
-0.0405212
-0.0313099
-0.0196652
-0.0153813
-0.0220020
-0.0330541
-0.0387426
-0.0363226
-0.0325926
-0.0356925
-0.0455995
-0.0538812
-0.0524001
-0.0410917
-0.0272927
-0.0189191
-0.0189492
-0.0249704
-0.0319491
-0.0354837
-0.0346025
-0.0328660
-0.0355030
-0.0433389
-0.0496167
-0.0451947
-0.0286229
-0.0101273
-0.0033804
-0.0124000
-0.0273522
-0.0340007
-0.0269588
-0.0133661
-0.0044719
-0.0048095
-0.0092290
-0.0086365
0.0024361
0.0226035
0.0456541
0.0653258
0.0797134
0.0924121
0.1090042
0.1314006
0.1556430
0.1759981
0.1909786
0.2039092
0.2168166
0.2250435
0.2199781
0.1977545
0.1641812
0.1301343
0.1024753
0.0800615
0.0577444
0.0324854
0.0053283
-0.0204801
-0.0412227
-0.0532922
-0.0548852
-0.0488158
-0.0425123
-0.0430287
-0.0513581
-0.0624943
-0.0714577
-0.0782734
-0.0861800
-0.0958011
-0.1028917
-0.1024825
-0.0942435
-0.0828474
-0.0736183
-0.0688289
-0.0677678
-0.0685994
-0.0693390
-0.0684578
-0.0663888
-0.0660465
-0.0695202
-0.0730640
-0.0672965
-0.0454952
-0.0122558
0.0192661
0.0426056
0.0707753
0.1292072
0.2292530
0.3446128
0.4157227
0.3847132
0.2357743
0.0089151
-0.2237740
-0.4000594
-0.4958012
-0.5224382
-0.5038290
-0.4568690
-0.3903713
-0.3151234
-0.2477648
-0.2015809
-0.1749965
-0.1527527
-0.1208416
-0.0804780
-0.0468226
-0.0341633
-0.0428056
-0.0597458
-0.0703810
-0.0689258
-0.0594185
-0.0496044
-0.0446469
-0.0445322
-0.0449530
-0.0405865
-0.0294561
-0.0153420
-0.0051193
-0.0023726
-0.0035629
-0.0014262
0.0074968
0.0193428
0.0272820
0.0287437
0.0276223
0.0298243
0.0378811
0.0501772
0.0640601
0.0781876
0.0919597
0.1040811
0.1126085
0.1161328
0.1145877
0.1095093
0.1042672
0.1035494
0.1109300
0.1256403
0.1419664
0.1530783
0.1564123
0.1554108
0.1556954
0.1593733
0.1630892
0.1617157
0.1541403
0.1455551
0.1435599
0.1508818
0.1613544
0.1641320
0.1537139
0.1362258
0.1241448
0.1232310
0.1254007
0.1167196
0.0930967
0.0660947
0.0511213
0.0504738
0.0505746
0.0369524
0.0100031
-0.0162053
-0.0298400
-0.0330815
-0.0372127
-0.0486898
-0.0629381
-0.0711612
-0.0699114
-0.0626231
-0.0544248
-0.0486594
-0.0478256
-0.0539022
-0.0651935
-0.0747242
-0.0754989
-0.0684583
-0.0628866
-0.0666116
-0.0764744
-0.0809995
-0.0734039
-0.0601588
-0.0545432
-0.0618377
-0.0729332
-0.0740778
-0.0623695
-0.0497862
-0.0507187
-0.0659551
-0.0803995
-0.0776431
-0.0567831
-0.0345121
-0.0308847
-0.0534813
-0.0945702
-0.1409853
-0.1846886
-0.2256039
-0.2696006
-0.3274031
-0.4124358
-0.5316542
-0.6730710
-0.8052137
-0.8973762
-0.9464168
-0.9826165
-1.0441266
-1.1418344
-1.2477813
-1.3166780
-1.3181041
-1.2516216
-1.1398162
-1.0147399
-0.9094618
-0.8507338
-0.8467270
-0.8777492
-0.9047342
-0.8951654
-0.8450030
-0.7755772
-0.7089710
-0.6469863
-0.5733176
-0.4734996
-0.3508853
-0.2246087
-0.1149463
-0.0311840
0.0293729
0.0743674
0.1094296
0.1361732
0.1546998
0.1672902
0.1798940
0.1997594
0.2305625
0.2691358
0.3074437
0.3389387
0.3637154
0.3873301
0.4142005
0.4422136
0.4643835
0.4764694
0.4831165
0.4957303
0.5228626
0.5615622
0.5983028
0.6196928
0.6236882
0.6209308
0.6248535
0.6398255
0.6583372
0.6693065
0.6689052
0.6634259
0.6621927
0.6684231
0.6771470
0.6811627
0.6778305
0.6698773
0.6608097
0.6510018
0.6384727
0.6223925
0.6046920
0.5880292
0.5725907
0.5551013
0.5309033
0.4973267
0.4559589
0.4122578
0.3722574
0.3380724
0.3059351
0.2697591
0.2282334
0.1884451
0.1608238
0.1490291
0.1450691
0.1357695
0.1149010
0.0886609
0.0687134
0.0600696
0.0565553
0.0484032
0.0334715
0.0198582
0.0171669
0.0259027
0.0362624
0.0374233
0.0275693
0.0146236
0.0076087
0.0079539
0.0094255
0.0059221
-0.0016915
-0.0068992
-0.0050405
0.0014190
0.0052964
0.0017224
-0.0076893
-0.0172319
-0.0228380
-0.0253135
-0.0285566
-0.0351465
-0.0434999
-0.0488722
-0.0472943
-0.0394225
-0.0311173
-0.0295353
-0.0371661
-0.0490918
-0.0570399
-0.0573126
-0.0545975
-0.0568927
-0.0663731
-0.0763201
-0.0780705
-0.0705978
-0.0620156
-0.0612440
-0.0691014
-0.0784531
-0.0825880
-0.0820110
-0.0824525
-0.0873304
-0.0936859
-0.0957193
-0.0912818
-0.0842223
-0.0807836
-0.0841598
-0.0920737
-0.0988454
-0.0999881
-0.0958598
-0.0914216
-0.0917555
-0.0967756
-0.1003126
-0.0955473
-0.0824082
-0.0693468
-0.0664665
-0.0759163
-0.0893906
-0.0960389
-0.0930570
-0.0878072
-0.0890915
-0.0970077
-0.1025366
-0.0974406
-0.0836871
-0.0719454
-0.0705755
-0.0770972
-0.0815883
-0.0782591
-0.0721561
-0.0732765
-0.0845771
-0.0973508
-0.0993250
-0.0868990
-0.0687092
-0.0572796
-0.0578391
-0.0653250
-0.0711344
-0.0714229
-0.0688160
-0.0676680
-0.0692481
-0.0713584
-0.0711095
-0.0673357
-0.0613196
-0.0563348
-0.0559224
-0.0608427
-0.0670655
-0.0682670
-0.0622823
-0.0550982
-0.0562777
-0.0684185
-0.0816536
-0.0812114
-0.0623854
-0.0374223
-0.0255241
-0.0349076
-0.0552354
-0.0684104
-0.0664536
-0.0579844
-0.0572910
-0.0682876
-0.0803301
-0.0796563
-0.0637882
-0.0439227
-0.0337674
-0.0372354
-0.0470977
-0.0539332
-0.0546367
-0.0525777
-0.0517867
-0.0527371
-0.0531021
-0.0505413
-0.0439805
-0.0338055
-0.0228131
-0.0165080
-0.0195719
-0.0300828
-0.0388039
-0.0375042
-0.0288356
-0.0252613
-0.0354916
-0.0527672
-0.0597276
-0.0464084
-0.0218067
-0.0054975
-0.0080353
-0.0215467
-0.0301483
-0.0274778
-0.0217075
-0.0240123
-0.0351788
-0.0452799
-0.0450133
-0.0350501
-0.0242902
-0.0208363
-0.0253346
-0.0316264
-0.0325674
-0.0260079
-0.0167711
-0.0129315
-0.0185991
-0.0291959
-0.0344514
-0.0274820
-0.0114446
0.0032523
0.0084957
0.0048156
-0.0013852
-0.0050765
-0.0058119
-0.0052858
-0.0047345
-0.0053264
-0.0081456
-0.0111539
-0.0076608
0.0082583
0.0334637
0.0556591
0.0648143
0.0644763
0.0690033
0.0884467
0.1181631
0.1452499
0.1635628
0.1787697
0.1980207
0.2183781
0.2287135
0.2215332
0.1993105
0.1693786
0.1370534
0.1061759
0.0824051
0.0696827
0.0624836
0.0471635
0.0164127
-0.0185841
-0.0359235
-0.0259730
-0.0040452
0.0037972
-0.0125567
-0.0379290
-0.0498115
-0.0422030
-0.0291105
-0.0269852
-0.0381771
-0.0519611
-0.0574871
-0.0526841
-0.0427587
-0.0343711
-0.0319222
-0.0357538
-0.0410023
-0.0400042
-0.0296182
-0.0162666
-0.0098196
-0.0105945
-0.0060828
0.0154699
0.0512728
0.0914604
0.1418243
0.2287080
0.3670692
0.5193212
0.5959817
0.5136440
0.2642601
-0.0694277
-0.3690756
-0.5567839
-0.6273763
-0.6211695
-0.5772962
-0.5127921
-0.4328366
-0.3456709
-0.2630977
-0.1927552
-0.1360535
-0.0926599
-0.0625403
-0.0426899
-0.0255943
-0.0046618
0.0188142
0.0366648
0.0431694
0.0420905
0.0429494
0.0512268
0.0640738
0.0750132
0.0801604
0.0794224
0.0748047
0.0701011
0.0706754
0.0802105
0.0966439
0.1126393
0.1213285
0.1220237
0.1204737
0.1233764
0.1322419
0.1427157
0.1500795
0.1544864
0.1598601
0.1688910
0.1811092
0.1948890
0.2082341
0.2174345
0.2183836
0.2108689
0.1994729
0.1891943
