0.0953183
0.1104906
0.0491470
-0.0009678
-0.0124259
-0.0250185
-0.0592241
-0.0935028
-0.1152658
-0.1341059
-0.1481161
-0.1460324
-0.1401301
-0.1546391
-0.1837593
-0.1984375
-0.1921940
-0.1861413
-0.1905113
-0.1921024
-0.1791472
-0.1523245
-0.1127145
-0.0622240
-0.0141436
0.0170282
0.0344081
0.0516822
0.0722646
0.0896446
0.1013189
0.1084682
0.1094502
0.1063189
0.1090376
0.1209591
0.1295923
0.1240383
0.1120630
0.1072779
0.1077741
0.1000107
0.0783497
0.0512356
0.0324636
0.0316143
0.0464837
0.0609956
0.0585902
0.0410768
0.0259180
0.0230905
0.0249319
0.0209919
0.0114908
0.0024964
-0.0016653
0.0026402
0.0171794
0.0353592
0.0449508
0.0412677
0.0321812
0.0286099
0.0348632
0.0474228
0.0576790
0.0579531
0.0508499
0.0495958
0.0624341
0.0804110
0.0883783
0.0847003
0.0815334
0.0875964
0.0986463
0.1045324
0.1000955
0.0899742
0.0860466
0.0971687
0.1180283
0.1319063
0.1277672
0.1105217
0.0919774
0.0775167
0.0652980
0.0525976
0.0380903
0.0221631
0.0088074
0.0033429
0.0054384
0.0082835
0.0067358
0.0022343
-0.0017696
-0.0047438
-0.0078915
-0.0118278
-0.0160807
-0.0175376
-0.0106262
0.0058426
0.0228685
0.0281952
0.0196021
0.0068758
0.0007162
0.0036223
0.0107085
0.0151800
0.0139503
0.0118384
0.0188869
0.0395123
0.0654957
0.0831318
0.0859305
0.0778527
0.0670223
0.0597446
0.0578811
0.0580241
0.0547829
0.0475092
0.0416629
0.0414225
0.0436880
0.0417118
0.0322810
0.0176400
0.0027358
-0.0086341
-0.0179027
-0.0319674
-0.0549122
-0.0789349
-0.0890119
-0.0792840
-0.0611002
-0.0521185
-0.0593371
-0.0736889
-0.0790804
-0.0666590
-0.0429154
-0.0239651
-0.0198222
-0.0251336
-0.0273703
-0.0216542
-0.0136121
-0.0095011
-0.0085341
-0.0050692
0.0051099
0.0207446
0.0349212
0.0398992
0.0348623
0.0281799
0.0296204
0.0405378
0.0525258
0.0544405
0.0408905
0.0172353
-0.0028298
-0.0088051
-0.0048116
-0.0057904
-0.0194426
-0.0353509
-0.0359461
-0.0166604
0.0080884
0.0187135
0.0086920
-0.0107242
-0.0235047
-0.0263089
-0.0308557
-0.0470260
-0.0668069
-0.0704858
-0.0487609
-0.0139876
0.0117480
0.0165231
0.0062408
-0.0034194
-0.0004375
0.0160091
0.0389347
0.0639046
0.0966742
0.1532595
0.2559112
0.4255792
0.6642884
0.9308867
1.1345788
1.1683613
0.9700008
0.5674983
0.0729755
-0.3737948
-0.6752605
-0.8133334
-0.8328157
-0.7919706
-0.7239447
-0.6341761
-0.5218417
-0.3977831
-0.2845052
-0.2023119
-0.1544271
-0.1245288
-0.0914495
-0.0488376
-0.0096916
0.0092132
0.0059271
-0.0042764
-0.0037271
0.0110301
0.0268279
0.0285289
0.0165816
0.0078322
0.0168499
0.0389851
0.0559191
0.0568320
0.0494278
0.0492198
0.0615605
0.0762853
0.0786362
0.0642255
0.0436172
0.0323899
0.0367144
0.0491870
0.0580185
0.0579340
0.0520040
0.0463131
0.0448213
0.0469899
0.0483236
0.0451605
0.0406353
0.0434708
0.0581514
0.0777348
0.0892964
0.0866127
0.0759585
0.0689708
0.0701100
0.0715663
0.0617963
0.0397520
0.0182667
0.0103493
0.0134263
0.0112279
-0.0082702
-0.0404185
-0.0708253
-0.0918740
-0.1096813
-0.1348611
-0.1678010
-0.1947438
-0.2005826
-0.1860115
-0.1691861
-0.1678986
-0.1817723
-0.1948912
-0.1948553
-0.1856772
-0.1811600
-0.1878705
-0.1963469
-0.1894369
-0.1596761
-0.1182153
-0.0852793
-0.0715239
-0.0700614
-0.0665132
-0.0541426
-0.0380749
-0.0272892
-0.0247285
-0.0243835
-0.0170220
0.0002305
0.0196195
0.0297930
0.0279168
0.0229473
0.0253800
0.0348234
0.0394147
0.0281148
0.0037155
-0.0168586
-0.0172279
0.0018999
0.0222558
0.0260943
0.0135555
-0.0004023
-0.0049721
-0.0052186
-0.0136589
-0.0331512
-0.0512279
-0.0521510
-0.0339683
-0.0123111
-0.0056968
-0.0171115
-0.0321336
-0.0358181
-0.0288053
-0.0247312
-0.0335225
-0.0499809
-0.0588354
-0.0497308
-0.0273114
-0.0069748
-0.0000913
-0.0034460
-0.0046281
0.0022835
0.0090987
0.0032605
-0.0163119
-0.0354324
-0.0374046
-0.0195329
0.0031348
0.0113956
0.0001626
-0.0174934
-0.0253663
-0.0214608
-0.0179561
-0.0250554
-0.0386938
-0.0456079
-0.0382623
-0.0227457
-0.0123682
-0.0146026
-0.0248153
-0.0329198
-0.0352048
-0.0374239
-0.0455283
-0.0559183
-0.0577207
-0.0445007
-0.0219504
-0.0036317
0.0006106
-0.0070489
-0.0148120
-0.0128272
-0.0032190
0.0023077
-0.0044497
-0.0186717
-0.0270513
-0.0209548
-0.0042243
0.0112616
0.0167910
0.0138549
0.0105510
0.0114981
0.0129740
0.0095799
0.0039749
0.0059076
0.0201346
0.0381384
0.0450193
0.0348139
0.0172236
0.0076404
0.0102884
0.0129491
0.0009771
-0.0235698
-0.0408205
-0.0342941
-0.0109552
0.0045785
-0.0036314
-0.0261450
-0.0400512
-0.0353489
-0.0258369
-0.0325883
-0.0587517
-0.0843250
-0.0875073
-0.0686975
-0.0494547
-0.0479214
-0.0598410
-0.0664426
-0.0578709
-0.0441772
-0.0427095
-0.0576460
-0.0742765
-0.0736785
-0.0521583
-0.0250076
-0.0105741
-0.0119771
-0.0162799
-0.0107416
0.0033665
0.0144919
0.0162344
0.0163350
0.0291992
0.0596711
0.0953536
0.1169821
0.1173248
0.1081564
0.1067504
0.1168722
0.1260256
0.1213841
0.1051238
0.0916370
0.0904417
0.0943059
0.0861827
0.0581471
0.0215575
-0.0040937
-0.0122681
-0.0161739
-0.0326578
-0.0616711
-0.0852163
-0.0868471
-0.0696436
-0.0532231
-0.0535871
-0.0675189
-0.0779877
-0.0742739
-0.0639533
-0.0627550
-0.0743388
-0.0845100
-0.0770742
-0.0525310
-0.0280604
-0.0195532
-0.0260308
-0.0326890
-0.0281238
-0.0165642
-0.0117656
-0.0197615
-0.0308972
-0.0310990
-0.0189636
-0.0076200
-0.0086969
-0.0174631
-0.0169064
0.0031751
0.0328026
0.0493793
0.0398039
0.0146104
-0.0017301
0.0046574
0.0235852
0.0327015
0.0210670
-0.0011660
-0.0155832
-0.0150012
-0.0088056
-0.0102013
-0.0204974
-0.0277718
-0.0211073
-0.0040137
0.0085455
0.0058904
-0.0083244
-0.0224535
-0.0304940
-0.0368345
-0.0481805
-0.0634523
-0.0734667
-0.0707281
-0.0585025
-0.0486779
-0.0500079
-0.0596714
-0.0677911
-0.0693560
-0.0694534
-0.0763042
-0.0907757
-0.1039137
-0.1046264
-0.0897955
-0.0674138
-0.0498398
-0.0435005
-0.0450467
-0.0471972
-0.0469398
-0.0469313
-0.0497170
-0.0523543
-0.0475289
-0.0300572
-0.0026664
0.0246464
0.0420368
0.0475833
0.0477109
0.0499981
0.0562711
0.0627572
0.0658194
0.0669539
0.0729074
0.0912234
0.1252490
0.1747934
0.2448206
0.3534245
0.5235109
0.7542489
0.9929495
1.1397698
1.0973139
0.8365272
0.4265216
-0.0017984
-0.3332436
-0.5252449
-0.6035855
-0.6148842
-0.5877524
-0.5319127
-0.4583212
-0.3871354
-0.3347558
-0.2998160
-0.2675572
-0.2279757
-0.1864989
-0.1555704
-0.1385763
-0.1259117
-0.1070924
-0.0831968
-0.0647545
-0.0585567
-0.0589698
-0.0526332
-0.0308703
0.0022637
0.0331230
0.0495107
0.0497456
0.0422071
0.0371148
0.0390227
0.0457819
0.0523975
0.0552566
0.0542845
0.0524673
0.0529421
0.0557206
0.0572932
0.0537607
0.0443199
0.0317196
0.0194519
0.0082392
-0.0048844
-0.0232857
-0.0458250
-0.0660452
-0.0778570
-0.0823942
-0.0881719
-0.1034327
-0.1278865
-0.1519035
-0.1646303
-0.1645392
-0.1625957
-0.1733877
-0.2011190
-0.2342906
-0.2554115
-0.2565361
-0.2453317
-0.2365841
-0.2384722
-0.2466232
-0.2502781
-0.2435562
-0.2308836
-0.2220478
-0.2227591
-0.2304108
-0.2382572
-0.2425141
-0.2453261
-0.2516610
-0.2634136
-0.2760254
-0.2814530
-0.2758576
-0.2643257
-0.2562925
-0.2554138
-0.2550325
-0.2449126
-0.2224861
-0.1970018
-0.1823318
-0.1850607
-0.1985612
-0.2083049
-0.2037461
-0.1864305
-0.1677365
-0.1589847
-0.1624892
-0.1704082
-0.1720839
-0.1641713
-0.1545915
-0.1553939
-0.1704582
-0.1908760
-0.2035923
-0.2040711
-0.1992664
-0.1985218
-0.2030523
-0.2047850
-0.1946232
-0.1713358
-0.1430467
-0.1209492
-0.1114287
-0.1127515
-0.1175250
-0.1181702
-0.1120524
-0.1031957
-0.0982907
-0.0990968
-0.0989597
-0.0891338
-0.0696187
-0.0521421
-0.0504117
-0.0670164
-0.0904965
-0.1056785
-0.1071512
-0.1028652
-0.1044116
-0.1136670
-0.1197250
-0.1101190
-0.0852610
-0.0606971
-0.0536592
-0.0665686
-0.0841103
-0.0878845
-0.0749431
-0.0611154
-0.0644769
-0.0857903
-0.1073744
-0.1118998
-0.0999892
-0.0874018
-0.0866166
-0.0943932
-0.0976614
-0.0885784
-0.0715035
-0.0563672
-0.0481491
-0.0440181
-0.0388923
-0.0311861
-0.0230593
-0.0176343
-0.0176394
-0.0251004
-0.0397661
-0.0580680
-0.0759606
-0.0933515
-0.1137231
-0.1380493
-0.1603709
-0.1714469
-0.1674855
-0.1548607
-0.1456011
-0.1474068
-0.1572664
-0.1649092
-0.1634278
-0.1570010
-0.1573848
-0.1714246
-0.1915628
-0.2000528
-0.1849900
-0.1533256
-0.1264482
-0.1205304
-0.1311787
-0.1392103
-0.1314318
-0.1130440
-0.0985295
-0.0934792
-0.0891056
-0.0740706
-0.0478615
-0.0206031
-0.0017221
0.0085872
0.0171109
0.0295533
0.0458007
0.0610845
0.0693669
0.0665254
0.0539416
0.0405492
0.0381561
0.0506105
0.0677207
0.0735551
0.0627999
0.0473204
0.0444362
0.0588012
0.0770473
0.0806175
0.0635445
0.0377849
0.0216637
0.0231524
0.0337696
0.0379674
0.0281592
0.0109892
-0.0005564
-0.0010879
0.0011835
-0.0068766
-0.0280515
-0.0493732
-0.0541115
-0.0393502
-0.0195821
-0.0118479
-0.0191278
-0.0301487
-0.0340077
-0.0317620
-0.0329573
-0.0433856
-0.0586628
-0.0692283
-0.0694103
-0.0610990
-0.0507004
-0.0443967
-0.0449676
-0.0498357
-0.0514570
-0.0429978
-0.0266322
-0.0144514
-0.0168666
-0.0291912
-0.0332775
-0.0156187
0.0170383
0.0428024
0.0460345
0.0322838
0.0212815
0.0265486
0.0436518
0.0579002
0.0606094
0.0559160
0.0535875
0.0588590
0.0699473
0.0820380
0.0906496
0.0924246
0.0864457
0.0763122
0.0688932
0.0685238
0.0723386
0.0732307
0.0686643
0.0653641
0.0727639
0.0911542
0.1089979
0.1152049
0.1136821
0.1219360
0.1530353
0.2019005
0.2550617
0.3159750
0.4152146
0.5848412
0.8133353
1.0245215
1.1094980
0.9939272
0.6886042
0.2838894
-0.1040266
-0.3913269
-0.5515782
-0.6035364
-0.5834108
-0.5235206
-0.4447433
-0.3586440
-0.2727383
-0.1943296
-0.1304276
-0.0839813
-0.0506259
-0.0213121
0.0094945
0.0382178
0.0566415
0.0627131
0.0652768
0.0763136
0.0987247
0.1230673
0.1367130
0.1357579
0.1279612
0.1246446
0.1300181
0.1381000
0.1396884
0.1322782
0.1232306
0.1230913
0.1353355
0.1523059
0.1616197
0.1575054
0.1460900
0.1386847
0.1393501
0.1400403
0.1292591
0.1052657
0.0794656
0.0662475
0.0698183
0.0808177
0.0848969
0.0744418
0.0533260
0.0320220
0.0186015
0.0133983
0.0107713
0.0052759
-0.0032478
-0.0095329
-0.0076548
0.0031232
0.0166964
0.0248367
0.0242817
0.0191525
0.0160895
0.0170716
0.0171990
0.0095424
-0.0076394
-0.0280709
-0.0419504
-0.0443300
-0.0401115
-0.0407589
-0.0550495
-0.0816976
-0.1101473
-0.1288339
-0.1340809
-0.1322891
-0.1334581
-0.1415669
-0.1506592
-0.1505647
-0.1368032
-0.1149548
-0.0954701
-0.0845005
-0.0798195
-0.0752222
-0.0681492
-0.0622518
-0.0621846
-0.0665862
-0.0676962
-0.0589599
-0.0427640
-0.0296486
-0.0291195
-0.0409939
-0.0558556
-0.0643157
-0.0660495
-0.0693819
-0.0813449
-0.0982547
-0.1071623
-0.0975059
-0.0713214
-0.0417060
-0.0214696
-0.0135047
-0.0115291
-0.0086785
-0.0041398
-0.0015450
-0.0025278
-0.0038791
-0.0017542
0.0025097
0.0025387
-0.0064644
-0.0217883
-0.0345991
-0.0376907
-0.0322604
-0.0270713
-0.0301621
-0.0403425
-0.0467718
-0.0381021
-0.0134748
0.0149919
0.0313823
0.0292513
0.0170791
0.0104299
0.0174345
0.0312314
0.0372164
0.0283830
0.0130666
0.0066549
0.0157251
0.0314249
0.0391103
0.0336951
0.0239993
0.0215200
0.0264738
0.0273402
0.0149578
-0.0049398
-0.0159623
-0.0084234
0.0091882
0.0175561
0.0051040
-0.0215029
-0.0448544
-0.0533181
-0.0495907
-0.0441640
-0.0424655
-0.0396862
-0.0278272
-0.0064645
0.0143822
0.0222454
0.0133555
-0.0035917
-0.0149188
-0.0143359
-0.0084987
-0.0093743
-0.0201301
-0.0295823
-0.0228722
0.0016539
0.0280003
0.0369943
0.0252016
0.0078116
0.0020311
0.0091695
0.0151473
0.0081761
-0.0072685
-0.0163187
-0.0119418
-0.0036491
-0.0066359
-0.0245882
-0.0462396
-0.0589569
-0.0629471
-0.0697700
-0.0874262
-0.1095334
-0.1211701
-0.1150090
-0.0997670
-0.0915396
-0.0974774
-0.1094007
-0.1137323
-0.1065520
-0.0977567
-0.1004350
-0.1169190
-0.1357468
-0.1421201
-0.1309418
-0.1097905
-0.0901460
-0.0767595
-0.0654605
-0.0498515
-0.0286830
-0.0066187
0.0111014
0.0237581
0.0349253
0.0478328
0.0616466
0.0725834
0.0782635
0.0801610
0.0813720
0.0824147
0.0800975
0.0711665
0.0571837
0.0453094
0.0432234
0.0522650
0.0654877
0.0733553
0.0721379
0.0665443
0.0635809
0.0642556
0.0629060
0.0558767
0.0498514
0.0586656
0.0897431
0.1350865
0.1800312
0.2241254
0.2917583
0.4159151
0.6038771
0.8135928
0.9633721
0.9715115
0.8005121
0.4792021
0.0916129
-0.2600328
-0.4989177
-0.6017097
-0.5965398
-0.5336942
-0.4505832
-0.3568976
-0.2480726
-0.1291099
-0.0222745
0.0489380
0.0807568
0.0912485
0.1013239
0.1155890
0.1230940
0.1152215
0.0994733
0.0937388
0.1079621
0.1336649
0.1523125
0.1527953
0.1395388
0.1244536
0.1136294
0.1036917
0.0901245
0.0760617
0.0704692
0.0778820
0.0921848
0.1022779
0.1032539
0.0999000
0.0985680
0.0978709
0.0903161
0.0731796
0.0546239
0.0462255
0.0500504
0.0560706
0.0536633
0.0433956
0.0343910
0.0305203
0.0235814
0.0039057
-0.0234491
-0.0379931
-0.0227161
0.0172280
0.0576839
0.0782222
0.0800036
0.0798814
0.0887382
0.0993060
0.0968329
0.0791097
0.0616240
0.0611169
0.0761304
0.0870017
0.0758154
0.0443761
0.0108769
-0.0098327
-0.0196740
-0.0303858
-0.0464043
-0.0590586
-0.0588412
-0.0498033
-0.0471661
-0.0599927
-0.0798856
-0.0900563
-0.0842101
-0.0722952
-0.0663232
-0.0645109
-0.0543222
-0.0309668
-0.0074630
-0.0020239
-0.0171613
-0.0364683
-0.0438010
-0.0413801
-0.0441558
-0.0576648
-0.0680837
-0.0582759
-0.0303626
-0.0059582
-0.0024392
-0.0136913
-0.0187118
-0.0072522
0.0089326
0.0121804
0.0013713
-0.0071563
-0.0002313
0.0166096
0.0274604
0.0261542
0.0221049
0.0257297
0.0339822
0.0353431
0.0270596
0.0208951
0.0288062
0.0468013
0.0584552
0.0545193
0.0439298
0.0418727
0.0497529
0.0527920
0.0391747
0.0171582
0.0080094
0.0218792
0.0450037
0.0537757
