-0.0060797
-0.0076379
-0.0102868
-0.0150453
-0.0183272
-0.0147757
-0.0082247
-0.0078630
-0.0137258
-0.0164440
-0.0122652
-0.0088881
-0.0137019
-0.0231861
-0.0272533
-0.0201726
-0.0054300
0.0076166
0.0116767
0.0084003
0.0064855
0.0110170
0.0174107
0.0194901
0.0206182
0.0312102
0.0561427
0.0906796
0.1310152
0.1849716
0.2671772
0.3795992
0.4943507
0.5586387
0.5262291
0.3931919
0.2047731
0.0246096
-0.1054423
-0.1800889
-0.2151716
-0.2254906
-0.2169885
-0.1931103
-0.1616103
-0.1321214
-0.1081338
-0.0849848
-0.0582700
-0.0322471
-0.0160262
-0.0118197
-0.0114942
-0.0065937
0.0016039
0.0049479
-0.0003112
-0.0080435
-0.0083641
0.0020312
0.0163034
0.0243264
0.0228866
0.0181826
0.0179073
0.0225267
0.0260466
0.0242748
0.0199456
0.0195185
0.0264639
0.0379464
0.0471981
0.0493348
0.0457148
0.0422459
0.0427372
0.0448238
0.0436864
0.0390178
0.0364464
0.0416135
0.0537302
0.0656030
0.0702276
0.0675378
0.0642050
0.0660083
0.0710351
0.0721950
0.0665275
0.0597425
0.0601366
0.0693520
0.0807921
0.0866743
0.0852661
0.0810518
0.0787740
0.0783315
0.0761593
0.0712353
0.0678948
0.0710855
0.0795492
0.0858043
0.0834718
0.0733741
0.0617143
0.0530797
0.0461885
0.0366431
0.0234550
0.0118480
0.0081866
0.0119316
0.0145204
0.0079688
-0.0062774
-0.0190899
-0.0242484
-0.0252707
-0.0304464
-0.0420548
-0.0525145
-0.0524392
-0.0419581
-0.0320979
-0.0335841
-0.0453155
-0.0560461
-0.0573507
-0.0523416
-0.0503021
-0.0548889
-0.0604190
-0.0596363
-0.0526453
-0.0465273
-0.0467759
-0.0509574
-0.0520612
-0.0475335
-0.0429843
-0.0456858
-0.0554614
-0.0639673
-0.0632606
-0.0537959
-0.0434331
-0.0394324
-0.0420647
-0.0456284
-0.0450179
-0.0409096
-0.0382772
-0.0400732
-0.0434160
-0.0428045
-0.0365309
-0.0288095
-0.0254641
-0.0282271
-0.0335361
-0.0364986
-0.0356149
-0.0334664
-0.0329823
-0.0338797
-0.0336687
-0.0316749
-0.0303415
-0.0318396
-0.0348013
-0.0360107
-0.0349812
-0.0352063
-0.0400010
-0.0476938
-0.0521554
-0.0489166
-0.0405310
-0.0347337
-0.0365727
-0.0431505
-0.0472954
-0.0459436
-0.0431734
-0.0444893
-0.0496644
-0.0527750
-0.0490875
-0.0406323
-0.0342784
-0.0347446
-0.0404328
-0.0463644
-0.0499975
-0.0525326
-0.0547751
-0.0542947
-0.0486446
-0.0402232
-0.0352112
-0.0368884
-0.0417093
-0.0435170
-0.0410217
-0.0393466
-0.0434448
-0.0511526
-0.0546246
-0.0491526
-0.0390192
-0.0329466
-0.0342803
-0.0377679
-0.0366568
-0.0310587
-0.0273604
-0.0298105
-0.0346173
-0.0334216
-0.0221278
-0.0053719
0.0081224
0.0142241
0.0168213
0.0226948
0.0341281
0.0476129
0.0592854
0.0698865
0.0833713
0.1012716
0.1196240
0.1319513
0.1349121
0.1303812
0.1218933
0.1101087
0.0932561
0.0720044
0.0517926
0.0383375
0.0311467
0.0233046
0.0085557
-0.0120942
-0.0314888
-0.0436027
-0.0489737
-0.0528760
-0.0589216
-0.0653653
-0.0677975
-0.0646047
-0.0590683
-0.0565397
-0.0603201
-0.0697484
-0.0807636
-0.0880171
-0.0881316
-0.0825624
-0.0769607
-0.0762389
-0.0796410
-0.0814364
-0.0773704
-0.0702146
-0.0676700
-0.0737723
-0.0829751
-0.0845495
-0.0736513
-0.0566692
-0.0439779
-0.0380772
-0.0311980
-0.0151137
0.0095872
0.0374931
0.0716309
0.1281852
0.2216484
0.3415361
0.4453160
0.4799908
0.4171085
0.2716613
0.0901757
-0.0786263
-0.2053458
-0.2819328
-0.3126340
-0.3071757
-0.2791161
-0.2433486
-0.2099039
-0.1797407
-0.1487962
-0.1170029
-0.0915353
-0.0794144
-0.0780106
-0.0758038
-0.0638319
-0.0449671
-0.0303802
-0.0275347
-0.0332877
-0.0387062
-0.0386363
-0.0350342
-0.0318793
-0.0294147
-0.0248307
-0.0173228
-0.0100260
-0.0063197
-0.0059416
-0.0061665
-0.0058010
-0.0060356
-0.0072953
-0.0072273
-0.0031890
0.0040304
0.0105335
0.0137014
0.0151771
0.0184151
0.0235734
0.0263808
0.0232154
0.0166452
0.0141580
0.0205811
0.0326059
0.0418098
0.0428458
0.0378747
0.0331152
0.0322019
0.0337015
0.0345430
0.0343745
0.0355433
0.0393647
0.0440426
0.0470500
0.0484141
0.0500283
0.0519123
0.0511262
0.0456822
0.0386057
0.0361811
0.0413529
0.0496600
0.0528798
0.0469504
0.0355782
0.0255200
0.0190711
0.0125977
0.0026010
-0.0085365
-0.0145967
-0.0130631
-0.0089321
-0.0100055
-0.0189336
-0.0308947
-0.0391853
-0.0421230
-0.0435493
-0.0469253
-0.0506145
-0.0503285
-0.0455508
-0.0413801
-0.0428322
-0.0484627
-0.0515819
-0.0481819
-0.0421953
-0.0414079
-0.0482808
-0.0563349
-0.0568356
-0.0485869
-0.0395180
-0.0379430
-0.0435633
-0.0486620
-0.0476633
-0.0433086
-0.0423091
-0.0464093
-0.0500492
-0.0473306
-0.0396119
-0.0344156
-0.0367989
-0.0433690
-0.0461033
-0.0416126
-0.0351103
-0.0347014
-0.0429487
-0.0554596
-0.0676157
-0.0811325
-0.1025329
-0.1348839
-0.1722200
-0.2045036
-0.2303567
-0.2647550
-0.3306183
-0.4381581
-0.5706191
-0.6927701
-0.7778840
-0.8293296
-0.8756359
-0.9426080
-1.0285686
-1.1054965
-1.1427456
-1.1289132
-1.0733351
-0.9926516
-0.9010643
-0.8119330
-0.7406683
-0.6983261
-0.6810604
-0.6699306
-0.6450122
-0.6004157
-0.5447265
-0.4875632
-0.4281215
-0.3580297
-0.2735662
-0.1821940
-0.0965501
-0.0240949
0.0358542
0.0864481
0.1276823
0.1574411
0.1765178
0.1905566
0.2064076
0.2270597
0.2505739
0.2738234
0.2967910
0.3227982
0.3544555
0.3897180
0.4225526
0.4481936
0.4680953
0.4892287
0.5174321
0.5509922
0.5816467
0.6029855
0.6174542
0.6335664
0.6558667
0.6793383
0.6953650
0.7025231
0.7091127
0.7237843
0.7449540
0.7616639
0.7653560
0.7590742
0.7534030
0.7540279
0.7556209
0.7489422
0.7321564
0.7127908
0.6985582
0.6884032
0.6739839
0.6490471
0.6156380
0.5808241
0.5486446
0.5165012
0.4793089
0.4361182
0.3919934
0.3536564
0.3236904
0.2987149
0.2726678
0.2420954
0.2091645
0.1798768
0.1586551
0.1440344
0.1300452
0.1125811
0.0942730
0.0821351
0.0798863
0.0831893
0.0834292
0.0763233
0.0659695
0.0597456
0.0598452
0.0612308
0.0582877
0.0520509
0.0491868
0.0539316
0.0626784
0.0675751
0.0647609
0.0577788
0.0528107
0.0518586
0.0517485
0.0493926
0.0462562
0.0463401
0.0503840
0.0539849
0.0525112
0.0469405
0.0431338
0.0448743
0.0488042
0.0476372
0.0385598
0.0273846
0.0231906
0.0286771
0.0367634
0.0376837
0.0292378
0.0189333
0.0154987
0.0191650
0.0216242
0.0157563
0.0042086
-0.0029496
0.0008235
0.0110439
0.0166640
0.0117490
0.0013806
-0.0047594
-0.0035825
-0.0015925
-0.0063988
-0.0168793
-0.0236034
-0.0191839
-0.0068645
0.0023328
0.0007876
-0.0084054
-0.0156264
-0.0152766
-0.0109459
-0.0101440
-0.0153166
-0.0213096
-0.0214785
-0.0151261
-0.0082353
-0.0071889
-0.0123765
-0.0182035
-0.0191951
-0.0157325
-0.0134694
-0.0170383
-0.0246159
-0.0291422
-0.0251929
-0.0146196
-0.0051294
-0.0030707
-0.0077254
-0.0129786
-0.0143826
-0.0136585
-0.0156083
-0.0212970
-0.0258463
-0.0237055
-0.0153152
-0.0073277
-0.0059432
-0.0106900
-0.0153959
-0.0151411
-0.0115432
-0.0106698
-0.0159367
-0.0237809
-0.0268627
-0.0214593
-0.0113397
-0.0042400
-0.0046836
-0.0103552
-0.0153128
-0.0162773
-0.0152824
-0.0161460
-0.0191705
-0.0204633
-0.0167871
-0.0101285
-0.0062718
-0.0086507
-0.0143968
-0.0172055
-0.0140536
-0.0084800
-0.0067808
-0.0111124
-0.0168968
-0.0173663
-0.0104531
-0.0008380
0.0047042
0.0035541
-0.0011348
-0.0043947
-0.0043632
-0.0032375
-0.0038700
-0.0060639
-0.0066608
-0.0032638
0.0026298
0.0067703
0.0065388
0.0038065
0.0029685
0.0060574
0.0102037
0.0105089
0.0056153
-0.0000924
-0.0005898
0.0053698
0.0126076
0.0148344
0.0112367
0.0069371
0.0067907
0.0096507
0.0098104
0.0041600
-0.0031544
-0.0043638
0.0034423
0.0143483
0.0190872
0.0144713
0.0065379
0.0038611
0.0083716
0.0137443
0.0128794
0.0059324
0.0000237
0.0012751
0.0082790
0.0140917
0.0139614
0.0097838
0.0067298
0.0068334
0.0072796
0.0047536
-0.0000190
-0.0029224
-0.0010969
0.0038887
0.0075022
0.0063817
0.0009756
-0.0053743
-0.0095427
-0.0109849
-0.0114739
-0.0127223
-0.0142512
-0.0137404
-0.0097886
-0.0042720
-0.0012977
-0.0032389
-0.0081269
-0.0117653
-0.0124284
-0.0124587
-0.0146153
-0.0177420
-0.0175608
-0.0120658
-0.0048963
-0.0020829
-0.0055310
-0.0108926
-0.0126532
-0.0107302
-0.0107227
-0.0170599
-0.0267106
-0.0309827
-0.0241010
-0.0095670
0.0026296
0.0053684
0.0009603
-0.0016041
0.0041586
0.0159780
0.0259286
0.0295743
0.0312656
0.0395381
0.0573579
0.0780746
0.0920743
0.0971383
0.1007675
0.1112580
0.1272133
0.1377267
0.1338201
0.1185275
0.1038508
0.0976247
0.0951705
0.0852611
0.0634009
0.0371743
0.0179430
0.0088403
0.0025684
-0.0093356
-0.0269013
-0.0422961
-0.0488855
-0.0480130
-0.0464836
-0.0487550
-0.0530554
-0.0550638
-0.0540000
-0.0539329
-0.0590127
-0.0679812
-0.0740082
-0.0705604
-0.0579508
-0.0440713
-0.0379534
-0.0418244
-0.0493231
-0.0518531
-0.0468437
-0.0394768
-0.0360662
-0.0361943
-0.0323164
-0.0175373
0.0070626
0.0343266
0.0610212
0.0953394
0.1527348
0.2419587
0.3525779
0.4543111
0.5093621
0.4902354
0.3931666
0.2407429
0.0729057
-0.0693742
-0.1601669
-0.1965667
-0.1946520
-0.1764718
-0.1568475
-0.1384756
-0.1170408
-0.0902108
-0.0621534
-0.0402690
-0.0283483
-0.0234360
-0.0195436
-0.0140748
-0.0098985
-0.0108309
-0.0158530
-0.0190227
-0.0154903
-0.0067587
0.0009758
0.0035503
0.0028689
0.0037011
0.0072825
0.0095790
0.0065289
0.0000995
-0.0023765
0.0044561
0.0178007
0.0286047
0.0298487
0.0229032
0.0157757
0.0152430
0.0206349
0.0251532
0.0232484
0.0166854
0.0130762
0.0180680
0.0290234
0.0369511
0.0351048
0.0254739
0.0163034
0.0133117
0.0142028
0.0123862
0.0052906
-0.0026009
-0.0054209
-0.0031300
-0.0013666
-0.0043628
-0.0100536
-0.0135216
-0.0140796
-0.0164632
-0.0240778
-0.0327240
-0.0334207
-0.0221143
-0.0051613
0.0064041
0.0079891
0.0055926
0.0083114
0.0177192
0.0261157
0.0255114
0.0171450
0.0108456
0.0148612
0.0271640
0.0375061
0.0378115
0.0296925
0.0214224
0.0184660
0.0184562
0.0158076
0.0097463
0.0057582
0.0086650
0.0158967
0.0195633
0.0153288
0.0074734
0.0036615
0.0054523
0.0063324
0.0002373
-0.0097388
-0.0138291
-0.0071910
0.0033395
0.0062831
-0.0013463
-0.0104752
-0.0105791
-0.0019683
0.0048808
0.0017695
-0.0086044
-0.0183929
-0.0268193
-0.0425768
-0.0729505
-0.1142234
-0.1573449
-0.2030326
-0.2662567
-0.3609474
-0.4803280
-0.5966151
-0.6839252
-0.7417247
-0.7937255
-0.8624838
-0.9452333
-1.0142831
-1.0394943
-1.0099743
-0.9373102
-0.8435853
-0.7493826
-0.6700796
-0.6160381
-0.5901858
-0.5846856
-0.5834221
-0.5712945
-0.5424448
-0.4995844
-0.4461959
-0.3810792
-0.3012677
-0.2090998
-0.1144838
-0.0293093
0.0400627
0.0947277
0.1388470
0.1747496
0.2025048
0.2228526
0.2387454
0.2533924
0.2675988
0.2800323
0.2900260
0.2991232
0.3093377
0.3207078
0.3318892
0.3434013
0.3590329
0.3825845
0.4130678
0.4442672
0.4700438
0.4898195
0.5079184
0.5274736
0.5462521
0.5595769
0.5667639
0.5729440
0.5836905
0.5986973
0.6118569
0.6173649
0.6147659
0.6080393
0.6011354
0.5953860
0.5903020
0.5849316
0.5778476
0.5672832
0.5528127
0.5364531
0.5204117
0.5033305
0.4804360
0.4490660
0.4135009
0.3822662
0.3596749
0.3410881
0.3178182
0.2863330
0.2512322
0.2189967
0.1905783
0.1618792
0.1309887
0.1025174
0.0831190
0.0735263
0.0670054
0.0563241
0.0409844
0.0264208
0.0168794
0.0110486
0.0053026
-0.0004921
-0.0025693
0.0012420
0.0074987
0.0100837
0.0065275
-0.0001609
-0.0059813
-0.0103617
-0.0147569
-0.0181461
-0.0166583
-0.0087104
0.0011630
0.0056356
0.0017012
-0.0069179
-0.0146326
-0.0196411
-0.0236819
-0.0275555
-0.0293547
-0.0276730
-0.0246087
-0.0238346
-0.0263864
-0.0301786
-0.0336925
-0.0380826
-0.0444205
-0.0503700
-0.0519236
-0.0485528
-0.0446960
-0.0451050
-0.0499402
-0.0557825
-0.0605010
-0.0649173
-0.0694558
-0.0716199
-0.0688744
-0.0630833
-0.0595686
-0.0611812
-0.0652182
-0.0675086
-0.0680165
-0.0701111
-0.0746998
-0.0779205
-0.0761055
-0.0711748
-0.0686643
-0.0708699
-0.0745286
-0.0760649
-0.0767006
-0.0799914
-0.0853675
-0.0873168
-0.0820941
-0.0730444
-0.0671404
-0.0672308
-0.0701261
-0.0722402
-0.0741575
-0.0778420
-0.0814497
-0.0803178
-0.0734176
-0.0660094
-0.0640820
-0.0676803
-0.0718998
-0.0736981
-0.0748593
-0.0774710
-0.0792505
-0.0761009
-0.0683971
-0.0616284
-0.0599472
-0.0615512
-0.0624281
-0.0629024
-0.0671087
-0.0756704
-0.0822346
-0.0799186
-0.0699401
-0.0609434
-0.0594621
-0.0635316
-0.0670034
-0.0678960
-0.0694794
-0.0735222
-0.0760128
-0.0718611
-0.0623034
-0.0547564
-0.0549166
-0.0610430
-0.0671211
-0.0700176
-0.0714801
-0.0736711
-0.0753195
-0.0735726
-0.0682514
-0.0624085
-0.0588528
-0.0577345
-0.0580260
-0.0598481
-0.0637813
-0.0683376
-0.0699786
-0.0666502
-0.0605650
-0.0563736
-0.0565771
-0.0594960
-0.0618603
-0.0625215
-0.0629316
-0.0644311
-0.0660957
-0.0656379
-0.0619653
-0.0564415
-0.0518717
-0.0505992
-0.0532086
-0.0581384
-0.0621866
-0.0622703
-0.0579983
-0.0527931
-0.0514181
-0.0553108
-0.0605744
-0.0617147
-0.0577994
-0.0539583
-0.0556750
-0.0619166
-0.0654307
-0.0606616
-0.0504434
-0.0434542
-0.0451098
-0.0523750
-0.0581455
-0.0593001
-0.0586790
-0.0596395
-0.0612278
-0.0602617
-0.0567029
-0.0543506
-0.0557981
-0.0588622
-0.0596943
-0.0583234
-0.0587306
-0.0630039
-0.0675165
-0.0667432
-0.0601802
-0.0534977
-0.0524004
-0.0568848
-0.0625897
-0.0665111
-0.0692968
-0.0719178
-0.0724944
-0.0684207
-0.0609391
-0.0552962
-0.0552940
-0.0588491
-0.0604912
-0.0580927
-0.0555579
-0.0579455
-0.0648113
-0.0699299
-0.0680315
-0.0608198
-0.0552728
-0.0561170
-0.0609798
-0.0635426
-0.0608809
-0.0565454
-0.0559308
-0.0592953
-0.0604877
-0.0530348
-0.0370076
-0.0192507
-0.0069343
-0.0014975
0.0010404
0.0049893
0.0115891
0.0204860
0.0325301
0.0489689
0.0677762
0.0827958
0.0884429
0.0851230
0.0783948
0.0720603
0.0634027
0.0469862
0.0229297
-0.0007977
-0.0159441
-0.0230000
-0.0306012
-0.0453971
-0.0642810
-0.0784132
-0.0841176
-0.0871167
-0.0947842
-0.1062149
-0.1128936
-0.1094559
-0.1010693
-0.0978945
-0.1032557
-0.1101637
-0.1104306
