0.1158195
0.1390272
0.1368212
0.1215024
0.1122568
0.1169099
0.1261340
0.1243774
0.1055386
0.0785524
0.0590883
0.0561165
0.0651890
0.0732971
0.0703529
0.0574088
0.0448773
0.0425998
0.0507448
0.0598541
0.0600123
0.0505924
0.0414522
0.0443748
0.0623764
0.0862646
0.1015225
0.0999934
0.0867759
0.0761899
0.0794561
0.0944215
0.1071922
0.1053951
0.0910593
0.0799038
0.0864526
0.1092117
0.1311124
0.1352022
0.1197289
0.0974929
0.0810272
0.0697790
0.0525357
0.0217081
-0.0161074
-0.0443144
-0.0508181
-0.0384133
-0.0214771
-0.0130326
-0.0147808
-0.0185456
-0.0160473
-0.0068093
0.0025006
0.0048641
-0.0014330
-0.0123561
-0.0212275
-0.0223025
-0.0140245
-0.0015056
0.0047961
-0.0034493
-0.0235477
-0.0417041
-0.0454693
-0.0374671
-0.0338844
-0.0462188
-0.0655632
-0.0692579
-0.0453762
-0.0081360
0.0147974
0.0105832
-0.0062097
-0.0107795
0.0045458
0.0231348
0.0235333
0.0024903
-0.0230372
-0.0340944
-0.0266512
-0.0114996
-0.0020843
-0.0050128
-0.0194778
-0.0405559
-0.0613599
-0.0754531
-0.0812264
-0.0839356
-0.0904165
-0.1003978
-0.1052173
-0.0977914
-0.0831748
-0.0757245
-0.0835771
-0.0975868
-0.0991356
-0.0802236
-0.0538266
-0.0417457
-0.0519044
-0.0693636
-0.0708923
-0.0477727
-0.0134707
0.0102122
0.0127377
0.0008571
-0.0118334
-0.0182896
-0.0212290
-0.0262998
-0.0349173
-0.0435657
-0.0477399
-0.0452230
-0.0366839
-0.0250870
-0.0148982
-0.0103841
-0.0131743
-0.0213258
-0.0313810
-0.0414327
-0.0515878
-0.0612588
-0.0670392
-0.0648938
-0.0552995
-0.0454637
-0.0445953
-0.0554115
-0.0702359
-0.0769384
-0.0704639
-0.0588797
-0.0565921
-0.0696757
-0.0876110
-0.0913838
-0.0719060
-0.0404844
-0.0189897
-0.0179851
-0.0254460
-0.0194581
0.0073202
0.0382185
0.0502332
0.0407802
0.0336109
0.0561929
0.1139747
0.1922814
0.2848498
0.4136992
0.6093865
0.8633445
1.0999881
1.2046440
1.0930482
0.7689042
0.3253838
-0.1072711
-0.4271130
-0.5969027
-0.6383726
-0.6002628
-0.5260539
-0.4391716
-0.3478783
-0.2586763
-0.1829800
-0.1305756
-0.0987461
-0.0724262
-0.0390608
-0.0032000
0.0171044
0.0106356
-0.0121211
-0.0278597
-0.0246399
-0.0140322
-0.0164926
-0.0360644
-0.0534016
-0.0453060
-0.0087032
0.0373504
0.0722976
0.0932301
0.1126425
0.1405548
0.1727507
0.1967376
0.2059503
0.2056142
0.2055524
0.2094821
0.2117869
0.2034249
0.1804874
0.1482220
0.1175659
0.0965169
0.0831483
0.0674899
0.0424651
0.0137496
-0.0032644
0.0013405
0.0201698
0.0340717
0.0302786
0.0133005
-0.0035381
-0.0154636
-0.0315587
-0.0616754
-0.1009943
-0.1314294
-0.1393695
-0.1302365
-0.1239458
-0.1363444
-0.1658043
-0.1971187
-0.2167312
-0.2238311
-0.2282921
-0.2394916
-0.2570185
-0.2710562
-0.2714287
-0.2570528
-0.2370987
-0.2224308
-0.2154559
-0.2090387
-0.1962599
-0.1803383
-0.1722852
-0.1771296
-0.1841545
-0.1744395
-0.1399677
-0.0937048
-0.0581693
-0.0437295
-0.0400874
-0.0299769
-0.0089776
0.0112228
0.0189692
0.0182051
0.0246012
0.0468660
0.0755527
0.0926546
0.0906920
0.0792493
0.0722749
0.0719722
0.0681650
0.0529432
0.0324225
0.0213691
0.0267650
0.0391861
0.0419437
0.0280787
0.0068366
-0.0070066
-0.0090386
-0.0090922
-0.0190764
-0.0381326
-0.0516873
-0.0463707
-0.0253589
-0.0070702
-0.0072137
-0.0226657
-0.0349831
-0.0305225
-0.0151926
-0.0069225
-0.0139547
-0.0240563
-0.0180892
0.0068083
0.0313770
0.0336916
0.0127854
-0.0101478
-0.0145221
-0.0016592
0.0088450
0.0028128
-0.0117617
-0.0132929
0.0095278
0.0447208
0.0681963
0.0664486
0.0472429
0.0289758
0.0217428
0.0200400
0.0128720
-0.0017288
-0.0142887
-0.0156586
-0.0089854
-0.0077491
-0.0214588
-0.0448203
-0.0628406
-0.0666053
-0.0620612
-0.0616603
-0.0684262
-0.0713015
-0.0579049
-0.0301220
-0.0037442
0.0084069
0.0106105
0.0187058
0.0406532
0.0657702
0.0758536
0.0660183
0.0511844
0.0502029
0.0654165
0.0808723
0.0808686
0.0671688
0.0553896
0.0558784
0.0622607
0.0608351
0.0485764
0.0373491
0.0390823
0.0502027
0.0548515
0.0435814
0.0250086
0.0160140
0.0220998
0.0316938
0.0312351
0.0222158
0.0186445
0.0275949
0.0371837
0.0283017
-0.0025836
-0.0370391
-0.0536990
-0.0511843
-0.0477956
-0.0580679
-0.0741217
-0.0743917
-0.0496434
-0.0154173
0.0037698
-0.0003388
-0.0142371
-0.0214078
-0.0209246
-0.0235821
-0.0327655
-0.0366676
-0.0231821
0.0016084
0.0166835
0.0094203
-0.0091753
-0.0171391
-0.0076971
0.0030292
-0.0033406
-0.0235860
-0.0353707
-0.0234117
0.0025579
0.0197652
0.0190749
0.0134286
0.0185957
0.0316064
0.0345208
0.0185024
-0.0027622
-0.0077983
0.0075918
0.0253868
0.0258224
0.0080248
-0.0127108
-0.0245395
-0.0297952
-0.0355118
-0.0397755
-0.0338873
-0.0168638
-0.0005938
0.0037330
0.0007136
0.0057739
0.0242491
0.0413481
0.0383801
0.0172226
0.0020117
0.0131146
0.0430525
0.0638204
0.0583097
0.0392179
0.0332291
0.0496726
0.0711558
0.0766203
0.0679926
0.0678884
0.0916115
0.1279146
0.1519103
0.1542800
0.1514154
0.1646831
0.1948352
0.2240739
0.2454721
0.2857913
0.3920749
0.5895280
0.8472977
1.0812415
1.1910704
1.1065965
0.8194045
0.3896017
-0.0737611
-0.4544372
-0.6776874
-0.7390765
-0.6923543
-0.6041425
-0.5115013
-0.4154655
-0.3082570
-0.1997421
-0.1142883
-0.0654392
-0.0409515
-0.0166147
0.0178039
0.0508785
0.0674211
0.0685502
0.0695934
0.0803005
0.0937516
0.0981687
0.0957300
0.1030478
0.1312771
0.1702478
0.1970553
0.1999754
0.1899283
0.1865383
0.1956197
0.2040517
0.1968109
0.1754992
0.1572488
0.1560957
0.1680962
0.1759301
0.1668428
0.1444351
0.1229960
0.1119980
0.1077183
0.1001636
0.0866862
0.0764616
0.0800451
0.0953156
0.1064808
0.0990704
0.0751192
0.0509371
0.0389777
0.0342662
0.0215949
-0.0044080
-0.0301906
-0.0369274
-0.0217876
-0.0020929
0.0025637
-0.0105657
-0.0285056
-0.0405680
-0.0502750
-0.0673621
-0.0915834
-0.1099569
-0.1117040
-0.1026368
-0.1008463
-0.1178123
-0.1464516
-0.1695870
-0.1787692
-0.1820352
-0.1926599
-0.2127731
-0.2306133
-0.2336278
-0.2217224
-0.2059656
-0.1954274
-0.1878938
-0.1746505
-0.1528503
-0.1305380
-0.1183032
-0.1170432
-0.1157881
-0.1022767
-0.0749774
-0.0439902
-0.0205008
-0.0063729
0.0055003
0.0214729
0.0393422
0.0512501
0.0540600
0.0552704
0.0667654
0.0919825
0.1202797
0.1357434
0.1323774
0.1198628
0.1131948
0.1167661
0.1202338
0.1112445
0.0911599
0.0755224
0.0774820
0.0921631
0.1000928
0.0869583
0.0583855
0.0336619
0.0257326
0.0296882
0.0315575
0.0259621
0.0218914
0.0306081
0.0506500
0.0677176
0.0694277
0.0579045
0.0463850
0.0445418
0.0491768
0.0496931
0.0411049
0.0300918
0.0281921
0.0399062
0.0579370
0.0698435
0.0691410
0.0602369
0.0530673
0.0530645
0.0561647
0.0535897
0.0417010
0.0269358
0.0201607
0.0254133
0.0345479
0.0340579
0.0177010
-0.0080707
-0.0315245
-0.0476775
-0.0616726
-0.0800305
-0.1002925
-0.1118602
-0.1081044
-0.0959276
-0.0903392
-0.0982789
-0.1096193
-0.1070841
-0.0857783
-0.0605894
-0.0515696
-0.0619719
-0.0733464
-0.0645645
-0.0350523
-0.0066879
-0.0014783
-0.0188344
-0.0370295
-0.0369484
-0.0219762
-0.0127260
-0.0232408
-0.0450208
-0.0557971
-0.0429956
-0.0167926
0.0004249
-0.0035804
-0.0200325
-0.0300585
-0.0247215
-0.0128173
-0.0090489
-0.0163099
-0.0216928
-0.0107539
0.0152065
0.0376831
0.0377743
0.0144447
-0.0144412
-0.0292876
-0.0264317
-0.0186856
-0.0195359
-0.0284683
-0.0324310
-0.0206013
0.0038560
0.0267706
0.0361565
0.0312754
0.0195968
0.0075358
-0.0038635
-0.0152048
-0.0240942
-0.0264955
-0.0219673
-0.0152737
-0.0118140
-0.0124484
-0.0138952
-0.0136584
-0.0130639
-0.0150232
-0.0200240
-0.0255094
-0.0286919
-0.0285110
-0.0247507
-0.0172237
-0.0075252
-0.0005408
-0.0013695
-0.0094944
-0.0177144
-0.0191014
-0.0148418
-0.0130323
-0.0187018
-0.0267609
-0.0272229
-0.0173673
-0.0062184
-0.0051198
-0.0149302
-0.0248573
-0.0241513
-0.0126716
0.0014898
0.0128273
0.0235963
0.0378494
0.0535402
0.0637359
0.0654553
0.0644566
0.0692930
0.0814451
0.0934279
0.0974223
0.0948075
0.0964950
0.1152448
0.1602896
0.2405889
0.3703002
0.5633128
0.8122999
1.0660646
1.2300635
1.2044242
0.9440633
0.4995837
0.0023818
-0.4034460
-0.6363198
-0.7056388
-0.6778330
-0.6153454
-0.5410534
-0.4498311
-0.3425571
-0.2416220
-0.1735625
-0.1423146
-0.1252344
-0.0968768
-0.0544550
-0.0178036
-0.0051913
-0.0123314
-0.0173291
-0.0049481
0.0177121
0.0316191
0.0295567
0.0251386
0.0364777
0.0639093
0.0883092
0.0922206
0.0790320
0.0678174
0.0702418
0.0769244
0.0691940
0.0421946
0.0122920
0.0004145
0.0105272
0.0267948
0.0308555
0.0192232
0.0035152
-0.0035810
-0.0003906
0.0041986
0.0001928
-0.0151921
-0.0362836
-0.0536803
-0.0607429
-0.0579412
-0.0522679
-0.0513614
-0.0564994
-0.0613543
-0.0589948
-0.0504032
-0.0444985
-0.0484587
-0.0590516
-0.0657016
-0.0626323
-0.0563049
-0.0593080
-0.0773268
-0.1036295
-0.1268004
-0.1426405
-0.1570661
-0.1773983
-0.2022675
-0.2214540
-0.2260184
-0.2183380
-0.2118411
-0.2201092
-0.2448617
-0.2737411
-0.2905878
-0.2893320
-0.2781012
-0.2688935
-0.2634936
-0.2516640
-0.2246175
-0.1883483
-0.1598054
-0.1484729
-0.1446863
-0.1301465
-0.1000593
-0.0705927
-0.0608728
-0.0693593
-0.0732911
-0.0539533
-0.0192673
0.0032245
-0.0040953
-0.0302926
-0.0489366
-0.0471083
-0.0373280
-0.0403442
-0.0600892
-0.0793400
-0.0794187
-0.0604079
-0.0399469
-0.0341887
-0.0430795
-0.0543116
-0.0584950
-0.0579881
-0.0617421
-0.0739480
-0.0886942
-0.0950169
-0.0868581
-0.0689796
-0.0537313
-0.0510232
-0.0598018
-0.0690093
-0.0681802
-0.0581154
-0.0503183
-0.0543222
-0.0657238
-0.0690275
-0.0540329
-0.0282372
-0.0104575
-0.0116469
-0.0241114
-0.0312862
-0.0267134
-0.0203588
-0.0253044
-0.0406754
-0.0508924
-0.0423634
-0.0187840
0.0018329
0.0043893
-0.0109449
-0.0330965
-0.0535961
-0.0733014
-0.0967978
-0.1234744
-0.1462215
-0.1583633
-0.1602852
-0.1585923
-0.1591650
-0.1615136
-0.1600219
-0.1507415
-0.1370899
-0.1285854
-0.1328246
-0.1474535
-0.1602598
-0.1591597
-0.1439149
-0.1277499
-0.1257013
-0.1404320
-0.1600309
-0.1702089
-0.1679175
-0.1621080
-0.1616478
-0.1642228
-0.1584366
-0.1367053
-0.1050110
-0.0790561
-0.0705961
-0.0775565
-0.0872099
-0.0885367
-0.0816144
-0.0757962
-0.0794462
-0.0914716
-0.1026195
-0.1049340
-0.0996190
-0.0950595
-0.0972648
-0.1035897
-0.1069766
-0.1055243
-0.1055124
-0.1136107
-0.1272825
-0.1354137
-0.1297597
-0.1147972
-0.1043792
-0.1080511
-0.1216674
-0.1322923
-0.1315700
-0.1230582
-0.1167068
-0.1177161
-0.1216737
-0.1199436
-0.1089238
-0.0940025
-0.0847106
-0.0857924
-0.0928123
-0.0969308
-0.0944240
-0.0909237
-0.0949820
-0.1070239
-0.1160979
-0.1098213
-0.0883502
-0.0668655
-0.0618986
-0.0748121
-0.0904895
-0.0935017
-0.0844309
-0.0783547
-0.0872022
-0.1055939
-0.1158522
-0.1068910
-0.0866903
-0.0748371
-0.0827358
-0.1023005
-0.1151105
-0.1121187
-0.1025391
-0.1023911
-0.1156602
-0.1292500
-0.1275827
-0.1107003
-0.0954533
-0.0978817
-0.1160090
-0.1321913
-0.1322609
-0.1196349
-0.1086754
-0.1059341
-0.1016513
-0.0810923
-0.0421224
0.0007697
0.0294910
0.0376412
0.0330412
0.0275626
0.0264402
0.0267514
0.0236500
0.0165240
0.0100590
0.0107632
0.0217379
0.0387043
0.0509448
0.0487669
0.0322368
0.0116222
-0.0029029
-0.0116767
-0.0233581
-0.0418402
-0.0583837
-0.0601280
-0.0459130
-0.0296415
-0.0253168
-0.0310132
-0.0321620
-0.0212788
-0.0093037
-0.0123357
-0.0286204
-0.0354325
-0.0130757
0.0305310
0.0643601
0.0647979
0.0389016
0.0150264
0.0120145
0.0212209
0.0198151
-0.0015979
-0.0284496
-0.0388683
-0.0269643
-0.0072130
0.0021354
-0.0036819
-0.0154201
-0.0228502
-0.0250225
-0.0279344
-0.0349801
-0.0421486
-0.0428137
-0.0357579
-0.0271474
-0.0246411
-0.0304047
-0.0401444
-0.0482597
-0.0532455
-0.0580164
-0.0650927
-0.0715572
-0.0693834
-0.0519873
-0.0212253
0.0124549
0.0375588
0.0496895
0.0527612
0.0531871
0.0537844
0.0533928
0.0514513
0.0513283
0.0577666
0.0710320
0.0851797
0.0936688
0.0963228
0.0989283
0.1051769
0.1104685
0.1058623
0.0887995
0.0684267
0.0580805
0.0616375
0.0686346
0.0647392
0.0468150
0.0254927
0.0121139
0.0057041
-0.0041113
-0.0218608
-0.0377608
-0.0373736
-0.0190037
0.0014475
0.0049927
-0.0113413
-0.0312641
-0.0354968
-0.0203179
0.0008631
0.0132907
0.0161603
0.0216321
0.0400315
0.0675387
0.0889433
0.0924069
0.0811889
0.0700664
0.0697021
0.0755690
0.0739918
0.0588395
0.0395682
0.0308844
0.0360055
0.0433651
0.0406130
0.0287482
0.0188541
0.0156721
0.0099258
-0.0086699
-0.0333504
-0.0426395
-0.0243988
0.0067928
0.0226616
0.0117879
-0.0083086
-0.0125390
0.0021793
0.0143730
0.0052026
-0.0175599
-0.0278085
-0.0119421
0.0146610
0.0253153
0.0126204
-0.0042959
-0.0032650
0.0159096
0.0339786
0.0370457
0.0330161
0.0412181
0.0687823
0.1014340
0.1185348
0.1145327
0.1026374
0.0978633
0.1004143
0.0986881
0.0865506
0.0725425
0.0697414
0.0792750
0.0879617
0.0832847
0.0682073
0.0581401
0.0628920
0.0745971
0.0766155
0.0634056
0.0470083
0.0416264
0.0455246
0.0433232
0.0257921
0.0018756
-0.0122417
-0.0129544
-0.0125905
-0.0215189
-0.0313424
-0.0217210
0.0151155
0.0615346
0.0906262
0.0933916
0.0848018
0.0827408
0.0874655
0.0866837
0.0770113
0.0719420
0.0851821
0.1107099
0.1260572
0.1170438
0.0947609
0.0828574
0.0887579
0.0940733
0.0778572
0.0452398
0.0252776
0.0388931
0.0746917
0.1009552
0.0991037
0.0803506
0.0689226
0.0737750
0.0817435
0.0778738
0.0658496
0.0622414
0.0725168
0.0812871
0.0709077
0.0445109
0.0231168
0.0204120
0.0272695
0.0246728
0.0082139
-0.0056776
0.0008249
0.0245922
0.0432392
0.0405755
0.0262117
0.0245497
0.0454998
0.0730223
0.0853308
0.0807053
0.0777293
0.0920885
0.1183596
0.1357383
0.1295497
0.1058964
0.0847788
0.0790073
0.0825420
0.0820549
0.0762739
0.0771464
0.0926172
0.1159939
0.1342280
0.1399999
0.1336534
0.1210056
0.1129527
0.1189871
0.1345647
0.1412555
0.1271302
