0.0594605
0.0355150
0.0064419
-0.0110846
-0.0141500
-0.0159746
-0.0313225
-0.0603051
-0.0877214
-0.0984246
-0.0922842
-0.0832631
-0.0843804
-0.0948891
-0.1026638
-0.0981493
-0.0845332
-0.0738640
-0.0740572
-0.0806243
-0.0811435
-0.0673513
-0.0429013
-0.0199224
-0.0082581
-0.0075046
-0.0088830
-0.0048112
0.0032540
0.0068613
0.0010629
-0.0074701
-0.0046689
0.0165970
0.0462881
0.0633848
0.0546086
0.0273617
0.0027543
-0.0049584
-0.0011296
-0.0022698
-0.0162585
-0.0335408
-0.0388218
-0.0293158
-0.0184507
-0.0209924
-0.0367539
-0.0510837
-0.0506845
-0.0362985
-0.0187968
-0.0052157
0.0079989
0.0278086
0.0542833
0.0807397
0.1035628
0.1286599
0.1667944
0.2254638
0.3097493
0.4308896
0.6056964
0.8348432
1.0738291
1.2298420
1.2038019
0.9558380
0.5432825
0.0958210
-0.2572182
-0.4530798
-0.5090181
-0.4832559
-0.4245093
-0.3507129
-0.2627285
-0.1672159
-0.0826882
-0.0267722
-0.0020746
0.0043283
0.0086863
0.0178505
0.0266514
0.0262814
0.0154219
0.0035648
0.0026055
0.0141053
0.0255197
0.0214469
0.0002928
-0.0213298
-0.0234187
-0.0026731
0.0241026
0.0384367
0.0406403
0.0486309
0.0755897
0.1118826
0.1326143
0.1230776
0.0939789
0.0700306
0.0651872
0.0716056
0.0727890
0.0643249
0.0585725
0.0691923
0.0941741
0.1165432
0.1213180
0.1098808
0.0970514
0.0951064
0.1017442
0.1037174
0.0915565
0.0699484
0.0530943
0.0499065
0.0545826
0.0525526
0.0354394
0.0089279
-0.0149038
-0.0321570
-0.0518695
-0.0845323
-0.1264710
-0.1586999
-0.1642972
-0.1470482
-0.1303718
-0.1357373
-0.1624024
-0.1895747
-0.1983605
-0.1903357
-0.1841161
-0.1948500
-0.2186442
-0.2374871
-0.2382713
-0.2254437
-0.2147639
-0.2160657
-0.2236095
-0.2231872
-0.2071493
-0.1811680
-0.1563239
-0.1359680
-0.1123856
-0.0774551
-0.0350798
0.0001945
0.0183102
0.0248948
0.0338595
0.0492586
0.0591452
0.0510111
0.0312566
0.0234974
0.0441474
0.0821198
0.1077716
0.1035212
0.0821851
0.0717176
0.0836934
0.1018197
0.1028652
0.0844742
0.0676773
0.0726945
0.0967262
0.1178436
0.1184473
0.1014915
0.0834415
0.0745811
0.0694781
0.0566056
0.0340666
0.0130502
0.0060185
0.0135090
0.0236419
0.0241058
0.0138921
0.0030804
0.0012945
0.0070658
0.0097779
0.0025306
-0.0084479
-0.0093453
0.0059774
0.0280206
0.0405175
0.0369026
0.0262723
0.0220855
0.0263530
0.0278532
0.0171325
0.0005527
-0.0047995
0.0089400
0.0291850
0.0352946
0.0216198
0.0046122
0.0050769
0.0252146
0.0463700
0.0501547
0.0391397
0.0336559
0.0483873
0.0755022
0.0930928
0.0880963
0.0671276
0.0448915
0.0267605
0.0067955
-0.0186002
-0.0405962
-0.0453527
-0.0306873
-0.0116121
-0.0067600
-0.0203439
-0.0401390
-0.0531506
-0.0595571
-0.0684830
-0.0825494
-0.0921358
-0.0872473
-0.0719153
-0.0622593
-0.0692130
-0.0860747
-0.0961978
-0.0923553
-0.0846127
-0.0866672
-0.0971886
-0.0999191
-0.0834584
-0.0564435
-0.0386654
-0.0383152
-0.0429613
-0.0353215
-0.0148389
0.0011510
-0.0013187
-0.0143221
-0.0153065
0.0069047
0.0376118
0.0511138
0.0384134
0.0160378
0.0068167
0.0159568
0.0293346
0.0334345
0.0321116
0.0418646
0.0744741
0.1304612
0.2112026
0.3300826
0.4987924
0.6941286
0.8419817
0.8483768
0.6627644
0.3216960
-0.0673262
-0.3907291
-0.5898720
-0.6728221
-0.6785921
-0.6357438
-0.5527537
-0.4373507
-0.3120873
-0.2048620
-0.1275276
-0.0699739
-0.0166060
0.0348633
0.0734632
0.0915058
0.0963434
0.1030473
0.1173052
0.1298966
0.1299768
0.1209374
0.1189856
0.1356993
0.1651922
0.1903305
0.1996602
0.1956233
0.1867881
0.1757962
0.1584658
0.1347386
0.1164068
0.1189803
0.1445661
0.1761707
0.1925652
0.1883106
0.1762746
0.1703101
0.1690589
0.1597082
0.1362753
0.1099112
0.0983786
0.1065685
0.1209743
0.1250488
0.1175228
0.1121179
0.1197549
0.1352908
0.1440760
0.1390894
0.1283122
0.1255328
0.1364197
0.1542590
0.1674546
0.1694809
0.1618555
0.1493920
0.1346750
0.1178219
0.1002259
0.0863625
0.0807983
0.0834063
0.0877705
0.0851348
0.0715886
0.0521417
0.0363482
0.0285638
0.0237516
0.0149244
0.0038538
0.0012121
0.0147692
0.0393733
0.0608247
0.0695614
0.0689654
0.0694287
0.0754435
0.0808700
0.0779431
0.0687912
0.0645040
0.0719698
0.0843986
0.0874087
0.0738433
0.0506216
0.0307872
0.0202353
0.0133411
0.0016395
-0.0142160
-0.0230326
-0.0150475
0.0055695
0.0228113
0.0247322
0.0160383
0.0132119
0.0269412
0.0501120
0.0639214
0.0564969
0.0354844
0.0212007
0.0266146
0.0450566
0.0587787
0.0584188
0.0516495
0.0525433
0.0649981
0.0788631
0.0822651
0.0760202
0.0739623
0.0881078
0.1145814
0.1365250
0.1415647
0.1342772
0.1294784
0.1343093
0.1396003
0.1300337
0.1020990
0.0707961
0.0572024
0.0680806
0.0878855
0.0925762
0.0723309
0.0399952
0.0168210
0.0112116
0.0127117
0.0061098
-0.0106943
-0.0245426
-0.0229545
-0.0104631
-0.0058645
-0.0216745
-0.0488448
-0.0654501
-0.0600314
-0.0423814
-0.0297848
-0.0261439
-0.0188302
0.0039685
0.0365163
0.0591176
0.0581389
0.0398942
0.0230260
0.0188046
0.0219319
0.0204440
0.0106281
-0.0002422
-0.0034598
0.0021139
0.0099170
0.0120548
0.0059548
-0.0033339
-0.0075369
-0.0038831
0.0001223
-0.0070965
-0.0280332
-0.0497183
-0.0535884
-0.0346191
-0.0101243
-0.0056165
-0.0290657
-0.0610306
-0.0739389
-0.0609844
-0.0425184
-0.0430191
-0.0649879
-0.0877450
-0.0897400
-0.0689430
-0.0417337
-0.0250084
-0.0215870
-0.0221282
-0.0179504
-0.0092925
-0.0019017
0.0009996
0.0019082
0.0065600
0.0199204
0.0421111
0.0653040
0.0764419
0.0678569
0.0468719
0.0319677
0.0361879
0.0539471
0.0658619
0.0580544
0.0366805
0.0220762
0.0277887
0.0468447
0.0605137
0.0592288
0.0513039
0.0505484
0.0592998
0.0670400
0.0644703
0.0554144
0.0530726
0.0650165
0.0833137
0.0912067
0.0803827
0.0602768
0.0483919
0.0520132
0.0618486
0.0640786
0.0563163
0.0497941
0.0561447
0.0731967
0.0848073
0.0757035
0.0467301
0.0143826
-0.0052828
-0.0110469
-0.0142900
-0.0244113
-0.0385993
-0.0453428
-0.0361231
-0.0136922
0.0097338
0.0221732
0.0207042
0.0115367
0.0023847
-0.0040611
-0.0096568
-0.0161892
-0.0222945
-0.0236991
-0.0160523
0.0005960
0.0190019
0.0282661
0.0225361
0.0063179
-0.0099137
-0.0196370
-0.0255087
-0.0344776
-0.0476174
-0.0558484
-0.0483452
-0.0265394
-0.0072290
-0.0080154
-0.0293304
-0.0533182
-0.0612516
-0.0506694
-0.0352711
-0.0297471
-0.0355694
-0.0409134
-0.0339940
-0.0162411
-0.0012767
-0.0002186
-0.0093912
-0.0143264
-0.0054736
0.0116994
0.0225357
0.0183356
0.0053310
-0.0017552
0.0045575
0.0162103
0.0187313
0.0080406
-0.0046100
-0.0051339
0.0085216
0.0254222
0.0335887
0.0311776
0.0270202
0.0316838
0.0474443
0.0659782
0.0760069
0.0734253
0.0637641
0.0555286
0.0524562
0.0519009
0.0490792
0.0425283
0.0362689
0.0362589
0.0434164
0.0503480
0.0465122
0.0274598
-0.0007371
-0.0256127
-0.0375654
-0.0378268
-0.0385163
-0.0520930
-0.0779900
-0.1011073
-0.1064018
-0.0945209
-0.0806506
-0.0780876
-0.0852223
-0.0893144
-0.0814044
-0.0659301
-0.0553154
-0.0558133
-0.0604159
-0.0570414
-0.0425731
-0.0265593
-0.0212261
-0.0298819
-0.0450477
-0.0557766
-0.0568163
-0.0531057
-0.0555900
-0.0697817
-0.0873584
-0.0918026
-0.0748732
-0.0468753
-0.0289119
-0.0341642
-0.0562444
-0.0756019
-0.0780582
-0.0676231
-0.0602253
-0.0645344
-0.0712049
-0.0630595
-0.0344781
0.0017364
0.0263007
0.0305589
0.0224894
0.0176944
0.0243476
0.0357618
0.0377867
0.0239468
0.0027278
-0.0101348
-0.0055728
0.0118875
0.0283868
0.0316166
0.0210191
0.0095352
0.0130550
0.0351709
0.0626260
0.0775578
0.0745329
0.0651221
0.0657870
0.0809972
0.0978595
0.0982730
0.0773400
0.0484711
0.0287404
0.0210153
0.0135658
-0.0037629
-0.0272448
-0.0443765
-0.0485635
-0.0466229
-0.0520067
-0.0711426
-0.0967067
-0.1151656
-0.1207825
-0.1199812
-0.1210247
-0.1224382
-0.1146691
-0.0918135
-0.0586663
-0.0264314
-0.0037266
0.0082258
0.0137325
0.0173946
0.0207007
0.0229517
0.0235199
0.0215444
0.0152151
0.0049520
-0.0030800
-0.0010742
0.0110017
0.0233259
0.0260786
0.0195832
0.0124920
0.0109799
0.0117930
0.0065229
-0.0073133
-0.0199214
-0.0161814
0.0087048
0.0414737
0.0616471
0.0606833
0.0487533
0.0424900
0.0475279
0.0532960
0.0444162
0.0179928
-0.0100130
-0.0178864
0.0002749
0.0274273
0.0400437
0.0308725
0.0140946
0.0095837
0.0238284
0.0447088
0.0528422
0.0392786
0.0144202
-0.0007177
0.0064162
0.0290682
0.0486735
0.0516485
0.0391980
0.0234151
0.0151873
0.0145811
0.0122009
0.0005718
-0.0166876
-0.0289630
-0.0311430
-0.0293053
-0.0339860
-0.0502103
-0.0739188
-0.0954771
-0.1068209
-0.1083454
-0.1094997
-0.1198315
-0.1379976
-0.1510883
-0.1460397
-0.1218218
-0.0910820
-0.0700946
-0.0652584
-0.0679183
-0.0635919
-0.0471576
-0.0269924
-0.0131616
-0.0047147
0.0085214
0.0336162
0.0669724
0.0979076
0.1174967
0.1251613
0.1291651
0.1404226
0.1639460
0.1956867
0.2281039
0.2602519
0.3059041
0.3932178
0.5489228
0.7689912
0.9972460
1.1386268
1.1075424
0.8782502
0.5010878
0.0765886
-0.2918745
-0.5381617
-0.6477237
-0.6463664
-0.5779724
-0.4852409
-0.3970309
-0.3222417
-0.2544053
-0.1869026
-0.1255028
-0.0846070
-0.0719104
-0.0789927
-0.0866567
-0.0785650
-0.0522938
-0.0205520
-0.0008385
-0.0006945
-0.0120389
-0.0201501
-0.0170594
-0.0058590
0.0056929
0.0142222
0.0248843
0.0468985
0.0824294
0.1194734
0.1396579
0.1356532
0.1187850
0.1074157
0.1091105
0.1152231
0.1115365
0.0936150
0.0728428
0.0665926
0.0800675
0.0985389
0.1006617
0.0796065
0.0486387
0.0264021
0.0195843
0.0195157
0.0124479
-0.0070827
-0.0303760
-0.0417250
-0.0336025
-0.0149755
-0.0034811
-0.0102344
-0.0329332
-0.0609943
-0.0848447
-0.1023467
-0.1193028
-0.1427731
-0.1720446
-0.1978201
-0.2122055
-0.2176831
-0.2242549
-0.2392635
-0.2614566
-0.2833004
-0.2979040
-0.3053090
-0.3123276
-0.3238781
-0.3346968
-0.3333538
-0.3153266
-0.2884953
-0.2644213
-0.2474257
-0.2335378
-0.2169895
-0.1958619
-0.1733037
-0.1543168
-0.1399963
-0.1249830
-0.1022376
-0.0699697
-0.0328000
0.0020339
0.0280116
0.0423462
0.0495621
0.0594506
0.0766023
0.0933752
0.0983222
0.0915994
0.0875769
0.1004979
0.1292313
0.1569624
0.1661024
0.1549733
0.1399045
0.1384976
0.1508220
0.1607262
0.1560115
0.1420983
0.1333504
0.1354745
0.1402464
0.1352048
0.1161356
0.0921511
0.0796025
0.0875163
0.1068566
0.1169692
0.1052953
0.0799752
0.0624431
0.0682959
0.0938886
0.1192655
0.1258268
0.1143189
0.1040297
0.1110914
0.1299352
0.1408003
0.1337299
0.1192685
0.1150433
0.1263507
0.1414152
0.1437150
0.1288135
0.1097033
0.1033080
0.1104004
0.1127862
0.0938922
0.0592327
0.0322124
0.0305189
0.0488135
0.0633163
0.0526593
0.0174891
-0.0187925
-0.0318490
-0.0206724
-0.0072391
-0.0112650
-0.0294858
-0.0415627
-0.0323377
-0.0059640
0.0188447
0.0258620
0.0163473
0.0080587
0.0171783
0.0418882
0.0669080
0.0823996
0.0929536
0.1080675
0.1292965
0.1486551
0.1568937
0.1527508
0.1453184
0.1451674
0.1509830
0.1489441
0.1299985
0.1044556
0.0930312
0.1038598
0.1230422
0.1283299
0.1100010
0.0793364
0.0578445
0.0557097
0.0599994
0.0482856
0.0153803
-0.0189173
-0.0318754
-0.0227804
-0.0119932
-0.0188498
-0.0441611
-0.0719363
-0.0855423
-0.0837229
-0.0812135
-0.0911807
-0.1084713
-0.1152505
-0.1026175
-0.0803716
-0.0642641
-0.0590069
-0.0555976
-0.0416367
-0.0137565
0.0169951
0.0335332
0.0310690
0.0256905
0.0392616
0.0760530
0.1185234
0.1452273
0.1490487
0.1395750
0.1318747
0.1319860
0.1310187
0.1161941
0.0893465
0.0687385
0.0680755
0.0789868
0.0803166
0.0613595
0.0305194
0.0036257
-0.0114890
-0.0202564
-0.0341473
-0.0568964
-0.0779850
-0.0837689
-0.0746973
-0.0654417
-0.0672100
-0.0764487
-0.0824675
-0.0796432
-0.0699598
-0.0592019
-0.0524492
-0.0484960
-0.0385321
-0.0162319
0.0106372
0.0250628
0.0184879
-0.0010079
-0.0182056
-0.0240939
-0.0208178
-0.0177880
-0.0216204
-0.0268852
-0.0205605
0.0005667
0.0226569
0.0309753
0.0276653
0.0255784
0.0286339
0.0272508
0.0124002
-0.0121434
-0.0319410
-0.0343849
-0.0217200
-0.0121829
-0.0224703
-0.0477670
-0.0665010
-0.0670151
-0.0606856
-0.0643556
-0.0781886
-0.0872646
-0.0798780
-0.0592977
-0.0405333
-0.0370584
-0.0469929
-0.0533086
-0.0431102
-0.0241753
-0.0143909
-0.0172511
-0.0183104
-0.0059174
0.0146910
0.0297697
0.0317274
0.0240165
0.0170115
0.0186134
0.0247830
0.0230805
0.0109181
0.0044755
0.0211440
0.0570406
0.0897203
0.1002472
0.0875169
0.0665271
0.0584158
0.0754792
0.1093041
0.1407167
0.1692128
0.2266341
0.3531185
0.5591594
0.8079024
1.0230833
1.1143969
1.0172088
0.7306296
0.3232018
-0.1006431
-0.4446711
-0.6508591
-0.7136718
-0.6748440
-0.5914900
-0.4980729
-0.3987136
-0.2902741
-0.1805486
-0.0847558
-0.0161252
0.0198581
0.0318959
0.0414416
0.0634334
0.0899199
0.1026528
0.0981885
0.0896186
0.0876899
0.0919018
0.0971008
0.0989549
0.0966935
0.0978539
0.1131537
0.1389609
0.1545605
0.1463014
0.1247531
0.1084508
0.1009047
0.0933283
0.0799381
0.0613899
0.0425770
0.0335787
0.0415332
0.0564647
0.0587115
0.0454456
0.0348765
0.0389515
0.0476203
0.0459508
0.0321755
0.0143843
0.0032175
0.0091138
0.0314003
0.0506018
0.0483542
0.0329777
0.0271778
0.0338878
0.0347468
0.0195823
-0.0032292
-0.0231711
-0.0354832
-0.0374017
-0.0346894
-0.0448875
-0.0762775
-0.1130349
-0.1383014
-0.1585169
-0.1864192
-0.2163427
-0.2371335
-0.2525671
-0.2681657
-0.2762524
-0.2746520
-0.2798384
-0.3009460
-0.3221737
-0.3298046
-0.3326125
-0.3381693
-0.3365164
-0.3239555
-0.3125740
-0.3013823
-0.2728502
-0.2317935
-0.2079386
-0.2060363
-0.1967667
-0.1697999
-0.1480476
-0.1380369
-0.1192436
-0.0923857
-0.0794922
-0.0692151
-0.0295025
0.0207036
0.0309483
0.0140161
0.0289526
0.0652793
0.0562357
0.0188752
0.0425630
0.1019425
0.0400103
-0.1823412
