0.0727067
0.0809035
0.0937281
0.1120639
0.1335906
0.1548256
0.1722849
0.1839049
0.1910132
0.1985584
0.2117746
0.2313625
0.2518520
0.2653391
0.2674949
0.2603793
0.2497909
0.2401906
0.2321206
0.2238882
0.2148448
0.2065561
0.2010769
0.1987621
0.1980995
0.1974033
0.1961391
0.1943508
0.1910901
0.1840931
0.1716576
0.1549919
0.1381638
0.1248677
0.1148098
0.1036855
0.0875381
0.0675820
0.0504313
0.0428648
0.0457860
0.0531197
0.0567111
0.0525783
0.0428342
0.0320223
0.0218864
0.0097503
-0.0079123
-0.0300574
-0.0492370
-0.0561353
-0.0474250
-0.0297169
-0.0147646
-0.0093719
-0.0097971
-0.0069989
0.0021322
0.0096195
0.0038050
-0.0175133
-0.0417978
-0.0505717
-0.0347300
-0.0027152
0.0252088
0.0314606
0.0133242
-0.0153245
-0.0334770
-0.0274762
-0.0007010
0.0291960
0.0441463
0.0392142
0.0237769
0.0100673
0.0016946
-0.0059909
-0.0160181
-0.0237524
-0.0224536
-0.0129026
-0.0039306
-0.0022478
-0.0042452
-0.0008180
0.0100404
0.0186807
0.0139628
-0.0033428
-0.0202113
-0.0254315
-0.0222651
-0.0247154
-0.0405686
-0.0595479
-0.0604147
-0.0313569
0.0161688
0.0543345
0.0610198
0.0371364
0.0038775
-0.0168109
-0.0204242
-0.0209135
-0.0350075
-0.0652487
-0.0972601
-0.1127572
-0.1053581
-0.0846999
-0.0662491
-0.0574205
-0.0529757
-0.0430523
-0.0251995
-0.0082619
-0.0037969
-0.0129656
-0.0222352
-0.0138989
0.0169051
0.0547989
0.0751629
0.0653068
0.0367943
0.0166130
0.0241622
0.0548707
0.0855259
0.0958064
0.0852734
0.0705126
0.0672844
0.0765123
0.0871411
0.0907625
0.0916232
0.1017326
0.1265645
0.1559152
0.1688502
0.1484104
0.0939428
0.0221956
-0.0425375
-0.0820202
-0.0930114
-0.0866207
-0.0792099
-0.0814990
-0.0934893
-0.1076867
-0.1161945
-0.1151474
-0.1043272
-0.0852863
-0.0616590
-0.0406172
-0.0310297
-0.0370449
-0.0526002
-0.0640421
-0.0606457
-0.0435863
-0.0240052
-0.0116438
-0.0057410
0.0022029
0.0169912
0.0325738
0.0377335
0.0287994
0.0150548
0.0102523
0.0197687
0.0386576
0.0632391
0.1016801
0.1678860
0.2610246
0.3509793
0.3877334
0.3311837
0.1784422
-0.0326395
-0.2446391
-0.4085419
-0.4998785
-0.5184775
-0.4798211
-0.4066196
-0.3226708
-0.2474569
-0.1917667
-0.1566738
-0.1366536
-0.1245209
-0.1149710
-0.1053497
-0.0945307
-0.0815374
-0.0650949
-0.0446404
-0.0223970
-0.0044666
0.0018347
-0.0056894
-0.0193880
-0.0250527
-0.0128328
0.0134370
0.0380573
0.0458989
0.0345254
0.0153218
0.0033659
0.0057182
0.0180566
0.0309969
0.0388489
0.0427166
0.0464509
0.0509592
0.0533524
0.0520011
0.0518801
0.0629252
0.0903786
0.1258161
0.1502438
0.1500404
0.1312404
0.1156854
0.1200675
0.1386412
0.1489375
0.1359125
0.1090506
0.0933440
0.1032303
0.1275339
0.1414779
0.1320185
0.1089203
0.0913772
0.0873704
0.0886258
0.0836803
0.0713866
0.0599872
0.0558673
0.0568509
0.0565528
0.0519798
0.0442992
0.0333597
0.0150937
-0.0134627
-0.0475500
-0.0752615
-0.0857613
-0.0772535
-0.0581065
-0.0417257
-0.0394735
-0.0546820
-0.0799646
-0.1007319
-0.1051079
-0.0936334
-0.0792124
-0.0753587
-0.0830984
-0.0900004
-0.0831556
-0.0629609
-0.0432406
-0.0379279
-0.0487762
-0.0661485
-0.0796649
-0.0859802
-0.0870831
-0.0845109
-0.0778764
-0.0685258
-0.0619622
-0.0643894
-0.0763719
-0.0908527
-0.0986341
-0.0963295
-0.0888256
-0.0841176
-0.0865426
-0.0954511
-0.1092679
-0.1286165
-0.1545720
-0.1859694
-0.2221801
-0.2699016
-0.3433784
-0.4513648
-0.5812313
-0.7009990
-0.7853862
-0.8429361
-0.9123747
-1.0247223
-1.1662576
-1.2816234
-1.3173364
-1.2645161
-1.1610296
-1.0554861
-0.9719514
-0.9068933
-0.8512007
-0.8059524
-0.7755544
-0.7528290
-0.7187440
-0.6581759
-0.5723997
-0.4743124
-0.3741027
-0.2729833
-0.1704450
-0.0734755
0.0051657
0.0582872
0.0919323
0.1200150
0.1510510
0.1805468
0.1964904
0.1924620
0.1763967
0.1674568
0.1831964
0.2266725
0.2837195
0.3332078
0.3622680
0.3738067
0.3809011
0.3950836
0.4199091
0.4533971
0.4929510
0.5358442
0.5766104
0.6080772
0.6276271
0.6411405
0.6573770
0.6773634
0.6919402
0.6924896
0.6829637
0.6776066
0.6851978
0.6978207
0.6981020
0.6775978
0.6458523
0.6201743
0.6078283
0.6001560
0.5838892
0.5558376
0.5250514
0.5022404
0.4897148
0.4813461
0.4687974
0.4453851
0.4061206
0.3489991
0.2791894
0.2106812
0.1602129
0.1364460
0.1336181
0.1357579
0.1280046
0.1054738
0.0734336
0.0410861
0.0156693
0.0005214
-0.0042788
-0.0010974
0.0059516
0.0123299
0.0148315
0.0127199
0.0073893
0.0006289
-0.0070882
-0.0163988
-0.0270018
-0.0366244
-0.0431433
-0.0475507
-0.0532377
-0.0612423
-0.0670809
-0.0643435
-0.0524596
-0.0396128
-0.0354964
-0.0403946
-0.0436824
-0.0359153
-0.0218140
-0.0173661
-0.0314972
-0.0527196
-0.0581926
-0.0374939
-0.0052883
0.0116067
-0.0009665
-0.0339663
-0.0677879
-0.0911039
-0.1048879
-0.1116078
-0.1079535
-0.0917568
-0.0715289
-0.0617930
-0.0673068
-0.0767596
-0.0759794
-0.0649829
-0.0570914
-0.0610887
-0.0696061
-0.0692186
-0.0593984
-0.0550233
-0.0676241
-0.0886865
-0.0974064
-0.0847878
-0.0644523
-0.0565936
-0.0651838
-0.0762882
-0.0776132
-0.0730197
-0.0744482
-0.0842424
-0.0924268
-0.0919883
-0.0902026
-0.0989946
-0.1160766
-0.1231281
-0.1067551
-0.0773667
-0.0608070
-0.0704451
-0.0925709
-0.1027218
-0.0934476
-0.0810630
-0.0850084
-0.1053017
-0.1235124
-0.1237071
-0.1079654
-0.0904334
-0.0802519
-0.0746660
-0.0680404
-0.0621298
-0.0635132
-0.0727817
-0.0810863
-0.0792991
-0.0684786
-0.0591145
-0.0606356
-0.0732563
-0.0897517
-0.1028219
-0.1090791
-0.1073425
-0.0969549
-0.0804303
-0.0660742
-0.0633855
-0.0731776
-0.0840498
-0.0821876
-0.0657865
-0.0480830
-0.0444958
-0.0570541
-0.0726997
-0.0771489
-0.0692138
-0.0602484
-0.0601275
-0.0662183
-0.0677176
-0.0592575
-0.0472259
-0.0421943
-0.0477433
-0.0586186
-0.0680917
-0.0737707
-0.0755041
-0.0707289
-0.0558519
-0.0332560
-0.0142156
-0.0111548
-0.0258377
-0.0469676
-0.0610247
-0.0645935
-0.0646046
-0.0676142
-0.0718987
-0.0713012
-0.0647247
-0.0589442
-0.0613579
-0.0714586
-0.0809401
-0.0819215
-0.0734794
-0.0596485
-0.0434124
-0.0258778
-0.0111436
-0.0074794
-0.0194061
-0.0390175
-0.0492794
-0.0392104
-0.0157582
0.0012729
-0.0026549
-0.0237386
-0.0447843
-0.0519642
-0.0452530
-0.0333176
-0.0222735
-0.0129318
-0.0073113
-0.0118370
-0.0299581
-0.0530658
-0.0632656
-0.0482476
-0.0136986
0.0200114
0.0343696
0.0267718
0.0092681
-0.0052121
-0.0144681
-0.0255216
-0.0432546
-0.0616935
-0.0667707
-0.0484744
-0.0119632
0.0229413
0.0357412
0.0219509
-0.0031975
-0.0187972
-0.0168570
-0.0070207
-0.0036215
-0.0097776
-0.0151514
-0.0081379
0.0120755
0.0363693
0.0564815
0.0718443
0.0854303
0.0967321
0.1029232
0.1059874
0.1134706
0.1290942
0.1452462
0.1492405
0.1376854
0.1213688
0.1133794
0.1138586
0.1101512
0.0932593
0.0708385
0.0594307
0.0636834
0.0681075
0.0534466
0.0194626
-0.0133144
-0.0257318
-0.0204087
-0.0171764
-0.0299280
-0.0520191
-0.0658846
-0.0638836
-0.0553296
-0.0525372
-0.0545594
-0.0496052
-0.0329569
-0.0169438
-0.0191402
-0.0422559
-0.0695916
-0.0811639
-0.0718809
-0.0525830
-0.0357384
-0.0241162
-0.0145010
-0.0085064
-0.0135949
-0.0310697
-0.0471990
-0.0425375
-0.0115318
0.0316860
0.0715676
0.1139110
0.1837721
0.2939119
0.4134740
0.4730929
0.4109437
0.2231505
-0.0269275
-0.2504809
-0.3896742
-0.4417961
-0.4387391
-0.4105829
-0.3685210
-0.3142059
-0.2549224
-0.2044008
-0.1708978
-0.1496927
-0.1298456
-0.1063637
-0.0829854
-0.0642535
-0.0493241
-0.0354721
-0.0243059
-0.0202740
-0.0231689
-0.0256288
-0.0201272
-0.0073378
0.0042428
0.0072733
0.0033292
0.0011921
0.0077358
0.0210074
0.0319739
0.0322337
0.0205740
0.0044714
-0.0034219
0.0071477
0.0355208
0.0678706
0.0862078
0.0826056
0.0651320
0.0495306
0.0455492
0.0513076
0.0589369
0.0630696
0.0633472
0.0611361
0.0571967
0.0535113
0.0544597
0.0622661
0.0710217
0.0690407
0.0502495
0.0221770
-0.0001042
-0.0083924
-0.0082903
-0.0115868
-0.0231610
-0.0362807
-0.0402360
-0.0316502
-0.0179098
-0.0097558
-0.0111594
-0.0167552
-0.0184818
-0.0138200
-0.0078218
-0.0080814
-0.0176890
-0.0322722
-0.0440991
-0.0499628
-0.0545142
-0.0641727
-0.0777919
-0.0857387
-0.0800463
-0.0647219
-0.0540565
-0.0597002
-0.0794621
-0.0992324
-0.1061048
-0.0993887
-0.0887069
-0.0825949
-0.0809915
-0.0788468
-0.0740615
-0.0693570
-0.0675828
-0.0682852
-0.0696885
-0.0720539
-0.0771788
-0.0844447
-0.0884291
-0.0820144
-0.0633850
-0.0401571
-0.0250786
-0.0259120
-0.0389290
-0.0524538
-0.0571100
-0.0535078
-0.0509469
-0.0584072
-0.0756647
-0.0929959
-0.1003158
-0.0964490
-0.0885387
-0.0830709
-0.0798043
-0.0751797
-0.0692351
-0.0663809
-0.0692465
-0.0738807
-0.0730431
-0.0646211
-0.0553889
-0.0545871
-0.0636793
-0.0743735
-0.0779262
-0.0748849
-0.0736970
-0.0802686
-0.0908822
-0.0958573
-0.0891877
-0.0743127
-0.0609929
-0.0564832
-0.0592956
-0.0617998
-0.0591613
-0.0547939
-0.0557027
-0.0623855
-0.0647280
-0.0499912
-0.0168217
0.0184711
0.0323709
0.0146763
-0.0203622
-0.0454619
-0.0446648
-0.0264471
-0.0132720
-0.0201284
-0.0437118
-0.0695163
-0.0856302
-0.0890852
-0.0822337
-0.0675501
-0.0479741
-0.0297528
-0.0198768
-0.0183988
-0.0160935
-0.0035385
0.0177834
0.0366723
0.0454897
0.0497462
0.0619532
0.0860480
0.1098707
0.1151256
0.0957393
0.0654488
0.0453101
0.0432081
0.0471331
0.0393065
0.0152487
-0.0124682
-0.0279452
-0.0272644
-0.0203450
-0.0194570
-0.0269829
-0.0342695
-0.0315680
-0.0177930
-0.0001410
0.0138059
0.0207457
0.0189380
0.0051389
-0.0219440
-0.0552730
-0.0796892
-0.0820023
-0.0630095
-0.0388883
-0.0275345
-0.0312578
-0.0345820
-0.0221192
0.0019899
0.0162885
0.0055306
-0.0203873
-0.0345252
-0.0206806
0.0095538
0.0312628
0.0388219
0.0595091
0.1264429
0.2332754
0.3191996
0.3073378
0.1655692
-0.0655943
-0.3021417
-0.4740053
-0.5609818
-0.5835627
-0.5682036
-0.5247071
-0.4527147
-0.3601728
-0.2670136
-0.1902609
-0.1311582
-0.0804305
-0.0335948
0.0029430
0.0208020
0.0212186
0.0154258
0.0138523
0.0169138
0.0182209
0.0162422
0.0194660
0.0374618
0.0682676
0.0979671
0.1135434
0.1145628
0.1119517
0.1169349
0.1316102
0.1485749
0.1581284
0.1558712
0.1445461
0.1305532
0.1205056
0.1201964
0.1327826
0.1549565
0.1764851
0.1872157
0.1859960
0.1818814
0.1859219
0.2015407
0.2222955
0.2386152
0.2469270
0.2518535
0.2588596
0.2661353
0.2666375
0.2585870
0.2507373
0.2543753
0.2704744
0.2864411
0.2862654
0.2643648
0.2304591
0.2013391
0.1875002
0.1873543
0.1930707
0.1989723
0.2026042
0.2008476
0.1901168
0.1711039
0.1495476
0.1300182
0.1109184
0.0883344
0.0645965
0.0501899
0.0542034
0.0722205
0.0866055
0.0828687
0.0660858
0.0572210
0.0707732
0.0983000
0.1163508
0.1086854
0.0780469
0.0383781
0.0008079
-0.0308745
-0.0546306
-0.0654974
-0.0593202
-0.0399269
-0.0186333
-0.0038841
0.0071505
0.0237234
0.0488884
0.0749487
0.0918187
0.0968325
0.0951983
0.0935629
0.0950763
0.0989128
0.1021055
0.1018478
0.0973381
0.0901106
0.0826966
0.0766011
0.0708607
0.0630814
0.0538163
0.0498354
0.0593263
0.0810623
0.1007825
0.1026283
0.0847902
0.0618951
0.0518536
0.0613643
0.0827752
0.1020008
0.1089697
0.1030138
0.0910980
0.0823001
0.0832222
0.0952915
0.1128771
0.1245846
0.1206930
0.1018404
0.0791120
0.0644946
0.0621406
0.0684137
0.0774317
0.0854792
0.0927290
0.1027688
0.1189895
0.1393906
0.1552209
0.1562070
0.1384881
0.1088972
0.0817709
0.0692364
0.0721188
0.0807006
0.0853778
0.0849579
0.0832815
0.0812960
0.0774817
0.0755365
0.0860838
0.1170110
0.1627294
0.2051249
0.2269234
0.2255172
0.2135259
0.2044162
0.1981176
0.1833913
0.1542082
0.1195209
0.0944343
0.0846273
0.0825443
0.0773724
0.0658937
0.0538956
0.0488397
0.0515583
0.0551158
0.0524684
0.0447746
0.0405765
0.0468016
0.0617421
0.0760215
0.0788251
0.0650261
0.0398881
0.0164911
0.0049194
0.0032546
0.0017718
-0.0038980
-0.0070349
0.0014414
0.0206336
0.0380529
0.0409401
0.0296719
0.0191256
0.0241398
0.0435067
0.0630076
0.0773652
0.1044792
0.1696624
0.2720216
0.3679719
0.3917950
0.2992592
0.1006876
-0.1424775
-0.3555927
-0.4929559
-0.5514910
-0.5523088
-0.5158320
-0.4534505
-0.3738469
-0.2891522
-0.2134581
-0.1560508
-0.1151375
-0.0788302
-0.0360422
0.0113670
0.0485304
0.0607087
0.0465731
0.0203825
0.0030616
0.0085117
0.0337244
0.0617612
0.0774212
0.0802848
0.0807715
0.0855889
0.0913534
0.0921876
0.0893706
0.0915431
0.1059839
0.1293173
0.1471231
0.1460187
0.1280030
0.1098164
0.1057566
0.1141402
0.1231849
0.1263972
0.1277652
0.1337311
0.1442821
0.1522466
0.1501696
0.1387678
0.1283827
0.1291377
0.1391668
0.1459396
0.1400669
0.1245175
0.1095724
0.1021940
0.1010511
0.0988315
0.0895340
0.0768869
0.0741418
0.0896748
0.1123295
0.1171850
0.0892359
0.0393285
-0.0042888
-0.0192456
-0.0065577
0.0106830
0.0068035
-0.0244008
-0.0663891
-0.0985151
-0.1140140
-0.1180881
-0.1156113
-0.1081938
-0.1001163
-0.0991868
-0.1104423
-0.1316439
-0.1538352
-0.1651575
-0.1583383
-0.1378109
-0.1164692
-0.1032131
-0.0972581
-0.0955458
-0.0991378
-0.1084134
-0.1170233
-0.1154238
-0.0992204
-0.0742896
-0.0571982
-0.0675260
-0.1102975
-0.1642046
-0.1954460
-0.1872589
-0.1518484
-0.1135117
-0.0865485
-0.0698780
-0.0557748
-0.0413007
-0.0345704
-0.0483198
-0.0830589
-0.1206222
-0.1413133
-0.1440896
-0.1430002
-0.1482476
-0.1588996
-0.1695353
-0.1744099
-0.1681073
-0.1508297
-0.1308104
-0.1153656
-0.1039481
-0.0954626
-0.0953819
-0.1083262
-0.1298958
-0.1520439
-0.1697509
-0.1785604
-0.1760960
-0.1709325
-0.1770605
-0.1924960
-0.1962973
-0.1746487
-0.1376921
-0.1041036
-0.0827169
-0.0755308
-0.0836025
-0.1026356
-0.1260001
-0.1551763
-0.1913741
-0.2178257
-0.2136549
-0.1868511
-0.1674488
-0.1656019
-0.1648955
-0.1581845
-0.1549699
-0.1501862
-0.1274776
-0.1009502
-0.1049591
-0.1266017
-0.1021897
-0.0101344
