-0.1799800
-0.1971122
-0.1646892
-0.1650905
-0.1908913
-0.1776308
-0.1225875
-0.0870022
-0.0972259
-0.1177963
-0.1194488
-0.1125694
-0.1105487
-0.1101522
-0.1132133
-0.1279096
-0.1450607
-0.1457288
-0.1329241
-0.1279321
-0.1375704
-0.1502646
-0.1600624
-0.1706859
-0.1806246
-0.1855846
-0.1899844
-0.1973023
-0.1972105
-0.1810009
-0.1610947
-0.1562555
-0.1644577
-0.1674794
-0.1564279
-0.1385360
-0.1248849
-0.1229184
-0.1337021
-0.1466895
-0.1457335
-0.1292805
-0.1155447
-0.1196895
-0.1355171
-0.1469865
-0.1476344
-0.1413928
-0.1340313
-0.1307248
-0.1335260
-0.1360158
-0.1286129
-0.1123187
-0.0981482
-0.0908800
-0.0837556
-0.0719745
-0.0611794
-0.0588712
-0.0653355
-0.0752296
-0.0814968
-0.0780672
-0.0661962
-0.0569655
-0.0596497
-0.0693327
-0.0740966
-0.0721855
-0.0732111
-0.0837326
-0.0997032
-0.1122885
-0.1148276
-0.1060795
-0.0924752
-0.0846007
-0.0862422
-0.0901562
-0.0891802
-0.0869303
-0.0922931
-0.1076259
-0.1271936
-0.1430504
-0.1486927
-0.1423358
-0.1310396
-0.1264685
-0.1320282
-0.1385627
-0.1365071
-0.1280193
-0.1235977
-0.1298732
-0.1425061
-0.1481049
-0.1338663
-0.1007159
-0.0665009
-0.0496901
-0.0494121
-0.0477856
-0.0323254
-0.0094209
0.0055005
0.0050584
-0.0046664
-0.0113137
-0.0075419
0.0018892
0.0045958
-0.0054942
-0.0207926
-0.0295767
-0.0294629
-0.0269911
-0.0269991
-0.0278482
-0.0255274
-0.0180854
-0.0073138
0.0010248
0.0010641
-0.0063271
-0.0136842
-0.0167122
-0.0201685
-0.0304098
-0.0452463
-0.0550959
-0.0526415
-0.0393676
-0.0245746
-0.0187314
-0.0246071
-0.0340021
-0.0363767
-0.0308580
-0.0257322
-0.0261678
-0.0277060
-0.0231268
-0.0109492
0.0048037
0.0196383
0.0317391
0.0426860
0.0556711
0.0709257
0.0837366
0.0898633
0.0918597
0.0967057
0.1078548
0.1222670
0.1339957
0.1383086
0.1346105
0.1284554
0.1281845
0.1358138
0.1435360
0.1436470
0.1406876
0.1495203
0.1813409
0.2345831
0.3005528
0.3771015
0.4750281
0.6057400
0.7554805
0.8716666
0.8845103
0.7532100
0.4968004
0.1834956
-0.1078201
-0.3219295
-0.4399714
-0.4729372
-0.4461422
-0.3850975
-0.3091000
-0.2305956
-0.1552377
-0.0834834
-0.0163480
0.0401895
0.0794543
0.1021787
0.1167650
0.1311441
0.1468873
0.1610010
0.1707573
0.1766889
0.1826327
0.1921797
0.2037453
0.2110173
0.2102580
0.2048496
0.1999133
0.1948123
0.1848487
0.1694393
0.1549392
0.1486071
0.1512869
0.1564990
0.1568798
0.1522365
0.1501231
0.1560390
0.1643761
0.1637881
0.1521945
0.1413311
0.1434645
0.1569351
0.1681277
0.1659452
0.1516054
0.1349258
0.1230878
0.1138955
0.1003989
0.0815480
0.0653207
0.0590615
0.0593073
0.0553546
0.0422325
0.0262112
0.0170072
0.0175143
0.0220327
0.0227894
0.0178130
0.0132406
0.0169228
0.0286048
0.0382095
0.0360325
0.0234842
0.0117197
0.0106287
0.0208981
0.0357241
0.0482495
0.0575315
0.0680470
0.0829532
0.0985458
0.1077821
0.1092570
0.1092618
0.1135966
0.1204767
0.1238532
0.1216101
0.1178545
0.1177654
0.1218608
0.1255461
0.1242216
0.1188047
0.1147703
0.1146326
0.1138130
0.1072700
0.0987910
0.0989576
0.1126896
0.1321376
0.1441398
0.1435176
0.1375867
0.1375482
0.1456670
0.1518021
0.1446259
0.1265472
0.1142948
0.1222207
0.1470403
0.1718637
0.1838444
0.1847213
0.1845684
0.1887016
0.1926814
0.1896003
0.1806818
0.1763231
0.1847050
0.2007023
0.2096883
0.2028865
0.1856222
0.1691585
0.1580574
0.1487149
0.1381501
0.1297567
0.1287289
0.1334723
0.1344417
0.1238735
0.1062642
0.0954121
0.0984672
0.1059007
0.1020346
0.0847983
0.0698952
0.0735082
0.0941705
0.1143061
0.1181282
0.1056343
0.0892012
0.0787503
0.0727173
0.0640583
0.0519639
0.0431452
0.0414877
0.0416219
0.0360286
0.0251811
0.0161186
0.0121827
0.0088549
0.0010669
-0.0083252
-0.0100751
0.0013727
0.0208548
0.0371628
0.0447991
0.0487396
0.0557618
0.0637786
0.0644602
0.0562225
0.0491900
0.0541178
0.0692245
0.0816609
0.0814203
0.0709687
0.0603399
0.0546084
0.0488873
0.0370051
0.0230612
0.0198534
0.0339430
0.0558431
0.0690827
0.0675639
0.0597014
0.0555683
0.0547323
0.0493490
0.0363637
0.0223269
0.0151251
0.0136564
0.0092084
-0.0024372
-0.0141554
-0.0165699
-0.0119280
-0.0127435
-0.0251012
-0.0392055
-0.0413995
-0.0323912
-0.0273395
-0.0375123
-0.0569960
-0.0704875
-0.0713449
-0.0673361
-0.0679828
-0.0708592
-0.0654833
-0.0498793
-0.0362759
-0.0354620
-0.0392097
-0.0256693
0.0165798
0.0757150
0.1323211
0.1862145
0.2632149
0.3908943
0.5625544
0.7209009
0.7793546
0.6707623
0.3912204
0.0084874
-0.3708825
-0.6538970
-0.8002842
-0.8266271
-0.7784281
-0.6954625
-0.5971332
-0.4916591
-0.3893838
-0.3025367
-0.2357215
-0.1831350
-0.1372456
-0.0980049
-0.0718554
-0.0626386
-0.0654779
-0.0707873
-0.0736136
-0.0767352
-0.0834676
-0.0900865
-0.0890566
-0.0791960
-0.0684393
-0.0649239
-0.0683361
-0.0723384
-0.0731706
-0.0722600
-0.0705668
-0.0641182
-0.0482394
-0.0256887
-0.0070687
-0.0002399
-0.0004819
0.0050189
0.0221621
0.0434087
0.0588395
0.0700665
0.0879207
0.1170088
0.1478532
0.1665118
0.1688645
0.1625791
0.1566116
0.1523307
0.1458097
0.1358727
0.1262192
0.1193334
0.1118850
0.0990200
0.0812096
0.0629195
0.0450738
0.0236574
-0.0024592
-0.0266085
-0.0413700
-0.0488946
-0.0598179
-0.0807625
-0.1055580
-0.1212495
-0.1224302
-0.1174108
-0.1187140
-0.1286452
-0.1370820
-0.1341329
-0.1218351
-0.1106666
-0.1066063
-0.1057896
-0.1020033
-0.0952555
-0.0902863
-0.0885648
-0.0852506
-0.0752271
-0.0605877
-0.0498815
-0.0492402
-0.0560109
-0.0631503
-0.0685634
-0.0762396
-0.0873597
-0.0947372
-0.0902984
-0.0766835
-0.0669524
-0.0713026
-0.0864060
-0.0998628
-0.1042311
-0.1042203
-0.1089689
-0.1190548
-0.1245910
-0.1174898
-0.1027929
-0.0943379
-0.0998254
-0.1137088
-0.1255053
-0.1315363
-0.1358187
-0.1413713
-0.1445558
-0.1394931
-0.1266253
-0.1146979
-0.1130615
-0.1224815
-0.1348605
-0.1419718
-0.1425510
-0.1400448
-0.1360161
-0.1288443
-0.1182527
-0.1076890
-0.1005278
-0.0953237
-0.0868243
-0.0723033
-0.0561749
-0.0468220
-0.0476505
-0.0520224
-0.0492086
-0.0359240
-0.0200135
-0.0114579
-0.0114530
-0.0125845
-0.0091751
-0.0047856
-0.0078314
-0.0203502
-0.0330741
-0.0336424
-0.0200978
-0.0043470
-0.0003643
-0.0099305
-0.0224166
-0.0282245
-0.0289381
-0.0323804
-0.0403449
-0.0454132
-0.0410506
-0.0319820
-0.0303774
-0.0400510
-0.0473148
-0.0323766
0.0093731
0.0627754
0.1146571
0.1771393
0.2788532
0.4239788
0.5597645
0.5931922
0.4524099
0.1432857
-0.2478170
-0.6067782
-0.8541840
-0.9700686
-0.9754309
-0.9026154
-0.7823259
-0.6442327
-0.5137775
-0.4027589
-0.3074749
-0.2209055
-0.1460728
-0.0941150
-0.0687961
-0.0568868
-0.0384313
-0.0069974
0.0238886
0.0368236
0.0305459
0.0203299
0.0196942
0.0268068
0.0309524
0.0282252
0.0256422
0.0297032
0.0355311
0.0313509
0.0133205
-0.0079125
-0.0182375
-0.0161440
-0.0138079
-0.0210944
-0.0321685
-0.0317252
-0.0133983
0.0120159
0.0279910
0.0295018
0.0266472
0.0317640
0.0452624
0.0557998
0.0539739
0.0436615
0.0380587
0.0451904
0.0595019
0.0683562
0.0651605
0.0548695
0.0475039
0.0477277
0.0510644
0.0499057
0.0427185
0.0362679
0.0377557
0.0456140
0.0503986
0.0456158
0.0357424
0.0313551
0.0365710
0.0435098
0.0409156
0.0277741
0.0159262
0.0171216
0.0284901
0.0341657
0.0225800
-0.0007134
-0.0202440
-0.0287466
-0.0336743
-0.0448374
-0.0598636
-0.0663615
-0.0582799
-0.0460155
-0.0468860
-0.0661212
-0.0906388
-0.1034839
-0.1022236
-0.0997822
-0.1077387
-0.1230489
-0.1333232
-0.1321416
-0.1252686
-0.1222389
-0.1255474
-0.1300489
-0.1310761
-0.1300245
-0.1309869
-0.1338009
-0.1330125
-0.1241581
-0.1091183
-0.0938464
-0.0821586
-0.0738788
-0.0686054
-0.0686132
-0.0765709
-0.0912395
-0.1065141
-0.1149553
-0.1127902
-0.1025778
-0.0913414
-0.0852068
-0.0849013
-0.0862103
-0.0848554
-0.0809219
-0.0784371
-0.0802886
-0.0833883
-0.0798617
-0.0648237
-0.0434142
-0.0284291
-0.0293076
-0.0435734
-0.0597708
-0.0682698
-0.0683905
-0.0657272
-0.0645023
-0.0638339
-0.0610575
-0.0569134
-0.0554899
-0.0586532
-0.0624899
-0.0615629
-0.0564226
-0.0544195
-0.0617524
-0.0760772
-0.0887865
-0.0944902
-0.0967647
-0.1036038
-0.1176298
-0.1321444
-0.1378625
-0.1329421
-0.1244882
-0.1194305
-0.1157531
-0.1049862
-0.0831181
-0.0568639
-0.0379549
-0.0319684
-0.0337959
-0.0340779
-0.0292741
-0.0245193
-0.0263936
-0.0340336
-0.0391007
-0.0348295
-0.0235398
-0.0139176
-0.0115501
-0.0136071
-0.0131513
-0.0077855
-0.0030215
-0.0064034
-0.0181679
-0.0286834
-0.0267451
-0.0111303
0.0066893
0.0120358
-0.0005896
-0.0241034
-0.0467358
-0.0626960
-0.0753394
-0.0906205
-0.1085123
-0.1220670
-0.1251333
-0.1195231
-0.1130503
-0.1110838
-0.1119475
-0.1110628
-0.1077662
-0.1061342
-0.1091340
-0.1136175
-0.1126914
-0.1032403
-0.0897881
-0.0796146
-0.0747017
-0.0705907
-0.0637104
-0.0574135
-0.0581623
-0.0661666
-0.0725273
-0.0674332
-0.0506312
-0.0323258
-0.0231288
-0.0237724
-0.0256856
-0.0215003
-0.0133152
-0.0093321
-0.0134495
-0.0205595
-0.0227226
-0.0181823
-0.0127362
-0.0128668
-0.0191474
-0.0269506
-0.0327725
-0.0384544
-0.0481528
-0.0613919
-0.0708628
-0.0689855
-0.0568651
-0.0453356
-0.0458060
-0.0598381
-0.0781715
-0.0903152
-0.0948129
-0.0992071
-0.1094929
-0.1210806
-0.1227922
-0.1105018
-0.0942437
-0.0888700
-0.0979444
-0.1097005
-0.1104312
-0.1002360
-0.0929653
-0.1001740
-0.1172732
-0.1277999
-0.1211351
-0.1035795
-0.0906408
-0.0904061
-0.0973201
-0.1015939
-0.1005965
-0.0985427
-0.0974603
-0.0929296
-0.0801064
-0.0613717
-0.0450383
-0.0363178
-0.0318613
-0.0249661
-0.0150488
-0.0090658
-0.0124002
-0.0204650
-0.0221214
-0.0115959
0.0049555
0.0157184
0.0149849
0.0075437
0.0018549
0.0005261
-0.0010687
-0.0068180
-0.0124512
-0.0086014
0.0078840
0.0275747
0.0361857
0.0297344
0.0207967
0.0279289
0.0585072
0.1036740
0.1525695
0.2116354
0.3055769
0.4520950
0.6301852
0.7733403
0.8001225
0.6622805
0.3755863
0.0130088
-0.3320280
-0.5867511
-0.7217386
-0.7485851
-0.7012835
-0.6154634
-0.5155878
-0.4130634
-0.3124226
-0.2190073
-0.1412269
-0.0855616
-0.0501538
-0.0249914
0.0001330
0.0273715
0.0505191
0.0628418
0.0648990
0.0642696
0.0677501
0.0750326
0.0812839
0.0851564
0.0914822
0.1043911
0.1195955
0.1269574
0.1218682
0.1119027
0.1094740
0.1176272
0.1252609
0.1184030
0.0958511
0.0715183
0.0601801
0.0622775
0.0646976
0.0560411
0.0386010
0.0241542
0.0197759
0.0202945
0.0150458
0.0003461
-0.0162888
-0.0243439
-0.0216391
-0.0165486
-0.0190604
-0.0307503
-0.0444684
-0.0533138
-0.0582651
-0.0659970
-0.0798641
-0.0947273
-0.1019835
-0.0995724
-0.0954454
-0.0995832
-0.1128580
-0.1256950
-0.1287816
-0.1236975
-0.1208195
-0.1265998
-0.1349265
-0.1328374
-0.1146321
-0.0888485
-0.0701560
-0.0646522
-0.0644765
-0.0575192
-0.0409932
-0.0231391
-0.0113416
-0.0014765
0.0176401
0.0489871
0.0796676
0.0918734
0.0818687
0.0651896
0.0601672
0.0671188
0.0677417
0.0472316
0.0141676
-0.0061955
0.0008915
0.0230037
0.0339694
0.0220725
0.0008466
-0.0087464
-0.0026046
0.0041523
-0.0021347
-0.0161815
-0.0205321
-0.0072457
0.0125940
0.0224819
0.0194285
0.0151866
0.0198972
0.0294590
0.0315389
0.0214515
0.0081262
0.0038006
0.0107463
0.0206564
0.0261419
0.0295169
0.0384131
0.0543569
0.0687731
0.0715150
0.0621015
0.0509639
0.0493555
0.0585867
0.0694389
0.0719068
0.0650466
0.0568231
0.0544544
0.0561234
0.0535708
0.0426975
0.0296734
0.0247895
0.0305265
0.0376285
0.0344379
0.0195625
0.0034789
-0.0031861
-0.0014282
-0.0018617
-0.0111894
-0.0234118
-0.0266127
-0.0173604
-0.0054393
-0.0031603
-0.0117121
-0.0201654
-0.0177547
-0.0050688
0.0080728
0.0143786
0.0161453
0.0200522
0.0274151
0.0324906
0.0303207
0.0232344
0.0173757
0.0140992
0.0080126
-0.0050736
-0.0200875
-0.0254068
-0.0145657
0.0062014
0.0238738
0.0319534
0.0361336
0.0458937
0.0620505
0.0749981
0.0756541
0.0664357
0.0601199
0.0684858
0.0931712
0.1272397
0.1640858
0.2044297
0.2566668
0.3325158
0.4403364
0.5754138
0.7090338
0.7865750
0.7463706
0.5562090
0.2435329
-0.1080499
-0.4000131
-0.5704841
-0.6187587
-0.5876092
-0.5228600
-0.4453222
-0.3538309
-0.2473879
-0.1394967
-0.0510871
0.0068916
0.0407143
0.0640897
0.0837822
0.0966327
0.0994042
0.0978895
0.1034048
0.1206341
0.1417375
0.1543856
0.1545823
0.1494012
0.1472230
0.1481683
0.1463756
0.1402613
0.1367158
0.1431604
0.1573295
0.1682089
0.1678170
0.1595673
0.1528719
0.1510959
0.1486417
0.1409935
0.1340451
0.1391742
0.1590245
0.1820307
0.1938191
0.1925882
0.1899864
0.1963711
0.2083914
0.2139628
0.2082739
0.2008770
0.2049444
0.2217023
0.2387168
0.2435253
0.2359512
0.2254404
0.2187653
0.2140095
0.2068256
0.1988030
0.1961269
0.2004983
0.2049542
0.2010614
0.1890849
0.1783088
0.1765234
0.1810586
0.1819904
0.1735847
0.1605993
0.1527049
0.1541631
0.1604150
0.1642106
0.1630819
0.1597586
0.1565316
0.1516646
0.1425346
0.1310391
0.1235238
0.1242849
0.1301593
0.1331178
0.1284769
0.1195214
0.1133466
0.1129044
0.1145231
0.1134878
0.1105588
0.1112704
0.1188891
0.1300033
0.1385201
0.1429931
0.1475699
0.1550096
0.1611341
0.1591518
0.1495850
0.1429144
0.1496130
0.1679800
0.1845300
0.1877633
0.1798419
0.1724247
0.1717891
0.1716290
0.1625262
0.1460630
0.1352164
0.1395912
0.1533174
0.1607371
0.1533906
0.1381174
0.1272102
0.1234516
0.1183941
0.1051001
0.0886345
0.0810771
0.0875516
0.1005663
0.1088550
0.1089332
0.1055688
0.1026941
0.0982027
0.0894147
0.0805016
0.0800160
0.0902952
0.1027056
0.1064600
0.1011428
0.0970281
0.1019163
0.1107608
0.1118659
0.1027033
0.0952364
0.1026755
0.1228895
0.1391040
0.1381979
0.1252489
0.1169125
0.1215760
0.1301751
0.1284645
0.1153701
0.1048577
0.1091397
0.1237665
0.1325277
0.1259115
0.1109903
0.1018034
0.1029340
0.1061062
0.1026199
0.0951345
