-0.0763042
-0.0912909
-0.0774879
-0.0684881
-0.0733284
-0.0760406
-0.0727463
-0.0746342
-0.0802416
-0.0758653
-0.0628005
-0.0582220
-0.0672903
-0.0757364
-0.0728604
-0.0646726
-0.0614614
-0.0656415
-0.0733665
-0.0777661
-0.0713334
-0.0543102
-0.0384043
-0.0338974
-0.0370643
-0.0383868
-0.0369708
-0.0365570
-0.0333083
-0.0205383
-0.0031660
0.0055022
0.0046147
0.0165128
0.0718695
0.1803724
0.3087579
0.3865527
0.3461828
0.1722986
-0.0840986
-0.3411337
-0.5355415
-0.6443480
-0.6752321
-0.6481225
-0.5827058
-0.4937489
-0.3933316
-0.2945981
-0.2090761
-0.1405037
-0.0864400
-0.0464795
-0.0231335
-0.0133523
-0.0056172
0.0106051
0.0352878
0.0593059
0.0729739
0.0732650
0.0663555
0.0635422
0.0713703
0.0852948
0.0952878
0.0968063
0.0938335
0.0930996
0.0987679
0.1108427
0.1245155
0.1321778
0.1302468
0.1238211
0.1216369
0.1269087
0.1353567
0.1411286
0.1425249
0.1430911
0.1485961
0.1610431
0.1742959
0.1784652
0.1709857
0.1609614
0.1597794
0.1687127
0.1777232
0.1756325
0.1608218
0.1434160
0.1369163
0.1450853
0.1565865
0.1552866
0.1367339
0.1123281
0.0969840
0.0951456
0.0989852
0.0973142
0.0855017
0.0691514
0.0588453
0.0594195
0.0642225
0.0618388
0.0483853
0.0311053
0.0197644
0.0163958
0.0139253
0.0040236
-0.0134343
-0.0285492
-0.0308235
-0.0213951
-0.0135299
-0.0189585
-0.0356768
-0.0514949
-0.0577741
-0.0568735
-0.0571982
-0.0638781
-0.0745192
-0.0823542
-0.0829938
-0.0783470
-0.0738263
-0.0724818
-0.0733244
-0.0745951
-0.0759470
-0.0771949
-0.0777595
-0.0782378
-0.0799208
-0.0814550
-0.0783843
-0.0681611
-0.0546324
-0.0457640
-0.0464934
-0.0538810
-0.0595333
-0.0579282
-0.0528002
-0.0533922
-0.0628722
-0.0726409
-0.0711795
-0.0576400
-0.0434395
-0.0401393
-0.0482670
-0.0587477
-0.0633075
-0.0621102
-0.0617451
-0.0666739
-0.0735334
-0.0747215
-0.0671101
-0.0554262
-0.0468432
-0.0443875
-0.0464440
-0.0503194
-0.0543880
-0.0581667
-0.0621439
-0.0668554
-0.0709846
-0.0712740
-0.0656114
-0.0558463
-0.0467556
-0.0422560
-0.0425157
-0.0443133
-0.0446684
-0.0447451
-0.0489443
-0.0584169
-0.0666604
-0.0647182
-0.0514745
-0.0364485
-0.0307545
-0.0359610
-0.0426359
-0.0397002
-0.0253252
-0.0089423
-0.0019367
-0.0058454
-0.0106739
-0.0056431
0.0096649
0.0261480
0.0358465
0.0395446
0.0437136
0.0515893
0.0584289
0.0560372
0.0422376
0.0249460
0.0149242
0.0141945
0.0137305
0.0038709
-0.0145544
-0.0311071
-0.0369339
-0.0336637
-0.0312847
-0.0378415
-0.0511232
-0.0605004
-0.0574729
-0.0442876
-0.0315004
-0.0274564
-0.0313067
-0.0360682
-0.0369104
-0.0357698
-0.0384260
-0.0472508
-0.0568801
-0.0582887
-0.0483016
-0.0338935
-0.0251257
-0.0245069
-0.0257760
-0.0232139
-0.0189974
-0.0189560
-0.0224061
-0.0198666
-0.0030926
0.0246714
0.0539282
0.0875925
0.1492515
0.2611061
0.4057056
0.5131968
0.4989254
0.3264485
0.0414154
-0.2547011
-0.4691945
-0.5684006
-0.5781752
-0.5444532
-0.4946103
-0.4306414
-0.3491176
-0.2591965
-0.1798355
-0.1236516
-0.0871163
-0.0565768
-0.0226652
0.0113370
0.0348181
0.0428004
0.0424675
0.0459575
0.0576634
0.0705760
0.0754564
0.0721119
0.0705128
0.0808173
0.1024700
0.1234403
0.1311944
0.1250367
0.1167733
0.1182542
0.1289988
0.1374326
0.1341284
0.1225277
0.1160007
0.1245888
0.1449029
0.1633387
0.1693786
0.1650515
0.1605783
0.1619898
0.1656717
0.1654305
0.1617945
0.1615010
0.1685565
0.1785134
0.1828146
0.1779343
0.1688792
0.1630955
0.1616480
0.1580654
0.1466602
0.1305248
0.1192612
0.1188373
0.1253005
0.1290232
0.1241666
0.1134815
0.1044171
0.1009576
0.0993166
0.0920727
0.0768280
0.0598953
0.0503000
0.0503937
0.0534301
0.0504706
0.0388933
0.0238793
0.0120549
0.0043091
-0.0044479
-0.0180590
-0.0326878
-0.0396387
-0.0352697
-0.0264419
-0.0243493
-0.0331192
-0.0456475
-0.0510103
-0.0456202
-0.0368089
-0.0351189
-0.0428755
-0.0510587
-0.0485040
-0.0339323
-0.0175181
-0.0102700
-0.0131816
-0.0177292
-0.0161405
-0.0096298
-0.0059189
-0.0092875
-0.0146102
-0.0127062
-0.0013499
0.0112149
0.0151521
0.0099316
0.0040398
0.0042218
0.0078390
0.0074703
0.0015098
-0.0025770
0.0032752
0.0172112
0.0277392
0.0257530
0.0149297
0.0077378
0.0109516
0.0177704
0.0162183
0.0039351
-0.0080654
-0.0069641
0.0079578
0.0240424
0.0277065
0.0175413
0.0046662
0.0004723
0.0052406
0.0096857
0.0066326
-0.0009674
-0.0041338
0.0016346
0.0113549
0.0159241
0.0117351
0.0044631
0.0029304
0.0092770
0.0162292
0.0150511
0.0055479
-0.0033727
-0.0033484
0.0045001
0.0111961
0.0100068
0.0037759
0.0013139
0.0066031
0.0131332
0.0109463
-0.0005744
-0.0091773
-0.0009817
0.0250436
0.0549940
0.0723171
0.0715646
0.0607676
0.0522535
0.0523086
0.0589973
0.0677392
0.0766487
0.0858462
0.0935265
0.0954788
0.0892785
0.0775276
0.0656002
0.0562013
0.0466074
0.0315344
0.0093181
-0.0141285
-0.0282335
-0.0265919
-0.0140006
-0.0038338
-0.0067654
-0.0211752
-0.0348185
-0.0366609
-0.0277040
-0.0199662
-0.0239714
-0.0372187
-0.0462558
-0.0408539
-0.0249663
-0.0123627
-0.0122460
-0.0210239
-0.0281665
-0.0278282
-0.0230306
-0.0195641
-0.0185707
-0.0165324
-0.0108948
-0.0026529
0.0072250
0.0207421
0.0393724
0.0601644
0.0817714
0.1166829
0.1906172
0.3183659
0.4738449
0.5877397
0.5858292
0.4416625
0.1991827
-0.0551221
-0.2467915
-0.3497008
-0.3806312
-0.3684914
-0.3314197
-0.2766092
-0.2109447
-0.1451248
-0.0886547
-0.0450108
-0.0129767
0.0093124
0.0233419
0.0320807
0.0400009
0.0494907
0.0581707
0.0619272
0.0611855
0.0625627
0.0727818
0.0912297
0.1095371
0.1187585
0.1170099
0.1107437
0.1089528
0.1152547
0.1245677
0.1278506
0.1212820
0.1111152
0.1086663
0.1196442
0.1382760
0.1523492
0.1544993
0.1486598
0.1452762
0.1503876
0.1600695
0.1656661
0.1633448
0.1575755
0.1559783
0.1621087
0.1730545
0.1825682
0.1860510
0.1835551
0.1787643
0.1747763
0.1707362
0.1633118
0.1518512
0.1411181
0.1374708
0.1418954
0.1477534
0.1467121
0.1372323
0.1262939
0.1219017
0.1244033
0.1262540
0.1200391
0.1053391
0.0876882
0.0727605
0.0627761
0.0569725
0.0530868
0.0481516
0.0398127
0.0283285
0.0168036
0.0082375
0.0020719
-0.0054226
-0.0163952
-0.0274104
-0.0317203
-0.0265166
-0.0171245
-0.0125538
-0.0167462
-0.0251973
-0.0304673
-0.0300881
-0.0284045
-0.0311126
-0.0386992
-0.0453637
-0.0442452
-0.0338464
-0.0197081
-0.0101221
-0.0100383
-0.0180361
-0.0277579
-0.0322061
-0.0285344
-0.0205364
-0.0161627
-0.0207210
-0.0313641
-0.0387508
-0.0352306
-0.0220551
-0.0086044
-0.0042019
-0.0102563
-0.0201562
-0.0265841
-0.0283793
-0.0299431
-0.0346903
-0.0403787
-0.0412312
-0.0339913
-0.0216287
-0.0115927
-0.0103390
-0.0183014
-0.0291870
-0.0346931
-0.0313260
-0.0234846
-0.0196685
-0.0247542
-0.0350728
-0.0409578
-0.0350987
-0.0195450
-0.0047058
-0.0007617
-0.0092553
-0.0225105
-0.0308757
-0.0307191
-0.0263267
-0.0248731
-0.0294263
-0.0362183
-0.0385281
-0.0333694
-0.0243654
-0.0181067
-0.0180381
-0.0220025
-0.0251891
-0.0249751
-0.0231627
-0.0239493
-0.0294840
-0.0368638
-0.0396063
-0.0329430
-0.0185090
-0.0039883
0.0025169
-0.0011325
-0.0096008
-0.0151078
-0.0145381
-0.0116888
-0.0124389
-0.0181771
-0.0244485
-0.0254855
-0.0190890
-0.0073577
0.0058825
0.0176825
0.0270526
0.0346542
0.0413099
0.0461002
0.0462083
0.0400596
0.0315847
0.0303329
0.0446090
0.0723596
0.0994706
0.1098159
0.0990378
0.0782736
0.0633250
0.0599645
0.0599956
0.0510686
0.0295024
0.0037236
-0.0137814
-0.0174240
-0.0122934
-0.0082963
-0.0111608
-0.0188273
-0.0255100
-0.0281499
-0.0287248
-0.0310909
-0.0363844
-0.0415757
-0.0421975
-0.0364402
-0.0269290
-0.0188942
-0.0165400
-0.0203552
-0.0269418
-0.0315521
-0.0320930
-0.0313266
-0.0339917
-0.0404624
-0.0441213
-0.0371782
-0.0195315
-0.0000048
0.0124776
0.0177583
0.0232158
0.0356145
0.0584611
0.0987972
0.1709307
0.2834613
0.4164918
0.5151675
0.5164490
0.3928319
0.1755252
-0.0638384
-0.2562945
-0.3680108
-0.4028851
-0.3846229
-0.3386760
-0.2840562
-0.2319303
-0.1859781
-0.1444883
-0.1052494
-0.0701019
-0.0443705
-0.0314815
-0.0288107
-0.0294118
-0.0274907
-0.0219867
-0.0157675
-0.0123280
-0.0126493
-0.0137942
-0.0105102
0.0001854
0.0149630
0.0255740
0.0258407
0.0177947
0.0103076
0.0110066
0.0193734
0.0278153
0.0293566
0.0240856
0.0183078
0.0181280
0.0242954
0.0327076
0.0388743
0.0417025
0.0437043
0.0479187
0.0541507
0.0580912
0.0551610
0.0462257
0.0389772
0.0419774
0.0561380
0.0722142
0.0777230
0.0674765
0.0480481
0.0319145
0.0266276
0.0289997
0.0293765
0.0214356
0.0080984
-0.0015216
-0.0006742
0.0089363
0.0186370
0.0200327
0.0112581
-0.0031465
-0.0175795
-0.0297829
-0.0403196
-0.0495969
-0.0571926
-0.0637369
-0.0713557
-0.0810521
-0.0906871
-0.0972191
-0.1009570
-0.1059779
-0.1152659
-0.1264607
-0.1343341
-0.1376171
-0.1411240
-0.1492472
-0.1586864
-0.1609201
-0.1530054
-0.1433467
-0.1437103
-0.1556697
-0.1676891
-0.1673049
-0.1550290
-0.1440735
-0.1459453
-0.1579538
-0.1664397
-0.1617888
-0.1483734
-0.1389071
-0.1404006
-0.1474551
-0.1492593
-0.1414962
-0.1304538
-0.1263034
-0.1334777
-0.1473032
-0.1585478
-0.1604256
-0.1522645
-0.1386904
-0.1266121
-0.1217721
-0.1254201
-0.1328959
-0.1368001
-0.1337459
-0.1282934
-0.1286370
-0.1373522
-0.1472858
-0.1481845
-0.1377258
-0.1248375
-0.1209962
-0.1284918
-0.1383861
-0.1403403
-0.1333654
-0.1259368
-0.1262255
-0.1337271
-0.1406784
-0.1403501
-0.1331360
-0.1254260
-0.1236893
-0.1293190
-0.1379100
-0.1431058
-0.1420645
-0.1381013
-0.1377034
-0.1439011
-0.1521635
-0.1536699
-0.1437987
-0.1275913
-0.1160634
-0.1164947
-0.1263295
-0.1364612
-0.1398144
-0.1365287
-0.1318623
-0.1303724
-0.1321021
-0.1332687
-0.1300313
-0.1221045
-0.1132975
-0.1083321
-0.1086260
-0.1112000
-0.1121183
-0.1109987
-0.1114501
-0.1164086
-0.1233294
-0.1251784
-0.1171362
-0.1021734
-0.0891733
-0.0850147
-0.0883782
-0.0911594
-0.0859159
-0.0725692
-0.0586397
-0.0526557
-0.0559912
-0.0604365
-0.0547540
-0.0352442
-0.0104147
0.0055117
0.0046524
-0.0084387
-0.0223707
-0.0301432
-0.0345531
-0.0429535
-0.0578300
-0.0734463
-0.0816157
-0.0800250
-0.0746661
-0.0744208
-0.0830700
-0.0957238
-0.1028751
-0.0991879
-0.0895250
-0.0857291
-0.0955696
-0.1139160
-0.1258133
-0.1199110
-0.0995344
-0.0800972
-0.0750176
-0.0839337
-0.0945733
-0.0957115
-0.0878210
-0.0811330
-0.0839490
-0.0934479
-0.0981312
-0.0894248
-0.0710209
-0.0561979
-0.0545532
-0.0609550
-0.0594482
-0.0402391
-0.0116617
0.0093475
0.0218841
0.0529975
0.1361099
0.2693262
0.3942280
0.4236626
0.3025282
0.0516111
-0.2433577
-0.4874109
-0.6297027
-0.6754431
-0.6583085
-0.6066235
-0.5316565
-0.4379368
-0.3358060
-0.2414042
-0.1670797
-0.1146811
-0.0781553
-0.0507637
-0.0290956
-0.0120230
0.0014783
0.0126588
0.0225923
0.0327068
0.0450557
0.0605365
0.0766091
0.0882100
0.0922949
0.0913279
0.0911277
0.0947725
0.0994668
0.1004058
0.0973447
0.0958610
0.1013915
0.1130034
0.1243670
0.1307018
0.1333940
0.1371777
0.1438171
0.1499498
0.1513147
0.1481700
0.1458030
0.1497930
0.1610910
0.1754517
0.1869046
0.1915855
0.1892666
0.1826911
0.1758029
0.1714463
0.1694637
0.1670193
0.1617752
0.1552328
0.1521971
0.1558097
0.1629355
0.1655903
0.1583009
0.1442474
0.1329386
0.1306616
0.1335201
0.1312468
0.1185232
0.1016268
0.0925643
0.0963692
0.1050571
0.1049636
0.0900402
0.0673745
0.0494545
0.0416240
0.0379104
0.0290385
0.0133718
-0.0010617
-0.0051156
0.0019685
0.0119812
0.0159611
0.0122015
0.0062918
0.0043353
0.0070629
0.0104488
0.0109832
0.0094369
0.0096551
0.0144578
0.0228979
0.0309171
0.0344229
0.0325152
0.0286095
0.0281006
0.0336758
0.0422815
0.0474742
0.0459587
0.0419158
0.0436989
0.0551336
0.0703200
0.0783516
0.0740379
0.0634973
0.0581737
0.0631674
0.0721710
0.0743489
0.0657750
0.0534751
0.0482672
0.0542067
0.0653311
0.0722700
0.0712225
0.0661600
0.0629185
0.0623635
0.0601103
0.0526142
0.0424679
0.0367866
0.0401394
0.0494459
0.0564165
0.0553241
0.0481473
0.0416663
0.0396584
0.0388281
0.0331558
0.0219198
0.0121887
0.0123479
0.0231120
0.0356612
0.0393813
0.0316569
0.0198827
0.0138034
0.0161302
0.0208205
0.0201957
0.0131272
0.0060133
0.0060578
0.0139995
0.0234717
0.0272252
0.0237172
0.0175815
0.0139991
0.0132753
0.0114442
0.0059627
-0.0001781
-0.0009478
0.0059836
0.0157224
0.0203146
0.0167830
0.0104712
0.0095232
0.0158483
0.0223651
0.0201980
0.0087642
-0.0020810
-0.0008881
0.0140034
0.0321505
0.0406225
0.0364322
0.0295331
0.0331546
0.0506673
0.0717452
0.0817404
0.0755230
0.0627430
0.0595140
0.0741431
0.0999431
0.1214303
0.1276965
0.1203260
0.1090956
0.1010034
0.0943488
0.0833362
0.0669264
0.0513097
0.0430995
0.0412990
0.0377541
0.0261145
0.0092467
-0.0036244
-0.0071272
-0.0056862
-0.0081671
-0.0171662
-0.0252977
-0.0230916
-0.0099056
0.0043641
0.0089058
0.0026285
-0.0055280
-0.0065891
-0.0008039
0.0035891
0.0000783
-0.0089018
-0.0147732
-0.0118271
-0.0023561
0.0069121
0.0119420
0.0139267
0.0157533
0.0183688
0.0218897
0.0286436
0.0422006
0.0631021
0.0893618
0.1252721
0.1881017
0.2974536
0.4483829
0.5926895
0.6544944
0.5773215
0.3668933
0.0925376
-0.1549668
-0.3142609
-0.3751943
-0.3641667
-0.3155994
-0.2541420
-0.1927983
-0.1372846
-0.0890500
-0.0476755
-0.0141025
0.0085724
0.0192983
0.0236756
0.0315891
0.0482363
0.0682841
0.0809917
0.0817769
0.0775131
0.0792866
0.0904003
0.1028518
0.1061299
0.0987373
0.0901913
0.0916617
0.1051064
0.1216572
0.1301895
0.1272332
0.1190706
0.1150835
0.1193378
0.1279133
0.1334433
0.1320921
0.1268761
0.1248581
0.1308139
0.1427724
0.1534168
0.1564518
0.1523280
0.1477158
0.1488085
0.1549194
0.1590490
0.1551301
0.1445325
0.1349947
0.1330647
0.1378100
0.1419187
0.1386039
0.1273851
0.1137791
0.1040733
