0.0569461
0.0436949
0.0368224
0.0608330
0.0930323
0.0941461
0.0664204
0.0477967
0.0564219
0.0728967
0.0769701
0.0738207
0.0779942
0.0914637
0.1055636
0.1128940
0.1125070
0.1101177
0.1131386
0.1201538
0.1200372
0.1086413
0.0991741
0.1053829
0.1204774
0.1254048
0.1147691
0.1017297
0.0971607
0.0949928
0.0816619
0.0542631
0.0262870
0.0159955
0.0275479
0.0435449
0.0411325
0.0167785
-0.0113605
-0.0279505
-0.0389742
-0.0602051
-0.0944244
-0.1284133
-0.1496214
-0.1588161
-0.1665730
-0.1816097
-0.2032044
-0.2236727
-0.2379684
-0.2490587
-0.2614356
-0.2721676
-0.2741516
-0.2672371
-0.2591385
-0.2540045
-0.2465474
-0.2306108
-0.2087363
-0.1890505
-0.1745806
-0.1588038
-0.1324060
-0.0945124
-0.0567081
-0.0331658
-0.0253545
-0.0200155
-0.0052205
0.0153570
0.0289680
0.0316727
0.0331863
0.0438286
0.0622514
0.0784153
0.0856634
0.0870229
0.0897226
0.0951604
0.0967695
0.0895037
0.0789332
0.0759513
0.0823837
0.0877157
0.0829080
0.0725637
0.0685673
0.0741694
0.0797136
0.0747814
0.0612612
0.0520371
0.0566640
0.0697521
0.0759244
0.0671321
0.0521097
0.0456622
0.0509390
0.0571110
0.0540096
0.0435795
0.0349138
0.0321725
0.0311864
0.0268633
0.0208116
0.0200349
0.0281846
0.0396970
0.0450664
0.0422713
0.0399689
0.0473397
0.0631473
0.0777024
0.0841269
0.0845041
0.0853732
0.0901119
0.0965464
0.1005505
0.1010337
0.1011834
0.1044108
0.1096180
0.1120357
0.1086574
0.1007972
0.0909937
0.0799555
0.0678365
0.0564106
0.0480542
0.0433417
0.0405983
0.0371047
0.0304703
0.0200763
0.0076708
-0.0044480
-0.0159792
-0.0281908
-0.0408252
-0.0506998
-0.0540118
-0.0499436
-0.0425616
-0.0392083
-0.0448881
-0.0563737
-0.0634979
-0.0591643
-0.0477216
-0.0407231
-0.0438621
-0.0501341
-0.0469911
-0.0292822
-0.0042470
0.0160241
0.0263502
0.0319556
0.0402524
0.0512094
0.0585799
0.0600047
0.0617090
0.0708816
0.0859570
0.0977211
0.0995785
0.0942381
0.0896031
0.0893597
0.0888470
0.0807738
0.0647812
0.0498192
0.0453820
0.0507789
0.0549154
0.0471349
0.0271864
0.0043881
-0.0118475
-0.0203950
-0.0282994
-0.0425029
-0.0613352
-0.0751055
-0.0762816
-0.0680934
-0.0610828
-0.0614704
-0.0652649
-0.0647041
-0.0587121
-0.0547920
-0.0598389
-0.0699393
-0.0713906
-0.0538077
-0.0218348
0.0084597
0.0254219
0.0317756
0.0375805
0.0460132
0.0498263
0.0421307
0.0277740
0.0214348
0.0337367
0.0598752
0.0832241
0.0909500
0.0853235
0.0786631
0.0783551
0.0794657
0.0725165
0.0560154
0.0391798
0.0326108
0.0374147
0.0438373
0.0405793
0.0254152
0.0062323
-0.0083530
-0.0180105
-0.0293146
-0.0466788
-0.0668482
-0.0824997
-0.0896179
-0.0906096
-0.0909921
-0.0936746
-0.0963817
-0.0946043
-0.0868571
-0.0762168
-0.0662925
-0.0566038
-0.0430524
-0.0230772
-0.0001364
0.0169790
0.0202903
0.0099672
-0.0040628
-0.0096838
-0.0032292
0.0081413
0.0155430
0.0187632
0.0259802
0.0433160
0.0663866
0.0836384
0.0881427
0.0847968
0.0841697
0.0892887
0.0911819
0.0798807
0.0585038
0.0427433
0.0449105
0.0604150
0.0720158
0.0670487
0.0490253
0.0319117
0.0240595
0.0194174
0.0055154
-0.0209086
-0.0486111
-0.0631068
-0.0616062
-0.0549656
-0.0554186
-0.0642619
-0.0721249
-0.0701866
-0.0599078
-0.0511785
-0.0509975
-0.0551454
-0.0526545
-0.0385413
-0.0201242
-0.0093139
-0.0097369
-0.0134347
-0.0104776
-0.0002219
0.0085322
0.0087576
0.0051471
0.0105984
0.0316598
0.0589548
0.0745795
0.0695795
0.0527349
0.0414318
0.0449053
0.0572534
0.0661200
0.0667145
0.0661358
0.0735820
0.0875531
0.0954392
0.0874080
0.0689194
0.0560610
0.0576385
0.0646461
0.0604111
0.0408867
0.0217390
0.0225284
0.0442862
0.0660343
0.0658599
0.0437732
0.0203142
0.0127179
0.0167103
0.0143146
-0.0036645
-0.0278283
-0.0426537
-0.0439260
-0.0405407
-0.0412545
-0.0446539
-0.0443054
-0.0405464
-0.0420194
-0.0542145
-0.0703380
-0.0775103
-0.0712234
-0.0599891
-0.0548228
-0.0571533
-0.0593252
-0.0553335
-0.0480796
-0.0455498
-0.0515785
-0.0614351
-0.0656624
-0.0571400
-0.0351881
-0.0054731
0.0223335
0.0387299
0.0404275
0.0339577
0.0308205
0.0363771
0.0444194
0.0451118
0.0377979
0.0327499
0.0387402
0.0511122
0.0552712
0.0423545
0.0190118
-0.0003174
-0.0095604
-0.0161334
-0.0289089
-0.0445460
-0.0502395
-0.0400897
-0.0244319
-0.0198534
-0.0314797
-0.0481950
-0.0556083
-0.0513922
-0.0463904
-0.0517369
-0.0669297
-0.0810851
-0.0843466
-0.0763810
-0.0643133
-0.0549634
-0.0504199
-0.0492130
-0.0489297
-0.0474494
-0.0436448
-0.0379268
-0.0312067
-0.0226611
-0.0094968
0.0097440
0.0316528
0.0490555
0.0570263
0.0579256
0.0590944
0.0643952
0.0691028
0.0656133
0.0546141
0.0476930
0.0558483
0.0757880
0.0907163
0.0869451
0.0691526
0.0570196
0.0656390
0.0909023
0.1176807
0.1438143
0.1920275
0.2901711
0.4331542
0.5637338
0.5966815
0.4722492
0.1977069
-0.1548470
-0.4903819
-0.7388999
-0.8767047
-0.9153576
-0.8788561
-0.7911962
-0.6770750
-0.5627364
-0.4683259
-0.3984260
-0.3430973
-0.2909674
-0.2417242
-0.2045739
-0.1840920
-0.1698924
-0.1437783
-0.0983238
-0.0462028
-0.0086435
0.0050996
0.0051156
0.0080228
0.0193017
0.0301178
0.0305165
0.0226751
0.0189736
0.0277630
0.0438053
0.0543024
0.0528227
0.0447692
0.0391596
0.0376772
0.0337059
0.0212754
0.0030342
-0.0113438
-0.0143219
-0.0078641
-0.0016580
-0.0037776
-0.0129502
-0.0203099
-0.0190432
-0.0121239
-0.0100122
-0.0201874
-0.0388703
-0.0538586
-0.0566188
-0.0515440
-0.0519658
-0.0663543
-0.0896127
-0.1092734
-0.1195593
-0.1274332
-0.1442894
-0.1731092
-0.2052012
-0.2295075
-0.2441139
-0.2579357
-0.2812866
-0.3154371
-0.3515974
-0.3793984
-0.3955921
-0.4048315
-0.4131085
-0.4208710
-0.4220456
-0.4096630
-0.3831352
-0.3502988
-0.3215054
-0.3008733
-0.2834209
-0.2611689
-0.2318667
-0.2012241
-0.1764646
-0.1582085
-0.1396227
-0.1142505
-0.0842144
-0.0591002
-0.0457117
-0.0398970
-0.0303893
-0.0111897
0.0112763
0.0247153
0.0245379
0.0196497
0.0236581
0.0403899
0.0592971
0.0661527
0.0576571
0.0439448
0.0365901
0.0361454
0.0331409
0.0203538
0.0016121
-0.0124565
-0.0159328
-0.0130708
-0.0122647
-0.0163380
-0.0205988
-0.0203233
-0.0177908
-0.0196480
-0.0276325
-0.0343547
-0.0300406
-0.0130404
0.0076533
0.0207767
0.0232724
0.0221565
0.0262711
0.0368998
0.0471430
0.0502840
0.0475729
0.0468878
0.0541793
0.0671918
0.0776911
0.0793276
0.0734121
0.0676612
0.0693129
0.0786062
0.0884152
0.0907147
0.0842256
0.0759114
0.0743611
0.0810482
0.0883120
0.0869110
0.0758639
0.0636183
0.0583574
0.0583830
0.0548061
0.0441964
0.0352923
0.0397613
0.0569122
0.0714187
0.0686297
0.0505169
0.0331846
0.0279815
0.0281898
0.0176457
-0.0082155
-0.0340411
-0.0398061
-0.0224842
0.0008131
0.0113223
0.0070680
0.0012370
0.0047343
0.0142045
0.0181550
0.0121255
0.0046707
0.0079353
0.0242839
0.0437725
0.0541277
0.0516252
0.0422171
0.0339368
0.0296122
0.0262603
0.0199966
0.0109747
0.0037915
0.0029092
0.0073456
0.0104831
0.0064469
-0.0028399
-0.0079895
-0.0010268
0.0156295
0.0301245
0.0325333
0.0254183
0.0216704
0.0307318
0.0477271
0.0578460
0.0515221
0.0336804
0.0173186
0.0096559
0.0067373
0.0014486
-0.0058520
-0.0070648
0.0036345
0.0219677
0.0375012
0.0444566
0.0462264
0.0487456
0.0520894
0.0514033
0.0454585
0.0408242
0.0453215
0.0584474
0.0707840
0.0737041
0.0682179
0.0626138
0.0617512
0.0609182
0.0519292
0.0344011
0.0184983
0.0151752
0.0246276
0.0359009
0.0381009
0.0310442
0.0241596
0.0251769
0.0309436
0.0305622
0.0179202
-0.0000170
-0.0090722
-0.0024987
0.0113596
0.0171949
0.0081621
-0.0081024
-0.0191110
-0.0214660
-0.0230468
-0.0313092
-0.0423373
-0.0447216
-0.0340429
-0.0196890
-0.0143742
-0.0185191
-0.0191477
-0.0055915
0.0168494
0.0324278
0.0336987
0.0310679
0.0410317
0.0662245
0.0906326
0.0960790
0.0812840
0.0618350
0.0519339
0.0498588
0.0435910
0.0283566
0.0140950
0.0139367
0.0279398
0.0418928
0.0429821
0.0340791
0.0297249
0.0382168
0.0508317
0.0513700
0.0354454
0.0170846
0.0144514
0.0303540
0.0490514
0.0525589
0.0384588
0.0204882
0.0125912
0.0146676
0.0150790
0.0055839
-0.0090235
-0.0170104
-0.0134175
-0.0053443
-0.0037206
-0.0120525
-0.0246574
-0.0346603
-0.0410761
-0.0469138
-0.0520645
-0.0511816
-0.0401936
-0.0235843
-0.0125253
-0.0145133
-0.0257165
-0.0346297
-0.0329234
-0.0218205
-0.0083253
0.0029032
0.0126687
0.0231734
0.0331355
0.0385286
0.0377097
0.0339817
0.0319506
0.0321760
0.0310475
0.0262159
0.0206779
0.0200657
0.0260375
0.0335985
0.0358467
0.0311098
0.0244149
0.0213803
0.0214658
0.0188807
0.0107116
0.0025208
0.0035311
0.0157639
0.0298769
0.0339195
0.0262322
0.0176916
0.0195662
0.0299115
0.0344882
0.0225580
0.0002482
-0.0145107
-0.0109324
0.0028946
0.0090012
-0.0009075
-0.0174614
-0.0255052
-0.0211881
-0.0144307
-0.0149146
-0.0191294
-0.0141617
0.0064508
0.0339343
0.0531075
0.0583021
0.0577704
0.0622213
0.0718866
0.0773197
0.0720457
0.0613415
0.0567032
0.0627101
0.0717442
0.0726489
0.0631204
0.0513689
0.0453769
0.0429497
0.0348790
0.0176783
0.0003839
-0.0035990
0.0089227
0.0265081
0.0343124
0.0287264
0.0192027
0.0158030
0.0175947
0.0156627
0.0063749
-0.0022943
0.0001490
0.0134406
0.0259796
0.0279849
0.0220487
0.0180279
0.0191927
0.0179306
0.0072535
-0.0064939
-0.0073827
0.0121824
0.0405311
0.0573401
0.0548983
0.0456650
0.0473316
0.0627499
0.0775793
0.0774567
0.0643867
0.0541084
0.0584701
0.0730190
0.0827497
0.0782052
0.0638213
0.0507903
0.0442678
0.0394461
0.0293874
0.0143601
0.0021163
-0.0004622
0.0053096
0.0114733
0.0118475
0.0080537
0.0066917
0.0110387
0.0168567
0.0173648
0.0119185
0.0082651
0.0149698
0.0315386
0.0469540
0.0490721
0.0360216
0.0182544
0.0091370
0.0134741
0.0249831
0.0340610
0.0370339
0.0380199
0.0432034
0.0544502
0.0681302
0.0787723
0.0830254
0.0806398
0.0731206
0.0626769
0.0524329
0.0462696
0.0467537
0.0524527
0.0578697
0.0573697
0.0502645
0.0420613
0.0397319
0.0450393
0.0534747
0.0619050
0.0780524
0.1200834
0.2028449
0.3222618
0.4544341
0.5729102
0.6685218
0.7517352
0.8341071
0.9069667
0.9394853
0.8999822
0.7818952
0.6116827
0.4331482
0.2829607
0.1763333
0.1092622
0.0695592
0.0457797
0.0299444
0.0170466
0.0051976
-0.0035578
-0.0044715
0.0055858
0.0236403
0.0403812
0.0454781
0.0347934
0.0136269
-0.0071905
-0.0197539
-0.0251039
-0.0311678
-0.0441055
-0.0613317
-0.0734787
-0.0736519
-0.0644546
-0.0552608
-0.0524828
-0.0532175
-0.0491692
-0.0365433
-0.0208402
-0.0109933
-0.0093910
-0.0092945
-0.0028565
0.0093479
0.0183045
0.0162224
0.0049172
-0.0066226
-0.0127156
-0.0175250
-0.0299929
-0.0526754
-0.0771934
-0.0918848
-0.0935853
-0.0907633
-0.0948178
-0.1091446
-0.1273069
-0.1412078
-0.1498332
-0.1596865
-0.1774988
-0.2033780
-0.2310351
-0.2540049
-0.2713176
-0.2876348
-0.3086024
-0.3360312
-0.3667643
-0.3956203
-0.4196921
-0.4402911
-0.4606503
-0.4813722
-0.4983436
-0.5059639
-0.5029571
-0.4945897
-0.4882667
-0.4865152
-0.4846673
-0.4759811
-0.4588949
-0.4383701
-0.4195089
-0.4004993
-0.3733459
-0.3325266
-0.2826111
-0.2363182
-0.2042520
-0.1861386
-0.1719064
-0.1513179
-0.1228744
-0.0938692
-0.0721664
-0.0580514
-0.0440683
-0.0227715
0.0053956
0.0318984
0.0478002
0.0517943
0.0507040
0.0521370
0.0569758
0.0595022
0.0547979
0.0452629
0.0391580
0.0427343
0.0541448
0.0651309
0.0685501
0.0645380
0.0599237
0.0617906
0.0710667
0.0818422
0.0870131
0.0849940
0.0809934
0.0814622
0.0873438
0.0933380
0.0941278
0.0906396
0.0889560
0.0928070
0.0984337
0.0983541
0.0901898
0.0804205
0.0784523
0.0872862
0.1006780
0.1093662
0.1095497
0.1053416
0.1036815
0.1072910
0.1121576
0.1112751
0.1010417
0.0849393
0.0714096
0.0672327
0.0714604
0.0753106
0.0690960
0.0507850
0.0282292
0.0123320
0.0074273
0.0084819
0.0079279
0.0045843
0.0046445
0.0134724
0.0276539
0.0370827
0.0355835
0.0281400
0.0257972
0.0333112
0.0435845
0.0457192
0.0378495
0.0300126
0.0333338
0.0472698
0.0590511
0.0563255
0.0399760
0.0240419
0.0229728
0.0388743
0.0607907
0.0759859
0.0819348
0.0876663
0.1035761
0.1298413
0.1549394
0.1659929
0.1607782
0.1492241
0.1429202
0.1438139
0.1439941
0.1360737
0.1220517
0.1108637
0.1080644
0.1097015
0.1069626
0.0957764
0.0806471
0.0692521
0.0644615
0.0622267
0.0566495
0.0463510
0.0360552
0.0325146
0.0385749
0.0500677
0.0580482
0.0552255
0.0418682
0.0258455
0.0158962
0.0138949
0.0138263
0.0089334
-0.0003074
-0.0062645
-0.0027026
0.0074833
0.0143602
0.0111024
0.0010616
-0.0062099
-0.0054255
-0.0005518
0.0011577
-0.0012706
-0.0007743
0.0096002
0.0280967
0.0449979
0.0517802
0.0486191
0.0427636
0.0406324
0.0424416
0.0440101
0.0423460
0.0389133
0.0383945
0.0452169
0.0606357
0.0815137
0.1013041
0.1135968
0.1166908
0.1152273
0.1161184
0.1216164
0.1267144
0.1248943
0.1171915
0.1143643
0.1279839
0.1586539
0.1947813
0.2258115
0.2580108
0.3154110
0.4206473
0.5693491
0.7194155
0.8057654
0.7721230
0.6002201
0.3202799
-0.0011465
-0.2885452
-0.4866034
-0.5775186
-0.5786367
-0.5238114
-0.4422843
-0.3493413
-0.2516198
-0.1569468
-0.0768248
-0.0200954
0.0133855
0.0313226
0.0418558
0.0487949
0.0529346
0.0552748
0.0569750
0.0571593
0.0536577
0.0473539
0.0441590
0.0499616
0.0630796
0.0740191
0.0751893
0.0706510
0.0736036
0.0921603
0.1184032
0.1341658
0.1292070
0.1127333
0.1050521
0.1172687
0.1402031
0.1540716
0.1483864
0.1312044
0.1190495
0.1194303
0.1245157
0.1213164
0.1062225
0.0885451
0.0805326
0.0852246
0.0943054
0.0968053
0.0889546
0.0758503
0.0647770
0.0578671
0.0511895
0.0402463
0.0257441
0.0137495
0.0099647
0.0135061
0.0163359
0.0096158
