0.0904597
0.0896430
0.0792828
0.0637780
0.0530391
0.0524097
0.0567566
0.0548323
0.0396232
0.0145849
-0.0099559
-0.0262917
-0.0354848
-0.0446550
-0.0584526
-0.0731515
-0.0793478
-0.0712051
-0.0535909
-0.0396136
-0.0398484
-0.0532054
-0.0687920
-0.0774104
-0.0807922
-0.0882309
-0.1037491
-0.1182324
-0.1166151
-0.0936178
-0.0609502
-0.0372397
-0.0308847
-0.0341895
-0.0346347
-0.0298446
-0.0289228
-0.0389814
-0.0532068
-0.0552831
-0.0360773
-0.0040355
0.0225649
0.0331990
0.0335615
0.0365732
0.0469391
0.0565625
0.0551279
0.0432459
0.0333486
0.0373884
0.0544648
0.0710440
0.0730998
0.0578371
0.0340773
0.0122665
-0.0050594
-0.0229741
-0.0452134
-0.0667227
-0.0764067
-0.0682072
-0.0492857
-0.0359072
-0.0398145
-0.0583086
-0.0782038
-0.0894552
-0.0938366
-0.0995961
-0.1088865
-0.1130599
-0.1018463
-0.0761546
-0.0495334
-0.0358979
-0.0367120
-0.0415132
-0.0406443
-0.0355092
-0.0349801
-0.0427118
-0.0505069
-0.0458363
-0.0253707
0.0006140
0.0180065
0.0221020
0.0199804
0.0202766
0.0229753
0.0212843
0.0126869
0.0048157
0.0079609
0.0227076
0.0379472
0.0424658
0.0367215
0.0307096
0.0304273
0.0295102
0.0167951
-0.0086067
-0.0328396
-0.0399502
-0.0285735
-0.0145396
-0.0162255
-0.0374852
-0.0649198
-0.0813378
-0.0816994
-0.0764881
-0.0801567
-0.0963101
-0.1138735
-0.1176757
-0.1028435
-0.0787227
-0.0587600
-0.0473283
-0.0374427
-0.0210774
0.0003222
0.0174098
0.0244213
0.0265380
0.0340909
0.0504673
0.0681114
0.0771186
0.0759627
0.0719658
0.0718139
0.0738241
0.0706506
0.0584844
0.0418060
0.0285611
0.0215583
0.0156784
0.0038566
-0.0145617
-0.0319805
-0.0396191
-0.0368758
-0.0334627
-0.0410682
-0.0615877
-0.0835676
-0.0917550
-0.0816658
-0.0648220
-0.0586197
-0.0703178
-0.0909841
-0.1049815
-0.1045629
-0.0946729
-0.0844510
-0.0760113
-0.0626360
-0.0370564
0.0004219
0.0430195
0.0864098
0.1364435
0.2086604
0.3195023
0.4733163
0.6501081
0.8007433
0.8579495
0.7658680
0.5160496
0.1651227
-0.1850275
-0.4379529
-0.5512273
-0.5482749
-0.4870965
-0.4142807
-0.3420165
-0.2612438
-0.1700264
-0.0857457
-0.0308726
-0.0108647
-0.0092829
-0.0047913
0.0090477
0.0218703
0.0224435
0.0132715
0.0079819
0.0159854
0.0325720
0.0449807
0.0464100
0.0419851
0.0411172
0.0462651
0.0512097
0.0501691
0.0465227
0.0505902
0.0685248
0.0945082
0.1149896
0.1208496
0.1151680
0.1090694
0.1103557
0.1166067
0.1193805
0.1144734
0.1068888
0.1049640
0.1101928
0.1144933
0.1086265
0.0926327
0.0762181
0.0680855
0.0661461
0.0602404
0.0448898
0.0273829
0.0209060
0.0295674
0.0424467
0.0442338
0.0308071
0.0119631
-0.0015127
-0.0105971
-0.0250093
-0.0481077
-0.0687270
-0.0715476
-0.0554142
-0.0381409
-0.0404072
-0.0650895
-0.0944944
-0.1088124
-0.1060143
-0.1022626
-0.1133968
-0.1377750
-0.1578434
-0.1573366
-0.1358864
-0.1075486
-0.0868934
-0.0773084
-0.0714898
-0.0610057
-0.0442879
-0.0263137
-0.0124193
-0.0034979
0.0030191
0.0084224
0.0100242
0.0041217
-0.0080919
-0.0187361
-0.0193673
-0.0098617
-0.0000005
-0.0000652
-0.0090358
-0.0134007
0.0004588
0.0322062
0.0668773
0.0892108
0.0981452
0.1056907
0.1212598
0.1390767
0.1433960
0.1263765
0.0988100
0.0813014
0.0848384
0.1011974
0.1127291
0.1101703
0.0993927
0.0914287
0.0888408
0.0841678
0.0707642
0.0520287
0.0383922
0.0367028
0.0444201
0.0534633
0.0573652
0.0543091
0.0459417
0.0358121
0.0279541
0.0235527
0.0177689
0.0028796
-0.0217910
-0.0437619
-0.0459288
-0.0244109
0.0041470
0.0173060
0.0096563
-0.0021500
0.0009473
0.0182434
0.0304258
0.0226901
0.0027738
-0.0065963
0.0087674
0.0418819
0.0748666
0.0972921
0.1116064
0.1236287
0.1336595
0.1386422
0.1386229
0.1363596
0.1315005
0.1200660
0.1019681
0.0859400
0.0826224
0.0920654
0.1009041
0.0942210
0.0698186
0.0396202
0.0176122
0.0080318
0.0050557
0.0010935
-0.0069949
-0.0184742
-0.0316576
-0.0443191
-0.0529289
-0.0544535
-0.0500166
-0.0455653
-0.0470559
-0.0540068
-0.0582681
-0.0507207
-0.0306386
-0.0083000
0.0034699
0.0020339
-0.0009820
0.0097909
0.0374079
0.0675375
0.0810312
0.0722455
0.0540102
0.0437735
0.0459879
0.0497934
0.0433501
0.0274840
0.0136625
0.0107764
0.0173847
0.0272113
0.0386704
0.0554565
0.0779478
0.0974373
0.1020390
0.0887807
0.0680597
0.0542061
0.0511342
0.0481189
0.0307984
-0.0030937
-0.0389774
-0.0570031
-0.0495099
-0.0279622
-0.0127794
-0.0158526
-0.0322171
-0.0473953
-0.0511723
-0.0440996
-0.0332993
-0.0253541
-0.0234986
-0.0279877
-0.0354446
-0.0382626
-0.0286772
-0.0065874
0.0174676
0.0303170
0.0288489
0.0234296
0.0267397
0.0394983
0.0493606
0.0449276
0.0294608
0.0189997
0.0267733
0.0501490
0.0728924
0.0799733
0.0710547
0.0610233
0.0673721
0.0953571
0.1347696
0.1736692
0.2184148
0.2982139
0.4402144
0.6282880
0.7832323
0.7949735
0.5945699
0.2113707
-0.2357648
-0.6103975
-0.8358295
-0.9183696
-0.9094618
-0.8522314
-0.7607000
-0.6375117
-0.4976553
-0.3687610
-0.2715595
-0.2060710
-0.1583828
-0.1176671
-0.0841945
-0.0628926
-0.0532906
-0.0475738
-0.0373637
-0.0212363
-0.0057933
0.0004771
-0.0047176
-0.0146657
-0.0194295
-0.0155134
-0.0096392
-0.0114645
-0.0217833
-0.0292614
-0.0209227
0.0039141
0.0319264
0.0489700
0.0534247
0.0546041
0.0592393
0.0634064
0.0597641
0.0502966
0.0478245
0.0635141
0.0946020
0.1262155
0.1449956
0.1496800
0.1484693
0.1480858
0.1474104
0.1416148
0.1303684
0.1201504
0.1183192
0.1254710
0.1337728
0.1329829
0.1190543
0.0977392
0.0793929
0.0691046
0.0616232
0.0467869
0.0205508
-0.0098006
-0.0322192
-0.0418980
-0.0462487
-0.0573103
-0.0791759
-0.1035502
-0.1181141
-0.1186734
-0.1121864
-0.1080924
-0.1080409
-0.1050188
-0.0919695
-0.0701311
-0.0484806
-0.0353132
-0.0307512
-0.0276139
-0.0193481
-0.0064647
0.0052657
0.0125342
0.0193570
0.0335171
0.0581354
0.0871115
0.1093949
0.1183450
0.1172221
0.1153142
0.1184782
0.1237840
0.1237757
0.1155550
0.1046245
0.0990590
0.1000082
0.0988436
0.0849828
0.0573927
0.0277715
0.0105984
0.0089489
0.0109324
0.0016742
-0.0208475
-0.0428373
-0.0483154
-0.0355662
-0.0193744
-0.0166245
-0.0300826
-0.0469636
-0.0531313
-0.0472719
-0.0401528
-0.0410600
-0.0473036
-0.0480953
-0.0375276
-0.0218932
-0.0135549
-0.0181477
-0.0286469
-0.0325369
-0.0246095
-0.0117395
-0.0042121
-0.0028927
0.0031409
0.0246503
0.0581199
0.0854341
0.0897401
0.0722018
0.0515123
0.0451136
0.0514507
0.0531450
0.0384251
0.0167231
0.0098270
0.0277320
0.0564080
0.0715761
0.0632732
0.0441973
0.0335315
0.0353089
0.0354999
0.0199043
-0.0084988
-0.0322341
-0.0378131
-0.0286505
-0.0193502
-0.0199096
-0.0276299
-0.0333918
-0.0329933
-0.0308795
-0.0336276
-0.0414895
-0.0473436
-0.0439070
-0.0313916
-0.0176995
-0.0111837
-0.0132718
-0.0178730
-0.0178399
-0.0124066
-0.0085250
-0.0141696
-0.0293109
-0.0435663
-0.0439970
-0.0264050
0.0007925
0.0242807
0.0379617
0.0475884
0.0629908
0.0855541
0.1045963
0.1080033
0.0965786
0.0855321
0.0895713
0.1071092
0.1215795
0.1192241
0.1038257
0.0918214
0.0932177
0.0999640
0.0952542
0.0733780
0.0472935
0.0348750
0.0393073
0.0457425
0.0375199
0.0135137
-0.0117356
-0.0236025
-0.0211575
-0.0156158
-0.0169701
-0.0237301
-0.0259822
-0.0173911
-0.0027032
0.0070739
0.0059263
-0.0019455
-0.0080975
-0.0097842
-0.0127144
-0.0235030
-0.0399641
-0.0503949
-0.0441546
-0.0234324
-0.0034239
0.0005984
-0.0129937
-0.0311335
-0.0383582
-0.0302541
-0.0155594
-0.0057620
-0.0027500
0.0031634
0.0224570
0.0534681
0.0810431
0.0892892
0.0761866
0.0553392
0.0430464
0.0437806
0.0485536
0.0470148
0.0395159
0.0356450
0.0414583
0.0512342
0.0542033
0.0479460
0.0413596
0.0430634
0.0497581
0.0495949
0.0371109
0.0215355
0.0174032
0.0273512
0.0372047
0.0302598
0.0054164
-0.0214290
-0.0344021
-0.0335692
-0.0320893
-0.0392369
-0.0496267
-0.0503465
-0.0366735
-0.0182517
-0.0093794
-0.0147104
-0.0259000
-0.0319199
-0.0307339
-0.0294769
-0.0341621
-0.0415522
-0.0421551
-0.0302258
-0.0098582
0.0084069
0.0164803
0.0149120
0.0113459
0.0131430
0.0211601
0.0303788
0.0361066
0.0388157
0.0425865
0.0494024
0.0560966
0.0576718
0.0532360
0.0470666
0.0425903
0.0365862
0.0225584
0.0011597
-0.0156569
-0.0149793
0.0019781
0.0181087
0.0160730
-0.0050417
-0.0304677
-0.0467224
-0.0552156
-0.0671609
-0.0865628
-0.1023440
-0.0998692
-0.0785071
-0.0540822
-0.0430949
-0.0472535
-0.0555042
-0.0591295
-0.0609963
-0.0690776
-0.0838945
-0.0959111
-0.0960979
-0.0868366
-0.0796529
-0.0818397
-0.0877964
-0.0859189
-0.0731551
-0.0595038
-0.0564479
-0.0627288
-0.0645308
-0.0506398
-0.0256672
-0.0059886
-0.0023533
-0.0088473
-0.0113490
-0.0056301
-0.0026982
-0.0138719
-0.0338439
-0.0440200
-0.0339151
-0.0151849
-0.0104241
-0.0286443
-0.0555136
-0.0695419
-0.0652757
-0.0566873
-0.0578338
-0.0651580
-0.0631955
-0.0458481
-0.0258726
-0.0205609
-0.0318119
-0.0452505
-0.0485584
-0.0457169
-0.0500846
-0.0657520
-0.0805633
-0.0796133
-0.0631008
-0.0469611
-0.0452752
-0.0553143
-0.0624690
-0.0578722
-0.0469181
-0.0396958
-0.0370677
-0.0302119
-0.0135355
0.0057141
0.0135750
0.0046877
-0.0110388
-0.0186833
-0.0140439
-0.0067296
-0.0075189
-0.0156413
-0.0208829
-0.0166276
-0.0073336
-0.0023522
-0.0049458
-0.0097015
-0.0100783
-0.0059717
-0.0024657
-0.0024334
-0.0030401
-0.0005512
0.0034837
0.0034673
-0.0031501
-0.0126249
-0.0196385
-0.0230492
-0.0250674
-0.0259848
-0.0222195
-0.0098905
0.0114976
0.0399407
0.0743065
0.1155254
0.1660254
0.2322533
0.3293885
0.4766367
0.6742251
0.8760980
0.9914327
0.9318895
0.6759725
0.2949987
-0.0869804
-0.3678510
-0.5153727
-0.5564817
-0.5320668
-0.4660105
-0.3701278
-0.2633992
-0.1737336
-0.1196763
-0.0972867
-0.0892516
-0.0837376
-0.0801931
-0.0794338
-0.0758709
-0.0637083
-0.0473981
-0.0398283
-0.0480917
-0.0641560
-0.0731220
-0.0698412
-0.0631296
-0.0619312
-0.0615705
-0.0490542
-0.0214681
0.0065944
0.0171524
0.0075983
-0.0082039
-0.0161872
-0.0150528
-0.0119485
-0.0095907
-0.0028773
0.0113990
0.0263280
0.0306463
0.0215205
0.0072490
-0.0035117
-0.0109220
-0.0196672
-0.0292122
-0.0337099
-0.0311850
-0.0275601
-0.0292328
-0.0351354
-0.0397959
-0.0426273
-0.0494712
-0.0634698
-0.0782192
-0.0844296
-0.0829957
-0.0869023
-0.1075895
-0.1420993
-0.1770000
-0.2031498
-0.2221258
-0.2386777
-0.2529282
-0.2631445
-0.2716958
-0.2826247
-0.2945177
-0.3015868
-0.3035384
-0.3093905
-0.3264281
-0.3469077
-0.3521266
-0.3331218
-0.3037011
-0.2873359
-0.2913125
-0.2993553
-0.2920082
-0.2690986
-0.2467998
-0.2354361
-0.2277728
-0.2110928
-0.1848912
-0.1613788
-0.1503107
-0.1484721
-0.1454980
-0.1365846
-0.1262007
-0.1202728
-0.1183258
-0.1146545
-0.1047320
-0.0883187
-0.0684341
-0.0508253
-0.0433014
-0.0502351
-0.0653120
-0.0732751
-0.0628978
-0.0377714
-0.0120470
0.0037221
0.0101430
0.0132723
0.0154854
0.0146721
0.0105903
0.0077125
0.0097763
0.0137873
0.0127311
0.0039356
-0.0085570
-0.0205242
-0.0323927
-0.0448934
-0.0537560
-0.0543082
-0.0504949
-0.0531756
-0.0669994
-0.0834437
-0.0913467
-0.0922502
-0.0994665
-0.1200532
-0.1423053
-0.1467494
-0.1294656
-0.1088615
-0.1055069
-0.1185393
-0.1277595
-0.1185926
-0.0985699
-0.0861483
-0.0879474
-0.0922132
-0.0832320
-0.0575137
-0.0255425
-0.0015909
0.0066157
0.0016034
-0.0065100
-0.0068444
0.0041282
0.0188262
0.0247114
0.0172823
0.0062645
0.0050394
0.0134932
0.0166836
0.0042121
-0.0137129
-0.0168184
-0.0007899
0.0149217
0.0090241
-0.0169392
-0.0416364
-0.0498144
-0.0483772
-0.0541266
-0.0705510
-0.0834737
-0.0800593
-0.0657577
-0.0576243
-0.0641338
-0.0780393
-0.0887081
-0.0940835
-0.0971094
-0.0965649
-0.0884648
-0.0747234
-0.0635386
-0.0594959
-0.0580427
-0.0529264
-0.0459780
-0.0445559
-0.0491840
-0.0490727
-0.0345533
-0.0119655
0.0004299
-0.0061237
-0.0189256
-0.0188983
-0.0048519
0.0047397
-0.0046501
-0.0248802
-0.0346349
-0.0241647
-0.0048329
0.0060392
0.0046135
0.0011117
0.0032867
0.0056317
-0.0014128
-0.0156185
-0.0239796
-0.0209314
-0.0183087
-0.0309373
-0.0556296
-0.0723270
-0.0675996
-0.0510637
-0.0438180
-0.0528334
-0.0624399
-0.0535305
-0.0276194
-0.0060870
-0.0046025
-0.0144357
-0.0149895
-0.0016191
0.0081701
-0.0011227
-0.0202629
-0.0240702
-0.0010669
0.0323779
0.0497151
0.0422762
0.0259586
0.0208005
0.0286628
0.0349506
0.0300833
0.0219985
0.0239426
0.0354315
0.0426291
0.0364988
0.0231895
0.0137504
0.0089411
-0.0000980
-0.0167183
-0.0292388
-0.0205622
0.0122946
0.0513347
0.0734144
0.0720391
0.0598398
0.0500802
0.0420093
0.0278905
0.0090477
-0.0026490
0.0004380
0.0109164
0.0136140
0.0023098
-0.0133974
-0.0192531
-0.0133217
-0.0084835
-0.0160090
-0.0299578
-0.0330873
-0.0176099
0.0056979
0.0208141
0.0239525
0.0240901
0.0288228
0.0343024
0.0305142
0.0151823
0.0001652
0.0012820
0.0210126
0.0444267
0.0549861
0.0518071
0.0473890
0.0501068
0.0542714
0.0485553
0.0307820
0.0122544
0.0077998
0.0215356
0.0428561
0.0583093
0.0668663
0.0791301
0.1004006
0.1208449
0.1279708
0.1254355
0.1324406
0.1634244
0.2128602
0.2638758
0.3126608
0.3818949
0.5028790
0.6759443
0.8470298
0.9300046
0.8598121
0.6308698
0.2948472
-0.0680207
-0.3790154
-0.5833088
-0.6636055
-0.6396909
-0.5523439
-0.4416243
-0.3320208
-0.2303426
-0.1356873
-0.0527021
0.0066410
0.0361772
0.0457831
0.0525469
0.0636499
0.0731223
0.0733747
0.0641484
0.0512857
0.0418444
0.0397835
0.0430079
0.0464525
0.0503193
0.0607631
0.0788322
0.0945558
0.0981618
0.0932262
0.0928871
0.1056643
0.1288118
0.1522753
0.1666782
0.1717972
0.1781428
0.1936761
0.2092809
0.2081146
0.1912769
0.1811481
0.1933336
0.2165818
0.2275056
0.2160534
0.1908503
0.1681359
0.1594671
0.1616486
0.1575864
0.1372970
0.1153653
0.1119265
0.1200862
0.1146924
0.0920787
0.0724262
0.0592396
0.0311179
-0.0130476
-0.0358354
-0.0118269
