0.0707232
0.0685303
0.0582520
0.0419468
0.0245820
0.0112823
0.0049801
0.0050308
0.0079042
0.0101631
0.0114511
0.0144280
0.0215127
0.0319430
0.0423903
0.0501421
0.0548838
0.0572022
0.0564247
0.0513343
0.0432405
0.0370629
0.0377837
0.0452566
0.0531291
0.0538445
0.0452771
0.0326117
0.0237689
0.0229822
0.0285000
0.0357193
0.0416082
0.0458000
0.0482996
0.0477887
0.0432334
0.0365492
0.0318937
0.0311593
0.0309474
0.0259238
0.0159414
0.0083097
0.0108211
0.0223553
0.0325506
0.0325366
0.0249190
0.0204502
0.0241403
0.0274319
0.0174396
-0.0060433
-0.0260054
-0.0233673
0.0038186
0.0382985
0.0607359
0.0666519
0.0654341
0.0656523
0.0660826
0.0622973
0.0577479
0.0628897
0.0823259
0.1064518
0.1192092
0.1135151
0.0963038
0.0780694
0.0607697
0.0389449
0.0111599
-0.0144207
-0.0282471
-0.0306317
-0.0309653
-0.0357483
-0.0413298
-0.0410810
-0.0369899
-0.0387550
-0.0497854
-0.0585452
-0.0494162
-0.0226954
0.0009776
0.0003115
-0.0234393
-0.0467481
-0.0483379
-0.0303477
-0.0124945
-0.0076926
-0.0089973
-0.0022808
0.0140297
0.0298952
0.0455980
0.0844496
0.1722216
0.2987410
0.4044056
0.4144248
0.2947158
0.0787680
-0.1577882
-0.3481930
-0.4649744
-0.5117658
-0.4990658
-0.4349899
-0.3349872
-0.2285765
-0.1469208
-0.1019754
-0.0807813
-0.0617574
-0.0351369
-0.0068818
0.0139848
0.0269389
0.0378115
0.0489350
0.0557733
0.0539280
0.0467406
0.0436344
0.0512358
0.0675707
0.0851054
0.0981236
0.1063327
0.1122894
0.1170845
0.1192815
0.1175348
0.1135295
0.1119845
0.1172945
0.1295212
0.1436705
0.1538058
0.1585796
0.1622462
0.1693079
0.1783585
0.1826410
0.1776749
0.1675886
0.1622766
0.1676362
0.1793709
0.1871571
0.1844580
0.1735030
0.1612834
0.1524341
0.1466781
0.1416316
0.1361073
0.1307115
0.1269550
0.1266103
0.1306559
0.1372776
0.1412801
0.1373988
0.1253151
0.1105674
0.0991540
0.0913102
0.0819526
0.0678453
0.0530267
0.0453468
0.0474162
0.0524828
0.0506982
0.0394942
0.0268870
0.0239016
0.0336637
0.0480567
0.0552242
0.0506242
0.0410661
0.0380221
0.0467118
0.0612842
0.0703722
0.0674205
0.0559721
0.0453162
0.0412579
0.0412126
0.0381676
0.0289635
0.0180490
0.0128051
0.0155338
0.0207092
0.0204741
0.0127420
0.0035969
0.0014546
0.0086488
0.0186532
0.0216682
0.0132376
-0.0021320
-0.0152528
-0.0198900
-0.0168357
-0.0117266
-0.0096892
-0.0118589
-0.0162501
-0.0213546
-0.0285579
-0.0405803
-0.0569372
-0.0708878
-0.0720829
-0.0543978
-0.0228234
0.0076597
0.0222231
0.0176869
0.0049768
-0.0004828
0.0078834
0.0229316
0.0315676
0.0272623
0.0153837
0.0069097
0.0072324
0.0109560
0.0074052
-0.0087909
-0.0324218
-0.0527760
-0.0638893
-0.0696529
-0.0786192
-0.0937565
-0.1078203
-0.1098112
-0.0967783
-0.0789575
-0.0719399
-0.0825502
-0.1022971
-0.1153700
-0.1134984
-0.1028190
-0.0961455
-0.0992767
-0.1059747
-0.1063464
-0.0983325
-0.0889415
-0.0847149
-0.0842794
-0.0823261
-0.0775026
-0.0694305
-0.0455411
0.0211490
0.1471252
0.3027860
0.4069282
0.3727104
0.1751940
-0.1194057
-0.3938744
-0.5575593
-0.5956932
-0.5548730
-0.4896573
-0.4238628
-0.3536194
-0.2737721
-0.1934627
-0.1287172
-0.0872643
-0.0642232
-0.0502913
-0.0404894
-0.0346956
-0.0326623
-0.0311342
-0.0258279
-0.0148950
-0.0001361
0.0142880
0.0240125
0.0265265
0.0226242
0.0161892
0.0117522
0.0113785
0.0137243
0.0164209
0.0195560
0.0263890
0.0398336
0.0579995
0.0741889
0.0826821
0.0848023
0.0881839
0.0990086
0.1150697
0.1272108
0.1278322
0.1177327
0.1047455
0.0964594
0.0947172
0.0962715
0.0969128
0.0939988
0.0861837
0.0729595
0.0554615
0.0368448
0.0208918
0.0105125
0.0079635
0.0152346
0.0319229
0.0519944
0.0646084
0.0610422
0.0421508
0.0182113
0.0000147
-0.0103005
-0.0191738
-0.0326005
-0.0484512
-0.0588284
-0.0594161
-0.0547028
-0.0531627
-0.0583622
-0.0661314
-0.0701240
-0.0685210
-0.0645298
-0.0615610
-0.0598458
-0.0581208
-0.0568037
-0.0574733
-0.0593433
-0.0583987
-0.0516237
-0.0413955
-0.0339920
-0.0333298
-0.0371477
-0.0399019
-0.0387235
-0.0358425
-0.0356360
-0.0402688
-0.0483292
-0.0568131
-0.0636634
-0.0686620
-0.0728104
-0.0772412
-0.0820231
-0.0851459
-0.0829500
-0.0729201
-0.0570961
-0.0424364
-0.0365892
-0.0420477
-0.0537616
-0.0627461
-0.0633262
-0.0582102
-0.0564326
-0.0648534
-0.0805662
-0.0922933
-0.0907813
-0.0783687
-0.0673478
-0.0677007
-0.0764485
-0.0802999
-0.0698609
-0.0508399
-0.0396446
-0.0467678
-0.0648578
-0.0742463
-0.0607369
-0.0279580
0.0071870
0.0299144
0.0378950
0.0378137
0.0345479
0.0259474
0.0081050
-0.0167228
-0.0400106
-0.0550340
-0.0632836
-0.0715640
-0.0834967
-0.0954205
-0.1008488
-0.0978004
-0.0910368
-0.0876266
-0.0909386
-0.0985454
-0.1049736
-0.1062175
-0.1024314
-0.0971788
-0.0939903
-0.0929599
-0.0907621
-0.0848689
-0.0776669
-0.0745950
-0.0768632
-0.0775822
-0.0680774
-0.0480867
-0.0256042
-0.0028623
0.0355423
0.1128818
0.2309446
0.3485564
0.3950410
0.3154236
0.1126269
-0.1487187
-0.3802456
-0.5191791
-0.5536971
-0.5131830
-0.4394108
-0.3623351
-0.2927287
-0.2288030
-0.1668980
-0.1081549
-0.0585946
-0.0245588
-0.0073877
-0.0011432
0.0043636
0.0164650
0.0338356
0.0478585
0.0511217
0.0453896
0.0407031
0.0457579
0.0591597
0.0710639
0.0740904
0.0719586
0.0759120
0.0922483
0.1147805
0.1310167
0.1352156
0.1336394
0.1366875
0.1475879
0.1601610
0.1668002
0.1667664
0.1662225
0.1715089
0.1835727
0.1982996
0.2104780
0.2168225
0.2168012
0.2126669
0.2086479
0.2079562
0.2092302
0.2071106
0.1981907
0.1862783
0.1799494
0.1838743
0.1934225
0.1991506
0.1967325
0.1914311
0.1919101
0.1998912
0.2069831
0.2024170
0.1836370
0.1588096
0.1392681
0.1301783
0.1281911
0.1266105
0.1216847
0.1143469
0.1073074
0.1015357
0.0956931
0.0884284
0.0805521
0.0747572
0.0735082
0.0772702
0.0841819
0.0909685
0.0947802
0.0952425
0.0948272
0.0962609
0.0990117
0.0990270
0.0930341
0.0832759
0.0769807
0.0798328
0.0895712
0.0969818
0.0944827
0.0839342
0.0751534
0.0762465
0.0857405
0.0943330
0.0937490
0.0837592
0.0717271
0.0664274
0.0715628
0.0832411
0.0926938
0.0925283
0.0823293
0.0690951
0.0613956
0.0617530
0.0645062
0.0620977
0.0539150
0.0478696
0.0520064
0.0649431
0.0761087
0.0760032
0.0654506
0.0541954
0.0509170
0.0551953
0.0589756
0.0553199
0.0457320
0.0393389
0.0449332
0.0631329
0.0854040
0.1005061
0.1028582
0.0961442
0.0895339
0.0899843
0.0974272
0.1067760
0.1137143
0.1176596
0.1194798
0.1181137
0.1107671
0.0959855
0.0755189
0.0532874
0.0332787
0.0181493
0.0083828
0.0018700
-0.0048908
-0.0135476
-0.0213031
-0.0228289
-0.0163313
-0.0074040
-0.0047940
-0.0112569
-0.0201231
-0.0227954
-0.0188329
-0.0160556
-0.0202623
-0.0275912
-0.0292896
-0.0225691
-0.0134145
-0.0080271
-0.0048826
0.0013199
0.0093729
0.0115853
0.0089890
0.0237202
0.0864995
0.2027538
0.3296934
0.3931643
0.3365672
0.1620914
-0.0696124
-0.2785067
-0.4096708
-0.4519929
-0.4266383
-0.3639567
-0.2882045
-0.2144297
-0.1505202
-0.0988394
-0.0579845
-0.0258407
-0.0017018
0.0147000
0.0253762
0.0339377
0.0428161
0.0511122
0.0558447
0.0557318
0.0537640
0.0555389
0.0643632
0.0777741
0.0892162
0.0935648
0.0913540
0.0879160
0.0883848
0.0931541
0.0981091
0.0997190
0.0998523
0.1045102
0.1170245
0.1333356
0.1454088
0.1493387
0.1488363
0.1502182
0.1550765
0.1592403
0.1588538
0.1558637
0.1559608
0.1612682
0.1668484
0.1657285
0.1565252
0.1444330
0.1348632
0.1280752
0.1208514
0.1116735
0.1023241
0.0949246
0.0894640
0.0850044
0.0819237
0.0812094
0.0814033
0.0778712
0.0667833
0.0497629
0.0329965
0.0207754
0.0108859
-0.0022652
-0.0203399
-0.0383830
-0.0497985
-0.0528872
-0.0516073
-0.0503733
-0.0492624
-0.0450713
-0.0368870
-0.0294132
-0.0293058
-0.0378010
-0.0480641
-0.0510813
-0.0442872
-0.0338713
-0.0285783
-0.0315913
-0.0384559
-0.0425728
-0.0424098
-0.0429977
-0.0500218
-0.0627073
-0.0734193
-0.0748934
-0.0676821
-0.0600440
-0.0602703
-0.0689389
-0.0786901
-0.0820112
-0.0794036
-0.0790375
-0.0874149
-0.1009975
-0.1088007
-0.1039113
-0.0913655
-0.0836503
-0.0887610
-0.1033804
-0.1175007
-0.1245953
-0.1264519
-0.1285061
-0.1321536
-0.1332552
-0.1281033
-0.1193464
-0.1152667
-0.1239436
-0.1482345
-0.1845286
-0.2247144
-0.2610978
-0.2936548
-0.3347664
-0.4043778
-0.5151601
-0.6586148
-0.8064123
-0.9295431
-1.0198821
-1.0933237
-1.1699911
-1.2506101
-1.3128478
-1.3304026
-1.2943740
-1.2171730
-1.1204469
-1.0232249
-0.9396421
-0.8803517
-0.8488681
-0.8353046
-0.8183594
-0.7791496
-0.7153335
-0.6403597
-0.5676206
-0.4963734
-0.4146211
-0.3150270
-0.2059508
-0.1062744
-0.0303405
0.0218768
0.0612426
0.0976652
0.1318998
0.1581689
0.1736765
0.1842308
0.1997783
0.2248642
0.2544288
0.2792914
0.2954290
0.3075290
0.3233664
0.3450411
0.3666205
0.3810262
0.3884936
0.3967873
0.4129358
0.4361054
0.4592477
0.4766021
0.4884217
0.4988133
0.5101233
0.5197569
0.5221265
0.5136988
0.4966500
0.4781046
0.4657558
0.4631129
0.4672095
0.4701333
0.4640646
0.4467353
0.4224357
0.3970628
0.3722240
0.3448176
0.3120923
0.2759114
0.2414614
0.2121904
0.1864597
0.1592384
0.1271317
0.0916781
0.0574987
0.0276082
0.0016273
-0.0212136
-0.0390064
-0.0490023
-0.0525070
-0.0562369
-0.0671149
-0.0851733
-0.1023993
-0.1102256
-0.1090807
-0.1094339
-0.1214410
-0.1433531
-0.1618949
-0.1652112
-0.1547467
-0.1436164
-0.1438541
-0.1559382
-0.1702159
-0.1773217
-0.1765846
-0.1746472
-0.1770278
-0.1823327
-0.1849447
-0.1820542
-0.1767819
-0.1748064
-0.1790968
-0.1879420
-0.1971615
-0.2038672
-0.2083672
-0.2124435
-0.2159041
-0.2158406
-0.2102206
-0.2016464
-0.1960987
-0.1973173
-0.2028494
-0.2062278
-0.2033848
-0.1969159
-0.1934265
-0.1960813
-0.2003779
-0.1985830
-0.1882776
-0.1749668
-0.1657457
-0.1619571
-0.1593395
-0.1543446
-0.1484183
-0.1456978
-0.1475804
-0.1505459
-0.1494965
-0.1427562
-0.1331790
-0.1245639
-0.1182429
-0.1138408
-0.1119935
-0.1143450
-0.1207534
-0.1278503
-0.1309576
-0.1271601
-0.1169657
-0.1039973
-0.0929716
-0.0867525
-0.0846282
-0.0835429
-0.0810050
-0.0767275
-0.0719480
-0.0677369
-0.0638560
-0.0589850
-0.0522319
-0.0443554
-0.0368577
-0.0298337
-0.0216932
-0.0114233
-0.0001523
0.0102832
0.0197025
0.0297796
0.0421554
0.0567443
0.0717712
0.0856438
0.0993359
0.1164630
0.1395012
0.1653937
0.1860936
0.1947114
0.1912765
0.1822296
0.1742589
0.1684953
0.1606210
0.1469433
0.1301268
0.1174811
0.1126477
0.1104713
0.1024236
0.0871688
0.0737415
0.0730226
0.0865657
0.1045759
0.1150351
0.1147362
0.1111125
0.1129997
0.1203093
0.1242424
0.1177858
0.1042154
0.0941332
0.0953048
0.1066190
0.1208247
0.1310416
0.1346364
0.1334741
0.1336093
0.1456266
0.1816325
0.2443214
0.3129452
0.3420057
0.2837077
0.1225246
-0.1069463
-0.3367657
-0.5047415
-0.5848960
-0.5887314
-0.5432817
-0.4691312
-0.3757290
-0.2708961
-0.1681113
-0.0820475
-0.0192920
0.0238988
0.0554780
0.0811882
0.1030144
0.1205843
0.1327952
0.1396606
0.1439248
0.1503187
0.1621026
0.1778496
0.1918052
0.1982942
0.1968825
0.1932118
0.1937386
0.1995513
0.2064040
0.2106700
0.2133919
0.2178219
0.2248503
0.2323994
0.2384130
0.2430368
0.2480095
0.2545092
0.2613881
0.2655443
0.2648668
0.2610539
0.2586699
0.2608945
0.2664406
0.2705703
0.2689269
0.2611348
0.2514290
0.2448964
0.2419490
0.2374158
0.2267328
0.2123358
0.2017468
0.1991157
0.2005197
0.1985659
0.1907232
0.1821104
0.1798578
0.1849875
0.1908090
0.1904255
0.1850474
0.1824158
0.1865057
0.1916818
0.1892968
0.1783444
0.1666588
0.1616840
0.1624839
0.1621685
0.1573850
0.1536451
0.1596078
0.1758918
0.1917527
0.1952678
0.1861276
0.1757038
0.1743243
0.1811165
0.1872812
0.1869011
0.1824724
0.1807156
0.1847816
0.1912405
0.1946588
0.1945088
0.1959687
0.2029789
0.2120925
0.2154100
0.2094291
0.1994331
0.1949753
0.2015719
0.2159533
0.2284586
0.2310916
0.2245844
0.2168936
0.2138931
0.2129270
0.2071375
0.1950912
0.1839727
0.1828785
0.1936136
0.2081492
0.2154347
0.2116878
0.2037167
0.2006645
0.2030351
0.2026227
0.1938584
0.1821289
0.1784695
0.1872195
0.2009884
0.2080901
0.2045256
0.1984088
0.2016327
0.2164974
0.2321520
0.2360606
0.2273907
0.2160654
0.2093690
0.2033435
0.1886264
0.1621995
0.1314079
0.1070078
0.0932371
0.0850504
0.0753661
0.0641482
0.0580390
0.0606487
0.0663682
0.0660715
0.0569338
0.0442289
0.0349125
0.0316942
0.0321763
0.0315167
0.0265986
0.0193032
0.0150690
0.0169544
0.0218130
0.0233918
0.0188210
0.0117139
0.0091026
0.0144355
0.0230936
0.0281114
0.0341577
0.0625054
0.1324801
0.2322053
0.3109457
0.3074206
0.1918804
-0.0131679
-0.2475623
-0.4483298
-0.5779545
-0.6296805
-0.6151856
-0.5527859
-0.4649490
-0.3763599
-0.3045991
-0.2521678
-0.2116209
-0.1780430
-0.1532418
-0.1390636
-0.1314928
-0.1230741
-0.1096010
-0.0939410
-0.0834379
-0.0822323
-0.0859391
-0.0863405
-0.0816762
-0.0785101
-0.0818114
-0.0871407
-0.0856426
-0.0742846
-0.0587102
-0.0477202
-0.0461256
-0.0508007
-0.0531283
-0.0479603
-0.0401782
-0.0388946
-0.0452147
-0.0501634
-0.0455806
-0.0330695
-0.0212555
-0.0176975
-0.0239111
-0.0348810
-0.0432192
-0.0466467
-0.0504452
-0.0594908
-0.0701275
-0.0745220
-0.0714284
-0.0679517
-0.0718446
-0.0857433
-0.1065475
-0.1263104
-0.1367717
-0.1379087
-0.1393129
-0.1485702
-0.1614533
-0.1682841
-0.1667296
-0.1636468
-0.1671082
-0.1799407
-0.1975160
-0.2098527
-0.2114493
-0.2108298
-0.2225089
-0.2465142
-0.2650062
-0.2640177
-0.2499665
-0.2394476
-0.2407978
-0.2505708
-0.2601829
-0.2617514
-0.2548938
-0.2497187
-0.2542090
-0.2592127
-0.2487433
-0.2248773
-0.2066577
-0.2035351
-0.2074821
-0.2119566
-0.2174197
-0.2163757
-0.1986451
-0.1767432
-0.1770063
-0.1951746
-0.1915621
-0.1469931
