0.7009505
0.7072566
0.7054850
0.6938810
0.6780073
0.6671328
0.6651810
0.6659366
0.6588747
0.6400568
0.6157888
0.5944415
0.5759195
0.5516076
0.5152259
0.4714822
0.4316230
0.4007699
0.3720753
0.3347138
0.2864023
0.2362843
0.1957607
0.1682089
0.1480864
0.1282207
0.1061970
0.0843232
0.0656111
0.0507617
0.0380277
0.0251560
0.0123074
0.0039737
0.0065372
0.0209165
0.0367885
0.0372317
0.0133146
-0.0248733
-0.0542601
-0.0585736
-0.0426167
-0.0263592
-0.0255303
-0.0391881
-0.0553742
-0.0655049
-0.0707624
-0.0759677
-0.0812428
-0.0818033
-0.0743977
-0.0615079
-0.0489990
-0.0410627
-0.0377096
-0.0357319
-0.0314047
-0.0238055
-0.0171050
-0.0183680
-0.0300940
-0.0443043
-0.0472796
-0.0336221
-0.0149905
-0.0109405
-0.0287280
-0.0540361
-0.0649212
-0.0551797
-0.0411119
-0.0434171
-0.0642442
-0.0851209
-0.0875899
-0.0728812
-0.0592308
-0.0615179
-0.0766100
-0.0889922
-0.0878469
-0.0763227
-0.0654153
-0.0620536
-0.0643492
-0.0662878
-0.0642855
-0.0589354
-0.0523865
-0.0455113
-0.0372375
-0.0259697
-0.0124481
-0.0023055
-0.0046346
-0.0246244
-0.0554171
-0.0790076
-0.0793753
-0.0572373
-0.0308616
-0.0199965
-0.0281704
-0.0414802
-0.0446971
-0.0368587
-0.0297808
-0.0326389
-0.0409930
-0.0421972
-0.0298002
-0.0103988
0.0033699
0.0045018
-0.0040862
-0.0145029
-0.0208778
-0.0224054
-0.0226147
-0.0271592
-0.0403021
-0.0603281
-0.0777209
-0.0805288
-0.0646489
-0.0393235
-0.0205688
-0.0174014
-0.0243922
-0.0282763
-0.0216583
-0.0096105
-0.0030431
-0.0067117
-0.0145139
-0.0162354
-0.0080960
0.0036398
0.0090301
0.0039583
-0.0064840
-0.0134361
-0.0127544
-0.0083784
-0.0076942
-0.0136729
-0.0215833
-0.0236522
-0.0170972
-0.0072586
-0.0023675
-0.0052816
-0.0108316
-0.0114358
-0.0049437
0.0032727
0.0056027
-0.0007930
-0.0117121
-0.0195194
-0.0185910
-0.0082492
0.0077865
0.0238272
0.0350189
0.0397796
0.0407224
0.0428461
0.0498160
0.0614589
0.0747235
0.0867885
0.0970198
0.1063571
0.1157298
0.1255857
0.1366159
0.1501553
0.1672635
0.1871055
0.2060454
0.2183021
0.2180593
0.2023556
0.1735158
0.1391824
0.1086560
0.0872604
0.0732792
0.0605254
0.0442110
0.0244383
0.0045270
-0.0129195
-0.0275834
-0.0396730
-0.0478752
-0.0498353
-0.0446414
-0.0346256
-0.0247998
-0.0204853
-0.0246249
-0.0359338
-0.0490180
-0.0574547
-0.0586516
-0.0562012
-0.0562886
-0.0609623
-0.0658720
-0.0658467
-0.0619118
-0.0604564
-0.0645156
-0.0679014
-0.0608414
-0.0415936
-0.0190856
-0.0004096
0.0237719
0.0758147
0.1664277
0.2707115
0.3321931
0.2983131
0.1600886
-0.0378044
-0.2253559
-0.3502865
-0.4021181
-0.4031108
-0.3808638
-0.3489489
-0.3083406
-0.2603315
-0.2135460
-0.1786314
-0.1590696
-0.1491044
-0.1401369
-0.1280362
-0.1146393
-0.1038705
-0.0974765
-0.0938469
-0.0896139
-0.0822241
-0.0721789
-0.0635043
-0.0608569
-0.0644275
-0.0679476
-0.0639877
-0.0525780
-0.0431550
-0.0456193
-0.0591327
-0.0714662
-0.0705866
-0.0561855
-0.0387645
-0.0280095
-0.0238464
-0.0194041
-0.0108137
-0.0016929
0.0019973
-0.0008917
-0.0062644
-0.0102076
-0.0126573
-0.0157242
-0.0205382
-0.0268935
-0.0345855
-0.0432231
-0.0509944
-0.0555600
-0.0571225
-0.0593785
-0.0656543
-0.0740792
-0.0783968
-0.0749162
-0.0677395
-0.0650309
-0.0696396
-0.0752318
-0.0733390
-0.0634808
-0.0542397
-0.0536727
-0.0600440
-0.0634220
-0.0561245
-0.0403767
-0.0255471
-0.0193073
-0.0227045
-0.0327112
-0.0465711
-0.0621045
-0.0758701
-0.0845324
-0.0886962
-0.0926562
-0.0982332
-0.1003977
-0.0921742
-0.0745285
-0.0587719
-0.0565663
-0.0677523
-0.0800334
-0.0814345
-0.0718106
-0.0611576
-0.0579747
-0.0613355
-0.0639467
-0.0602594
-0.0504369
-0.0387635
-0.0307379
-0.0304479
-0.0371138
-0.0433201
-0.0400178
-0.0264392
-0.0138361
-0.0155129
-0.0316987
-0.0469481
-0.0456074
-0.0293632
-0.0163748
-0.0218095
-0.0416219
-0.0579887
-0.0593644
-0.0516097
-0.0487089
-0.0560115
-0.0657126
-0.0676522
-0.0610515
-0.0543435
-0.0553336
-0.0634370
-0.0712165
-0.0720729
-0.0661457
-0.0597460
-0.0596223
-0.0668824
-0.0753823
-0.0764852
-0.0670461
-0.0534171
-0.0464773
-0.0515153
-0.0632788
-0.0716945
-0.0718935
-0.0674853
-0.0643452
-0.0630384
-0.0584558
-0.0461353
-0.0277081
-0.0100268
0.0003452
0.0016969
-0.0025439
-0.0065548
-0.0048943
0.0058806
0.0261113
0.0524022
0.0785451
0.0981864
0.1075321
0.1062703
0.0965511
0.0811653
0.0622545
0.0414145
0.0207924
0.0033181
-0.0091543
-0.0179902
-0.0269863
-0.0385588
-0.0509358
-0.0597923
-0.0628597
-0.0627267
-0.0648859
-0.0726689
-0.0836141
-0.0908052
-0.0886498
-0.0784538
-0.0685068
-0.0674750
-0.0760510
-0.0848176
-0.0820986
-0.0658021
-0.0469944
-0.0394599
-0.0451139
-0.0520625
-0.0488194
-0.0381648
-0.0330098
-0.0385535
-0.0435098
-0.0332947
-0.0099207
0.0079731
0.0091300
0.0103378
0.0447003
0.1231536
0.2083552
0.2324473
0.1469001
-0.0397370
-0.2676714
-0.4654035
-0.5873812
-0.6251795
-0.5956282
-0.5239870
-0.4339146
-0.3436461
-0.2640377
-0.1981779
-0.1443897
-0.1009038
-0.0675194
-0.0430678
-0.0233071
-0.0034491
0.0171204
0.0340015
0.0424364
0.0425619
0.0398787
0.0408091
0.0477458
0.0578436
0.0661717
0.0701490
0.0713446
0.0733805
0.0782148
0.0841852
0.0874348
0.0857652
0.0819313
0.0828503
0.0939280
0.1130394
0.1309076
0.1391056
0.1383238
0.1380494
0.1472156
0.1649948
0.1812944
0.1868560
0.1827263
0.1789600
0.1835919
0.1937385
0.1986934
0.1916125
0.1769588
0.1659765
0.1655532
0.1721050
0.1759933
0.1712420
0.1606994
0.1519360
0.1487035
0.1472073
0.1409813
0.1285501
0.1151865
0.1070776
0.1047047
0.1026823
0.0959112
0.0850851
0.0754356
0.0701818
0.0663886
0.0583620
0.0445756
0.0295539
0.0185193
0.0118835
0.0064425
0.0009343
-0.0018665
0.0008646
0.0075956
0.0137014
0.0169858
0.0203602
0.0278456
0.0385324
0.0463087
0.0463804
0.0408668
0.0365369
0.0375068
0.0417318
0.0447923
0.0454737
0.0464487
0.0499904
0.0540278
0.0528453
0.0420078
0.0232916
0.0049941
-0.0035575
0.0007007
0.0118390
0.0197700
0.0189363
0.0129472
0.0101188
0.0136265
0.0167267
0.0095768
-0.0086529
-0.0262296
-0.0293399
-0.0161303
0.0007820
0.0060975
-0.0041923
-0.0201875
-0.0284262
-0.0245983
-0.0167136
-0.0164338
-0.0273990
-0.0417141
-0.0475251
-0.0401854
-0.0266364
-0.0190965
-0.0237845
-0.0352286
-0.0420907
-0.0390410
-0.0319497
-0.0301842
-0.0347961
-0.0370394
-0.0296157
-0.0171938
-0.0128255
-0.0233327
-0.0401466
-0.0466794
-0.0349142
-0.0130804
0.0042335
0.0122865
0.0200462
0.0375686
0.0623424
0.0810025
0.0842515
0.0775651
0.0757650
0.0878349
0.1082830
0.1234272
0.1251362
0.1174804
0.1100701
0.1062432
0.0991710
0.0795573
0.0461700
0.0084161
-0.0210512
-0.0364999
-0.0430585
-0.0509658
-0.0651367
-0.0800534
-0.0857426
-0.0791771
-0.0686751
-0.0657976
-0.0732075
-0.0820303
-0.0821104
-0.0740320
-0.0689782
-0.0755604
-0.0883062
-0.0922512
-0.0799207
-0.0611499
-0.0531356
-0.0613897
-0.0737412
-0.0744927
-0.0622234
-0.0507124
-0.0522705
-0.0630628
-0.0676314
-0.0573585
-0.0404771
-0.0301277
-0.0233846
0.0025085
0.0677615
0.1622435
0.2413489
0.2523240
0.1693503
0.0093393
-0.1807853
-0.3512130
-0.4696175
-0.5253312
-0.5233947
-0.4783404
-0.4099018
-0.3371573
-0.2714438
-0.2139151
-0.1608834
-0.1119326
-0.0727253
-0.0498151
-0.0424964
-0.0398651
-0.0274464
0.0008251
0.0359349
0.0599390
0.0607289
0.0422517
0.0206053
0.0095426
0.0090447
0.0079882
-0.0018537
-0.0154239
-0.0194965
-0.0079859
0.0103295
0.0212164
0.0208712
0.0199343
0.0312884
0.0556560
0.0806618
0.0936971
0.0944137
0.0938432
0.1017685
0.1163741
0.1271515
0.1270851
0.1203155
0.1174663
0.1245695
0.1373703
0.1461305
0.1454357
0.1390087
0.1345878
0.1342972
0.1315812
0.1190142
0.0981444
0.0791627
0.0702811
0.0695231
0.0686314
0.0638759
0.0604898
0.0655834
0.0782483
0.0887856
0.0880715
0.0760023
0.0594644
0.0436791
0.0286189
0.0139363
0.0033627
0.0008943
0.0039781
0.0041347
-0.0045162
-0.0190928
-0.0314560
-0.0368684
-0.0377425
-0.0387644
-0.0397199
-0.0348480
-0.0198840
0.0013306
0.0187022
0.0245653
0.0199799
0.0127155
0.0099583
0.0129044
0.0173089
0.0186811
0.0171530
0.0170755
0.0214183
0.0273717
0.0290108
0.0243097
0.0178287
0.0155397
0.0180693
0.0204935
0.0188017
0.0152441
0.0159218
0.0229565
0.0306779
0.0315252
0.0254015
0.0204250
0.0227067
0.0271776
0.0215695
0.0001369
-0.0282291
-0.0468644
-0.0464044
-0.0329928
-0.0217279
-0.0221210
-0.0301357
-0.0343712
-0.0289668
-0.0191512
-0.0144578
-0.0182043
-0.0243193
-0.0234837
-0.0118198
0.0054377
0.0179436
0.0185569
0.0089805
-0.0022000
-0.0070029
-0.0039885
0.0021071
0.0055962
0.0049004
0.0032372
0.0043619
0.0075506
0.0078300
0.0021980
-0.0052867
-0.0064729
0.0025664
0.0174398
0.0301647
0.0371672
0.0419260
0.0500336
0.0625643
0.0752869
0.0846266
0.0929766
0.1061938
0.1261175
0.1480448
0.1665883
0.1816119
0.1958657
0.2078524
0.2103918
0.1978419
0.1734285
0.1473424
0.1268511
0.1093396
0.0867455
0.0569095
0.0283357
0.0119298
0.0093046
0.0117420
0.0103369
0.0042000
-0.0023895
-0.0082229
-0.0175375
-0.0340893
-0.0548058
-0.0709775
-0.0762365
-0.0728250
-0.0690440
-0.0704336
-0.0744978
-0.0744576
-0.0668221
-0.0542500
-0.0422106
-0.0345070
-0.0314997
-0.0308321
-0.0293772
-0.0253748
-0.0192580
-0.0125259
-0.0061904
-0.0002017
0.0070072
0.0197382
0.0452751
0.0905650
0.1553032
0.2250372
0.2705809
0.2590188
0.1734081
0.0273315
-0.1395759
-0.2831562
-0.3756512
-0.4112038
-0.3979875
-0.3492118
-0.2798490
-0.2058745
-0.1408969
-0.0911969
-0.0550118
-0.0283861
-0.0114111
-0.0066974
-0.0116245
-0.0155665
-0.0080144
0.0112700
0.0325321
0.0461359
0.0505603
0.0511134
0.0538008
0.0614316
0.0731296
0.0848380
0.0905051
0.0855682
0.0719460
0.0596536
0.0605802
0.0776616
0.1004733
0.1142310
0.1141222
0.1090722
0.1107575
0.1210748
0.1319770
0.1359626
0.1343243
0.1350731
0.1441902
0.1595058
0.1728889
0.1781492
0.1764231
0.1737625
0.1744973
0.1779350
0.1805171
0.1792316
0.1729698
0.1625388
0.1503873
0.1395997
0.1324072
0.1293565
0.1291316
0.1286815
0.1246090
0.1158127
0.1045060
0.0938046
0.0847987
0.0766728
0.0687876
0.0615199
0.0557314
0.0524803
0.0525658
0.0551036
0.0569281
0.0546343
0.0475439
0.0385161
0.0319947
0.0308510
0.0340866
0.0376568
0.0386698
0.0385422
0.0402708
0.0425259
0.0390238
0.0256203
0.0069877
-0.0057132
-0.0046094
0.0072703
0.0182190
0.0186507
0.0106224
0.0058606
0.0131299
0.0283513
0.0388371
0.0367234
0.0263384
0.0184866
0.0193968
0.0256977
0.0288055
0.0235644
0.0132142
0.0062042
0.0080432
0.0165824
0.0250805
0.0284948
0.0262891
0.0209442
0.0155304
0.0120977
0.0109191
0.0110211
0.0115150
0.0119123
0.0115977
0.0105735
0.0106771
0.0139604
0.0193291
0.0230317
0.0235900
0.0239413
0.0264645
0.0271271
0.0175788
-0.0053674
-0.0327250
-0.0474914
-0.0383911
-0.0111393
0.0149394
0.0234098
0.0141716
0.0004802
-0.0055457
-0.0030602
-0.0005646
-0.0072591
-0.0254946
-0.0480725
-0.0621060
-0.0583672
-0.0389719
-0.0154054
0.0018493
0.0117725
0.0213584
0.0365540
0.0551002
0.0688026
0.0730730
0.0728215
0.0771770
0.0896160
0.1063723
0.1238793
0.1428014
0.1626326
0.1768018
0.1779804
0.1671574
0.1533436
0.1433777
0.1345579
0.1192835
0.0962867
0.0747579
0.0648698
0.0643044
0.0575248
0.0312869
-0.0103146
-0.0487836
-0.0684878
-0.0690514
-0.0623072
-0.0607461
-0.0688419
-0.0817256
-0.0902528
-0.0889389
-0.0804874
-0.0724478
-0.0695868
-0.0701313
-0.0689663
-0.0636360
-0.0574363
-0.0566047
-0.0632755
-0.0713649
-0.0718904
-0.0631680
-0.0528402
-0.0479053
-0.0455782
-0.0375547
-0.0222905
-0.0088901
-0.0059920
-0.0067483
0.0121972
0.0705142
0.1571411
0.2244078
0.2170331
0.1145415
-0.0518912
-0.2229159
-0.3502315
-0.4171161
-0.4309209
-0.4049002
-0.3493948
-0.2758612
-0.2015733
-0.1434672
-0.1057802
-0.0779759
-0.0485521
-0.0187866
0.0007104
0.0051739
0.0026340
0.0053148
0.0174239
0.0323881
0.0402352
0.0373034
0.0300531
0.0293836
0.0403251
0.0575315
0.0708850
0.0742181
0.0689090
0.0620279
0.0620711
0.0732439
0.0912036
0.1057966
0.1097604
0.1040858
0.0951021
0.0889348
0.0891256
0.0959491
0.1057247
0.1127646
0.1139733
0.1109674
0.1076956
0.1073173
0.1105109
0.1143152
0.1134324
0.1060177
0.0979701
0.0976968
0.1055078
0.1109450
0.1023478
0.0785439
0.0511531
0.0353911
0.0366182
0.0449410
0.0455920
0.0357660
0.0271769
0.0293405
0.0352727
0.0295065
0.0076934
-0.0183835
-0.0356352
-0.0441634
-0.0544905
-0.0729160
-0.0930151
-0.1032603
-0.1019241
-0.1001338
-0.1071767
-0.1169987
-0.1162451
-0.1041641
-0.0954815
-0.1008833
-0.1125663
-0.1147957
-0.1039905
-0.0918943
-0.0900261
-0.0959334
-0.0966199
-0.0844347
-0.0675170
-0.0617700
-0.0721237
-0.0860966
-0.0889090
-0.0805399
-0.0727743
-0.0731967
-0.0790172
-0.0847347
-0.0883524
-0.0895644
-0.0880428
-0.0854459
-0.0853320
-0.0893986
-0.0953669
-0.0988445
-0.0972300
-0.0936365
-0.0963457
-0.1097617
-0.1253614
-0.1280162
-0.1140251
-0.0967071
-0.0902661
-0.0938233
-0.0959985
-0.0902429
-0.0803291
-0.0739170
-0.0750877
-0.0813223
-0.0854951
-0.0827316
-0.0756747
-0.0703306
-0.0682812
-0.0676331
-0.0692768
-0.0749531
-0.0801296
-0.0769024
-0.0648156
-0.0522652
-0.0467961
-0.0495118
-0.0576332
-0.0660561
-0.0681596
-0.0622840
-0.0559904
-0.0571586
-0.0627282
-0.0627146
-0.0529596
-0.0377856
-0.0231375
-0.0127066
-0.0065560
0.0017850
0.0210469
0.0492082
0.0716322
0.0787706
0.0786492
0.0852496
0.1020058
0.1228215
0.1408772
0.1506254
0.1506405
0.1499804
0.1607783
0.1789294
0.1841297
0.1648478
0.1309556
0.0972303
0.0688322
0.0473320
0.0342602
0.0229666
0.0034260
-0.0203378
-0.0344380
-0.0379607
-0.0414874
-0.0442667
-0.0389710
-0.0374040
-0.0581083
-0.0873685
-0.0923190
-0.0781297
-0.0855012
-0.1182360
-0.1256607
-0.0830752
