-0.1250605
-0.1226530
-0.1171791
-0.1126693
-0.1101487
-0.1039785
-0.0864075
-0.0564375
-0.0234029
-0.0000546
0.0092844
0.0137217
0.0278224
0.0574473
0.0933455
0.1194517
0.1278825
0.1254092
0.1251377
0.1330794
0.1445426
0.1535531
0.1631215
0.1833209
0.2194919
0.2664593
0.3190007
0.3881548
0.5005342
0.6708876
0.8673706
1.0049361
0.9846092
0.7567601
0.3606484
-0.0927769
-0.4827584
-0.7378765
-0.8517565
-0.8556234
-0.7827707
-0.6565713
-0.5008871
-0.3477427
-0.2264411
-0.1457982
-0.0921127
-0.0472226
-0.0069382
0.0199644
0.0284076
0.0274091
0.0313422
0.0435490
0.0533353
0.0507335
0.0412318
0.0419536
0.0625257
0.0923943
0.1098470
0.1037818
0.0847823
0.0734897
0.0788158
0.0893312
0.0867713
0.0668637
0.0449915
0.0404951
0.0561369
0.0743839
0.0744587
0.0525073
0.0244600
0.0096842
0.0132594
0.0249111
0.0339450
0.0425570
0.0626642
0.1002549
0.1453270
0.1793820
0.1928304
0.1932151
0.1950375
0.2027521
0.2067240
0.1972310
0.1797880
0.1719244
0.1827846
0.1990385
0.1961517
0.1652075
0.1249922
0.1033456
0.1070672
0.1147353
0.1016316
0.0684243
0.0401188
0.0364449
0.0485837
0.0494314
0.0246817
-0.0120028
-0.0362261
-0.0402241
-0.0379698
-0.0446942
-0.0581444
-0.0638498
-0.0549458
-0.0401099
-0.0309404
-0.0273593
-0.0206506
-0.0087410
-0.0014461
-0.0070606
-0.0176152
-0.0138442
0.0134469
0.0507736
0.0744771
0.0751234
0.0661257
0.0671888
0.0822121
0.0967139
0.0962258
0.0832061
0.0733824
0.0773220
0.0892883
0.0951022
0.0879815
0.0736222
0.0606945
0.0506391
0.0394972
0.0274697
0.0216749
0.0272318
0.0382894
0.0419041
0.0314307
0.0131895
-0.0020768
-0.0121596
-0.0239208
-0.0405405
-0.0527739
-0.0476885
-0.0256965
-0.0038375
0.0014512
-0.0072647
-0.0117685
-0.0005082
0.0170098
0.0220222
0.0105260
-0.0004049
0.0074290
0.0314155
0.0514459
0.0543168
0.0486074
0.0517102
0.0663327
0.0771546
0.0720560
0.0602139
0.0629302
0.0878449
0.1185281
0.1322380
0.1238577
0.1077131
0.0977032
0.0922003
0.0811906
0.0630544
0.0471764
0.0395746
0.0324768
0.0133117
-0.0182725
-0.0485018
-0.0662925
-0.0772770
-0.0962310
-0.1267024
-0.1535737
-0.1585690
-0.1402291
-0.1145849
-0.0968664
-0.0872550
-0.0768214
-0.0633897
-0.0554039
-0.0590954
-0.0669201
-0.0636472
-0.0432694
-0.0157181
0.0046445
0.0140057
0.0195594
0.0269380
0.0324155
0.0300813
0.0234957
0.0249365
0.0415568
0.0654648
0.0808248
0.0802162
0.0710081
0.0648219
0.0636616
0.0595169
0.0468502
0.0315206
0.0247825
0.0299090
0.0379965
0.0378727
0.0276960
0.0143035
0.0021213
-0.0134772
-0.0394086
-0.0730800
-0.1008343
-0.1098108
-0.1002079
-0.0843071
-0.0738287
-0.0698467
-0.0653343
-0.0555298
-0.0434445
-0.0350316
-0.0310194
-0.0254720
-0.0123705
0.0077922
0.0286838
0.0446511
0.0556183
0.0655935
0.0772236
0.0884828
0.0946843
0.0933961
0.0871760
0.0814534
0.0797071
0.0805536
0.0792149
0.0714986
0.0564613
0.0360570
0.0134326
-0.0078704
-0.0240669
-0.0327345
-0.0359388
-0.0411352
-0.0563403
-0.0821905
-0.1090068
-0.1237144
-0.1209858
-0.1071136
-0.0922275
-0.0796021
-0.0644222
-0.0432109
-0.0219242
-0.0117712
-0.0168106
-0.0283685
-0.0340292
-0.0311970
-0.0287837
-0.0344360
-0.0426426
-0.0388095
-0.0155456
0.0174867
0.0417373
0.0470139
0.0390221
0.0300934
0.0248414
0.0169850
-0.0002529
-0.0232205
-0.0393520
-0.0396456
-0.0284629
-0.0199820
-0.0247418
-0.0399019
-0.0530046
-0.0552708
-0.0505048
-0.0498708
-0.0577743
-0.0645628
-0.0554416
-0.0271103
0.0062898
0.0257686
0.0259430
0.0193961
0.0221583
0.0365244
0.0502697
0.0524908
0.0473457
0.0497351
0.0681160
0.0944188
0.1124453
0.1147464
0.1089011
0.1071480
0.1123447
0.1163134
0.1113950
0.1009017
0.0962090
0.1041412
0.1193024
0.1297213
0.1285904
0.1184926
0.1043898
0.0852922
0.0554098
0.0132834
-0.0326104
-0.0690457
-0.0885673
-0.0941218
-0.0939458
-0.0936589
-0.0939460
-0.0939504
-0.0940128
-0.0944814
-0.0942119
-0.0924954
-0.0915544
-0.0941768
-0.0978992
-0.0942035
-0.0768241
-0.0509346
-0.0309353
-0.0266067
-0.0324819
-0.0338738
-0.0241581
-0.0132773
-0.0161253
-0.0332238
-0.0467150
-0.0380181
-0.0082293
0.0214815
0.0299689
0.0151003
-0.0070205
-0.0188904
-0.0157362
-0.0050922
0.0031694
0.0046776
0.0016287
0.0002362
0.0072195
0.0248124
0.0462245
0.0576871
0.0490628
0.0240611
-0.0019188
-0.0160064
-0.0194541
-0.0239205
-0.0369906
-0.0534023
-0.0610200
-0.0536225
-0.0363946
-0.0201254
-0.0123718
-0.0141501
-0.0219620
-0.0302433
-0.0330362
-0.0271570
-0.0156745
-0.0063214
-0.0037285
-0.0033589
0.0044645
0.0233556
0.0450588
0.0564645
0.0521863
0.0389444
0.0275032
0.0218607
0.0174916
0.0092463
-0.0011010
-0.0059187
0.0007135
0.0172780
0.0356981
0.0466411
0.0446823
0.0307886
0.0114264
-0.0055617
-0.0160822
-0.0216581
-0.0259279
-0.0293304
-0.0278901
-0.0171996
0.0036502
0.0329470
0.0702416
0.1183424
0.1833491
0.2766763
0.4165488
0.6170037
0.8596881
1.0698635
1.1330796
0.9621062
0.5698300
0.0807911
-0.3408795
-0.5923382
-0.6775441
-0.6663963
-0.6183714
-0.5463364
-0.4420529
-0.3170503
-0.2061726
-0.1350801
-0.0970667
-0.0678121
-0.0365855
-0.0143080
-0.0121097
-0.0219515
-0.0250112
-0.0149560
-0.0041115
-0.0047525
-0.0115788
-0.0096848
0.0025360
0.0075560
-0.0094300
-0.0377513
-0.0486655
-0.0274332
0.0076235
0.0233913
0.0079489
-0.0168045
-0.0200661
0.0043544
0.0336887
0.0441759
0.0377651
0.0373785
0.0583288
0.0904494
0.1109549
0.1110411
0.1042028
0.1076864
0.1207775
0.1261888
0.1120267
0.0871816
0.0716100
0.0734531
0.0801627
0.0730252
0.0463972
0.0092288
-0.0296631
-0.0712428
-0.1188731
-0.1666146
-0.2019614
-0.2211397
-0.2362475
-0.2628458
-0.3024752
-0.3423713
-0.3729162
-0.3999460
-0.4352665
-0.4776214
-0.5101501
-0.5196840
-0.5140390
-0.5144452
-0.5313925
-0.5534449
-0.5621351
-0.5531843
-0.5374958
-0.5226618
-0.5009031
-0.4598752
-0.4018008
-0.3448340
-0.3036336
-0.2736793
-0.2396386
-0.1970860
-0.1593126
-0.1400240
-0.1339845
-0.1207195
-0.0873762
-0.0429807
-0.0074258
0.0104473
0.0194468
0.0317412
0.0478373
0.0596555
0.0654948
0.0750735
0.0967853
0.1241485
0.1408956
0.1400445
0.1328817
0.1353333
0.1479739
0.1550305
0.1446398
0.1257083
0.1198536
0.1369104
0.1628776
0.1748616
0.1656241
0.1493500
0.1431704
0.1474802
0.1478615
0.1343223
0.1137449
0.1018089
0.1059269
0.1194573
0.1315022
0.1380472
0.1414016
0.1417240
0.1342158
0.1164295
0.0950724
0.0811828
0.0779280
0.0763539
0.0656514
0.0460659
0.0283027
0.0197197
0.0145949
0.0014405
-0.0209454
-0.0390653
-0.0391415
-0.0239851
-0.0112049
-0.0134258
-0.0238487
-0.0251028
-0.0109291
0.0061178
0.0106658
0.0041758
0.0034319
0.0196168
0.0441302
0.0587126
0.0567764
0.0490255
0.0470720
0.0474091
0.0375234
0.0161993
-0.0000839
0.0042948
0.0229191
0.0316377
0.0153428
-0.0147936
-0.0349911
-0.0370281
-0.0366787
-0.0525134
-0.0814063
-0.1007193
-0.0942047
-0.0700831
-0.0503309
-0.0458268
-0.0479451
-0.0445546
-0.0373290
-0.0374857
-0.0468961
-0.0513340
-0.0366426
-0.0077225
0.0152093
0.0204472
0.0192419
0.0310926
0.0567259
0.0738512
0.0649167
0.0449809
0.0530247
0.1116795
0.2005546
0.2770619
0.3255554
0.3809870
0.4977263
0.6914554
0.9098864
1.0587005
1.0574460
0.8801655
0.5598510
0.1687183
-0.2069739
-0.4921384
-0.6472441
-0.6805355
-0.6345402
-0.5534349
-0.4590359
-0.3554773
-0.2506714
-0.1643913
-0.1119356
-0.0857459
-0.0620784
-0.0280436
0.0039803
0.0140957
0.0037082
-0.0015430
0.0196632
0.0588210
0.0870045
0.0881137
0.0756965
0.0740990
0.0887360
0.1021615
0.0989351
0.0865633
0.0863945
0.1071453
0.1347465
0.1498941
0.1495356
0.1458558
0.1473731
0.1491005
0.1439195
0.1373708
0.1436938
0.1670784
0.1930656
0.2029208
0.1943207
0.1830371
0.1838165
0.1944877
0.2024870
0.2037740
0.2084127
0.2253397
0.2469320
0.2547971
0.2405748
0.2156442
0.1973079
0.1885594
0.1764046
0.1503857
0.1179127
0.0971733
0.0961868
0.1034536
0.1010915
0.0840201
0.0626929
0.0484384
0.0412282
0.0340204
0.0252520
0.0216384
0.0279860
0.0385992
0.0426186
0.0368700
0.0293960
0.0286822
0.0326912
0.0328265
0.0282095
0.0305640
0.0509140
0.0836860
0.1094605
0.1151852
0.1080047
0.1056156
0.1146991
0.1237065
0.1184938
0.1010710
0.0881456
0.0915243
0.1048775
0.1127148
0.1091199
0.1023992
0.1013840
0.1030285
0.0976746
0.0836594
0.0707220
0.0676043
0.0707776
0.0694232
0.0597540
0.0492463
0.0450383
0.0425453
0.0309180
0.0093599
-0.0079773
-0.0076292
0.0051990
0.0098904
-0.0071245
-0.0374185
-0.0612853
-0.0705986
-0.0755844
-0.0880810
-0.1036736
-0.1062083
-0.0892912
-0.0671086
-0.0598774
-0.0713959
-0.0863819
-0.0901276
-0.0849862
-0.0836332
-0.0900014
-0.0939563
-0.0859407
-0.0706866
-0.0609247
-0.0594921
-0.0542201
-0.0332717
-0.0012277
0.0255638
0.0389345
0.0480015
0.0649058
0.0858736
0.0937042
0.0800892
0.0590813
0.0530154
0.0673501
0.0857107
0.0913185
0.0878584
0.0937030
0.1169610
0.1427006
0.1481585
0.1268968
0.0928446
0.0617637
0.0354500
0.0072407
-0.0226366
-0.0450330
-0.0553084
-0.0618959
-0.0771719
-0.1032011
-0.1317172
-0.1570612
-0.1826709
-0.2117324
-0.2364214
-0.2436476
-0.2321081
-0.2173063
-0.2149016
-0.2219962
-0.2209064
-0.2016792
-0.1747164
-0.1571115
-0.1501685
-0.1367230
-0.1014679
-0.0491752
0.0002108
0.0318195
0.0471720
0.0562965
0.0642218
0.0691282
0.0711959
0.0769344
0.0918090
0.1116199
0.1253174
0.1262320
0.1175336
0.1061803
0.0948112
0.0819890
0.0682499
0.0577110
0.0524579
0.0479441
0.0365410
0.0149827
-0.0141570
-0.0483506
-0.0887763
-0.1350143
-0.1781414
-0.2045215
-0.2088535
-0.2005670
-0.1942859
-0.1956752
-0.2000612
-0.2034874
-0.2089671
-0.2187159
-0.2248824
-0.2152516
-0.1892837
-0.1624322
-0.1494067
-0.1458328
-0.1333888
-0.1044331
-0.0746995
-0.0655183
-0.0765268
-0.0839356
-0.0674829
-0.0325430
-0.0008996
0.0157530
0.0256098
0.0408397
0.0606384
0.0756627
0.0844300
0.0962755
0.1163367
0.1349407
0.1380425
0.1248961
0.1077812
0.0938436
0.0754244
0.0438096
0.0070052
-0.0157273
-0.0180838
-0.0173378
-0.0348679
-0.0697210
-0.0988869
-0.1048038
-0.0962893
-0.0973223
-0.1180156
-0.1432816
-0.1514836
-0.1385609
-0.1191567
-0.1074643
-0.1042646
-0.1037487
-0.1056113
-0.1136856
-0.1247416
-0.1263029
-0.1095378
-0.0814142
-0.0595882
-0.0548333
-0.0613851
-0.0656258
-0.0610745
-0.0513864
-0.0404057
-0.0254500
-0.0036628
0.0190067
0.0313477
0.0299778
0.0240495
0.0239947
0.0286155
0.0277978
0.0175634
0.0073998
0.0093149
0.0219445
0.0303505
0.0226991
0.0033759
-0.0133282
-0.0197107
-0.0199843
-0.0199406
-0.0178814
-0.0096160
0.0018514
0.0080931
0.0064455
0.0032947
0.0031758
-0.0008661
-0.0197954
-0.0515448
-0.0776085
-0.0811552
-0.0661769
-0.0533316
-0.0563380
-0.0676397
-0.0703266
-0.0596458
-0.0464455
-0.0404401
-0.0375299
-0.0275151
-0.0097353
0.0052406
0.0090367
0.0047570
0.0000265
-0.0051820
-0.0178633
-0.0387784
-0.0557607
-0.0552308
-0.0386531
-0.0218880
-0.0166852
-0.0175500
-0.0108229
0.0063688
0.0224634
0.0276182
0.0279141
0.0385697
0.0644997
0.0929566
0.1078384
0.1078931
0.1060482
0.1111970
0.1165096
0.1097246
0.0913762
0.0758674
0.0732951
0.0760768
0.0681331
0.0444863
0.0160938
-0.0050555
-0.0201052
-0.0386401
-0.0626459
-0.0815831
-0.0860509
-0.0820346
-0.0854459
-0.1020766
-0.1185251
-0.1169178
-0.0956549
-0.0702639
-0.0537571
-0.0413914
-0.0181182
0.0214304
0.0646760
0.0934159
0.1015446
0.0984105
0.0961987
0.0978964
0.0992616
0.0990595
0.1019676
0.1104823
0.1184587
0.1165822
0.1030732
0.0856524
0.0726670
0.0650674
0.0586431
0.0521267
0.0496974
0.0543392
0.0611286
0.0606207
0.0494351
0.0341786
0.0221359
0.0102049
-0.0123062
-0.0489325
-0.0878118
-0.1112711
-0.1127349
-0.1018786
-0.0932123
-0.0917528
-0.0908961
-0.0823515
-0.0647644
-0.0413988
-0.0119780
0.0304339
0.0969293
0.2027558
0.3682651
0.6056281
0.8873814
1.1249174
1.1950994
1.0147667
0.6088896
0.1096229
-0.3212323
-0.5852769
-0.6822174
-0.6696723
-0.5998346
-0.4937126
-0.3603914
-0.2198709
-0.0975234
-0.0035651
0.0704214
0.1329742
0.1779922
0.1930799
0.1788565
0.1529380
0.1325714
0.1178902
0.0975526
0.0694812
0.0486285
0.0498506
0.0675094
0.0793351
0.0710792
0.0514933
0.0397159
0.0417501
0.0448560
0.0353600
0.0172192
0.0086702
0.0208313
0.0439139
0.0580588
0.0560684
0.0503895
0.0561577
0.0719163
0.0816734
0.0746545
0.0582186
0.0493204
0.0552907
0.0655800
0.0632194
0.0435353
0.0196295
0.0080676
0.0105678
0.0127538
0.0012756
-0.0209479
-0.0385202
-0.0408946
-0.0335788
-0.0320503
-0.0458954
-0.0700627
-0.0923525
-0.1086674
-0.1279807
-0.1603328
-0.2023270
-0.2386086
-0.2579266
-0.2644812
-0.2722660
-0.2907083
-0.3176501
-0.3448160
-0.3672650
-0.3858549
-0.4009545
-0.4067848
-0.3958237
-0.3691378
-0.3381914
-0.3134247
-0.2934573
-0.2691505
-0.2371088
-0.2050904
-0.1830265
-0.1711135
-0.1588648
-0.1362949
-0.1054413
-0.0792352
-0.0676126
-0.0662957
-0.0623335
-0.0499347
-0.0362439
-0.0300153
-0.0287981
-0.0208987
0.0015431
0.0341485
0.0645494
0.0836495
0.0927888
0.1000838
0.1100448
0.1188639
0.1215560
0.1210361
0.1258521
0.1393455
0.1549398
0.1628772
0.1591101
0.1474236
0.1351266
0.1267530
0.1204895
0.1115543
0.0999746
0.0920465
0.0912831
0.0909784
0.0805291
0.0582556
0.0339434
0.0184676
0.0133211
0.0106314
0.0029818
-0.0059429
-0.0020459
0.0232960
0.0583461
0.0790931
0.0750658
0.0605088
0.0553988
0.0613103
0.0625254
0.0478735
0.0254369
0.0155000
0.0305571
0.0612177
0.0831492
0.0818063
0.0680166
0.0627290
0.0695420
0.0729976
0.0632251
0.0492481
0.0449440
0.0534334
0.0687071
0.0813115
0.0796508
0.0587828
0.0317413
0.0178922
0.0154314
0.0017277
-0.0321121
