0.0744379
0.0839040
0.2290683
0.3552572
0.4460391
0.5602875
0.6483780
0.5751529
0.3024413
-0.0634553
-0.3980325
-0.6441942
-0.7848897
-0.8216198
-0.7908069
-0.7379626
-0.6675732
-0.5618306
-0.4387023
-0.3422512
-0.2833587
-0.2360996
-0.1864944
-0.1441047
-0.1124400
-0.0850899
-0.0650166
-0.0567091
-0.0482262
-0.0287480
-0.0122976
-0.0172772
-0.0341615
-0.0382285
-0.0230897
-0.0002150
0.0223598
0.0413386
0.0510769
0.0527961
0.0585848
0.0721599
0.0795591
0.0713237
0.0588358
0.0570832
0.0663161
0.0807100
0.0992613
0.1185114
0.1300107
0.1340122
0.1416648
0.1570082
0.1709376
0.1780854
0.1851990
0.1981556
0.2140369
0.2290160
0.2412520
0.2450246
0.2356109
0.2206564
0.2136408
0.2158743
0.2167056
0.2100159
0.1989796
0.1873887
0.1780451
0.1762872
0.1832575
0.1889076
0.1824336
0.1660638
0.1494049
0.1356668
0.1228753
0.1123441
0.1056663
0.0985666
0.0870938
0.0754973
0.0705976
0.0728382
0.0778416
0.0806886
0.0750333
0.0563548
0.0304587
0.0102302
-0.0000826
-0.0084375
-0.0193568
-0.0248380
-0.0161064
0.0037667
0.0235251
0.0334938
0.0299230
0.0175931
0.0100083
0.0189452
0.0411107
0.0607537
0.0657884
0.0562229
0.0393834
0.0244459
0.0193849
0.0248842
0.0322161
0.0336905
0.0326996
0.0369405
0.0455948
0.0511106
0.0506079
0.0477966
0.0459966
0.0459762
0.0482098
0.0512644
0.0504344
0.0431664
0.0336049
0.0282036
0.0295338
0.0358995
0.0421337
0.0397430
0.0237167
0.0020693
-0.0088873
-0.0029112
0.0086201
0.0108884
0.0014594
-0.0109290
-0.0172623
-0.0146789
-0.0072813
-0.0036305
-0.0096018
-0.0219349
-0.0316325
-0.0331417
-0.0269306
-0.0159149
-0.0050705
-0.0018696
-0.0095691
-0.0206800
-0.0235681
-0.0155215
-0.0045282
0.0006500
-0.0023082
-0.0095907
-0.0135104
-0.0064994
0.0118586
0.0328260
0.0471388
0.0539607
0.0590286
0.0675608
0.0819966
0.1025936
0.1263548
0.1484773
0.1677045
0.1868044
0.2055319
0.2171896
0.2144821
0.1950903
0.1605209
0.1149150
0.0669569
0.0271061
-0.0009483
-0.0229685
-0.0462538
-0.0716773
-0.0939846
-0.1066177
-0.1064021
-0.0974295
-0.0901814
-0.0928275
-0.1032695
-0.1125216
-0.1143875
-0.1088072
-0.0990366
-0.0907898
-0.0914218
-0.1031683
-0.1174988
-0.1216273
-0.1112977
-0.0939855
-0.0802658
-0.0751040
-0.0764117
-0.0787088
-0.0779273
-0.0733721
-0.0640070
-0.0444885
-0.0098877
0.0360264
0.0850986
0.1405893
0.2199544
0.3314063
0.4465749
0.5020335
0.4346609
0.2248497
-0.0844590
-0.4080628
-0.6650581
-0.8165998
-0.8678349
-0.8428863
-0.7644651
-0.6528393
-0.5310085
-0.4215760
-0.3379328
-0.2793259
-0.2340694
-0.1900308
-0.1459839
-0.1122778
-0.0976341
-0.0968721
-0.0951045
-0.0825008
-0.0612015
-0.0392514
-0.0222322
-0.0108089
-0.0029750
0.0024727
0.0043450
0.0021100
0.0001762
0.0053118
0.0184210
0.0330121
0.0441136
0.0544976
0.0687587
0.0849207
0.0962619
0.0997385
0.0991556
0.1005954
0.1066523
0.1149417
0.1220794
0.1297431
0.1449513
0.1713286
0.2015796
0.2231205
0.2312167
0.2326498
0.2364184
0.2448858
0.2543480
0.2601070
0.2599134
0.2557613
0.2533986
0.2574767
0.2661473
0.2718991
0.2679258
0.2531465
0.2325820
0.2140324
0.2019869
0.1926082
0.1768253
0.1505546
0.1197063
0.0931459
0.0735209
0.0574737
0.0417320
0.0253520
0.0080618
-0.0097087
-0.0257021
-0.0374711
-0.0453375
-0.0527086
-0.0635309
-0.0787820
-0.0939642
-0.1012425
-0.0972031
-0.0881537
-0.0843043
-0.0886124
-0.0948254
-0.0966210
-0.0946709
-0.0937065
-0.0962052
-0.1005334
-0.1027964
-0.0993930
-0.0898971
-0.0784357
-0.0707128
-0.0688607
-0.0695015
-0.0662794
-0.0545621
-0.0365890
-0.0232586
-0.0266776
-0.0466005
-0.0661555
-0.0658356
-0.0427930
-0.0147250
-0.0048401
-0.0231015
-0.0592970
-0.0918626
-0.1051243
-0.1009424
-0.0940843
-0.0961819
-0.1053575
-0.1109100
-0.1049775
-0.0887864
-0.0706874
-0.0599392
-0.0602061
-0.0672196
-0.0736517
-0.0764589
-0.0779256
-0.0801846
-0.0818150
-0.0803997
-0.0758308
-0.0702127
-0.0662193
-0.0656170
-0.0675021
-0.0681279
-0.0644428
-0.0576602
-0.0516325
-0.0480896
-0.0448737
-0.0378654
-0.0232572
0.0000848
0.0277644
0.0505816
0.0613965
0.0619947
0.0621973
0.0723881
0.0963713
0.1283125
0.1546495
0.1617490
0.1456498
0.1149848
0.0834460
0.0595178
0.0428247
0.0277112
0.0090984
-0.0132327
-0.0346321
-0.0506736
-0.0623330
-0.0744333
-0.0891302
-0.1034330
-0.1136450
-0.1199561
-0.1259528
-0.1352980
-0.1488857
-0.1631644
-0.1714344
-0.1696028
-0.1615342
-0.1566879
-0.1612438
-0.1721008
-0.1795370
-0.1752878
-0.1591635
-0.1391122
-0.1240825
-0.1159552
-0.1095339
-0.1004556
-0.0899077
-0.0798263
-0.0670557
-0.0460173
-0.0145909
0.0281955
0.0904443
0.1864359
0.3188439
0.4570306
0.5354322
0.4845576
0.2785087
-0.0388910
-0.3756700
-0.6458851
-0.8115319
-0.8824940
-0.8864806
-0.8428471
-0.7597965
-0.6473086
-0.5256750
-0.4182526
-0.3361530
-0.2730969
-0.2174790
-0.1672186
-0.1293172
-0.1065712
-0.0906237
-0.0708429
-0.0474017
-0.0324213
-0.0375891
-0.0609473
-0.0861291
-0.0955986
-0.0854985
-0.0671114
-0.0539298
-0.0490518
-0.0453766
-0.0349005
-0.0155488
0.0087832
0.0316992
0.0484520
0.0590951
0.0677077
0.0775774
0.0877966
0.0953549
0.0994840
0.1029937
0.1102508
0.1243918
0.1451608
0.1685578
0.1895473
0.2058270
0.2185693
0.2299394
0.2410166
0.2513619
0.2587684
0.2601966
0.2556884
0.2514858
0.2563837
0.2733052
0.2952162
0.3097703
0.3077598
0.2884730
0.2590919
0.2289026
0.2024178
0.1777471
0.1520627
0.1273782
0.1092002
0.1000094
0.0957759
0.0891578
0.0757119
0.0575730
0.0413391
0.0312316
0.0241210
0.0131126
-0.0033563
-0.0183602
-0.0240656
-0.0207691
-0.0164526
-0.0182742
-0.0261332
-0.0342459
-0.0379006
-0.0384732
-0.0416579
-0.0502792
-0.0595838
-0.0611591
-0.0513608
-0.0346306
-0.0191743
-0.0111752
-0.0122593
-0.0192254
-0.0252749
-0.0242158
-0.0158486
-0.0069045
-0.0054244
-0.0133922
-0.0241874
-0.0274895
-0.0185365
-0.0037336
0.0044388
-0.0000303
-0.0099347
-0.0121725
-0.0013136
0.0151577
0.0241723
0.0185184
0.0023700
-0.0125780
-0.0169617
-0.0116167
-0.0062556
-0.0100752
-0.0237620
-0.0402188
-0.0516041
-0.0552948
-0.0545282
-0.0542047
-0.0554146
-0.0540520
-0.0460242
-0.0336625
-0.0248817
-0.0250208
-0.0308204
-0.0335554
-0.0278483
-0.0173919
-0.0123071
-0.0197446
-0.0355072
-0.0457377
-0.0392479
-0.0185951
0.0025496
0.0132377
0.0151828
0.0190323
0.0325767
0.0537039
0.0743888
0.0903662
0.1053795
0.1249002
0.1471170
0.1634876
0.1690695
0.1689034
0.1712415
0.1762452
0.1749164
0.1593520
0.1314650
0.1005589
0.0739099
0.0515263
0.0301946
0.0105891
-0.0026967
-0.0091819
-0.0174387
-0.0378816
-0.0706390
-0.1041232
-0.1268900
-0.1381743
-0.1449200
-0.1508614
-0.1519822
-0.1431081
-0.1267544
-0.1132699
-0.1113511
-0.1191076
-0.1261482
-0.1249089
-0.1181232
-0.1138650
-0.1150477
-0.1163233
-0.1108509
-0.0978348
-0.0829076
-0.0721919
-0.0659322
-0.0569175
-0.0351227
0.0056681
0.0663891
0.1477064
0.2531291
0.3814428
0.5118115
0.5967437
0.5765121
0.4128944
0.1210257
-0.2278499
-0.5414189
-0.7554529
-0.8589273
-0.8790909
-0.8473560
-0.7792917
-0.6804085
-0.5617591
-0.4442119
-0.3473989
-0.2772329
-0.2262488
-0.1853372
-0.1526098
-0.1305562
-0.1183385
-0.1105000
-0.1020635
-0.0913806
-0.0780441
-0.0616445
-0.0441717
-0.0309750
-0.0263185
-0.0279629
-0.0280481
-0.0206749
-0.0083807
0.0003614
0.0012123
0.0004892
0.0092031
0.0301873
0.0536870
0.0674902
0.0698981
0.0706572
0.0798800
0.0980598
0.1169693
0.1286704
0.1327861
0.1355717
0.1430726
0.1562569
0.1726803
0.1907008
0.2097779
0.2274628
0.2392754
0.2428893
0.2407900
0.2374631
0.2348428
0.2315450
0.2260014
0.2193788
0.2152496
0.2164563
0.2222856
0.2289952
0.2330749
0.2331625
0.2287599
0.2190850
0.2048230
0.1894942
0.1762116
0.1627306
0.1420294
0.1096900
0.0707255
0.0381240
0.0232544
0.0262728
0.0356957
0.0384513
0.0309232
0.0196254
0.0115047
0.0057208
-0.0039371
-0.0202399
-0.0382744
-0.0500628
-0.0525069
-0.0505912
-0.0527571
-0.0625756
-0.0747821
-0.0800633
-0.0739229
-0.0604676
-0.0478586
-0.0410764
-0.0390919
-0.0378596
-0.0353269
-0.0336369
-0.0362649
-0.0427748
-0.0473088
-0.0435244
-0.0309618
-0.0157957
-0.0055775
-0.0037058
-0.0079067
-0.0124622
-0.0122860
-0.0067362
-0.0002053
0.0019000
-0.0015945
-0.0066492
-0.0085135
-0.0069892
-0.0066914
-0.0114206
-0.0183915
-0.0198952
-0.0126284
-0.0042561
-0.0070532
-0.0234825
-0.0407462
-0.0427858
-0.0274352
-0.0094064
-0.0054841
-0.0178319
-0.0328134
-0.0358848
-0.0264319
-0.0170109
-0.0185819
-0.0285448
-0.0344528
-0.0279305
-0.0127021
0.0007169
0.0059431
0.0056975
0.0075640
0.0160681
0.0286440
0.0390025
0.0445451
0.0500070
0.0628899
0.0852670
0.1109985
0.1316864
0.1453140
0.1584531
0.1788329
0.2047452
0.2225735
0.2172072
0.1862840
0.1432472
0.1054186
0.0798173
0.0611438
0.0416021
0.0198387
-0.0000833
-0.0159963
-0.0311511
-0.0495494
-0.0690592
-0.0816729
-0.0821261
-0.0751673
-0.0719907
-0.0789370
-0.0911751
-0.0984260
-0.0961270
-0.0900564
-0.0899780
-0.0989573
-0.1091996
-0.1093083
-0.0963527
-0.0798566
-0.0722789
-0.0757148
-0.0798607
-0.0740131
-0.0596774
-0.0491526
-0.0507772
-0.0567315
-0.0478175
-0.0116153
0.0459493
0.1103770
0.1796173
0.2693812
0.3902756
0.5175097
0.5880168
0.5362595
0.3419904
0.0495186
-0.2579773
-0.5070260
-0.6661325
-0.7416804
-0.7522966
-0.7114776
-0.6306910
-0.5288897
-0.4300951
-0.3495489
-0.2850893
-0.2249466
-0.1642346
-0.1122091
-0.0821719
-0.0752985
-0.0771484
-0.0715740
-0.0564513
-0.0433888
-0.0424408
-0.0498536
-0.0520672
-0.0401415
-0.0183696
0.0011247
0.0107339
0.0134438
0.0173798
0.0262356
0.0365724
0.0438327
0.0484999
0.0549428
0.0655782
0.0782850
0.0897350
0.0998076
0.1116524
0.1274197
0.1446023
0.1577266
0.1646241
0.1705228
0.1840863
0.2083599
0.2365084
0.2577641
0.2676031
0.2714100
0.2780492
0.2903737
0.3026769
0.3078038
0.3062018
0.3063401
0.3150470
0.3284172
0.3343732
0.3248050
0.3038408
0.2830885
0.2693732
0.2585104
0.2416996
0.2172739
0.1943695
0.1834531
0.1836764
0.1820183
0.1665725
0.1394545
0.1142746
0.1007471
0.0939733
0.0805479
0.0545533
0.0255136
0.0091910
0.0108988
0.0195443
0.0191619
0.0052325
-0.0122631
-0.0216238
-0.0225564
-0.0249147
-0.0358182
-0.0506006
-0.0573882
-0.0497044
-0.0336415
-0.0226017
-0.0253780
-0.0393860
-0.0546456
-0.0630084
-0.0633040
-0.0593476
-0.0551044
-0.0518733
-0.0485296
-0.0434946
-0.0367509
-0.0300666
-0.0247837
-0.0195745
-0.0115069
0.0000999
0.0117007
0.0184934
0.0193810
0.0180387
0.0185098
0.0207972
0.0226947
0.0257033
0.0349056
0.0482220
0.0467345
0.0033409
-0.0916507
-0.2139223
-0.3212428
-0.3927499
-0.4530473
-0.5532052
-0.7228101
-0.9372827
-1.1309893
-1.2433312
-1.2563824
-1.1957557
-1.1033208
-1.0111760
-0.9344829
-0.8773853
-0.8384667
-0.8115795
-0.7866827
-0.7537009
-0.7068997
-0.6462678
-0.5755100
-0.4987488
-0.4181135
-0.3333564
-0.2436779
-0.1509071
-0.0616502
0.0146296
0.0717826
0.1122418
0.1450649
0.1774398
0.2085293
0.2327780
0.2487278
0.2624493
0.2808797
0.3024977
0.3166245
0.3136795
0.2963657
0.2793694
0.2764813
0.2880514
0.3024854
0.3104663
0.3160695
0.3321793
0.3654164
0.4076369
0.4435437
0.4659640
0.4820320
0.5038387
0.5345264
0.5657276
0.5887497
0.6055979
0.6264560
0.6569673
0.6907147
0.7152264
0.7235862
0.7185078
0.7061049
0.6883159
0.6626605
0.6281346
0.5891019
0.5523289
0.5208333
0.4916239
0.4593539
0.4214157
0.3797277
0.3389944
0.3038067
0.2759737
0.2528719
0.2285346
0.1982025
0.1633093
0.1319566
0.1131809
0.1090073
0.1111332
0.1063264
0.0875269
0.0613106
0.0435152
0.0449735
0.0600075
0.0698214
0.0594604
0.0328782
0.0106736
0.0110718
0.0320073
0.0525159
0.0527378
0.0324834
0.0097680
0.0019324
0.0095436
0.0185167
0.0159187
0.0022498
-0.0108129
-0.0126397
-0.0029530
0.0094540
0.0151821
0.0110910
0.0006885
-0.0099680
-0.0165119
-0.0184980
-0.0193448
-0.0237752
-0.0336019
-0.0451315
-0.0513921
-0.0481106
-0.0381480
-0.0299672
-0.0311210
-0.0423461
-0.0572358
-0.0673403
-0.0680147
-0.0607045
-0.0513205
-0.0468326
-0.0514736
-0.0634479
-0.0746255
-0.0754999
-0.0628876
-0.0434481
-0.0289788
-0.0275736
-0.0386613
-0.0552007
-0.0691106
-0.0747534
-0.0699069
-0.0567690
-0.0428554
-0.0380772
-0.0471228
-0.0637196
-0.0747046
-0.0720799
-0.0607752
-0.0529222
-0.0543637
-0.0583273
-0.0531626
-0.0352047
-0.0126140
0.0033382
0.0095048
0.0129393
0.0229020
0.0422659
0.0667401
0.0904707
0.1101268
0.1234778
0.1265538
0.1151393
0.0899101
0.0586512
0.0313599
0.0122288
-0.0029825
-0.0207248
-0.0410429
-0.0565741
-0.0610462
-0.0577259
-0.0573751
-0.0671187
-0.0825727
-0.0922699
-0.0896102
-0.0795022
-0.0733425
-0.0786017
-0.0936873
-0.1114703
-0.1256777
-0.1334801
-0.1340620
-0.1274903
-0.1157927
-0.1036296
-0.0960968
-0.0952737
-0.0989978
-0.1027661
-0.1026471
-0.0971244
-0.0874924
-0.0770651
-0.0692109
-0.0647177
-0.0601382
-0.0489536
-0.0256734
0.0099069
0.0527498
0.0989895
0.1541929
0.2335787
0.3478535
0.4817010
0.5842603
0.5874108
0.4460517
0.1722144
-0.1652227
-0.4772287
-0.7001571
-0.8176215
-0.8493809
-0.8248677
-0.7650092
-0.6809228
-0.5814502
-0.4781940
-0.3840846
-0.3085423
-0.2537233
-0.2144629
-0.1822576
-0.1511650
-0.1214486
-0.0977664
-0.0834152
-0.0762435
-0.0702675
-0.0609760
-0.0486911
-0.0371045
-0.0293196
-0.0252875
-0.0220216
-0.0156180
-0.0039263
0.0112412
0.0242110
0.0290383
0.0245477
0.0162625
0.0127032
0.0188454
0.0324655
0.0463905
0.0542911
0.0551305
0.0534068
0.0558686
0.0671565
0.0867528
0.1089932
0.1266007
0.1357426
0.1387316
0.1418787
0.1501777
0.1633393
0.1762333
0.1828213
0.1802727
0.1706811
0.1598342
0.1538915
0.1555853
0.1621813
0.1670707
0.1645267
0.1541275
0.1408808
0.1305866
0.1245288
0.1184704
