0.1418306
0.1690459
0.1965250
0.2166949
0.2253641
0.2234320
0.2136032
0.1969045
0.1730348
0.1431063
0.1106734
0.0799261
0.0536516
0.0330238
0.0181750
0.0079101
-0.0005687
-0.0100390
-0.0206352
-0.0296921
-0.0351722
-0.0388010
-0.0444270
-0.0528858
-0.0597755
-0.0596970
-0.0523993
-0.0432361
-0.0370642
-0.0331664
-0.0277927
-0.0209758
-0.0180416
-0.0226508
-0.0299677
-0.0301148
-0.0196463
-0.0070585
-0.0034288
-0.0073287
-0.0025539
0.0258917
0.0746734
0.1256749
0.1698022
0.2245423
0.3202078
0.4616666
0.6023571
0.6615935
0.5770633
0.3502768
0.0477512
-0.2406090
-0.4503477
-0.5636779
-0.5974047
-0.5779350
-0.5252626
-0.4515216
-0.3662354
-0.2798743
-0.2034567
-0.1455497
-0.1084160
-0.0859534
-0.0667532
-0.0421729
-0.0132492
0.0107678
0.0218566
0.0214603
0.0190422
0.0227833
0.0325003
0.0417014
0.0453748
0.0447984
0.0454282
0.0516952
0.0642061
0.0803602
0.0959042
0.1062366
0.1085685
0.1047369
0.1014663
0.1057640
0.1185670
0.1332202
0.1414206
0.1412638
0.1391191
0.1431896
0.1553783
0.1697864
0.1789751
0.1810510
0.1803662
0.1818783
0.1856944
0.1873368
0.1827672
0.1726355
0.1618648
0.1556977
0.1561112
0.1610749
0.1662065
0.1671343
0.1614823
0.1500303
0.1365050
0.1256259
0.1202198
0.1194249
0.1195809
0.1172725
0.1120483
0.1064992
0.1036138
0.1036737
0.1034272
0.0984528
0.0869108
0.0714688
0.0574612
0.0485825
0.0438693
0.0388736
0.0301240
0.0187120
0.0095067
0.0066904
0.0098766
0.0144164
0.0153697
0.0113404
0.0050360
0.0007519
0.0013165
0.0065938
0.0139157
0.0198452
0.0224486
0.0228150
0.0243441
0.0297399
0.0381577
0.0455898
0.0486146
0.0477755
0.0467827
0.0482210
0.0505964
0.0502794
0.0463164
0.0425805
0.0444812
0.0533751
0.0643570
0.0697733
0.0654083
0.0540657
0.0435681
0.0405598
0.0447816
0.0486637
0.0434893
0.0277067
0.0098648
0.0023005
0.0102726
0.0265564
0.0371390
0.0330294
0.0171903
0.0006359
-0.0076605
-0.0073824
-0.0051226
-0.0075827
-0.0162357
-0.0269191
-0.0334413
-0.0322894
-0.0254864
-0.0194307
-0.0198499
-0.0265565
-0.0330409
-0.0320952
-0.0224298
-0.0095621
0.0000828
0.0056628
0.0121447
0.0243048
0.0412713
0.0575149
0.0689975
0.0777119
0.0897506
0.1088307
0.1317192
0.1500120
0.1565952
0.1508569
0.1381564
0.1245292
0.1117806
0.0971436
0.0769733
0.0504649
0.0202870
-0.0094914
-0.0357668
-0.0574976
-0.0755776
-0.0918668
-0.1075201
-0.1214797
-0.1308618
-0.1337336
-0.1318523
-0.1300264
-0.1320228
-0.1371138
-0.1411146
-0.1408726
-0.1373403
-0.1341779
-0.1338361
-0.1352710
-0.1349958
-0.1299030
-0.1196665
-0.1075616
-0.0989582
-0.0973988
-0.1007356
-0.1018474
-0.0952445
-0.0836033
-0.0758724
-0.0768528
-0.0792689
-0.0686587
-0.0367772
0.0125633
0.0734576
0.1510824
0.2573870
0.3870966
0.4984792
0.5258964
0.4220032
0.1956278
-0.0884488
-0.3481156
-0.5283920
-0.6186682
-0.6381176
-0.6108646
-0.5530612
-0.4753545
-0.3893922
-0.3084745
-0.2427598
-0.1951361
-0.1614070
-0.1338951
-0.1060768
-0.0763817
-0.0492456
-0.0318040
-0.0275000
-0.0316988
-0.0341818
-0.0274078
-0.0130507
0.0000233
0.0049340
0.0040319
0.0065731
0.0189708
0.0377581
0.0527645
0.0571897
0.0539107
0.0516765
0.0560149
0.0650210
0.0737986
0.0811459
0.0903013
0.1037262
0.1192679
0.1325238
0.1418078
0.1491213
0.1564710
0.1631553
0.1676813
0.1709504
0.1755141
0.1817289
0.1866937
0.1881595
0.1880655
0.1900708
0.1937429
0.1935893
0.1853891
0.1722284
0.1620127
0.1587532
0.1581687
0.1531153
0.1422305
0.1313823
0.1265730
0.1270577
0.1262494
0.1182120
0.1020275
0.0807275
0.0581974
0.0377157
0.0214445
0.0091360
-0.0022890
-0.0156826
-0.0293018
-0.0371044
-0.0352896
-0.0282072
-0.0257435
-0.0338057
-0.0484308
-0.0605716
-0.0661222
-0.0694591
-0.0766363
-0.0868063
-0.0922369
-0.0867111
-0.0724326
-0.0580609
-0.0509131
-0.0517793
-0.0562212
-0.0590856
-0.0576678
-0.0525544
-0.0471787
-0.0458603
-0.0499901
-0.0551346
-0.0533990
-0.0408447
-0.0231191
-0.0126128
-0.0189938
-0.0423376
-0.0751225
-0.1095607
-0.1421957
-0.1733275
-0.2059744
-0.2475321
-0.3097825
-0.4016444
-0.5184214
-0.6398898
-0.7438807
-0.8252001
-0.9006334
-0.9921882
-1.1025924
-1.2061703
-1.2642190
-1.2513981
-1.1713672
-1.0522144
-0.9297971
-0.8325126
-0.7735010
-0.7487243
-0.7397914
-0.7231331
-0.6834807
-0.6223025
-0.5525374
-0.4833214
-0.4099327
-0.3199917
-0.2095239
-0.0912019
0.0144602
0.0953577
0.1544486
0.2016972
0.2424990
0.2754700
0.2994365
0.3189011
0.3412347
0.3702207
0.4041809
0.4396187
0.4743824
0.5068344
0.5343681
0.5552503
0.5716025
0.5881898
0.6070270
0.6244721
0.6355282
0.6410298
0.6487648
0.6659639
0.6908121
0.7125343
0.7207062
0.7146630
0.7037770
0.6986043
0.7015841
0.7057744
0.7021232
0.6880732
0.6696457
0.6554748
0.6485752
0.6434265
0.6307745
0.6053366
0.5692645
0.5288331
0.4884754
0.4482440
0.4065442
0.3643892
0.3261863
0.2959976
0.2730776
0.2514411
0.2244269
0.1903587
0.1541331
0.1231730
0.1013516
0.0863268
0.0724604
0.0562803
0.0393034
0.0259155
0.0188199
0.0165111
0.0147645
0.0102374
0.0027876
-0.0051754
-0.0113023
-0.0155023
-0.0199219
-0.0267310
-0.0356045
-0.0432577
-0.0457833
-0.0420094
-0.0349821
-0.0301386
-0.0315029
-0.0388844
-0.0483103
-0.0554101
-0.0590665
-0.0621769
-0.0685637
-0.0785768
-0.0877070
-0.0902487
-0.0850545
-0.0775840
-0.0754944
-0.0816534
-0.0916699
-0.0986826
-0.1004414
-0.1011516
-0.1061968
-0.1155853
-0.1233276
-0.1235626
-0.1170323
-0.1109932
-0.1123103
-0.1205405
-0.1281481
-0.1280456
-0.1211322
-0.1160309
-0.1207283
-0.1341292
-0.1461583
-0.1468507
-0.1358120
-0.1227704
-0.1186308
-0.1257628
-0.1367332
-0.1420890
-0.1391398
-0.1334813
-0.1326314
-0.1384995
-0.1456991
-0.1466582
-0.1383189
-0.1244051
-0.1118497
-0.1052909
-0.1046591
-0.1071938
-0.1108666
-0.1155249
-0.1212448
-0.1265248
-0.1287402
-0.1264246
-0.1208889
-0.1154936
-0.1132837
-0.1150113
-0.1189037
-0.1221127
-0.1228527
-0.1218467
-0.1217634
-0.1245175
-0.1285265
-0.1290301
-0.1222218
-0.1097197
-0.0984934
-0.0952742
-0.1003371
-0.1070120
-0.1080576
-0.1029138
-0.0983151
-0.1010992
-0.1102858
-0.1169317
-0.1126752
-0.0986364
-0.0852691
-0.0826274
-0.0905389
-0.0988032
-0.0975562
-0.0873625
-0.0785923
-0.0806305
-0.0920889
-0.1021123
-0.1011750
-0.0900471
-0.0781124
-0.0737213
-0.0770313
-0.0819837
-0.0838197
-0.0833973
-0.0843728
-0.0876170
-0.0895707
-0.0859718
-0.0764344
-0.0651926
-0.0577936
-0.0569724
-0.0607286
-0.0637065
-0.0613043
-0.0540770
-0.0484121
-0.0511824
-0.0620031
-0.0712404
-0.0679799
-0.0514624
-0.0336738
-0.0285815
-0.0382432
-0.0508308
-0.0532828
-0.0448365
-0.0364545
-0.0373171
-0.0443260
-0.0464436
-0.0378590
-0.0239797
-0.0136735
-0.0079312
0.0011155
0.0199674
0.0449839
0.0656465
0.0760326
0.0814184
0.0930100
0.1169805
0.1490960
0.1790730
0.1990257
0.2080560
0.2102480
0.2091776
0.2038803
0.1894573
0.1620371
0.1241669
0.0853393
0.0558037
0.0384474
0.0267206
0.0114786
-0.0096862
-0.0303270
-0.0425467
-0.0458143
-0.0475089
-0.0547879
-0.0668997
-0.0761574
-0.0760806
-0.0678943
-0.0590540
-0.0559808
-0.0585116
-0.0611346
-0.0592395
-0.0540121
-0.0510794
-0.0540617
-0.0594784
-0.0588807
-0.0472725
-0.0296594
-0.0177717
-0.0183606
-0.0245559
-0.0208279
0.0016399
0.0355374
0.0668658
0.0961591
0.1479287
0.2518455
0.4068548
0.5611840
0.6327524
0.5601251
0.3451985
0.0535655
-0.2264849
-0.4325486
-0.5490949
-0.5936361
-0.5893661
-0.5496695
-0.4814303
-0.3950321
-0.3067899
-0.2317328
-0.1756986
-0.1350763
-0.1035785
-0.0787265
-0.0622571
-0.0553161
-0.0541400
-0.0510331
-0.0401889
-0.0229382
-0.0068757
0.0011388
0.0016443
0.0019736
0.0085675
0.0201341
0.0291506
0.0303364
0.0269463
0.0279139
0.0388131
0.0562539
0.0713712
0.0782601
0.0786096
0.0787565
0.0833284
0.0918191
0.1001174
0.1043911
0.1040647
0.1023573
0.1041611
0.1121642
0.1238740
0.1326671
0.1329320
0.1249314
0.1144629
0.1074000
0.1045748
0.1020186
0.0957200
0.0855763
0.0748970
0.0668911
0.0619405
0.0575387
0.0502163
0.0382005
0.0235513
0.0118416
0.0082548
0.0126712
0.0190266
0.0209159
0.0182297
0.0172279
0.0231869
0.0335502
0.0396168
0.0352961
0.0232893
0.0119841
0.0068734
0.0059605
0.0032898
-0.0043290
-0.0145625
-0.0222802
-0.0237925
-0.0188954
-0.0104274
-0.0026353
0.0009380
-0.0006088
-0.0051475
-0.0094144
-0.0116785
-0.0126586
-0.0139975
-0.0161467
-0.0177176
-0.0164489
-0.0106964
-0.0007823
0.0101977
0.0172989
0.0171229
0.0113415
0.0059728
0.0056433
0.0086369
0.0091760
0.0051655
0.0019501
0.0063866
0.0175988
0.0260836
0.0234914
0.0121170
0.0026572
0.0024356
0.0075926
0.0078931
-0.0019993
-0.0175460
-0.0297912
-0.0335118
-0.0295403
-0.0216195
-0.0136299
-0.0093160
-0.0115173
-0.0195494
-0.0282928
-0.0319777
-0.0294931
-0.0251497
-0.0239072
-0.0265995
-0.0300987
-0.0309539
-0.0277529
-0.0208554
-0.0119575
-0.0042284
-0.0004374
0.0011673
0.0077395
0.0251235
0.0491718
0.0667268
0.0687672
0.0624395
0.0667177
0.0938528
0.1361400
0.1730025
0.1907642
0.1931952
0.1921376
0.1907872
0.1797564
0.1496649
0.1043905
0.0594859
0.0283638
0.0118795
0.0009077
-0.0135353
-0.0337980
-0.0566120
-0.0771111
-0.0913447
-0.0975378
-0.0974382
-0.0961260
-0.0983176
-0.1037732
-0.1074059
-0.1051888
-0.0994704
-0.0969364
-0.1009767
-0.1073857
-0.1087591
-0.1027036
-0.0945519
-0.0917506
-0.0962725
-0.1028134
-0.1037746
-0.0956013
-0.0811257
-0.0670409
-0.0589537
-0.0569721
-0.0545246
-0.0423780
-0.0163018
0.0184353
0.0525769
0.0856489
0.1320134
0.2082626
0.3083624
0.3903548
0.3936450
0.2790913
0.0604268
-0.2000263
-0.4282756
-0.5780658
-0.6441025
-0.6466195
-0.6081598
-0.5428539
-0.4600779
-0.3705732
-0.2860931
-0.2147890
-0.1590757
-0.1176965
-0.0882256
-0.0673552
-0.0508107
-0.0353629
-0.0213905
-0.0121110
-0.0091012
-0.0088746
-0.0049092
0.0065371
0.0228687
0.0373734
0.0447586
0.0449941
0.0429332
0.0446923
0.0532680
0.0660410
0.0763973
0.0793910
0.0772645
0.0789383
0.0922416
0.1156183
0.1383152
0.1501241
0.1510678
0.1505874
0.1570719
0.1694020
0.1796058
0.1827508
0.1824121
0.1862116
0.1975484
0.2127467
0.2252618
0.2309192
0.2291207
0.2212232
0.2097886
0.1988261
0.1921321
0.1896676
0.1865221
0.1775881
0.1638879
0.1528822
0.1510483
0.1562140
0.1582929
0.1482611
0.1264128
0.1018126
0.0839721
0.0750902
0.0696591
0.0605361
0.0450730
0.0263565
0.0099779
-0.0000585
-0.0036311
-0.0044440
-0.0078054
-0.0168827
-0.0296418
-0.0396031
-0.0410893
-0.0349547
-0.0289338
-0.0310294
-0.0415373
-0.0518304
-0.0520102
-0.0403284
-0.0249158
-0.0161440
-0.0176244
-0.0246383
-0.0302779
-0.0318662
-0.0314623
-0.0315772
-0.0317168
-0.0290712
-0.0216871
-0.0105990
0.0005551
0.0074985
0.0076107
0.0017862
-0.0053658
-0.0082904
-0.0050976
0.0001683
0.0007290
-0.0066417
-0.0184437
-0.0275894
-0.0294894
-0.0251853
-0.0194624
-0.0168359
-0.0190446
-0.0249024
-0.0313836
-0.0353151
-0.0355988
-0.0345847
-0.0362935
-0.0418313
-0.0466660
-0.0441701
-0.0330945
-0.0207752
-0.0172310
-0.0254016
-0.0378018
-0.0433212
-0.0370980
-0.0235689
-0.0105649
-0.0014606
0.0067930
0.0190455
0.0365312
0.0559068
0.0725870
0.0846125
0.0941592
0.1061796
0.1248578
0.1495260
0.1731842
0.1861339
0.1827780
0.1655373
0.1418993
0.1176719
0.0934895
0.0675328
0.0400999
0.0140262
-0.0090724
-0.0309214
-0.0534498
-0.0744568
-0.0887904
-0.0946865
-0.0970386
-0.1021716
-0.1098718
-0.1132561
-0.1078446
-0.0988923
-0.0969335
-0.1057332
-0.1170938
-0.1196991
-0.1122143
-0.1048755
-0.1071139
-0.1158720
-0.1188484
-0.1087771
-0.0914365
-0.0783288
-0.0741340
-0.0744375
-0.0745660
-0.0757514
-0.0797460
-0.0804186
-0.0665357
-0.0347994
0.0043468
0.0397116
0.0780892
0.1428528
0.2458289
0.3588082
0.4185327
0.3681392
0.2003633
-0.0356982
-0.2681120
-0.4442356
-0.5480789
-0.5883495
-0.5786294
-0.5297893
-0.4543363
-0.3692913
-0.2907643
-0.2267548
-0.1767703
-0.1374274
-0.1067199
-0.0837024
-0.0669808
-0.0550887
-0.0470184
-0.0406214
-0.0311745
-0.0141696
0.0090030
0.0296459
0.0387941
0.0365942
0.0330278
0.0376317
0.0492023
0.0576428
0.0561552
0.0495189
0.0489047
0.0597525
0.0768115
0.0910299
0.0991773
0.1053598
0.1143680
0.1259762
0.1365024
0.1441797
0.1509282
0.1590952
0.1686347
0.1786059
0.1898597
0.2039837
0.2195065
0.2310870
0.2339389
0.2288998
0.2224142
0.2212417
0.2269512
0.2350056
0.2388320
0.2352690
0.2270924
0.2207994
0.2213426
0.2277338
0.2331219
0.2298916
0.2159162
0.1960934
0.1771744
0.1610476
0.1438220
0.1215702
0.0958223
0.0725860
0.0566491
0.0478929
0.0428335
0.0382614
0.0325962
0.0247185
0.0134373
-0.0008709
-0.0150122
-0.0251925
-0.0311272
-0.0367149
-0.0453372
-0.0550477
-0.0600304
-0.0572079
-0.0502214
-0.0459691
-0.0476420
-0.0519625
-0.0532920
-0.0498613
-0.0455069
-0.0453268
-0.0500602
-0.0550759
-0.0546719
-0.0470186
-0.0353654
-0.0254596
-0.0217445
-0.0244846
-0.0294299
-0.0311655
-0.0284186
-0.0261950
-0.0313080
-0.0447831
-0.0590203
-0.0635944
-0.0548198
-0.0397604
-0.0301722
-0.0318944
-0.0403490
-0.0466612
-0.0473767
-0.0471700
-0.0526164
-0.0649754
-0.0793302
-0.0891641
-0.0907730
-0.0844637
-0.0734702
-0.0622994
-0.0549913
-0.0531805
-0.0546169
-0.0539746
-0.0469580
-0.0349022
-0.0244945
-0.0213165
-0.0234882
-0.0227908
-0.0126226
0.0054447
0.0231074
0.0332926
0.0371882
0.0436290
0.0608771
0.0885826
0.1183832
0.1424018
0.1597705
0.1743035
0.1878318
0.1980352
0.2020742
0.1996376
0.1909536
0.1726477
0.1377829
0.0825700
0.0141712
-0.0503039
-0.0962569
-0.1239317
-0.1460180
-0.1720512
-0.1974138
-0.2091421
-0.2006984
-0.1793488
-0.1601647
-0.1538644
-0.1592514
-0.1663758
-0.1674378
-0.1638924
-0.1613397
-0.1596585
-0.1533463
-0.1416611
-0.1316077
-0.1271352
-0.1209166
-0.1032125
