-0.4604854
-0.5942699
-0.5598133
-0.4737614
-0.3944424
-0.2967100
-0.1856739
-0.1085155
-0.0660612
-0.0144205
0.0482906
0.0795782
0.0733899
0.0699109
0.0856661
0.0974874
0.0953521
0.0952502
0.1001942
0.0968759
0.0889709
0.0917111
0.0982252
0.0894476
0.0709718
0.0651893
0.0741491
0.0813188
0.0814375
0.0805726
0.0767540
0.0662769
0.0583156
0.0602869
0.0607844
0.0479106
0.0315199
0.0280469
0.0365125
0.0465067
0.0557842
0.0645093
0.0668117
0.0625015
0.0629051
0.0726478
0.0801233
0.0767991
0.0710900
0.0731324
0.0799893
0.0844109
0.0849118
0.0809578
0.0714125
0.0617842
0.0592981
0.0585707
0.0469484
0.0256114
0.0099543
0.0072321
0.0085350
0.0042719
-0.0063701
-0.0221306
-0.0424790
-0.0628712
-0.0782498
-0.0904662
-0.1028621
-0.1112341
-0.1103590
-0.1048372
-0.1029385
-0.1043747
-0.1037629
-0.1004495
-0.0954727
-0.0853371
-0.0685325
-0.0519135
-0.0413313
-0.0320495
-0.0170302
0.0011296
0.0141711
0.0187525
0.0173585
0.0143467
0.0149426
0.0213321
0.0271619
0.0243000
0.0171532
0.0200614
0.0370874
0.0545578
0.0581507
0.0488341
0.0379783
0.0341304
0.0375715
0.0416182
0.0380530
0.0271080
0.0210055
0.0305117
0.0497287
0.0622167
0.0605982
0.0520737
0.0461938
0.0451844
0.0451151
0.0396560
0.0243615
0.0031971
-0.0120450
-0.0146459
-0.0117515
-0.0147140
-0.0250123
-0.0357406
-0.0425404
-0.0463382
-0.0482861
-0.0474965
-0.0418436
-0.0287001
-0.0089421
0.0086180
0.0135799
0.0073603
0.0031868
0.0093454
0.0193116
0.0224523
0.0182571
0.0154842
0.0215031
0.0355002
0.0489550
0.0521126
0.0438731
0.0345331
0.0338872
0.0384382
0.0369219
0.0269660
0.0184048
0.0197705
0.0284329
0.0353171
0.0343401
0.0266530
0.0192174
0.0183824
0.0220026
0.0205797
0.0094381
-0.0043354
-0.0115089
-0.0128680
-0.0161815
-0.0245382
-0.0336090
-0.0384283
-0.0381237
-0.0353702
-0.0342086
-0.0364823
-0.0388297
-0.0363875
-0.0303997
-0.0274349
-0.0297385
-0.0320615
-0.0304719
-0.0288068
-0.0330143
-0.0430983
-0.0534125
-0.0580669
-0.0550442
-0.0482231
-0.0453385
-0.0500988
-0.0569361
-0.0580487
-0.0545445
-0.0548173
-0.0619120
-0.0683364
-0.0648474
-0.0505000
-0.0330783
-0.0219663
-0.0199559
-0.0200457
-0.0123426
0.0037297
0.0175308
0.0206925
0.0186105
0.0241073
0.0429773
0.0705582
0.0997837
0.1275958
0.1555572
0.1897784
0.2404990
0.3172125
0.4194095
0.5268880
0.5959953
0.5722538
0.4225854
0.1663036
-0.1267523
-0.3750203
-0.5283979
-0.5831951
-0.5672134
-0.5144451
-0.4468134
-0.3710763
-0.2890715
-0.2084521
-0.1414047
-0.0950249
-0.0671175
-0.0508890
-0.0403632
-0.0324519
-0.0279028
-0.0296263
-0.0365024
-0.0400366
-0.0313508
-0.0110572
0.0112967
0.0271984
0.0360139
0.0431802
0.0543375
0.0701038
0.0845785
0.0907448
0.0891509
0.0888182
0.0975328
0.1137892
0.1301704
0.1415624
0.1477195
0.1507600
0.1528841
0.1545269
0.1530596
0.1456466
0.1345622
0.1266619
0.1258233
0.1282075
0.1263231
0.1160840
0.0997850
0.0842502
0.0753068
0.0711236
0.0620567
0.0410760
0.0138315
-0.0061219
-0.0127404
-0.0144305
-0.0245672
-0.0475619
-0.0748190
-0.0927847
-0.0954366
-0.0903470
-0.0912018
-0.1028222
-0.1156299
-0.1168281
-0.1043986
-0.0873230
-0.0745862
-0.0675770
-0.0618592
-0.0531017
-0.0415656
-0.0322304
-0.0292685
-0.0295292
-0.0239047
-0.0067967
0.0177148
0.0402363
0.0543939
0.0600763
0.0612762
0.0622428
0.0637924
0.0626130
0.0560449
0.0472962
0.0430057
0.0454460
0.0500298
0.0506969
0.0449013
0.0334462
0.0190083
0.0056360
-0.0033338
-0.0082677
-0.0126523
-0.0190861
-0.0267459
-0.0321630
-0.0316734
-0.0248821
-0.0171150
-0.0159234
-0.0226406
-0.0295626
-0.0284550
-0.0202085
-0.0131090
-0.0127335
-0.0162933
-0.0163316
-0.0081348
0.0056969
0.0167209
0.0179085
0.0106314
0.0032905
0.0025286
0.0074493
0.0124595
0.0130491
0.0082481
0.0005393
-0.0052838
-0.0057365
-0.0026786
-0.0020652
-0.0078733
-0.0187371
-0.0305012
-0.0399598
-0.0461345
-0.0502584
-0.0547175
-0.0599594
-0.0624926
-0.0579921
-0.0464483
-0.0327774
-0.0227994
-0.0196369
-0.0223283
-0.0259382
-0.0247655
-0.0181419
-0.0118840
-0.0113722
-0.0141430
-0.0120762
-0.0007538
0.0152557
0.0264269
0.0268314
0.0195200
0.0138587
0.0161176
0.0224973
0.0236885
0.0168037
0.0099294
0.0134114
0.0288526
0.0480163
0.0604463
0.0609075
0.0516266
0.0393352
0.0293675
0.0216398
0.0126127
0.0004923
-0.0128417
-0.0240734
-0.0305341
-0.0310086
-0.0271304
-0.0234476
-0.0232276
-0.0242044
-0.0211957
-0.0133905
-0.0068106
-0.0085620
-0.0193391
-0.0314557
-0.0341046
-0.0224430
-0.0031218
0.0106388
0.0114692
0.0046339
0.0012860
0.0064019
0.0149109
0.0183540
0.0135241
0.0052233
0.0015980
0.0060408
0.0134021
0.0156145
0.0111165
0.0064764
0.0082154
0.0155597
0.0222170
0.0227420
0.0157474
0.0033686
-0.0099624
-0.0192536
-0.0218614
-0.0196331
-0.0180159
-0.0220891
-0.0315796
-0.0393281
-0.0374292
-0.0270716
-0.0197004
-0.0245727
-0.0362954
-0.0390811
-0.0241973
-0.0001064
0.0161355
0.0158852
0.0064113
0.0025335
0.0116508
0.0271143
0.0364764
0.0353848
0.0314101
0.0342837
0.0453268
0.0578900
0.0655309
0.0672775
0.0663369
0.0661710
0.0676636
0.0687760
0.0669146
0.0617355
0.0550048
0.0482297
0.0419517
0.0367349
0.0323157
0.0257342
0.0132951
-0.0044079
-0.0215976
-0.0328904
-0.0384733
-0.0427262
-0.0486894
-0.0547277
-0.0563400
-0.0512484
-0.0428787
-0.0378395
-0.0391444
-0.0430735
-0.0438173
-0.0398033
-0.0339755
-0.0293982
-0.0266319
-0.0242413
-0.0196916
-0.0107036
0.0018243
0.0125231
0.0154433
0.0099446
0.0019320
-0.0009696
0.0044197
0.0144422
0.0219384
0.0230457
0.0211220
0.0228707
0.0304717
0.0390441
0.0421127
0.0379245
0.0300757
0.0237483
0.0218565
0.0231525
0.0234621
0.0202218
0.0161255
0.0165997
0.0231324
0.0307184
0.0328275
0.0280738
0.0215120
0.0197329
0.0243373
0.0297058
0.0281784
0.0185555
0.0084474
0.0066296
0.0137344
0.0219939
0.0235818
0.0177370
0.0100873
0.0062921
0.0062715
0.0042691
-0.0045226
-0.0170084
-0.0235175
-0.0174760
-0.0027896
0.0096150
0.0119625
0.0058468
-0.0003341
0.0008543
0.0094496
0.0180235
0.0183996
0.0092059
-0.0032140
-0.0109473
-0.0108382
-0.0056464
-0.0008514
-0.0002113
-0.0026292
-0.0031436
0.0014644
0.0079979
0.0095289
0.0033015
-0.0052751
-0.0071109
0.0024530
0.0194309
0.0340945
0.0388286
0.0346601
0.0298841
0.0312363
0.0369160
0.0394369
0.0348060
0.0275235
0.0264489
0.0361546
0.0517720
0.0620496
0.0587287
0.0439265
0.0277679
0.0186797
0.0174811
0.0212845
0.0306233
0.0504599
0.0852129
0.1354379
0.2004344
0.2826590
0.3856823
0.5020828
0.5998867
0.6252805
0.5304361
0.3104098
0.0178465
-0.2608536
-0.4519660
-0.5295749
-0.5166889
-0.4571329
-0.3837631
-0.3071318
-0.2271662
-0.1491226
-0.0854961
-0.0450740
-0.0244544
-0.0114953
0.0041600
0.0238284
0.0410578
0.0491462
0.0479039
0.0434149
0.0415303
0.0425555
0.0425434
0.0384784
0.0314035
0.0255834
0.0254498
0.0321759
0.0420246
0.0487381
0.0485987
0.0430342
0.0363932
0.0324194
0.0332003
0.0397341
0.0517129
0.0667240
0.0803710
0.0877555
0.0860603
0.0770355
0.0665626
0.0600925
0.0580157
0.0562765
0.0513912
0.0439252
0.0373957
0.0349542
0.0367916
0.0393491
0.0371742
0.0271096
0.0112163
-0.0051393
-0.0182817
-0.0290079
-0.0408358
-0.0561097
-0.0735182
-0.0891323
-0.1005144
-0.1099690
-0.1225079
-0.1399816
-0.1585991
-0.1733948
-0.1840608
-0.1948701
-0.2091772
-0.2250420
-0.2362853
-0.2376347
-0.2294104
-0.2174601
-0.2078540
-0.2013459
-0.1935305
-0.1802662
-0.1619672
-0.1425520
-0.1252086
-0.1093383
-0.0908856
-0.0660025
-0.0356749
-0.0066135
0.0140036
0.0252209
0.0328542
0.0430576
0.0560818
0.0666576
0.0700329
0.0674260
0.0654403
0.0694341
0.0773003
0.0810671
0.0755549
0.0642418
0.0550953
0.0514151
0.0487274
0.0409619
0.0282994
0.0179057
0.0168276
0.0244912
0.0330454
0.0358890
0.0350268
0.0380755
0.0479146
0.0577249
0.0579913
0.0473848
0.0350487
0.0320746
0.0413472
0.0555882
0.0648605
0.0658400
0.0636271
0.0647383
0.0696958
0.0737374
0.0738762
0.0730586
0.0767232
0.0863977
0.0973734
0.1024753
0.0984496
0.0892954
0.0827878
0.0826445
0.0844128
0.0803308
0.0683663
0.0553722
0.0506640
0.0566339
0.0659523
0.0684388
0.0612133
0.0516196
0.0488852
0.0530804
0.0544378
0.0446351
0.0268927
0.0127655
0.0095087
0.0126570
0.0116008
0.0011375
-0.0138013
-0.0248348
-0.0300484
-0.0353079
-0.0453455
-0.0559440
-0.0577407
-0.0473398
-0.0317007
-0.0203541
-0.0153138
-0.0106347
-0.0011434
0.0105962
0.0171219
0.0153393
0.0114475
0.0150863
0.0284824
0.0431169
0.0484877
0.0432027
0.0357340
0.0345260
0.0391298
0.0417787
0.0368564
0.0279213
0.0249278
0.0341152
0.0508007
0.0630838
0.0630045
0.0531724
0.0420793
0.0343677
0.0272430
0.0159783
0.0011920
-0.0104845
-0.0131388
-0.0085504
-0.0054151
-0.0107422
-0.0226338
-0.0329768
-0.0369776
-0.0379538
-0.0418147
-0.0485926
-0.0516528
-0.0454871
-0.0328034
-0.0223952
-0.0195905
-0.0199697
-0.0144124
-0.0005679
0.0131216
0.0170019
0.0125908
0.0122794
0.0257112
0.0483856
0.0655684
0.0670997
0.0569607
0.0478023
0.0470965
0.0503706
0.0486204
0.0404493
0.0339874
0.0364349
0.0445278
0.0477531
0.0401274
0.0264662
0.0164754
0.0140129
0.0134014
0.0064985
-0.0072434
-0.0189153
-0.0191931
-0.0086995
0.0020897
0.0035251
-0.0039858
-0.0121822
-0.0151462
-0.0154325
-0.0194880
-0.0281707
-0.0339556
-0.0290856
-0.0157250
-0.0053594
-0.0068174
-0.0168862
-0.0250379
-0.0258177
-0.0225635
-0.0182075
-0.0067002
0.0222958
0.0713894
0.1332889
0.2033312
0.2898282
0.4026964
0.5256504
0.6032668
0.5672772
0.3871948
0.1005207
-0.2066223
-0.4513759
-0.5943976
-0.6419980
-0.6214833
-0.5584280
-0.4709672
-0.3742031
-0.2817311
-0.2019040
-0.1361886
-0.0834485
-0.0443674
-0.0196968
-0.0056150
0.0055497
0.0187231
0.0321668
0.0415544
0.0465182
0.0511008
0.0579637
0.0642612
0.0647153
0.0582224
0.0496348
0.0440283
0.0405002
0.0340066
0.0235446
0.0156132
0.0170120
0.0254254
0.0304873
0.0252489
0.0144473
0.0093387
0.0149396
0.0245691
0.0280697
0.0241157
0.0220465
0.0308218
0.0481641
0.0629083
0.0674239
0.0648331
0.0630699
0.0645426
0.0644357
0.0583941
0.0487453
0.0415987
0.0391459
0.0369042
0.0290263
0.0149472
-0.0006920
-0.0142889
-0.0273410
-0.0431797
-0.0612868
-0.0772215
-0.0881605
-0.0964368
-0.1066633
-0.1206906
-0.1367097
-0.1526457
-0.1686712
-0.1855124
-0.2010659
-0.2104404
-0.2106033
-0.2045390
-0.1991370
-0.1981756
-0.1984079
-0.1936070
-0.1816722
-0.1661632
-0.1508105
-0.1342808
-0.1119777
-0.0830016
-0.0538646
-0.0336405
-0.0250522
-0.0217306
-0.0156780
-0.0066163
-0.0016684
-0.0053583
-0.0124318
-0.0129578
-0.0038582
0.0071437
0.0100050
0.0032081
-0.0057356
-0.0103487
-0.0132950
-0.0222734
-0.0385762
-0.0529963
-0.0553385
-0.0467517
-0.0399461
-0.0466502
-0.0664694
-0.0887528
-0.1037724
-0.1103892
-0.1134505
-0.1162326
-0.1174086
-0.1150469
-0.1111968
-0.1103600
-0.1136134
-0.1163309
-0.1129995
-0.1032886
-0.0918263
-0.0822218
-0.0729434
-0.0599474
-0.0425556
-0.0253713
-0.0139106
-0.0091531
-0.0075741
-0.0064270
-0.0070654
-0.0114354
-0.0164951
-0.0152807
-0.0049454
0.0081314
0.0137467
0.0085035
-0.0006728
-0.0045372
-0.0020402
-0.0013465
-0.0101940
-0.0266825
-0.0411234
-0.0467308
-0.0466948
-0.0497995
-0.0604350
-0.0747554
-0.0864267
-0.0941548
-0.1022774
-0.1145347
-0.1285899
-0.1375187
-0.1368269
-0.1295802
-0.1239224
-0.1252517
-0.1312638
-0.1350456
-0.1325428
-0.1261803
-0.1211290
-0.1188658
-0.1152869
-0.1054436
-0.0896967
-0.0743238
-0.0655285
-0.0632952
-0.0619044
-0.0562607
-0.0465885
-0.0365286
-0.0277654
-0.0179699
-0.0043148
0.0118664
0.0250431
0.0306945
0.0301892
0.0293606
0.0316730
0.0338955
0.0302339
0.0206715
0.0129868
0.0145669
0.0228912
0.0267424
0.0185201
0.0041365
-0.0021655
0.0061049
0.0192404
0.0223329
0.0146326
0.0139326
0.0385598
0.0871816
0.1419242
0.1935509
0.2584111
0.3613773
0.4960364
0.6037295
0.6012362
0.4409756
0.1529499
-0.1693137
-0.4272430
-0.5712297
-0.6108036
-0.5843810
-0.5238169
-0.4428259
-0.3481284
-0.2517390
-0.1691632
-0.1085198
-0.0655915
-0.0307672
0.0007556
0.0266123
0.0431866
0.0510081
0.0536107
0.0529653
0.0480688
0.0382429
0.0267089
0.0198387
0.0222990
0.0326336
0.0437067
0.0481613
0.0444359
0.0380397
0.0366515
0.0431013
0.0527311
0.0582307
0.0577564
0.0577475
0.0663597
0.0838150
0.1006188
0.1065424
0.1007891
0.0919727
0.0882764
0.0894841
0.0898319
0.0873237
0.0874714
0.0965510
0.1126370
0.1257815
0.1277457
0.1199938
0.1107272
0.1049849
0.0997746
0.0893827
0.0736073
0.0588769
0.0513402
0.0502494
0.0489884
0.0422229
0.0311955
0.0216139
0.0166656
0.0128534
0.0033638
-0.0142544
-0.0341187
-0.0464736
-0.0469250
-0.0413305
-0.0405622
-0.0493378
-0.0604182
-0.0612017
-0.0468484
-0.0260605
-0.0126076
-0.0111472
-0.0126463
-0.0045640
0.0151564
0.0354161
0.0433981
0.0376440
0.0287933
0.0276680
0.0339861
0.0376605
0.0304305
0.0147062
0.0005559
-0.0049462
-0.0043335
-0.0060484
-0.0151924
-0.0283934
-0.0373573
-0.0368467
-0.0290806
-0.0207494
-0.0161781
-0.0134920
-0.0072681
0.0052507
0.0206882
0.0324001
0.0368797
0.0370002
0.0384025
0.0428399
0.0461677
0.0437672
0.0373998
0.0351198
0.0433802
0.0595647
0.0733083
0.0757127
0.0671654
0.0560410
0.0501155
0.0496496
0.0486695
0.0423069
0.0324010
0.0259628
0.0282438
0.0370881
0.0440619
0.0418464
0.0313550
0.0213779
0.0201024
0.0264836
0.0309458
0.0257731
0.0143468
0.0082629
0.0143721
0.0260910
0.0297434
0.0196534
0.0046567
-0.0021818
0.0009636
0.0025667
-0.0077873
-0.0251528
-0.0324794
-0.0184221
0.0103269
0.0359004
0.0470553
0.0480221
0.0500543
0.0572326
0.0629951
0.0597090
