0.4078078
0.4197641
0.4204742
0.4097399
0.3927886
0.3748905
0.3564960
0.3333059
0.3006900
0.2578344
0.2080323
0.1560778
0.1063417
0.0629932
0.0302937
0.0109976
0.0045706
0.0085100
0.0220754
0.0469063
0.0811646
0.1127736
0.1222892
0.0978964
0.0500041
0.0083422
-0.0006927
0.0226078
0.0505680
0.0531133
0.0257231
-0.0064115
-0.0119163
0.0183112
0.0640045
0.0942774
0.0929420
0.0681707
0.0416029
0.0299679
0.0349127
0.0460340
0.0512085
0.0456547
0.0347875
0.0302844
0.0418667
0.0696905
0.1028681
0.1262443
0.1311765
0.1219945
0.1125038
0.1148682
0.1297843
0.1461489
0.1505937
0.1387828
0.1187826
0.1039419
0.1022320
0.1117339
0.1252003
0.1374852
0.1478507
0.1562235
0.1597915
0.1552418
0.1440972
0.1339585
0.1329634
0.1429612
0.1586371
0.1729816
0.1824838
0.1866718
0.1842454
0.1724121
0.1516054
0.1298699
0.1198132
0.1288848
0.1524024
0.1775505
0.1953027
0.2078532
0.2231808
0.2427168
0.2567560
0.2541564
0.2361051
0.2177865
0.2147866
0.2286519
0.2472842
0.2587459
0.2619866
0.2631976
0.2650226
0.2639650
0.2589326
0.2577556
0.2705279
0.2965636
0.3218340
0.3318674
0.3258319
0.3155041
0.3108525
0.3094779
0.3013602
0.2815920
0.2556166
0.2324343
0.2156663
0.2026465
0.1901927
0.1786760
0.1707204
0.1682612
0.1717192
0.1803328
0.1917589
0.2022854
0.2093394
0.2138109
0.2183050
0.2228561
0.2244775
0.2224646
0.2222414
0.2304241
0.2454516
0.2564715
0.2546298
0.2443361
0.2397989
0.2496353
0.2680658
0.2836087
0.2938817
0.3073820
0.3310453
0.3624090
0.3992798
0.4537989
0.5462884
0.6761563
0.7987784
0.8392653
0.7397026
0.5017961
0.1892353
-0.1098882
-0.3284233
-0.4420281
-0.4620098
-0.4152003
-0.3283218
-0.2226509
-0.1149537
-0.0186682
0.0575804
0.1127241
0.1530579
0.1865297
0.2151019
0.2332479
0.2360102
0.2287916
0.2264724
0.2400443
0.2646074
0.2836456
0.2867772
0.2814786
0.2847977
0.3039480
0.3279368
0.3397030
0.3345464
0.3240684
0.3224382
0.3317683
0.3425035
0.3460182
0.3435624
0.3425203
0.3467785
0.3531131
0.3561171
0.3543285
0.3513000
0.3527542
0.3637117
0.3861930
0.4164923
0.4442493
0.4571580
0.4498791
0.4291281
0.4087708
0.3988747
0.3993990
0.4039568
0.4079472
0.4117338
0.4170193
0.4227423
0.4256181
0.4231827
0.4146483
0.3996426
0.3785939
0.3551172
0.3357447
0.3244503
0.3169838
0.3024672
0.2722030
0.2268644
0.1746021
0.1230474
0.0748327
0.0307798
-0.0054152
-0.0288016
-0.0397575
-0.0464697
-0.0584186
-0.0771289
-0.0946409
-0.1019907
-0.0989464
-0.0948927
-0.1002425
-0.1174067
-0.1400462
-0.1601877
-0.1750654
-0.1870747
-0.1983960
-0.2072652
-0.2100807
-0.2064227
-0.2007966
-0.1988212
-0.2020201
-0.2070688
-0.2102869
-0.2119661
-0.2151303
-0.2200599
-0.2216232
-0.2137977
-0.1971116
-0.1802795
-0.1730834
-0.1776025
-0.1874870
-0.1962530
-0.2049477
-0.2196594
-0.2412573
-0.2600303
-0.2634670
-0.2499241
-0.2324363
-0.2268022
-0.2360326
-0.2482132
-0.2502363
-0.2421955
-0.2368888
-0.2458746
-0.2678872
-0.2911330
-0.3047050
-0.3059378
-0.2983048
-0.2862255
-0.2738253
-0.2660599
-0.2667840
-0.2745775
-0.2828530
-0.2860782
-0.2850111
-0.2841216
-0.2845997
-0.2825929
-0.2753532
-0.2668153
-0.2642122
-0.2692338
-0.2751045
-0.2737672
-0.2642882
-0.2521366
-0.2411792
-0.2295931
-0.2149297
-0.2006991
-0.1947176
-0.2006924
-0.2137815
-0.2259450
-0.2345842
-0.2441004
-0.2589677
-0.2770892
-0.2914540
-0.2980597
-0.3008636
-0.3079824
-0.3228946
-0.3395737
-0.3465649
-0.3365917
-0.3132650
-0.2889752
-0.2757805
-0.2773672
-0.2888849
-0.3033649
-0.3169407
-0.3278114
-0.3326250
-0.3273671
-0.3130005
-0.2980209
-0.2924234
-0.2984599
-0.3088579
-0.3148874
-0.3145102
-0.3107242
-0.3031013
-0.2847449
-0.2493479
-0.1979838
-0.1340942
-0.0523443
0.0593050
0.1966895
0.3161569
0.3421500
0.2119192
-0.0749518
-0.4455288
-0.7932115
-1.0365659
-1.1521369
-1.1636702
-1.1085636
-1.0142193
-0.8969342
-0.7711324
-0.6525714
-0.5531573
-0.4763373
-0.4190259
-0.3766738
-0.3454128
-0.3207263
-0.2969440
-0.2700271
-0.2410113
-0.2159247
-0.2013900
-0.1991135
-0.2033471
-0.2035491
-0.1914390
-0.1680623
-0.1444721
-0.1332348
-0.1368159
-0.1442190
-0.1406815
-0.1215587
-0.0961484
-0.0776487
-0.0704784
-0.0684017
-0.0639175
-0.0568171
-0.0521977
-0.0516427
-0.0490200
-0.0358365
-0.0096101
0.0236009
0.0535933
0.0719269
0.0756037
0.0688630
0.0627055
0.0694080
0.0929143
0.1233849
0.1440008
0.1463398
0.1393620
0.1411884
0.1605884
0.1872370
0.2015127
0.1938522
0.1735078
0.1584373
0.1581249
0.1668400
0.1715754
0.1637451
0.1431705
0.1141158
0.0809339
0.0476808
0.0189354
-0.0020144
-0.0163800
-0.0299823
-0.0489479
-0.0748577
-0.1036651
-0.1284313
-0.1428779
-0.1439601
-0.1336012
-0.1189813
-0.1096539
-0.1119950
-0.1251394
-0.1422693
-0.1562227
-0.1643662
-0.1689156
-0.1734475
-0.1792681
-0.1844720
-0.1857889
-0.1813532
-0.1723130
-0.1622129
-0.1546548
-0.1512018
-0.1515230
-0.1554355
-0.1636910
-0.1751862
-0.1833859
-0.1780833
-0.1540388
-0.1189803
-0.0910608
-0.0852845
-0.1006185
-0.1206362
-0.1280072
-0.1193745
-0.1065503
-0.1035449
-0.1128318
-0.1241037
-0.1252428
-0.1132947
-0.0951964
-0.0799121
-0.0713453
-0.0678624
-0.0661444
-0.0642235
-0.0620097
-0.0608713
-0.0629695
-0.0692999
-0.0771005
-0.0803480
-0.0753167
-0.0663435
-0.0638232
-0.0738884
-0.0902322
-0.0986127
-0.0909988
-0.0743541
-0.0638754
-0.0674562
-0.0777779
-0.0799444
-0.0660594
-0.0417777
-0.0193313
-0.0054087
0.0038786
0.0171664
0.0380210
0.0606840
0.0749007
0.0752518
0.0666460
0.0606470
0.0652726
0.0776256
0.0868544
0.0845143
0.0711456
0.0522564
0.0297062
0.0000954
-0.0373960
-0.0740722
-0.0960815
-0.0969513
-0.0844184
-0.0732348
-0.0714568
-0.0750513
-0.0757363
-0.0718556
-0.0697677
-0.0754567
-0.0871318
-0.0968903
-0.0983453
-0.0915591
-0.0814126
-0.0728130
-0.0676724
-0.0649628
-0.0622010
-0.0571281
-0.0495743
-0.0426597
-0.0410424
-0.0457557
-0.0499666
-0.0414183
-0.0110394
0.0410035
0.1096239
0.1954291
0.3073046
0.4479466
0.5921724
0.6814596
0.6493572
0.4651176
0.1620142
-0.1750461
-0.4552579
-0.6263873
-0.6873998
-0.6684399
-0.6026456
-0.5127817
-0.4145102
-0.3222323
-0.2472746
-0.1924574
-0.1526758
-0.1222788
-0.1000637
-0.0858532
-0.0747481
-0.0590495
-0.0370739
-0.0169982
-0.0086244
-0.0116790
-0.0153360
-0.0107480
-0.0017471
0.0001262
-0.0087063
-0.0165327
-0.0075273
0.0205924
0.0529096
0.0719505
0.0737909
0.0684652
0.0670790
0.0721568
0.0802953
0.0896025
0.1007807
0.1124401
0.1202614
0.1233424
0.1288663
0.1460930
0.1744789
0.2006746
0.2105555
0.2041804
0.1964641
0.2020534
0.2210538
0.2410064
0.2516972
0.2555267
0.2626132
0.2776909
0.2943641
0.3027802
0.3010833
0.2970879
0.2984541
0.3031602
0.3014279
0.2865972
0.2622679
0.2380252
0.2194557
0.2039352
0.1859876
0.1648335
0.1450756
0.1305065
0.1194552
0.1076075
0.0940915
0.0821160
0.0729553
0.0618063
0.0424253
0.0158422
-0.0079047
-0.0183192
-0.0142363
-0.0042370
0.0020067
0.0012921
-0.0040508
-0.0119137
-0.0222199
-0.0330704
-0.0386142
-0.0341129
-0.0227833
-0.0144690
-0.0155948
-0.0215646
-0.0211015
-0.0083812
0.0102495
0.0221574
0.0205673
0.0106492
0.0041404
0.0084940
0.0208430
0.0313579
0.0319177
0.0226478
0.0119312
0.0104747
0.0234676
0.0462595
0.0673752
0.0772564
0.0754837
0.0698043
0.0679730
0.0705678
0.0717888
0.0669233
0.0583287
0.0534558
0.0569931
0.0657730
0.0721797
0.0721363
0.0684602
0.0660743
0.0654017
0.0620988
0.0531568
0.0416787
0.0345064
0.0354704
0.0420207
0.0488212
0.0536469
0.0583543
0.0640558
0.0672381
0.0626308
0.0498734
0.0356156
0.0278148
0.0283585
0.0322264
0.0339555
0.0340938
0.0385011
0.0512454
0.0688837
0.0825629
0.0859919
0.0811286
0.0762145
0.0787960
0.0902896
0.1055325
0.1161957
0.1156777
0.1034620
0.0863606
0.0744405
0.0732165
0.0782262
0.0777733
0.0629382
0.0364452
0.0115619
0.0009430
0.0054945
0.0139715
0.0135351
0.0008665
-0.0160976
-0.0257813
-0.0218485
-0.0063069
0.0134833
0.0295860
0.0365709
0.0328483
0.0213518
0.0085994
0.0004229
-0.0033587
-0.0090624
-0.0217294
-0.0374645
-0.0452792
-0.0375861
-0.0171166
0.0082695
0.0358981
0.0697554
0.1115042
0.1557387
0.2006111
0.2617993
0.3646805
0.5103885
0.6480320
0.6916371
0.5791546
0.3234170
0.0070835
-0.2730521
-0.4605260
-0.5500915
-0.5617696
-0.5157326
-0.4297241
-0.3265565
-0.2307306
-0.1550943
-0.0962646
-0.0464539
-0.0062480
0.0187766
0.0319151
0.0484579
0.0807641
0.1229400
0.1550966
0.1634998
0.1538298
0.1436697
0.1447244
0.1550434
0.1669432
0.1775066
0.1884654
0.1987428
0.2030394
0.2002697
0.1999620
0.2151197
0.2472578
0.2811671
0.2974236
0.2905702
0.2739951
0.2666517
0.2758397
0.2934993
0.3080177
0.3169167
0.3264250
0.3404365
0.3538270
0.3587990
0.3562343
0.3576093
0.3741227
0.4045125
0.4347246
0.4501322
0.4482040
0.4393492
0.4358021
0.4402113
0.4450220
0.4418619
0.4301292
0.4161695
0.4052717
0.3960353
0.3833591
0.3663997
0.3516598
0.3460564
0.3467847
0.3407139
0.3167053
0.2783243
0.2415883
0.2186555
0.2054729
0.1879122
0.1595898
0.1303675
0.1149631
0.1147733
0.1149768
0.1014299
0.0777086
0.0614680
0.0638601
0.0764067
0.0806668
0.0685797
0.0496591
0.0384560
0.0388910
0.0432223
0.0439044
0.0419543
0.0423061
0.0442549
0.0408317
0.0283589
0.0134568
0.0076518
0.0154935
0.0300272
0.0400260
0.0399227
0.0325321
0.0245486
0.0212385
0.0240855
0.0306299
0.0356609
0.0344312
0.0269473
0.0193476
0.0194331
0.0294000
0.0431369
0.0515896
0.0507964
0.0441479
0.0376280
0.0347420
0.0359305
0.0397107
0.0419911
0.0365068
0.0205937
0.0018396
-0.0047170
0.0095736
0.0354301
0.0510795
0.0421476
0.0160836
-0.0050682
-0.0067627
0.0046553
0.0111678
0.0032368
-0.0120187
-0.0217610
-0.0224026
-0.0214342
-0.0264687
-0.0357870
-0.0404136
-0.0339667
-0.0195402
-0.0075675
-0.0075400
-0.0208826
-0.0400658
-0.0539649
-0.0557427
-0.0480787
-0.0413063
-0.0443940
-0.0557334
-0.0631210
-0.0543733
-0.0285175
0.0036607
0.0294178
0.0433312
0.0474710
0.0447492
0.0341698
0.0129936
-0.0174611
-0.0496497
-0.0744376
-0.0879941
-0.0937225
-0.0976946
-0.1032342
-0.1102605
-0.1185557
-0.1297732
-0.1453725
-0.1630169
-0.1762646
-0.1793163
-0.1727628
-0.1638092
-0.1596039
-0.1605295
-0.1611951
-0.1579425
-0.1537858
-0.1549477
-0.1630673
-0.1716240
-0.1703593
-0.1539679
-0.1276876
-0.1043585
-0.0939332
-0.0936917
-0.0889843
-0.0661119
-0.0261364
0.0163224
0.0529723
0.1017506
0.1987328
0.3563046
0.5221396
0.5881718
0.4600083
0.1353285
-0.2798068
-0.6371636
-0.8409806
-0.8927253
-0.8569374
-0.7912850
-0.7083474
-0.5944816
-0.4513265
-0.3101101
-0.2072128
-0.1529678
-0.1275709
-0.1040062
-0.0710023
-0.0352522
-0.0070568
0.0121073
0.0287406
0.0480296
0.0682867
0.0843796
0.0943432
0.1011105
0.1085745
0.1174472
0.1249300
0.1274849
0.1241004
0.1179730
0.1152259
0.1210582
0.1362633
0.1568772
0.1764568
0.1888375
0.1907901
0.1845874
0.1784004
0.1822027
0.2009821
0.2308376
0.2618468
0.2857682
0.3020599
0.3165668
0.3338630
0.3511509
0.3606046
0.3575647
0.3451395
0.3306348
0.3193002
0.3128115
0.3123876
0.3205647
0.3383694
0.3612029
0.3791636
0.3833334
0.3727364
0.3545378
0.3365181
0.3197215
0.2992046
0.2711484
0.2376586
0.2048040
0.1776966
0.1579077
0.1439467
0.1326030
0.1199107
0.1020348
0.0766666
0.0448553
0.0118319
-0.0151127
-0.0312642
-0.0380075
-0.0420228
-0.0506851
-0.0668880
-0.0867188
-0.1024042
-0.1096160
-0.1127764
-0.1214375
-0.1398090
-0.1607428
-0.1716846
-0.1664742
-0.1504607
-0.1345038
-0.1251081
-0.1203393
-0.1140928
-0.1032844
-0.0907291
-0.0816444
-0.0782428
-0.0778536
-0.0754710
-0.0680613
-0.0580099
-0.0530877
-0.0604219
-0.0773635
-0.0894738
-0.0822090
-0.0570309
-0.0337780
-0.0338815
-0.0604041
-0.0953945
-0.1170820
-0.1190635
-0.1124902
-0.1109612
-0.1161409
-0.1196895
-0.1166002
-0.1116226
-0.1111742
-0.1131544
-0.1090667
-0.0953371
-0.0787796
-0.0697693
-0.0721221
-0.0812360
-0.0911477
-0.1011207
-0.1137515
-0.1271380
-0.1316670
-0.1173143
-0.0843131
-0.0449541
-0.0143443
-0.0000486
0.0002810
-0.0058783
-0.0116422
-0.0134543
-0.0105023
-0.0026808
0.0097027
0.0233466
0.0305666
0.0237422
0.0028119
-0.0227744
-0.0412588
-0.0484379
-0.0505270
-0.0570544
-0.0705077
-0.0835996
-0.0882281
-0.0865733
-0.0898968
-0.1043757
-0.1209238
-0.1230774
-0.1050875
-0.0794649
-0.0655069
-0.0713224
-0.0873614
-0.0964710
-0.0895400
-0.0717314
-0.0550256
-0.0472362
-0.0495748
-0.0620468
-0.0860935
-0.1203966
-0.1574267
-0.1871139
-0.2033214
-0.2055826
-0.1956725
-0.1740903
-0.1397397
-0.0919108
-0.0312429
0.0426617
0.1334410
0.2415631
0.3484589
0.4070154
0.3573607
0.1651377
-0.1460277
-0.4966972
-0.7910679
-0.9668926
-1.0201774
-0.9887009
-0.9130016
-0.8115858
-0.6882010
-0.5530939
-0.4289063
-0.3355660
-0.2744013
-0.2301130
-0.1878786
-0.1475207
-0.1203067
-0.1117462
-0.1098134
-0.0941050
-0.0574154
-0.0145880
0.0124390
0.0163240
0.0094055
0.0096077
0.0240362
0.0455527
0.0628081
0.0719067
0.0771847
0.0812012
0.0783205
0.0624932
0.0393604
0.0245418
0.0284033
0.0464144
0.0660964
0.0803464
0.0922879
0.1094467
0.1350518
0.1643973
0.1892753
0.2056924
0.2153691
0.2194582
0.2153413
0.2032672
0.1925541
0.1953454
0.2141662
0.2387294
0.2545472
0.2532927
0.2376246
0.2188577
0.2074877
0.2031624
0.1962996
0.1813701
0.1643665
0.1539325
0.1493018
0.1414381
0.1236284
0.0976859
0.0717407
0.0535590
0.0433228
0.0326424
0.0144666
-0.0071853
-0.0233288
-0.0338380
-0.0457376
-0.0581766
-0.0612637
-0.0531081
-0.0464285
-0.0524316
-0.0669946
-0.0777568
-0.0771948
-0.0658916
-0.0516946
-0.0472363
-0.0579372
-0.0721699
-0.0764839
-0.0798461
-0.1036982
-0.1448872
