-0.0051740
0.0143709
0.0146234
0.0071054
0.0062193
0.0150802
0.0242212
0.0233575
0.0130477
0.0037463
0.0032112
0.0070998
0.0052926
-0.0031099
-0.0062024
0.0067125
0.0315041
0.0541008
0.0670664
0.0762657
0.0907548
0.1106063
0.1274426
0.1351973
0.1377723
0.1456678
0.1657413
0.1944921
0.2210277
0.2356978
0.2350428
0.2195646
0.1902259
0.1496966
0.1056671
0.0691713
0.0470731
0.0359913
0.0247398
0.0042929
-0.0235416
-0.0476126
-0.0586797
-0.0592184
-0.0607692
-0.0712725
-0.0865944
-0.0956706
-0.0928952
-0.0838324
-0.0789349
-0.0830828
-0.0918193
-0.0968401
-0.0937865
-0.0843972
-0.0725950
-0.0608182
-0.0506810
-0.0446144
-0.0438239
-0.0449403
-0.0419229
-0.0331110
-0.0244411
-0.0224568
-0.0234673
-0.0121234
0.0264661
0.0931183
0.1755970
0.2649974
0.3685033
0.4993195
0.6485210
0.7672995
0.7836368
0.6465129
0.3642846
0.0074554
-0.3258864
-0.5574710
-0.6595272
-0.6542598
-0.5887900
-0.5051864
-0.4238357
-0.3461718
-0.2689758
-0.1960230
-0.1376647
-0.1010508
-0.0825528
-0.0706964
-0.0559685
-0.0369001
-0.0175774
-0.0018775
0.0086775
0.0136792
0.0139048
0.0133174
0.0182400
0.0314567
0.0470182
0.0537501
0.0465521
0.0338363
0.0311639
0.0460096
0.0698582
0.0867273
0.0889510
0.0833702
0.0827425
0.0932113
0.1105324
0.1261406
0.1347608
0.1371452
0.1384228
0.1450022
0.1609298
0.1843240
0.2071148
0.2207834
0.2242769
0.2254093
0.2327281
0.2464315
0.2592746
0.2664205
0.2716084
0.2817070
0.2970651
0.3105345
0.3162550
0.3162988
0.3164916
0.3175337
0.3138693
0.3020577
0.2869849
0.2764619
0.2704557
0.2596062
0.2365405
0.2063946
0.1826182
0.1720862
0.1672090
0.1546083
0.1301762
0.1031679
0.0852167
0.0772390
0.0686627
0.0491152
0.0195890
-0.0081683
-0.0223526
-0.0208271
-0.0117002
-0.0062788
-0.0114858
-0.0267277
-0.0455003
-0.0596815
-0.0642803
-0.0604114
-0.0546051
-0.0543441
-0.0624356
-0.0744221
-0.0817815
-0.0791631
-0.0695705
-0.0621039
-0.0635645
-0.0718526
-0.0780835
-0.0756939
-0.0672835
-0.0618715
-0.0651500
-0.0728956
-0.0745211
-0.0629547
-0.0406739
-0.0169573
-0.0012191
0.0007940
-0.0119637
-0.0338175
-0.0517550
-0.0538961
-0.0458916
-0.0580976
-0.1268335
-0.2587764
-0.4134762
-0.5301780
-0.5815923
-0.6031256
-0.6637191
-0.8017315
-0.9865011
-1.1416974
-1.2058678
-1.1732834
-1.0846939
-0.9882870
-0.9113162
-0.8595746
-0.8301578
-0.8177630
-0.8127404
-0.8017619
-0.7751083
-0.7322650
-0.6783903
-0.6161220
-0.5428765
-0.4560702
-0.3589284
-0.2602246
-0.1695131
-0.0934816
-0.0354281
0.0042915
0.0282518
0.0412844
0.0486247
0.0546774
0.0637049
0.0805424
0.1085833
0.1461030
0.1857222
0.2194862
0.2453281
0.2680001
0.2931715
0.3210047
0.3459222
0.3622829
0.3698624
0.3742987
0.3829182
0.3995624
0.4217904
0.4423084
0.4544116
0.4581176
0.4615839
0.4750462
0.5014850
0.5328202
0.5563368
0.5658671
0.5666955
0.5692523
0.5784419
0.5897288
0.5951197
0.5914987
0.5824756
0.5731745
0.5646648
0.5534651
0.5351440
0.5076056
0.4718098
0.4310471
0.3900768
0.3535470
0.3232232
0.2961869
0.2670183
0.2332155
0.1986165
0.1706708
0.1538167
0.1455181
0.1385276
0.1264737
0.1074817
0.0838996
0.0601170
0.0405596
0.0279155
0.0215427
0.0177312
0.0130559
0.0082392
0.0076777
0.0138339
0.0225423
0.0257419
0.0198111
0.0100565
0.0053192
0.0080948
0.0113756
0.0061757
-0.0083745
-0.0234386
-0.0290877
-0.0238284
-0.0151902
-0.0114885
-0.0140858
-0.0180518
-0.0193644
-0.0199472
-0.0251869
-0.0375518
-0.0540075
-0.0697859
-0.0832101
-0.0952641
-0.1047621
-0.1064564
-0.0963683
-0.0788402
-0.0657100
-0.0663280
-0.0786979
-0.0919847
-0.0978361
-0.0977597
-0.0988987
-0.1045217
-0.1109643
-0.1135342
-0.1125435
-0.1115946
-0.1113583
-0.1081317
-0.0995448
-0.0895597
-0.0853890
-0.0896370
-0.0975363
-0.1028396
-0.1050717
-0.1094008
-0.1196955
-0.1332959
-0.1433460
-0.1454851
-0.1412927
-0.1353457
-0.1300214
-0.1240971
-0.1162975
-0.1090373
-0.1072133
-0.1125969
-0.1201204
-0.1214574
-0.1135917
-0.1033169
-0.1012921
-0.1104990
-0.1218328
-0.1233281
-0.1139233
-0.1057224
-0.1108084
-0.1271792
-0.1405792
-0.1405697
-0.1318676
-0.1275534
-0.1329162
-0.1400154
-0.1392174
-0.1324005
-0.1305375
-0.1385546
-0.1470364
-0.1421448
-0.1222448
-0.1010260
-0.0931293
-0.0990595
-0.1063078
-0.1042371
-0.0953934
-0.0917412
-0.1016222
-0.1216469
-0.1402785
-0.1475916
-0.1416826
-0.1277530
-0.1129212
-0.1018776
-0.0959599
-0.0947749
-0.0977449
-0.1037776
-0.1100499
-0.1128494
-0.1112996
-0.1099392
-0.1151955
-0.1274361
-0.1376112
-0.1347011
-0.1177901
-0.0990701
-0.0926030
-0.1000392
-0.1091427
-0.1071347
-0.0941481
-0.0822280
-0.0820135
-0.0925166
-0.1041861
-0.1094876
-0.1083044
-0.1042455
-0.0992650
-0.0936516
-0.0892391
-0.0893492
-0.0946390
-0.1006148
-0.1008312
-0.0926359
-0.0794256
-0.0677123
-0.0625321
-0.0649134
-0.0719141
-0.0781548
-0.0784712
-0.0710460
-0.0586371
-0.0460362
-0.0359622
-0.0281405
-0.0226146
-0.0223440
-0.0304640
-0.0449653
-0.0582320
-0.0635306
-0.0613626
-0.0578922
-0.0571482
-0.0564414
-0.0503194
-0.0375699
-0.0222084
-0.0075285
0.0085969
0.0307588
0.0590883
0.0871864
0.1075670
0.1182837
0.1237910
0.1303322
0.1413395
0.1562661
0.1717658
0.1832222
0.1864019
0.1792184
0.1622820
0.1374832
0.1064564
0.0712351
0.0360832
0.0068851
-0.0128395
-0.0251270
-0.0356304
-0.0482750
-0.0627118
-0.0771348
-0.0918473
-0.1082255
-0.1246780
-0.1359926
-0.1380569
-0.1323496
-0.1245494
-0.1192167
-0.1171809
-0.1177451
-0.1208903
-0.1253397
-0.1256167
-0.1143987
-0.0900937
-0.0614915
-0.0426229
-0.0412011
-0.0514597
-0.0582519
-0.0484404
-0.0192274
0.0235337
0.0751660
0.1413275
0.2370037
0.3722389
0.5324207
0.6691933
0.7148715
0.6171162
0.3728510
0.0369851
-0.3022159
-0.5655344
-0.7155546
-0.7613433
-0.7378044
-0.6784771
-0.6006530
-0.5086533
-0.4066006
-0.3067507
-0.2260266
-0.1752033
-0.1517264
-0.1428796
-0.1357727
-0.1248912
-0.1118928
-0.1005272
-0.0928228
-0.0888061
-0.0872411
-0.0852545
-0.0785117
-0.0643249
-0.0457012
-0.0308187
-0.0260328
-0.0285819
-0.0276939
-0.0147889
0.0071849
0.0257716
0.0311931
0.0261472
0.0227904
0.0302130
0.0457724
0.0589265
0.0625120
0.0592967
0.0581225
0.0652706
0.0799653
0.0965394
0.1091082
0.1146660
0.1142257
0.1126715
0.1164639
0.1290157
0.1469976
0.1618224
0.1661033
0.1595105
0.1486651
0.1414470
0.1409784
0.1439468
0.1437232
0.1355026
0.1200818
0.1037524
0.0938032
0.0925691
0.0953972
0.0952733
0.0899641
0.0838944
0.0822265
0.0837808
0.0814032
0.0698722
0.0522467
0.0370025
0.0290391
0.0249295
0.0178723
0.0064177
-0.0034294
-0.0053879
-0.0010509
0.0007116
-0.0071036
-0.0220751
-0.0349644
-0.0396223
-0.0390278
-0.0407474
-0.0473482
-0.0531140
-0.0508592
-0.0405884
-0.0297296
-0.0251144
-0.0266931
-0.0299129
-0.0322055
-0.0344979
-0.0367765
-0.0356870
-0.0290117
-0.0208634
-0.0186449
-0.0235696
-0.0268359
-0.0182766
0.0014266
0.0199134
0.0258944
0.0210966
0.0174511
0.0229758
0.0329481
0.0360323
0.0272075
0.0124392
0.0012103
-0.0027981
-0.0023837
-0.0004789
0.0034697
0.0099923
0.0151095
0.0125754
0.0012165
-0.0120710
-0.0187146
-0.0176157
-0.0161091
-0.0209668
-0.0297568
-0.0330408
-0.0253653
-0.0124356
-0.0059631
-0.0117905
-0.0244569
-0.0336566
-0.0345559
-0.0306199
-0.0275107
-0.0268144
-0.0266682
-0.0263738
-0.0274566
-0.0298201
-0.0293682
-0.0218293
-0.0086769
0.0028955
0.0072194
0.0066164
0.0091508
0.0196203
0.0338218
0.0427578
0.0424514
0.0389489
0.0434288
0.0626185
0.0937327
0.1276480
0.1560211
0.1757249
0.1881080
0.1955291
0.1986796
0.1960224
0.1847576
0.1626466
0.1302456
0.0922444
0.0560208
0.0273119
0.0061886
-0.0125909
-0.0343888
-0.0592456
-0.0816759
-0.0962182
-0.1031682
-0.1083417
-0.1168272
-0.1272828
-0.1330303
-0.1289097
-0.1165803
-0.1028853
-0.0937428
-0.0904349
-0.0912556
-0.0947807
-0.1001912
-0.1054345
-0.1074698
-0.1053178
-0.1014251
-0.0982834
-0.0942262
-0.0847633
-0.0687835
-0.0512531
-0.0372748
-0.0239079
-0.0004911
0.0421663
0.1055793
0.1886150
0.2951536
0.4282931
0.5705602
0.6719762
0.6678044
0.5198811
0.2482534
-0.0753876
-0.3674330
-0.5725909
-0.6771883
-0.6962404
-0.6544295
-0.5759341
-0.4819310
-0.3885463
-0.3043757
-0.2316476
-0.1709349
-0.1238311
-0.0906523
-0.0675433
-0.0484466
-0.0303345
-0.0149776
-0.0048742
0.0011757
0.0070656
0.0148025
0.0229570
0.0300033
0.0371894
0.0463539
0.0557705
0.0605621
0.0582387
0.0525904
0.0506645
0.0560666
0.0662244
0.0761433
0.0836378
0.0904505
0.0995652
0.1128883
0.1310678
0.1535146
0.1774711
0.1982049
0.2119733
0.2191466
0.2233786
0.2272982
0.2300933
0.2303276
0.2303316
0.2358266
0.2502045
0.2700419
0.2876438
0.2982907
0.3042700
0.3114206
0.3222312
0.3328322
0.3364739
0.3294956
0.3142712
0.2972789
0.2845185
0.2777931
0.2742280
0.2691185
0.2597047
0.2465490
0.2314645
0.2147606
0.1954009
0.1738208
0.1532218
0.1367376
0.1235779
0.1095123
0.0920157
0.0740132
0.0611152
0.0551649
0.0519184
0.0459357
0.0368322
0.0292050
0.0262681
0.0249811
0.0187744
0.0050609
-0.0108675
-0.0201206
-0.0186191
-0.0113353
-0.0080745
-0.0145417
-0.0270333
-0.0360040
-0.0354198
-0.0287410
-0.0250629
-0.0288891
-0.0344256
-0.0313317
-0.0164646
0.0012796
0.0090823
0.0030193
-0.0081756
-0.0122096
-0.0050519
0.0066991
0.0138113
0.0130424
0.0081585
0.0047942
0.0060401
0.0120613
0.0213786
0.0312145
0.0379031
0.0391237
0.0363076
0.0336780
0.0338837
0.0349717
0.0327232
0.0261817
0.0199506
0.0200317
0.0272582
0.0354373
0.0366313
0.0285925
0.0170244
0.0104176
0.0124479
0.0191187
0.0230014
0.0201445
0.0131828
0.0084008
0.0101575
0.0176448
0.0259293
0.0295991
0.0263072
0.0184062
0.0117308
0.0115317
0.0178041
0.0243426
0.0239968
0.0164438
0.0104894
0.0169852
0.0383671
0.0656659
0.0867546
0.0975060
0.1042346
0.1155163
0.1331415
0.1520892
0.1683054
0.1841736
0.2050849
0.2314812
0.2558280
0.2678201
0.2619575
0.2401403
0.2084422
0.1728652
0.1376770
0.1054039
0.0764050
0.0486902
0.0199429
-0.0091699
-0.0342902
-0.0511263
-0.0600587
-0.0660324
-0.0731608
-0.0800024
-0.0813722
-0.0751272
-0.0660978
-0.0620421
-0.0656052
-0.0712856
-0.0711894
-0.0635291
-0.0545775
-0.0519388
-0.0566012
-0.0624539
-0.0634617
-0.0601317
-0.0579879
-0.0601332
-0.0627658
-0.0588990
-0.0458401
-0.0276093
-0.0094906
0.0090046
0.0351729
0.0782645
0.1454275
0.2418748
0.3699788
0.5207801
0.6622590
0.7395696
0.6973493
0.5139549
0.2219671
-0.1033797
-0.3810144
-0.5599932
-0.6324619
-0.6220821
-0.5628043
-0.4829446
-0.3994228
-0.3193661
-0.2451381
-0.1795849
-0.1280237
-0.0950660
-0.0793005
-0.0721698
-0.0636901
-0.0499798
-0.0349495
-0.0245616
-0.0199234
-0.0161810
-0.0075479
0.0072158
0.0239576
0.0368562
0.0428932
0.0435674
0.0429820
0.0440327
0.0459102
0.0455364
0.0421676
0.0404505
0.0474567
0.0652591
0.0867211
0.1004746
0.1015753
0.0970252
0.0994076
0.1142254
0.1339675
0.1456407
0.1444774
0.1396084
0.1454287
0.1671781
0.1954518
0.2153257
0.2208215
0.2200447
0.2260222
0.2429247
0.2618662
0.2703996
0.2657395
0.2580518
0.2603503
0.2750795
0.2907626
0.2921819
0.2744204
0.2474540
0.2270266
0.2204433
0.2205051
0.2129575
0.1900833
0.1575478
0.1284657
0.1110236
0.1016935
0.0898810
0.0685489
0.0403383
0.0141367
-0.0035511
-0.0139952
-0.0240341
-0.0390901
-0.0579375
-0.0736560
-0.0797944
-0.0763989
-0.0705595
-0.0707624
-0.0800260
-0.0941637
-0.1065876
-0.1144759
-0.1200046
-0.1261256
-0.1324210
-0.1358396
-0.1348609
-0.1316950
-0.1300093
-0.1311803
-0.1333204
-0.1336160
-0.1311082
-0.1275547
-0.1263440
-0.1302602
-0.1387313
-0.1462525
-0.1447206
-0.1299108
-0.1070305
-0.0887645
-0.0856086
-0.0969138
-0.1116496
-0.1184246
-0.1148391
-0.1074128
-0.1035527
-0.1045948
-0.1061916
-0.1038410
-0.0970882
-0.0891301
-0.0837319
-0.0827291
-0.0853423
-0.0889356
-0.0908444
-0.0905803
-0.0905506
-0.0937752
-0.1000717
-0.1047656
-0.1022705
-0.0917913
-0.0794254
-0.0738741
-0.0791713
-0.0910352
-0.1003737
-0.1010539
-0.0951630
-0.0910497
-0.0956618
-0.1077899
-0.1183350
-0.1177489
-0.1043214
-0.0859159
-0.0734551
-0.0719390
-0.0769982
-0.0797292
-0.0748509
-0.0644988
-0.0546397
-0.0482835
-0.0423721
-0.0311471
-0.0123097
0.0102732
0.0299718
0.0435783
0.0543651
0.0691716
0.0921578
0.1205732
0.1457641
0.1582538
0.1530645
0.1320203
0.1021326
0.0713733
0.0443729
0.0206758
-0.0032687
-0.0299079
-0.0577405
-0.0824328
-0.1008628
-0.1141135
-0.1263759
-0.1407524
-0.1559792
-0.1671653
-0.1699259
-0.1643928
-0.1557641
-0.1507603
-0.1525335
-0.1581404
-0.1611559
-0.1577096
-0.1504580
-0.1460902
-0.1482236
-0.1529911
-0.1525350
-0.1431041
-0.1288860
-0.1172702
-0.1112056
-0.1076091
-0.1029222
-0.0976431
-0.0932830
-0.0861230
-0.0677380
-0.0336100
0.0115495
0.0619181
0.1250727
0.2225964
0.3667458
0.5304248
0.6426636
0.6240212
0.4394675
0.1265901
-0.2244067
-0.5223207
-0.7178286
-0.8102112
-0.8241429
-0.7838773
-0.7047207
-0.5994707
-0.4849507
-0.3797079
-0.2966152
-0.2386516
-0.2007739
-0.1747192
-0.1531588
-0.1322700
-0.1125841
-0.0972509
-0.0881086
-0.0828158
-0.0763404
-0.0657004
-0.0528384
-0.0422707
-0.0361081
-0.0320736
-0.0265437
-0.0188191
-0.0117352
-0.0082400
-0.0079766
-0.0073185
-0.0022521
0.0089203
0.0248468
0.0419211
0.0558028
0.0636060
0.0661918
0.0684921
0.0762313
0.0908651
0.1075258
0.1189442
0.1224457
0.1233016
0.1306563
0.1494242
0.1755771
0.1990520
0.2116020
0.2130154
0.2110677
0.2155937
0.2310089
0.2525605
0.2694390
0.2732092
0.2651661
0.2557105
0.2551123
0.2635949
0.2705245
0.2641253
0.2423522
0.2141131
0.1900732
0.1729773
0.1570839
0.1358920
0.1090104
0.0815768
0.0586638
0.0415483
0.0285741
0.0174451
0.0057689
-0.0089307
-0.0272105
-0.0453012
-0.0569077
-0.0596814
