-0.1044120
-0.0865196
-0.0356705
0.0181695
0.0378939
0.0124997
-0.0340040
-0.0678383
-0.0765503
-0.0723298
-0.0679263
-0.0573505
-0.0250469
0.0293549
0.0824687
0.1059947
0.0916722
0.0559740
0.0232936
0.0084172
0.0135634
0.0349197
0.0663855
0.0992695
0.1255281
0.1448931
0.1654534
0.1922418
0.2153790
0.2146196
0.1797316
0.1254668
0.0826707
0.0725929
0.0903987
0.1138263
0.1257368
0.1264004
0.1258424
0.1291725
0.1322977
0.1297443
0.1219934
0.1132581
0.1045868
0.0925818
0.0751462
0.0556890
0.0395124
0.0270402
0.0131763
-0.0058243
-0.0266278
-0.0418349
-0.0483428
-0.0507618
-0.0556777
-0.0640246
-0.0711937
-0.0745848
-0.0785220
-0.0894351
-0.1067352
-0.1211730
-0.1239458
-0.1163985
-0.1087559
-0.1092896
-0.1167134
-0.1240391
-0.1275454
-0.1287549
-0.1276937
-0.1182252
-0.0939560
-0.0587519
-0.0283757
-0.0195406
-0.0374820
-0.0741995
-0.1163248
-0.1520017
-0.1717505
-0.1689269
-0.1447634
-0.1124857
-0.0916624
-0.0950028
-0.1207855
-0.1587285
-0.2012582
-0.2469093
-0.2950093
-0.3432396
-0.3940240
-0.4596383
-0.5535426
-0.6733095
-0.7958584
-0.8953105
-0.9669369
-1.0303484
-1.1063141
-1.1908260
-1.2532989
-1.2601258
-1.2003265
-1.0922013
-0.9711017
-0.8723400
-0.8188340
-0.8136596
-0.8377926
-0.8581730
-0.8467130
-0.7976791
-0.7269662
-0.6525748
-0.5758964
-0.4834816
-0.3664353
-0.2350143
-0.1124658
-0.0164896
0.0504886
0.0940738
0.1165851
0.1171748
0.1013660
0.0845013
0.0819807
0.0976536
0.1249298
0.1584692
0.2003472
0.2526606
0.3078696
0.3521263
0.3793256
0.3980367
0.4214335
0.4521507
0.4809395
0.5004122
0.5156575
0.5376054
0.5676440
0.5937066
0.6034799
0.5983929
0.5911829
0.5909524
0.5950547
0.5971620
0.5992569
0.6105194
0.6340040
0.6588148
0.6692050
0.6606304
0.6435830
0.6307238
0.6229456
0.6105239
0.5863931
0.5542607
0.5222332
0.4915749
0.4556169
0.4097756
0.3592978
0.3149060
0.2821469
0.2573750
0.2339193
0.2094856
0.1860984
0.1648367
0.1438106
0.1217578
0.1010098
0.0848040
0.0727100
0.0611049
0.0483891
0.0375354
0.0321465
0.0315245
0.0318433
0.0317229
0.0337296
0.0387190
0.0408004
0.0317426
0.0117057
-0.0070057
-0.0102757
0.0034026
0.0213883
0.0312584
0.0345307
0.0425080
0.0581367
0.0661101
0.0457492
-0.0052252
-0.0624107
-0.0929824
-0.0830221
-0.0469825
-0.0122311
0.0026772
-0.0051479
-0.0312814
-0.0711799
-0.1170389
-0.1536722
-0.1659682
-0.1534593
-0.1338928
-0.1277422
-0.1386066
-0.1513218
-0.1501170
-0.1359369
-0.1233686
-0.1221806
-0.1264229
-0.1236001
-0.1111448
-0.0991117
-0.0964887
-0.0995140
-0.0971362
-0.0861794
-0.0762676
-0.0778805
-0.0886256
-0.0952785
-0.0893879
-0.0772298
-0.0719113
-0.0775873
-0.0852591
-0.0847667
-0.0773934
-0.0733712
-0.0780575
-0.0845628
-0.0819075
-0.0682647
-0.0531231
-0.0464671
-0.0486609
-0.0526395
-0.0540967
-0.0561664
-0.0635182
-0.0748673
-0.0839838
-0.0866664
-0.0827718
-0.0703180
-0.0419683
0.0067072
0.0640578
0.1021163
0.0963426
0.0494414
-0.0055818
-0.0303684
-0.0137484
0.0176848
0.0210481
-0.0282678
-0.1184173
-0.2123413
-0.2757582
-0.2978679
-0.2908818
-0.2738784
-0.2576439
-0.2423117
-0.2253406
-0.2079964
-0.1929429
-0.1780068
-0.1565989
-0.1265421
-0.0966388
-0.0806735
-0.0833439
-0.0943994
-0.0996351
-0.0969055
-0.0970415
-0.1068171
-0.1152097
-0.1035432
-0.0709397
-0.0431912
-0.0482596
-0.0819474
-0.1046983
-0.0796721
-0.0149646
0.0362577
0.0215905
-0.0633646
-0.1723008
-0.2496263
-0.2728218
-0.2578145
-0.2316617
-0.2068239
-0.1802698
-0.1488107
-0.1179468
-0.0958467
-0.0838168
-0.0761702
-0.0682817
-0.0616904
-0.0603360
-0.0636970
-0.0658450
-0.0614259
-0.0511871
-0.0408862
-0.0355232
-0.0354659
-0.0376527
-0.0391890
-0.0391921
-0.0379048
-0.0352310
-0.0308131
-0.0254366
-0.0217462
-0.0229059
-0.0301804
-0.0417133
-0.0535197
-0.0615603
-0.0632409
-0.0577559
-0.0456357
-0.0281043
-0.0069060
0.0151556
0.0339031
0.0451212
0.0473534
0.0437541
0.0408141
0.0446692
0.0580632
0.0801486
0.1082075
0.1386576
0.1665752
0.1861762
0.1944183
0.1951394
0.1979205
0.2102139
0.2296659
0.2452513
0.2469712
0.2341946
0.2141406
0.1932220
0.1717265
0.1474609
0.1225831
0.1038998
0.0954557
0.0927448
0.0866796
0.0733584
0.0579895
0.0483063
0.0456703
0.0443048
0.0384317
0.0278692
0.0161452
0.0053776
-0.0047198
-0.0133584
-0.0170201
-0.0130144
-0.0034986
0.0063367
0.0141823
0.0222744
0.0316675
0.0371894
0.0323652
0.0208376
0.0198300
0.0478098
0.1068549
0.1785157
0.2390142
0.2788559
0.3064725
0.3321747
0.3499735
0.3374706
0.2747097
0.1626839
0.0232984
-0.1170390
-0.2417937
-0.3435054
-0.4135597
-0.4386209
-0.4107107
-0.3405095
-0.2574947
-0.1929787
-0.1599205
-0.1474910
-0.1343664
-0.1075505
-0.0704239
-0.0357652
-0.0128903
-0.0007715
0.0085801
0.0215101
0.0374537
0.0514282
0.0609334
0.0695943
0.0833484
0.1030419
0.1217357
0.1307371
0.1290071
0.1257440
0.1320041
0.1492968
0.1678354
0.1773209
0.1786180
0.1828792
0.1988969
0.2231536
0.2437317
0.2530615
0.2548069
0.2578483
0.2655365
0.2731819
0.2759896
0.2766406
0.2823904
0.2951794
0.3077396
0.3115914
0.3076397
0.3059956
0.3142886
0.3279575
0.3345493
0.3280573
0.3169288
0.3153678
0.3265880
0.3375825
0.3335437
0.3171472
0.3099459
0.3315681
0.3776937
0.4205928
0.4322191
0.4060959
0.3569597
0.3022938
0.2483962
0.1950680
0.1488387
0.1244783
0.1305866
0.1569128
0.1807514
0.1871324
0.1806764
0.1766208
0.1824197
0.1908256
0.1905995
0.1806324
0.1706821
0.1686797
0.1704515
0.1644961
0.1463740
0.1257298
0.1174714
0.1268292
0.1446055
0.1570770
0.1591744
0.1571740
0.1594186
0.1663707
0.1711175
0.1690922
0.1650614
0.1686268
0.1831979
0.2014269
0.2125763
0.2132546
0.2093459
0.2077052
0.2080786
0.2049219
0.1966868
0.1908501
0.1973433
0.2166017
0.2356560
0.2375162
0.2145554
0.1726854
0.1239477
0.0771506
0.0358587
0.0029640
-0.0158195
-0.0143262
0.0084160
0.0453198
0.0841593
0.1138752
0.1295783
0.1337132
0.1339412
0.1391363
0.1545357
0.1778342
0.1988330
0.2037123
0.1820645
0.1333209
0.0692866
0.0100491
-0.0268153
-0.0378852
-0.0365372
-0.0419240
-0.0620571
-0.0861292
-0.0941626
-0.0758456
-0.0408040
-0.0101320
0.0025610
0.0017021
0.0020402
0.0121875
0.0272886
0.0372639
0.0398569
0.0439136
0.0602120
0.0902090
0.1241159
0.1494989
0.1612445
0.1631796
0.1608361
0.1540338
0.1374539
0.1081230
0.0710990
0.0366020
0.0108660
-0.0100906
-0.0366194
-0.0741645
-0.1156686
-0.1462045
-0.1556766
-0.1462840
-0.1273114
-0.1044899
-0.0769521
-0.0447399
-0.0164024
-0.0056825
-0.0191923
-0.0483825
-0.0756755
-0.0894652
-0.0925318
-0.0953660
-0.1026585
-0.1084005
-0.1043665
-0.0912472
-0.0794152
-0.0787261
-0.0888774
-0.1006858
-0.1064128
-0.1074020
-0.1105110
-0.1180140
-0.1237718
-0.1207545
-0.1097690
-0.0961907
-0.0768315
-0.0349566
0.0436047
0.1443086
0.2158637
0.1967931
0.0600859
-0.1623270
-0.3988478
-0.5849868
-0.6964745
-0.7439553
-0.7441750
-0.7023609
-0.6212155
-0.5185650
-0.4265579
-0.3688711
-0.3401831
-0.3120083
-0.2605832
-0.1879906
-0.1155581
-0.0598571
-0.0195012
0.0149645
0.0443872
0.0597591
0.0565756
0.0443836
0.0375424
0.0376257
0.0296239
-0.0014903
-0.0517583
-0.0986495
-0.1209355
-0.1163768
-0.0995054
-0.0850674
-0.0765029
-0.0690482
-0.0594032
-0.0497993
-0.0441855
-0.0429539
-0.0416932
-0.0340825
-0.0163385
0.0091909
0.0336648
0.0467031
0.0451268
0.0382090
0.0418800
0.0642908
0.0965554
0.1198828
0.1229311
0.1110395
0.0982927
0.0932533
0.0946421
0.0986296
0.1052099
0.1153219
0.1251338
0.1281563
0.1239204
0.1206208
0.1251962
0.1315967
0.1233592
0.0902965
0.0405401
-0.0066042
-0.0385533
-0.0575692
-0.0725494
-0.0880600
-0.1039551
-0.1215038
-0.1433065
-0.1657792
-0.1768564
-0.1667917
-0.1413995
-0.1198686
-0.1158722
-0.1224256
-0.1194289
-0.0971042
-0.0692755
-0.0617049
-0.0884668
-0.1402741
-0.1930893
-0.2254953
-0.2302578
-0.2153081
-0.1966917
-0.1872284
-0.1863255
-0.1791723
-0.1494683
-0.0969925
-0.0424020
-0.0110314
-0.0099329
-0.0228368
-0.0298929
-0.0305195
-0.0429603
-0.0809244
-0.1342654
-0.1752301
-0.1824144
-0.1567977
-0.1161637
-0.0781094
-0.0501304
-0.0325675
-0.0249430
-0.0261367
-0.0308655
-0.0311377
-0.0231958
-0.0104965
0.0025998
0.0180943
0.0408434
0.0661819
0.0742531
0.0419336
-0.0358907
-0.1362313
-0.2208967
-0.2623653
-0.2597425
-0.2319861
-0.1983889
-0.1668781
-0.1380183
-0.1137029
-0.0975829
-0.0888412
-0.0806232
-0.0670839
-0.0502264
-0.0370522
-0.0297465
-0.0211241
-0.0020344
0.0273029
0.0559264
0.0730486
0.0781393
0.0780147
0.0756417
0.0659408
0.0440264
0.0145378
-0.0107526
-0.0247796
-0.0322487
-0.0433630
-0.0615582
-0.0797777
-0.0896412
-0.0920285
-0.0955722
-0.1048699
-0.1138998
-0.1137995
-0.1054041
-0.1003612
-0.1089161
-0.1289742
-0.1491669
-0.1616259
-0.1689925
-0.1776897
-0.1865147
-0.1859370
-0.1705986
-0.1500008
-0.1424963
-0.1572534
-0.1841885
-0.2033100
-0.2029299
-0.1875017
-0.1691236
-0.1543120
-0.1400167
-0.1204334
-0.0946064
-0.0659738
-0.0356495
0.0017887
0.0553821
0.1313112
0.2274864
0.3292031
0.4062534
0.4179600
0.3314911
0.1453981
-0.1007622
-0.3424238
-0.5222895
-0.6157780
-0.6331001
-0.6012406
-0.5437524
-0.4734233
-0.3975357
-0.3243988
-0.2632410
-0.2198009
-0.1936470
-0.1790288
-0.1676395
-0.1522756
-0.1304295
-0.1052080
-0.0820946
-0.0642747
-0.0508941
-0.0393140
-0.0284316
-0.0196136
-0.0145581
-0.0128320
-0.0125727
-0.0139158
-0.0199996
-0.0322450
-0.0446530
-0.0453769
-0.0263974
0.0077737
0.0415586
0.0595265
0.0580764
0.0480204
0.0461504
0.0631389
0.0979191
0.1417255
0.1854495
0.2227776
0.2489648
0.2603299
0.2566602
0.2435188
0.2308310
0.2273606
0.2342123
0.2426413
0.2399000
0.2201171
0.1907397
0.1674786
0.1614046
0.1698407
0.1795409
0.1792976
0.1698291
0.1606278
0.1566946
0.1503595
0.1292167
0.0923080
0.0552555
0.0368633
0.0413521
0.0553913
0.0621255
0.0563392
0.0455371
0.0382095
0.0339506
0.0263726
0.0137771
0.0031793
0.0021960
0.0092758
0.0148346
0.0116362
0.0016375
-0.0078022
-0.0124077
-0.0143921
-0.0183199
-0.0250956
-0.0308307
-0.0316350
-0.0285453
-0.0261993
-0.0263800
-0.0246177
-0.0148332
0.0029960
0.0210139
0.0296038
0.0251800
0.0123695
-0.0008467
-0.0097995
-0.0147669
-0.0165933
-0.0130633
-0.0019583
0.0133426
0.0250509
0.0292890
0.0306038
0.0353610
0.0415787
0.0387191
0.0195281
-0.0089667
-0.0287885
-0.0269732
-0.0077332
0.0125821
0.0218471
0.0207441
0.0149708
0.0040365
-0.0168071
-0.0444787
-0.0640606
-0.0609117
-0.0355978
-0.0041503
0.0165937
0.0222360
0.0193698
0.0139565
0.0053345
-0.0071197
-0.0157911
-0.0095254
0.0120759
0.0334647
0.0362066
0.0163545
-0.0135797
-0.0389097
-0.0555890
-0.0676843
-0.0749115
-0.0671440
-0.0344480
0.0176345
0.0663324
0.0889251
0.0825437
0.0654226
0.0585947
0.0681741
0.0857435
0.1029676
0.1221188
0.1508277
0.1876349
0.2158195
0.2153016
0.1822941
0.1351317
0.0979187
0.0786848
0.0654563
0.0430435
0.0106465
-0.0180763
-0.0299984
-0.0253090
-0.0159914
-0.0142383
-0.0244668
-0.0457876
-0.0775580
-0.1175772
-0.1553673
-0.1733767
-0.1599539
-0.1208507
-0.0754180
-0.0410872
-0.0222378
-0.0129659
-0.0082171
-0.0109028
-0.0280494
-0.0601429
-0.0950953
-0.1144719
-0.1072974
-0.0787799
-0.0461774
-0.0253934
-0.0187745
-0.0139575
0.0036239
0.0345670
0.0636467
0.0789758
0.0935413
0.1408500
0.2404445
0.3639554
0.4387008
0.3938265
0.2137008
-0.0467138
-0.2983035
-0.4744400
-0.5606219
-0.5799729
-0.5598871
-0.5143474
-0.4491762
-0.3721793
-0.2935690
-0.2202892
-0.1547109
-0.0995245
-0.0611081
-0.0447903
-0.0459413
-0.0487824
-0.0382759
-0.0139707
0.0105778
0.0230327
0.0243769
0.0244936
0.0284720
0.0307977
0.0235178
0.0081473
-0.0027424
0.0026444
0.0220331
0.0400579
0.0444642
0.0394983
0.0399523
0.0525493
0.0672297
0.0688224
0.0556564
0.0446123
0.0567543
0.0964512
0.1435373
0.1677666
0.1544043
0.1174799
0.0880962
0.0895921
0.1223829
0.1688381
0.2097618
0.2372843
0.2551404
0.2688194
0.2772889
0.2759013
0.2657527
0.2551831
0.2495101
0.2425839
0.2228696
0.1879891
0.1506154
0.1284781
0.1282832
0.1394561
0.1444324
0.1356533
0.1208717
0.1102198
0.1007948
0.0789268
0.0380826
-0.0099528
-0.0443869
-0.0542723
-0.0467115
-0.0376304
-0.0358923
-0.0368834
-0.0320617
-0.0238350
-0.0272866
-0.0543004
-0.0979011
-0.1359907
-0.1508290
-0.1433173
-0.1293552
-0.1245426
-0.1314480
-0.1387785
-0.1321981
-0.1071553
-0.0719708
-0.0397470
-0.0193812
-0.0135018
-0.0201805
-0.0336619
-0.0460245
-0.0515303
-0.0494183
-0.0424344
-0.0349687
-0.0331508
-0.0431855
-0.0667010
-0.0985688
-0.1302895
-0.1549753
-0.1707548
-0.1837507
-0.2090979
-0.2649686
-0.3604456
-0.4860199
-0.6144335
-0.7135077
-0.7669638
-0.7904424
-0.8244586
-0.9016440
-1.0149129
-1.1187028
-1.1636393
-1.1325123
-1.0485110
-0.9547806
-0.8855178
-0.8503854
-0.8404712
-0.8442571
-0.8537611
-0.8569902
-0.8341577
-0.7701537
-0.6705125
-0.5601569
-0.4641282
-0.3886046
-0.3185472
-0.2341519
-0.1334671
-0.0395087
0.0195092
0.0386288
0.0408002
0.0521612
0.0782949
0.1076520
0.1325254
0.1603108
0.2042979
0.2660636
0.3285886
0.3699251
0.3864245
0.3987233
0.4286114
0.4718628
0.5013732
0.4979111
0.4720610
0.4549019
0.4712024
0.5209913
0.5820649
0.6295845
0.6555983
0.6684005
0.6732274
0.6621785
0.6297418
0.5907215
0.5708422
0.5796428
0.6001811
0.6065269
0.5882600
0.5594834
0.5454689
0.5559705
0.5702566
0.5559214
0.5055546
0.4462837
0.4090430
0.3980493
0.3959308
0.3882197
0.3739393
0.3587909
0.3448835
0.3230938
0.2752013
0.1933549
0.0982626
0.0255783
-0.0077496
-0.0112034
0.0032793
0.0333290
0.0716369
0.1010542
0.1118449
0.1069388
0.0871235
0.0519121
0.0168314
0.0026203
0.0022352
-0.0098840
-0.0268951
-0.0054730
0.0679226
