-0.0189808
-0.0175367
-0.0126344
-0.0097507
-0.0145038
-0.0245333
-0.0305033
-0.0256714
-0.0134335
-0.0043536
-0.0059267
-0.0161688
-0.0273327
-0.0345197
-0.0391286
-0.0441246
-0.0481845
-0.0467655
-0.0390613
-0.0318384
-0.0342229
-0.0483260
-0.0663032
-0.0777970
-0.0799927
-0.0792783
-0.0828188
-0.0897403
-0.0920264
-0.0841221
-0.0702602
-0.0610169
-0.0626898
-0.0711108
-0.0765278
-0.0739528
-0.0676222
-0.0651354
-0.0683708
-0.0714593
-0.0677011
-0.0572037
-0.0466112
-0.0416577
-0.0414125
-0.0406714
-0.0370807
-0.0339873
-0.0354146
-0.0395755
-0.0397050
-0.0323010
-0.0231672
-0.0230447
-0.0364186
-0.0557834
-0.0684671
-0.0691931
-0.0647135
-0.0653652
-0.0730186
-0.0790127
-0.0744254
-0.0610698
-0.0507296
-0.0532338
-0.0662191
-0.0773767
-0.0764664
-0.0644653
-0.0510756
-0.0442654
-0.0430059
-0.0398945
-0.0298064
-0.0153241
-0.0040600
-0.0014711
-0.0065468
-0.0139197
-0.0193301
-0.0226482
-0.0258589
-0.0288571
-0.0281495
-0.0204158
-0.0073773
0.0037279
0.0057251
-0.0018056
-0.0117251
-0.0159072
-0.0128517
-0.0084368
-0.0089625
-0.0140486
-0.0172563
-0.0137075
-0.0059406
-0.0011484
-0.0029150
-0.0071312
-0.0070794
-0.0019604
0.0012365
-0.0046537
-0.0179765
-0.0283003
-0.0265695
-0.0151715
-0.0068474
-0.0126086
-0.0307494
-0.0486376
-0.0557953
-0.0545135
-0.0564709
-0.0688757
-0.0854087
-0.0923867
-0.0837806
-0.0684761
-0.0613707
-0.0678567
-0.0787356
-0.0809222
-0.0717006
-0.0608285
-0.0589524
-0.0658920
-0.0714704
-0.0668728
-0.0534321
-0.0400057
-0.0333457
-0.0325729
-0.0326782
-0.0315064
-0.0319694
-0.0378940
-0.0490267
-0.0605735
-0.0670164
-0.0659513
-0.0587704
-0.0485067
-0.0371907
-0.0247439
-0.0100076
0.0070387
0.0239008
0.0367713
0.0438422
0.0476576
0.0534124
0.0638231
0.0754742
0.0812059
0.0771499
0.0673202
0.0602545
0.0605104
0.0639536
0.0622893
0.0523453
0.0401049
0.0348663
0.0395917
0.0477798
0.0501965
0.0441792
0.0356821
0.0323617
0.0355018
0.0391812
0.0369467
0.0287492
0.0214093
0.0226579
0.0345958
0.0524882
0.0701463
0.0878674
0.1165158
0.1730418
0.2677449
0.3896949
0.5005372
0.5447992
0.4755974
0.2828209
0.0054258
-0.2829601
-0.5085071
-0.6304681
-0.6525274
-0.6078399
-0.5324782
-0.4477114
-0.3600230
-0.2713586
-0.1864613
-0.1120375
-0.0525514
-0.0087711
0.0206903
0.0383108
0.0480295
0.0545140
0.0602335
0.0635391
0.0612207
0.0536094
0.0460560
0.0440672
0.0472488
0.0494837
0.0456890
0.0373684
0.0303471
0.0274432
0.0249456
0.0172128
0.0041116
-0.0072730
-0.0087855
0.0010868
0.0154648
0.0244694
0.0224739
0.0114451
-0.0012050
-0.0079963
-0.0064252
-0.0003607
0.0038105
0.0038023
0.0044733
0.0129484
0.0297438
0.0457318
0.0497618
0.0396893
0.0244600
0.0142143
0.0093239
0.0011209
-0.0164258
-0.0381117
-0.0526665
-0.0558384
-0.0557874
-0.0643250
-0.0843543
-0.1078310
-0.1255535
-0.1366852
-0.1477478
-0.1639147
-0.1832591
-0.1993346
-0.2075530
-0.2082186
-0.2046646
-0.2000858
-0.1958953
-0.1913218
-0.1837492
-0.1707199
-0.1530928
-0.1356975
-0.1230390
-0.1139116
-0.1019835
-0.0833174
-0.0626059
-0.0497865
-0.0495065
-0.0552217
-0.0555435
-0.0465165
-0.0358768
-0.0337883
-0.0402330
-0.0439132
-0.0347787
-0.0161909
-0.0023125
-0.0029185
-0.0126174
-0.0170092
-0.0091582
0.0023320
0.0032236
-0.0093607
-0.0223127
-0.0201422
-0.0019543
0.0171156
0.0215041
0.0105397
-0.0026322
-0.0057718
0.0010515
0.0086696
0.0108058
0.0104769
0.0146052
0.0244473
0.0332194
0.0331640
0.0236507
0.0114470
0.0034330
-0.0000332
-0.0043494
-0.0139427
-0.0269138
-0.0365153
-0.0378694
-0.0331199
-0.0297619
-0.0336960
-0.0438858
-0.0538197
-0.0580194
-0.0569466
-0.0557154
-0.0583828
-0.0636806
-0.0662942
-0.0622924
-0.0532603
-0.0449345
-0.0417118
-0.0427973
-0.0440724
-0.0434814
-0.0437334
-0.0490259
-0.0592367
-0.0681532
-0.0682308
-0.0573626
-0.0408071
-0.0264296
-0.0182858
-0.0147170
-0.0117235
-0.0071251
-0.0015221
0.0035978
0.0077431
0.0115868
0.0158516
0.0201621
0.0228814
0.0222955
0.0183291
0.0129836
0.0084607
0.0045082
-0.0018312
-0.0128115
-0.0260493
-0.0351047
-0.0355223
-0.0304898
-0.0290340
-0.0372598
-0.0517673
-0.0631108
-0.0660740
-0.0652791
-0.0695315
-0.0811775
-0.0927168
-0.0948446
-0.0870440
-0.0786957
-0.0791998
-0.0879836
-0.0953647
-0.0929987
-0.0822076
-0.0714982
-0.0668130
-0.0653920
-0.0593303
-0.0443931
-0.0246851
-0.0086009
-0.0005852
0.0025434
0.0068401
0.0133699
0.0162561
0.0093753
-0.0054299
-0.0181482
-0.0196463
-0.0108838
-0.0023173
-0.0036134
-0.0142856
-0.0250592
-0.0281445
-0.0250805
-0.0240798
-0.0306348
-0.0417662
-0.0491802
-0.0470753
-0.0369373
-0.0259792
-0.0216407
-0.0266725
-0.0379328
-0.0493440
-0.0568303
-0.0614147
-0.0674852
-0.0771447
-0.0859409
-0.0852647
-0.0704674
-0.0467743
-0.0259033
-0.0158155
-0.0141040
-0.0121620
-0.0054530
0.0016608
0.0019303
-0.0048737
-0.0098106
-0.0036505
0.0124900
0.0268145
0.0281187
0.0170420
0.0051600
0.0027760
0.0084908
0.0115609
0.0042105
-0.0094285
-0.0172859
-0.0120581
0.0007832
0.0082531
0.0029418
-0.0098306
-0.0180710
-0.0154830
-0.0070335
-0.0026783
-0.0068599
-0.0148375
-0.0186765
-0.0157127
-0.0108079
-0.0110322
-0.0190097
-0.0313493
-0.0424098
-0.0486657
-0.0499508
-0.0479543
-0.0442440
-0.0391110
-0.0315470
-0.0205397
-0.0070289
0.0054610
0.0129228
0.0142632
0.0125760
0.0125042
0.0159123
0.0202966
0.0219194
0.0204807
0.0199055
0.0238896
0.0311546
0.0361959
0.0350469
0.0295882
0.0254795
0.0260314
0.0288624
0.0290780
0.0255051
0.0229052
0.0271708
0.0384713
0.0504862
0.0577353
0.0634633
0.0786457
0.1120068
0.1620016
0.2212991
0.2903541
0.3828754
0.5098079
0.6512254
0.7457173
0.7187843
0.5361936
0.2386476
-0.0758860
-0.3113988
-0.4272796
-0.4457763
-0.4158865
-0.3716442
-0.3192338
-0.2537996
-0.1798994
-0.1136181
-0.0687645
-0.0454200
-0.0325318
-0.0195734
-0.0047540
0.0066344
0.0101084
0.0080611
0.0086669
0.0186854
0.0366786
0.0533629
0.0596456
0.0551659
0.0486555
0.0489726
0.0556603
0.0595040
0.0533501
0.0414062
0.0357640
0.0432093
0.0573547
0.0655502
0.0626988
0.0559434
0.0552308
0.0614473
0.0661303
0.0625359
0.0544472
0.0522082
0.0608844
0.0746683
0.0838329
0.0854527
0.0851607
0.0886785
0.0940333
0.0936636
0.0833665
0.0675478
0.0551788
0.0511119
0.0516513
0.0483556
0.0359553
0.0168071
-0.0018831
-0.0149420
-0.0236514
-0.0338356
-0.0495620
-0.0683550
-0.0827750
-0.0875060
-0.0851492
-0.0841359
-0.0900911
-0.0997780
-0.1046841
-0.1005434
-0.0919984
-0.0869431
-0.0869000
-0.0845281
-0.0715641
-0.0486899
-0.0260641
-0.0131919
-0.0089822
-0.0033302
0.0110687
0.0297441
0.0406092
0.0370913
0.0260812
0.0218528
0.0318501
0.0489797
0.0586600
0.0535912
0.0408134
0.0336238
0.0372457
0.0437792
0.0413854
0.0270744
0.0093568
-0.0011221
-0.0020948
-0.0003973
-0.0034286
-0.0116540
-0.0201203
-0.0258428
-0.0313364
-0.0402137
-0.0511898
-0.0586470
-0.0591405
-0.0555434
-0.0536160
-0.0552509
-0.0566398
-0.0536053
-0.0476072
-0.0447178
-0.0479910
-0.0521270
-0.0476914
-0.0312013
-0.0098070
0.0052161
0.0093566
0.0084044
0.0111717
0.0196428
0.0271241
0.0260426
0.0167059
0.0074468
0.0060926
0.0122921
0.0190147
0.0208101
0.0188960
0.0176325
0.0175391
0.0138700
0.0027741
-0.0122915
-0.0222413
-0.0216711
-0.0159091
-0.0168798
-0.0307571
-0.0505942
-0.0628751
-0.0616168
-0.0546478
-0.0549571
-0.0664773
-0.0798257
-0.0825989
-0.0728649
-0.0609896
-0.0579701
-0.0637336
-0.0687316
-0.0662987
-0.0605045
-0.0602209
-0.0673020
-0.0736598
-0.0705857
-0.0587574
-0.0471229
-0.0426206
-0.0433155
-0.0425425
-0.0377289
-0.0321832
-0.0281142
-0.0214394
-0.0067483
0.0135947
0.0291498
0.0319064
0.0249112
0.0179043
0.0152058
0.0110900
-0.0014416
-0.0195562
-0.0315808
-0.0297619
-0.0195217
-0.0135984
-0.0179022
-0.0262418
-0.0298185
-0.0287413
-0.0308227
-0.0398211
-0.0488033
-0.0473858
-0.0340284
-0.0185409
-0.0119711
-0.0157509
-0.0221935
-0.0247759
-0.0255223
-0.0310586
-0.0429357
-0.0544155
-0.0574929
-0.0515894
-0.0440910
-0.0428843
-0.0494445
-0.0591281
-0.0670255
-0.0723676
-0.0768591
-0.0795405
-0.0752395
-0.0597914
-0.0365075
-0.0153451
-0.0038626
0.0009347
0.0105849
0.0345079
0.0721717
0.1172830
0.1699798
0.2423823
0.3474566
0.4784531
0.5985553
0.6535357
0.6004081
0.4322948
0.1844038
-0.0802514
-0.2967615
-0.4239006
-0.4576860
-0.4256516
-0.3651332
-0.3004674
-0.2356850
-0.1662768
-0.0958973
-0.0393159
-0.0084122
0.0018788
0.0096412
0.0270760
0.0482417
0.0578385
0.0505000
0.0377760
0.0350103
0.0440212
0.0518425
0.0465117
0.0310940
0.0197118
0.0209109
0.0285016
0.0303011
0.0231747
0.0158673
0.0173884
0.0266452
0.0360489
0.0430836
0.0539280
0.0741194
0.0984879
0.1143275
0.1154152
0.1099227
0.1113980
0.1228063
0.1333130
0.1323680
0.1237203
0.1214782
0.1326657
0.1477660
0.1510736
0.1386183
0.1224345
0.1163140
0.1199719
0.1201922
0.1073158
0.0873007
0.0750979
0.0775098
0.0857569
0.0855716
0.0720516
0.0526661
0.0371761
0.0276579
0.0193852
0.0094402
0.0015050
0.0009899
0.0069937
0.0118508
0.0096900
0.0035935
0.0019150
0.0077616
0.0146589
0.0141672
0.0066094
0.0020617
0.0099536
0.0287554
0.0474032
0.0570646
0.0600435
0.0657760
0.0789572
0.0940193
0.1020528
0.1010804
0.0974387
0.0977929
0.1021067
0.1051245
0.1031401
0.0975854
0.0919672
0.0868247
0.0793974
0.0685261
0.0581998
0.0542051
0.0571339
0.0605542
0.0575696
0.0487343
0.0421029
0.0448079
0.0550641
0.0635538
0.0634817
0.0587216
0.0602827
0.0738072
0.0919834
0.1013615
0.0964559
0.0850173
0.0785745
0.0795391
0.0796526
0.0709084
0.0557917
0.0448358
0.0443194
0.0486268
0.0466608
0.0349869
0.0219478
0.0178454
0.0233505
0.0300501
0.0315841
0.0311648
0.0366236
0.0496070
0.0622024
0.0651489
0.0580710
0.0496086
0.0471698
0.0487202
0.0467520
0.0392771
0.0336243
0.0380211
0.0514874
0.0643641
0.0684417
0.0646835
0.0605344
0.0612417
0.0655252
0.0695840
0.0731219
0.0792180
0.0886760
0.0973942
0.1011684
0.1014357
0.1034453
0.1087291
0.1120728
0.1076685
0.0971822
0.0896260
0.0923163
0.1024920
0.1090344
0.1032518
0.0876181
0.0729258
0.0668765
0.0667357
0.0637302
0.0533741
0.0401101
0.0321365
0.0328347
0.0376257
0.0389047
0.0338502
0.0271838
0.0260175
0.0324204
0.0419212
0.0491584
0.0536125
0.0589688
0.0676375
0.0771460
0.0824210
0.0814719
0.0782201
0.0786944
0.0840422
0.0885357
0.0860274
0.0779917
0.0733233
0.0794064
0.0943654
0.1090665
0.1164929
0.1183844
0.1222367
0.1320273
0.1430513
0.1472053
0.1429721
0.1379461
0.1402298
0.1489960
0.1558308
0.1549724
0.1496471
0.1469304
0.1476914
0.1440915
0.1284170
0.1035369
0.0820993
0.0736567
0.0737685
0.0684101
0.0494927
0.0238079
0.0055679
0.0020168
0.0083281
0.0155832
0.0209340
0.0286856
0.0429143
0.0617495
0.0804185
0.0986931
0.1226047
0.1582744
0.2072446
0.2707346
0.3556508
0.4686575
0.5982471
0.7032355
0.7257739
0.6255707
0.4105345
0.1384834
-0.1134248
-0.2888463
-0.3726852
-0.3817135
-0.3409992
-0.2687052
-0.1768917
-0.0788904
0.0087977
0.0727658
0.1103830
0.1303831
0.1444881
0.1576037
0.1662962
0.1662510
0.1592897
0.1520082
0.1488603
0.1485145
0.1471912
0.1441572
0.1424185
0.1435172
0.1430030
0.1338116
0.1154264
0.0973500
0.0901294
0.0931073
0.0943510
0.0841798
0.0665277
0.0546176
0.0562607
0.0660429
0.0731126
0.0749854
0.0805780
0.0981126
0.1222867
0.1375058
0.1347596
0.1217701
0.1136151
0.1155613
0.1192046
0.1153180
0.1061165
0.1019473
0.1075212
0.1150656
0.1128049
0.0985985
0.0820581
0.0721947
0.0659849
0.0527814
0.0291809
0.0049035
-0.0082359
-0.0103380
-0.0132020
-0.0267304
-0.0480061
-0.0645614
-0.0673767
-0.0596867
-0.0528011
-0.0539013
-0.0592550
-0.0598974
-0.0523407
-0.0418127
-0.0356013
-0.0353455
-0.0362963
-0.0328182
-0.0239893
-0.0141030
-0.0074622
-0.0026855
0.0063167
0.0225430
0.0405669
0.0511834
0.0509711
0.0452396
0.0413638
0.0410462
0.0401947
0.0355733
0.0298988
0.0289546
0.0336935
0.0375664
0.0341599
0.0261988
0.0228977
0.0274534
0.0312605
0.0239232
0.0070508
-0.0059715
-0.0048160
0.0054388
0.0087247
-0.0051411
-0.0292481
-0.0467473
-0.0489656
-0.0438511
-0.0449712
-0.0549754
-0.0637953
-0.0622712
-0.0529650
-0.0458931
-0.0467139
-0.0520167
-0.0555455
-0.0566777
-0.0611690
-0.0732381
-0.0883433
-0.0963384
-0.0924036
-0.0823080
-0.0750253
-0.0722407
-0.0679744
-0.0577452
-0.0452824
-0.0394028
-0.0451518
-0.0582349
-0.0683283
-0.0688827
-0.0636557
-0.0620407
-0.0680401
-0.0763359
-0.0798896
-0.0784135
-0.0771952
-0.0794840
-0.0827583
-0.0825077
-0.0782965
-0.0751490
-0.0779440
-0.0841585
-0.0845478
-0.0737907
-0.0591235
-0.0544488
-0.0651785
-0.0818036
-0.0896344
-0.0831290
-0.0699575
-0.0623735
-0.0650952
-0.0711582
-0.0703242
-0.0618230
-0.0562739
-0.0629685
-0.0777301
-0.0870110
-0.0832344
-0.0727811
-0.0684525
-0.0761537
-0.0897045
-0.0982219
-0.0984430
-0.0984279
-0.1067758
-0.1194878
-0.1226620
-0.1097315
-0.0909439
-0.0819394
-0.0861410
-0.0927781
-0.0910334
-0.0823266
-0.0777763
-0.0848203
-0.0974903
-0.1016848
-0.0911456
-0.0754325
-0.0686182
-0.0724922
-0.0763924
-0.0728359
-0.0669804
-0.0688986
-0.0810891
-0.0959263
-0.1029930
-0.0981315
-0.0873547
-0.0815299
-0.0851229
-0.0915137
-0.0917866
-0.0857262
-0.0805596
-0.0810162
-0.0846660
-0.0856749
-0.0802454
-0.0705419
-0.0655340
-0.0740631
-0.0938041
-0.1114699
-0.1179616
-0.1188496
-0.1253695
-0.1395548
-0.1535157
-0.1599838
-0.1588496
-0.1556762
-0.1563769
-0.1604023
-0.1589757
-0.1458005
-0.1292143
-0.1248355
-0.1346566
-0.1434007
-0.1386526
-0.1246936
-0.1128574
-0.1081814
-0.1094593
-0.1129206
-0.1127282
-0.1070603
-0.1040857
-0.1103278
-0.1150361
-0.1028328
-0.0807482
-0.0708872
-0.0742975
-0.0684622
-0.0482549
-0.0403917
-0.0614815
