0.1646442
0.1777820
0.1824033
0.1810355
0.1811054
0.1889362
0.2032503
0.2154129
0.2173585
0.2095007
0.2003000
0.1979500
0.2029536
0.2088705
0.2094629
0.2042409
0.1971766
0.1909742
0.1834104
0.1694996
0.1472275
0.1210869
0.0994602
0.0874654
0.0816347
0.0721225
0.0515010
0.0222409
-0.0047671
-0.0197497
-0.0223635
-0.0206967
-0.0227390
-0.0295719
-0.0364198
-0.0385634
-0.0350719
-0.0279437
-0.0200431
-0.0146636
-0.0150888
-0.0219457
-0.0306618
-0.0335675
-0.0262920
-0.0118322
0.0027753
0.0136227
0.0225816
0.0327956
0.0434297
0.0505915
0.0527701
0.0531202
0.0554287
0.0592351
0.0605680
0.0570379
0.0503414
0.0432386
0.0359468
0.0275528
0.0205011
0.0210450
0.0334219
0.0542746
0.0745731
0.0874303
0.0930398
0.0956943
0.0975439
0.0970686
0.0934460
0.0902147
0.0926675
0.1016004
0.1110898
0.1137119
0.1080991
0.1007430
0.0998275
0.1071805
0.1164383
0.1193810
0.1143882
0.1087779
0.1124432
0.1285091
0.1499195
0.1654977
0.1698416
0.1675600
0.1680425
0.1763588
0.1891365
0.1984532
0.1988579
0.1908400
0.1788904
0.1674160
0.1582455
0.1506025
0.1423792
0.1317678
0.1187953
0.1057584
0.0955427
0.0887870
0.0828282
0.0741340
0.0621461
0.0505422
0.0443687
0.0455220
0.0504773
0.0522237
0.0452821
0.0303708
0.0148066
0.0072570
0.0104657
0.0187456
0.0235714
0.0222335
0.0201778
0.0238789
0.0323056
0.0377818
0.0361950
0.0341256
0.0428994
0.0658637
0.0953462
0.1249491
0.1624160
0.2241070
0.3121299
0.3974872
0.4304367
0.3730868
0.2267880
0.0316436
-0.1588193
-0.3051413
-0.3927063
-0.4254665
-0.4147825
-0.3729397
-0.3116792
-0.2417490
-0.1716205
-0.1064684
-0.0487276
-0.0000166
0.0372376
0.0604743
0.0701844
0.0724754
0.0767610
0.0886397
0.1044587
0.1145173
0.1134480
0.1072755
0.1084271
0.1227300
0.1423773
0.1533186
0.1494902
0.1382980
0.1317365
0.1337917
0.1380444
0.1366730
0.1294776
0.1233771
0.1247535
0.1339200
0.1464049
0.1575817
0.1653594
0.1700520
0.1736438
0.1790491
0.1880901
0.1990135
0.2070726
0.2092159
0.2080967
0.2099140
0.2176333
0.2273673
0.2324405
0.2304847
0.2253828
0.2222564
0.2217791
0.2201863
0.2141827
0.2046591
0.1954807
0.1896165
0.1869717
0.1850430
0.1804155
0.1699673
0.1525124
0.1304677
0.1090305
0.0921040
0.0787188
0.0643715
0.0463553
0.0271997
0.0122928
0.0043496
0.0006737
-0.0043186
-0.0144303
-0.0293865
-0.0460425
-0.0608395
-0.0713887
-0.0770663
-0.0789954
-0.0790180
-0.0779422
-0.0750669
-0.0701171
-0.0651833
-0.0633129
-0.0647581
-0.0659673
-0.0636119
-0.0590426
-0.0570407
-0.0596225
-0.0625208
-0.0595264
-0.0503116
-0.0423283
-0.0436947
-0.0546294
-0.0670399
-0.0725401
-0.0697200
-0.0631856
-0.0568664
-0.0498218
-0.0384882
-0.0217665
-0.0033394
0.0105660
0.0155901
0.0123120
0.0057255
0.0012901
0.0004343
-0.0004717
-0.0060786
-0.0162834
-0.0247880
-0.0246017
-0.0156461
-0.0061393
-0.0052201
-0.0140288
-0.0248524
-0.0293260
-0.0267584
-0.0238853
-0.0270532
-0.0356002
-0.0429929
-0.0436458
-0.0378843
-0.0302959
-0.0240868
-0.0180381
-0.0092312
0.0020094
0.0109197
0.0125177
0.0070768
0.0014033
0.0043590
0.0200579
0.0441767
0.0665016
0.0779034
0.0762954
0.0670188
0.0577525
0.0523286
0.0483872
0.0405526
0.0261916
0.0083883
-0.0067755
-0.0157704
-0.0200709
-0.0232284
-0.0265849
-0.0288420
-0.0294498
-0.0309406
-0.0368325
-0.0473395
-0.0579278
-0.0626742
-0.0592009
-0.0505334
-0.0427152
-0.0408479
-0.0462963
-0.0557246
-0.0623260
-0.0601749
-0.0499783
-0.0402754
-0.0400541
-0.0483416
-0.0526276
-0.0403926
-0.0125523
0.0172632
0.0393724
0.0628805
0.1090813
0.1852565
0.2643194
0.2945509
0.2355582
0.0897123
-0.0986103
-0.2735981
-0.4002212
-0.4731190
-0.5024100
-0.4964831
-0.4585694
-0.3952014
-0.3219440
-0.2571906
-0.2101333
-0.1761956
-0.1447864
-0.1108448
-0.0785247
-0.0547739
-0.0410318
-0.0319526
-0.0216339
-0.0098299
-0.0011380
0.0016952
0.0023818
0.0079655
0.0213059
0.0376344
0.0489961
0.0517703
0.0496981
0.0500126
0.0569741
0.0688144
0.0802195
0.0873138
0.0904324
0.0928434
0.0975391
0.1051733
0.1142063
0.1224306
0.1286518
0.1333764
0.1378283
0.1422717
0.1459466
0.1492761
0.1556047
0.1692942
0.1909996
0.2149258
0.2318744
0.2363972
0.2316464
0.2266640
0.2278541
0.2328115
0.2331235
0.2236591
0.2088102
0.1991683
0.2019203
0.2142611
0.2257796
0.2272347
0.2175661
0.2030155
0.1898661
0.1783722
0.1637894
0.1426897
0.1173862
0.0939211
0.0761518
0.0622164
0.0468419
0.0269651
0.0047965
-0.0149028
-0.0302474
-0.0440371
-0.0597172
-0.0762540
-0.0880620
-0.0901657
-0.0828537
-0.0710089
-0.0593607
-0.0491466
-0.0398196
-0.0335285
-0.0363481
-0.0533476
-0.0820125
-0.1116915
-0.1309532
-0.1361432
-0.1330205
-0.1305019
-0.1329856
-0.1380760
-0.1406719
-0.1385770
-0.1341381
-0.1309781
-0.1299118
-0.1284172
-0.1237043
-0.1157901
-0.1077157
-0.1031452
-0.1035307
-0.1070594
-0.1103429
-0.1114410
-0.1110629
-0.1105085
-0.1090472
-0.1045292
-0.0968424
-0.0896074
-0.0871515
-0.0896734
-0.0924422
-0.0909264
-0.0867265
-0.0870291
-0.0967589
-0.1116084
-0.1206655
-0.1169650
-0.1045690
-0.0941463
-0.0920733
-0.0951641
-0.0961276
-0.0926565
-0.0896581
-0.0924834
-0.0992703
-0.1015028
-0.0926063
-0.0751477
-0.0586372
-0.0505137
-0.0501571
-0.0515501
-0.0504461
-0.0480160
-0.0478985
-0.0506390
-0.0516882
-0.0452882
-0.0305190
-0.0132130
-0.0014385
0.0008981
-0.0041460
-0.0124650
-0.0224630
-0.0352444
-0.0509251
-0.0659446
-0.0750664
-0.0764092
-0.0739030
-0.0738153
-0.0787805
-0.0860891
-0.0919586
-0.0960871
-0.1008122
-0.1065871
-0.1102187
-0.1084048
-0.1021730
-0.0965918
-0.0957055
-0.0983906
-0.1001593
-0.0990911
-0.0986082
-0.1030057
-0.1108003
-0.1146746
-0.1092565
-0.0979180
-0.0900258
-0.0908795
-0.0953889
-0.0931141
-0.0798706
-0.0627461
-0.0511791
-0.0426745
-0.0208519
0.0270575
0.0880421
0.1204879
0.0787815
-0.0528570
-0.2455934
-0.4425537
-0.5925840
-0.6743635
-0.6954485
-0.6740254
-0.6235259
-0.5515281
-0.4668365
-0.3821684
-0.3088555
-0.2508163
-0.2051454
-0.1682005
-0.1399949
-0.1222561
-0.1132143
-0.1063626
-0.0958550
-0.0825719
-0.0730158
-0.0715979
-0.0753715
-0.0775460
-0.0753119
-0.0723108
-0.0728165
-0.0748674
-0.0711732
-0.0576788
-0.0400459
-0.0293841
-0.0305732
-0.0362158
-0.0339841
-0.0196982
-0.0013809
0.0101549
0.0133024
0.0170054
0.0305608
0.0533951
0.0757761
0.0893540
0.0957883
0.1039050
0.1188697
0.1361168
0.1470402
0.1493853
0.1499695
0.1568477
0.1702453
0.1824068
0.1861212
0.1822353
0.1779005
0.1778442
0.1790572
0.1753102
0.1658467
0.1571854
0.1555193
0.1590034
0.1592193
0.1498397
0.1324523
0.1135728
0.0969875
0.0802051
0.0587593
0.0331775
0.0102075
-0.0036398
-0.0089872
-0.0128660
-0.0212058
-0.0330995
-0.0428618
-0.0470000
-0.0483402
-0.0529576
-0.0629963
-0.0729789
-0.0742930
-0.0639795
-0.0484383
-0.0375243
-0.0351710
-0.0365437
-0.0341985
-0.0260771
-0.0170477
-0.0130232
-0.0141395
-0.0141624
-0.0068438
0.0074802
0.0221586
0.0307921
0.0326181
0.0314538
0.0308299
0.0313309
0.0321022
0.0334429
0.0370168
0.0435298
0.0508124
0.0551550
0.0550596
0.0530075
0.0525922
0.0543488
0.0557600
0.0554663
0.0558920
0.0604417
0.0684777
0.0743242
0.0722841
0.0630708
0.0547558
0.0560083
0.0675939
0.0812752
0.0881496
0.0877620
0.0879644
0.0958329
0.1098290
0.1215347
0.1246623
0.1214929
0.1198182
0.1237271
0.1288056
0.1278972
0.1209768
0.1167074
0.1226923
0.1356278
0.1434924
0.1379977
0.1236950
0.1139227
0.1180112
0.1331197
0.1487972
0.1585919
0.1654840
0.1754263
0.1876641
0.1942191
0.1890784
0.1754099
0.1619814
0.1533933
0.1457302
0.1324553
0.1137700
0.0988705
0.0980390
0.1125524
0.1331422
0.1484241
0.1537008
0.1512027
0.1439154
0.1319714
0.1153124
0.0975651
0.0851420
0.0819628
0.0853818
0.0878575
0.0832897
0.0720865
0.0599681
0.0519720
0.0479748
0.0436575
0.0349836
0.0221927
0.0110687
0.0103737
0.0254308
0.0519163
0.0770526
0.0903966
0.0957449
0.1111908
0.1530483
0.2147185
0.2597496
0.2398430
0.1275620
-0.0618213
-0.2776486
-0.4636582
-0.5855770
-0.6381479
-0.6339372
-0.5890440
-0.5168032
-0.4290303
-0.3378583
-0.2538405
-0.1826936
-0.1254089
-0.0815865
-0.0509232
-0.0308154
-0.0149827
0.0023713
0.0206818
0.0333943
0.0357221
0.0316740
0.0321173
0.0447771
0.0658368
0.0823517
0.0843552
0.0747132
0.0659319
0.0670266
0.0747880
0.0785528
0.0722937
0.0607969
0.0544768
0.0593004
0.0720380
0.0848418
0.0937496
0.1018908
0.1141896
0.1302354
0.1439610
0.1501488
0.1498013
0.1488283
0.1526056
0.1622667
0.1752974
0.1887174
0.2014641
0.2137635
0.2246054
0.2309846
0.2305710
0.2248494
0.2188995
0.2179455
0.2238139
0.2336006
0.2412233
0.2414898
0.2340564
0.2231759
0.2127029
0.2015742
0.1849261
0.1596370
0.1285698
0.0996694
0.0806754
0.0733345
0.0717278
0.0667733
0.0535391
0.0348869
0.0184046
0.0098213
0.0084255
0.0077483
0.0011355
-0.0119680
-0.0251549
-0.0315596
-0.0312429
-0.0308247
-0.0355160
-0.0428810
-0.0454013
-0.0386604
-0.0262485
-0.0164157
-0.0137793
-0.0144491
-0.0101778
0.0021216
0.0158350
0.0207305
0.0134409
0.0011489
-0.0051759
-0.0010223
0.0077332
0.0110138
0.0053922
-0.0013017
0.0022301
0.0176319
0.0331575
0.0346971
0.0199967
0.0006938
-0.0093253
-0.0063492
0.0020937
0.0068914
0.0066875
0.0074789
0.0142172
0.0248424
0.0332719
0.0361874
0.0345930
0.0298618
0.0217012
0.0109519
0.0017330
-0.0014441
0.0019677
0.0085151
0.0149187
0.0212213
0.0293032
0.0387717
0.0456379
0.0462847
0.0421557
0.0383459
0.0370115
0.0347861
0.0289289
0.0242280
0.0301435
0.0501495
0.0758664
0.0933217
0.0949402
0.0850101
0.0735202
0.0651275
0.0550099
0.0360293
0.0088259
-0.0170387
-0.0319281
-0.0344793
-0.0312373
-0.0304018
-0.0369156
-0.0513148
-0.0705984
-0.0900987
-0.1061034
-0.1178267
-0.1272939
-0.1372745
-0.1484906
-0.1580492
-0.1611777
-0.1554805
-0.1431101
-0.1280963
-0.1126935
-0.0978564
-0.0861318
-0.0812558
-0.0841572
-0.0909273
-0.0955475
-0.0939587
-0.0854680
-0.0714517
-0.0535673
-0.0328771
-0.0095014
0.0185752
0.0569940
0.1122769
0.1816507
0.2423433
0.2544483
0.1821787
0.0195790
-0.2000575
-0.4191088
-0.5844598
-0.6711498
-0.6865711
-0.6551253
-0.5977604
-0.5233239
-0.4354767
-0.3436567
-0.2652482
-0.2171569
-0.2046627
-0.2167432
-0.2323244
-0.2340424
-0.2192279
-0.1992151
-0.1883600
-0.1925157
-0.2050514
-0.2116548
-0.2003933
-0.1706512
-0.1337463
-0.1037801
-0.0869863
-0.0795550
-0.0742672
-0.0675605
-0.0606436
-0.0556170
-0.0513974
-0.0436098
-0.0292059
-0.0113180
0.0019806
0.0048464
-0.0012381
-0.0100676
-0.0168941
-0.0208760
-0.0228656
-0.0228048
-0.0193677
-0.0112640
0.0013394
0.0168471
0.0339552
0.0523812
0.0704632
0.0830371
0.0846696
0.0759560
0.0647006
0.0595334
0.0628839
0.0700595
0.0738050
0.0698580
0.0600425
0.0507685
0.0472222
0.0479614
0.0453428
0.0315776
0.0052590
-0.0260308
-0.0489204
-0.0530295
-0.0401710
-0.0247240
-0.0222427
-0.0364953
-0.0579952
-0.0746395
-0.0828737
-0.0891109
-0.1013760
-0.1195481
-0.1339382
-0.1346742
-0.1225159
-0.1084404
-0.1018869
-0.1015385
-0.0989225
-0.0890440
-0.0754154
-0.0654450
-0.0623760
-0.0616243
-0.0548365
-0.0383893
-0.0178953
-0.0030802
0.0018648
0.0016347
0.0038218
0.0112063
0.0199902
0.0241651
0.0214941
0.0160658
0.0142929
0.0174678
0.0199902
0.0170596
0.0122597
0.0136764
0.0223797
0.0282250
0.0189609
-0.0075862
-0.0412366
-0.0687335
-0.0849031
-0.0949435
-0.1069069
-0.1252213
-0.1549270
-0.2098627
-0.3080567
-0.4526093
-0.6191012
-0.7680710
-0.8736438
-0.9412001
-0.9982598
-1.0676864
-1.1460567
-1.2043321
-1.2095002
-1.1489542
-1.0390861
-0.9155842
-0.8161461
-0.7646186
-0.7602381
-0.7776636
-0.7825125
-0.7537925
-0.6944316
-0.6214467
-0.5472852
-0.4700736
-0.3795380
-0.2713552
-0.1560728
-0.0531012
0.0252870
0.0832376
0.1341644
0.1867929
0.2401914
0.2896503
0.3329765
0.3708997
0.4043184
0.4323429
0.4526168
0.4642409
0.4707700
0.4786377
0.4916825
0.5088381
0.5276756
0.5477129
0.5694024
0.5928398
0.6188209
0.6478882
0.6761044
0.6948309
0.6984440
0.6919730
0.6891127
0.7019178
0.7313891
0.7665300
0.7931469
0.8054999
0.8089253
0.8097941
0.8054878
0.7882310
0.7574777
0.7235380
0.6980134
0.6836621
0.6738371
0.6588807
0.6329399
0.5975561
0.5595125
0.5238248
0.4891954
0.4513904
0.4094875
0.3670624
0.3288803
0.2980631
0.2743849
0.2535098
0.2302350
0.2043845
0.1809769
0.1627965
0.1459980
0.1256649
0.1030455
0.0846059
0.0757987
0.0773299
0.0849761
0.0913584
0.0904924
0.0825737
0.0728178
0.0652107
0.0594416
0.0533772
0.0453958
0.0349433
0.0245102
0.0201360
0.0251905
0.0338953
0.0361047
0.0292527
0.0211714
0.0200697
0.0252788
0.0289070
0.0243875
0.0133839
0.0055219
0.0093392
0.0217768
0.0299399
0.0258996
0.0156032
0.0093599
0.0081726
0.0052860
-0.0017864
-0.0071220
-0.0038059
0.0081970
0.0209937
0.0242868
0.0146743
0.0005583
-0.0062750
-0.0053410
-0.0087903
-0.0260824
-0.0522441
-0.0733574
-0.0787926
-0.0666250
-0.0430189
-0.0189706
-0.0028955
0.0057148
0.0119742
0.0160410
0.0137203
0.0056884
-0.0012004
-0.0024756
0.0000365
0.0024750
0.0011904
-0.0077781
-0.0244936
-0.0414009
-0.0503333
-0.0519875
-0.0528580
-0.0556324
-0.0587284
-0.0617175
-0.0646990
-0.0662571
-0.0681152
-0.0765621
-0.0928062
-0.1080921
-0.1153429
-0.1189068
-0.1255195
-0.1329291
-0.1352982
-0.1330073
-0.1300932
-0.1289269
-0.1325532
-0.1433192
-0.1546651
-0.1554407
-0.1472139
-0.1446822
-0.1538140
-0.1633769
-0.1632902
-0.1565781
-0.1484475
-0.1398016
-0.1358335
-0.1431049
-0.1542301
-0.1547934
-0.1477169
-0.1484582
-0.1553705
-0.1522265
-0.1411905
-0.1404937
-0.1468349
-0.1390309
-0.1244651
-0.1344833
-0.1591686
-0.1396230
-0.0541716
