0.0098745
0.0502576
0.1012071
0.1664193
0.2458575
0.3311359
0.4069297
0.4538076
0.4524844
0.3930777
0.2846278
0.1539297
0.0320315
-0.0602975
-0.1175976
-0.1454723
-0.1534681
-0.1499510
-0.1405530
-0.1290645
-0.1179740
-0.1076495
-0.0966580
-0.0846148
-0.0740371
-0.0677390
-0.0647525
-0.0606143
-0.0521448
-0.0409575
-0.0318576
-0.0282844
-0.0294193
-0.0313585
-0.0310032
-0.0287954
-0.0274721
-0.0285464
-0.0309947
-0.0333136
-0.0352838
-0.0368487
-0.0365953
-0.0330637
-0.0274475
-0.0236874
-0.0251856
-0.0315074
-0.0384689
-0.0416893
-0.0404462
-0.0381036
-0.0384611
-0.0417181
-0.0443368
-0.0426561
-0.0361443
-0.0274122
-0.0198990
-0.0154681
-0.0131146
-0.0094098
-0.0008939
0.0130310
0.0293319
0.0437033
0.0541172
0.0625622
0.0734234
0.0895691
0.1094010
0.1278989
0.1410737
0.1494373
0.1569856
0.1671588
0.1801719
0.1937960
0.2058515
0.2158019
0.2245804
0.2334115
0.2427738
0.2521192
0.2601301
0.2651181
0.2658167
0.2626848
0.2583376
0.2554862
0.2536550
0.2485472
0.2357727
0.2155121
0.1930234
0.1740698
0.1596716
0.1453866
0.1259376
0.1006985
0.0745368
0.0532017
0.0382075
0.0265023
0.0146601
0.0025839
-0.0069274
-0.0114840
-0.0115884
-0.0103137
-0.0110125
-0.0151085
-0.0214723
-0.0275225
-0.0310941
-0.0319083
-0.0318267
-0.0334672
-0.0377213
-0.0423214
-0.0436165
-0.0405087
-0.0362542
-0.0354692
-0.0392584
-0.0440108
-0.0453620
-0.0428630
-0.0401771
-0.0408007
-0.0442659
-0.0469667
-0.0463158
-0.0432696
-0.0406606
-0.0400220
-0.0408501
-0.0422933
-0.0441249
-0.0458824
-0.0464330
-0.0453385
-0.0438469
-0.0432618
-0.0424968
-0.0386676
-0.0309040
-0.0227468
-0.0193661
-0.0221238
-0.0269685
-0.0291093
-0.0285999
-0.0298306
-0.0353621
-0.0419269
-0.0438883
-0.0399406
-0.0347876
-0.0340413
-0.0387776
-0.0457132
-0.0515629
-0.0558542
-0.0598004
-0.0640795
-0.0686324
-0.0736682
-0.0792592
-0.0838035
-0.0845164
-0.0808360
-0.0767269
-0.0778404
-0.0857467
-0.0959695
-0.1025656
-0.1040768
-0.1040326
-0.1058574
-0.1084872
-0.1076188
-0.1007470
-0.0902094
-0.0811854
-0.0771243
-0.0772626
-0.0781226
-0.0768801
-0.0734306
-0.0699373
-0.0687622
-0.0703653
-0.0726434
-0.0724957
-0.0686334
-0.0629818
-0.0589982
-0.0585218
-0.0604707
-0.0624874
-0.0633453
-0.0636119
-0.0645544
-0.0670063
-0.0710936
-0.0762104
-0.0807700
-0.0825685
-0.0805437
-0.0765920
-0.0747783
-0.0776557
-0.0834448
-0.0878568
-0.0890155
-0.0895845
-0.0931161
-0.0988541
-0.1015595
-0.0970434
-0.0871031
-0.0780568
-0.0744391
-0.0748991
-0.0746377
-0.0711864
-0.0668176
-0.0652406
-0.0669379
-0.0685668
-0.0666404
-0.0610238
-0.0547712
-0.0511774
-0.0512276
-0.0533716
-0.0552257
-0.0556008
-0.0553022
-0.0560701
-0.0585448
-0.0612151
-0.0616398
-0.0590140
-0.0554707
-0.0544073
-0.0572024
-0.0618097
-0.0650433
-0.0661693
-0.0675953
-0.0716789
-0.0774032
-0.0810148
-0.0800884
-0.0764006
-0.0742705
-0.0760799
-0.0798168
-0.0813128
-0.0787411
-0.0744286
-0.0719825
-0.0720103
-0.0713245
-0.0665365
-0.0580051
-0.0498532
-0.0461649
-0.0473488
-0.0501094
-0.0507227
-0.0483788
-0.0456618
-0.0459657
-0.0501891
-0.0555021
-0.0573287
-0.0532127
-0.0454524
-0.0397624
-0.0404011
-0.0461015
-0.0513390
-0.0522354
-0.0507903
-0.0523034
-0.0585875
-0.0649606
-0.0650108
-0.0579796
-0.0501747
-0.0484847
-0.0531905
-0.0581695
-0.0581286
-0.0545020
-0.0533658
-0.0579920
-0.0646054
-0.0659789
-0.0587766
-0.0469073
-0.0377790
-0.0355120
-0.0376899
-0.0384532
-0.0346754
-0.0290925
-0.0272174
-0.0311181
-0.0365854
-0.0369647
-0.0299479
-0.0202583
-0.0152910
-0.0181538
-0.0252558
-0.0306304
-0.0320176
-0.0323041
-0.0354872
-0.0421602
-0.0491363
-0.0526926
-0.0516437
-0.0479295
-0.0452348
-0.0468434
-0.0534417
-0.0621016
-0.0680606
-0.0687969
-0.0667095
-0.0669760
-0.0720318
-0.0784725
-0.0802476
-0.0750621
-0.0668757
-0.0615560
-0.0606096
-0.0601016
-0.0556982
-0.0477494
-0.0407372
-0.0381508
-0.0386916
-0.0376808
-0.0318797
-0.0228337
-0.0156643
-0.0145024
-0.0186940
-0.0233054
-0.0237302
-0.0202482
-0.0178902
-0.0211566
-0.0286038
-0.0332832
-0.0294023
-0.0186304
-0.0091230
-0.0078941
-0.0144268
-0.0218723
-0.0236264
-0.0176495
-0.0045147
0.0173687
0.0534272
0.1096361
0.1871015
0.2780021
0.3646615
0.4228236
0.4299356
0.3763683
0.2729512
0.1478032
0.0325814
-0.0525474
-0.1044220
-0.1307168
-0.1399333
-0.1366919
-0.1239477
-0.1065340
-0.0907081
-0.0802413
-0.0738529
-0.0672495
-0.0579794
-0.0481900
-0.0423653
-0.0422439
-0.0442206
-0.0422588
-0.0337333
-0.0223227
-0.0147416
-0.0143687
-0.0182396
-0.0205028
-0.0185720
-0.0153504
-0.0153851
-0.0195395
-0.0240635
-0.0246912
-0.0210301
-0.0168155
-0.0163028
-0.0205744
-0.0268768
-0.0310541
-0.0308355
-0.0274316
-0.0242297
-0.0235262
-0.0240420
-0.0217794
-0.0139303
-0.0021843
0.0082944
0.0136926
0.0152629
0.0178498
0.0248110
0.0348958
0.0441833
0.0504195
0.0549561
0.0609087
0.0702747
0.0828592
0.0970333
0.1107655
0.1223731
0.1314509
0.1395586
0.1492579
0.1615220
0.1742009
0.1840289
0.1906414
0.1979094
0.2103024
0.2278186
0.2451875
0.2565346
0.2606632
0.2615427
0.2638693
0.2685195
0.2722696
0.2714949
0.2658840
0.2587411
0.2539196
0.2522781
0.2506545
0.2441860
0.2301646
0.2102814
0.1892277
0.1707701
0.1549799
0.1393187
0.1222676
0.1054496
0.0920245
0.0833889
0.0778545
0.0723532
0.0649135
0.0555094
0.0453187
0.0358928
0.0287473
0.0246462
0.0226141
0.0202281
0.0159775
0.0115205
0.0105929
0.0147319
0.0203926
0.0215155
0.0157098
0.0075794
0.0051698
0.0127202
0.0269124
0.0402825
0.0483527
0.0538149
0.0645638
0.0882564
0.1282882
0.1832471
0.2480895
0.3146355
0.3713560
0.4045335
0.4023738
0.3610066
0.2886456
0.2037923
0.1266291
0.0682960
0.0259521
-0.0119207
-0.0540602
-0.0988064
-0.1369796
-0.1617063
-0.1747992
-0.1833116
-0.1907431
-0.1931326
-0.1843942
-0.1645287
-0.1412235
-0.1231933
-0.1128553
-0.1059744
-0.0976093
-0.0872692
-0.0783664
-0.0739056
-0.0735829
-0.0745347
-0.0737624
-0.0696783
-0.0624893
-0.0542085
-0.0479757
-0.0459859
-0.0472645
-0.0479943
-0.0449683
-0.0388950
-0.0337632
-0.0326002
-0.0340784
-0.0336174
-0.0278270
-0.0177551
-0.0078832
-0.0021483
-0.0008488
-0.0009826
0.0007456
0.0050854
0.0098732
0.0122710
0.0116719
0.0106922
0.0131047
0.0203612
0.0300356
0.0379264
0.0418405
0.0432590
0.0453899
0.0499432
0.0559464
0.0612789
0.0648008
0.0670248
0.0694011
0.0734730
0.0803864
0.0902778
0.1015837
0.1113546
0.1171461
0.1191059
0.1200405
0.1230717
0.1290396
0.1360614
0.1414020
0.1437303
0.1439096
0.1440118
0.1455143
0.1479974
0.1493101
0.1472147
0.1412445
0.1330120
0.1244445
0.1155964
0.1044875
0.0895316
0.0721868
0.0567704
0.0470998
0.0430545
0.0404903
0.0347019
0.0242547
0.0118370
0.0016237
-0.0044139
-0.0081193
-0.0133377
-0.0221741
-0.0326212
-0.0399176
-0.0407038
-0.0362421
-0.0316084
-0.0315120
-0.0365864
-0.0433698
-0.0475426
-0.0471871
-0.0434975
-0.0391463
-0.0361827
-0.0348505
-0.0336797
-0.0308460
-0.0262214
-0.0223194
-0.0223978
-0.0268324
-0.0317890
-0.0326975
-0.0294486
-0.0271501
-0.0306002
-0.0382422
-0.0429664
-0.0397302
-0.0317108
-0.0276717
-0.0329885
-0.0441084
-0.0524256
-0.0530633
-0.0490674
-0.0472579
-0.0510588
-0.0578104
-0.0622587
-0.0617227
-0.0580501
-0.0555124
-0.0571760
-0.0626420
-0.0685607
-0.0714969
-0.0710042
-0.0700992
-0.0721859
-0.0771529
-0.0809595
-0.0797314
-0.0741266
-0.0688907
-0.0678504
-0.0700109
-0.0711374
-0.0686641
-0.0641105
-0.0607249
-0.0598974
-0.0606128
-0.0616236
-0.0627344
-0.0637267
-0.0633906
-0.0609596
-0.0582100
-0.0586443
-0.0637392
-0.0706630
-0.0747779
-0.0744289
-0.0724057
-0.0723436
-0.0744319
-0.0754772
-0.0729608
-0.0681129
-0.0646177
-0.0648390
-0.0678838
-0.0711330
-0.0729992
-0.0740710
-0.0761700
-0.0806838
-0.0872835
-0.0934429
-0.0953390
-0.0904246
-0.0800797
-0.0693897
-0.0632150
-0.0619773
-0.0617326
-0.0587584
-0.0536437
-0.0502188
-0.0506444
-0.0525620
-0.0517598
-0.0471814
-0.0423061
-0.0413048
-0.0445432
-0.0485318
-0.0500088
-0.0492758
-0.0493757
-0.0526597
-0.0585926
-0.0644171
-0.0672528
-0.0657950
-0.0610902
-0.0563108
-0.0550871
-0.0587752
-0.0649093
-0.0690522
-0.0689723
-0.0669051
-0.0670892
-0.0709921
-0.0755575
-0.0764634
-0.0725875
-0.0667180
-0.0622677
-0.0601934
-0.0592011
-0.0578892
-0.0558119
-0.0529906
-0.0497083
-0.0471424
-0.0470703
-0.0497594
-0.0524186
-0.0511110
-0.0449547
-0.0377659
-0.0345205
-0.0361980
-0.0389720
-0.0388219
-0.0361966
-0.0353147
-0.0390626
-0.0454740
-0.0496581
-0.0487732
-0.0446317
-0.0416287
-0.0426882
-0.0473009
-0.0528362
-0.0570617
-0.0594713
-0.0609658
-0.0628779
-0.0661035
-0.0704400
-0.0743638
-0.0758234
-0.0739579
-0.0703062
-0.0678696
-0.0682990
-0.0698405
-0.0686244
-0.0626403
-0.0544043
-0.0489730
-0.0487605
-0.0505593
-0.0483734
-0.0394933
-0.0274846
-0.0188634
-0.0169142
-0.0189874
-0.0197018
-0.0163493
-0.0110262
-0.0078972
-0.0088704
-0.0119149
-0.0131922
-0.0106957
-0.0061651
-0.0036818
-0.0060279
-0.0119059
-0.0168898
-0.0178331
-0.0165898
-0.0186444
-0.0271912
-0.0387291
-0.0456167
-0.0437412
-0.0372656
-0.0349036
-0.0412845
-0.0525348
-0.0606402
-0.0615556
-0.0583585
-0.0568359
-0.0591905
-0.0625868
-0.0629452
-0.0589764
-0.0526170
-0.0467130
-0.0428431
-0.0405194
-0.0374559
-0.0309964
-0.0206967
-0.0099349
-0.0034735
-0.0015276
0.0039074
0.0252145
0.0701633
0.1364413
0.2147555
0.2953837
0.3691565
0.4221597
0.4339193
0.3871031
0.2830253
0.1475330
0.0189182
-0.0733899
-0.1220328
-0.1381890
-0.1380983
-0.1324767
-0.1247936
-0.1150090
-0.1031417
-0.0906462
-0.0801732
-0.0739815
-0.0715671
-0.0689988
-0.0621035
-0.0512456
-0.0421081
-0.0403101
-0.0451091
-0.0495906
-0.0478519
-0.0413310
-0.0369181
-0.0388107
-0.0434091
-0.0431517
-0.0349601
-0.0237805
-0.0173938
-0.0184221
-0.0222315
-0.0225645
-0.0183481
-0.0143707
-0.0155963
-0.0216350
-0.0271701
-0.0273631
-0.0221717
-0.0154130
-0.0104846
-0.0077598
-0.0057652
-0.0035907
-0.0013242
0.0012740
0.0052350
0.0110935
0.0179603
0.0247718
0.0322040
0.0422180
0.0551318
0.0678775
0.0763446
0.0797435
0.0818903
0.0875022
0.0975045
0.1087453
0.1184251
0.1279350
0.1413840
0.1603003
0.1806599
0.1960660
0.2040436
0.2086236
0.2160842
0.2281476
0.2400196
0.2456770
0.2448537
0.2439618
0.2495340
0.2610267
0.2708562
0.2718972
0.2645559
0.2558830
0.2517491
0.2505247
0.2449430
0.2299843
0.2084006
0.1882988
0.1755201
0.1685110
0.1603716
0.1455748
0.1247731
0.1035613
0.0870005
0.0753440
0.0647199
0.0516072
0.0365693
0.0237924
0.0171174
0.0164293
0.0176965
0.0164806
0.0116529
0.0060250
0.0034410
0.0050057
0.0078713
0.0077805
0.0032062
-0.0027226
-0.0046186
0.0002382
0.0089387
0.0150331
0.0140819
0.0075225
0.0010916
-0.0006696
0.0016083
0.0035181
0.0019487
-0.0016213
-0.0030568
-0.0004801
0.0033712
0.0040972
0.0006983
-0.0030197
-0.0025669
0.0019557
0.0053905
0.0027250
-0.0055032
-0.0135177
-0.0161287
-0.0138623
-0.0119789
-0.0146861
-0.0209593
-0.0262653
-0.0277897
-0.0271865
-0.0281340
-0.0319300
-0.0361447
-0.0374536
-0.0351284
-0.0314764
-0.0293367
-0.0297515
-0.0319761
-0.0349603
-0.0382368
-0.0416902
-0.0452413
-0.0489576
-0.0528556
-0.0561099
-0.0569758
-0.0545140
-0.0505881
-0.0491311
-0.0523817
-0.0580782
-0.0615675
-0.0611868
-0.0605390
-0.0641486
-0.0711090
-0.0747837
-0.0700459
-0.0600440
-0.0539622
-0.0574043
-0.0661479
-0.0707385
-0.0669813
-0.0604082
-0.0596526
-0.0664069
-0.0733932
-0.0724102
-0.0631588
-0.0531747
-0.0495924
-0.0522618
-0.0553103
-0.0543612
-0.0509478
-0.0498671
-0.0533642
-0.0587512
-0.0613630
-0.0590051
-0.0534404
-0.0483432
-0.0463675
-0.0476818
-0.0503285
-0.0517526
-0.0507757
-0.0488220
-0.0488956
-0.0524171
-0.0568173
-0.0570995
-0.0507296
-0.0409538
-0.0344610
-0.0351910
-0.0406290
-0.0445879
-0.0435618
-0.0399177
-0.0387140
-0.0417992
-0.0455666
-0.0446355
-0.0374609
-0.0280109
-0.0218714
-0.0208843
-0.0218351
-0.0203535
-0.0155326
-0.0097902
-0.0035971
0.0093053
0.0403199
0.0983251
0.1822033
0.2792203
0.3690098
0.4290902
0.4398916
0.3906836
0.2863283
0.1498407
0.0151975
-0.0878043
-0.1466160
-0.1675818
-0.1665705
-0.1576375
-0.1478052
-0.1383855
-0.1282705
-0.1161939
-0.1022366
-0.0887324
-0.0790746
-0.0743442
-0.0712846
-0.0650451
-0.0546511
-0.0448308
-0.0411994
-0.0437925
-0.0466151
-0.0441673
-0.0375551
-0.0331221
-0.0352931
-0.0418974
-0.0468809
-0.0466083
-0.0425438
-0.0383014
-0.0356024
-0.0337256
-0.0318008
-0.0301657
-0.0293696
-0.0290184
-0.0284076
-0.0277500
-0.0277596
-0.0279564
-0.0263537
-0.0215739
-0.0149116
-0.0093938
-0.0064994
-0.0043518
0.0002939
0.0084009
0.0174664
0.0241090
0.0275533
0.0303817
0.0360715
0.0460230
0.0587456
0.0713507
0.0816034
0.0890595
0.0950500
0.1018601
0.1113727
0.1237115
0.1369448
0.1485412
0.1576723
0.1661953
0.1770311
0.1911957
0.2063785
0.2186990
0.2261588
0.2304633
0.2352940
0.2425445
0.2501420
0.2537250
0.2507876
0.2433698
0.2365203
0.2337140
0.2334743
0.2305015
0.2203199
0.2030074
0.1825635
0.1629390
0.1449430
0.1268289
0.1072034
0.0868224
0.0678216
0.0519887
0.0400282
0.0316952
0.0256489
0.0193133
0.0101693
-0.0018193
-0.0134653
-0.0211730
-0.0248281
-0.0280714
-0.0340291
-0.0413404
-0.0455282
-0.0443937
-0.0409282
-0.0401078
-0.0434978
-0.0481996
-0.0509903
-0.0520393
-0.0537086
-0.0567630
-0.0594294
-0.0601954
-0.0597849
-0.0592141
-0.0570215
-0.0505070
-0.0401165
-0.0308443
-0.0276455
-0.0298818
-0.0319202
-0.0296655
-0.0252087
-0.0239142
-0.0276441
-0.0324771
-0.0334198
-0.0299831
-0.0260252
-0.0248923
-0.0263303
-0.0283253
-0.0302983
-0.0331257
-0.0367781
-0.0398344
-0.0418341
-0.0445742
-0.0495522
-0.0546543
-0.0553297
-0.0500043
-0.0432526
-0.0419950
-0.0483345
-0.0571826
-0.0615415
-0.0594936
-0.0552992
-0.0541453
-0.0569956
-0.0607492
-0.0621897
-0.0607101
-0.0577691
-0.0552411
-0.0547615
-0.0573575
-0.0622510
