0.4278069
0.4514181
0.4670827
0.4826493
0.5081870
0.5437839
0.5772405
0.5954790
0.5965936
0.5892835
0.5823175
0.5771660
0.5698398
0.5556976
0.5306348
0.4911116
0.4378332
0.3795984
0.3292027
0.2923562
0.2618817
0.2254241
0.1785725
0.1283123
0.0841520
0.0493886
0.0223434
0.0019929
-0.0127474
-0.0284793
-0.0555672
-0.0964078
-0.1380073
-0.1621145
-0.1645525
-0.1609601
-0.1703598
-0.1949075
-0.2193448
-0.2296044
-0.2273361
-0.2243908
-0.2274301
-0.2330475
-0.2367378
-0.2402444
-0.2465798
-0.2513749
-0.2448911
-0.2236984
-0.1969155
-0.1784475
-0.1742864
-0.1790371
-0.1833257
-0.1818143
-0.1746366
-0.1651426
-0.1583813
-0.1586896
-0.1646293
-0.1670662
-0.1568586
-0.1361848
-0.1187111
-0.1152659
-0.1215482
-0.1244401
-0.1198425
-0.1182221
-0.1292114
-0.1458121
-0.1518028
-0.1451360
-0.1451882
-0.1693764
-0.2061193
-0.2214605
-0.1970323
-0.1550191
-0.1373526
-0.1610001
-0.2012508
-0.2216239
-0.2134553
-0.1991863
-0.2000761
-0.2113015
-0.2136716
-0.2024821
-0.1938478
-0.2010319
-0.2137077
-0.2088922
-0.1802651
-0.1483607
-0.1384655
-0.1532414
-0.1720669
-0.1753496
-0.1639718
-0.1539395
-0.1569230
-0.1700607
-0.1826511
-0.1875611
-0.1846100
-0.1767919
-0.1674229
-0.1603506
-0.1588709
-0.1623798
-0.1659563
-0.1653263
-0.1613884
-0.1582160
-0.1577029
-0.1587970
-0.1617673
-0.1695096
-0.1819846
-0.1912086
-0.1859365
-0.1633767
-0.1349889
-0.1185070
-0.1233044
-0.1434133
-0.1639762
-0.1733853
-0.1699772
-0.1600593
-0.1516865
-0.1489021
-0.1488152
-0.1436846
-0.1282406
-0.1062073
-0.0877935
-0.0792583
-0.0768433
-0.0735157
-0.0701139
-0.0750369
-0.0910908
-0.1069918
-0.1078526
-0.0945800
-0.0871259
-0.1032936
-0.1358136
-0.1563976
-0.1452810
-0.1134983
-0.0921838
-0.1010794
-0.1310861
-0.1571837
-0.1637506
-0.1551031
-0.1453780
-0.1436562
-0.1492654
-0.1566862
-0.1608951
-0.1587345
-0.1489349
-0.1330809
-0.1156512
-0.1014167
-0.0924058
-0.0871785
-0.0815782
-0.0695002
-0.0457936
-0.0125208
0.0181027
0.0328566
0.0345355
0.0487727
0.1096105
0.2363643
0.4248648
0.6581857
0.9176150
1.1762403
1.3845151
1.4747906
1.3945019
1.1432319
0.7789037
0.3868748
0.0400708
-0.2203500
-0.3821535
-0.4542714
-0.4621128
-0.4386124
-0.4082846
-0.3770196
-0.3392656
-0.2942900
-0.2516560
-0.2202064
-0.1968338
-0.1716526
-0.1435648
-0.1245151
-0.1243243
-0.1345971
-0.1340092
-0.1109302
-0.0764026
-0.0516537
-0.0454177
-0.0473958
-0.0428562
-0.0288800
-0.0144478
-0.0079791
-0.0088073
-0.0106705
-0.0097754
-0.0067389
-0.0021694
0.0056074
0.0166255
0.0255229
0.0251622
0.0144284
0.0002750
-0.0091016
-0.0120712
-0.0137961
-0.0196221
-0.0293260
-0.0374808
-0.0381869
-0.0288913
-0.0106948
0.0127137
0.0350315
0.0484084
0.0492284
0.0449617
0.0517301
0.0797158
0.1202153
0.1514809
0.1611733
0.1621837
0.1826995
0.2387096
0.3173139
0.3886278
0.4335751
0.4583871
0.4827939
0.5183575
0.5611746
0.6021741
0.6376722
0.6681540
0.6925095
0.7092815
0.7223594
0.7395906
0.7626841
0.7807216
0.7775047
0.7468472
0.6995531
0.6537932
0.6182828
0.5853729
0.5403218
0.4762067
0.3999298
0.3259289
0.2656639
0.2215859
0.1880462
0.1567175
0.1222956
0.0846671
0.0470591
0.0134358
-0.0126134
-0.0293699
-0.0400758
-0.0532765
-0.0759562
-0.1041073
-0.1221389
-0.1155130
-0.0860790
-0.0538756
-0.0409428
-0.0514243
-0.0681541
-0.0702607
-0.0539103
-0.0345102
-0.0292286
-0.0399055
-0.0537768
-0.0581832
-0.0517928
-0.0420829
-0.0349991
-0.0295521
-0.0225825
-0.0164760
-0.0189167
-0.0337390
-0.0544101
-0.0699597
-0.0774042
-0.0850233
-0.1012509
-0.1220499
-0.1325577
-0.1227017
-0.1001395
-0.0855560
-0.0935958
-0.1186160
-0.1403351
-0.1433821
-0.1300119
-0.1142146
-0.1066778
-0.1074620
-0.1105165
-0.1107123
-0.1057488
-0.0950148
-0.0802951
-0.0675113
-0.0644831
-0.0736818
-0.0869614
-0.0906988
-0.0793421
-0.0630427
-0.0582289
-0.0694386
-0.0833122
-0.0829438
-0.0667056
-0.0502278
-0.0499168
-0.0668467
-0.0879225
-0.1012343
-0.1077158
-0.1170279
-0.1343122
-0.1540861
-0.1670030
-0.1689334
-0.1615204
-0.1474918
-0.1302781
-0.1172531
-0.1172887
-0.1315253
-0.1490480
-0.1559652
-0.1497601
-0.1425165
-0.1480005
-0.1658835
-0.1806178
-0.1768618
-0.1546697
-0.1280259
-0.1100838
-0.1030863
-0.1021911
-0.1039349
-0.1075062
-0.1107870
-0.1105423
-0.1073594
-0.1066718
-0.1121025
-0.1189739
-0.1176137
-0.1048445
-0.0907938
-0.0910390
-0.1104117
-0.1365285
-0.1518621
-0.1513980
-0.1457478
-0.1471905
-0.1560613
-0.1623808
-0.1583862
-0.1467323
-0.1367781
-0.1349476
-0.1396511
-0.1446186
-0.1453886
-0.1418532
-0.1363772
-0.1323518
-0.1342502
-0.1446539
-0.1581459
-0.1609781
-0.1420995
-0.1058642
-0.0708720
-0.0538412
-0.0550180
-0.0605066
-0.0585747
-0.0521942
-0.0542925
-0.0710146
-0.0920263
-0.0995692
-0.0865646
-0.0637408
-0.0490484
-0.0520406
-0.0681455
-0.0847058
-0.0911724
-0.0865922
-0.0804805
-0.0853194
-0.1047005
-0.1275742
-0.1361840
-0.1225034
-0.0979647
-0.0853604
-0.0981626
-0.1267498
-0.1470596
-0.1447229
-0.1295719
-0.1246630
-0.1420663
-0.1713094
-0.1904962
-0.1863413
-0.1640697
-0.1410020
-0.1314719
-0.1356369
-0.1409203
-0.1347142
-0.1169165
-0.1004825
-0.0991683
-0.1136160
-0.1289004
-0.1270492
-0.1040402
-0.0745135
-0.0580664
-0.0608175
-0.0720113
-0.0780115
-0.0761326
-0.0735681
-0.0762111
-0.0818677
-0.0834509
-0.0761492
-0.0613928
-0.0457621
-0.0368272
-0.0387966
-0.0501381
-0.0641343
-0.0727768
-0.0731036
-0.0711752
-0.0774522
-0.0953845
-0.1155494
-0.1241843
-0.1178845
-0.1075538
-0.1069500
-0.1186634
-0.1320916
-0.1345673
-0.1241509
-0.1114827
-0.1084121
-0.1147018
-0.1174531
-0.1046503
-0.0779870
-0.0510378
-0.0357123
-0.0313430
-0.0250018
0.0006507
0.0605209
0.1656489
0.3244012
0.5395230
0.7984782
1.0643579
1.2784297
1.3771402
1.3159781
1.0902749
0.7444093
0.3607777
0.0266552
-0.2047912
-0.3317235
-0.3865088
-0.4017957
-0.3904454
-0.3527637
-0.2962884
-0.2426274
-0.2123321
-0.2053554
-0.2017355
-0.1840818
-0.1563144
-0.1367586
-0.1348211
-0.1394724
-0.1319101
-0.1065665
-0.0775182
-0.0647424
-0.0747656
-0.0947080
-0.1054039
-0.1001741
-0.0897074
-0.0884503
-0.0980189
-0.1052352
-0.0956052
-0.0679538
-0.0365186
-0.0186879
-0.0191954
-0.0260324
-0.0233560
-0.0084278
0.0062499
0.0078378
-0.0023683
-0.0104952
-0.0041540
0.0163114
0.0389684
0.0511097
0.0498574
0.0436402
0.0436626
0.0538085
0.0683178
0.0779725
0.0783256
0.0741969
0.0777637
0.0999121
0.1401480
0.1855171
0.2221252
0.2477699
0.2714322
0.3009953
0.3341493
0.3620865
0.3805598
0.3962436
0.4219704
0.4648742
0.5185715
0.5676691
0.6006031
0.6179999
0.6294918
0.6442616
0.6640815
0.6823978
0.6893044
0.6802403
0.6614403
0.6446943
0.6350036
0.6249610
0.6027495
0.5642792
0.5160648
0.4674446
0.4218229
0.3755502
0.3242749
0.2692669
0.2166798
0.1714407
0.1344403
0.1059902
0.0876157
0.0768527
0.0637152
0.0388128
0.0056761
-0.0201477
-0.0273506
-0.0220034
-0.0215781
-0.0359521
-0.0562447
-0.0640610
-0.0518314
-0.0319896
-0.0240618
-0.0342059
-0.0509778
-0.0605762
-0.0610150
-0.0595069
-0.0613010
-0.0659768
-0.0718834
-0.0782322
-0.0822174
-0.0787866
-0.0667392
-0.0539734
-0.0528954
-0.0676171
-0.0866365
-0.0928722
-0.0836191
-0.0765991
-0.0904421
-0.1200166
-0.1374835
-0.1206908
-0.0773534
-0.0383713
-0.0284746
-0.0447955
-0.0629577
-0.0624288
-0.0456348
-0.0328638
-0.0399743
-0.0631722
-0.0851710
-0.0923957
-0.0842596
-0.0696620
-0.0593226
-0.0604117
-0.0734687
-0.0920360
-0.1067326
-0.1119127
-0.1101944
-0.1115493
-0.1260270
-0.1532708
-0.1784869
-0.1832100
-0.1636488
-0.1368518
-0.1258386
-0.1383788
-0.1607232
-0.1709718
-0.1584218
-0.1321073
-0.1120059
-0.1110904
-0.1249178
-0.1379037
-0.1375251
-0.1212535
-0.0937255
-0.0631244
-0.0400444
-0.0332458
-0.0420214
-0.0545880
-0.0577782
-0.0497766
-0.0426850
-0.0506704
-0.0735157
-0.0928186
-0.0888831
-0.0634266
-0.0415438
-0.0469523
-0.0771421
-0.1069283
-0.1154945
-0.1060567
-0.0990484
-0.1098582
-0.1351198
-0.1589221
-0.1694210
-0.1674322
-0.1598503
-0.1498349
-0.1380636
-0.1304998
-0.1362881
-0.1549951
-0.1722560
-0.1741352
-0.1639904
-0.1600858
-0.1754499
-0.2023259
-0.2180882
-0.2067437
-0.1741006
-0.1408196
-0.1213502
-0.1130194
-0.1063908
-0.1002148
-0.1001857
-0.1062736
-0.1099942
-0.1063590
-0.1024154
-0.1091081
-0.1262687
-0.1394972
-0.1339141
-0.1111614
-0.0909969
-0.0929333
-0.1157045
-0.1381281
-0.1419948
-0.1310079
-0.1245705
-0.1355867
-0.1577346
-0.1731097
-0.1692842
-0.1493577
-0.1277170
-0.1167813
-0.1178743
-0.1246265
-0.1321430
-0.1390916
-0.1429749
-0.1404246
-0.1343357
-0.1348294
-0.1480394
-0.1659148
-0.1714213
-0.1547959
-0.1237696
-0.0974435
-0.0893535
-0.0955745
-0.1000618
-0.0921663
-0.0769662
-0.0674662
-0.0702185
-0.0814913
-0.0936546
-0.0999300
-0.0951470
-0.0790279
-0.0604973
-0.0538351
-0.0666585
-0.0919418
-0.1130863
-0.1177470
-0.1080354
-0.0973414
-0.0957409
-0.0989581
-0.0939377
-0.0736980
-0.0410608
0.0033909
0.0708958
0.1782284
0.3355466
0.5424766
0.7878751
1.0414404
1.2430916
1.3118607
1.1845914
0.8641312
0.4364326
0.0310560
-0.2529743
-0.3965514
-0.4450982
-0.4518156
-0.4391401
-0.4064334
-0.3573298
-0.3084254
-0.2741079
-0.2514279
-0.2245947
-0.1841680
-0.1390039
-0.1065449
-0.0928374
-0.0875179
-0.0795973
-0.0712256
-0.0705694
-0.0763547
-0.0780212
-0.0709457
-0.0644128
-0.0710380
-0.0906108
-0.1072050
-0.1037625
-0.0804956
-0.0575075
-0.0558836
-0.0758867
-0.0970962
-0.1005168
-0.0868685
-0.0724828
-0.0715956
-0.0843072
-0.0977756
-0.0966424
-0.0751017
-0.0412189
-0.0086529
0.0153683
0.0320138
0.0435767
0.0502585
0.0546510
0.0632824
0.0798664
0.0993528
0.1119427
0.1138943
0.1143548
0.1298649
0.1680656
0.2157006
0.2479399
0.2538262
0.2489330
0.2580810
0.2883495
0.3244793
0.3490997
0.3616384
0.3766770
0.4075706
0.4532526
0.5001369
0.5364911
0.5635679
0.5902176
0.6183361
0.6395925
0.6478141
0.6484498
0.6516271
0.6592295
0.6626347
0.6519153
0.6257253
0.5936192
0.5685560
0.5542242
0.5397108
0.5098523
0.4608979
0.4031932
0.3496723
0.3056826
0.2686955
0.2324054
0.1906796
0.1424699
0.0946527
0.0574424
0.0361434
0.0279845
0.0245540
0.0152677
-0.0072911
-0.0398855
-0.0680434
-0.0783540
-0.0722074
-0.0649932
-0.0717251
-0.0937450
-0.1170591
-0.1232612
-0.1064961
-0.0816987
-0.0716558
-0.0830652
-0.0992335
-0.0990618
-0.0792267
-0.0548193
-0.0422821
-0.0454310
-0.0553259
-0.0599794
-0.0545717
-0.0432864
-0.0314435
-0.0191503
-0.0063390
-0.0001105
-0.0088975
-0.0291461
-0.0455748
-0.0478993
-0.0427402
-0.0459741
-0.0653001
-0.0912822
-0.1045295
-0.0933668
-0.0667067
-0.0472872
-0.0496165
-0.0672645
-0.0838633
-0.0912951
-0.0925185
-0.0921947
-0.0924741
-0.0957727
-0.1039663
-0.1137183
-0.1168479
-0.1067263
-0.0838997
-0.0571829
-0.0392373
-0.0367724
-0.0432972
-0.0453151
-0.0372219
-0.0263787
-0.0229711
-0.0298335
-0.0427985
-0.0547915
-0.0579328
-0.0483931
-0.0330362
-0.0268017
-0.0396445
-0.0673249
-0.0951532
-0.1088030
-0.1042036
-0.0921733
-0.0917180
-0.1123712
-0.1428867
-0.1619758
-0.1595475
-0.1434421
-0.1279744
-0.1219939
-0.1266205
-0.1377787
-0.1496459
-0.1591126
-0.1671776
-0.1749856
-0.1813242
-0.1853683
-0.1871520
-0.1831487
-0.1677034
-0.1430975
-0.1222446
-0.1155938
-0.1190879
-0.1196188
-0.1091387
-0.0903131
-0.0724064
-0.0646231
-0.0692555
-0.0783234
-0.0802494
-0.0713509
-0.0574157
-0.0447434
-0.0355532
-0.0319205
-0.0366131
-0.0478611
-0.0590937
-0.0660519
-0.0704645
-0.0767047
-0.0883697
-0.1060441
-0.1236740
-0.1303897
-0.1225304
-0.1113225
-0.1115489
-0.1242757
-0.1370542
-0.1390718
-0.1298814
-0.1156371
-0.1036012
-0.0992747
-0.1032840
-0.1110629
-0.1176294
-0.1201422
-0.1154429
-0.1019913
-0.0871141
-0.0843256
-0.0976518
-0.1143241
-0.1184162
-0.1074614
-0.0921624
-0.0846009
-0.0892614
-0.0999327
-0.1030702
-0.0901760
-0.0690277
-0.0570425
-0.0623723
-0.0771702
-0.0889561
-0.0913450
-0.0843884
-0.0734782
-0.0690420
-0.0789473
-0.0987699
-0.1149446
-0.1179899
-0.1087110
-0.0944204
-0.0847484
-0.0869183
-0.0974228
-0.1017117
-0.0898721
-0.0697968
-0.0580062
-0.0608315
-0.0709564
-0.0781267
-0.0764365
-0.0651828
-0.0493400
-0.0365572
-0.0298778
-0.0273475
-0.0296670
-0.0395720
-0.0511273
-0.0510610
-0.0373483
-0.0269154
-0.0365776
-0.0622168
-0.0831518
-0.0832579
-0.0652967
-0.0492398
-0.0562120
-0.0867992
-0.1160026
-0.1183605
-0.0969923
-0.0780939
-0.0783702
-0.0895275
-0.0945617
-0.0870568
-0.0722758
-0.0590012
-0.0528934
-0.0521056
-0.0500934
-0.0464691
-0.0490062
-0.0589703
-0.0639943
-0.0561353
-0.0483248
-0.0589319
-0.0846218
-0.1015366
-0.0921334
-0.0625012
-0.0353801
-0.0310633
-0.0501219
-0.0711675
-0.0727300
-0.0595062
-0.0564117
-0.0742671
-0.0954781
-0.0990011
-0.0848518
-0.0661858
-0.0506839
-0.0393564
-0.0334785
-0.0336660
-0.0379246
-0.0442745
-0.0496456
-0.0480029
-0.0388245
-0.0334308
-0.0401328
-0.0472762
-0.0363432
-0.0088310
0.0157642
0.0258934
0.0256117
0.0191275
0.0051710
-0.0131971
-0.0278309
-0.0353827
-0.0383202
-0.0390756
-0.0406735
-0.0456717
-0.0468867
-0.0304731
0.0032654
0.0376180
0.0708092
0.1345326
0.2653930
0.4677953
0.7138573
0.9619765
1.1601114
1.2472425
1.1753657
0.9349622
0.5629992
0.1394494
-0.2307982
-0.4662690
-0.5583212
-0.5620341
-0.5348648
-0.4983855
-0.4535573
-0.4018561
-0.3424633
-0.2719965
-0.1964339
-0.1283840
-0.0726166
-0.0305361
-0.0118562
-0.0197764
-0.0331349
-0.0294127
-0.0180753
-0.0245007
-0.0487185
-0.0670646
-0.0667496
-0.0532629
-0.0335701
-0.0166437
-0.0181152
-0.0400765
-0.0601305
-0.0616686
-0.0563924
-0.0575431
-0.0567046
-0.0488738
-0.0498782
-0.0635720
-0.0638575
-0.0362802
-0.0052740
0.0054517
0.0057489
0.0097559
0.0117487
0.0120464
0.0253719
0.0451359
0.0458160
0.0358376
0.0543316
0.1017365
0.1345692
0.1414441
0.1556499
0.1817198
0.1881917
0.1839613
0.2130720
0.2627266
0.2762179
0.2670887
0.3046598
0.3757182
0.4001958
0.4026276
0.4937998
0.6295877
0.5851386
0.2797863
