-0.0600253
-0.0611089
-0.0889996
-0.1149949
-0.1192081
-0.1040372
-0.0837024
-0.0719133
-0.0755953
-0.0896340
-0.0995954
-0.0980072
-0.0950277
-0.1046130
-0.1233607
-0.1327707
-0.1215571
-0.0973614
-0.0764172
-0.0685852
-0.0725556
-0.0792488
-0.0788154
-0.0689662
-0.0575568
-0.0544766
-0.0616094
-0.0728402
-0.0817096
-0.0859078
-0.0863593
-0.0856459
-0.0863999
-0.0887494
-0.0905956
-0.0918742
-0.0956683
-0.1025112
-0.1064910
-0.1009045
-0.0867828
-0.0729333
-0.0676979
-0.0718009
-0.0782876
-0.0788579
-0.0720669
-0.0660832
-0.0711508
-0.0880001
-0.1054948
-0.1111189
-0.1028238
-0.0902478
-0.0857261
-0.0940497
-0.1089488
-0.1191304
-0.1193359
-0.1154720
-0.1171950
-0.1259893
-0.1332397
-0.1304811
-0.1191644
-0.1092305
-0.1093631
-0.1192279
-0.1302715
-0.1337726
-0.1286792
-0.1214851
-0.1182871
-0.1179363
-0.1131442
-0.0959501
-0.0600201
0.0011204
0.0954195
0.2307100
0.4100734
0.6235244
0.8386417
0.9997470
1.0445814
0.9345260
0.6804631
0.3449003
0.0147532
-0.2399711
-0.3939775
-0.4632416
-0.4792021
-0.4662759
-0.4377168
-0.4021043
-0.3659258
-0.3301896
-0.2898437
-0.2405987
-0.1869598
-0.1419856
-0.1170537
-0.1109790
-0.1104506
-0.1029025
-0.0888447
-0.0803302
-0.0872867
-0.1062302
-0.1223054
-0.1219173
-0.1042660
-0.0818229
-0.0691274
-0.0699186
-0.0753607
-0.0753789
-0.0703542
-0.0695563
-0.0782645
-0.0889051
-0.0868312
-0.0649630
-0.0318790
-0.0044089
0.0085142
0.0143532
0.0285017
0.0575461
0.0923808
0.1184996
0.1318933
0.1436377
0.1689996
0.2123430
0.2623799
0.3023459
0.3257275
0.3422230
0.3675788
0.4076792
0.4536556
0.4924661
0.5204662
0.5455611
0.5772408
0.6163050
0.6548194
0.6852729
0.7084122
0.7310101
0.7561786
0.7776192
0.7848257
0.7734365
0.7491794
0.7215794
0.6946218
0.6637226
0.6214027
0.5658497
0.5037678
0.4440451
0.3885085
0.3305644
0.2647043
0.1968352
0.1427650
0.1142693
0.1059594
0.0968895
0.0675303
0.0175503
-0.0329058
-0.0613888
-0.0640703
-0.0584131
-0.0647136
-0.0859197
-0.1067716
-0.1123368
-0.1055241
-0.1047214
-0.1239380
-0.1565306
-0.1802667
-0.1788995
-0.1574457
-0.1353935
-0.1265866
-0.1281298
-0.1283324
-0.1217604
-0.1137209
-0.1110133
-0.1116830
-0.1064813
-0.0905061
-0.0712524
-0.0625590
-0.0697637
-0.0823190
-0.0829433
-0.0645296
-0.0376619
-0.0214720
-0.0269811
-0.0483369
-0.0691980
-0.0776999
-0.0760079
-0.0758766
-0.0853852
-0.1007092
-0.1110059
-0.1103694
-0.1038433
-0.1016077
-0.1081909
-0.1184612
-0.1245358
-0.1254803
-0.1280886
-0.1373867
-0.1486512
-0.1518294
-0.1437376
-0.1327274
-0.1294013
-0.1346138
-0.1396153
-0.1380538
-0.1347275
-0.1397713
-0.1547969
-0.1680703
-0.1659286
-0.1481104
-0.1288582
-0.1217685
-0.1256997
-0.1278693
-0.1199100
-0.1080135
-0.1060902
-0.1202473
-0.1414093
-0.1531861
-0.1464887
-0.1267002
-0.1075607
-0.0989990
-0.1009941
-0.1080728
-0.1178956
-0.1341102
-0.1604625
-0.1923952
-0.2155686
-0.2151071
-0.1888321
-0.1516362
-0.1246863
-0.1183630
-0.1255550
-0.1316817
-0.1300523
-0.1262786
-0.1287395
-0.1375730
-0.1447957
-0.1440597
-0.1374124
-0.1312018
-0.1276328
-0.1240005
-0.1205876
-0.1249632
-0.1438516
-0.1710115
-0.1878030
-0.1795616
-0.1511303
-0.1236581
-0.1148140
-0.1232067
-0.1335417
-0.1360098
-0.1372003
-0.1496108
-0.1725246
-0.1884990
-0.1817030
-0.1571720
-0.1370738
-0.1365332
-0.1464994
-0.1442051
-0.1199179
-0.0886185
-0.0711488
-0.0644102
-0.0343054
0.0591344
0.2302696
0.4606932
0.7164456
0.9623636
1.1565182
1.2410361
1.1573634
0.8863226
0.4781264
0.0380926
-0.3269874
-0.5600833
-0.6652333
-0.6802540
-0.6433522
-0.5800103
-0.5075747
-0.4395502
-0.3824392
-0.3336616
-0.2875364
-0.2432437
-0.2049835
-0.1753207
-0.1520373
-0.1333605
-0.1236730
-0.1295993
-0.1490867
-0.1676172
-0.1693727
-0.1527517
-0.1323027
-0.1239063
-0.1295952
-0.1384447
-0.1406580
-0.1374038
-0.1359233
-0.1376954
-0.1348549
-0.1193563
-0.0943537
-0.0748853
-0.0767472
-0.1044633
-0.1487107
-0.1928619
-0.2206462
-0.2196542
-0.1825372
-0.1097537
-0.0133397
0.0833032
0.1537092
0.1824216
0.1754819
0.1576454
0.1563108
0.1844640
0.2366532
0.2994690
0.3640491
0.4282453
0.4896978
0.5417730
0.5793520
0.6070128
0.6367379
0.6744375
0.7105571
0.7284713
0.7238682
0.7128718
0.7172100
0.7410165
0.7646930
0.7628842
0.7271303
0.6696496
0.6068644
0.5434864
0.4750285
0.4031352
0.3425685
0.3095879
0.3050650
0.3125336
0.3131762
0.2997961
0.2749690
0.2395045
0.1886312
0.1213498
0.0497808
-0.0057954
-0.0330828
-0.0382804
-0.0409330
-0.0606554
-0.1088239
-0.1868205
-0.2830765
-0.3691927
-0.4077517
-0.3772268
-0.2954487
-0.2141523
-0.1819321
-0.2073017
-0.2566055
-0.2868760
-0.2794655
-0.2440900
-0.1977958
-0.1476013
-0.0936755
-0.0413847
-0.0023152
0.0165940
0.0193381
0.0139055
0.0031269
-0.0132048
-0.0292848
-0.0333596
-0.0207506
-0.0037473
-0.0027102
-0.0253030
-0.0573638
-0.0771892
-0.0777596
-0.0719277
-0.0759842
-0.0922066
-0.1100342
-0.1211333
-0.1279485
-0.1370259
-0.1492160
-0.1605016
-0.1698832
-0.1805581
-0.1918014
-0.1945689
-0.1804221
-0.1542866
-0.1333577
-0.1305496
-0.1414516
-0.1508046
-0.1503322
-0.1457808
-0.1459371
-0.1499743
-0.1500012
-0.1436392
-0.1380663
-0.1400721
-0.1466237
-0.1491803
-0.1452354
-0.1406567
-0.1399376
-0.1389339
-0.1311717
-0.1190692
-0.1133715
-0.1199669
-0.1315358
-0.1361082
-0.1318845
-0.1286742
-0.1339120
-0.1417816
-0.1398522
-0.1247318
-0.1070221
-0.0999957
-0.1063262
-0.1178608
-0.1262289
-0.1301235
-0.1320998
-0.1321618
-0.1279143
-0.1200717
-0.1141423
-0.1150549
-0.1219986
-0.1304669
-0.1381699
-0.1462890
-0.1548164
-0.1597013
-0.1571947
-0.1502351
-0.1476046
-0.1551430
-0.1689177
-0.1789814
-0.1799055
-0.1758214
-0.1742010
-0.1762962
-0.1758127
-0.1666552
-0.1498213
-0.1322351
-0.1210958
-0.1207909
-0.1326373
-0.1530999
-0.1714675
-0.1739041
-0.1550182
-0.1256853
-0.1051707
-0.1024253
-0.1067940
-0.1004056
-0.0792379
-0.0580644
-0.0531143
-0.0635021
-0.0736816
-0.0725855
-0.0651411
-0.0635848
-0.0722326
-0.0852535
-0.0971424
-0.1090522
-0.1227940
-0.1336289
-0.1345239
-0.1265939
-0.1198584
-0.1215601
-0.1277255
-0.1300801
-0.1287366
-0.1322466
-0.1443436
-0.1562570
-0.1564226
-0.1450287
-0.1336403
-0.1305258
-0.1316264
-0.1285079
-0.1208515
-0.1155425
-0.1140252
-0.1057837
-0.0760315
-0.0152550
0.0824622
0.2257335
0.4207817
0.6562507
0.8984740
1.1076625
1.2565371
1.3272192
1.2930183
1.1188609
0.7955394
0.3759078
-0.0341351
-0.3344559
-0.4891333
-0.5318756
-0.5198107
-0.4863616
-0.4351086
-0.3658248
-0.2928309
-0.2354797
-0.1990656
-0.1731075
-0.1477496
-0.1258901
-0.1166997
-0.1210354
-0.1281159
-0.1269852
-0.1179225
-0.1102694
-0.1104246
-0.1150111
-0.1167605
-0.1147676
-0.1158023
-0.1246934
-0.1354654
-0.1348043
-0.1156127
-0.0863415
-0.0650014
-0.0625257
-0.0721253
-0.0760514
-0.0630884
-0.0383490
-0.0152830
0.0003072
0.0157527
0.0408210
0.0743208
0.1042334
0.1209806
0.1277460
0.1357548
0.1508745
0.1682415
0.1812577
0.1931262
0.2158108
0.2571436
0.3117969
0.3669697
0.4153072
0.4592364
0.5027644
0.5429945
0.5732662
0.5937774
0.6147720
0.6461367
0.6849643
0.7167943
0.7305468
0.7302316
0.7295501
0.7355529
0.7403536
0.7299856
0.6992885
0.6557458
0.6095497
0.5632084
0.5125864
0.4558512
0.3974745
0.3423203
0.2888021
0.2315321
0.1707880
0.1159275
0.0767654
0.0526351
0.0327699
0.0080181
-0.0200685
-0.0432299
-0.0577019
-0.0683765
-0.0813660
-0.0953278
-0.1031047
-0.1016362
-0.0973292
-0.0998381
-0.1118911
-0.1274653
-0.1396260
-0.1474273
-0.1537083
-0.1582379
-0.1563223
-0.1448716
-0.1276505
-0.1125878
-0.1044086
-0.1016188
-0.1008973
-0.1023995
-0.1086674
-0.1186134
-0.1249924
-0.1198930
-0.1028284
-0.0823478
-0.0690480
-0.0669888
-0.0716299
-0.0753279
-0.0743599
-0.0709599
-0.0693147
-0.0703017
-0.0706894
-0.0675893
-0.0628789
-0.0618467
-0.0668482
-0.0733569
-0.0740992
-0.0676530
-0.0614911
-0.0646574
-0.0774435
-0.0902029
-0.0935854
-0.0886676
-0.0849455
-0.0887673
-0.0966369
-0.1013913
-0.1023816
-0.1055673
-0.1131938
-0.1175460
-0.1090037
-0.0897224
-0.0750311
-0.0783599
-0.0963370
-0.1123186
-0.1153462
-0.1125290
-0.1199257
-0.1424851
-0.1668203
-0.1754363
-0.1658560
-0.1529010
-0.1524449
-0.1657437
-0.1811555
-0.1890986
-0.1918088
-0.1975068
-0.2078004
-0.2143898
-0.2088435
-0.1931974
-0.1785494
-0.1734234
-0.1754340
-0.1753151
-0.1679709
-0.1578424
-0.1531055
-0.1558599
-0.1592846
-0.1543494
-0.1383188
-0.1164421
-0.0966080
-0.0835824
-0.0773137
-0.0733469
-0.0620166
-0.0278182
0.0468757
0.1738239
0.3524248
0.5691953
0.8002851
1.0108880
1.1525994
1.1694088
1.0205130
0.7108790
0.3050229
-0.0945279
-0.3957125
-0.5599199
-0.6095324
-0.5981400
-0.5700794
-0.5402284
-0.5032985
-0.4556402
-0.4055687
-0.3646393
-0.3337023
-0.3017862
-0.2596682
-0.2122617
-0.1748568
-0.1568349
-0.1514414
-0.1437929
-0.1281543
-0.1141176
-0.1138793
-0.1254500
-0.1323234
-0.1211053
-0.0969862
-0.0788442
-0.0792870
-0.0921742
-0.1009691
-0.0971961
-0.0877708
-0.0842828
-0.0883661
-0.0904320
-0.0820084
-0.0660390
-0.0531821
-0.0495566
-0.0509318
-0.0494347
-0.0435069
-0.0386746
-0.0384878
-0.0369578
-0.0220991
0.0126728
0.0616896
0.1123964
0.1573167
0.1998201
0.2478043
0.3028212
0.3571886
0.4025429
0.4401470
0.4808194
0.5336583
0.5955577
0.6533684
0.6968451
0.7281373
0.7570023
0.7871798
0.8099864
0.8131341
0.7947726
0.7660567
0.7386800
0.7116624
0.6729554
0.6141645
0.5410971
0.4676580
0.4005318
0.3333763
0.2578682
0.1781298
0.1101591
0.0655340
0.0380264
0.0093613
-0.0314629
-0.0766344
-0.1085128
-0.1189748
-0.1178499
-0.1218754
-0.1371345
-0.1542087
-0.1602513
-0.1536177
-0.1450875
-0.1455107
-0.1543584
-0.1614373
-0.1588245
-0.1492500
-0.1419269
-0.1410891
-0.1404637
-0.1300901
-0.1079632
-0.0834082
-0.0682499
-0.0655080
-0.0679812
-0.0676753
-0.0647518
-0.0656891
-0.0733213
-0.0811434
-0.0793193
-0.0659059
-0.0502353
-0.0440909
-0.0502641
-0.0609489
-0.0669818
-0.0668373
-0.0655804
-0.0664187
-0.0659406
-0.0589336
-0.0466421
-0.0379053
-0.0409261
-0.0546669
-0.0698034
-0.0784581
-0.0818381
-0.0872556
-0.0982402
-0.1093478
-0.1116630
-0.1025690
-0.0886869
-0.0791427
-0.0774752
-0.0813192
-0.0888453
-0.1024731
-0.1242962
-0.1492153
-0.1661011
-0.1679463
-0.1599373
-0.1551765
-0.1616916
-0.1750530
-0.1850300
-0.1884678
-0.1929399
-0.2061786
-0.2233200
-0.2278648
-0.2075840
-0.1691499
-0.1349199
-0.1235317
-0.1334886
-0.1464767
-0.1468246
-0.1367714
-0.1319131
-0.1424338
-0.1608241
-0.1694479
-0.1594146
-0.1398446
-0.1276554
-0.1299740
-0.1390121
-0.1439512
-0.1443653
-0.1487578
-0.1607472
-0.1710862
-0.1668379
-0.1477284
-0.1297809
-0.1303430
-0.1504205
-0.1739983
-0.1850500
-0.1832451
-0.1815691
-0.1899339
-0.2039407
-0.2106900
-0.2036025
-0.1888473
-0.1769630
-0.1707976
-0.1644494
-0.1537811
-0.1444000
-0.1457269
-0.1573458
-0.1651484
-0.1548045
-0.1289786
-0.1076913
-0.1088415
-0.1293985
-0.1490557
-0.1533195
-0.1496871
-0.1572309
-0.1809504
-0.2016620
-0.1952917
-0.1604413
-0.1217988
-0.1044491
-0.1085376
-0.1134268
-0.1051511
-0.0932298
-0.0966576
-0.1173077
-0.1346274
-0.1288886
-0.1044613
-0.0843724
-0.0831209
-0.0914239
-0.0906560
-0.0765512
-0.0599307
-0.0420454
0.0039240
0.1184402
0.3195797
0.5818399
0.8490155
1.0634723
1.1822440
1.1746048
1.0219580
0.7344186
0.3681859
0.0144512
-0.2446802
-0.3807684
-0.4253157
-0.4330513
-0.4370651
-0.4348450
-0.4105673
-0.3638600
-0.3140494
-0.2793947
-0.2581346
-0.2335535
-0.1962374
-0.1570152
-0.1355598
-0.1381730
-0.1506516
-0.1542050
-0.1453942
-0.1368256
-0.1388359
-0.1453781
-0.1417581
-0.1243346
-0.1068606
-0.1046192
-0.1158373
-0.1241119
-0.1193479
-0.1106198
-0.1137098
-0.1283440
-0.1347279
-0.1160236
-0.0803134
-0.0541150
-0.0532414
-0.0650033
-0.0631371
-0.0379068
-0.0058368
0.0116661
0.0143791
0.0230323
0.0542752
0.1015950
0.1442318
0.1717556
0.1942383
0.2271172
0.2709591
0.3114403
0.3389192
0.3625414
0.4005293
0.4575714
0.5165117
0.5552987
0.5705777
0.5810907
0.6067556
0.6467401
0.6807018
0.6909878
0.6803550
0.6659654
0.6581742
0.6494004
0.6251139
0.5823112
0.5328637
0.4886710
0.4479901
0.4000388
0.3414336
0.2830203
0.2380140
0.2062955
0.1748118
0.1337642
0.0883534
0.0516115
0.0278566
0.0078944
-0.0182986
-0.0480142
-0.0687116
-0.0734368
-0.0691763
-0.0681769
-0.0740100
-0.0799435
-0.0803863
-0.0793635
-0.0848566
-0.0972185
-0.1077768
-0.1098644
-0.1075930
-0.1104007
-0.1203036
-0.1287705
-0.1277752
-0.1208974
-0.1198423
-0.1302371
-0.1442091
-0.1486460
-0.1386034
-0.1199400
-0.0999725
-0.0798012
-0.0578537
-0.0377390
-0.0274168
-0.0291558
-0.0336642
-0.0279101
-0.0089036
0.0126252
0.0231767
0.0195002
0.0094623
0.0015341
-0.0036466
-0.0105741
-0.0204372
-0.0284825
-0.0300177
-0.0266411
-0.0247498
-0.0289206
-0.0389977
-0.0537491
-0.0743577
-0.1012413
-0.1279521
-0.1422349
-0.1366926
-0.1181616
-0.1034181
-0.1035871
-0.1138784
-0.1205364
-0.1170110
-0.1100982
-0.1089878
-0.1116364
-0.1066572
-0.0892665
-0.0710134
-0.0694419
-0.0885599
-0.1133343
-0.1253733
-0.1217717
-0.1156373
-0.1190400
-0.1294443
-0.1347971
-0.1290466
-0.1184617
-0.1125019
-0.1125465
-0.1127851
-0.1104537
-0.1105916
-0.1187154
-0.1314670
-0.1383290
-0.1332164
-0.1218803
-0.1160202
-0.1212159
-0.1327606
-0.1430454
-0.1501237
-0.1569659
-0.1638254
-0.1649858
-0.1549139
-0.1361530
-0.1185848
-0.1102388
-0.1101790
-0.1113994
-0.1096558
-0.1075272
-0.1093469
-0.1137987
-0.1135744
-0.1029188
-0.0845698
-0.0681811
-0.0617320
-0.0649174
-0.0710554
-0.0747412
-0.0765999
-0.0802421
-0.0856057
-0.0871082
-0.0795195
-0.0651738
-0.0538044
-0.0541386
-0.0658546
-0.0805467
-0.0905164
-0.0956850
-0.1015062
-0.1112081
-0.1216533
-0.1270323
-0.1252573
-0.1195495
-0.1143261
-0.1112094
-0.1097471
-0.1106406
-0.1159638
-0.1251176
-0.1315870
-0.1259373
-0.1039241
-0.0721618
-0.0447268
-0.0319868
-0.0302277
-0.0201652
0.0251171
0.1290624
0.3031697
0.5413345
