0.2242734
0.2403176
0.2606914
0.2913178
0.3302606
0.3679071
0.3950948
0.4125098
0.4315976
0.4648673
0.5144311
0.5697102
0.6160640
0.6458147
0.6621840
0.6743684
0.6893534
0.7070395
0.7214286
0.7263650
0.7216341
0.7145778
0.7148756
0.7256223
0.7383615
0.7380139
0.7152041
0.6752860
0.6343749
0.6042764
0.5802687
0.5450085
0.4865484
0.4129013
0.3470296
0.3054693
0.2819126
0.2536836
0.2056014
0.1464497
0.1000903
0.0802948
0.0762288
0.0639411
0.0310173
-0.0117197
-0.0422847
-0.0491265
-0.0405024
-0.0349706
-0.0448563
-0.0680036
-0.0923216
-0.1065073
-0.1081040
-0.1043504
-0.1060386
-0.1182252
-0.1345930
-0.1414789
-0.1300036
-0.1056163
-0.0847579
-0.0806026
-0.0914574
-0.1029810
-0.1014440
-0.0851096
-0.0641429
-0.0508014
-0.0492847
-0.0532428
-0.0519846
-0.0399491
-0.0218586
-0.0091080
-0.0098161
-0.0210661
-0.0312443
-0.0313543
-0.0243098
-0.0219817
-0.0325297
-0.0516289
-0.0670663
-0.0712546
-0.0681778
-0.0686566
-0.0802818
-0.1018206
-0.1254332
-0.1431017
-0.1521741
-0.1567977
-0.1642377
-0.1780435
-0.1935852
-0.2014445
-0.1972354
-0.1880475
-0.1868952
-0.1994221
-0.2175796
-0.2282978
-0.2273542
-0.2221281
-0.2209300
-0.2230814
-0.2214812
-0.2124951
-0.1998311
-0.1890316
-0.1817005
-0.1767039
-0.1741444
-0.1745132
-0.1746080
-0.1688433
-0.1572542
-0.1492895
-0.1547613
-0.1704845
-0.1802440
-0.1713426
-0.1495886
-0.1346436
-0.1404391
-0.1622879
-0.1831648
-0.1899292
-0.1824186
-0.1697358
-0.1612068
-0.1603808
-0.1636856
-0.1623568
-0.1480014
-0.1206639
-0.0922467
-0.0778971
-0.0797036
-0.0786431
-0.0446951
0.0448252
0.1972941
0.4102774
0.6741773
0.9601422
1.2062049
1.3273547
1.2559227
0.9859235
0.5848545
0.1612541
-0.1881322
-0.4153008
-0.5244988
-0.5515798
-0.5383704
-0.5137926
-0.4855441
-0.4446317
-0.3813517
-0.3016135
-0.2285523
-0.1861462
-0.1794543
-0.1905509
-0.1944462
-0.1800680
-0.1569969
-0.1431298
-0.1467736
-0.1602548
-0.1686885
-0.1630890
-0.1461706
-0.1287950
-0.1221111
-0.1304891
-0.1486305
-0.1651553
-0.1713959
-0.1687190
-0.1671753
-0.1755553
-0.1915643
-0.2018349
-0.1929051
-0.1635172
-0.1264150
-0.0976706
-0.0838524
-0.0787774
-0.0712217
-0.0551480
-0.0339723
-0.0167229
-0.0095511
-0.0090974
-0.0039755
0.0155023
0.0481936
0.0835505
0.1127168
0.1372029
0.1655135
0.2020302
0.2413713
0.2747380
0.3002273
0.3243227
0.3532636
0.3865208
0.4214487
0.4612750
0.5120372
0.5698425
0.6170376
0.6377562
0.6372776
0.6404509
0.6671998
0.7111782
0.7460542
0.7531381
0.7396813
0.7278808
0.7284972
0.7301758
0.7153105
0.6807588
0.6378876
0.5950306
0.5476967
0.4889006
0.4233761
0.3646536
0.3183823
0.2749697
0.2231094
0.1677747
0.1280622
0.1142195
0.1110633
0.0906961
0.0427840
-0.0126429
-0.0460184
-0.0493727
-0.0428359
-0.0511938
-0.0785770
-0.1079002
-0.1215420
-0.1182905
-0.1103676
-0.1085760
-0.1143059
-0.1245712
-0.1388633
-0.1570602
-0.1735543
-0.1799981
-0.1760599
-0.1732423
-0.1835024
-0.2045675
-0.2200823
-0.2160228
-0.1957717
-0.1773498
-0.1756295
-0.1883169
-0.2000549
-0.1991670
-0.1884232
-0.1795825
-0.1804398
-0.1891428
-0.1984976
-0.2015764
-0.1933733
-0.1721833
-0.1434623
-0.1207701
-0.1176295
-0.1347137
-0.1560457
-0.1621884
-0.1501063
-0.1379412
-0.1457421
-0.1710626
-0.1884206
-0.1764760
-0.1432036
-0.1194813
-0.1275525
-0.1595059
-0.1882692
-0.1964490
-0.1906790
-0.1888098
-0.1985285
-0.2124022
-0.2210232
-0.2238889
-0.2246414
-0.2215396
-0.2101670
-0.1948394
-0.1894219
-0.2022582
-0.2241216
-0.2368259
-0.2337113
-0.2270823
-0.2330384
-0.2514080
-0.2643832
-0.2554971
-0.2270269
-0.1965000
-0.1781848
-0.1719697
-0.1699018
-0.1678421
-0.1670620
-0.1683041
-0.1704858
-0.1751477
-0.1863164
-0.2026700
-0.2131228
-0.2054294
-0.1805527
-0.1556236
-0.1493743
-0.1642754
-0.1851734
-0.1964138
-0.1977977
-0.2012033
-0.2136575
-0.2285439
-0.2342573
-0.2272321
-0.2137724
-0.2020231
-0.1960198
-0.1965351
-0.2031655
-0.2132895
-0.2212236
-0.2222481
-0.2188504
-0.2205221
-0.2337226
-0.2516661
-0.2576788
-0.2414938
-0.2106146
-0.1828948
-0.1690500
-0.1654148
-0.1628220
-0.1578200
-0.1531148
-0.1504640
-0.1476116
-0.1426463
-0.1380361
-0.1372471
-0.1378603
-0.1319440
-0.1163539
-0.1008489
-0.1010731
-0.1217145
-0.1497827
-0.1673544
-0.1695241
-0.1674149
-0.1744312
-0.1920438
-0.2092690
-0.2143303
-0.2059526
-0.1938261
-0.1889154
-0.1939390
-0.2030898
-0.2094219
-0.2110209
-0.2108576
-0.2127153
-0.2172737
-0.2202701
-0.2140363
-0.1926090
-0.1569046
-0.1153117
-0.0793231
-0.0572791
-0.0482453
-0.0378400
-0.0002299
0.0917652
0.2544274
0.4868583
0.7702862
1.0661916
1.3133023
1.4347980
1.3654771
1.0906894
0.6698146
0.2181976
-0.1497164
-0.3776669
-0.4817537
-0.5152086
-0.5208296
-0.5115410
-0.4837899
-0.4378061
-0.3830223
-0.3307017
-0.2877026
-0.2572182
-0.2405980
-0.2349119
-0.2311737
-0.2212352
-0.2088531
-0.2087047
-0.2282287
-0.2520892
-0.2521599
-0.2162957
-0.1634399
-0.1265811
-0.1222193
-0.1389144
-0.1537013
-0.1551646
-0.1492901
-0.1469124
-0.1509296
-0.1567646
-0.1601828
-0.1592494
-0.1505184
-0.1309341
-0.1064112
-0.0921303
-0.0974663
-0.1126203
-0.1170534
-0.1025126
-0.0825068
-0.0755738
-0.0821091
-0.0826593
-0.0600156
-0.0192867
0.0176194
0.0363709
0.0441128
0.0571137
0.0798687
0.1028907
0.1193566
0.1355159
0.1612778
0.1966063
0.2334490
0.2687676
0.3087732
0.3582478
0.4103468
0.4521361
0.4801966
0.5059197
0.5414895
0.5830460
0.6141604
0.6277074
0.6380135
0.6653145
0.7106353
0.7525985
0.7697824
0.7610635
0.7416251
0.7229504
0.7012734
0.6655344
0.6131881
0.5553178
0.5060338
0.4688552
0.4349488
0.3932024
0.3396636
0.2784897
0.2178495
0.1655680
0.1245042
0.0894072
0.0507557
0.0046353
-0.0420453
-0.0778715
-0.0976639
-0.1060678
-0.1120372
-0.1212779
-0.1329108
-0.1413984
-0.1413414
-0.1316477
-0.1167405
-0.1047651
-0.1031928
-0.1124629
-0.1225074
-0.1192858
-0.0988278
-0.0733726
-0.0595596
-0.0607306
-0.0644867
-0.0581576
-0.0431755
-0.0323132
-0.0346797
-0.0457069
-0.0520887
-0.0455674
-0.0307340
-0.0189436
-0.0164008
-0.0207058
-0.0278814
-0.0379919
-0.0519704
-0.0669924
-0.0791492
-0.0894212
-0.1032536
-0.1232399
-0.1437315
-0.1541143
-0.1487442
-0.1346115
-0.1277242
-0.1388652
-0.1623295
-0.1809374
-0.1830218
-0.1729931
-0.1649234
-0.1674258
-0.1752013
-0.1742357
-0.1557812
-0.1269605
-0.1068036
-0.1090257
-0.1282131
-0.1449343
-0.1449902
-0.1323837
-0.1233638
-0.1289880
-0.1436599
-0.1503285
-0.1376331
-0.1122529
-0.0929336
-0.0918635
-0.1039591
-0.1150632
-0.1174308
-0.1149863
-0.1163737
-0.1265042
-0.1435811
-0.1607011
-0.1700629
-0.1683995
-0.1601553
-0.1551805
-0.1619257
-0.1805246
-0.2010992
-0.2110432
-0.2075559
-0.2025645
-0.2113663
-0.2351512
-0.2573717
-0.2588454
-0.2354368
-0.2015010
-0.1783855
-0.1788091
-0.1980986
-0.2183564
-0.2231943
-0.2109253
-0.1941312
-0.1868278
-0.1921285
-0.2006279
-0.1991336
-0.1822545
-0.1576565
-0.1396955
-0.1366574
-0.1445976
-0.1535834
-0.1576213
-0.1576401
-0.1579349
-0.1620904
-0.1700497
-0.1765641
-0.1744365
-0.1621835
-0.1474704
-0.1405750
-0.1448559
-0.1548469
-0.1625276
-0.1640116
-0.1612080
-0.1587662
-0.1595204
-0.1621644
-0.1625228
-0.1558653
-0.1385112
-0.1110595
-0.0823194
-0.0652455
-0.0620548
-0.0536891
-0.0097018
0.0905710
0.2507936
0.4689738
0.7425005
1.0486340
1.3199978
1.4543036
1.3698197
1.0683011
0.6478021
0.2457265
-0.0435999
-0.2085112
-0.2928067
-0.3414237
-0.3714336
-0.3797602
-0.3626712
-0.3255245
-0.2813408
-0.2440813
-0.2208162
-0.2082458
-0.1980354
-0.1868429
-0.1805944
-0.1875095
-0.2057680
-0.2190323
-0.2084047
-0.1723248
-0.1322271
-0.1132606
-0.1191510
-0.1300793
-0.1254005
-0.1039637
-0.0813663
-0.0722311
-0.0777975
-0.0873447
-0.0882391
-0.0757135
-0.0555133
-0.0380289
-0.0299206
-0.0304898
-0.0335655
-0.0318002
-0.0220715
-0.0092437
-0.0021181
-0.0023274
0.0007691
0.0198623
0.0543231
0.0879791
0.1032178
0.0969939
0.0837271
0.0823321
0.0981733
0.1177021
0.1243321
0.1202936
0.1277685
0.1648318
0.2235506
0.2763934
0.3036349
0.3116477
0.3244182
0.3589592
0.4095857
0.4560659
0.4864030
0.5091625
0.5420315
0.5915083
0.6475625
0.6956502
0.7285674
0.7477394
0.7594848
0.7714921
0.7874227
0.8015050
0.8011718
0.7782978
0.7379043
0.6950141
0.6623194
0.6392331
0.6121435
0.5672833
0.5045992
0.4370278
0.3755180
0.3186401
0.2593762
0.1981715
0.1445849
0.1070639
0.0840831
0.0649486
0.0384442
0.0028376
-0.0314637
-0.0518878
-0.0578775
-0.0623115
-0.0769239
-0.0988771
-0.1138123
-0.1102297
-0.0894507
-0.0635591
-0.0452292
-0.0383484
-0.0374427
-0.0359426
-0.0331433
-0.0318680
-0.0326592
-0.0338780
-0.0346607
-0.0329600
-0.0232972
-0.0033161
0.0177217
0.0241654
0.0106486
-0.0106575
-0.0227565
-0.0221535
-0.0220157
-0.0364893
-0.0626022
-0.0804443
-0.0747853
-0.0553182
-0.0492509
-0.0714002
-0.1069602
-0.1280549
-0.1235569
-0.1080079
-0.1036031
-0.1178835
-0.1383837
-0.1462511
-0.1352379
-0.1180630
-0.1128368
-0.1235053
-0.1364915
-0.1365851
-0.1224988
-0.1062301
-0.1009000
-0.1101572
-0.1258185
-0.1344247
-0.1288680
-0.1147618
-0.1038354
-0.1018063
-0.1050761
-0.1076557
-0.1075131
-0.1068768
-0.1097385
-0.1181692
-0.1280104
-0.1300003
-0.1193087
-0.1029666
-0.0939618
-0.0984376
-0.1115891
-0.1250210
-0.1349854
-0.1438325
-0.1553244
-0.1679879
-0.1732243
-0.1632762
-0.1418414
-0.1223153
-0.1133661
-0.1105295
-0.1045572
-0.0931119
-0.0794028
-0.0612704
-0.0247796
0.0526650
0.1934384
0.4084773
0.6868111
0.9897991
1.2522830
1.3943464
1.3502995
1.1085608
0.7320528
0.3316953
0.0072206
-0.1976650
-0.2962321
-0.3285631
-0.3307338
-0.3211506
-0.3043459
-0.2820514
-0.2585813
-0.2369474
-0.2157465
-0.1942793
-0.1776008
-0.1716037
-0.1744047
-0.1764581
-0.1689520
-0.1510579
-0.1314257
-0.1232206
-0.1327785
-0.1507204
-0.1595207
-0.1535743
-0.1467408
-0.1549632
-0.1751353
-0.1870626
-0.1755290
-0.1466455
-0.1219734
-0.1172137
-0.1260479
-0.1261936
-0.1037482
-0.0693497
-0.0458372
-0.0418912
-0.0439824
-0.0336045
-0.0056767
0.0307309
0.0632543
0.0854750
0.1000083
0.1148428
0.1346808
0.1562908
0.1746203
0.1910521
0.2114365
0.2378176
0.2665776
0.2933664
0.3158358
0.3330224
0.3459327
0.3576957
0.3705740
0.3846318
0.4008271
0.4218174
0.4478062
0.4760901
0.5068997
0.5439170
0.5852222
0.6193547
0.6360752
0.6382615
0.6389355
0.6481779
0.6649162
0.6790177
0.6801577
0.6674005
0.6503589
0.6376821
0.6252966
0.6006444
0.5576430
0.5021248
0.4435273
0.3875673
0.3368117
0.2916940
0.2497782
0.2091164
0.1727971
0.1455954
0.1262811
0.1077410
0.0846891
0.0580069
0.0326499
0.0139597
0.0033328
-0.0055869
-0.0228111
-0.0502977
-0.0778772
-0.0944428
-0.0992562
-0.0990430
-0.0994175
-0.1037367
-0.1148451
-0.1316823
-0.1475915
-0.1575183
-0.1647746
-0.1764873
-0.1934245
-0.2062943
-0.2015985
-0.1734360
-0.1338225
-0.1083950
-0.1137161
-0.1387007
-0.1560773
-0.1527238
-0.1410780
-0.1401489
-0.1541143
-0.1722732
-0.1823345
-0.1794269
-0.1668502
-0.1521894
-0.1418402
-0.1386569
-0.1439795
-0.1570717
-0.1706097
-0.1739626
-0.1665563
-0.1612637
-0.1667616
-0.1721167
-0.1585290
-0.1239590
-0.0876683
-0.0707239
-0.0774824
-0.0952628
-0.1080397
-0.1113690
-0.1155480
-0.1316640
-0.1550426
-0.1684648
-0.1621797
-0.1431548
-0.1233989
-0.1084489
-0.1005280
-0.1030847
-0.1152959
-0.1280432
-0.1318251
-0.1267681
-0.1227266
-0.1311753
-0.1547826
-0.1801978
-0.1847606
-0.1588979
-0.1208104
-0.1008264
-0.1112819
-0.1380555
-0.1593587
-0.1649533
-0.1592044
-0.1547107
-0.1633384
-0.1862929
-0.2119881
-0.2273531
-0.2295547
-0.2245091
-0.2196701
-0.2222724
-0.2368289
-0.2570399
-0.2664761
-0.2556094
-0.2344231
-0.2217105
-0.2249145
-0.2344756
-0.2340362
-0.2141464
-0.1820801
-0.1598517
-0.1644945
-0.1877215
-0.2034777
-0.1982165
-0.1846132
-0.1821357
-0.1934579
-0.2048528
-0.2026600
-0.1852045
-0.1635432
-0.1522521
-0.1553174
-0.1623579
-0.1632129
-0.1612405
-0.1645198
-0.1702640
-0.1698158
-0.1651275
-0.1669807
-0.1773391
-0.1848242
-0.1790233
-0.1618570
-0.1450674
-0.1413656
-0.1544799
-0.1727624
-0.1779117
-0.1656796
-0.1519697
-0.1531779
-0.1676011
-0.1811179
-0.1822489
-0.1660105
-0.1335330
-0.0962895
-0.0721850
-0.0688495
-0.0762165
-0.0803327
-0.0779575
-0.0749309
-0.0786760
-0.0945902
-0.1203945
-0.1420544
-0.1452139
-0.1325291
-0.1204999
-0.1193391
-0.1261494
-0.1361127
-0.1474491
-0.1555831
-0.1554662
-0.1509541
-0.1512121
-0.1576675
-0.1635520
-0.1643010
-0.1597411
-0.1501918
-0.1396252
-0.1372277
-0.1460946
-0.1561967
-0.1573771
-0.1517192
-0.1444619
-0.1329854
-0.1158009
-0.1022006
-0.1000088
-0.1012844
-0.0918185
-0.0694153
-0.0451079
-0.0324949
-0.0396510
-0.0617874
-0.0792367
-0.0755964
-0.0606805
-0.0602187
-0.0790682
-0.0916795
-0.0753789
-0.0378453
-0.0052406
0.0037368
-0.0120058
-0.0382533
-0.0545585
-0.0526916
-0.0466432
-0.0538803
-0.0713015
-0.0831258
-0.0853321
-0.0849169
-0.0817127
-0.0708316
-0.0588761
-0.0585291
-0.0692832
-0.0788467
-0.0796908
-0.0718749
-0.0574744
-0.0444445
-0.0451038
-0.0578610
-0.0628494
-0.0483349
-0.0271787
-0.0148150
-0.0079158
0.0013770
0.0082916
0.0082245
0.0101209
0.0217727
0.0358829
0.0429501
0.0458591
0.0569258
0.0973031
0.2000083
0.3882152
0.6429534
0.9106487
1.1408293
1.2927671
1.3147662
1.1619712
0.8503191
0.4668597
0.1151994
-0.1370621
-0.2702384
-0.3077202
-0.3006422
-0.2890626
-0.2749157
-0.2468383
-0.2141631
-0.1910516
-0.1677472
-0.1310587
-0.0960668
-0.0838971
-0.0849480
-0.0763649
-0.0576407
-0.0389429
-0.0165987
0.0098083
0.0212663
0.0097832
-0.0020690
0.0018868
0.0068767
0.0027189
0.0044965
0.0142606
0.0080017
-0.0137411
-0.0123264
0.0254306
0.0622777
0.0730073
0.0754930
0.0795725
0.0697651
0.0577761
0.0797829
0.1230634
0.1340491
0.1142305
0.1200081
0.1569349
0.1763016
0.1842620
0.2334387
0.2975224
0.2971640
0.2640004
0.3078597
0.3944355
0.3662083
0.2550950
0.3410521
0.7575868
