-0.0527077
-0.0479900
-0.0465224
-0.0486448
-0.0526106
-0.0554723
-0.0553781
-0.0531078
-0.0510150
-0.0503043
-0.0495943
-0.0464234
-0.0400814
-0.0326904
-0.0274218
-0.0257444
-0.0263459
-0.0264307
-0.0239456
-0.0189321
-0.0132901
-0.0093120
-0.0078994
-0.0076714
-0.0059098
-0.0009496
0.0060317
0.0118430
0.0143151
0.0145810
0.0160824
0.0211993
0.0290673
0.0368586
0.0429269
0.0482820
0.0550345
0.0639425
0.0738407
0.0831374
0.0912529
0.0985201
0.1053278
0.1119579
0.1190538
0.1274440
0.1370465
0.1463239
0.1535023
0.1584692
0.1629549
0.1683334
0.1732964
0.1741663
0.1678958
0.1548848
0.1388110
0.1235839
0.1102565
0.0967148
0.0803905
0.0614599
0.0434196
0.0302086
0.0223758
0.0161189
0.0066290
-0.0071331
-0.0210403
-0.0295878
-0.0313041
-0.0302229
-0.0318373
-0.0378272
-0.0450493
-0.0494122
-0.0500107
-0.0492089
-0.0494103
-0.0507238
-0.0518195
-0.0520496
-0.0518831
-0.0516468
-0.0509745
-0.0499123
-0.0496992
-0.0514210
-0.0540277
-0.0547767
-0.0522245
-0.0481789
-0.0458885
-0.0464888
-0.0480392
-0.0481431
-0.0465817
-0.0447734
-0.0434582
-0.0422431
-0.0414035
-0.0425072
-0.0459846
-0.0488653
-0.0469165
-0.0398322
-0.0330638
-0.0329609
-0.0401505
-0.0489196
-0.0534889
-0.0538256
-0.0544396
-0.0583116
-0.0636140
-0.0666329
-0.0663730
-0.0649501
-0.0640690
-0.0629340
-0.0603481
-0.0575876
-0.0575012
-0.0606377
-0.0636551
-0.0626658
-0.0578322
-0.0536423
-0.0542745
-0.0591228
-0.0632748
-0.0622714
-0.0562285
-0.0495388
-0.0469134
-0.0496026
-0.0548691
-0.0586689
-0.0590069
-0.0572276
-0.0563719
-0.0581929
-0.0616278
-0.0641887
-0.0647694
-0.0647518
-0.0661881
-0.0693569
-0.0727999
-0.0757034
-0.0792525
-0.0848133
-0.0912150
-0.0951330
-0.0948560
-0.0929858
-0.0941727
-0.0998007
-0.1056858
-0.1059173
-0.0989853
-0.0895207
-0.0837534
-0.0836330
-0.0856595
-0.0850592
-0.0805086
-0.0748235
-0.0716861
-0.0721633
-0.0741950
-0.0749136
-0.0731609
-0.0699363
-0.0668663
-0.0646128
-0.0627391
-0.0606584
-0.0581952
-0.0551742
-0.0510093
-0.0453381
-0.0391563
-0.0347581
-0.0338698
-0.0355905
-0.0362906
-0.0315271
-0.0178203
0.0074169
0.0470368
0.1042839
0.1808564
0.2736710
0.3719728
0.4568568
0.5054263
0.4999397
0.4377919
0.3350011
0.2190644
0.1154166
0.0372416
-0.0150847
-0.0475334
-0.0663788
-0.0765162
-0.0819555
-0.0852601
-0.0865771
-0.0848682
-0.0807936
-0.0774613
-0.0774721
-0.0798160
-0.0808786
-0.0786649
-0.0751149
-0.0737046
-0.0753007
-0.0770992
-0.0755440
-0.0697159
-0.0618660
-0.0553165
-0.0521458
-0.0521427
-0.0529554
-0.0512847
-0.0451699
-0.0361623
-0.0289771
-0.0278785
-0.0327121
-0.0386565
-0.0402825
-0.0360376
-0.0289382
-0.0232586
-0.0207757
-0.0199211
-0.0179162
-0.0133035
-0.0065957
0.0008644
0.0080409
0.0142032
0.0185193
0.0205330
0.0212566
0.0230660
0.0275341
0.0331711
0.0362079
0.0347165
0.0320026
0.0347676
0.0468181
0.0647195
0.0805839
0.0895078
0.0937694
0.0995078
0.1100676
0.1233502
0.1350769
0.1431255
0.1481182
0.1509840
0.1515692
0.1497953
0.1468163
0.1438594
0.1402033
0.1333939
0.1218969
0.1070417
0.0919540
0.0788678
0.0677333
0.0569339
0.0447079
0.0301965
0.0141823
-0.0007363
-0.0114250
-0.0166192
-0.0182336
-0.0199091
-0.0240897
-0.0305721
-0.0375714
-0.0434801
-0.0474065
-0.0489399
-0.0485693
-0.0482669
-0.0502804
-0.0543638
-0.0569098
-0.0543150
-0.0475322
-0.0421736
-0.0431927
-0.0498400
-0.0565877
-0.0587475
-0.0563348
-0.0525112
-0.0495114
-0.0469972
-0.0437059
-0.0392123
-0.0336154
-0.0265992
-0.0180722
-0.0096659
-0.0044589
-0.0044635
-0.0086233
-0.0137052
-0.0170455
-0.0183072
-0.0191172
-0.0216548
-0.0272607
-0.0352823
-0.0427621
-0.0460447
-0.0438159
-0.0388178
-0.0360228
-0.0386269
-0.0457253
-0.0537163
-0.0594732
-0.0619718
-0.0616690
-0.0596424
-0.0577137
-0.0582002
-0.0620292
-0.0669714
-0.0689268
-0.0658410
-0.0600562
-0.0561820
-0.0567159
-0.0601397
-0.0630889
-0.0636767
-0.0625155
-0.0612153
-0.0606805
-0.0607989
-0.0609710
-0.0603383
-0.0577492
-0.0522623
-0.0441740
-0.0355109
-0.0292552
-0.0277268
-0.0310844
-0.0367810
-0.0407308
-0.0402756
-0.0370087
-0.0361791
-0.0418905
-0.0522740
-0.0601951
-0.0597490
-0.0521205
-0.0444135
-0.0424635
-0.0452343
-0.0466249
-0.0423700
-0.0343650
-0.0279377
-0.0252812
-0.0217407
-0.0078505
0.0257296
0.0845391
0.1689865
0.2737418
0.3867979
0.4894249
0.5593124
0.5776991
0.5379032
0.4499194
0.3368245
0.2242310
0.1296623
0.0588178
0.0096160
-0.0215022
-0.0370202
-0.0401913
-0.0368986
-0.0338332
-0.0344233
-0.0371590
-0.0384111
-0.0367701
-0.0344275
-0.0346130
-0.0381690
-0.0427230
-0.0449953
-0.0438634
-0.0412714
-0.0401261
-0.0412991
-0.0429622
-0.0430661
-0.0420367
-0.0422411
-0.0446697
-0.0470592
-0.0462938
-0.0425287
-0.0397008
-0.0410080
-0.0443990
-0.0439932
-0.0366105
-0.0259811
-0.0193116
-0.0198077
-0.0235949
-0.0241917
-0.0189871
-0.0107076
-0.0034663
0.0012334
0.0046188
0.0082902
0.0128793
0.0186161
0.0259233
0.0347961
0.0441082
0.0523234
0.0590138
0.0653124
0.0728405
0.0825094
0.0942241
0.1069914
0.1190121
0.1285035
0.1354304
0.1422393
0.1518005
0.1641031
0.1755487
0.1821932
0.1836037
0.1829973
0.1834586
0.1844351
0.1822686
0.1739398
0.1598927
0.1433733
0.1277644
0.1148804
0.1049700
0.0970304
0.0887987
0.0774971
0.0618569
0.0437989
0.0276991
0.0173307
0.0128947
0.0106723
0.0057913
-0.0039201
-0.0161076
-0.0257370
-0.0291320
-0.0267567
-0.0224999
-0.0203914
-0.0217361
-0.0248799
-0.0272728
-0.0276205
-0.0263490
-0.0246313
-0.0234686
-0.0234847
-0.0247747
-0.0264559
-0.0268182
-0.0247250
-0.0210902
-0.0185243
-0.0190529
-0.0220941
-0.0248591
-0.0249596
-0.0226802
-0.0205272
-0.0204085
-0.0214711
-0.0210834
-0.0178647
-0.0132143
-0.0096524
-0.0081677
-0.0077311
-0.0071491
-0.0065805
-0.0068760
-0.0080113
-0.0090760
-0.0100089
-0.0124966
-0.0181185
-0.0255726
-0.0308101
-0.0308359
-0.0271869
-0.0249235
-0.0279904
-0.0358149
-0.0443032
-0.0496271
-0.0510244
-0.0506756
-0.0514941
-0.0547991
-0.0594088
-0.0626313
-0.0624273
-0.0591472
-0.0554454
-0.0543717
-0.0572035
-0.0627976
-0.0686906
-0.0725498
-0.0728748
-0.0693946
-0.0636761
-0.0587823
-0.0567622
-0.0558490
-0.0512905
-0.0403876
-0.0265818
-0.0170075
-0.0146510
-0.0127349
0.0025982
0.0433657
0.1124246
0.2028894
0.3019384
0.3934306
0.4583193
0.4775303
0.4402303
0.3524495
0.2371671
0.1233983
0.0321312
-0.0302797
-0.0681922
-0.0885445
-0.0965334
-0.0967139
-0.0946340
-0.0947864
-0.0968784
-0.0958766
-0.0872486
-0.0722840
-0.0577355
-0.0501402
-0.0506499
-0.0550629
-0.0581872
-0.0579784
-0.0560299
-0.0548287
-0.0549075
-0.0545339
-0.0518141
-0.0468780
-0.0420634
-0.0400266
-0.0414407
-0.0442563
-0.0453524
-0.0433345
-0.0398611
-0.0380319
-0.0393826
-0.0424958
-0.0443285
-0.0425699
-0.0369466
-0.0290687
-0.0215194
-0.0166512
-0.0153217
-0.0162328
-0.0166738
-0.0145180
-0.0099097
-0.0048210
-0.0005353
0.0043123
0.0125435
0.0250793
0.0394693
0.0524058
0.0632507
0.0741244
0.0864969
0.0987981
0.1082269
0.1144331
0.1201823
0.1278754
0.1362926
0.1421199
0.1448502
0.1487200
0.1582947
0.1723277
0.1834552
0.1847479
0.1759855
0.1629303
0.1510497
0.1408558
0.1291366
0.1134670
0.0947170
0.0757355
0.0588327
0.0449929
0.0345196
0.0269727
0.0203065
0.0115605
-0.0001899
-0.0119113
-0.0190819
-0.0206729
-0.0207993
-0.0244022
-0.0314164
-0.0362467
-0.0337727
-0.0255776
-0.0192237
-0.0207441
-0.0283551
-0.0345315
-0.0342553
-0.0301141
-0.0287004
-0.0329758
-0.0394916
-0.0429339
-0.0418800
-0.0391664
-0.0374680
-0.0362621
-0.0338298
-0.0309921
-0.0308853
-0.0345549
-0.0384605
-0.0382030
-0.0343976
-0.0327770
-0.0373958
-0.0449725
-0.0477740
-0.0422546
-0.0334980
-0.0301866
-0.0356859
-0.0450783
-0.0509411
-0.0508137
-0.0481560
-0.0470136
-0.0477894
-0.0487370
-0.0496203
-0.0517821
-0.0549522
-0.0561717
-0.0530749
-0.0473333
-0.0434631
-0.0440829
-0.0472354
-0.0489439
-0.0479346
-0.0469303
-0.0490717
-0.0538704
-0.0575484
-0.0571733
-0.0536035
-0.0502413
-0.0497430
-0.0524246
-0.0571239
-0.0625904
-0.0680052
-0.0729550
-0.0774785
-0.0820197
-0.0868647
-0.0913245
-0.0936781
-0.0925365
-0.0886372
-0.0849270
-0.0842388
-0.0867677
-0.0901191
-0.0918350
-0.0916147
-0.0911740
-0.0923554
-0.0954199
-0.0987715
-0.1001452
-0.0983405
-0.0941670
-0.0898881
-0.0877228
-0.0885304
-0.0913246
-0.0938094
-0.0939033
-0.0914445
-0.0885115
-0.0876865
-0.0896942
-0.0926369
-0.0935445
-0.0909175
-0.0861738
-0.0827018
-0.0831246
-0.0871840
-0.0923185
-0.0962589
-0.0988485
-0.1014700
-0.1052102
-0.1096788
-0.1130568
-0.1129817
-0.1079717
-0.0988871
-0.0892492
-0.0835013
-0.0838916
-0.0882893
-0.0913187
-0.0888703
-0.0824140
-0.0783588
-0.0819028
-0.0911236
-0.0978955
-0.0953972
-0.0847706
-0.0742049
-0.0714890
-0.0774112
-0.0860075
-0.0905735
-0.0890342
-0.0839671
-0.0788295
-0.0752299
-0.0730473
-0.0709873
-0.0658470
-0.0522870
-0.0248604
0.0195733
0.0816849
0.1603344
0.2501637
0.3365115
0.3943714
0.3974299
0.3338588
0.2166477
0.0784556
-0.0459949
-0.1358504
-0.1871442
-0.2052334
-0.1976278
-0.1731022
-0.1427842
-0.1171389
-0.1002619
-0.0884133
-0.0757515
-0.0617536
-0.0521587
-0.0520128
-0.0584392
-0.0617025
-0.0540820
-0.0370583
-0.0191933
-0.0076861
-0.0029943
-0.0010634
0.0012292
0.0039419
0.0061858
0.0082757
0.0109051
0.0132666
0.0138556
0.0137530
0.0176251
0.0294044
0.0466269
0.0605535
0.0632736
0.0548783
0.0436416
0.0396257
0.0478208
0.0656547
0.0852935
0.0986122
0.1021515
0.0992570
0.0975988
0.1032914
0.1160493
0.1297732
0.1384547
0.1418688
0.1452097
0.1531802
0.1652664
0.1771821
0.1858388
0.1916807
0.1967980
0.2025822
0.2097069
0.2189210
0.2304409
0.2427529
0.2530542
0.2594002
0.2622643
0.2637994
0.2657141
0.2680546
0.2696768
0.2689651
0.2637597
0.2519019
0.2336723
0.2136647
0.1982214
0.1895427
0.1830134
0.1716562
0.1532200
0.1321153
0.1144880
0.1023115
0.0926113
0.0816458
0.0688177
0.0563808
0.0463262
0.0387090
0.0329285
0.0291809
0.0275772
0.0265647
0.0236672
0.0179840
0.0111172
0.0054951
0.0024822
0.0021130
0.0035534
0.0051267
0.0046029
0.0006781
-0.0053597
-0.0098863
-0.0096848
-0.0050106
0.0001729
0.0014986
-0.0021198
-0.0081930
-0.0134987
-0.0163057
-0.0160614
-0.0126122
-0.0068345
-0.0010647
0.0026538
0.0048310
0.0080611
0.0139720
0.0211787
0.0265611
0.0281822
0.0265445
0.0232203
0.0191249
0.0147804
0.0115888
0.0110730
0.0121218
0.0106060
0.0037937
-0.0051690
-0.0093706
-0.0056700
0.0011492
0.0029788
-0.0033587
-0.0134266
-0.0204507
-0.0220936
-0.0215015
-0.0226075
-0.0259907
-0.0298514
-0.0335188
-0.0379344
-0.0427536
-0.0453001
-0.0439040
-0.0410314
-0.0411549
-0.0456183
-0.0510842
-0.0534049
-0.0519488
-0.0495128
-0.0487320
-0.0495836
-0.0504270
-0.0504511
-0.0500169
-0.0487708
-0.0450290
-0.0382691
-0.0313836
-0.0285899
-0.0307780
-0.0342958
-0.0350023
-0.0325624
-0.0300441
-0.0301408
-0.0328352
-0.0364550
-0.0398821
-0.0431473
-0.0462289
-0.0481192
-0.0477440
-0.0456460
-0.0439568
-0.0444258
-0.0470872
-0.0509787
-0.0550224
-0.0575656
-0.0565310
-0.0519103
-0.0476934
-0.0491086
-0.0568177
-0.0648446
-0.0657528
-0.0583150
-0.0494581
-0.0477507
-0.0546640
-0.0628831
-0.0638914
-0.0566841
-0.0479960
-0.0444491
-0.0462864
-0.0492086
-0.0503339
-0.0504836
-0.0512349
-0.0517251
-0.0493759
-0.0433490
-0.0363736
-0.0324277
-0.0325495
-0.0337199
-0.0325396
-0.0294199
-0.0280904
-0.0311262
-0.0370574
-0.0421928
-0.0445712
-0.0456859
-0.0484688
-0.0535774
-0.0577408
-0.0565531
-0.0495470
-0.0418519
-0.0397272
-0.0444458
-0.0512401
-0.0541964
-0.0516466
-0.0469149
-0.0444368
-0.0454015
-0.0471611
-0.0468657
-0.0450751
-0.0447729
-0.0468893
-0.0482570
-0.0449209
-0.0367693
-0.0280697
-0.0237135
-0.0252581
-0.0300692
-0.0338104
-0.0341289
-0.0323528
-0.0315758
-0.0332590
-0.0360793
-0.0377633
-0.0373370
-0.0358222
-0.0355329
-0.0383882
-0.0437973
-0.0482000
-0.0478636
-0.0426489
-0.0365178
-0.0341038
-0.0369520
-0.0426973
-0.0472615
-0.0480767
-0.0458055
-0.0429156
-0.0405687
-0.0377436
-0.0338714
-0.0311470
-0.0327825
-0.0390610
-0.0460057
-0.0482019
-0.0431194
-0.0335341
-0.0260764
-0.0263369
-0.0342747
-0.0444848
-0.0512167
-0.0528062
-0.0514558
-0.0499787
-0.0494389
-0.0492267
-0.0486590
-0.0483886
-0.0497997
-0.0524516
-0.0530362
-0.0486719
-0.0412860
-0.0369020
-0.0396575
-0.0474530
-0.0541997
-0.0557840
-0.0533845
-0.0513704
-0.0524159
-0.0549532
-0.0557582
-0.0545216
-0.0542305
-0.0565361
-0.0587720
-0.0573487
-0.0528527
-0.0495983
-0.0505090
-0.0543192
-0.0578132
-0.0591293
-0.0583870
-0.0563208
-0.0533566
-0.0499414
-0.0467958
-0.0432609
-0.0345165
-0.0118818
0.0316984
0.0962464
0.1760697
0.2649509
0.3557130
0.4333744
0.4736468
0.4549308
0.3751499
0.2568249
0.1345131
0.0350968
-0.0331479
-0.0758661
-0.1001942
-0.1086176
-0.1035749
-0.0929321
-0.0862893
-0.0863252
-0.0871911
-0.0823369
-0.0720291
-0.0625678
-0.0595549
-0.0625598
-0.0657522
-0.0637692
-0.0572700
-0.0520254
-0.0522799
-0.0565169
-0.0604785
-0.0622793
-0.0628499
-0.0630919
-0.0629916
-0.0628811
-0.0636042
-0.0652920
-0.0666398
-0.0651787
-0.0586890
-0.0479506
-0.0379561
-0.0339594
-0.0355274
-0.0365706
-0.0321373
-0.0234012
-0.0154045
-0.0118596
-0.0126745
-0.0144600
-0.0127540
-0.0055997
0.0043971
0.0127890
0.0178050
0.0207950
0.0233857
0.0266431
0.0320127
0.0400022
0.0482891
0.0540020
0.0578168
0.0635161
0.0738091
0.0883248
0.1045724
0.1189274
0.1283310
0.1334550
0.1387502
0.1473172
0.1575775
0.1667467
0.1747234
0.1820814
0.1872276
0.1885836
0.1871158
0.1841027
0.1788885
0.1708539
0.1605987
0.1475640
0.1303168
0.1108331
0.0939700
0.0807237
0.0667641
0.0496354
0.0324924
0.0190127
0.0098239
0.0049607
0.0036049
0.0006481
-0.0090240
-0.0218249
-0.0291762
-0.0306305
-0.0339696
-0.0416879
-0.0484836
-0.0530171
-0.0588259
-0.0617883
-0.0530295
-0.0392310
-0.0419870
-0.0673148
