0.4911999
0.5360990
0.3798690
0.2803867
0.2940229
0.2845497
0.2062418
0.1477055
0.1375621
0.1094904
0.0523282
0.0296644
0.0482322
0.0437441
0.0011380
-0.0264163
-0.0190358
-0.0110534
-0.0138729
-0.0059689
0.0063661
-0.0033892
-0.0227387
-0.0178945
0.0020218
0.0011169
-0.0189074
-0.0277785
-0.0217877
-0.0176364
-0.0116468
0.0062936
0.0192612
0.0083460
-0.0099399
-0.0103534
-0.0004648
-0.0011083
-0.0098260
-0.0150924
-0.0215478
-0.0327492
-0.0346885
-0.0219310
-0.0145010
-0.0269340
-0.0462120
-0.0579399
-0.0668751
-0.0764474
-0.0773846
-0.0714863
-0.0777607
-0.1006252
-0.1183543
-0.1146755
-0.0974877
-0.0787729
-0.0606514
-0.0468394
-0.0439461
-0.0476108
-0.0487440
-0.0524009
-0.0682976
-0.0872614
-0.0918024
-0.0851902
-0.0847188
-0.0908202
-0.0881980
-0.0742795
-0.0632905
-0.0644237
-0.0747832
-0.0894395
-0.1024532
-0.1052610
-0.0987539
-0.0977994
-0.1108788
-0.1269218
-0.1341634
-0.1373061
-0.1431193
-0.1450945
-0.1371259
-0.1281034
-0.1288009
-0.1365648
-0.1441423
-0.1511077
-0.1574319
-0.1588786
-0.1566147
-0.1585393
-0.1653422
-0.1682634
-0.1640339
-0.1578773
-0.1500988
-0.1358924
-0.1204248
-0.1172866
-0.1285532
-0.1408099
-0.1432525
-0.1374274
-0.1297080
-0.1264778
-0.1339318
-0.1492992
-0.1557266
-0.1396631
-0.1103850
-0.0901186
-0.0888103
-0.0992804
-0.1106476
-0.1148950
-0.1075158
-0.0942621
-0.0909986
-0.1053562
-0.1243584
-0.1298697
-0.1198443
-0.1062027
-0.0994804
-0.1033185
-0.1159664
-0.1297338
-0.1359849
-0.1355490
-0.1365539
-0.1400467
-0.1384955
-0.1302497
-0.1223921
-0.1159738
-0.1014346
-0.0722873
-0.0301659
0.0282348
0.1167617
0.2463103
0.4138142
0.6058692
0.8014076
0.9652148
1.0466446
0.9937739
0.7779037
0.4196664
-0.0004781
-0.3721926
-0.6179727
-0.7322532
-0.7571453
-0.7304466
-0.6674831
-0.5799334
-0.4878873
-0.4084015
-0.3439600
-0.2870093
-0.2318387
-0.1820275
-0.1480417
-0.1344389
-0.1296697
-0.1162123
-0.0921000
-0.0730090
-0.0707245
-0.0799141
-0.0891421
-0.0934964
-0.0920852
-0.0849425
-0.0786254
-0.0841493
-0.1015018
-0.1138049
-0.1042954
-0.0752209
-0.0460294
-0.0357506
-0.0475112
-0.0664876
-0.0743311
-0.0693511
-0.0682669
-0.0828730
-0.1021536
-0.1068596
-0.0953582
-0.0826139
-0.0770057
-0.0710637
-0.0550666
-0.0291327
-0.0003632
0.0245013
0.0425786
0.0562108
0.0711266
0.0907129
0.1137182
0.1378588
0.1606301
0.1768452
0.1846133
0.1961001
0.2312195
0.2939639
0.3632809
0.4145192
0.4440376
0.4673458
0.4991725
0.5409312
0.5828214
0.6131108
0.6282255
0.6363019
0.6485361
0.6676520
0.6886135
0.7078703
0.7251890
0.7383959
0.7439577
0.7416689
0.7319828
0.7111243
0.6769122
0.6370757
0.6021753
0.5704523
0.5286760
0.4699201
0.4042633
0.3496685
0.3149116
0.2910852
0.2585417
0.2053049
0.1404647
0.0852943
0.0501809
0.0270577
0.0060540
-0.0107946
-0.0185598
-0.0227312
-0.0334152
-0.0502224
-0.0614408
-0.0576674
-0.0418490
-0.0267845
-0.0246993
-0.0371226
-0.0537876
-0.0634003
-0.0646343
-0.0639690
-0.0663166
-0.0734287
-0.0873610
-0.1063490
-0.1192366
-0.1145872
-0.0964871
-0.0821882
-0.0817758
-0.0878933
-0.0883325
-0.0818452
-0.0770190
-0.0792832
-0.0836843
-0.0815401
-0.0733146
-0.0711590
-0.0834780
-0.0989803
-0.0959976
-0.0707465
-0.0460948
-0.0450414
-0.0635995
-0.0791802
-0.0799681
-0.0750634
-0.0773890
-0.0870543
-0.0948949
-0.0967541
-0.0988659
-0.1079217
-0.1182673
-0.1149297
-0.0933605
-0.0709631
-0.0705093
-0.0936187
-0.1194098
-0.1295493
-0.1257761
-0.1212479
-0.1240127
-0.1335968
-0.1469874
-0.1616946
-0.1749771
-0.1835699
-0.1845567
-0.1776657
-0.1682223
-0.1648853
-0.1705005
-0.1771938
-0.1747038
-0.1623554
-0.1499063
-0.1486232
-0.1633496
-0.1886199
-0.2087002
-0.2066097
-0.1796558
-0.1442553
-0.1211097
-0.1174335
-0.1259964
-0.1367439
-0.1442421
-0.1470781
-0.1462268
-0.1445031
-0.1450935
-0.1502267
-0.1603289
-0.1717143
-0.1761095
-0.1674871
-0.1503874
-0.1373872
-0.1372172
-0.1479904
-0.1607616
-0.1656000
-0.1567900
-0.1393737
-0.1299931
-0.1427040
-0.1709029
-0.1892359
-0.1775324
-0.1406248
-0.1030454
-0.0861160
-0.0902334
-0.0966606
-0.0848645
-0.0470988
0.0158208
0.1109404
0.2568998
0.4647694
0.7163125
0.9627481
1.1414884
1.1953264
1.0897461
0.8294070
0.4643704
0.0755630
-0.2548747
-0.4724335
-0.5669627
-0.5708368
-0.5359298
-0.5007349
-0.4718539
-0.4333269
-0.3714959
-0.2923186
-0.2189744
-0.1736572
-0.1589966
-0.1571824
-0.1494744
-0.1346905
-0.1250008
-0.1269164
-0.1337145
-0.1360895
-0.1324080
-0.1257083
-0.1161663
-0.1009010
-0.0798868
-0.0600116
-0.0523898
-0.0631774
-0.0852971
-0.1022384
-0.1035658
-0.0949509
-0.0899886
-0.0942473
-0.1006107
-0.0984825
-0.0844588
-0.0653529
-0.0529925
-0.0542629
-0.0643789
-0.0717769
-0.0704328
-0.0643317
-0.0593339
-0.0556390
-0.0506501
-0.0443699
-0.0376335
-0.0276191
-0.0093015
0.0186092
0.0504430
0.0762802
0.0895041
0.0943383
0.1045277
0.1305362
0.1683324
0.2044599
0.2315198
0.2544390
0.2820055
0.3173742
0.3579334
0.3999195
0.4404298
0.4768349
0.5066534
0.5293561
0.5494538
0.5760858
0.6142470
0.6547830
0.6792824
0.6802253
0.6723686
0.6775467
0.6991094
0.7167575
0.7072422
0.6667542
0.6123782
0.5641154
0.5268887
0.4897375
0.4411743
0.3822063
0.3224294
0.2675763
0.2172545
0.1731395
0.1402849
0.1170040
0.0905926
0.0496857
-0.0013306
-0.0452785
-0.0700039
-0.0809376
-0.0948321
-0.1211324
-0.1508380
-0.1663680
-0.1624607
-0.1526325
-0.1523600
-0.1613096
-0.1682123
-0.1692977
-0.1726307
-0.1833174
-0.1928610
-0.1888809
-0.1723000
-0.1588984
-0.1613986
-0.1721276
-0.1682897
-0.1377432
-0.0965191
-0.0742357
-0.0816612
-0.0995662
-0.1027287
-0.0885519
-0.0761067
-0.0808951
-0.0979484
-0.1100517
-0.1071921
-0.0950640
-0.0863660
-0.0870914
-0.0933809
-0.1002781
-0.1082955
-0.1184054
-0.1256508
-0.1249975
-0.1220778
-0.1296955
-0.1507411
-0.1705687
-0.1714452
-0.1526913
-0.1327760
-0.1309911
-0.1481693
-0.1661182
-0.1665723
-0.1501628
-0.1347180
-0.1350354
-0.1480672
-0.1593917
-0.1595801
-0.1505028
-0.1396232
-0.1339305
-0.1378023
-0.1504904
-0.1641809
-0.1687145
-0.1615293
-0.1525232
-0.1568251
-0.1800341
-0.2092427
-0.2213189
-0.2044761
-0.1716009
-0.1481743
-0.1464021
-0.1552572
-0.1566112
-0.1457573
-0.1330234
-0.1296275
-0.1371307
-0.1496878
-0.1619351
-0.1722115
-0.1791514
-0.1784952
-0.1669433
-0.1492545
-0.1367218
-0.1350613
-0.1371252
-0.1326115
-0.1231504
-0.1215483
-0.1348343
-0.1527086
-0.1561029
-0.1365531
-0.1061399
-0.0880286
-0.0958325
-0.1210811
-0.1418599
-0.1443697
-0.1345226
-0.1283846
-0.1347611
-0.1490679
-0.1607813
-0.1629645
-0.1557385
-0.1442415
-0.1345090
-0.1303471
-0.1328014
-0.1404384
-0.1485813
-0.1508379
-0.1457896
-0.1414472
-0.1475639
-0.1618452
-0.1687611
-0.1560232
-0.1299442
-0.1104806
-0.1108172
-0.1240236
-0.1310784
-0.1216135
-0.1049295
-0.0985955
-0.1073852
-0.1180585
-0.1165648
-0.1052077
-0.0977600
-0.1006313
-0.1055760
-0.1015317
-0.0883244
-0.0760706
-0.0736319
-0.0800432
-0.0865340
-0.0852927
-0.0755375
-0.0615550
-0.0470499
-0.0336561
-0.0234413
-0.0184344
-0.0164821
-0.0110162
0.0033117
0.0278150
0.0650098
0.1245962
0.2214717
0.3672308
0.5613523
0.7843536
0.9942878
1.1318815
1.1384848
0.9824908
0.6812923
0.3030637
-0.0597553
-0.3335756
-0.4937959
-0.5600347
-0.5660557
-0.5349389
-0.4772360
-0.4026303
-0.3262656
-0.2631517
-0.2185697
-0.1857171
-0.1540650
-0.1203394
-0.0904839
-0.0714362
-0.0636677
-0.0623793
-0.0625753
-0.0608385
-0.0553443
-0.0478178
-0.0439098
-0.0478964
-0.0570816
-0.0642195
-0.0659741
-0.0668329
-0.0730300
-0.0828654
-0.0849434
-0.0689068
-0.0390372
-0.0139788
-0.0088164
-0.0184146
-0.0231918
-0.0120458
0.0051210
0.0102205
-0.0009518
-0.0130879
-0.0072954
0.0194156
0.0508024
0.0667381
0.0616871
0.0483007
0.0438970
0.0550385
0.0747985
0.0915958
0.0990086
0.1004696
0.1081337
0.1351111
0.1838821
0.2415118
0.2893814
0.3192764
0.3389853
0.3618596
0.3920844
0.4209586
0.4376881
0.4436037
0.4542551
0.4851832
0.5354426
0.5873064
0.6229547
0.6398587
0.6497176
0.6650182
0.6878675
0.7097168
0.7200619
0.7162777
0.7059438
0.6988989
0.6968770
0.6919144
0.6744391
0.6410670
0.5948573
0.5409896
0.4838808
0.4270280
0.3734826
0.3254394
0.2830091
0.2439103
0.2058355
0.1693396
0.1364987
0.1062965
0.0745037
0.0403011
0.0100289
-0.0096286
-0.0209589
-0.0333873
-0.0515442
-0.0684387
-0.0726516
-0.0610074
-0.0420120
-0.0265192
-0.0168671
-0.0075011
0.0040423
0.0110224
0.0060666
-0.0063455
-0.0117585
-0.0016353
0.0166841
0.0283602
0.0265206
0.0166602
0.0078830
0.0035442
0.0005892
-0.0049462
-0.0139226
-0.0248447
-0.0360445
-0.0451336
-0.0475519
-0.0397912
-0.0261328
-0.0189399
-0.0277870
-0.0484105
-0.0658621
-0.0698645
-0.0653547
-0.0668094
-0.0827368
-0.1060919
-0.1201040
-0.1145074
-0.0963470
-0.0832326
-0.0850860
-0.0945196
-0.0970592
-0.0891232
-0.0827044
-0.0917714
-0.1159799
-0.1391985
-0.1441024
-0.1278657
-0.1034093
-0.0860481
-0.0806776
-0.0821252
-0.0842203
-0.0845335
-0.0820905
-0.0764821
-0.0711291
-0.0727425
-0.0834524
-0.0954636
-0.0978773
-0.0895039
-0.0819934
-0.0879746
-0.1067792
-0.1244164
-0.1290094
-0.1243241
-0.1247956
-0.1374317
-0.1529535
-0.1572242
-0.1480799
-0.1367892
-0.1343127
-0.1404662
-0.1469571
-0.1473164
-0.1420028
-0.1360798
-0.1343823
-0.1382881
-0.1446578
-0.1466392
-0.1372050
-0.1154000
-0.0905868
-0.0774633
-0.0825546
-0.0956895
-0.0988246
-0.0849914
-0.0658520
-0.0586534
-0.0678701
-0.0819403
-0.0864440
-0.0776210
-0.0633076
-0.0536907
-0.0530079
-0.0589364
-0.0668568
-0.0727193
-0.0734815
-0.0688226
-0.0637566
-0.0660234
-0.0774715
-0.0898143
-0.0930208
-0.0879485
-0.0869119
-0.1000873
-0.1236141
-0.1431601
-0.1483120
-0.1417810
-0.1347444
-0.1350856
-0.1415890
-0.1485629
-0.1528081
-0.1539984
-0.1508637
-0.1418698
-0.1302476
-0.1235858
-0.1250707
-0.1277174
-0.1215045
-0.1059802
-0.0921160
-0.0899252
-0.0961426
-0.0968031
-0.0825929
-0.0599741
-0.0451312
-0.0470731
-0.0590432
-0.0675661
-0.0672266
-0.0636668
-0.0639361
-0.0686655
-0.0747386
-0.0814528
-0.0903363
-0.1000315
-0.1051753
-0.1024957
-0.0970363
-0.0994623
-0.1148322
-0.1345578
-0.1425766
-0.1315060
-0.1113373
-0.0999268
-0.1050626
-0.1174594
-0.1214896
-0.1115810
-0.0976030
-0.0945840
-0.1073990
-0.1257713
-0.1346753
-0.1292311
-0.1184072
-0.1145562
-0.1211570
-0.1310037
-0.1339670
-0.1249499
-0.1062375
-0.0853093
-0.0710149
-0.0694804
-0.0805994
-0.0969484
-0.1073844
-0.1050111
-0.0937800
-0.0860009
-0.0907894
-0.1046372
-0.1147419
-0.1116337
-0.0974165
-0.0823260
-0.0754802
-0.0791393
-0.0890901
-0.0982885
-0.1012108
-0.0976678
-0.0939766
-0.0990310
-0.1161044
-0.1367697
-0.1448359
-0.1301743
-0.1001240
-0.0750855
-0.0706149
-0.0840166
-0.0989640
-0.1018942
-0.0928770
-0.0823399
-0.0799620
-0.0868879
-0.0964101
-0.1003806
-0.0951534
-0.0829370
-0.0693213
-0.0602685
-0.0599107
-0.0684117
-0.0807127
-0.0888068
-0.0875615
-0.0795514
-0.0738361
-0.0782552
-0.0909128
-0.0993735
-0.0912333
-0.0679270
-0.0465899
-0.0448032
-0.0627720
-0.0829103
-0.0883064
-0.0799826
-0.0742581
-0.0839962
-0.1047775
-0.1204052
-0.1202822
-0.1087168
-0.0968036
-0.0886011
-0.0792750
-0.0661134
-0.0557948
-0.0567225
-0.0663991
-0.0717649
-0.0640965
-0.0507572
-0.0484918
-0.0643440
-0.0855286
-0.0909170
-0.0730002
-0.0466001
-0.0344689
-0.0454156
-0.0680942
-0.0847214
-0.0875463
-0.0817398
-0.0763738
-0.0761659
-0.0806900
-0.0872459
-0.0921192
-0.0908734
-0.0812646
-0.0678900
-0.0620846
-0.0731689
-0.0976810
-0.1190601
-0.1211585
-0.1032502
-0.0809443
-0.0717018
-0.0792789
-0.0915624
-0.0926201
-0.0770744
-0.0539909
-0.0377253
-0.0351518
-0.0413678
-0.0465927
-0.0456288
-0.0402980
-0.0344179
-0.0284379
-0.0192124
-0.0035191
0.0201043
0.0543099
0.1076608
0.1945485
0.3276928
0.5085166
0.7224732
0.9395050
1.1150778
1.1932996
1.1213070
0.8775177
0.4974801
0.0718632
-0.2921752
-0.5237653
-0.6171720
-0.6169156
-0.5762600
-0.5256775
-0.4714491
-0.4126028
-0.3523372
-0.2959111
-0.2453798
-0.2004541
-0.1619872
-0.1310220
-0.1050839
-0.0791891
-0.0524947
-0.0319300
-0.0257891
-0.0328548
-0.0404734
-0.0362171
-0.0211172
-0.0088768
-0.0111970
-0.0256537
-0.0390860
-0.0410918
-0.0321163
-0.0194868
-0.0091391
-0.0030529
-0.0024752
-0.0092973
-0.0221286
-0.0333068
-0.0342327
-0.0254648
-0.0186899
-0.0247343
-0.0393913
-0.0445707
-0.0261039
0.0104669
0.0439671
0.0577983
0.0549575
0.0526214
0.0633231
0.0834181
0.1001734
0.1077225
0.1133873
0.1286724
0.1571461
0.1929158
0.2287592
0.2622066
0.2934773
0.3211640
0.3433894
0.3627815
0.3868187
0.4204745
0.4590670
0.4913018
0.5112582
0.5261478
0.5497075
0.5873609
0.6295470
0.6607949
0.6745679
0.6783692
0.6851766
0.7011644
0.7212637
0.7347683
0.7344355
0.7215791
0.7044156
0.6917630
0.6863428
0.6820367
0.6677809
0.6363397
0.5909199
0.5427301
0.5009518
0.4651657
0.4280093
0.3842400
0.3356257
0.2874904
0.2432798
0.2043251
0.1731372
0.1530636
0.1428085
0.1333290
0.1139008
0.0828182
0.0502400
0.0279750
0.0166041
0.0049978
-0.0163950
-0.0434229
-0.0612426
-0.0593071
-0.0422565
-0.0259254
-0.0234162
-0.0348359
-0.0489365
-0.0535207
-0.0451751
-0.0311104
-0.0225623
-0.0250665
-0.0330928
-0.0338603
-0.0181397
0.0109799
0.0398647
0.0556519
0.0565790
0.0519546
0.0530547
0.0641470
0.0803819
0.0919566
0.0905677
0.0750416
0.0532948
0.0377511
0.0355147
0.0413164
0.0414316
0.0265272
0.0007688
-0.0228228
-0.0358571
-0.0419265
-0.0503796
-0.0652562
-0.0827390
-0.0982466
-0.1120169
-0.1258131
-0.1369471
-0.1398099
-0.1340903
-0.1283537
-0.1324385
-0.1464109
-0.1592333
-0.1596921
-0.1480998
-0.1362284
-0.1356392
-0.1464892
-0.1575657
-0.1565344
-0.1400974
-0.1153138
-0.0923863
-0.0764598
-0.0655135
-0.0548814
-0.0428567
-0.0318493
-0.0251209
-0.0237623
-0.0270525
-0.0341352
-0.0434458
-0.0507784
-0.0507178
-0.0426410
-0.0349465
-0.0401759
-0.0631365
-0.0939938
-0.1154686
-0.1185875
