-0.1564297
-0.2004667
-0.1522495
-0.1231450
-0.1377050
-0.1378961
-0.1070837
-0.0877515
-0.0937148
-0.0925505
-0.0723717
-0.0560303
-0.0495289
-0.0347899
-0.0123863
-0.0002464
0.0080186
0.0371251
0.0842861
0.1208210
0.1384081
0.1575944
0.1913482
0.2310070
0.2666825
0.2964710
0.3200152
0.3439491
0.3848153
0.4461857
0.5038290
0.5337783
0.5437903
0.5580541
0.5831474
0.6081204
0.6262114
0.6374051
0.6392438
0.6317910
0.6233335
0.6178330
0.6051959
0.5745302
0.5283217
0.4761148
0.4245315
0.3787415
0.3409556
0.3023188
0.2502353
0.1890513
0.1391781
0.1100700
0.0881419
0.0576259
0.0204431
-0.0111722
-0.0313465
-0.0445292
-0.0603661
-0.0861282
-0.1167456
-0.1340400
-0.1252945
-0.1004976
-0.0814982
-0.0771285
-0.0792840
-0.0796127
-0.0780705
-0.0772154
-0.0792297
-0.0873798
-0.1013529
-0.1131271
-0.1153477
-0.1110774
-0.1085094
-0.1099919
-0.1127185
-0.1155300
-0.1185299
-0.1205056
-0.1222354
-0.1273175
-0.1349886
-0.1379183
-0.1318525
-0.1219773
-0.1160485
-0.1168383
-0.1235314
-0.1333952
-0.1399204
-0.1376348
-0.1318005
-0.1350288
-0.1503471
-0.1648287
-0.1641385
-0.1480638
-0.1289984
-0.1196504
-0.1233193
-0.1317670
-0.1327708
-0.1241242
-0.1183275
-0.1280374
-0.1494036
-0.1663087
-0.1689274
-0.1614404
-0.1534514
-0.1506720
-0.1528563
-0.1549458
-0.1511833
-0.1423473
-0.1364847
-0.1383323
-0.1414727
-0.1359279
-0.1207421
-0.1047883
-0.0978056
-0.1036736
-0.1186370
-0.1328023
-0.1373070
-0.1332717
-0.1301309
-0.1329620
-0.1357973
-0.1293126
-0.1098546
-0.0779342
-0.0316952
0.0365822
0.1416850
0.3027806
0.5302745
0.8069426
1.0806526
1.2776729
1.3293980
1.2015692
0.9148895
0.5414995
0.1717673
-0.1269590
-0.3290371
-0.4416534
-0.4876126
-0.4928698
-0.4773227
-0.4494958
-0.4103320
-0.3624664
-0.3144149
-0.2767567
-0.2555758
-0.2475629
-0.2407159
-0.2242378
-0.2006052
-0.1841108
-0.1845343
-0.1959285
-0.2042752
-0.2019615
-0.1913927
-0.1788003
-0.1692891
-0.1655116
-0.1669632
-0.1711225
-0.1767991
-0.1848668
-0.1950980
-0.2043438
-0.2078777
-0.2006287
-0.1792746
-0.1477227
-0.1189177
-0.1046281
-0.1024164
-0.0981555
-0.0831128
-0.0639356
-0.0533957
-0.0542650
-0.0545642
-0.0380844
0.0000204
0.0470022
0.0834136
0.1019478
0.1135425
0.1334886
0.1652560
0.2009882
0.2338513
0.2648360
0.2993962
0.3419072
0.3924211
0.4454350
0.4927632
0.5302649
0.5608045
0.5889844
0.6148969
0.6349893
0.6473369
0.6542759
0.6607945
0.6702943
0.6796432
0.6787731
0.6588073
0.6213097
0.5764000
0.5314348
0.4850381
0.4326972
0.3743963
0.3154821
0.2627115
0.2198513
0.1843805
0.1485090
0.1065519
0.0615331
0.0217506
-0.0091093
-0.0354780
-0.0631350
-0.0911876
-0.1116180
-0.1167544
-0.1086831
-0.1013469
-0.1094338
-0.1326104
-0.1541193
-0.1588005
-0.1503162
-0.1465177
-0.1587649
-0.1794594
-0.1904064
-0.1817056
-0.1620125
-0.1500546
-0.1550533
-0.1666055
-0.1668489
-0.1518931
-0.1364001
-0.1355429
-0.1470175
-0.1542732
-0.1452293
-0.1248825
-0.1101063
-0.1132768
-0.1305024
-0.1459961
-0.1487979
-0.1438226
-0.1443755
-0.1554153
-0.1677356
-0.1684369
-0.1542188
-0.1344007
-0.1231564
-0.1280908
-0.1436656
-0.1560217
-0.1564569
-0.1497531
-0.1474908
-0.1544092
-0.1639389
-0.1666842
-0.1610910
-0.1555659
-0.1607095
-0.1785535
-0.1992808
-0.2106494
-0.2111162
-0.2106433
-0.2172411
-0.2262439
-0.2259843
-0.2122420
-0.1940523
-0.1852775
-0.1914589
-0.2045494
-0.2107572
-0.2049483
-0.1967190
-0.1998185
-0.2158514
-0.2316521
-0.2336582
-0.2222793
-0.2107338
-0.2111863
-0.2227892
-0.2326125
-0.2287762
-0.2134918
-0.2013981
-0.2029879
-0.2118717
-0.2123315
-0.1987461
-0.1829935
-0.1808626
-0.1938732
-0.2075041
-0.2079378
-0.1990295
-0.1994898
-0.2205786
-0.2488452
-0.2573018
-0.2359725
-0.2059815
-0.1981467
-0.2199315
-0.2488838
-0.2586239
-0.2464097
-0.2323665
-0.2338836
-0.2453644
-0.2462121
-0.2272014
-0.2031165
-0.1954568
-0.2066286
-0.2185897
-0.2173115
-0.2109977
-0.2190966
-0.2468579
-0.2768124
-0.2866145
-0.2724140
-0.2521006
-0.2453861
-0.2529733
-0.2582329
-0.2489354
-0.2325377
-0.2267229
-0.2378563
-0.2536247
-0.2566309
-0.2415532
-0.2185036
-0.2024828
-0.2005645
-0.2074534
-0.2121201
-0.2087983
-0.2014728
-0.1979717
-0.2011333
-0.2063352
-0.2063549
-0.1981184
-0.1860990
-0.1793169
-0.1829436
-0.1923875
-0.1981618
-0.1975000
-0.1981145
-0.2080101
-0.2234451
-0.2302954
-0.2183472
-0.1935188
-0.1748655
-0.1777819
-0.1989921
-0.2195303
-0.2243966
-0.2177102
-0.2154943
-0.2248093
-0.2349310
-0.2308516
-0.2117861
-0.1925334
-0.1869671
-0.1932683
-0.1977867
-0.1930098
-0.1880074
-0.1970609
-0.2188463
-0.2329333
-0.2207951
-0.1871909
-0.1560186
-0.1456189
-0.1518352
-0.1555191
-0.1432651
-0.1190685
-0.0972185
-0.0856158
-0.0761691
-0.0501763
0.0089089
0.1086071
0.2499209
0.4311521
0.6458571
0.8763430
1.0882724
1.2317410
1.2540832
1.1243658
0.8563988
0.5105772
0.1683524
-0.1046882
-0.2830530
-0.3800840
-0.4263299
-0.4450377
-0.4426237
-0.4182813
-0.3787021
-0.3401202
-0.3157863
-0.3039171
-0.2900657
-0.2621775
-0.2237664
-0.1918775
-0.1806828
-0.1870745
-0.1945636
-0.1919052
-0.1846260
-0.1855862
-0.1966572
-0.2042581
-0.1939438
-0.1669715
-0.1406471
-0.1322513
-0.1429304
-0.1578310
-0.1623446
-0.1569956
-0.1545065
-0.1629635
-0.1751339
-0.1758072
-0.1576927
-0.1284335
-0.1030382
-0.0906604
-0.0879762
-0.0840788
-0.0712960
-0.0509973
-0.0292037
-0.0085016
0.0139283
0.0414640
0.0738016
0.1076298
0.1396226
0.1684870
0.1955058
0.2233080
0.2530174
0.2826570
0.3094313
0.3335636
0.3590501
0.3905765
0.4296725
0.4728287
0.5130790
0.5452900
0.5712901
0.5982279
0.6297569
0.6595813
0.6761562
0.6746596
0.6632950
0.6563404
0.6597338
0.6631693
0.6480468
0.6054174
0.5457765
0.4889244
0.4440598
0.4023821
0.3501786
0.2866403
0.2264278
0.1852260
0.1642602
0.1492982
0.1246492
0.0880990
0.0516794
0.0276846
0.0154321
0.0032397
-0.0177062
-0.0438235
-0.0633850
-0.0682545
-0.0609161
-0.0515663
-0.0495708
-0.0573321
-0.0710224
-0.0854395
-0.0970905
-0.1041483
-0.1067031
-0.1077577
-0.1108652
-0.1146923
-0.1123116
-0.0990724
-0.0803949
-0.0686187
-0.0711831
-0.0834011
-0.0936833
-0.0950234
-0.0904863
-0.0876954
-0.0892279
-0.0898846
-0.0834333
-0.0701085
-0.0560457
-0.0467166
-0.0428534
-0.0416723
-0.0394620
-0.0335339
-0.0248825
-0.0195139
-0.0238222
-0.0363725
-0.0461496
-0.0420870
-0.0250821
-0.0091551
-0.0091376
-0.0265269
-0.0479572
-0.0585938
-0.0569657
-0.0553711
-0.0655171
-0.0855121
-0.1020282
-0.1039099
-0.0924160
-0.0792140
-0.0757402
-0.0837630
-0.0949398
-0.0997350
-0.0972892
-0.0958621
-0.1031861
-0.1176231
-0.1296922
-0.1310798
-0.1209275
-0.1045329
-0.0882084
-0.0757582
-0.0679410
-0.0630625
-0.0575889
-0.0481048
-0.0352297
-0.0254215
-0.0254300
-0.0327018
-0.0339697
-0.0176619
0.0121985
0.0378917
0.0452477
0.0377552
0.0341356
0.0556879
0.1179823
0.2312391
0.4017257
0.6271858
0.8887527
1.1474328
1.3498882
1.4418095
1.3851127
1.1756481
0.8538714
0.4957142
0.1796497
-0.0508130
-0.1987225
-0.2906802
-0.3450984
-0.3635501
-0.3471551
-0.3116247
-0.2806074
-0.2658718
-0.2584227
-0.2409142
-0.2072934
-0.1685810
-0.1404523
-0.1280765
-0.1238909
-0.1172115
-0.1032742
-0.0846511
-0.0678460
-0.0590793
-0.0601707
-0.0665171
-0.0705002
-0.0685516
-0.0644170
-0.0644944
-0.0702002
-0.0756350
-0.0730329
-0.0607004
-0.0456988
-0.0381631
-0.0421541
-0.0518034
-0.0564965
-0.0499732
-0.0351912
-0.0214639
-0.0164869
-0.0191866
-0.0196032
-0.0074779
0.0176017
0.0454112
0.0655201
0.0778113
0.0916872
0.1157586
0.1498345
0.1868871
0.2214412
0.2552577
0.2950385
0.3449895
0.4018836
0.4574189
0.5051908
0.5455593
0.5845608
0.6281232
0.6757207
0.7186491
0.7463872
0.7572482
0.7621660
0.7748801
0.7971464
0.8153340
0.8129385
0.7856708
0.7435716
0.6995918
0.6577993
0.6125629
0.5571819
0.4914120
0.4209401
0.3521059
0.2889707
0.2337484
0.1864205
0.1432787
0.0991733
0.0536340
0.0130440
-0.0158576
-0.0339212
-0.0485167
-0.0642994
-0.0773057
-0.0797673
-0.0700193
-0.0560387
-0.0485534
-0.0512767
-0.0587268
-0.0632371
-0.0625941
-0.0603719
-0.0606630
-0.0643057
-0.0692267
-0.0720854
-0.0696054
-0.0606912
-0.0483876
-0.0384583
-0.0348563
-0.0369980
-0.0418802
-0.0481081
-0.0570978
-0.0705511
-0.0872638
-0.1026119
-0.1114341
-0.1119746
-0.1075542
-0.1046487
-0.1087978
-0.1207069
-0.1349329
-0.1434254
-0.1430240
-0.1400321
-0.1447837
-0.1596952
-0.1742698
-0.1746682
-0.1584015
-0.1376964
-0.1275407
-0.1313276
-0.1389735
-0.1384965
-0.1282487
-0.1173569
-0.1150652
-0.1211155
-0.1268746
-0.1244505
-0.1135325
-0.1003124
-0.0914678
-0.0890504
-0.0897101
-0.0885950
-0.0849544
-0.0837679
-0.0904505
-0.1036794
-0.1149469
-0.1163054
-0.1081075
-0.0985377
-0.0959696
-0.1023068
-0.1132068
-0.1233597
-0.1306304
-0.1358770
-0.1409506
-0.1480575
-0.1592161
-0.1733674
-0.1841728
-0.1842789
-0.1741001
-0.1644215
-0.1671032
-0.1829516
-0.2007405
-0.2088403
-0.2065315
-0.2031521
-0.2072009
-0.2176562
-0.2259441
-0.2251338
-0.2163340
-0.2068556
-0.2035778
-0.2079384
-0.2153292
-0.2183768
-0.2128048
-0.2023180
-0.1965810
-0.2013569
-0.2103150
-0.2094557
-0.1915308
-0.1648287
-0.1459623
-0.1443276
-0.1547349
-0.1646220
-0.1665074
-0.1628200
-0.1606016
-0.1640346
-0.1720134
-0.1800593
-0.1827141
-0.1763396
-0.1633660
-0.1535639
-0.1567069
-0.1714615
-0.1844095
-0.1838592
-0.1736873
-0.1694231
-0.1795075
-0.1938822
-0.1944648
-0.1760050
-0.1530141
-0.1445215
-0.1541904
-0.1682115
-0.1719762
-0.1650983
-0.1585098
-0.1600826
-0.1670660
-0.1718834
-0.1710913
-0.1669225
-0.1628640
-0.1607224
-0.1613052
-0.1651736
-0.1715560
-0.1777138
-0.1808401
-0.1807314
-0.1797112
-0.1793136
-0.1776081
-0.1710452
-0.1594677
-0.1485638
-0.1462375
-0.1557056
-0.1715398
-0.1826466
-0.1809500
-0.1693197
-0.1605430
-0.1654383
-0.1803075
-0.1883199
-0.1763374
-0.1500714
-0.1297294
-0.1294667
-0.1430062
-0.1514201
-0.1440598
-0.1290289
-0.1222047
-0.1285928
-0.1376506
-0.1365694
-0.1245557
-0.1121607
-0.1091257
-0.1160850
-0.1270681
-0.1361892
-0.1409889
-0.1426278
-0.1452277
-0.1528129
-0.1634926
-0.1673844
-0.1546658
-0.1282098
-0.1057329
-0.1049482
-0.1254653
-0.1484416
-0.1565921
-0.1524925
-0.1533801
-0.1684688
-0.1865689
-0.1892264
-0.1729336
-0.1533333
-0.1472827
-0.1550225
-0.1625144
-0.1589343
-0.1481311
-0.1425372
-0.1487402
-0.1611651
-0.1686683
-0.1646841
-0.1507872
-0.1333660
-0.1192102
-0.1128182
-0.1144179
-0.1194300
-0.1219525
-0.1207174
-0.1210155
-0.1290626
-0.1440057
-0.1564100
-0.1558310
-0.1407206
-0.1210101
-0.1101462
-0.1134587
-0.1239740
-0.1301046
-0.1277748
-0.1247025
-0.1322193
-0.1525538
-0.1743648
-0.1817806
-0.1691240
-0.1471136
-0.1337294
-0.1381341
-0.1535443
-0.1657920
-0.1678989
-0.1653708
-0.1677430
-0.1765168
-0.1826552
-0.1762566
-0.1581504
-0.1407174
-0.1361051
-0.1437695
-0.1510153
-0.1466054
-0.1328675
-0.1229100
-0.1258540
-0.1362855
-0.1396063
-0.1275893
-0.1071819
-0.0929358
-0.0916275
-0.0962840
-0.0956921
-0.0875041
-0.0797223
-0.0800545
-0.0866167
-0.0903143
-0.0847845
-0.0721773
-0.0594725
-0.0508644
-0.0447992
-0.0379616
-0.0308928
-0.0288632
-0.0372417
-0.0562121
-0.0796726
-0.0988444
-0.1076233
-0.1062186
-0.1008397
-0.0993314
-0.1055773
-0.1169805
-0.1270434
-0.1307640
-0.1285142
-0.1255735
-0.1275786
-0.1350743
-0.1418681
-0.1397604
-0.1263456
-0.1083814
-0.0965044
-0.0957015
-0.1007931
-0.1015826
-0.0926049
-0.0775202
-0.0636460
-0.0528830
-0.0396821
-0.0187198
0.0071471
0.0296449
0.0474758
0.0750937
0.1369388
0.2509562
0.4162898
0.6155124
0.8265914
1.0304037
1.2065585
1.3261649
1.3563484
1.2789039
1.1075076
0.8854429
0.6629309
0.4719539
0.3177704
0.1902900
0.0818612
-0.0044757
-0.0608722
-0.0861796
-0.0911250
-0.0925661
-0.1022930
-0.1200579
-0.1366416
-0.1443682
-0.1456217
-0.1507314
-0.1664766
-0.1871309
-0.1988582
-0.1939854
-0.1795712
-0.1701035
-0.1721815
-0.1785798
-0.1782608
-0.1701018
-0.1636792
-0.1660755
-0.1710008
-0.1644159
-0.1410278
-0.1121624
-0.0948961
-0.0941617
-0.0978038
-0.0898372
-0.0671756
-0.0422130
-0.0293857
-0.0301144
-0.0311486
-0.0174088
0.0135449
0.0492890
0.0742933
0.0840905
0.0883884
0.1005856
0.1242811
0.1501854
0.1664949
0.1720333
0.1782242
0.1975535
0.2309124
0.2675295
0.2969216
0.3188342
0.3404164
0.3655635
0.3902308
0.4092153
0.4251716
0.4476221
0.4820610
0.5220217
0.5544164
0.5728921
0.5837745
0.5972435
0.6138123
0.6222033
0.6117307
0.5852910
0.5578135
0.5410825
0.5312401
0.5128918
0.4758657
0.4265934
0.3815518
0.3499264
0.3248370
0.2928813
0.2508388
0.2102000
0.1843518
0.1733044
0.1634647
0.1423186
0.1108136
0.0797019
0.0556390
0.0346742
0.0105280
-0.0142287
-0.0296366
-0.0311936
-0.0273338
-0.0310087
-0.0450795
-0.0595003
-0.0638718
-0.0599788
-0.0590444
-0.0672938
-0.0776870
-0.0780504
-0.0658960
-0.0522452
-0.0500668
-0.0609678
-0.0750339
-0.0827362
-0.0844253
-0.0872121
-0.0943150
-0.0999296
-0.0953513
-0.0790711
-0.0594271
-0.0468748
-0.0442335
-0.0452179
-0.0423514
-0.0352268
-0.0300800
-0.0316049
-0.0366517
-0.0372287
-0.0295684
-0.0188976
-0.0141972
-0.0187015
-0.0270277
-0.0321950
-0.0339877
-0.0384112
-0.0489121
-0.0604069
-0.0640244
-0.0574079
-0.0483833
-0.0474116
-0.0573256
-0.0718254
-0.0837726
-0.0930444
-0.1048386
-0.1211725
-0.1364930
-0.1430819
-0.1398697
-0.1340747
-0.1336712
-0.1395162
-0.1460959
-0.1494543
-0.1524396
-0.1608430
-0.1751232
-0.1880228
-0.1916466
-0.1861768
-0.1799283
-0.1802882
-0.1858442
-0.1887986
-0.1847630
-0.1783849
-0.1781425
-0.1862582
-0.1953026
-0.1954147
-0.1842213
-0.1688934
-0.1587265
-0.1565958
-0.1578916
-0.1569280
-0.1534040
-0.1524534
-0.1587478
-0.1706589
-0.1802525
-0.1798023
-0.1695270
-0.1590346
-0.1595651
-0.1731440
-0.1895993
-0.1959768
-0.1896581
-0.1809047
-0.1811114
-0.1895925
-0.1945735
-0.1878778
-0.1758655
-0.1728117
-0.1841373
-0.1998857
-0.2066432
-0.2031871
-0.2003972
-0.2058389
-0.2129562
-0.2090176
