-0.0411670
-0.0463601
-0.0611908
-0.0598071
-0.0410221
-0.0261251
-0.0242700
-0.0249780
-0.0214458
-0.0191598
-0.0214731
-0.0247750
-0.0290363
-0.0384373
-0.0506576
-0.0579843
-0.0596578
-0.0626698
-0.0704227
-0.0796662
-0.0877058
-0.0942550
-0.0975925
-0.0968184
-0.0963575
-0.1008569
-0.1071912
-0.1082004
-0.1027389
-0.0961024
-0.0923122
-0.0912976
-0.0917609
-0.0920485
-0.0900976
-0.0864100
-0.0847510
-0.0866755
-0.0883490
-0.0859289
-0.0808540
-0.0767869
-0.0747214
-0.0740599
-0.0750286
-0.0768875
-0.0768133
-0.0735334
-0.0696422
-0.0680872
-0.0685344
-0.0685618
-0.0660955
-0.0600502
-0.0514540
-0.0442049
-0.0409696
-0.0372049
-0.0223461
0.0119237
0.0665716
0.1375586
0.2190792
0.3028953
0.3765095
0.4232207
0.4249286
0.3697701
0.2630406
0.1307927
0.0077000
-0.0823895
-0.1358473
-0.1630563
-0.1762331
-0.1817624
-0.1799517
-0.1700505
-0.1553079
-0.1421691
-0.1342895
-0.1295073
-0.1238158
-0.1160844
-0.1075696
-0.0994642
-0.0931148
-0.0904225
-0.0913175
-0.0920373
-0.0882998
-0.0799713
-0.0714350
-0.0675655
-0.0693816
-0.0726797
-0.0712734
-0.0632889
-0.0540936
-0.0509918
-0.0550426
-0.0602372
-0.0607744
-0.0568114
-0.0527218
-0.0519835
-0.0544922
-0.0570919
-0.0560126
-0.0500651
-0.0418900
-0.0352039
-0.0308950
-0.0265876
-0.0195168
-0.0090719
0.0024891
0.0108738
0.0127850
0.0098368
0.0084121
0.0138311
0.0252704
0.0378176
0.0486663
0.0596507
0.0741082
0.0926109
0.1117850
0.1268732
0.1359411
0.1416830
0.1481512
0.1557468
0.1609400
0.1611199
0.1578580
0.1546057
0.1526761
0.1503028
0.1444114
0.1327147
0.1154416
0.0958928
0.0783443
0.0645608
0.0526912
0.0397175
0.0246855
0.0100078
0.0001270
-0.0021496
0.0007298
0.0019823
-0.0032250
-0.0127516
-0.0202492
-0.0226026
-0.0229700
-0.0263832
-0.0337977
-0.0410612
-0.0432309
-0.0397683
-0.0355418
-0.0361794
-0.0422894
-0.0491210
-0.0520760
-0.0512152
-0.0497913
-0.0498714
-0.0506006
-0.0498019
-0.0461339
-0.0402326
-0.0344580
-0.0308780
-0.0288992
-0.0255562
-0.0187581
-0.0098141
-0.0024120
0.0006041
-0.0003623
-0.0018546
-0.0003867
0.0036983
0.0057534
0.0015328
-0.0076835
-0.0159328
-0.0186542
-0.0168715
-0.0152389
-0.0169381
-0.0206669
-0.0219036
-0.0171247
-0.0075031
0.0015166
0.0047977
0.0016686
-0.0044476
-0.0097342
-0.0129158
-0.0155299
-0.0201856
-0.0279099
-0.0364086
-0.0415213
-0.0411869
-0.0376087
-0.0350461
-0.0359819
-0.0397230
-0.0438273
-0.0462178
-0.0465532
-0.0462128
-0.0466248
-0.0474019
-0.0467009
-0.0435902
-0.0393652
-0.0362951
-0.0356537
-0.0370140
-0.0387221
-0.0389566
-0.0371144
-0.0344601
-0.0330031
-0.0336893
-0.0358904
-0.0381357
-0.0387962
-0.0367814
-0.0325978
-0.0282605
-0.0250605
-0.0217872
-0.0164067
-0.0093513
-0.0036644
-0.0011623
0.0009617
0.0091125
0.0289261
0.0622562
0.1088176
0.1702479
0.2498574
0.3446320
0.4363856
0.4942236
0.4912184
0.4228763
0.3113612
0.1919004
0.0927652
0.0237518
-0.0207423
-0.0501869
-0.0695537
-0.0800300
-0.0839882
-0.0858566
-0.0879206
-0.0877252
-0.0813486
-0.0687041
-0.0545600
-0.0443210
-0.0392565
-0.0360315
-0.0309549
-0.0245057
-0.0210313
-0.0236867
-0.0304623
-0.0360001
-0.0368044
-0.0337775
-0.0300729
-0.0276790
-0.0263436
-0.0250400
-0.0238334
-0.0239845
-0.0259186
-0.0274166
-0.0249986
-0.0177617
-0.0090738
-0.0035733
-0.0027620
-0.0041080
-0.0041011
-0.0015224
0.0021752
0.0051937
0.0078921
0.0128284
0.0220766
0.0347357
0.0476441
0.0584048
0.0670830
0.0752190
0.0843106
0.0955003
0.1096246
0.1265864
0.1446944
0.1609036
0.1719591
0.1760811
0.1744760
0.1711871
0.1706258
0.1746953
0.1821559
0.1903703
0.1973458
0.2025686
0.2064802
0.2089532
0.2079947
0.2006863
0.1864003
0.1688635
0.1539045
0.1444905
0.1380560
0.1289325
0.1136948
0.0945119
0.0772742
0.0661217
0.0599346
0.0545702
0.0479608
0.0417415
0.0379296
0.0358215
0.0333497
0.0304389
0.0293269
0.0314931
0.0355743
0.0391914
0.0424113
0.0482755
0.0593366
0.0746359
0.0919759
0.1136875
0.1481763
0.2034342
0.2789749
0.3656859
0.4539726
0.5409086
0.6290497
0.7196863
0.8088103
0.8898171
0.9592967
1.0194986
1.0751260
1.1282452
1.1767475
1.2173718
1.2492669
1.2741101
1.2926298
1.3000391
1.2834726
1.2247231
1.1096431
0.9395908
0.7355207
0.5294813
0.3491546
0.2071089
0.1012529
0.0228749
-0.0360657
-0.0810373
-0.1164009
-0.1458261
-0.1708677
-0.1909185
-0.2060379
-0.2191067
-0.2336561
-0.2498374
-0.2643487
-0.2749901
-0.2839148
-0.2951502
-0.3095102
-0.3233920
-0.3330950
-0.3395910
-0.3479745
-0.3618387
-0.3789224
-0.3933992
-0.4025361
-0.4100220
-0.4221109
-0.4412311
-0.4641472
-0.4858206
-0.5040779
-0.5206706
-0.5387694
-0.5598263
-0.5825050
-0.6043026
-0.6240171
-0.6423758
-0.6602364
-0.6766435
-0.6890948
-0.6957176
-0.6970424
-0.6955749
-0.6934350
-0.6902975
-0.6839946
-0.6733520
-0.6596264
-0.6441138
-0.6248139
-0.5972808
-0.5598085
-0.5170369
-0.4772664
-0.4458862
-0.4215474
-0.3984938
-0.3720983
-0.3419555
-0.3101886
-0.2780870
-0.2455951
-0.2137707
-0.1858742
-0.1646057
-0.1488121
-0.1343295
-0.1183659
-0.1022110
-0.0891702
-0.0802994
-0.0728274
-0.0630381
-0.0505583
-0.0393012
-0.0336779
-0.0340271
-0.0364200
-0.0370277
-0.0358915
-0.0359495
-0.0389560
-0.0431111
-0.0446863
-0.0416248
-0.0355117
-0.0300923
-0.0277807
-0.0276645
-0.0270737
-0.0248348
-0.0224304
-0.0219215
-0.0232780
-0.0241111
-0.0219567
-0.0168231
-0.0115846
-0.0096031
-0.0115766
-0.0148565
-0.0162295
-0.0151989
-0.0140529
-0.0148349
-0.0169253
-0.0179226
-0.0165902
-0.0144680
-0.0142619
-0.0165595
-0.0185808
-0.0169683
-0.0119791
-0.0080691
-0.0095436
-0.0158974
-0.0221779
-0.0240510
-0.0220742
-0.0207774
-0.0237512
-0.0299881
-0.0353426
-0.0374870
-0.0386282
-0.0425015
-0.0490023
-0.0531685
-0.0503291
-0.0416855
-0.0337236
-0.0317828
-0.0347095
-0.0364653
-0.0330751
-0.0272829
-0.0254275
-0.0297598
-0.0351528
-0.0344756
-0.0266448
-0.0180070
-0.0155990
-0.0201238
-0.0261026
-0.0280742
-0.0255769
-0.0221306
-0.0204672
-0.0198314
-0.0180150
-0.0150318
-0.0137080
-0.0166018
-0.0231090
-0.0299150
-0.0337842
-0.0336995
-0.0310129
-0.0281986
-0.0271529
-0.0280182
-0.0295555
-0.0308749
-0.0326085
-0.0360088
-0.0409899
-0.0455841
-0.0477375
-0.0476072
-0.0476187
-0.0497000
-0.0525104
-0.0522685
-0.0469763
-0.0392518
-0.0338922
-0.0326421
-0.0324756
-0.0295771
-0.0241359
-0.0200824
-0.0200929
-0.0219191
-0.0206586
-0.0146851
-0.0083644
-0.0078875
-0.0144850
-0.0227864
-0.0264154
-0.0244842
-0.0217435
-0.0227189
-0.0267741
-0.0292719
-0.0269524
-0.0215385
-0.0179958
-0.0195143
-0.0244525
-0.0282388
-0.0279718
-0.0248620
-0.0224648
-0.0232261
-0.0268961
-0.0315987
-0.0357685
-0.0391176
-0.0421736
-0.0451649
-0.0475212
-0.0485831
-0.0486549
-0.0490072
-0.0506930
-0.0534291
-0.0556008
-0.0553455
-0.0520115
-0.0470072
-0.0430718
-0.0421421
-0.0437242
-0.0455707
-0.0459436
-0.0448793
-0.0431876
-0.0407131
-0.0362198
-0.0292873
-0.0220486
-0.0182259
-0.0196687
-0.0240161
-0.0267647
-0.0260408
-0.0244260
-0.0251450
-0.0270314
-0.0248478
-0.0153691
-0.0024088
0.0054347
0.0025666
-0.0083591
-0.0193135
-0.0246876
-0.0255411
-0.0262236
-0.0282251
-0.0288197
-0.0255303
-0.0202879
-0.0181379
-0.0222366
-0.0307716
-0.0386801
-0.0420614
-0.0411789
-0.0396822
-0.0409312
-0.0446496
-0.0469226
-0.0437404
-0.0350536
-0.0255181
-0.0207859
-0.0224627
-0.0267651
-0.0286630
-0.0272436
-0.0261130
-0.0282646
-0.0318146
-0.0321614
-0.0279277
-0.0229997
-0.0218448
-0.0238985
-0.0241836
-0.0196831
-0.0136787
-0.0123261
-0.0170718
-0.0220654
-0.0202755
-0.0115569
-0.0032151
-0.0023296
-0.0086345
-0.0156244
-0.0178609
-0.0161471
-0.0156628
-0.0198841
-0.0266389
-0.0297691
-0.0245806
-0.0121896
0.0011186
0.0093921
0.0131259
0.0206353
0.0427759
0.0851532
0.1451289
0.2164473
0.2952220
0.3780867
0.4526701
0.4928575
0.4701373
0.3755160
0.2320499
0.0838815
-0.0305801
-0.0987088
-0.1316665
-0.1464517
-0.1511421
-0.1451399
-0.1286823
-0.1079161
-0.0903587
-0.0781565
-0.0680081
-0.0571364
-0.0473402
-0.0424021
-0.0426579
-0.0437191
-0.0410491
-0.0350079
-0.0303293
-0.0305394
-0.0339069
-0.0356829
-0.0336502
-0.0300510
-0.0278698
-0.0267561
-0.0240110
-0.0190700
-0.0151391
-0.0153495
-0.0182134
-0.0186754
-0.0142143
-0.0084751
-0.0071097
-0.0102063
-0.0108936
-0.0028566
0.0116827
0.0232668
0.0247845
0.0186576
0.0139806
0.0174294
0.0279069
0.0395819
0.0485942
0.0559342
0.0646478
0.0758987
0.0883590
0.1003646
0.1113471
0.1212844
0.1299780
0.1374114
0.1440809
0.1502889
0.1555500
0.1594924
0.1632780
0.1692936
0.1788709
0.1904707
0.2005837
0.2066780
0.2092198
0.2107340
0.2130472
0.2156768
0.2167243
0.2147629
0.2096665
0.2022427
0.1937310
0.1853731
0.1775980
0.1693661
0.1589145
0.1456647
0.1311872
0.1178172
0.1062841
0.0951331
0.0828347
0.0702583
0.0604017
0.0552506
0.0532705
0.0507196
0.0455358
0.0392928
0.0349616
0.0332488
0.0318006
0.0279828
0.0219725
0.0169267
0.0162189
0.0204085
0.0265719
0.0304859
0.0298651
0.0260861
0.0230141
0.0237508
0.0278779
0.0317738
0.0322193
0.0300726
0.0298703
0.0350537
0.0437570
0.0502091
0.0506359
0.0471084
0.0449278
0.0465781
0.0492219
0.0485532
0.0444381
0.0416425
0.0445554
0.0518634
0.0574320
0.0565824
0.0506960
0.0450729
0.0428056
0.0417748
0.0379111
0.0306456
0.0242239
0.0233389
0.0278258
0.0322388
0.0309113
0.0232017
0.0135053
0.0064231
0.0025523
-0.0009295
-0.0063382
-0.0128970
-0.0179299
-0.0199255
-0.0199489
-0.0201100
-0.0210548
-0.0213699
-0.0195596
-0.0163019
-0.0143000
-0.0156747
-0.0195652
-0.0225081
-0.0214689
-0.0167864
-0.0121579
-0.0114451
-0.0153013
-0.0210331
-0.0257125
-0.0288990
-0.0319418
-0.0351699
-0.0368495
-0.0353234
-0.0315412
-0.0286272
-0.0287807
-0.0310629
-0.0326368
-0.0320205
-0.0305911
-0.0306628
-0.0325239
-0.0339849
-0.0329161
-0.0297671
-0.0272833
-0.0278828
-0.0314881
-0.0358421
-0.0388150
-0.0403759
-0.0421995
-0.0452062
-0.0477379
-0.0468002
-0.0414587
-0.0346089
-0.0306788
-0.0313355
-0.0338352
-0.0340484
-0.0310378
-0.0281050
-0.0289777
-0.0333746
-0.0371156
-0.0367448
-0.0332696
-0.0306745
-0.0311694
-0.0329139
-0.0327174
-0.0301964
-0.0283575
-0.0299755
-0.0340132
-0.0362292
-0.0334201
-0.0267524
-0.0206815
-0.0187441
-0.0206817
-0.0235572
-0.0251526
-0.0259096
-0.0277053
-0.0311538
-0.0344681
-0.0352166
-0.0332433
-0.0314751
-0.0332320
-0.0385612
-0.0437293
-0.0448859
-0.0421082
-0.0392303
-0.0394187
-0.0413995
-0.0407936
-0.0353385
-0.0281198
-0.0248686
-0.0280973
-0.0346459
-0.0393564
-0.0404884
-0.0406864
-0.0428607
-0.0462801
-0.0474496
-0.0443784
-0.0390160
-0.0350921
-0.0339966
-0.0334531
-0.0304262
-0.0248592
-0.0199082
-0.0183492
-0.0192145
-0.0185255
-0.0135202
-0.0059727
-0.0010250
-0.0024184
-0.0086983
-0.0142766
-0.0145990
-0.0104289
-0.0068930
-0.0082285
-0.0136699
-0.0186513
-0.0197887
-0.0182087
-0.0178426
-0.0208654
-0.0254453
-0.0281886
-0.0282419
-0.0281133
-0.0302467
-0.0336358
-0.0348335
-0.0322728
-0.0285579
-0.0277151
-0.0305558
-0.0337260
-0.0336853
-0.0309319
-0.0293701
-0.0314491
-0.0348951
-0.0351554
-0.0308184
-0.0254847
-0.0237047
-0.0257894
-0.0276965
-0.0260097
-0.0218785
-0.0191386
-0.0189899
-0.0178984
-0.0116443
-0.0009181
0.0085440
0.0123791
0.0139347
0.0234380
0.0505988
0.0981931
0.1622460
0.2362262
0.3123913
0.3783636
0.4150198
0.4025862
0.3333293
0.2204339
0.0938259
-0.0152793
-0.0894045
-0.1288354
-0.1443944
-0.1473439
-0.1441993
-0.1374593
-0.1283320
-0.1180478
-0.1075052
-0.0967981
-0.0856807
-0.0746392
-0.0653917
-0.0599239
-0.0584868
-0.0583940
-0.0554323
-0.0474750
-0.0371112
-0.0300731
-0.0301381
-0.0354188
-0.0402251
-0.0408088
-0.0387641
-0.0384019
-0.0413934
-0.0450183
-0.0457804
-0.0436587
-0.0417739
-0.0421561
-0.0431575
-0.0418477
-0.0382392
-0.0356290
-0.0361744
-0.0371619
-0.0331138
-0.0218671
-0.0075770
0.0031745
0.0080383
0.0109663
0.0175556
0.0290386
0.0415142
0.0508547
0.0574183
0.0653082
0.0774098
0.0921257
0.1053498
0.1149805
0.1226416
0.1310029
0.1403006
0.1482269
0.1530608
0.1560781
0.1602653
0.1668219
0.1736226
0.1775556
0.1780151
0.1773171
0.1774205
0.1769099
0.1721476
0.1616089
0.1483835
0.1375758
0.1311345
0.1258486
0.1169245
0.1032142
0.0881490
0.0754068
0.0646328
0.0525032
0.0378276
0.0242266
0.0166916
0.0158531
0.0168627
0.0145154
0.0088103
0.0044460
0.0047578
0.0071876
0.0057724
-0.0019527
-0.0114884
-0.0154871
-0.0111671
-0.0031652
0.0009423
-0.0025462
-0.0112361
-0.0204819
-0.0283710
-0.0364005
-0.0457548
-0.0540577
-0.0566272
-0.0508964
-0.0390669
-0.0262269
-0.0162785
-0.0100408
-0.0067761
-0.0062806
-0.0085742
-0.0119318
-0.0126213
-0.0077500
0.0015920
0.0107681
0.0156296
0.0158732
0.0141287
0.0122674
0.0096575
0.0053744
0.0011158
0.0004963
0.0049998
0.0114355
0.0144334
0.0116412
0.0058683
0.0017126
0.0005051
-0.0007140
-0.0052435
-0.0126021
-0.0189983
-0.0215893
-0.0214393
-0.0220027
-0.0253517
-0.0306645
-0.0362581
-0.0420286
-0.0489983
-0.0567339
-0.0624277
-0.0634790
-0.0608007
-0.0586227
-0.0603838
-0.0650415
-0.0680506
-0.0662216
-0.0612903
-0.0582690
-0.0602084
-0.0648844
-0.0669500
-0.0633245
-0.0561678
-0.0504047
-0.0486553
-0.0491434
-0.0486244
-0.0465737
-0.0454809
-0.0468901
-0.0482208
-0.0448198
-0.0354125
-0.0245471
-0.0186231
-0.0195959
-0.0234856
-0.0253952
-0.0250950
-0.0266162
-0.0325546
-0.0401395
-0.0439286
-0.0419932
-0.0383061
-0.0385186
-0.0439231
-0.0503129
-0.0527937
-0.0510934
-0.0496903
-0.0528811
-0.0601394
-0.0664717
-0.0671920
-0.0622620
-0.0560868
-0.0532425
-0.0544307
-0.0564531
-0.0558888
-0.0525643
-0.0493775
-0.0489492
-0.0507742
-0.0517501
-0.0492655
-0.0435292
-0.0370010
-0.0319742
-0.0289776
-0.0272625
-0.0262156
-0.0258405
-0.0259530
-0.0254250
-0.0227440
-0.0175285
-0.0113691
-0.0068740
-0.0056236
-0.0069884
-0.0090465
-0.0107172
-0.0128561
-0.0170217
-0.0231357
-0.0286520
