0.0031789
0.0061956
0.0175045
0.0280517
0.0302819
0.0240100
0.0140478
0.0042085
-0.0053228
-0.0157541
-0.0264769
-0.0343891
-0.0356249
-0.0279448
-0.0128625
0.0034024
0.0121420
0.0080552
-0.0054668
-0.0180958
-0.0219246
-0.0197596
-0.0226297
-0.0377270
-0.0595448
-0.0747300
-0.0760634
-0.0701562
-0.0701710
-0.0818052
-0.0981825
-0.1086683
-0.1107609
-0.1115379
-0.1179042
-0.1275830
-0.1311064
-0.1220908
-0.1041787
-0.0875388
-0.0794817
-0.0793474
-0.0821522
-0.0857650
-0.0931473
-0.1072103
-0.1242750
-0.1341229
-0.1280398
-0.1075641
-0.0848396
-0.0730846
-0.0756550
-0.0842021
-0.0876802
-0.0829359
-0.0760243
-0.0735349
-0.0743943
-0.0720703
-0.0646242
-0.0597970
-0.0672901
-0.0861602
-0.1030478
-0.1056371
-0.0970578
-0.0936345
-0.1065899
-0.1278829
-0.1373517
-0.1244717
-0.1005566
-0.0872793
-0.0940396
-0.1091268
-0.1135760
-0.1012645
-0.0833428
-0.0742143
-0.0764134
-0.0805284
-0.0778798
-0.0704700
-0.0680081
-0.0768441
-0.0931770
-0.1068334
-0.1108108
-0.1070082
-0.1031757
-0.1045626
-0.1085011
-0.1074093
-0.0976220
-0.0850917
-0.0811797
-0.0917719
-0.1108954
-0.1262018
-0.1308742
-0.1290058
-0.1288247
-0.1323199
-0.1338308
-0.1288024
-0.1210291
-0.1184866
-0.1224625
-0.1240167
-0.1136364
-0.0935939
-0.0779490
-0.0786623
-0.0924014
-0.1025105
-0.0944451
-0.0691007
-0.0414166
-0.0265836
-0.0268135
-0.0289095
-0.0122248
0.0410754
0.1408107
0.2893821
0.4826849
0.7056371
0.9237835
1.0813604
1.1167416
0.9933397
0.7267939
0.3855019
0.0593432
-0.1831500
-0.3200629
-0.3709123
-0.3724769
-0.3564843
-0.3401357
-0.3269327
-0.3117955
-0.2881752
-0.2554748
-0.2216517
-0.1969633
-0.1835898
-0.1725370
-0.1531296
-0.1259790
-0.1044675
-0.1014183
-0.1147426
-0.1282704
-0.1276626
-0.1143717
-0.1025664
-0.1027769
-0.1105289
-0.1122298
-0.1010659
-0.0846861
-0.0762425
-0.0796063
-0.0860556
-0.0858375
-0.0800892
-0.0782087
-0.0837841
-0.0869971
-0.0744240
-0.0458196
-0.0174177
-0.0058802
-0.0101853
-0.0126593
0.0011908
0.0267846
0.0472702
0.0550267
0.0621417
0.0871802
0.1339255
0.1871569
0.2298485
0.2609157
0.2931150
0.3352483
0.3810108
0.4173020
0.4405942
0.4609910
0.4897665
0.5263133
0.5599203
0.5828194
0.5979238
0.6127780
0.6287089
0.6391236
0.6385640
0.6306720
0.6246634
0.6237578
0.6188318
0.5952992
0.5468807
0.4822251
0.4175738
0.3630049
0.3160598
0.2683347
0.2169058
0.1678701
0.1286300
0.0985352
0.0694256
0.0357465
0.0018004
-0.0235341
-0.0387615
-0.0531036
-0.0755290
-0.1019928
-0.1174177
-0.1121951
-0.0947712
-0.0848201
-0.0934710
-0.1125512
-0.1249740
-0.1241489
-0.1200549
-0.1255837
-0.1398682
-0.1481679
-0.1378183
-0.1113912
-0.0828079
-0.0625523
-0.0494251
-0.0365783
-0.0223702
-0.0124350
-0.0115089
-0.0161178
-0.0173933
-0.0104551
0.0008426
0.0086845
0.0089316
0.0026671
-0.0084106
-0.0248379
-0.0457452
-0.0639290
-0.0684103
-0.0548968
-0.0334616
-0.0228510
-0.0343253
-0.0608105
-0.0836057
-0.0906313
-0.0870077
-0.0866878
-0.0951255
-0.1032551
-0.0997851
-0.0868740
-0.0796002
-0.0886677
-0.1066108
-0.1149245
-0.1049610
-0.0880887
-0.0824858
-0.0918778
-0.1015918
-0.0965307
-0.0791830
-0.0661491
-0.0682365
-0.0789268
-0.0847547
-0.0834206
-0.0861274
-0.1012890
-0.1210975
-0.1291959
-0.1205146
-0.1079475
-0.1066281
-0.1151754
-0.1177294
-0.1047240
-0.0867264
-0.0840269
-0.1043072
-0.1347449
-0.1567346
-0.1644922
-0.1662315
-0.1698255
-0.1733237
-0.1715372
-0.1669390
-0.1676911
-0.1746179
-0.1759150
-0.1593950
-0.1284575
-0.1013024
-0.0928893
-0.1005834
-0.1099806
-0.1126383
-0.1134849
-0.1197738
-0.1274084
-0.1237206
-0.1040990
-0.0809798
-0.0722764
-0.0820647
-0.0967458
-0.1015507
-0.0977310
-0.1001018
-0.1181641
-0.1432486
-0.1566538
-0.1492946
-0.1307578
-0.1186671
-0.1215699
-0.1340651
-0.1466942
-0.1561735
-0.1640195
-0.1683815
-0.1625828
-0.1438571
-0.1208664
-0.1084733
-0.1136161
-0.1280601
-0.1369804
-0.1340904
-0.1261967
-0.1227192
-0.1238020
-0.1217085
-0.1128021
-0.1038254
-0.1038940
-0.1124408
-0.1187849
-0.1142189
-0.1017726
-0.0919979
-0.0905757
-0.0929850
-0.0916685
-0.0854917
-0.0797936
-0.0786835
-0.0808598
-0.0837574
-0.0885156
-0.0978090
-0.1099829
-0.1190836
-0.1220904
-0.1237112
-0.1312568
-0.1450539
-0.1565030
-0.1571301
-0.1483639
-0.1401576
-0.1394367
-0.1416201
-0.1353500
-0.1153366
-0.0886600
-0.0671255
-0.0537532
-0.0375124
-0.0009152
0.0685522
0.1749953
0.3199707
0.5068561
0.7330825
0.9734593
1.1718165
1.2563546
1.1752932
0.9300774
0.5816136
0.2230528
-0.0640924
-0.2430251
-0.3255860
-0.3498993
-0.3515109
-0.3478028
-0.3406948
-0.3276744
-0.3087113
-0.2856001
-0.2592012
-0.2300699
-0.2013634
-0.1789011
-0.1669090
-0.1642503
-0.1659626
-0.1680548
-0.1691613
-0.1674983
-0.1591455
-0.1425291
-0.1244412
-0.1180901
-0.1318354
-0.1595868
-0.1845175
-0.1939407
-0.1900364
-0.1847115
-0.1845815
-0.1836036
-0.1717766
-0.1488252
-0.1259149
-0.1137032
-0.1119187
-0.1126216
-0.1110161
-0.1086178
-0.1053342
-0.0932720
-0.0635092
-0.0190310
0.0236405
0.0493293
0.0597910
0.0715808
0.0984343
0.1387906
0.1817669
0.2216766
0.2622892
0.3077252
0.3546526
0.3967862
0.4343861
0.4744015
0.5202661
0.5652267
0.5990026
0.6198291
0.6362527
0.6560637
0.6765317
0.6882607
0.6868248
0.6763545
0.6609085
0.6366101
0.5964855
0.5421395
0.4861413
0.4403426
0.4035887
0.3638164
0.3122700
0.2530908
0.1976750
0.1519468
0.1123806
0.0740304
0.0381357
0.0089213
-0.0146046
-0.0388046
-0.0663889
-0.0911046
-0.1048894
-0.1090735
-0.1145372
-0.1292342
-0.1479602
-0.1572704
-0.1501750
-0.1335563
-0.1205270
-0.1179325
-0.1231209
-0.1305556
-0.1372963
-0.1415611
-0.1405056
-0.1334113
-0.1255176
-0.1240535
-0.1289073
-0.1302911
-0.1188387
-0.0972603
-0.0787237
-0.0723776
-0.0727181
-0.0659849
-0.0465740
-0.0240940
-0.0128797
-0.0169056
-0.0277258
-0.0360088
-0.0409553
-0.0467735
-0.0533928
-0.0554080
-0.0507988
-0.0467318
-0.0528022
-0.0687661
-0.0826571
-0.0837422
-0.0759192
-0.0746433
-0.0893494
-0.1114969
-0.1227564
-0.1143199
-0.0953883
-0.0821056
-0.0808799
-0.0850017
-0.0863107
-0.0861346
-0.0922511
-0.1067991
-0.1212565
-0.1253519
-0.1188671
-0.1113888
-0.1103013
-0.1122710
-0.1089318
-0.0992997
-0.0927904
-0.0983093
-0.1122246
-0.1201126
-0.1114984
-0.0915046
-0.0761317
-0.0760986
-0.0870946
-0.0966750
-0.0987292
-0.0985117
-0.1036909
-0.1136682
-0.1202303
-0.1179218
-0.1111041
-0.1093913
-0.1171028
-0.1289896
-0.1368197
-0.1388063
-0.1408714
-0.1485579
-0.1592497
-0.1636737
-0.1550457
-0.1363546
-0.1188985
-0.1137536
-0.1236090
-0.1414860
-0.1569578
-0.1641325
-0.1642662
-0.1614653
-0.1571466
-0.1496029
-0.1383511
-0.1270261
-0.1205537
-0.1196840
-0.1198524
-0.1166772
-0.1119980
-0.1124561
-0.1210476
-0.1315711
-0.1337732
-0.1242907
-0.1107536
-0.1040140
-0.1072310
-0.1136852
-0.1147471
-0.1085353
-0.1003747
-0.0959395
-0.0954252
-0.0947634
-0.0913705
-0.0871750
-0.0857460
-0.0876792
-0.0899636
-0.0897516
-0.0879600
-0.0888031
-0.0957333
-0.1076632
-0.1193076
-0.1259016
-0.1277879
-0.1295700
-0.1342770
-0.1394106
-0.1400916
-0.1356560
-0.1310909
-0.1307382
-0.1317864
-0.1264809
-0.1118631
-0.0955655
-0.0890369
-0.0943861
-0.1006608
-0.0958887
-0.0817378
-0.0725664
-0.0786129
-0.0930066
-0.0987309
-0.0879695
-0.0711653
-0.0650007
-0.0732587
-0.0829629
-0.0803222
-0.0674998
-0.0598721
-0.0665835
-0.0776487
-0.0736669
-0.0475406
-0.0133209
0.0080452
0.0107629
0.0114718
0.0363995
0.1038229
0.2192180
0.3830971
0.5953223
0.8439985
1.0883439
1.2588190
1.2857380
1.1396635
0.8521377
0.4997220
0.1640374
-0.1023886
-0.2841624
-0.3891804
-0.4325233
-0.4311175
-0.4047256
-0.3722809
-0.3431906
-0.3144340
-0.2794586
-0.2399907
-0.2070071
-0.1893949
-0.1835112
-0.1762635
-0.1589279
-0.1363055
-0.1208108
-0.1185157
-0.1235645
-0.1268256
-0.1269087
-0.1293295
-0.1356737
-0.1379814
-0.1268683
-0.1040119
-0.0833072
-0.0779195
-0.0871021
-0.0975365
-0.0977817
-0.0894150
-0.0823004
-0.0803161
-0.0753988
-0.0574515
-0.0279552
-0.0003420
0.0140063
0.0182763
0.0269928
0.0504431
0.0839046
0.1136615
0.1331136
0.1504695
0.1786782
0.2190713
0.2583193
0.2831180
0.2960139
0.3139855
0.3508998
0.4030870
0.4537760
0.4913182
0.5208700
0.5564190
0.6023829
0.6464460
0.6725280
0.6788714
0.6797693
0.6886190
0.7018360
0.7019959
0.6766642
0.6322139
0.5878377
0.5563803
0.5323701
0.4994695
0.4486861
0.3878788
0.3336082
0.2953013
0.2680143
0.2392777
0.2016299
0.1589470
0.1218446
0.0972703
0.0822327
0.0675572
0.0474843
0.0247388
0.0058433
-0.0073812
-0.0199914
-0.0372421
-0.0569746
-0.0704700
-0.0718223
-0.0656008
-0.0633326
-0.0718533
-0.0868849
-0.0995562
-0.1075567
-0.1165764
-0.1302065
-0.1416156
-0.1385359
-0.1167909
-0.0869258
-0.0657426
-0.0609991
-0.0650891
-0.0641188
-0.0524310
-0.0371408
-0.0288090
-0.0295943
-0.0317212
-0.0265382
-0.0134605
0.0001086
0.0066416
0.0056049
0.0027345
0.0026014
0.0030720
-0.0013530
-0.0109738
-0.0182709
-0.0160353
-0.0072302
-0.0038244
-0.0141113
-0.0322869
-0.0431118
-0.0381714
-0.0261001
-0.0240462
-0.0384896
-0.0572714
-0.0632350
-0.0544785
-0.0474202
-0.0586554
-0.0864263
-0.1125852
-0.1220911
-0.1178996
-0.1154972
-0.1243908
-0.1376756
-0.1408701
-0.1291119
-0.1126926
-0.1052406
-0.1093061
-0.1159884
-0.1174083
-0.1161219
-0.1208490
-0.1345829
-0.1492227
-0.1528509
-0.1417722
-0.1242537
-0.1118501
-0.1078963
-0.1058295
-0.0984627
-0.0868563
-0.0789001
-0.0802548
-0.0882294
-0.0947234
-0.0945794
-0.0908216
-0.0915881
-0.1016135
-0.1168655
-0.1281921
-0.1304062
-0.1273033
-0.1275508
-0.1358589
-0.1481077
-0.1550528
-0.1514477
-0.1420709
-0.1380053
-0.1458290
-0.1607578
-0.1715057
-0.1716630
-0.1650242
-0.1597914
-0.1594390
-0.1607919
-0.1603552
-0.1599622
-0.1637298
-0.1694487
-0.1663658
-0.1456252
-0.1133453
-0.0893976
-0.0895014
-0.1089026
-0.1264060
-0.1253676
-0.1092973
-0.0958732
-0.0967333
-0.1052017
-0.1048826
-0.0890854
-0.0690891
-0.0619712
-0.0723101
-0.0888390
-0.0987697
-0.1017620
-0.1075360
-0.1217675
-0.1381289
-0.1457532
-0.1428735
-0.1401622
-0.1489141
-0.1670250
-0.1795309
-0.1743334
-0.1554915
-0.1386810
-0.1342928
-0.1375632
-0.1357751
-0.1229658
-0.1059106
-0.0963094
-0.0985931
-0.1060777
-0.1087607
-0.1039237
-0.0982302
-0.0998057
-0.1096729
-0.1214730
-0.1285046
-0.1301046
-0.1314633
-0.1375610
-0.1470739
-0.1527892
-0.1493831
-0.1405057
-0.1356272
-0.1383251
-0.1396115
-0.1261005
-0.0958361
-0.0644090
-0.0529962
-0.0688169
-0.0975786
-0.1166916
-0.1167222
-0.1087791
-0.1100711
-0.1243165
-0.1392482
-0.1426152
-0.1362554
-0.1314602
-0.1323404
-0.1284285
-0.1067908
-0.0701836
-0.0380933
-0.0249347
-0.0175626
0.0203640
0.1180389
0.2733569
0.4611012
0.6601621
0.8621297
1.0472549
1.1589373
1.1191031
0.8857532
0.5026255
0.0875279
-0.2392409
-0.4259314
-0.4999293
-0.5189093
-0.5182423
-0.5013478
-0.4653224
-0.4206820
-0.3833694
-0.3562464
-0.3276285
-0.2892367
-0.2499563
-0.2266569
-0.2224501
-0.2200152
-0.2002077
-0.1644237
-0.1334451
-0.1238714
-0.1299569
-0.1310659
-0.1147103
-0.0892499
-0.0741283
-0.0799499
-0.0994618
-0.1169548
-0.1237291
-0.1226054
-0.1194293
-0.1151253
-0.1085169
-0.1037453
-0.1097290
-0.1303448
-0.1566058
-0.1707091
-0.1598492
-0.1278557
-0.0930925
-0.0723896
-0.0651893
-0.0544122
-0.0243337
0.0230759
0.0707958
0.1051040
0.1296541
0.1604969
0.2076701
0.2633766
0.3103172
0.3415692
0.3689210
0.4087827
0.4619315
0.5117703
0.5432755
0.5596824
0.5778248
0.6090493
0.6478413
0.6792391
0.6948104
0.6991101
0.7006842
0.6997412
0.6881038
0.6611511
0.6256013
0.5923736
0.5636360
0.5305909
0.4843909
0.4267931
0.3688553
0.3199635
0.2789645
0.2364400
0.1859760
0.1325426
0.0883870
0.0608755
0.0462103
0.0349526
0.0205785
0.0010135
-0.0251440
-0.0595662
-0.1004945
-0.1403292
-0.1693984
-0.1836500
-0.1887071
-0.1947433
-0.2060666
-0.2169677
-0.2195676
-0.2143504
-0.2098804
-0.2121834
-0.2175371
-0.2171390
-0.2071923
-0.1930040
-0.1835862
-0.1825859
-0.1843261
-0.1792642
-0.1637164
-0.1431307
-0.1252480
-0.1120477
-0.1001657
-0.0873287
-0.0752429
-0.0663276
-0.0603278
-0.0554131
-0.0516418
-0.0518329
-0.0574822
-0.0630861
-0.0568758
-0.0317131
0.0032261
0.0249649
0.0144746
-0.0275749
-0.0826655
-0.1302331
-0.1611951
-0.1786590
-0.1885165
-0.1907058
-0.1804323
-0.1580391
-0.1349207
-0.1256586
-0.1337420
-0.1480203
-0.1547153
-0.1513135
-0.1475471
-0.1537394
-0.1690966
-0.1817312
-0.1811301
-0.1706637
-0.1651581
-0.1740473
-0.1892590
-0.1933281
-0.1788705
-0.1568709
-0.1453547
-0.1519214
-0.1678023
-0.1777694
-0.1753270
-0.1679190
-0.1666585
-0.1726506
-0.1772397
-0.1758049
-0.1755991
-0.1857987
-0.2030171
-0.2122555
-0.2028222
-0.1800434
-0.1593390
-0.1494622
-0.1434635
-0.1279872
-0.1004474
-0.0714224
-0.0453168
-0.0020307
0.0937601
0.2613714
0.4833326
0.7130219
0.8959682
0.9836401
0.9392827
0.7481578
0.4335066
0.0626807
-0.2729141
-0.5006454
-0.6035755
-0.6197239
-0.6036150
-0.5866748
-0.5703082
-0.5465103
-0.5154906
-0.4842976
-0.4564923
-0.4279769
-0.3925141
-0.3505282
-0.3116501
-0.2863469
-0.2749117
-0.2682312
-0.2603353
-0.2554213
-0.2594743
-0.2688754
-0.2715892
-0.2583268
-0.2304539
-0.1986175
-0.1748686
-0.1639865
-0.1614015
-0.1607229
-0.1614350
-0.1654577
-0.1686085
-0.1627516
-0.1472529
-0.1315889
-0.1237524
-0.1205441
-0.1119333
-0.0922398
-0.0656320
-0.0421923
-0.0278316
-0.0165569
0.0041480
0.0373355
0.0707318
0.0922557
0.1068274
0.1300876
0.1680153
0.2108355
0.2467766
0.2754192
0.3066408
0.3497643
0.4032065
0.4537536
0.4896129
0.5148519
0.5443417
0.5827992
0.6181525
0.6398605
0.6533383
0.6684521
0.6821014
0.6813965
0.6592914
0.6203772
0.5749671
0.5308992
0.4865088
0.4315098
0.3624264
0.2949844
0.2484834
0.2188703
0.1834933
0.1335734
0.0834017
0.0440180
0.0081328
-0.0319854
-0.0706583
-0.1003984
-0.1201874
-0.1279830
-0.1252272
-0.1308725
-0.1630727
-0.2005004
-0.1951174
-0.1383396
