-0.0105739
-0.0197482
-0.0271585
-0.0332183
-0.0387743
-0.0433514
-0.0455436
-0.0451077
-0.0440226
-0.0449286
-0.0485643
-0.0531348
-0.0563327
-0.0576371
-0.0582545
-0.0589445
-0.0585509
-0.0552202
-0.0489921
-0.0425901
-0.0391180
-0.0389544
-0.0392980
-0.0370824
-0.0322549
-0.0278852
-0.0269251
-0.0290629
-0.0310176
-0.0298814
-0.0258977
-0.0218537
-0.0200419
-0.0202006
-0.0204106
-0.0195355
-0.0183654
-0.0184243
-0.0200315
-0.0217465
-0.0216274
-0.0189649
-0.0149645
-0.0119284
-0.0116390
-0.0141606
-0.0180045
-0.0215357
-0.0242696
-0.0266537
-0.0286297
-0.0289746
-0.0266385
-0.0224547
-0.0183786
-0.0141583
-0.0050279
0.0164608
0.0560348
0.1151185
0.1912540
0.2777741
0.3601527
0.4136905
0.4105756
0.3364803
0.2044290
0.0517743
-0.0801762
-0.1681156
-0.2132164
-0.2302047
-0.2323022
-0.2252816
-0.2112899
-0.1935037
-0.1754975
-0.1581290
-0.1397926
-0.1204036
-0.1037760
-0.0947058
-0.0936946
-0.0954493
-0.0932710
-0.0850338
-0.0748044
-0.0686914
-0.0691710
-0.0732536
-0.0758190
-0.0744757
-0.0711558
-0.0692162
-0.0694506
-0.0693934
-0.0665495
-0.0617119
-0.0583760
-0.0587690
-0.0611032
-0.0614177
-0.0580338
-0.0534233
-0.0511577
-0.0513825
-0.0501301
-0.0434233
-0.0315794
-0.0188682
-0.0089542
-0.0011844
0.0083680
0.0225072
0.0399822
0.0569409
0.0709901
0.0835931
0.0984674
0.1176816
0.1393157
0.1589421
0.1734684
0.1836029
0.1925570
0.2023762
0.2117425
0.2175759
0.2186249
0.2169354
0.2153878
0.2140621
0.2097444
0.1993593
0.1834620
0.1657106
0.1488765
0.1320296
0.1122073
0.0886489
0.0646400
0.0446866
0.0300565
0.0176400
0.0034447
-0.0130330
-0.0282182
-0.0381598
-0.0424961
-0.0445482
-0.0476207
-0.0515292
-0.0530187
-0.0496070
-0.0427769
-0.0370513
-0.0357705
-0.0379541
-0.0396070
-0.0380896
-0.0347646
-0.0329832
-0.0337537
-0.0342247
-0.0309884
-0.0244805
-0.0191318
-0.0187047
-0.0220978
-0.0247059
-0.0239564
-0.0224564
-0.0247744
-0.0315069
-0.0378220
-0.0386127
-0.0345166
-0.0317156
-0.0354076
-0.0441507
-0.0514576
-0.0528994
-0.0507808
-0.0511896
-0.0567829
-0.0633990
-0.0642812
-0.0573098
-0.0474667
-0.0420455
-0.0438375
-0.0493289
-0.0532335
-0.0539682
-0.0542058
-0.0565429
-0.0597537
-0.0600406
-0.0556746
-0.0495108
-0.0464008
-0.0483328
-0.0525850
-0.0547684
-0.0533935
-0.0511781
-0.0519321
-0.0564531
-0.0616795
-0.0638068
-0.0620323
-0.0591560
-0.0586434
-0.0613336
-0.0651196
-0.0676511
-0.0689041
-0.0707550
-0.0742131
-0.0777904
-0.0791973
-0.0784143
-0.0781477
-0.0805878
-0.0840928
-0.0841366
-0.0781924
-0.0693327
-0.0641105
-0.0663434
-0.0731751
-0.0777218
-0.0757190
-0.0693346
-0.0644192
-0.0644655
-0.0677121
-0.0699364
-0.0692504
-0.0675687
-0.0676566
-0.0695746
-0.0705634
-0.0682506
-0.0634489
-0.0595471
-0.0593090
-0.0624483
-0.0662063
-0.0680353
-0.0677473
-0.0673674
-0.0690484
-0.0728981
-0.0766070
-0.0773958
-0.0747388
-0.0712187
-0.0702711
-0.0727410
-0.0758571
-0.0760540
-0.0728401
-0.0693552
-0.0687152
-0.0702036
-0.0699557
-0.0656864
-0.0599561
-0.0577881
-0.0610903
-0.0664048
-0.0687983
-0.0674482
-0.0664046
-0.0696480
-0.0761792
-0.0807424
-0.0792954
-0.0731435
-0.0674430
-0.0660322
-0.0681445
-0.0700048
-0.0690641
-0.0663566
-0.0648897
-0.0660509
-0.0678220
-0.0667624
-0.0619222
-0.0564852
-0.0547844
-0.0573648
-0.0597519
-0.0571254
-0.0499602
-0.0433500
-0.0393628
-0.0306353
-0.0035257
0.0509857
0.1294769
0.2188872
0.3052124
0.3771214
0.4215391
0.4206544
0.3600162
0.2433985
0.0985882
-0.0354422
-0.1309064
-0.1838749
-0.2078131
-0.2172337
-0.2179845
-0.2103531
-0.1967231
-0.1830436
-0.1733840
-0.1657637
-0.1550399
-0.1393757
-0.1226609
-0.1105277
-0.1049698
-0.1033596
-0.1020423
-0.0999227
-0.0984423
-0.0988253
-0.1000906
-0.0998572
-0.0967600
-0.0918216
-0.0874455
-0.0850819
-0.0837944
-0.0811057
-0.0754393
-0.0678772
-0.0613325
-0.0576641
-0.0556066
-0.0518958
-0.0445964
-0.0350115
-0.0260052
-0.0187176
-0.0115968
-0.0028764
0.0066798
0.0144900
0.0198738
0.0262489
0.0384563
0.0574832
0.0784764
0.0948496
0.1045184
0.1116134
0.1217876
0.1361842
0.1504687
0.1597172
0.1637534
0.1673582
0.1754030
0.1881001
0.2009979
0.2092134
0.2114049
0.2099663
0.2080839
0.2069771
0.2056521
0.2026825
0.1978489
0.1920420
0.1857175
0.1777048
0.1659297
0.1496312
0.1307665
0.1127815
0.0976949
0.0845837
0.0713129
0.0576559
0.0459749
0.0382117
0.0326142
0.0246885
0.0121375
-0.0018372
-0.0114579
-0.0148644
-0.0166055
-0.0226479
-0.0333129
-0.0424849
-0.0443681
-0.0401170
-0.0366000
-0.0387021
-0.0441403
-0.0467220
-0.0439410
-0.0398174
-0.0397935
-0.0439651
-0.0465762
-0.0420697
-0.0306317
-0.0174636
-0.0074659
-0.0014872
0.0025963
0.0064689
0.0099377
0.0124393
0.0147356
0.0183281
0.0234397
0.0283272
0.0309628
0.0311527
0.0305953
0.0307093
0.0305655
0.0273256
0.0191631
0.0079156
-0.0015972
-0.0056525
-0.0053160
-0.0055878
-0.0103183
-0.0181672
-0.0243466
-0.0265583
-0.0282908
-0.0350528
-0.0472892
-0.0583633
-0.0608951
-0.0549565
-0.0486359
-0.0497098
-0.0575118
-0.0641486
-0.0634790
-0.0574045
-0.0525582
-0.0519877
-0.0519941
-0.0475488
-0.0391789
-0.0326850
-0.0321216
-0.0348489
-0.0348515
-0.0302058
-0.0254166
-0.0257433
-0.0305731
-0.0340074
-0.0319103
-0.0268716
-0.0252281
-0.0298318
-0.0370452
-0.0411443
-0.0406430
-0.0392634
-0.0409902
-0.0454577
-0.0488680
-0.0486610
-0.0460633
-0.0439634
-0.0433875
-0.0429133
-0.0411303
-0.0386135
-0.0370402
-0.0368575
-0.0364120
-0.0332544
-0.0255679
-0.0117089
0.0116400
0.0503326
0.1108634
0.1958513
0.2986084
0.3997555
0.4697569
0.4795575
0.4157004
0.2902679
0.1370060
-0.0052417
-0.1103364
-0.1719011
-0.1976489
-0.1992630
-0.1866689
-0.1677433
-0.1485890
-0.1318312
-0.1159724
-0.0987762
-0.0817069
-0.0695791
-0.0650758
-0.0649344
-0.0632470
-0.0582923
-0.0542493
-0.0552257
-0.0589980
-0.0588009
-0.0515863
-0.0425599
-0.0397300
-0.0444583
-0.0494531
-0.0470097
-0.0378229
-0.0298415
-0.0286034
-0.0306351
-0.0275916
-0.0159751
-0.0010550
0.0091352
0.0123564
0.0136228
0.0187310
0.0280454
0.0375592
0.0450295
0.0531209
0.0657594
0.0825581
0.0984710
0.1092690
0.1162904
0.1247767
0.1377478
0.1526566
0.1648095
0.1734911
0.1833342
0.1989602
0.2190417
0.2369101
0.2472079
0.2509704
0.2535398
0.2582802
0.2636228
0.2662901
0.2658547
0.2646653
0.2636283
0.2599081
0.2500768
0.2348144
0.2187140
0.2048682
0.1910398
0.1727613
0.1499273
0.1284947
0.1145096
0.1072013
0.0994820
0.0856657
0.0676665
0.0525584
0.0443816
0.0397781
0.0325130
0.0213927
0.0120123
0.0100964
0.0142616
0.0168240
0.0119379
0.0019220
-0.0052241
-0.0041691
0.0028496
0.0097771
0.0146224
0.0225039
0.0405668
0.0707570
0.1087622
0.1502865
0.1974956
0.2583058
0.3389832
0.4374793
0.5438895
0.6471279
0.7411802
0.8256387
0.9015941
0.9683050
1.0240007
1.0687251
1.1050240
1.1357257
1.1621404
1.1851497
1.2068951
1.2285678
1.2440216
1.2355863
1.1794173
1.0598892
0.8827108
0.6752740
0.4729334
0.3018528
0.1708322
0.0751344
0.0053130
-0.0470362
-0.0883028
-0.1232643
-0.1544905
-0.1820519
-0.2052711
-0.2250595
-0.2436854
-0.2618575
-0.2770709
-0.2862419
-0.2901045
-0.2938614
-0.3026686
-0.3169083
-0.3326847
-0.3468107
-0.3603256
-0.3765855
-0.3965484
-0.4171338
-0.4347339
-0.4497213
-0.4665089
-0.4888990
-0.5159487
-0.5429307
-0.5661565
-0.5863486
-0.6072236
-0.6311511
-0.6564699
-0.6790130
-0.6961452
-0.7092040
-0.7218307
-0.7358512
-0.7490402
-0.7572259
-0.7584913
-0.7548181
-0.7492806
-0.7419325
-0.7292265
-0.7080059
-0.6797132
-0.6496600
-0.6215820
-0.5935372
-0.5602781
-0.5198520
-0.4768901
-0.4385350
-0.4073948
-0.3793233
-0.3482771
-0.3126433
-0.2762354
-0.2435468
-0.2152141
-0.1887760
-0.1631099
-0.1405641
-0.1239978
-0.1125395
-0.1015575
-0.0871412
-0.0700010
-0.0545443
-0.0444329
-0.0394286
-0.0363693
-0.0326158
-0.0282070
-0.0248941
-0.0236219
-0.0232783
-0.0217659
-0.0179934
-0.0128377
-0.0084266
-0.0064793
-0.0069765
-0.0082365
-0.0084901
-0.0075509
-0.0067323
-0.0069306
-0.0070988
-0.0051634
-0.0006207
0.0041670
0.0058415
0.0035269
0.0002329
0.0002011
0.0044671
0.0093404
0.0099006
0.0051894
-0.0004282
-0.0013774
0.0037199
0.0108308
0.0145057
0.0128338
0.0084803
0.0052277
0.0040641
0.0029567
0.0000781
-0.0035831
-0.0052074
-0.0032965
0.0006932
0.0037322
0.0037379
0.0007309
-0.0039022
-0.0087730
-0.0131586
-0.0167013
-0.0188155
-0.0186060
-0.0154733
-0.0098975
-0.0037136
0.0005875
0.0014816
-0.0000717
-0.0009684
0.0012839
0.0056820
0.0081195
0.0053982
-0.0011412
-0.0065465
-0.0071055
-0.0040450
-0.0021138
-0.0045994
-0.0101663
-0.0148054
-0.0164595
-0.0170052
-0.0195455
-0.0244653
-0.0288497
-0.0296453
-0.0268175
-0.0233203
-0.0223536
-0.0246864
-0.0282021
-0.0298505
-0.0284681
-0.0261291
-0.0265001
-0.0311640
-0.0372124
-0.0389430
-0.0328582
-0.0214437
-0.0115725
-0.0084630
-0.0110822
-0.0138246
-0.0126037
-0.0086452
-0.0061185
-0.0068580
-0.0083183
-0.0066641
-0.0011131
0.0052168
0.0085209
0.0079209
0.0057432
0.0044618
0.0038467
0.0015011
-0.0038731
-0.0102403
-0.0137132
-0.0124122
-0.0086878
-0.0071584
-0.0102709
-0.0159596
-0.0201174
-0.0213464
-0.0225545
-0.0273592
-0.0354364
-0.0423625
-0.0442086
-0.0416355
-0.0390371
-0.0399389
-0.0436231
-0.0461944
-0.0446491
-0.0398630
-0.0358427
-0.0361884
-0.0409870
-0.0466186
-0.0484834
-0.0445695
-0.0371402
-0.0309110
-0.0288834
-0.0296310
-0.0290330
-0.0249019
-0.0194882
-0.0170348
-0.0191643
-0.0232441
-0.0253269
-0.0242180
-0.0223188
-0.0226997
-0.0258947
-0.0298843
-0.0328749
-0.0353444
-0.0390651
-0.0446713
-0.0508155
-0.0555272
-0.0577951
-0.0578779
-0.0568588
-0.0563072
-0.0577606
-0.0615500
-0.0658234
-0.0673856
-0.0644937
-0.0592037
-0.0562791
-0.0587443
-0.0643059
-0.0669756
-0.0629672
-0.0548618
-0.0494758
-0.0515449
-0.0595989
-0.0677510
-0.0711044
-0.0694809
-0.0664161
-0.0649998
-0.0648338
-0.0629250
-0.0572698
-0.0492891
-0.0426885
-0.0400431
-0.0405672
-0.0412636
-0.0403146
-0.0391422
-0.0405687
-0.0447036
-0.0474150
-0.0440389
-0.0348166
-0.0256329
-0.0221533
-0.0226853
-0.0168847
0.0080692
0.0590578
0.1331024
0.2198780
0.3065712
0.3799131
0.4251391
0.4267421
0.3746955
0.2730301
0.1428684
0.0150131
-0.0844016
-0.1454659
-0.1751448
-0.1874356
-0.1918390
-0.1894670
-0.1780741
-0.1588566
-0.1376379
-0.1202740
-0.1081420
-0.0984546
-0.0884227
-0.0785262
-0.0716369
-0.0693514
-0.0697553
-0.0690376
-0.0650115
-0.0587335
-0.0529668
-0.0496505
-0.0488548
-0.0494845
-0.0504376
-0.0511733
-0.0515562
-0.0514292
-0.0504383
-0.0481694
-0.0442567
-0.0385109
-0.0314876
-0.0250243
-0.0213075
-0.0204688
-0.0194367
-0.0144192
-0.0050976
0.0043637
0.0094765
0.0107412
0.0140813
0.0251872
0.0433506
0.0615969
0.0734782
0.0794156
0.0857314
0.0977287
0.1146941
0.1317952
0.1456866
0.1573283
0.1698527
0.1847841
0.2005743
0.2142256
0.2239279
0.2302505
0.2350383
0.2392365
0.2417539
0.2404675
0.2345642
0.2261365
0.2191875
0.2162026
0.2151973
0.2106846
0.1984240
0.1793672
0.1586150
0.1406122
0.1257188
0.1112296
0.0950204
0.0779590
0.0631144
0.0528181
0.0463175
0.0402224
0.0314443
0.0198688
0.0082064
-0.0007230
-0.0065768
-0.0115172
-0.0176625
-0.0244449
-0.0287853
-0.0283428
-0.0244494
-0.0211374
-0.0210239
-0.0226499
-0.0221784
-0.0173725
-0.0096964
-0.0028808
0.0003757
0.0007859
0.0020726
0.0079036
0.0185051
0.0299491
0.0370178
0.0373702
0.0334733
0.0304796
0.0316516
0.0355015
0.0377542
0.0363521
0.0338747
0.0343060
0.0378834
0.0403355
0.0375661
0.0303274
0.0235391
0.0210314
0.0214261
0.0196178
0.0124184
0.0023598
-0.0046233
-0.0052389
-0.0020428
-0.0006195
-0.0042897
-0.0118257
-0.0194784
-0.0243874
-0.0263724
-0.0273884
-0.0295895
-0.0335261
-0.0377792
-0.0402249
-0.0398503
-0.0377073
-0.0361375
-0.0364846
-0.0371784
-0.0347784
-0.0279338
-0.0200425
-0.0165999
-0.0192545
-0.0232796
-0.0219283
-0.0133941
-0.0029237
0.0026168
0.0028609
0.0068451
0.0273354
0.0715141
0.1366443
0.2136657
0.2927432
0.3635479
0.4112529
0.4164394
0.3639996
0.2558358
0.1158334
-0.0197763
-0.1213265
-0.1796939
-0.2048754
-0.2124947
-0.2116091
-0.2032100
-0.1866436
-0.1648975
-0.1439851
-0.1287520
-0.1197442
-0.1135871
-0.1062291
-0.0963334
-0.0860544
-0.0786702
-0.0752309
-0.0731184
-0.0679639
-0.0577765
-0.0456575
-0.0376540
-0.0369569
-0.0406011
-0.0428743
-0.0416444
-0.0400129
-0.0416068
-0.0456243
-0.0474603
-0.0437340
-0.0359012
-0.0287803
-0.0257725
-0.0257619
-0.0247818
-0.0203539
-0.0136016
-0.0072751
-0.0026713
0.0012722
0.0069504
0.0168368
0.0322105
0.0518545
0.0722400
0.0899926
0.1044800
0.1178300
0.1326099
0.1496299
0.1676259
0.1847971
0.2007499
0.2167191
0.2334093
0.2489812
0.2601759
0.2655249
0.2665461
0.2655502
0.2630785
0.2577979
0.2482562
0.2344731
0.2182798
0.2021347
0.1870381
0.1715472
0.1533010
0.1315065
0.1076806
0.0843541
0.0634779
0.0455454
0.0296247
0.0147082
0.0015241
-0.0077921
-0.0126641
-0.0159226
-0.0214578
-0.0302358
-0.0394783
-0.0455832
-0.0472948
-0.0464050
-0.0459183
-0.0471390
-0.0481454
-0.0456646
-0.0388887
-0.0309469
-0.0262475
-0.0266560
-0.0300749
-0.0320862
-0.0294947
-0.0236276
-0.0198974
-0.0223278
-0.0282684
-0.0303728
-0.0246657
-0.0153863
-0.0109698
-0.0159177
-0.0269562
-0.0364692
-0.0395375
-0.0381897
-0.0385993
-0.0437642
-0.0500143
-0.0518757
-0.0492208
-0.0476360
-0.0519942
-0.0612482
-0.0695507
-0.0715968
-0.0673540
-0.0622777
-0.0619126
-0.0655655
-0.0668655
-0.0617060
-0.0537425
-0.0502035
-0.0537269
-0.0602513
-0.0638750
-0.0621584
-0.0576033
-0.0551450
-0.0571770
-0.0604157
-0.0592655
-0.0526938
-0.0455689
-0.0427279
-0.0444391
-0.0483683
-0.0528431
-0.0570064
-0.0606659
-0.0649557
-0.0703191
-0.0737380
-0.0718877
-0.0672795
-0.0665372
-0.0718296
-0.0788979
-0.0841208
-0.0878373
-0.0900812
-0.0899244
-0.0902900
-0.0953361
-0.1005966
-0.0948387
-0.0763805
