-0.1717399
-0.1846765
-0.1895845
-0.1761070
-0.1535454
-0.1416215
-0.1474663
-0.1570101
-0.1519916
-0.1321842
-0.1159790
-0.1190141
-0.1365561
-0.1493986
-0.1445768
-0.1268594
-0.1108423
-0.1060437
-0.1114210
-0.1209166
-0.1298811
-0.1362072
-0.1395041
-0.1420942
-0.1490245
-0.1633890
-0.1807614
-0.1907795
-0.1866936
-0.1732132
-0.1633258
-0.1665725
-0.1806702
-0.1946214
-0.1995422
-0.1965764
-0.1952428
-0.2045629
-0.2247600
-0.2461364
-0.2561609
-0.2495774
-0.2333747
-0.2218003
-0.2249540
-0.2407641
-0.2574926
-0.2641183
-0.2588237
-0.2484476
-0.2406924
-0.2367707
-0.2305267
-0.2142173
-0.1862859
-0.1549288
-0.1335998
-0.1307116
-0.1420833
-0.1541621
-0.1563343
-0.1504246
-0.1471796
-0.1533799
-0.1640155
-0.1682395
-0.1616764
-0.1506402
-0.1443903
-0.1459143
-0.1517216
-0.1582371
-0.1648536
-0.1709476
-0.1740985
-0.1740937
-0.1763138
-0.1865429
-0.2016000
-0.2091663
-0.2006222
-0.1829505
-0.1739888
-0.1845333
-0.2075678
-0.2270261
-0.2350519
-0.2372916
-0.2418878
-0.2479582
-0.2477567
-0.2373776
-0.2206276
-0.2021319
-0.1812118
-0.1557128
-0.1292393
-0.1096651
-0.0997769
-0.0936396
-0.0853577
-0.0788510
-0.0838199
-0.1011435
-0.1169669
-0.1156389
-0.0974391
-0.0793062
-0.0768720
-0.0889070
-0.1017561
-0.1065364
-0.1077560
-0.1151310
-0.1315332
-0.1517290
-0.1696805
-0.1820150
-0.1849639
-0.1747557
-0.1560526
-0.1465007
-0.1643953
-0.2078087
-0.2502079
-0.2631850
-0.2445459
-0.2200039
-0.2149861
-0.2275641
-0.2324626
-0.2102646
-0.1681241
-0.1304380
-0.1131216
-0.1109316
-0.1082457
-0.0967329
-0.0802950
-0.0667578
-0.0596797
-0.0578150
-0.0577855
-0.0549069
-0.0445342
-0.0267287
-0.0092944
-0.0024966
-0.0090269
-0.0212092
-0.0300542
-0.0355339
-0.0451524
-0.0628979
-0.0832521
-0.0977965
-0.1047939
-0.1088409
-0.1127081
-0.1148203
-0.1163637
-0.1254279
-0.1478041
-0.1746293
-0.1865246
-0.1747086
-0.1544786
-0.1509651
-0.1702624
-0.1900585
-0.1833362
-0.1490817
-0.1140909
-0.1035452
-0.1147040
-0.1232286
-0.1122204
-0.0889603
-0.0724840
-0.0708376
-0.0755036
-0.0753387
-0.0689274
-0.0610577
-0.0525133
-0.0395042
-0.0225241
-0.0096582
-0.0074386
-0.0113016
-0.0101539
-0.0009134
0.0058542
-0.0019282
-0.0218992
-0.0375098
-0.0353582
-0.0198994
-0.0089680
-0.0156823
-0.0365041
-0.0563966
-0.0630809
-0.0554038
-0.0405357
-0.0266040
-0.0182834
-0.0157644
-0.0139301
-0.0019593
0.0336423
0.1032331
0.2110805
0.3585570
0.5481706
0.7790899
1.0326879
1.2601646
1.3891873
1.3546761
1.1377430
0.7846595
0.3881947
0.0413255
-0.2047382
-0.3504042
-0.4248093
-0.4548758
-0.4518031
-0.4190436
-0.3654992
-0.3076701
-0.2605267
-0.2289573
-0.2080707
-0.1896230
-0.1678452
-0.1425192
-0.1201513
-0.1113457
-0.1221617
-0.1449394
-0.1601844
-0.1526863
-0.1274785
-0.1065476
-0.1061508
-0.1182201
-0.1181297
-0.0923543
-0.0552525
-0.0347951
-0.0424648
-0.0613239
-0.0653578
-0.0473194
-0.0240337
-0.0157359
-0.0248406
-0.0364526
-0.0356918
-0.0202556
0.0025408
0.0251174
0.0428927
0.0521020
0.0509306
0.0447019
0.0455399
0.0618226
0.0877542
0.1070170
0.1091604
0.1014166
0.1025423
0.1249491
0.1636515
0.2022692
0.2285428
0.2440914
0.2610322
0.2906557
0.3344177
0.3834644
0.4259421
0.4565150
0.4810440
0.5119924
0.5571315
0.6111393
0.6587367
0.6874512
0.6980582
0.7028300
0.7141128
0.7345784
0.7569316
0.7709134
0.7705407
0.7572066
0.7382627
0.7218963
0.7101270
0.6948483
0.6626080
0.6069613
0.5372691
0.4725991
0.4237876
0.3817784
0.3266993
0.2502056
0.1674008
0.1044146
0.0740240
0.0648460
0.0545643
0.0317368
0.0030712
-0.0190436
-0.0322056
-0.0451888
-0.0656965
-0.0908024
-0.1106395
-0.1188722
-0.1169580
-0.1094550
-0.0991140
-0.0882100
-0.0816537
-0.0843403
-0.0944338
-0.1024820
-0.1006152
-0.0923404
-0.0897969
-0.0990788
-0.1101374
-0.1050691
-0.0777606
-0.0430006
-0.0235035
-0.0281263
-0.0448116
-0.0551955
-0.0538291
-0.0511138
-0.0585490
-0.0743059
-0.0848867
-0.0793703
-0.0598210
-0.0382797
-0.0263477
-0.0284926
-0.0420591
-0.0596363
-0.0718269
-0.0726629
-0.0660246
-0.0649598
-0.0799251
-0.1057112
-0.1226445
-0.1144464
-0.0856857
-0.0595807
-0.0569899
-0.0779557
-0.1043405
-0.1190104
-0.1204016
-0.1191771
-0.1243726
-0.1351613
-0.1442134
-0.1455049
-0.1383022
-0.1264862
-0.1163200
-0.1135469
-0.1194487
-0.1285331
-0.1320361
-0.1262261
-0.1174815
-0.1172256
-0.1302813
-0.1486751
-0.1583459
-0.1525310
-0.1382832
-0.1299269
-0.1365501
-0.1553682
-0.1756868
-0.1883317
-0.1921169
-0.1930457
-0.1982966
-0.2104636
-0.2261762
-0.2391207
-0.2444315
-0.2414447
-0.2336592
-0.2263521
-0.2232490
-0.2242988
-0.2262742
-0.2259869
-0.2234916
-0.2221251
-0.2248078
-0.2300259
-0.2321960
-0.2270418
-0.2165765
-0.2076987
-0.2053513
-0.2077871
-0.2091368
-0.2058810
-0.1998251
-0.1951458
-0.1937398
-0.1935303
-0.1900893
-0.1795077
-0.1613785
-0.1409866
-0.1279856
-0.1296338
-0.1428679
-0.1545646
-0.1535136
-0.1434290
-0.1409091
-0.1569698
-0.1816240
-0.1912326
-0.1733458
-0.1417917
-0.1239390
-0.1334319
-0.1583100
-0.1764577
-0.1793515
-0.1774496
-0.1837486
-0.1971062
-0.2046675
-0.1982515
-0.1839027
-0.1744821
-0.1760925
-0.1840120
-0.1898680
-0.1894092
-0.1834006
-0.1744695
-0.1654411
-0.1592687
-0.1575905
-0.1584843
-0.1573235
-0.1515025
-0.1440274
-0.1410192
-0.1451737
-0.1525993
-0.1569107
-0.1559756
-0.1537875
-0.1558238
-0.1632125
-0.1713679
-0.1738838
-0.1683177
-0.1593478
-0.1560357
-0.1640470
-0.1792973
-0.1903738
-0.1891519
-0.1791728
-0.1719317
-0.1739908
-0.1790751
-0.1749622
-0.1583387
-0.1406233
-0.1370037
-0.1501205
-0.1665816
-0.1702889
-0.1579506
-0.1407107
-0.1318185
-0.1341369
-0.1390380
-0.1357568
-0.1217390
-0.1055150
-0.1001657
-0.1123629
-0.1358310
-0.1557061
-0.1613213
-0.1560197
-0.1535226
-0.1630685
-0.1784166
-0.1836823
-0.1711941
-0.1518337
-0.1451749
-0.1594042
-0.1832598
-0.1987398
-0.1997609
-0.1960965
-0.1997268
-0.2103482
-0.2160843
-0.2071595
-0.1863530
-0.1653387
-0.1526590
-0.1472331
-0.1427937
-0.1356325
-0.1265101
-0.1170516
-0.1072461
-0.0965827
-0.0852148
-0.0728578
-0.0584015
-0.0428338
-0.0318466
-0.0323850
-0.0446364
-0.0590781
-0.0648918
-0.0623465
-0.0640654
-0.0809010
-0.1072359
-0.1239445
-0.1178379
-0.0963345
-0.0805694
-0.0846278
-0.1037379
-0.1227927
-0.1335441
-0.1411166
-0.1547276
-0.1752065
-0.1934419
-0.2000257
-0.1944895
-0.1849981
-0.1806262
-0.1845422
-0.1929763
-0.1988994
-0.1971563
-0.1880432
-0.1766840
-0.1678663
-0.1605906
-0.1482095
-0.1250148
-0.0932177
-0.0632863
-0.0466000
-0.0462953
-0.0540458
-0.0561032
-0.0443909
-0.0235281
-0.0070564
-0.0050581
-0.0137169
-0.0172464
-0.0023021
0.0278024
0.0542805
0.0612031
0.0544107
0.0615403
0.1122901
0.2188090
0.3748111
0.5693473
0.7936621
1.0285928
1.2264342
1.3149345
1.2337038
0.9792627
0.6191108
0.2573613
-0.0237752
-0.2013750
-0.3029747
-0.3670751
-0.4105640
-0.4269208
-0.4075636
-0.3602767
-0.3071525
-0.2673625
-0.2437354
-0.2253072
-0.2009090
-0.1698126
-0.1410122
-0.1240210
-0.1200800
-0.1207336
-0.1143869
-0.0952857
-0.0675843
-0.0416172
-0.0262542
-0.0236414
-0.0292445
-0.0357775
-0.0380762
-0.0362423
-0.0349312
-0.0385874
-0.0460199
-0.0496910
-0.0419952
-0.0238975
-0.0070192
-0.0047557
-0.0193518
-0.0383657
-0.0458933
-0.0378337
-0.0249855
-0.0207526
-0.0270927
-0.0334263
-0.0282820
-0.0104146
0.0114997
0.0285911
0.0401594
0.0530254
0.0741199
0.1043353
0.1385924
0.1704792
0.1971292
0.2215811
0.2514250
0.2935329
0.3476983
0.4049964
0.4538816
0.4892789
0.5161177
0.5440971
0.5790153
0.6185483
0.6553075
0.6834176
0.7027781
0.7183211
0.7358988
0.7578656
0.7804163
0.7944028
0.7910334
0.7698549
0.7410236
0.7164268
0.6965575
0.6682208
0.6185481
0.5515404
0.4877608
0.4451079
0.4203793
0.3921025
0.3425124
0.2753542
0.2107592
0.1641059
0.1328384
0.1040074
0.0707079
0.0379425
0.0144956
0.0038285
0.0038659
0.0114684
0.0232653
0.0334451
0.0354133
0.0281240
0.0187428
0.0155705
0.0178294
0.0154052
0.0010700
-0.0186415
-0.0282687
-0.0199457
-0.0026533
0.0066109
-0.0006622
-0.0184456
-0.0349359
-0.0441832
-0.0487662
-0.0542730
-0.0640804
-0.0785609
-0.0955099
-0.1091330
-0.1111690
-0.0979859
-0.0782252
-0.0695290
-0.0827376
-0.1089493
-0.1259908
-0.1203203
-0.1014393
-0.0925850
-0.1070963
-0.1350063
-0.1528330
-0.1454087
-0.1179783
-0.0888879
-0.0729098
-0.0716741
-0.0768798
-0.0791046
-0.0738658
-0.0633518
-0.0551494
-0.0573933
-0.0713721
-0.0880544
-0.0942791
-0.0845000
-0.0664078
-0.0540503
-0.0550349
-0.0645795
-0.0719852
-0.0722858
-0.0708005
-0.0764192
-0.0917825
-0.1110565
-0.1262942
-0.1340260
-0.1357901
-0.1349514
-0.1350328
-0.1398145
-0.1517615
-0.1686333
-0.1831366
-0.1890017
-0.1888290
-0.1938907
-0.2126787
-0.2389962
-0.2547528
-0.2477614
-0.2257757
-0.2096636
-0.2121092
-0.2254711
-0.2315458
-0.2205504
-0.1978928
-0.1741238
-0.1531261
-0.1322347
-0.1097879
-0.0856343
-0.0516620
0.0135880
0.1342531
0.3185508
0.5511683
0.8012517
1.0311300
1.1947762
1.2374163
1.1151697
0.8305321
0.4518135
0.0886618
-0.1666288
-0.2880698
-0.3166694
-0.3162639
-0.3254823
-0.3437930
-0.3526165
-0.3422392
-0.3195479
-0.2974926
-0.2831829
-0.2756502
-0.2706115
-0.2645570
-0.2554337
-0.2427157
-0.2289033
-0.2199238
-0.2212269
-0.2320026
-0.2443262
-0.2495126
-0.2452814
-0.2362219
-0.2280086
-0.2220597
-0.2149745
-0.2015894
-0.1789017
-0.1492553
-0.1210785
-0.1051053
-0.1066168
-0.1189787
-0.1256287
-0.1123295
-0.0809096
-0.0502560
-0.0399087
-0.0502913
-0.0603731
-0.0471048
-0.0077359
0.0374360
0.0641535
0.0658734
0.0576696
0.0602779
0.0808330
0.1085445
0.1277486
0.1337510
0.1359294
0.1473557
0.1733639
0.2096677
0.2488892
0.2868564
0.3228980
0.3563221
0.3854436
0.4113812
0.4408094
0.4808825
0.5297169
0.5747855
0.6045614
0.6216834
0.6412911
0.6744622
0.7147917
0.7436021
0.7486512
0.7360711
0.7224893
0.7159973
0.7070521
0.6792556
0.6274519
0.5629871
0.5019396
0.4512278
0.4068764
0.3623246
0.3148548
0.2646533
0.2116371
0.1562145
0.1026800
0.0588553
0.0296329
0.0108239
-0.0081487
-0.0336658
-0.0610693
-0.0801435
-0.0867597
-0.0870158
-0.0898535
-0.0977903
-0.1059096
-0.1083799
-0.1043585
-0.0980880
-0.0949812
-0.0982124
-0.1076011
-0.1193370
-0.1261351
-0.1206034
-0.1025982
-0.0836819
-0.0800998
-0.0974414
-0.1228605
-0.1356935
-0.1273854
-0.1103158
-0.1061281
-0.1249033
-0.1551738
-0.1740862
-0.1681608
-0.1453864
-0.1277454
-0.1317962
-0.1553472
-0.1810017
-0.1916415
-0.1840842
-0.1702636
-0.1655144
-0.1741467
-0.1857972
-0.1864460
-0.1725497
-0.1531276
-0.1388008
-0.1316394
-0.1267669
-0.1211519
-0.1173691
-0.1184893
-0.1223128
-0.1236404
-0.1219676
-0.1233620
-0.1318000
-0.1404552
-0.1365625
-0.1168449
-0.0945968
-0.0876956
-0.1004823
-0.1204963
-0.1329126
-0.1352072
-0.1366141
-0.1457454
-0.1615879
-0.1765117
-0.1853692
-0.1893792
-0.1921646
-0.1957547
-0.2022409
-0.2157970
-0.2379769
-0.2612581
-0.2728234
-0.2683319
-0.2593396
-0.2626219
-0.2816038
-0.3012256
-0.3029701
-0.2837356
-0.2577891
-0.2402977
-0.2318992
-0.2216763
-0.2027426
-0.1795406
-0.1590416
-0.1410254
-0.1221970
-0.1056304
-0.0964882
-0.0848698
-0.0390403
0.0762277
0.2716177
0.5236544
0.7904611
1.0312520
1.2076047
1.2735308
1.1825940
0.9222125
0.5449734
0.1559968
-0.1445301
-0.3163815
-0.3854221
-0.4033878
-0.4048779
-0.3969491
-0.3769492
-0.3493371
-0.3234449
-0.3016376
-0.2777831
-0.2491817
-0.2245736
-0.2148725
-0.2173685
-0.2150442
-0.1941590
-0.1598033
-0.1314241
-0.1238411
-0.1342181
-0.1469180
-0.1492384
-0.1418289
-0.1350098
-0.1370897
-0.1474813
-0.1594724
-0.1662415
-0.1636774
-0.1514873
-0.1351890
-0.1251367
-0.1288941
-0.1429972
-0.1543622
-0.1518721
-0.1369569
-0.1224567
-0.1203129
-0.1292922
-0.1348607
-0.1225103
-0.0917935
-0.0565758
-0.0317978
-0.0212631
-0.0173536
-0.0090996
0.0108586
0.0439420
0.0861186
0.1301070
0.1692553
0.2016410
0.2319910
0.2693994
0.3203743
0.3813222
0.4387113
0.4799328
0.5052036
0.5271597
0.5576579
0.5955589
0.6279116
0.6432321
0.6443945
0.6484291
0.6712254
0.7103290
0.7441416
0.7507006
0.7274823
0.6918298
0.6629455
0.6448977
0.6258979
0.5914215
0.5374826
0.4728459
0.4101228
0.3558910
0.3093410
0.2676505
0.2290070
0.1909596
0.1506404
0.1091121
0.0725655
0.0459952
0.0266951
0.0065202
-0.0192788
-0.0466487
-0.0663210
-0.0725565
-0.0683780
-0.0619731
-0.0584243
-0.0567576
-0.0550401
-0.0542316
-0.0539746
-0.0485152
-0.0332195
-0.0146328
-0.0071579
-0.0161701
-0.0282296
-0.0230765
0.0041145
0.0351210
0.0455996
0.0299227
0.0072937
0.0013031
0.0149269
0.0292146
0.0259463
0.0062402
-0.0148437
-0.0262170
-0.0284004
-0.0270342
-0.0256107
-0.0254500
-0.0284147
-0.0365908
-0.0495515
-0.0633243
-0.0735714
-0.0804925
-0.0889029
-0.1014541
-0.1134264
-0.1175483
-0.1130792
-0.1062592
-0.1020535
-0.0997548
-0.0972405
-0.0948462
-0.0927275
-0.0878125
-0.0768299
-0.0618889
-0.0510773
-0.0518838
-0.0623329
-0.0690570
-0.0581942
-0.0308908
-0.0049215
0.0028451
-0.0063050
-0.0165463
-0.0163064
-0.0093931
-0.0084135
-0.0208981
-0.0420067
-0.0587049
-0.0614322
-0.0530738
-0.0459673
-0.0500718
-0.0656634
-0.0861925
-0.1036255
-0.1111863
-0.1077725
-0.1028778
-0.1111670
-0.1363429
-0.1627774
-0.1682915
-0.1461717
-0.1134324
-0.0970186
-0.1101269
-0.1398313
-0.1595755
-0.1564965
-0.1436851
-0.1416971
-0.1524639
-0.1591997
-0.1496774
-0.1298233
-0.1129648
-0.1043966
-0.1009195
-0.1000726
-0.1039740
-0.1138481
-0.1231246
-0.1198427
-0.1007174
-0.0813558
-0.0830104
-0.1051791
-0.1209272
-0.1078311
-0.0769053
-0.0609860
-0.0777940
-0.1129365
-0.1374075
-0.1350646
-0.1144508
-0.0989567
-0.1046038
-0.1253504
-0.1421132
-0.1445045
-0.1372224
-0.1277808
-0.1200722
-0.1203581
-0.1345927
-0.1550619
-0.1638013
-0.1562736
-0.1494816
-0.1593873
-0.1806003
-0.1940246
-0.1853412
-0.1541844
-0.1168821
-0.0995234
-0.1123838
-0.1319436
-0.1272187
-0.1019486
-0.0861795
-0.0878149
-0.0859314
-0.0770255
-0.0879592
-0.1258660
