0.4529859
0.4469443
0.4483323
0.4526791
0.4482087
0.4278092
0.3953717
0.3596310
0.3231800
0.2801383
0.2259368
0.1677859
0.1220551
0.0990455
0.0911342
0.0785760
0.0484739
0.0069960
-0.0287534
-0.0504056
-0.0672952
-0.0941631
-0.1315097
-0.1618069
-0.1673366
-0.1503922
-0.1327746
-0.1341455
-0.1526193
-0.1686784
-0.1674001
-0.1537519
-0.1443161
-0.1460068
-0.1468226
-0.1292577
-0.0908423
-0.0484023
-0.0214254
-0.0133287
-0.0109734
-0.0016299
0.0125408
0.0183573
0.0083163
-0.0093558
-0.0184385
-0.0114023
0.0030240
0.0089075
-0.0014571
-0.0218454
-0.0409513
-0.0550100
-0.0700830
-0.0919029
-0.1153168
-0.1262836
-0.1157601
-0.0910537
-0.0714998
-0.0713286
-0.0868140
-0.1013429
-0.1033020
-0.0975287
-0.0978300
-0.1092721
-0.1208695
-0.1176876
-0.0988533
-0.0804537
-0.0790233
-0.0935582
-0.1062717
-0.1016606
-0.0830213
-0.0683748
-0.0705959
-0.0837242
-0.0900700
-0.0797607
-0.0614772
-0.0535366
-0.0655332
-0.0897119
-0.1100293
-0.1185493
-0.1222394
-0.1339409
-0.1575211
-0.1825875
-0.1938954
-0.1856801
-0.1667161
-0.1517853
-0.1486689
-0.1532302
-0.1560459
-0.1525629
-0.1465187
-0.1445362
-0.1487351
-0.1547342
-0.1556568
-0.1472731
-0.1301887
-0.1087749
-0.0883943
-0.0723940
-0.0606132
-0.0510084
-0.0432600
-0.0400976
-0.0436986
-0.0508649
-0.0540836
-0.0498056
-0.0453482
-0.0543434
-0.0823980
-0.1178003
-0.1398412
-0.1388589
-0.1272597
-0.1281693
-0.1520119
-0.1852241
-0.2032288
-0.1944009
-0.1705240
-0.1538065
-0.1547502
-0.1635260
-0.1623015
-0.1442680
-0.1196123
-0.1036507
-0.1006628
-0.0998788
-0.0866368
-0.0571044
-0.0228501
-0.0017669
-0.0037383
-0.0231404
-0.0440029
-0.0532200
-0.0508004
-0.0485305
-0.0579484
-0.0781025
-0.0949454
-0.0943687
-0.0770712
-0.0596488
-0.0591497
-0.0763064
-0.0954771
-0.1017342
-0.0963707
-0.0937489
-0.1036710
-0.1198399
-0.1274522
-0.1205621
-0.1088856
-0.1066199
-0.1167025
-0.1281759
-0.1282843
-0.1149349
-0.0971013
-0.0852479
-0.0825378
-0.0834267
-0.0783972
-0.0608572
-0.0327388
-0.0049733
0.0095349
0.0062958
-0.0068914
-0.0179189
-0.0227118
-0.0281640
-0.0419132
-0.0610084
-0.0732466
-0.0693246
-0.0507619
-0.0252028
0.0024351
0.0314519
0.0624725
0.1018328
0.1717283
0.3073615
0.5300389
0.8149976
1.0880328
1.2617015
1.2827812
1.1522674
0.9091412
0.6035115
0.2847269
0.0015740
-0.2048651
-0.3190610
-0.3595259
-0.3621991
-0.3515941
-0.3282938
-0.2833106
-0.2201007
-0.1589564
-0.1208167
-0.1101085
-0.1145153
-0.1194014
-0.1205248
-0.1238415
-0.1358417
-0.1551042
-0.1715025
-0.1723224
-0.1511336
-0.1141207
-0.0782739
-0.0599974
-0.0617949
-0.0696216
-0.0654406
-0.0441878
-0.0183503
-0.0049490
-0.0078072
-0.0134069
-0.0048973
0.0201491
0.0466383
0.0564234
0.0450836
0.0245148
0.0106373
0.0100243
0.0178151
0.0262633
0.0337195
0.0458056
0.0693142
0.1055378
0.1487236
0.1899028
0.2223155
0.2448224
0.2619469
0.2807789
0.3062099
0.3376334
0.3701558
0.3996100
0.4264521
0.4543855
0.4852016
0.5155799
0.5395661
0.5542168
0.5620615
0.5670364
0.5679707
0.5575298
0.5292956
0.4861479
0.4404359
0.4045792
0.3808369
0.3599002
0.3293250
0.2840020
0.2298132
0.1781381
0.1367152
0.1049231
0.0769052
0.0486863
0.0224701
0.0047437
0.0004075
0.0079317
0.0193445
0.0252518
0.0212835
0.0109653
0.0025965
0.0024658
0.0097037
0.0170366
0.0173569
0.0108642
0.0056602
0.0097010
0.0211714
0.0278223
0.0175906
-0.0094632
-0.0401979
-0.0597687
-0.0642043
-0.0621299
-0.0646641
-0.0740504
-0.0821880
-0.0796933
-0.0655623
-0.0478663
-0.0359816
-0.0329626
-0.0347831
-0.0353964
-0.0319552
-0.0261463
-0.0217421
-0.0210534
-0.0229015
-0.0230760
-0.0167905
-0.0021439
0.0170670
0.0319674
0.0342033
0.0230140
0.0065943
-0.0051146
-0.0096460
-0.0133889
-0.0232746
-0.0376524
-0.0465888
-0.0420540
-0.0277022
-0.0174512
-0.0231038
-0.0430818
-0.0641008
-0.0744614
-0.0753317
-0.0784422
-0.0927419
-0.1137030
-0.1261543
-0.1182538
-0.0933783
-0.0684717
-0.0602447
-0.0721509
-0.0936012
-0.1104057
-0.1156332
-0.1121639
-0.1072848
-0.1055080
-0.1051775
-0.1007308
-0.0885597
-0.0716223
-0.0585119
-0.0573138
-0.0694149
-0.0886105
-0.1061173
-0.1169118
-0.1218342
-0.1241391
-0.1247361
-0.1213763
-0.1121820
-0.0990094
-0.0869703
-0.0810195
-0.0827894
-0.0896277
-0.0963607
-0.0993583
-0.1002795
-0.1053199
-0.1189764
-0.1376670
-0.1504874
-0.1482027
-0.1327471
-0.1172574
-0.1146960
-0.1251028
-0.1350402
-0.1315060
-0.1164335
-0.1055456
-0.1117554
-0.1307890
-0.1447169
-0.1395785
-0.1184500
-0.0971647
-0.0887899
-0.0936159
-0.1030936
-0.1099842
-0.1123976
-0.1103466
-0.1036167
-0.0950285
-0.0919214
-0.0995157
-0.1129190
-0.1200632
-0.1151786
-0.1072923
-0.1118478
-0.1332817
-0.1583729
-0.1690064
-0.1607315
-0.1461262
-0.1390954
-0.1385347
-0.1305888
-0.1065527
-0.0750848
-0.0547935
-0.0562493
-0.0731079
-0.0899667
-0.0966093
-0.0943809
-0.0912748
-0.0934203
-0.1011785
-0.1107416
-0.1171708
-0.1166956
-0.1091544
-0.0996496
-0.0957739
-0.1006597
-0.1091859
-0.1132050
-0.1106596
-0.1074544
-0.1093969
-0.1138965
-0.1112720
-0.0939755
-0.0637494
-0.0303872
-0.0046461
0.0085601
0.0132818
0.0209881
0.0432360
0.0805467
0.1179033
0.1390509
0.1545004
0.2143850
0.3799472
0.6666401
1.0094796
1.2896514
1.4051384
1.3261422
1.0937728
0.7766373
0.4329479
0.1050934
-0.1692378
-0.3586035
-0.4545619
-0.4789723
-0.4662472
-0.4372216
-0.3928157
-0.3310879
-0.2634374
-0.2098846
-0.1812819
-0.1710752
-0.1650058
-0.1553522
-0.1438204
-0.1336063
-0.1237620
-0.1128925
-0.1045209
-0.1039373
-0.1095330
-0.1115160
-0.1021740
-0.0855623
-0.0736370
-0.0726389
-0.0759374
-0.0717065
-0.0563162
-0.0383834
-0.0295560
-0.0325761
-0.0394119
-0.0407426
-0.0357076
-0.0311705
-0.0320377
-0.0338911
-0.0257528
0.0002127
0.0412484
0.0849855
0.1181610
0.1366439
0.1485160
0.1666741
0.1969035
0.2326038
0.2614648
0.2778075
0.2889482
0.3095391
0.3485369
0.4001151
0.4469914
0.4739741
0.4801174
0.4789386
0.4867485
0.5089204
0.5349751
0.5465877
0.5329800
0.5011533
0.4706710
0.4559943
0.4526468
0.4412961
0.4062823
0.3505716
0.2929751
0.2509696
0.2257966
0.2036225
0.1708412
0.1280377
0.0889998
0.0666316
0.0603566
0.0567555
0.0416587
0.0122848
-0.0206434
-0.0423243
-0.0471296
-0.0440090
-0.0482844
-0.0668646
-0.0911567
-0.1048049
-0.0988020
-0.0797122
-0.0637827
-0.0628654
-0.0752375
-0.0893983
-0.0961106
-0.0960108
-0.0958906
-0.0996354
-0.1044537
-0.1051518
-0.1001946
-0.0932674
-0.0899350
-0.0929193
-0.0996784
-0.1042356
-0.1021321
-0.0943888
-0.0867828
-0.0848424
-0.0886981
-0.0922080
-0.0877711
-0.0734158
-0.0555281
-0.0437130
-0.0426017
-0.0491879
-0.0576576
-0.0650082
-0.0714467
-0.0772762
-0.0813238
-0.0820570
-0.0789198
-0.0725244
-0.0644743
-0.0572427
-0.0532678
-0.0529079
-0.0530932
-0.0496639
-0.0432220
-0.0422542
-0.0567323
-0.0855936
-0.1121878
-0.1166108
-0.0948730
-0.0646445
-0.0500893
-0.0602007
-0.0816463
-0.0923765
-0.0823078
-0.0614446
-0.0486273
-0.0530679
-0.0670957
-0.0758249
-0.0721157
-0.0619996
-0.0576175
-0.0663288
-0.0854446
-0.1054831
-0.1183718
-0.1238825
-0.1290327
-0.1410330
-0.1599967
-0.1777179
-0.1838215
-0.1749178
-0.1591525
-0.1504827
-0.1558838
-0.1680200
-0.1728611
-0.1654539
-0.1560318
-0.1584548
-0.1734154
-0.1854836
-0.1780229
-0.1505014
-0.1199117
-0.1046686
-0.1079237
-0.1175288
-0.1210364
-0.1178025
-0.1158182
-0.1201576
-0.1278320
-0.1326839
-0.1316164
-0.1253585
-0.1161943
-0.1073368
-0.1033583
-0.1081534
-0.1206645
-0.1335379
-0.1386828
-0.1357672
-0.1337309
-0.1411662
-0.1551158
-0.1621725
-0.1523667
-0.1306019
-0.1126351
-0.1100779
-0.1202265
-0.1301314
-0.1296335
-0.1203792
-0.1127056
-0.1143330
-0.1227669
-0.1288984
-0.1269202
-0.1195765
-0.1143477
-0.1159532
-0.1224638
-0.1275022
-0.1262845
-0.1206796
-0.1182436
-0.1247597
-0.1370908
-0.1444264
-0.1378301
-0.1190277
-0.0995743
-0.0905298
-0.0922178
-0.0949334
-0.0912129
-0.0862930
-0.0925668
-0.1120635
-0.1283568
-0.1211391
-0.0892110
-0.0547619
-0.0417301
-0.0512680
-0.0619283
-0.0546734
-0.0339308
-0.0197083
-0.0202590
-0.0197339
0.0027447
0.0479500
0.1018245
0.1686658
0.2882336
0.5049158
0.8127653
1.1335106
1.3553188
1.4004950
1.2646246
1.0016212
0.6804402
0.3556644
0.0655167
-0.1620260
-0.3128870
-0.3933807
-0.4241637
-0.4244255
-0.4037415
-0.3680557
-0.3272561
-0.2921079
-0.2653351
-0.2405546
-0.2124440
-0.1863108
-0.1744838
-0.1823295
-0.2003242
-0.2127446
-0.2134344
-0.2098541
-0.2111632
-0.2157193
-0.2126152
-0.1936088
-0.1609195
-0.1240326
-0.0914746
-0.0664753
-0.0489738
-0.0395346
-0.0396913
-0.0483487
-0.0593913
-0.0644088
-0.0579030
-0.0399415
-0.0155787
0.0070007
0.0203117
0.0237642
0.0264202
0.0398206
0.0655416
0.0915091
0.1036051
0.1017048
0.1026272
0.1249322
0.1697017
0.2177206
0.2482151
0.2606548
0.2753957
0.3112507
0.3645370
0.4127061
0.4377496
0.4437070
0.4510428
0.4753327
0.5118470
0.5402828
0.5442662
0.5261795
0.5027860
0.4870844
0.4758283
0.4547783
0.4146690
0.3615941
0.3127921
0.2820916
0.2675392
0.2524511
0.2200422
0.1685120
0.1121506
0.0681450
0.0427093
0.0286826
0.0142941
-0.0060194
-0.0275157
-0.0405137
-0.0401776
-0.0313677
-0.0240713
-0.0249970
-0.0339796
-0.0468578
-0.0600349
-0.0728762
-0.0872183
-0.1042790
-0.1211742
-0.1315031
-0.1310931
-0.1230324
-0.1158165
-0.1162686
-0.1243092
-0.1337500
-0.1375556
-0.1330399
-0.1226660
-0.1098374
-0.0947312
-0.0756216
-0.0535965
-0.0334423
-0.0192756
-0.0113230
-0.0077476
-0.0076563
-0.0112172
-0.0185952
-0.0302518
-0.0469432
-0.0673652
-0.0857473
-0.0935464
-0.0858495
-0.0677762
-0.0536546
-0.0562866
-0.0746754
-0.0942218
-0.1018464
-0.1000404
-0.1031523
-0.1198554
-0.1418684
-0.1510471
-0.1368360
-0.1068339
-0.0808710
-0.0737433
-0.0821017
-0.0884323
-0.0791752
-0.0590952
-0.0471767
-0.0580614
-0.0869846
-0.1122816
-0.1137632
-0.0911512
-0.0651659
-0.0587462
-0.0762374
-0.1016507
-0.1164602
-0.1166449
-0.1126685
-0.1166961
-0.1318426
-0.1512031
-0.1642903
-0.1650203
-0.1558603
-0.1452258
-0.1403885
-0.1419288
-0.1438076
-0.1384795
-0.1233769
-0.1034257
-0.0858583
-0.0715163
-0.0534982
-0.0268944
0.0017825
0.0184448
0.0150857
-0.0025622
-0.0213919
-0.0334125
-0.0415940
-0.0543819
-0.0750086
-0.0966540
-0.1090120
-0.1091535
-0.1039072
-0.1014856
-0.1036462
-0.1072844
-0.1107007
-0.1155211
-0.1239115
-0.1365359
-0.1527957
-0.1708397
-0.1866063
-0.1937744
-0.1862373
-0.1627867
-0.1305285
-0.1017657
-0.0845652
-0.0763642
-0.0685996
-0.0569036
-0.0446520
-0.0376609
-0.0386157
-0.0462913
-0.0566080
-0.0639170
-0.0649332
-0.0633668
-0.0680534
-0.0833992
-0.1019572
-0.1092669
-0.0985454
-0.0803219
-0.0736593
-0.0840988
-0.0926129
-0.0732594
-0.0231844
0.0332141
0.0783072
0.1371500
0.2690518
0.5140338
0.8428495
1.1585187
1.3504280
1.3571701
1.1909472
0.9134434
0.5935102
0.2823466
0.0127460
-0.1955846
-0.3363049
-0.4160009
-0.4468781
-0.4395485
-0.4039944
-0.3545174
-0.3088188
-0.2793951
-0.2652243
-0.2530689
-0.2300268
-0.1970778
-0.1688757
-0.1579177
-0.1601727
-0.1590347
-0.1428570
-0.1162551
-0.0946582
-0.0897077
-0.0991327
-0.1087447
-0.1048938
-0.0868043
-0.0663909
-0.0554114
-0.0546569
-0.0567194
-0.0561035
-0.0532700
-0.0504404
-0.0474636
-0.0426710
-0.0357591
-0.0281638
-0.0199782
-0.0071190
0.0156149
0.0463837
0.0740430
0.0892738
0.0976260
0.1156784
0.1520886
0.1969036
0.2329062
0.2549858
0.2753430
0.3107170
0.3662742
0.4310634
0.4875775
0.5255331
0.5470437
0.5603728
0.5717906
0.5836654
0.5955815
0.6035858
0.6014862
0.5876134
0.5688317
0.5534032
0.5402010
0.5185400
0.4789231
0.4219426
0.3575389
0.2978174
0.2493684
0.2094489
0.1691869
0.1220518
0.0699652
0.0219879
-0.0117794
-0.0266160
-0.0273640
-0.0262885
-0.0326551
-0.0432701
-0.0468978
-0.0390590
-0.0284796
-0.0270385
-0.0366926
-0.0484227
-0.0516268
-0.0430611
-0.0289425
-0.0199372
-0.0227736
-0.0358834
-0.0533025
-0.0708790
-0.0868901
-0.0995850
-0.1084495
-0.1165151
-0.1267756
-0.1362261
-0.1371659
-0.1253802
-0.1055344
-0.0888366
-0.0856676
-0.0973264
-0.1127223
-0.1163368
-0.1028914
-0.0822084
-0.0670326
-0.0585719
-0.0468522
-0.0228541
0.0125053
0.0488325
0.0725455
0.0750188
0.0584097
0.0338035
0.0126004
-0.0005903
-0.0089279
-0.0204798
-0.0423175
-0.0719624
-0.0950519
-0.0975643
-0.0818423
-0.0657162
-0.0642976
-0.0766526
-0.0910770
-0.0987023
-0.1001938
-0.1028607
-0.1131768
-0.1301099
-0.1450586
-0.1493754
-0.1408705
-0.1223558
-0.0979976
-0.0743497
-0.0603531
-0.0600993
-0.0671761
-0.0711420
-0.0689157
-0.0666455
-0.0719411
-0.0867592
-0.1055053
-0.1180218
-0.1179346
-0.1104872
-0.1082262
-0.1164444
-0.1273067
-0.1311468
-0.1287295
-0.1286746
-0.1367967
-0.1515922
-0.1670397
-0.1768189
-0.1781090
-0.1730353
-0.1649201
-0.1542354
-0.1413900
-0.1307663
-0.1261470
-0.1242545
-0.1200189
-0.1168252
-0.1229732
-0.1372566
-0.1460327
-0.1374299
-0.1139495
-0.0899779
-0.0800675
-0.0881927
-0.1041900
-0.1122766
-0.1068640
-0.0976572
-0.0963249
-0.1029778
-0.1099361
-0.1126495
-0.1104885
-0.1022058
-0.0884775
-0.0759583
-0.0722347
-0.0780282
-0.0873660
-0.0925065
-0.0879256
-0.0756830
-0.0680943
-0.0766677
-0.0955805
-0.1050846
-0.0954377
-0.0791455
-0.0750350
-0.0876997
-0.1067405
-0.1194537
-0.1208634
-0.1170792
-0.1203313
-0.1350057
-0.1493222
-0.1476403
-0.1287918
-0.1044005
-0.0832438
-0.0679595
-0.0631849
-0.0732950
-0.0922022
-0.1064013
-0.1084187
-0.1001043
-0.0866486
-0.0752743
-0.0731953
-0.0769683
-0.0711214
-0.0481266
-0.0219523
-0.0104023
-0.0122264
-0.0137938
-0.0103389
-0.0078720
-0.0099671
-0.0125133
-0.0061820
0.0202840
0.0700016
0.1317013
0.2020689
0.3151828
0.5202789
0.8144179
1.1170696
1.3252680
1.3789728
1.2708102
1.0258538
0.6936764
0.3399241
0.0239741
-0.2132453
-0.3488199
-0.3918923
-0.3917312
-0.3942325
-0.3902783
-0.3452161
-0.2726793
-0.2251177
-0.2117626
-0.1922154
-0.1609805
-0.1613298
-0.1891006
-0.1656094
-0.0568667
