-0.0596793
-0.0742706
-0.0820311
-0.0788495
-0.0627652
-0.0370801
-0.0120615
0.0008265
-0.0015773
-0.0129411
-0.0279397
-0.0507940
-0.0877812
-0.1311982
-0.1582389
-0.1528649
-0.1271212
-0.1126741
-0.1270362
-0.1527860
-0.1566341
-0.1279952
-0.0915084
-0.0784087
-0.0916223
-0.1063781
-0.1031714
-0.0903465
-0.0893264
-0.1047067
-0.1194910
-0.1202685
-0.1165425
-0.1269110
-0.1504211
-0.1626375
-0.1440303
-0.1053690
-0.0776141
-0.0785638
-0.0968197
-0.1099546
-0.1108500
-0.1096354
-0.1137305
-0.1162653
-0.1080510
-0.0940223
-0.0893520
-0.0996378
-0.1122948
-0.1114605
-0.0972447
-0.0847144
-0.0849458
-0.0929109
-0.0959721
-0.0892883
-0.0777716
-0.0649571
-0.0465430
-0.0167524
0.0253754
0.0835299
0.1772315
0.3377684
0.5800230
0.8729735
1.1397914
1.2936936
1.2836667
1.1167575
0.8450979
0.5331178
0.2302402
-0.0364689
-0.2533590
-0.4093337
-0.4946815
-0.5092606
-0.4694530
-0.4042771
-0.3421719
-0.2993226
-0.2778605
-0.2716875
-0.2721618
-0.2707026
-0.2615455
-0.2457276
-0.2311228
-0.2248277
-0.2242228
-0.2178316
-0.1972873
-0.1676613
-0.1435777
-0.1346222
-0.1363376
-0.1365652
-0.1290356
-0.1187465
-0.1146178
-0.1193907
-0.1276671
-0.1319551
-0.1286481
-0.1188139
-0.1055797
-0.0917612
-0.0787529
-0.0663130
-0.0535708
-0.0408582
-0.0299792
-0.0215898
-0.0126820
0.0016218
0.0231101
0.0487806
0.0754843
0.1051455
0.1427698
0.1886302
0.2347198
0.2711717
0.2956191
0.3143035
0.3341266
0.3560553
0.3774462
0.3983693
0.4221648
0.4494005
0.4740639
0.4878096
0.4870997
0.4745715
0.4541645
0.4273009
0.3943524
0.3574164
0.3194108
0.2811834
0.2416927
0.2011798
0.1621492
0.1263892
0.0930009
0.0614179
0.0353490
0.0207681
0.0189340
0.0232724
0.0249248
0.0205921
0.0133483
0.0065794
-0.0001788
-0.0087781
-0.0187878
-0.0290527
-0.0415729
-0.0598580
-0.0820110
-0.0985386
-0.1007046
-0.0909730
-0.0822712
-0.0855112
-0.0992886
-0.1130685
-0.1189490
-0.1180913
-0.1163901
-0.1171815
-0.1197663
-0.1225748
-0.1243176
-0.1221329
-0.1121552
-0.0943884
-0.0755919
-0.0643740
-0.0627704
-0.0644015
-0.0618236
-0.0542037
-0.0462832
-0.0409731
-0.0356593
-0.0265041
-0.0141432
-0.0029392
0.0045667
0.0096532
0.0128766
0.0099147
-0.0048856
-0.0303915
-0.0566269
-0.0731360
-0.0791729
-0.0839109
-0.0960731
-0.1145440
-0.1299470
-0.1342919
-0.1275262
-0.1153466
-0.1034752
-0.0957131
-0.0952555
-0.1034032
-0.1151892
-0.1194158
-0.1076760
-0.0843990
-0.0647792
-0.0597115
-0.0635666
-0.0599165
-0.0403281
-0.0152854
-0.0044510
-0.0169832
-0.0434975
-0.0669585
-0.0784686
-0.0810767
-0.0815018
-0.0831560
-0.0879847
-0.1001039
-0.1221473
-0.1478484
-0.1628077
-0.1565201
-0.1336068
-0.1110305
-0.1032174
-0.1101652
-0.1195949
-0.1190469
-0.1052815
-0.0838938
-0.0625790
-0.0453021
-0.0308867
-0.0153002
0.0041766
0.0250728
0.0393483
0.0383378
0.0197647
-0.0098904
-0.0405459
-0.0661405
-0.0871136
-0.1063766
-0.1246302
-0.1402426
-0.1521245
-0.1606574
-0.1658264
-0.1665628
-0.1633010
-0.1597351
-0.1593997
-0.1601269
-0.1545239
-0.1383964
-0.1179100
-0.1054541
-0.1069952
-0.1149141
-0.1150039
-0.1001508
-0.0760194
-0.0542147
-0.0422974
-0.0407359
-0.0460266
-0.0530033
-0.0550016
-0.0469559
-0.0319739
-0.0228356
-0.0321300
-0.0590676
-0.0885239
-0.1055711
-0.1100186
-0.1145450
-0.1293247
-0.1516038
-0.1711429
-0.1824218
-0.1879042
-0.1903879
-0.1868169
-0.1721899
-0.1471978
-0.1183593
-0.0907782
-0.0643885
-0.0390975
-0.0203391
-0.0145931
-0.0186010
-0.0172538
0.0035380
0.0423816
0.0854344
0.1280107
0.1929984
0.3229092
0.5461684
0.8440968
1.1473363
1.3669201
1.4377211
1.3445581
1.1178798
0.8097676
0.4716170
0.1462122
-0.1298859
-0.3262477
-0.4268685
-0.4397349
-0.3954816
-0.3320503
-0.2760292
-0.2348696
-0.2036609
-0.1770653
-0.1548538
-0.1388556
-0.1283590
-0.1203454
-0.1131507
-0.1077597
-0.1049691
-0.1029264
-0.0992113
-0.0949359
-0.0946001
-0.1004789
-0.1081475
-0.1097123
-0.1022914
-0.0920326
-0.0881220
-0.0928238
-0.0989139
-0.0978035
-0.0890615
-0.0800787
-0.0763164
-0.0741044
-0.0649486
-0.0461229
-0.0245256
-0.0090686
-0.0007198
0.0084190
0.0269142
0.0566702
0.0934878
0.1321839
0.1692074
0.2018684
0.2287707
0.2524798
0.2791109
0.3118583
0.3450584
0.3680121
0.3768436
0.3809940
0.3951346
0.4242264
0.4583350
0.4829071
0.4926217
0.4939136
0.4954161
0.4986949
0.4987574
0.4909476
0.4749190
0.4528429
0.4268407
0.3993168
0.3734589
0.3505658
0.3269892
0.2962591
0.2558604
0.2110488
0.1703630
0.1371803
0.1067824
0.0724940
0.0343480
0.0008221
-0.0185981
-0.0228212
-0.0212602
-0.0264962
-0.0443128
-0.0700286
-0.0936385
-0.1080802
-0.1130077
-0.1120699
-0.1083368
-0.1030844
-0.0977389
-0.0945899
-0.0943379
-0.0940957
-0.0898455
-0.0812003
-0.0720951
-0.0656473
-0.0595956
-0.0490865
-0.0343903
-0.0237940
-0.0265036
-0.0422087
-0.0589417
-0.0626387
-0.0494268
-0.0287957
-0.0151588
-0.0163140
-0.0288453
-0.0427249
-0.0495291
-0.0475631
-0.0412920
-0.0367424
-0.0365176
-0.0379192
-0.0355729
-0.0265402
-0.0136250
-0.0038182
-0.0028303
-0.0100557
-0.0183052
-0.0191503
-0.0101021
0.0024002
0.0075705
-0.0005843
-0.0174963
-0.0316873
-0.0354547
-0.0326064
-0.0349596
-0.0503967
-0.0748273
-0.0969599
-0.1105750
-0.1199945
-0.1322406
-0.1456242
-0.1494305
-0.1361170
-0.1117052
-0.0913956
-0.0848368
-0.0878819
-0.0897595
-0.0860733
-0.0819119
-0.0828996
-0.0873346
-0.0897604
-0.0898191
-0.0928849
-0.1009379
-0.1068010
-0.1014794
-0.0866585
-0.0760625
-0.0822512
-0.1036390
-0.1268450
-0.1412822
-0.1486949
-0.1573182
-0.1691174
-0.1758985
-0.1681430
-0.1453510
-0.1165905
-0.0925693
-0.0787956
-0.0749396
-0.0772686
-0.0802208
-0.0780663
-0.0687174
-0.0569823
-0.0519961
-0.0590775
-0.0739591
-0.0865291
-0.0909610
-0.0911380
-0.0950693
-0.1047768
-0.1136317
-0.1143763
-0.1084509
-0.1057167
-0.1146371
-0.1334721
-0.1516410
-0.1595755
-0.1570451
-0.1521653
-0.1528741
-0.1596855
-0.1664761
-0.1677127
-0.1643906
-0.1627081
-0.1669738
-0.1740557
-0.1752330
-0.1638216
-0.1408550
-0.1131458
-0.0865119
-0.0621660
-0.0397122
-0.0215044
-0.0116869
-0.0110794
-0.0154480
-0.0204357
-0.0268420
-0.0383673
-0.0537283
-0.0639352
-0.0607537
-0.0480627
-0.0417328
-0.0553538
-0.0861006
-0.1164436
-0.1303158
-0.1266223
-0.1170071
-0.1127803
-0.1160008
-0.1217737
-0.1252024
-0.1240337
-0.1169596
-0.1036783
-0.0880431
-0.0782323
-0.0800955
-0.0899679
-0.0968949
-0.0940363
-0.0866169
-0.0859275
-0.0949078
-0.1018477
-0.0907588
-0.0585390
-0.0209302
-0.0003622
-0.0070485
-0.0313084
-0.0538784
-0.0635450
-0.0649623
-0.0700277
-0.0828979
-0.0948154
-0.0942599
-0.0814244
-0.0707600
-0.0774239
-0.1009501
-0.1236666
-0.1266561
-0.1074939
-0.0819784
-0.0689906
-0.0744860
-0.0893117
-0.0997359
-0.0982895
-0.0862870
-0.0699790
-0.0563918
-0.0508615
-0.0547255
-0.0637341
-0.0704776
-0.0709826
-0.0692687
-0.0735117
-0.0863331
-0.0998218
-0.1021337
-0.0897218
-0.0721471
-0.0637940
-0.0706671
-0.0855062
-0.0956191
-0.0948748
-0.0877141
-0.0821300
-0.0804389
-0.0783643
-0.0725777
-0.0664611
-0.0661748
-0.0717227
-0.0749436
-0.0683917
-0.0550449
-0.0464320
-0.0502520
-0.0619470
-0.0707075
-0.0727227
-0.0750160
-0.0847952
-0.0978098
-0.1006804
-0.0844713
-0.0532557
-0.0191586
0.0080277
0.0261398
0.0423383
0.0773859
0.1668427
0.3449688
0.6124291
0.9149120
1.1608546
1.2719492
1.2252042
1.0519844
0.8029000
0.5183744
0.2289710
-0.0301019
-0.2197986
-0.3174815
-0.3324540
-0.2974574
-0.2453464
-0.1946950
-0.1531832
-0.1261605
-0.1168600
-0.1211692
-0.1287611
-0.1324281
-0.1343943
-0.1413707
-0.1549674
-0.1699111
-0.1813904
-0.1905688
-0.2007165
-0.2100283
-0.2118225
-0.2025626
-0.1874961
-0.1766229
-0.1755073
-0.1808089
-0.1839792
-0.1779874
-0.1613202
-0.1385919
-0.1190054
-0.1114900
-0.1164338
-0.1207702
-0.1051956
-0.0610597
-0.0006537
0.0520926
0.0826413
0.0965989
0.1096156
0.1298235
0.1530745
0.1733238
0.1918901
0.2137107
0.2383184
0.2603251
0.2791838
0.3028317
0.3373053
0.3752528
0.4006003
0.4061594
0.4026211
0.4069836
0.4242060
0.4438164
0.4535673
0.4518084
0.4449010
0.4368065
0.4262323
0.4134673
0.4047427
0.4062292
0.4152743
0.4209460
0.4136720
0.3923128
0.3616285
0.3258345
0.2867407
0.2460123
0.2054602
0.1647162
0.1216683
0.0769709
0.0362775
0.0055243
-0.0157534
-0.0344558
-0.0567918
-0.0823634
-0.1057392
-0.1222745
-0.1310024
-0.1331982
-0.1311233
-0.1288966
-0.1315838
-0.1401527
-0.1478198
-0.1447165
-0.1278487
-0.1047801
-0.0856369
-0.0724288
-0.0584607
-0.0383587
-0.0164803
-0.0038550
-0.0074288
-0.0234846
-0.0413541
-0.0522223
-0.0539907
-0.0493834
-0.0418767
-0.0342682
-0.0294648
-0.0301947
-0.0369051
-0.0465306
-0.0543396
-0.0576895
-0.0583039
-0.0606428
-0.0672384
-0.0751102
-0.0772621
-0.0686477
-0.0510564
-0.0321229
-0.0196828
-0.0167829
-0.0205737
-0.0242272
-0.0203062
-0.0052421
0.0166720
0.0338926
0.0350189
0.0180832
-0.0073259
-0.0283626
-0.0397991
-0.0463752
-0.0552742
-0.0686044
-0.0840010
-0.0995393
-0.1143475
-0.1252470
-0.1276816
-0.1222804
-0.1167227
-0.1163737
-0.1143471
-0.0969166
-0.0615190
-0.0249156
-0.0076792
-0.0110743
-0.0145429
0.0032360
0.0485821
0.1249368
0.2546338
0.4709024
0.7743073
1.0991657
1.3367111
1.4032914
1.2908702
1.0552750
0.7634531
0.4571475
0.1597257
-0.1005894
-0.2893907
-0.3884284
-0.4108607
-0.3895141
-0.3526109
-0.3130112
-0.2753696
-0.2442541
-0.2223173
-0.2065062
-0.1923712
-0.1812634
-0.1785133
-0.1837284
-0.1873231
-0.1801067
-0.1645372
-0.1525241
-0.1513606
-0.1548832
-0.1509146
-0.1358931
-0.1188725
-0.1106872
-0.1123256
-0.1163487
-0.1178561
-0.1201222
-0.1283744
-0.1408746
-0.1492004
-0.1474185
-0.1389476
-0.1329073
-0.1339267
-0.1365186
-0.1298288
-0.1073101
-0.0712699
-0.0289784
0.0135789
0.0534388
0.0885098
0.1170782
0.1406509
0.1654619
0.1984500
0.2405530
0.2847518
0.3221259
0.3503496
0.3756972
0.4062879
0.4437649
0.4817404
0.5112320
0.5265434
0.5270488
0.5159378
0.4979679
0.4762146
0.4490756
0.4116641
0.3626773
0.3099478
0.2664314
0.2384729
0.2187338
0.1927960
0.1532005
0.1056551
0.0613536
0.0259632
-0.0015186
-0.0216491
-0.0322852
-0.0356505
-0.0427358
-0.0641369
-0.0958882
-0.1193337
-0.1186273
-0.0969723
-0.0730316
-0.0622081
-0.0643433
-0.0697184
-0.0729542
-0.0774528
-0.0877493
-0.1024528
-0.1169878
-0.1302997
-0.1449182
-0.1607934
-0.1728197
-0.1762749
-0.1728673
-0.1695396
-0.1719875
-0.1803349
-0.1898569
-0.1941033
-0.1882338
-0.1723371
-0.1527868
-0.1383507
-0.1324635
-0.1295141
-0.1210430
-0.1065306
-0.0959517
-0.0991468
-0.1133073
-0.1241377
-0.1207730
-0.1074302
-0.0983050
-0.1024000
-0.1158938
-0.1284907
-0.1334296
-0.1299036
-0.1193146
-0.1038604
-0.0892368
-0.0845869
-0.0954928
-0.1164192
-0.1327216
-0.1326228
-0.1174923
-0.0996871
-0.0907304
-0.0923635
-0.0979089
-0.0996006
-0.0937986
-0.0817265
-0.0682058
-0.0597049
-0.0610700
-0.0719724
-0.0863013
-0.0961706
-0.0979135
-0.0949124
-0.0942789
-0.1000427
-0.1094090
-0.1159634
-0.1164190
-0.1137843
-0.1141549
-0.1213156
-0.1348346
-0.1524552
-0.1726323
-0.1935730
-0.2104678
-0.2163770
-0.2085385
-0.1934379
-0.1822623
-0.1789654
-0.1743844
-0.1552425
-0.1193975
-0.0800822
-0.0540694
-0.0469663
-0.0510195
-0.0555910
-0.0572302
-0.0596909
-0.0675251
-0.0825776
-0.1052473
-0.1344037
-0.1637684
-0.1819419
-0.1814216
-0.1684414
-0.1600035
-0.1683576
-0.1896086
-0.2092781
-0.2175737
-0.2167714
-0.2145629
-0.2140494
-0.2123462
-0.2066508
-0.1976645
-0.1861471
-0.1694538
-0.1450255
-0.1164950
-0.0920498
-0.0745529
-0.0559594
-0.0249194
0.0213044
0.0772897
0.1443693
0.2423792
0.4004646
0.6297893
0.9004519
1.1438934
1.2821636
1.2647911
1.0898856
0.7998099
0.4591511
0.1298732
-0.1452202
-0.3465961
-0.4718535
-0.5267666
-0.5214979
-0.4727987
-0.4047084
-0.3414906
-0.2967700
-0.2693933
-0.2508048
-0.2367327
-0.2310398
-0.2378851
-0.2519559
-0.2599519
-0.2536080
-0.2392474
-0.2312200
-0.2358253
-0.2445582
-0.2445078
-0.2332821
-0.2213120
-0.2199468
-0.2295469
-0.2402830
-0.2432891
-0.2388606
-0.2331409
-0.2288656
-0.2221794
-0.2087427
-0.1901631
-0.1721693
-0.1573016
-0.1414482
-0.1180420
-0.0849997
-0.0474622
-0.0137702
0.0120882
0.0346665
0.0628506
0.1002698
0.1401998
0.1713005
0.1890345
0.2010047
0.2201830
0.2519713
0.2876011
0.3112126
0.3148106
0.3064282
0.3028375
0.3141739
0.3359926
0.3553230
0.3628131
0.3592978
0.3528669
0.3509231
0.3542266
0.3572147
0.3534000
0.3402767
0.3196178
0.2948036
0.2690470
0.2448096
0.2224687
0.1992731
0.1715821
0.1394393
0.1082062
0.0842305
0.0681577
0.0529072
0.0295229
-0.0041807
-0.0417395
-0.0758690
-0.1064832
-0.1378007
-0.1681785
-0.1881418
-0.1918643
-0.1871917
-0.1884604
-0.1984689
-0.2019457
-0.1808285
-0.1357761
-0.0895840
-0.0671033
-0.0721278
-0.0855782
-0.0859974
-0.0692099
-0.0473342
-0.0326802
-0.0267838
-0.0233776
-0.0165822
-0.0047157
0.0099210
0.0219061
0.0250581
0.0171617
0.0031692
-0.0074328
-0.0077928
0.0005911
0.0087541
0.0075009
-0.0051547
-0.0230909
-0.0377732
-0.0442827
-0.0434620
-0.0413968
-0.0469288
-0.0653527
-0.0913070
-0.1099391
-0.1089224
-0.0900410
-0.0677956
-0.0568487
-0.0611793
-0.0735913
-0.0833924
-0.0845950
-0.0786180
-0.0710084
-0.0669142
-0.0693576
-0.0787447
-0.0911666
-0.0989730
-0.0974290
-0.0913799
-0.0917490
-0.1037579
-0.1205258
-0.1290868
-0.1209316
-0.0966586
-0.0635240
-0.0303811
-0.0026625
0.0225308
0.0611807
0.1440494
0.3077746
0.5704876
0.9041528
1.2305327
1.4539954
1.5100481
1.3931294
1.1479743
0.8388075
0.5207177
0.2287011
-0.0155099
-0.1932139
-0.2914347
-0.3164884
-0.2976287
-0.2693836
-0.2489084
-0.2319727
-0.2089522
-0.1815556
-0.1639180
-0.1682841
-0.1899275
-0.2089873
-0.2107714
-0.2015263
-0.1981668
-0.2052199
-0.2117532
-0.2112460
-0.2124409
-0.2249259
-0.2428708
-0.2504122
-0.2386474
-0.2129797
-0.1878528
-0.1760909
-0.1776235
-0.1776376
-0.1627966
-0.1388879
-0.1226237
-0.1168288
-0.1082661
-0.0922877
