-0.0772783
-0.0582273
-0.0339948
-0.0055737
0.0204605
0.0315736
0.0208622
-0.0022983
-0.0188242
-0.0199039
-0.0173292
-0.0297142
-0.0590998
-0.0859424
-0.0896609
-0.0711236
-0.0510426
-0.0474260
-0.0593497
-0.0738731
-0.0833088
-0.0900577
-0.0965556
-0.0984784
-0.0919735
-0.0826284
-0.0797309
-0.0813140
-0.0720353
-0.0410914
0.0009407
0.0297034
0.0324176
0.0204511
0.0136716
0.0170185
0.0192979
0.0142554
0.0140073
0.0355577
0.0792603
0.1322395
0.1978713
0.3133853
0.5238763
0.8304735
1.1655731
1.4251096
1.5307636
1.4674051
1.2711096
0.9928881
0.6773944
0.3659745
0.1018676
-0.0808958
-0.1754301
-0.2042169
-0.2003417
-0.1859752
-0.1668927
-0.1419425
-0.1125160
-0.0833669
-0.0592923
-0.0440940
-0.0405822
-0.0479751
-0.0595232
-0.0663848
-0.0661286
-0.0659160
-0.0749301
-0.0939250
-0.1142456
-0.1274236
-0.1336248
-0.1392888
-0.1480789
-0.1566697
-0.1593684
-0.1543507
-0.1439308
-0.1304101
-0.1143189
-0.0970967
-0.0833432
-0.0781877
-0.0817588
-0.0867656
-0.0825948
-0.0633955
-0.0336980
-0.0060307
0.0091746
0.0136623
0.0214012
0.0463103
0.0879752
0.1298564
0.1532848
0.1541828
0.1460371
0.1467622
0.1632398
0.1879576
0.2083980
0.2183060
0.2215641
0.2282394
0.2473640
0.2804873
0.3192833
0.3501430
0.3644274
0.3662183
0.3690877
0.3835924
0.4077510
0.4302949
0.4425577
0.4457885
0.4472008
0.4513903
0.4571744
0.4608524
0.4591455
0.4487147
0.4266628
0.3949618
0.3631151
0.3419869
0.3326553
0.3234292
0.3011281
0.2656406
0.2309925
0.2106104
0.2028256
0.1927555
0.1681145
0.1312398
0.0950793
0.0693280
0.0523332
0.0356319
0.0137033
-0.0117259
-0.0348999
-0.0509239
-0.0575759
-0.0550377
-0.0463587
-0.0380585
-0.0377619
-0.0486610
-0.0657410
-0.0790112
-0.0823000
-0.0791028
-0.0783796
-0.0835104
-0.0863021
-0.0741681
-0.0444824
-0.0106351
0.0085102
0.0062606
-0.0055899
-0.0089875
0.0023068
0.0177114
0.0221572
0.0115269
-0.0046408
-0.0137204
-0.0111816
-0.0022466
0.0043176
0.0025310
-0.0083488
-0.0241605
-0.0379463
-0.0444693
-0.0453495
-0.0493220
-0.0647136
-0.0899442
-0.1122798
-0.1178164
-0.1036424
-0.0802918
-0.0625441
-0.0579990
-0.0635654
-0.0710505
-0.0750881
-0.0765700
-0.0800139
-0.0880640
-0.0978353
-0.1022848
-0.0960366
-0.0810142
-0.0664166
-0.0620538
-0.0705302
-0.0855098
-0.0976617
-0.1024111
-0.1024081
-0.1036461
-0.1101075
-0.1214349
-0.1337363
-0.1415914
-0.1407590
-0.1314994
-0.1200183
-0.1147822
-0.1190609
-0.1268234
-0.1279061
-0.1190230
-0.1092619
-0.1125677
-0.1333774
-0.1604185
-0.1763119
-0.1736352
-0.1605847
-0.1507503
-0.1491337
-0.1498871
-0.1466957
-0.1420401
-0.1441774
-0.1565049
-0.1729725
-0.1846670
-0.1883667
-0.1864814
-0.1804313
-0.1683652
-0.1508506
-0.1352588
-0.1300394
-0.1344033
-0.1373411
-0.1294123
-0.1139848
-0.1037656
-0.1057847
-0.1123041
-0.1086672
-0.0896325
-0.0662543
-0.0561382
-0.0674831
-0.0923738
-0.1141905
-0.1211082
-0.1144528
-0.1065494
-0.1104471
-0.1290693
-0.1522130
-0.1646172
-0.1588195
-0.1411773
-0.1254175
-0.1204391
-0.1243176
-0.1288202
-0.1277211
-0.1204159
-0.1098627
-0.0997887
-0.0937673
-0.0939526
-0.0983531
-0.1006012
-0.0956915
-0.0871187
-0.0859825
-0.1001121
-0.1239435
-0.1414696
-0.1410358
-0.1270423
-0.1159396
-0.1201539
-0.1360723
-0.1479095
-0.1432355
-0.1247150
-0.1070338
-0.1029111
-0.1123251
-0.1247838
-0.1308525
-0.1305188
-0.1306328
-0.1357363
-0.1428813
-0.1453675
-0.1398869
-0.1286302
-0.1153302
-0.1018887
-0.0899485
-0.0832656
-0.0849516
-0.0920869
-0.0964669
-0.0933991
-0.0883454
-0.0913512
-0.1040173
-0.1147946
-0.1099499
-0.0886533
-0.0648448
-0.0537557
-0.0585370
-0.0708496
-0.0817455
-0.0887444
-0.0934343
-0.0970514
-0.1009720
-0.1083752
-0.1207533
-0.1327004
-0.1343272
-0.1215099
-0.1019721
-0.0882789
-0.0846859
-0.0827055
-0.0698986
-0.0414907
-0.0031518
0.0356292
0.0707325
0.1110001
0.1825866
0.3237759
0.5630443
0.8878766
1.2303046
1.4904875
1.5876424
1.5001140
1.2654700
0.9484315
0.6087987
0.2902472
0.0234851
-0.1726669
-0.2953118
-0.3566539
-0.3739331
-0.3596538
-0.3224013
-0.2743217
-0.2321699
-0.2079962
-0.2007120
-0.1999429
-0.1981700
-0.1967794
-0.1998763
-0.2052654
-0.2046235
-0.1921377
-0.1701099
-0.1449141
-0.1199145
-0.0953941
-0.0745116
-0.0642996
-0.0670849
-0.0733004
-0.0689322
-0.0527445
-0.0420086
-0.0552823
-0.0889797
-0.1161392
-0.1127206
-0.0838293
-0.0596380
-0.0640827
-0.0904944
-0.1103275
-0.1034662
-0.0758942
-0.0482329
-0.0328029
-0.0258773
-0.0187233
-0.0086793
0.0030664
0.0192810
0.0459507
0.0835049
0.1233897
0.1564196
0.1829521
0.2117470
0.2485352
0.2882104
0.3199281
0.3387374
0.3503430
0.3647601
0.3872654
0.4160338
0.4463201
0.4743090
0.4968977
0.5103889
0.5121943
0.5045457
0.4949084
0.4901389
0.4888242
0.4805669
0.4555754
0.4164220
0.3790330
0.3596431
0.3596991
0.3641488
0.3550898
0.3269165
0.2884803
0.2523530
0.2239083
0.2001229
0.1754446
0.1461330
0.1106670
0.0706576
0.0334228
0.0102328
0.0069679
0.0154658
0.0174062
-0.0001221
-0.0328155
-0.0639182
-0.0804854
-0.0840208
-0.0857417
-0.0937600
-0.1064605
-0.1171491
-0.1222678
-0.1236747
-0.1244323
-0.1248614
-0.1233232
-0.1192941
-0.1140680
-0.1083833
-0.1004166
-0.0872244
-0.0688121
-0.0504974
-0.0397297
-0.0389019
-0.0414021
-0.0367563
-0.0212534
-0.0030011
0.0048828
-0.0036286
-0.0226209
-0.0409537
-0.0523813
-0.0587268
-0.0651064
-0.0746186
-0.0877716
-0.1041275
-0.1217353
-0.1356829
-0.1404869
-0.1357370
-0.1281466
-0.1263010
-0.1334326
-0.1456729
-0.1557753
-0.1567200
-0.1433299
-0.1151130
-0.0802212
-0.0538131
-0.0470682
-0.0554095
-0.0600615
-0.0451654
-0.0146252
0.0095475
0.0071546
-0.0217859
-0.0582679
-0.0823726
-0.0891546
-0.0884508
-0.0925273
-0.1053638
-0.1218394
-0.1341206
-0.1379001
-0.1342586
-0.1279584
-0.1248873
-0.1297661
-0.1435545
-0.1613746
-0.1743090
-0.1764709
-0.1718287
-0.1720341
-0.1843620
-0.2013211
-0.2048884
-0.1836361
-0.1453830
-0.1108437
-0.0943043
-0.0924019
-0.0926551
-0.0898764
-0.0901031
-0.0990395
-0.1122340
-0.1205025
-0.1222840
-0.1251158
-0.1339777
-0.1427696
-0.1411756
-0.1285406
-0.1169389
-0.1191970
-0.1359318
-0.1558744
-0.1674024
-0.1676914
-0.1617050
-0.1558027
-0.1536127
-0.1550039
-0.1554436
-0.1469353
-0.1232819
-0.0861226
-0.0439288
-0.0034031
0.0368847
0.0830532
0.1388369
0.2072965
0.3015791
0.4485312
0.6710546
0.9579405
1.2493314
1.4576432
1.5126281
1.3966028
1.1453456
0.8209483
0.4827302
0.1744059
-0.0753246
-0.2512206
-0.3536299
-0.3981437
-0.4070281
-0.3966472
-0.3715568
-0.3304387
-0.2771630
-0.2251299
-0.1902087
-0.1790199
-0.1833943
-0.1860562
-0.1734168
-0.1458294
-0.1169803
-0.1021459
-0.1048856
-0.1142289
-0.1151601
-0.1023865
-0.0845151
-0.0757580
-0.0839780
-0.1055625
-0.1296322
-0.1461955
-0.1519650
-0.1514638
-0.1537665
-0.1657323
-0.1847241
-0.1973759
-0.1888842
-0.1568293
-0.1155591
-0.0844778
-0.0709007
-0.0649271
-0.0507374
-0.0212746
0.0181415
0.0575899
0.0909680
0.1178064
0.1411318
0.1663189
0.1998632
0.2443903
0.2928917
0.3310888
0.3498453
0.3555172
0.3646709
0.3867553
0.4141066
0.4315347
0.4346662
0.4355448
0.4490762
0.4762599
0.5032124
0.5162588
0.5155040
0.5123738
0.5155806
0.5221350
0.5222283
0.5101422
0.4882124
0.4615056
0.4320283
0.3996291
0.3667643
0.3394418
0.3218506
0.3103971
0.2948952
0.2678574
0.2332122
0.2038671
0.1881615
0.1789002
0.1587379
0.1187315
0.0705201
0.0369969
0.0292472
0.0341288
0.0270151
-0.0031571
-0.0437267
-0.0737740
-0.0867608
-0.0945472
-0.1102446
-0.1321875
-0.1474871
-0.1482059
-0.1393188
-0.1306556
-0.1253484
-0.1192217
-0.1095676
-0.1000703
-0.0952587
-0.0926560
-0.0841910
-0.0661819
-0.0452945
-0.0320482
-0.0287741
-0.0261234
-0.0125103
0.0135584
0.0409449
0.0552675
0.0509401
0.0349660
0.0197759
0.0122938
0.0091695
0.0014886
-0.0166768
-0.0436258
-0.0716536
-0.0919282
-0.0991562
-0.0943653
-0.0846601
-0.0792970
-0.0838243
-0.0964218
-0.1097009
-0.1170521
-0.1184802
-0.1205906
-0.1302009
-0.1471908
-0.1633195
-0.1682012
-0.1572599
-0.1353950
-0.1138075
-0.1020127
-0.1005853
-0.1010043
-0.0940651
-0.0795605
-0.0668722
-0.0648764
-0.0717451
-0.0761828
-0.0693186
-0.0546357
-0.0452020
-0.0508809
-0.0686387
-0.0855528
-0.0908145
-0.0845136
-0.0757978
-0.0740488
-0.0815406
-0.0922966
-0.0967951
-0.0896797
-0.0755135
-0.0668134
-0.0739171
-0.0952880
-0.1185728
-0.1323403
-0.1366618
-0.1413609
-0.1536894
-0.1685249
-0.1718684
-0.1546100
-0.1225046
-0.0920349
-0.0766281
-0.0771983
-0.0850342
-0.0916941
-0.0952121
-0.0984769
-0.1043500
-0.1135018
-0.1257141
-0.1407499
-0.1562646
-0.1658779
-0.1626527
-0.1469456
-0.1295878
-0.1237991
-0.1322714
-0.1438003
-0.1447782
-0.1339650
-0.1242253
-0.1285832
-0.1451280
-0.1571829
-0.1493227
-0.1228640
-0.0947890
-0.0816979
-0.0857345
-0.0956458
-0.0991374
-0.0927800
-0.0818167
-0.0736649
-0.0725246
-0.0780477
-0.0865074
-0.0926268
-0.0919960
-0.0841523
-0.0742813
-0.0704532
-0.0768414
-0.0889814
-0.0970908
-0.0954502
-0.0885297
-0.0872284
-0.0986146
-0.1188559
-0.1358034
-0.1389759
-0.1281935
-0.1131179
-0.1042299
-0.1041201
-0.1073979
-0.1080776
-0.1057210
-0.1043074
-0.1064271
-0.1097261
-0.1091424
-0.1023109
-0.0925905
-0.0866393
-0.0888694
-0.0980176
-0.1084311
-0.1140818
-0.1122437
-0.1055124
-0.1011238
-0.1061703
-0.1206052
-0.1346206
-0.1352072
-0.1175962
-0.0907168
-0.0701851
-0.0642164
-0.0657985
-0.0599789
-0.0405354
-0.0190305
-0.0149119
-0.0350788
-0.0643541
-0.0783139
-0.0664506
-0.0423728
-0.0308378
-0.0446276
-0.0738136
-0.0969173
-0.1015980
-0.0941047
-0.0899566
-0.0978774
-0.1133885
-0.1253940
-0.1262927
-0.1167120
-0.1038714
-0.0965567
-0.0993053
-0.1089332
-0.1168630
-0.1165513
-0.1093677
-0.1023431
-0.0992119
-0.0944108
-0.0783807
-0.0505504
-0.0254734
-0.0220577
-0.0443321
-0.0742890
-0.0865793
-0.0715020
-0.0433345
-0.0260888
-0.0312661
-0.0489586
-0.0596280
-0.0538834
-0.0406401
-0.0365117
-0.0484720
-0.0676910
-0.0794340
-0.0775276
-0.0694942
-0.0692929
-0.0851502
-0.1120587
-0.1341945
-0.1358487
-0.1134164
-0.0794094
-0.0546983
-0.0539115
-0.0746407
-0.0993976
-0.1099722
-0.1026227
-0.0900934
-0.0882193
-0.1003778
-0.1149321
-0.1167538
-0.1003138
-0.0726665
-0.0459175
-0.0275374
-0.0167553
-0.0087354
-0.0012694
0.0029226
-0.0000084
-0.0098145
-0.0208881
-0.0259204
-0.0215210
-0.0117624
-0.0063772
-0.0136095
-0.0330991
-0.0558289
-0.0719339
-0.0790760
-0.0835730
-0.0936610
-0.1111736
-0.1290376
-0.1373256
-0.1329479
-0.1233585
-0.1194866
-0.1247100
-0.1318189
-0.1312241
-0.1210865
-0.1083962
-0.1002894
-0.0951024
-0.0828156
-0.0551534
-0.0155461
0.0214625
0.0413034
0.0402659
0.0265818
0.0125464
0.0054423
0.0033341
-0.0024461
-0.0192602
-0.0447481
-0.0662498
-0.0711831
-0.0598952
-0.0475959
-0.0515543
-0.0748312
-0.1026727
-0.1164393
-0.1122759
-0.1052409
-0.1134659
-0.1386337
-0.1639798
-0.1717667
-0.1607480
-0.1454051
-0.1394547
-0.1416947
-0.1379032
-0.1159833
-0.0793353
-0.0453525
-0.0299905
-0.0330793
-0.0386325
-0.0297071
-0.0036094
0.0261409
0.0421231
0.0383055
0.0244303
0.0151281
0.0144824
0.0126291
-0.0015583
-0.0263535
-0.0482728
-0.0569090
-0.0561013
-0.0591354
-0.0741058
-0.0957138
-0.1119142
-0.1175966
-0.1199629
-0.1295804
-0.1474004
-0.1623438
-0.1611627
-0.1389619
-0.1011121
-0.0586967
-0.0234261
-0.0032041
0.0019176
-0.0001242
0.0000851
0.0051110
0.0093148
0.0067017
-0.0002754
-0.0016858
0.0082492
0.0213786
0.0211554
0.0001887
-0.0300486
-0.0506061
-0.0557418
-0.0588785
-0.0768897
-0.1108948
-0.1446756
-0.1614776
-0.1608507
-0.1582514
-0.1680673
-0.1874805
-0.1978214
-0.1821009
-0.1410539
-0.0927889
-0.0581420
-0.0454621
-0.0460195
-0.0421063
-0.0218403
0.0104239
0.0374380
0.0440927
0.0303605
0.0101837
-0.0016851
-0.0021865
-0.0010571
-0.0101538
-0.0307788
-0.0514477
-0.0594070
-0.0545411
-0.0504790
-0.0613599
-0.0883902
-0.1196524
-0.1420785
-0.1530340
-0.1603095
-0.1705252
-0.1780554
-0.1681736
-0.1336489
-0.0866584
-0.0502471
-0.0367121
-0.0366420
-0.0308231
-0.0115270
0.0101730
0.0184891
0.0122418
0.0071517
0.0179487
0.0416009
0.0626349
0.0734201
0.0820676
0.0980770
0.1190648
0.1429596
0.1936947
0.3227724
0.5708019
0.9191430
1.2792362
1.5354671
1.6085157
1.4894753
1.2262348
0.8872901
0.5370546
0.2285029
-0.0031729
-0.1508824
-0.2350321
-0.2837060
-0.3098645
-0.3081249
-0.2724824
-0.2142075
-0.1603107
-0.1337462
-0.1354208
-0.1466581
-0.1494704
-0.1430125
-0.1400425
-0.1502655
-0.1696339
-0.1844059
-0.1832753
-0.1667230
-0.1470073
-0.1383212
-0.1445907
-0.1567547
-0.1628114
-0.1593741
-0.1522377
-0.1474384
-0.1441797
-0.1361421
-0.1182539
-0.0924454
-0.0674134
-0.0520009
-0.0482538
-0.0513710
-0.0556559
-0.0588286
-0.0613819
-0.0644242
-0.0678248
-0.0675131
-0.0551140
-0.0247801
0.0178572
0.0568470
0.0788070
0.0840719
0.0846870
0.0928072
0.1110810
0.1323590
0.1479328
0.1567356
0.1663501
0.1849371
0.2139700
0.2493800
0.2862300
0.3195617
0.3441951
0.3587675
0.3691297
0.3834610
0.4034031
0.4224041
0.4331030
0.4351534
0.4361708
0.4451233
0.4627891
0.4782467
0.4776197
0.4574382
0.4267550
0.3956971
0.3660440
0.3344330
0.2999741
0.2652944
0.2332071
0.2056986
0.1843465
0.1690380
0.1568624
0.1432811
0.1244249
0.1000964
0.0762918
0.0614892
0.0559920
0.0476387
0.0244648
-0.0089979
-0.0340612
-0.0370691
-0.0219516
-0.0044241
0.0013377
-0.0087906
-0.0273119
-0.0405291
-0.0397607
-0.0292604
-0.0222753
-0.0299416
-0.0533211
-0.0814799
-0.0961957
-0.0858081
-0.0592212
-0.0404246
-0.0438144
-0.0597844
-0.0690434
-0.0648371
-0.0553510
-0.0502824
-0.0519052
-0.0553270
-0.0522818
-0.0382299
-0.0187249
-0.0041965
0.0023067
0.0048324
0.0022629
-0.0120426
-0.0355868
-0.0540588
-0.0589033
-0.0579371
-0.0643331
-0.0834448
-0.1107245
-0.1318587
-0.1283844
-0.1002196
-0.0795661
-0.0992466
-0.1468317
-0.1773092
-0.1747086
-0.1683588
-0.1775125
-0.1771227
-0.1425568
