-0.4798996
-0.4204505
-0.3589592
-0.2966827
-0.2407579
-0.2010958
-0.1825605
-0.1788227
-0.1743762
-0.1554052
-0.1210879
-0.0842032
-0.0592971
-0.0496943
-0.0463615
-0.0390241
-0.0270881
-0.0193157
-0.0242180
-0.0420260
-0.0649928
-0.0831263
-0.0892390
-0.0814082
-0.0641353
-0.0475239
-0.0421082
-0.0508477
-0.0652602
-0.0712166
-0.0607257
-0.0387019
-0.0175063
-0.0042874
0.0060414
0.0249400
0.0577134
0.0974483
0.1315738
0.1540755
0.1710012
0.1941980
0.2299387
0.2733608
0.3131698
0.3412561
0.3583587
0.3717888
0.3884202
0.4090087
0.4276469
0.4361765
0.4302853
0.4127446
0.3909533
0.3705890
0.3510440
0.3269046
0.2938615
0.2532735
0.2114236
0.1747525
0.1454664
0.1207258
0.0954731
0.0667578
0.0367801
0.0122739
-0.0003038
-0.0007106
0.0036854
0.0038716
-0.0023403
-0.0083664
-0.0062670
0.0044976
0.0170793
0.0257201
0.0319864
0.0409472
0.0522422
0.0576635
0.0491752
0.0285339
0.0071633
-0.0043002
-0.0057977
-0.0069067
-0.0170394
-0.0374867
-0.0622230
-0.0841199
-0.0991418
-0.1061642
-0.1057058
-0.1000681
-0.0931502
-0.0876225
-0.0813194
-0.0677664
-0.0425102
-0.0098354
0.0180570
0.0305178
0.0279182
0.0213402
0.0225726
0.0343853
0.0499811
0.0607310
0.0640570
0.0647576
0.0695096
0.0794660
0.0871135
0.0808289
0.0548168
0.0165021
-0.0166084
-0.0304065
-0.0268532
-0.0225514
-0.0323882
-0.0539508
-0.0698441
-0.0665467
-0.0496323
-0.0386696
-0.0475665
-0.0713193
-0.0915476
-0.0930305
-0.0747943
-0.0481622
-0.0270030
-0.0190637
-0.0226578
-0.0286281
-0.0265749
-0.0129317
0.0049279
0.0139882
0.0074707
-0.0081252
-0.0190341
-0.0176605
-0.0094264
-0.0065985
-0.0166976
-0.0370574
-0.0586773
-0.0736282
-0.0796429
-0.0801410
-0.0811925
-0.0873490
-0.0983012
-0.1087759
-0.1128864
-0.1101154
-0.1067178
-0.1093449
-0.1164866
-0.1178973
-0.1045897
-0.0793038
-0.0553228
-0.0440182
-0.0442897
-0.0451431
-0.0384038
-0.0279321
-0.0258054
-0.0398345
-0.0655196
-0.0900148
-0.1027058
-0.1016491
-0.0921716
-0.0824593
-0.0803954
-0.0905977
-0.1108928
-0.1322575
-0.1453832
-0.1489172
-0.1501867
-0.1564412
-0.1657984
-0.1684567
-0.1575802
-0.1377916
-0.1211820
-0.1149776
-0.1149813
-0.1120693
-0.1034695
-0.0955787
-0.0960606
-0.1051377
-0.1152286
-0.1180165
-0.1114418
-0.1009534
-0.0949687
-0.0985543
-0.1099959
-0.1224287
-0.1290308
-0.1281922
-0.1253068
-0.1293721
-0.1455637
-0.1690731
-0.1866709
-0.1867788
-0.1701569
-0.1509594
-0.1456184
-0.1582533
-0.1758121
-0.1787865
-0.1589038
-0.1269828
-0.1026624
-0.0963113
-0.1015973
-0.1048212
-0.0990010
-0.0881159
-0.0803966
-0.0806625
-0.0888272
-0.1024025
-0.1179533
-0.1312349
-0.1391374
-0.1429723
-0.1478444
-0.1561505
-0.1626079
-0.1595800
-0.1486552
-0.1430148
-0.1538508
-0.1752702
-0.1873536
-0.1762569
-0.1486462
-0.1234623
-0.1106590
-0.1015224
-0.0807882
-0.0450379
-0.0057049
0.0249199
0.0456787
0.0626910
0.0792532
0.0978661
0.1332161
0.2139115
0.3598978
0.5531802
0.7329455
0.8245055
0.7795805
0.5977682
0.3195016
0.0039074
-0.2913260
-0.5228963
-0.6705112
-0.7395811
-0.7519159
-0.7271925
-0.6711027
-0.5824559
-0.4704898
-0.3606915
-0.2803303
-0.2384918
-0.2214967
-0.2076210
-0.1856788
-0.1603503
-0.1422070
-0.1351119
-0.1335523
-0.1296952
-0.1202200
-0.1066551
-0.0924810
-0.0819817
-0.0797978
-0.0879729
-0.1024850
-0.1144951
-0.1167593
-0.1091571
-0.0975066
-0.0865407
-0.0742593
-0.0544325
-0.0257481
0.0026480
0.0175517
0.0151420
0.0068450
0.0098414
0.0310147
0.0606304
0.0825079
0.0911036
0.0985079
0.1232029
0.1706651
0.2258935
0.2668969
0.2855792
0.2937403
0.3082300
0.3321132
0.3522287
0.3551152
0.3437853
0.3370429
0.3511355
0.3824484
0.4098435
0.4147570
0.3979995
0.3762711
0.3638344
0.3594501
0.3506645
0.3286958
0.2979560
0.2713255
0.2568364
0.2497761
0.2383822
0.2165323
0.1892347
0.1655534
0.1481683
0.1314533
0.1091015
0.0821258
0.0588609
0.0471720
0.0465782
0.0482243
0.0429917
0.0294671
0.0138103
0.0029165
-0.0010675
-0.0004605
0.0013687
0.0026541
0.0040697
0.0077541
0.0146194
0.0219488
0.0242157
0.0170930
0.0011786
-0.0178014
-0.0327363
-0.0403286
-0.0432205
-0.0460082
-0.0485404
-0.0446407
-0.0291549
-0.0056891
0.0144716
0.0218743
0.0171911
0.0103012
0.0112774
0.0216152
0.0338679
0.0400855
0.0401961
0.0410345
0.0474862
0.0566385
0.0615970
0.0595314
0.0542730
0.0511723
0.0505768
0.0473141
0.0373457
0.0248105
0.0204671
0.0308098
0.0490213
0.0592521
0.0512935
0.0303457
0.0117436
0.0065955
0.0127744
0.0191370
0.0176192
0.0105816
0.0061505
0.0077027
0.0104681
0.0090953
0.0057164
0.0076962
0.0182181
0.0317569
0.0394386
0.0375366
0.0303044
0.0253971
0.0270114
0.0331339
0.0388680
0.0414886
0.0413903
0.0387815
0.0313644
0.0160731
-0.0074986
-0.0351872
-0.0588077
-0.0697933
-0.0655580
-0.0534627
-0.0459696
-0.0492437
-0.0568716
-0.0565885
-0.0437579
-0.0274549
-0.0221156
-0.0323354
-0.0464263
-0.0470346
-0.0292414
-0.0065432
0.0029203
-0.0049294
-0.0169558
-0.0174019
-0.0034753
0.0130213
0.0169680
0.0025916
-0.0222384
-0.0422828
-0.0467909
-0.0380579
-0.0296338
-0.0343802
-0.0509718
-0.0614893
-0.0466876
-0.0081485
0.0277644
0.0373878
0.0358881
0.0792156
0.2182317
0.4443633
0.6814405
0.8344177
0.8498826
0.7357707
0.5332413
0.2802157
0.0043929
-0.2597083
-0.4659547
-0.5809388
-0.6108698
-0.5952262
-0.5700988
-0.5407521
-0.4910783
-0.4145608
-0.3301519
-0.2674843
-0.2399531
-0.2345599
-0.2275473
-0.2080202
-0.1853264
-0.1751786
-0.1819305
-0.1952862
-0.2014110
-0.1946961
-0.1798717
-0.1650815
-0.1530087
-0.1378114
-0.1113106
-0.0730188
-0.0331259
-0.0043913
0.0085023
0.0111763
0.0124953
0.0164266
0.0202547
0.0199345
0.0170675
0.0197901
0.0352220
0.0611272
0.0868928
0.1033889
0.1107302
0.1163066
0.1268639
0.1429544
0.1595652
0.1713216
0.1779559
0.1852928
0.2006892
0.2278158
0.2659132
0.3121206
0.3622329
0.4098203
0.4472773
0.4692282
0.4753172
0.4707032
0.4640014
0.4620933
0.4640837
0.4609059
0.4433718
0.4112935
0.3737092
0.3399409
0.3108910
0.2790265
0.2370093
0.1869770
0.1406698
0.1084695
0.0882299
0.0672595
0.0362092
-0.0010529
-0.0324703
-0.0507229
-0.0595188
-0.0680798
-0.0806827
-0.0913196
-0.0885431
-0.0667407
-0.0332610
-0.0037581
0.0101058
0.0091077
0.0046364
0.0093419
0.0268490
0.0474532
0.0551666
0.0430745
0.0226984
0.0152361
0.0312898
0.0596786
0.0772155
0.0699723
0.0456746
0.0255745
0.0234070
0.0321489
0.0326289
0.0150977
-0.0099229
-0.0227764
-0.0139679
0.0089569
0.0307979
0.0419715
0.0439369
0.0448509
0.0507061
0.0596216
0.0642932
0.0598637
0.0489625
0.0395367
0.0387244
0.0477725
0.0604729
0.0665563
0.0593585
0.0417038
0.0234801
0.0130261
0.0110906
0.0116811
0.0068734
-0.0077814
-0.0290791
-0.0468908
-0.0519123
-0.0443421
-0.0341099
-0.0321257
-0.0415762
-0.0566980
-0.0685105
-0.0722903
-0.0710105
-0.0714775
-0.0765264
-0.0817768
-0.0806033
-0.0710646
-0.0573126
-0.0457428
-0.0404993
-0.0408662
-0.0418943
-0.0391630
-0.0337688
-0.0308159
-0.0324871
-0.0354940
-0.0369948
-0.0401267
-0.0504057
-0.0673768
-0.0824238
-0.0856791
-0.0747669
-0.0569013
-0.0425902
-0.0373079
-0.0395901
-0.0462209
-0.0560892
-0.0676331
-0.0763572
-0.0791016
-0.0788737
-0.0806305
-0.0826813
-0.0773399
-0.0618332
-0.0449441
-0.0397993
-0.0507043
-0.0684146
-0.0784009
-0.0737551
-0.0602479
-0.0486144
-0.0424349
-0.0351252
-0.0188002
0.0063290
0.0329553
0.0568483
0.0872571
0.1490050
0.2702318
0.4575646
0.6759846
0.8559092
0.9287662
0.8637757
0.6777151
0.4168431
0.1322050
-0.1343847
-0.3532663
-0.5074252
-0.5951788
-0.6304987
-0.6341411
-0.6190685
-0.5845584
-0.5264319
-0.4510372
-0.3755222
-0.3150556
-0.2731144
-0.2436163
-0.2184829
-0.1925223
-0.1648781
-0.1385346
-0.1178130
-0.1052840
-0.1006357
-0.1013895
-0.1041330
-0.1064964
-0.1088303
-0.1124094
-0.1154349
-0.1134983
-0.1055998
-0.0969931
-0.0934060
-0.0939757
-0.0922005
-0.0830332
-0.0677484
-0.0529989
-0.0457890
-0.0472664
-0.0500119
-0.0432063
-0.0223499
0.0064556
0.0321798
0.0483522
0.0580755
0.0714537
0.0969005
0.1324812
0.1669740
0.1924931
0.2145771
0.2451280
0.2854071
0.3214112
0.3388590
0.3395757
0.3393384
0.3496442
0.3641072
0.3653001
0.3458337
0.3198970
0.3092280
0.3174305
0.3240351
0.3076265
0.2704341
0.2345106
0.2156218
0.2069191
0.1894480
0.1547775
0.1144870
0.0876874
0.0805627
0.0799746
0.0683693
0.0429295
0.0166365
0.0016604
-0.0029599
-0.0059036
-0.0111028
-0.0145369
-0.0111569
-0.0014552
0.0090865
0.0160380
0.0209475
0.0286650
0.0386039
0.0415560
0.0294645
0.0076191
-0.0074653
-0.0037774
0.0147620
0.0328990
0.0382370
0.0313114
0.0236998
0.0259475
0.0362378
0.0425356
0.0374201
0.0280797
0.0282561
0.0417805
0.0578352
0.0629004
0.0554501
0.0482253
0.0556415
0.0777859
0.0981890
0.1013490
0.0924538
0.0941306
0.1207372
0.1603669
0.1868598
0.1873780
0.1735542
0.1653838
0.1675767
0.1646467
0.1405004
0.1013081
0.0738285
0.0772183
0.0998893
0.1106489
0.0923643
0.0584778
0.0347622
0.0301844
0.0295021
0.0123892
-0.0233470
-0.0582017
-0.0703137
-0.0575133
-0.0378612
-0.0282655
-0.0272099
-0.0216964
-0.0067902
0.0079322
0.0106289
0.0009671
-0.0094565
-0.0084040
0.0054697
0.0216067
0.0290271
0.0287234
0.0317685
0.0445246
0.0597505
0.0646924
0.0549725
0.0381282
0.0257892
0.0241458
0.0296511
0.0321874
0.0241004
0.0070322
-0.0115232
-0.0274524
-0.0424966
-0.0579822
-0.0703477
-0.0740968
-0.0666590
-0.0503989
-0.0325898
-0.0224822
-0.0242232
-0.0321632
-0.0363224
-0.0329383
-0.0273058
-0.0264732
-0.0312663
-0.0350882
-0.0295109
-0.0130913
0.0040083
0.0076032
-0.0056284
-0.0242794
-0.0365509
-0.0446171
-0.0594814
-0.0836486
-0.1049434
-0.1090956
-0.0959189
-0.0812613
-0.0820049
-0.0984125
-0.1134088
-0.1124471
-0.1016403
-0.0999522
-0.1137684
-0.1271722
-0.1210713
-0.0963751
-0.0732491
-0.0697566
-0.0846590
-0.1004042
-0.1015247
-0.0903920
-0.0840106
-0.0939851
-0.1120999
-0.1191819
-0.1065221
-0.0845522
-0.0714469
-0.0767330
-0.0946883
-0.1100624
-0.1115238
-0.1027523
-0.0983815
-0.1057964
-0.1141752
-0.1067076
-0.0815425
-0.0543997
-0.0397750
-0.0342061
-0.0209082
0.0099618
0.0487960
0.0799549
0.1119146
0.1877872
0.3506715
0.5896357
0.8247106
0.9535287
0.9170399
0.7266290
0.4408628
0.1250086
-0.1726810
-0.4210346
-0.5978458
-0.6910782
-0.7091036
-0.6812503
-0.6381711
-0.5905230
-0.5314656
-0.4584734
-0.3855119
-0.3322083
-0.3058707
-0.2957752
-0.2826496
-0.2546887
-0.2177434
-0.1889558
-0.1777460
-0.1755436
-0.1677040
-0.1520236
-0.1397392
-0.1396901
-0.1469086
-0.1475566
-0.1329086
-0.1090194
-0.0929248
-0.0961261
-0.1110575
-0.1184432
-0.1094272
-0.0947224
-0.0892088
-0.0935103
-0.0952290
-0.0839050
-0.0600868
-0.0323417
-0.0088738
0.0094058
0.0290527
0.0560977
0.0890438
0.1230349
0.1586206
0.2002092
0.2464270
0.2886384
0.3200829
0.3413273
0.3560613
0.3662333
0.3718957
0.3722204
0.3672508
0.3616609
0.3639237
0.3767285
0.3904979
0.3919200
0.3775645
0.3545205
0.3295123
0.3022671
0.2686312
0.2267393
0.1810169
0.1410626
0.1130165
0.0912416
0.0645597
0.0328359
0.0097502
0.0041891
0.0055788
-0.0050982
-0.0326146
-0.0611637
-0.0697486
-0.0521302
-0.0236537
-0.0084704
-0.0165779
-0.0341059
-0.0403574
-0.0320299
-0.0237101
-0.0262613
-0.0340783
-0.0351845
-0.0259714
-0.0129789
-0.0052334
-0.0065764
-0.0120007
-0.0119553
-0.0037052
0.0039386
0.0016951
-0.0075278
-0.0125910
-0.0078239
0.0029616
0.0133422
0.0193977
0.0202754
0.0186366
0.0185733
0.0202357
0.0204738
0.0209924
0.0289954
0.0451473
0.0577489
0.0554494
0.0413158
0.0286988
0.0263075
0.0310865
0.0328355
0.0240940
0.0089409
0.0012948
0.0084871
0.0179969
0.0096818
-0.0182021
-0.0450867
-0.0529559
-0.0464284
-0.0439879
-0.0555251
-0.0726020
-0.0782252
-0.0656569
-0.0489555
-0.0504288
-0.0733084
-0.0934751
-0.0864801
-0.0572341
-0.0328683
-0.0301415
-0.0407855
-0.0472765
-0.0425690
-0.0330783
-0.0291391
-0.0342617
-0.0418075
-0.0441435
-0.0448031
-0.0544916
-0.0733595
-0.0868653
-0.0839528
-0.0704020
-0.0587014
-0.0532847
-0.0516358
-0.0517964
-0.0524718
-0.0523049
-0.0536063
-0.0597847
-0.0653157
-0.0561662
-0.0253612
0.0170605
0.0532532
0.0751483
0.0964960
0.1523932
0.2777473
0.4698328
0.6709637
0.8000723
0.8056261
0.6862800
0.4716216
0.2003756
-0.0848708
-0.3416634
-0.5388317
-0.6637390
-0.7208624
-0.7263816
-0.6978995
-0.6429887
-0.5627405
-0.4696426
-0.3906145
-0.3438812
-0.3224136
-0.3089729
-0.2977003
-0.2911190
-0.2855510
-0.2718719
-0.2464412
-0.2139017
-0.1834035
-0.1647686
-0.1604838
-0.1594873
-0.1486497
-0.1314049
-0.1228302
-0.1251658
-0.1227771
-0.1047353
-0.0784378
-0.0564653
-0.0419478
-0.0305158
-0.0166504
0.0030745
0.0240925
0.0340139
0.0293123
0.0263739
0.0422665
0.0700013
0.0884006
0.0920330
0.0953105
0.1097990
0.1321320
0.1526475
0.1651619
0.1719987
0.1868302
0.2236863
0.2753281
0.3153694
0.3318068
0.3434539
0.3703931
0.4031651
0.4166641
0.4030560
0.3773881
0.3598853
0.3613491
0.3747429
0.3754658
0.3439495
0.2918740
0.2493668
0.2243433
0.1958824
0.1513719
0.1059899
0.0775490
0.0631318
0.0485860
0.0243396
-0.0114041
-0.0491061
-0.0696633
-0.0677494
-0.0669876
-0.0902948
-0.1237882
-0.1357653
-0.1231985
-0.1115020
-0.1148811
-0.1242652
-0.1286397
-0.1238915
-0.1083830
-0.0911274
-0.0915905
-0.1105243
-0.1185861
-0.0960144
-0.0629118
-0.0476619
-0.0495075
-0.0556422
-0.0673064
-0.0830685
-0.0849313
-0.0671689
-0.0508581
-0.0481350
-0.0441950
-0.0327872
-0.0303479
-0.0370425
-0.0288526
-0.0069572
-0.0053657
-0.0304689
-0.0459542
-0.0352701
-0.0222052
-0.0158100
0.0007443
0.0156260
-0.0037751
-0.0390141
-0.0388048
-0.0147028
-0.0229879
-0.0486607
-0.0244481
0.0280651
0.0184230
-0.0328270
-0.0066502
0.0706331
-0.0101375
-0.3268258
