-0.0136954
-0.0150231
-0.0086064
0.0030511
0.0074291
-0.0062918
-0.0345980
-0.0609585
-0.0712480
-0.0671012
-0.0625438
-0.0677417
-0.0779835
-0.0795681
-0.0650385
-0.0407554
-0.0200475
-0.0114315
-0.0144992
-0.0247256
-0.0385787
-0.0533006
-0.0649220
-0.0699643
-0.0693266
-0.0682198
-0.0708637
-0.0761328
-0.0796806
-0.0798585
-0.0798896
-0.0835590
-0.0897804
-0.0927067
-0.0875409
-0.0760044
-0.0660443
-0.0659774
-0.0778047
-0.0947369
-0.1050802
-0.1005527
-0.0835431
-0.0672048
-0.0666618
-0.0870491
-0.1182658
-0.1420606
-0.1466957
-0.1369032
-0.1297584
-0.1391120
-0.1621639
-0.1810044
-0.1786676
-0.1550823
-0.1275611
-0.1152030
-0.1224655
-0.1374701
-0.1449827
-0.1396176
-0.1269838
-0.1150182
-0.1069029
-0.1015059
-0.0967870
-0.0902718
-0.0783009
-0.0592640
-0.0391300
-0.0305544
-0.0421857
-0.0680683
-0.0905644
-0.0964936
-0.0900544
-0.0877690
-0.1000935
-0.1196165
-0.1288710
-0.1191673
-0.0999294
-0.0889271
-0.0946792
-0.1098041
-0.1209420
-0.1230125
-0.1226818
-0.1293396
-0.1450011
-0.1633478
-0.1764421
-0.1803403
-0.1750641
-0.1624160
-0.1459981
-0.1318181
-0.1251576
-0.1250157
-0.1234903
-0.1136502
-0.0985759
-0.0904189
-0.0985065
-0.1186056
-0.1352702
-0.1352161
-0.1182356
-0.0959624
-0.0818090
-0.0821642
-0.0943487
-0.1097776
-0.1193779
-0.1196545
-0.1161235
-0.1192489
-0.1336453
-0.1507440
-0.1549295
-0.1390986
-0.1130124
-0.0940789
-0.0900591
-0.0927787
-0.0890292
-0.0753650
-0.0609277
-0.0577971
-0.0710083
-0.0965303
-0.1244874
-0.1426187
-0.1408518
-0.1186237
-0.0890794
-0.0717087
-0.0762532
-0.0935979
-0.1049729
-0.1009364
-0.0897948
-0.0867630
-0.0967918
-0.1099014
-0.1123735
-0.1001006
-0.0807792
-0.0655854
-0.0604791
-0.0639316
-0.0698062
-0.0715006
-0.0656584
-0.0544743
-0.0443568
-0.0404750
-0.0417728
-0.0423018
-0.0382506
-0.0327918
-0.0326403
-0.0398896
-0.0485613
-0.0500234
-0.0414367
-0.0284297
-0.0198993
-0.0207561
-0.0292248
-0.0397218
-0.0474041
-0.0506670
-0.0511681
-0.0528308
-0.0603704
-0.0767384
-0.1000413
-0.1228115
-0.1362686
-0.1377780
-0.1347487
-0.1391050
-0.1550350
-0.1716015
-0.1700339
-0.1415410
-0.0986323
-0.0668176
-0.0628269
-0.0801822
-0.0962200
-0.0930616
-0.0718564
-0.0482542
-0.0365184
-0.0387289
-0.0469374
-0.0522990
-0.0512011
-0.0451724
-0.0381070
-0.0340312
-0.0351994
-0.0402894
-0.0448955
-0.0455422
-0.0436469
-0.0441065
-0.0487277
-0.0518046
-0.0442963
-0.0235454
0.0021358
0.0204007
0.0269314
0.0297051
0.0414019
0.0707376
0.1253270
0.2225695
0.3897998
0.6424839
0.9555342
1.2580066
1.4639151
1.5170284
1.4133118
1.1877796
0.8868943
0.5545727
0.2346440
-0.0301735
-0.2137370
-0.3207146
-0.3781651
-0.4087566
-0.4140257
-0.3853738
-0.3270258
-0.2615234
-0.2116188
-0.1819320
-0.1618495
-0.1426182
-0.1254050
-0.1131712
-0.1027085
-0.0905826
-0.0830383
-0.0911266
-0.1133371
-0.1296905
-0.1203697
-0.0896021
-0.0647699
-0.0687275
-0.0961868
-0.1210665
-0.1253745
-0.1161692
-0.1134074
-0.1259352
-0.1436636
-0.1515322
-0.1458251
-0.1349562
-0.1281228
-0.1273418
-0.1293840
-0.1304684
-0.1266546
-0.1127222
-0.0852393
-0.0475417
-0.0086522
0.0253399
0.0582410
0.0998630
0.1541915
0.2123371
0.2584234
0.2827292
0.2891533
0.2907756
0.2991245
0.3168610
0.3381307
0.3541650
0.3597971
0.3574586
0.3560104
0.3640103
0.3819604
0.4009438
0.4102046
0.4068166
0.3974046
0.3901069
0.3859443
0.3792373
0.3656617
0.3475796
0.3306891
0.3175955
0.3068994
0.2972959
0.2887611
0.2784263
0.2588958
0.2252122
0.1835710
0.1487918
0.1297407
0.1185754
0.0982252
0.0618305
0.0223308
0.0001720
0.0019350
0.0132652
0.0132858
-0.0058358
-0.0342811
-0.0569721
-0.0677610
-0.0718647
-0.0775618
-0.0876307
-0.0978619
-0.1016399
-0.0953511
-0.0806600
-0.0629039
-0.0473439
-0.0361080
-0.0279103
-0.0202229
-0.0115468
-0.0019342
0.0077657
0.0164956
0.0234901
0.0297146
0.0391205
0.0564132
0.0810035
0.1031359
0.1089386
0.0923260
0.0623058
0.0366782
0.0267383
0.0277389
0.0246680
0.0074394
-0.0196722
-0.0429858
-0.0525535
-0.0500370
-0.0449989
-0.0455614
-0.0531644
-0.0642420
-0.0742100
-0.0795355
-0.0785452
-0.0728072
-0.0674873
-0.0678654
-0.0737848
-0.0783996
-0.0745178
-0.0628931
-0.0528553
-0.0532795
-0.0633247
-0.0734650
-0.0756521
-0.0708411
-0.0657485
-0.0638148
-0.0614640
-0.0531775
-0.0383706
-0.0224155
-0.0121695
-0.0117265
-0.0214473
-0.0386256
-0.0583202
-0.0757307
-0.0903105
-0.1071137
-0.1310763
-0.1583158
-0.1752335
-0.1698535
-0.1451550
-0.1191641
-0.1096752
-0.1186179
-0.1320089
-0.1348037
-0.1248152
-0.1124893
-0.1090975
-0.1167130
-0.1288553
-0.1382869
-0.1425302
-0.1429630
-0.1413555
-0.1387960
-0.1367964
-0.1371187
-0.1395219
-0.1406732
-0.1368968
-0.1286524
-0.1214835
-0.1210311
-0.1263746
-0.1292301
-0.1214570
-0.1039687
-0.0870632
-0.0805133
-0.0833435
-0.0846900
-0.0757037
-0.0601619
-0.0519859
-0.0612938
-0.0830344
-0.1003432
-0.0999430
-0.0844785
-0.0698124
-0.0706070
-0.0885334
-0.1132144
-0.1326159
-0.1418374
-0.1435839
-0.1429681
-0.1432525
-0.1453762
-0.1489857
-0.1524692
-0.1530175
-0.1488095
-0.1418668
-0.1373665
-0.1386149
-0.1429294
-0.1437622
-0.1371564
-0.1250045
-0.1112278
-0.0958128
-0.0746413
-0.0461038
-0.0166305
0.0025953
0.0055988
-0.0023814
-0.0100461
-0.0113480
-0.0110626
-0.0191658
-0.0404895
-0.0698900
-0.0961849
-0.1100042
-0.1095203
-0.1015892
-0.0982113
-0.1090081
-0.1331380
-0.1576648
-0.1670942
-0.1582382
-0.1456257
-0.1486659
-0.1708833
-0.1932447
-0.1911912
-0.1592276
-0.1171429
-0.0910368
-0.0892983
-0.0980484
-0.0984894
-0.0860358
-0.0720605
-0.0694521
-0.0789544
-0.0892947
-0.0884443
-0.0740171
-0.0546499
-0.0431833
-0.0473576
-0.0639719
-0.0808433
-0.0866095
-0.0812523
-0.0769939
-0.0868185
-0.1109001
-0.1349311
-0.1427958
-0.1311217
-0.1114417
-0.0987890
-0.0989277
-0.1061443
-0.1114217
-0.1110453
-0.1078491
-0.1064226
-0.1083972
-0.1112945
-0.1104951
-0.1029478
-0.0907145
-0.0808408
-0.0796215
-0.0857928
-0.0908612
-0.0880968
-0.0806729
-0.0786146
-0.0869754
-0.0989887
-0.1026278
-0.0925888
-0.0732737
-0.0508895
-0.0273222
-0.0038071
0.0156555
0.0347237
0.0812059
0.2031734
0.4335996
0.7503655
1.0727351
1.3034389
1.3808973
1.2993583
1.0913261
0.8017813
0.4788597
0.1743925
-0.0659409
-0.2229177
-0.3114808
-0.3614734
-0.3886144
-0.3863268
-0.3455096
-0.2772966
-0.2118359
-0.1748388
-0.1679524
-0.1726034
-0.1707659
-0.1604476
-0.1526779
-0.1568654
-0.1707341
-0.1831005
-0.1842490
-0.1735119
-0.1587167
-0.1495603
-0.1504617
-0.1578326
-0.1635757
-0.1620427
-0.1545298
-0.1473514
-0.1456019
-0.1487085
-0.1515966
-0.1495898
-0.1420887
-0.1320869
-0.1229122
-0.1157516
-0.1097155
-0.1030920
-0.0939948
-0.0807947
-0.0634211
-0.0442592
-0.0262039
-0.0088653
0.0122380
0.0409521
0.0747026
0.1049339
0.1248847
0.1369615
0.1510010
0.1740252
0.2021870
0.2246035
0.2361736
0.2456445
0.2690752
0.3141478
0.3708234
0.4178492
0.4393881
0.4369242
0.4262982
0.4230194
0.4292345
0.4340757
0.4264808
0.4073478
0.3885427
0.3799777
0.3786029
0.3710562
0.3470320
0.3090716
0.2687921
0.2346278
0.2049559
0.1731822
0.1371803
0.1016762
0.0723455
0.0502937
0.0329560
0.0180768
0.0049453
-0.0069841
-0.0181693
-0.0274706
-0.0326896
-0.0340039
-0.0358013
-0.0431613
-0.0560787
-0.0684165
-0.0736361
-0.0712883
-0.0672782
-0.0682662
-0.0766152
-0.0898819
-0.1030144
-0.1107402
-0.1106607
-0.1065429
-0.1070644
-0.1174691
-0.1313383
-0.1337027
-0.1156821
-0.0858548
-0.0642480
-0.0631949
-0.0749376
-0.0797296
-0.0660537
-0.0413013
-0.0222238
-0.0169887
-0.0186654
-0.0151936
-0.0023602
0.0143400
0.0278896
0.0361806
0.0401186
0.0385814
0.0283963
0.0095085
-0.0121800
-0.0293291
-0.0404242
-0.0506762
-0.0646841
-0.0795868
-0.0875618
-0.0851569
-0.0782899
-0.0768684
-0.0851991
-0.0986141
-0.1089602
-0.1121296
-0.1101081
-0.1070555
-0.1046987
-0.1012168
-0.0930500
-0.0772134
-0.0535982
-0.0272484
-0.0078958
-0.0039555
-0.0145553
-0.0285580
-0.0341079
-0.0299951
-0.0264543
-0.0340273
-0.0522886
-0.0700914
-0.0763034
-0.0696170
-0.0585686
-0.0537230
-0.0604332
-0.0771513
-0.0976181
-0.1139673
-0.1206616
-0.1188211
-0.1166679
-0.1227873
-0.1370945
-0.1494577
-0.1489754
-0.1349438
-0.1182008
-0.1116022
-0.1190541
-0.1329066
-0.1410099
-0.1365724
-0.1227064
-0.1086987
-0.1015809
-0.0998204
-0.0943929
-0.0772108
-0.0504988
-0.0279978
-0.0245623
-0.0422329
-0.0666066
-0.0786806
-0.0717091
-0.0569652
-0.0530557
-0.0690939
-0.0971299
-0.1201119
-0.1274987
-0.1239410
-0.1232724
-0.1344914
-0.1541663
-0.1720967
-0.1823475
-0.1868646
-0.1890981
-0.1874110
-0.1773162
-0.1590410
-0.1388944
-0.1207249
-0.0984380
-0.0618546
-0.0109152
0.0417149
0.0892526
0.1525431
0.2760123
0.4926788
0.7871993
1.0915778
1.3186959
1.4061295
1.3388493
1.1428274
0.8646350
0.5543744
0.2564455
0.0037324
-0.1865237
-0.3121787
-0.3806196
-0.4031781
-0.3931342
-0.3647268
-0.3296094
-0.2929779
-0.2546755
-0.2154652
-0.1819222
-0.1638559
-0.1656337
-0.1796194
-0.1894159
-0.1821983
-0.1598638
-0.1378433
-0.1312408
-0.1408114
-0.1523895
-0.1505100
-0.1329078
-0.1117924
-0.1012846
-0.1044054
-0.1126566
-0.1168369
-0.1158219
-0.1144549
-0.1158587
-0.1187046
-0.1209000
-0.1222415
-0.1221971
-0.1179235
-0.1075749
-0.0950612
-0.0881983
-0.0897198
-0.0908714
-0.0767907
-0.0403704
0.0096101
0.0559045
0.0889938
0.1151155
0.1479895
0.1938988
0.2458863
0.2914443
0.3239069
0.3461814
0.3654262
0.3861739
0.4086432
0.4315335
0.4539025
0.4739650
0.4885645
0.4965061
0.5020586
0.5123214
0.5293852
0.5461217
0.5515050
0.5404688
0.5179414
0.4930769
0.4700740
0.4451951
0.4127723
0.3732771
0.3341492
0.3021877
0.2761908
0.2484078
0.2131067
0.1725377
0.1340038
0.1017509
0.0725726
0.0398174
0.0017958
-0.0342597
-0.0576050
-0.0640653
-0.0606871
-0.0601755
-0.0706853
-0.0903606
-0.1103740
-0.1226807
-0.1261542
-0.1269480
-0.1330208
-0.1468922
-0.1623519
-0.1680173
-0.1554006
-0.1259054
-0.0916086
-0.0681228
-0.0635340
-0.0722027
-0.0799861
-0.0772624
-0.0676178
-0.0634431
-0.0724745
-0.0884475
-0.0954396
-0.0825487
-0.0551786
-0.0315668
-0.0272616
-0.0424032
-0.0636479
-0.0774969
-0.0813584
-0.0829539
-0.0906426
-0.1043004
-0.1144661
-0.1102938
-0.0895410
-0.0615064
-0.0396826
-0.0306683
-0.0297494
-0.0271430
-0.0187122
-0.0107553
-0.0138216
-0.0309416
-0.0520410
-0.0613818
-0.0517875
-0.0316756
-0.0177947
-0.0207872
-0.0369714
-0.0529537
-0.0582133
-0.0546485
-0.0548382
-0.0702030
-0.0994755
-0.1282854
-0.1406336
-0.1320621
-0.1131182
-0.1004723
-0.1032678
-0.1161431
-0.1250908
-0.1210412
-0.1082713
-0.0994209
-0.1025453
-0.1134260
-0.1200092
-0.1135920
-0.0962675
-0.0788642
-0.0717495
-0.0761458
-0.0831648
-0.0816574
-0.0685129
-0.0525815
-0.0481761
-0.0624425
-0.0870379
-0.1031950
-0.0982578
-0.0787384
-0.0651340
-0.0717236
-0.0921123
-0.1063969
-0.1021704
-0.0862852
-0.0748840
-0.0732774
-0.0682155
-0.0412606
0.0121197
0.0811470
0.1602979
0.2689157
0.4431862
0.7009549
1.0098361
1.2896442
1.4510686
1.4426318
1.2731664
0.9981049
0.6850034
0.3849263
0.1249391
-0.0833534
-0.2339041
-0.3236540
-0.3557302
-0.3425293
-0.3040453
-0.2604416
-0.2231994
-0.1924405
-0.1634594
-0.1359967
-0.1166483
-0.1123869
-0.1224717
-0.1371101
-0.1444518
-0.1398578
-0.1290490
-0.1219345
-0.1228208
-0.1264035
-0.1229982
-0.1076167
-0.0850628
-0.0674209
-0.0655626
-0.0803105
-0.1006779
-0.1122745
-0.1091816
-0.0978226
-0.0890842
-0.0870740
-0.0855463
-0.0746091
-0.0508767
-0.0217728
0.0001754
0.0083288
0.0079519
0.0112232
0.0261469
0.0501890
0.0741626
0.0920620
0.1077088
0.1319368
0.1721217
0.2238759
0.2743166
0.3145502
0.3477283
0.3833858
0.4249259
0.4649365
0.4932568
0.5084566
0.5207328
0.5435723
0.5820618
0.6283951
0.6682716
0.6917402
0.6986608
0.6954630
0.6879148
0.6759213
0.6533209
0.6133092
0.5567809
0.4959259
0.4467809
0.4156637
0.3931956
0.3630169
0.3168952
0.2616129
0.2117385
0.1758305
0.1494177
0.1216434
0.0887676
0.0597579
0.0470997
0.0524818
0.0629517
0.0616777
0.0426485
0.0158116
-0.0018108
-0.0017112
0.0076345
0.0085216
-0.0081864
-0.0331643
-0.0475927
-0.0419349
-0.0253398
-0.0170011
-0.0286935
-0.0548336
-0.0785661
-0.0877162
-0.0852583
-0.0843327
-0.0938395
-0.1099137
-0.1205748
-0.1166643
-0.0986061
-0.0752777
-0.0572054
-0.0485318
-0.0438758
-0.0341298
-0.0165786
0.0014784
0.0102771
0.0086370
0.0067674
0.0170538
0.0406668
0.0632649
0.0664275
0.0454913
0.0149853
-0.0055864
-0.0105622
-0.0110873
-0.0206423
-0.0404257
-0.0590280
-0.0640925
-0.0535255
-0.0369940
-0.0279633
-0.0340744
-0.0536136
-0.0785344
-0.0989688
-0.1069128
-0.1004096
-0.0858303
-0.0728428
-0.0647251
-0.0555840
-0.0390696
-0.0177586
-0.0011845
0.0045233
0.0024421
-0.0001062
-0.0008743
-0.0057466
-0.0216977
-0.0470409
-0.0708847
-0.0839695
-0.0884127
-0.0943305
-0.1080559
-0.1264581
-0.1418334
-0.1490625
-0.1485079
-0.1457775
-0.1492795
-0.1641828
-0.1861821
-0.2025752
-0.2019312
-0.1842230
-0.1622504
-0.1520666
-0.1589650
-0.1716515
-0.1728030
-0.1572772
-0.1377428
-0.1304181
-0.1375734
-0.1465053
-0.1436952
-0.1271316
-0.1059609
-0.0908410
-0.0848231
-0.0827227
-0.0792736
-0.0764167
-0.0799119
-0.0896613
-0.0977896
-0.0975144
-0.0904331
-0.0836999
-0.0831676
-0.0904730
-0.1032623
-0.1159843
-0.1228682
-0.1227130
-0.1206490
-0.1247438
-0.1400975
-0.1632913
-0.1813548
-0.1809972
-0.1636801
-0.1481190
-0.1513740
-0.1688732
-0.1796375
-0.1713022
-0.1538542
-0.1467346
-0.1562951
-0.1684217
-0.1628167
-0.1345893
-0.1010610
-0.0842379
-0.0868032
-0.0908926
-0.0818283
-0.0657157
-0.0593292
-0.0691137
-0.0860646
-0.0968933
-0.0952580
-0.0861287
-0.0833716
-0.0986484
-0.1285035
-0.1561186
-0.1684931
-0.1678398
-0.1654762
-0.1709014
-0.1870774
-0.2077514
-0.2183360
-0.2091277
-0.1891952
-0.1770920
-0.1772260
-0.1775622
-0.1710390
-0.1638403
-0.1598139
-0.1531719
-0.1409840
-0.1265461
-0.1071093
-0.0785115
-0.0572344
-0.0728250
-0.1255625
