-0.0566357
-0.0224882
-0.0205361
-0.0202496
0.0006868
0.0321850
0.0590973
0.0955242
0.1877315
0.3861894
0.7001820
1.0614695
1.3412991
1.4292180
1.3063030
1.0397327
0.7153935
0.3881675
0.0854504
-0.1713587
-0.3634410
-0.4834374
-0.5381727
-0.5427818
-0.5123033
-0.4565816
-0.3840290
-0.3099111
-0.2536008
-0.2227858
-0.2068229
-0.1926160
-0.1822310
-0.1873958
-0.2100707
-0.2363752
-0.2494030
-0.2435466
-0.2274207
-0.2159480
-0.2173928
-0.2250593
-0.2239346
-0.2079451
-0.1879501
-0.1801833
-0.1890381
-0.2028745
-0.2043873
-0.1845380
-0.1501054
-0.1190199
-0.1048244
-0.1040029
-0.1009478
-0.0855284
-0.0624189
-0.0431779
-0.0334443
-0.0287181
-0.0184436
0.0073724
0.0516458
0.1070335
0.1601151
0.2004734
0.2268757
0.2467793
0.2707243
0.3038925
0.3398756
0.3650881
0.3734903
0.3758459
0.3902612
0.4233387
0.4635187
0.4930507
0.5041031
0.5030427
0.5012174
0.5027720
0.5013320
0.4882473
0.4625602
0.4310090
0.3997342
0.3699004
0.3411300
0.3136150
0.2842133
0.2452891
0.1926594
0.1333568
0.0810194
0.0424466
0.0107832
-0.0263899
-0.0719977
-0.1131193
-0.1313195
-0.1207091
-0.0949505
-0.0750442
-0.0711029
-0.0771923
-0.0816097
-0.0788597
-0.0727149
-0.0715708
-0.0812901
-0.0993340
-0.1147339
-0.1163676
-0.1033289
-0.0866919
-0.0801408
-0.0883552
-0.1036121
-0.1132003
-0.1111819
-0.1038052
-0.1026474
-0.1120142
-0.1244338
-0.1291698
-0.1233959
-0.1138327
-0.1091124
-0.1121838
-0.1189637
-0.1225501
-0.1190818
-0.1106884
-0.1028421
-0.0987850
-0.0968758
-0.0925213
-0.0811020
-0.0598263
-0.0299978
0.0010676
0.0225519
0.0272551
0.0170148
0.0010249
-0.0113841
-0.0176057
-0.0231190
-0.0357929
-0.0572498
-0.0796264
-0.0919382
-0.0898999
-0.0792453
-0.0703624
-0.0705443
-0.0799503
-0.0926873
-0.1017724
-0.1049098
-0.1062683
-0.1120405
-0.1238889
-0.1365863
-0.1416504
-0.1339093
-0.1166140
-0.1009558
-0.0982366
-0.1095715
-0.1229887
-0.1224835
-0.1017280
-0.0701011
-0.0455900
-0.0402237
-0.0500583
-0.0590911
-0.0548302
-0.0408514
-0.0329484
-0.0427046
-0.0664539
-0.0908335
-0.1069471
-0.1170957
-0.1286011
-0.1436592
-0.1566929
-0.1609545
-0.1557645
-0.1459714
-0.1356497
-0.1254647
-0.1169165
-0.1154050
-0.1252044
-0.1423593
-0.1565215
-0.1612072
-0.1601083
-0.1616026
-0.1679392
-0.1715233
-0.1625627
-0.1402204
-0.1155137
-0.1021597
-0.1040819
-0.1123597
-0.1146617
-0.1071638
-0.0971839
-0.0949619
-0.1031249
-0.1136331
-0.1152341
-0.1049143
-0.0918509
-0.0887168
-0.0989845
-0.1141796
-0.1236047
-0.1246869
-0.1230253
-0.1245624
-0.1298298
-0.1347632
-0.1345556
-0.1262416
-0.1096876
-0.0883128
-0.0687932
-0.0577241
-0.0563750
-0.0591302
-0.0592326
-0.0564089
-0.0566156
-0.0633244
-0.0716856
-0.0737904
-0.0680735
-0.0604005
-0.0565030
-0.0569995
-0.0608845
-0.0703512
-0.0884566
-0.1124976
-0.1333345
-0.1438139
-0.1468638
-0.1522947
-0.1644092
-0.1748961
-0.1705913
-0.1479749
-0.1178666
-0.0954483
-0.0870641
-0.0865495
-0.0821634
-0.0666400
-0.0433460
-0.0247988
-0.0232997
-0.0396304
-0.0603951
-0.0688250
-0.0601337
-0.0459815
-0.0426720
-0.0548400
-0.0718333
-0.0805714
-0.0802569
-0.0821941
-0.0956687
-0.1172040
-0.1350867
-0.1416599
-0.1382306
-0.1295205
-0.1174935
-0.1016430
-0.0822119
-0.0605014
-0.0368511
-0.0100707
0.0223349
0.0675668
0.1441627
0.2822628
0.5073211
0.8116750
1.1364119
1.3858407
1.4724973
1.3632644
1.0940751
0.7449382
0.3959837
0.0953494
-0.1438730
-0.3246443
-0.4471577
-0.5066283
-0.5043248
-0.4556650
-0.3856866
-0.3174378
-0.2642543
-0.2294878
-0.2095804
-0.1970996
-0.1846456
-0.1701608
-0.1594240
-0.1606261
-0.1736587
-0.1856533
-0.1809766
-0.1576570
-0.1317310
-0.1224491
-0.1335365
-0.1510666
-0.1593261
-0.1559645
-0.1506012
-0.1511879
-0.1548439
-0.1522001
-0.1382684
-0.1171173
-0.0966265
-0.0809578
-0.0688622
-0.0570889
-0.0429718
-0.0245511
-0.0015386
0.0224497
0.0409799
0.0509787
0.0579542
0.0731410
0.1038112
0.1457683
0.1855307
0.2109676
0.2214628
0.2285704
0.2461303
0.2784270
0.3170031
0.3487481
0.3676949
0.3801085
0.3985848
0.4302203
0.4692211
0.5009904
0.5144363
0.5111399
0.5029422
0.5007445
0.5048827
0.5046924
0.4867803
0.4456334
0.3889491
0.3332523
0.2923590
0.2676507
0.2482306
0.2205502
0.1791546
0.1301085
0.0853280
0.0530514
0.0319632
0.0130850
-0.0124875
-0.0458486
-0.0780252
-0.0954107
-0.0904062
-0.0696205
-0.0509490
-0.0493218
-0.0636623
-0.0791759
-0.0836096
-0.0798886
-0.0809541
-0.0930099
-0.1067716
-0.1069531
-0.0893453
-0.0664723
-0.0558899
-0.0641617
-0.0828934
-0.0984917
-0.1033345
-0.0984635
-0.0899498
-0.0853859
-0.0910261
-0.1071139
-0.1246462
-0.1302392
-0.1179063
-0.0963402
-0.0824773
-0.0861798
-0.1009850
-0.1103349
-0.1031571
-0.0834998
-0.0654958
-0.0597944
-0.0648921
-0.0701300
-0.0656136
-0.0498808
-0.0302173
-0.0166365
-0.0143796
-0.0206034
-0.0278708
-0.0311298
-0.0315160
-0.0336875
-0.0398752
-0.0464750
-0.0462738
-0.0348615
-0.0163699
-0.0029711
-0.0065135
-0.0281555
-0.0559140
-0.0743160
-0.0784536
-0.0786767
-0.0898798
-0.1149863
-0.1398596
-0.1463661
-0.1308425
-0.1083601
-0.0982209
-0.1064516
-0.1230664
-0.1344161
-0.1357858
-0.1325953
-0.1324974
-0.1380639
-0.1455895
-0.1484471
-0.1413084
-0.1233739
-0.0997248
-0.0791912
-0.0683579
-0.0658063
-0.0630415
-0.0530878
-0.0385955
-0.0300938
-0.0353328
-0.0509780
-0.0656236
-0.0707947
-0.0684908
-0.0681260
-0.0767340
-0.0925177
-0.1076837
-0.1167173
-0.1210487
-0.1258542
-0.1336562
-0.1418867
-0.1457103
-0.1417883
-0.1297698
-0.1123392
-0.0950751
-0.0849772
-0.0866225
-0.0983502
-0.1127014
-0.1219692
-0.1240512
-0.1225133
-0.1206381
-0.1163989
-0.1047548
-0.0849094
-0.0636935
-0.0504440
-0.0485302
-0.0522323
-0.0519037
-0.0427212
-0.0297670
-0.0249995
-0.0374460
-0.0639836
-0.0895700
-0.0988440
-0.0898661
-0.0766833
-0.0767302
-0.0942388
-0.1162452
-0.1260214
-0.1204119
-0.1124898
-0.1164158
-0.1311651
-0.1411207
-0.1325625
-0.1078884
-0.0831045
-0.0727053
-0.0779952
-0.0890370
-0.0957409
-0.0959937
-0.0940703
-0.0932774
-0.0914578
-0.0832573
-0.0657551
-0.0419849
-0.0200095
-0.0085341
-0.0115559
-0.0255639
-0.0423118
-0.0558810
-0.0675261
-0.0826312
-0.1021832
-0.1181544
-0.1193578
-0.1033080
-0.0816560
-0.0715637
-0.0799196
-0.0965171
-0.1043393
-0.0967260
-0.0830809
-0.0772913
-0.0822347
-0.0873253
-0.0804754
-0.0600497
-0.0342686
-0.0111412
0.0083447
0.0284716
0.0565555
0.1081529
0.2123753
0.4009280
0.6790296
1.0014346
1.2809505
1.4299850
1.4046566
1.2191566
0.9261892
0.5865295
0.2510672
-0.0419077
-0.2664779
-0.4130742
-0.4902837
-0.5166676
-0.5073807
-0.4688446
-0.4060575
-0.3317997
-0.2649726
-0.2192022
-0.1948832
-0.1834206
-0.1778545
-0.1772863
-0.1811090
-0.1821335
-0.1693271
-0.1387670
-0.1000911
-0.0695894
-0.0562671
-0.0555420
-0.0566468
-0.0547418
-0.0545730
-0.0627199
-0.0776906
-0.0887926
-0.0854138
-0.0678033
-0.0485000
-0.0420863
-0.0522048
-0.0680521
-0.0741570
-0.0645813
-0.0477607
-0.0365694
-0.0330695
-0.0242414
0.0051203
0.0548436
0.1066728
0.1412059
0.1574383
0.1737917
0.2089599
0.2627030
0.3167817
0.3546138
0.3784009
0.4055178
0.4484228
0.5000943
0.5407550
0.5581678
0.5590758
0.5597193
0.5668359
0.5707428
0.5580593
0.5293911
0.5014664
0.4902934
0.4934197
0.4913408
0.4673809
0.4246099
0.3814269
0.3512843
0.3293050
0.2997815
0.2548622
0.2034939
0.1621195
0.1388082
0.1278324
0.1183045
0.1052186
0.0909969
0.0784914
0.0657715
0.0486849
0.0266915
0.0044671
-0.0119070
-0.0194902
-0.0200636
-0.0189491
-0.0224626
-0.0346537
-0.0546358
-0.0769713
-0.0958102
-0.1093402
-0.1197584
-0.1285085
-0.1325560
-0.1270939
-0.1121908
-0.0948324
-0.0825824
-0.0760101
-0.0696035
-0.0602580
-0.0518960
-0.0491287
-0.0477152
-0.0356364
-0.0065424
0.0292003
0.0507775
0.0466984
0.0273223
0.0151196
0.0216782
0.0360276
0.0371614
0.0171132
-0.0103937
-0.0243755
-0.0178604
-0.0036958
-0.0002139
-0.0129265
-0.0308798
-0.0397484
-0.0366909
-0.0317051
-0.0355188
-0.0479271
-0.0587759
-0.0595897
-0.0527584
-0.0483916
-0.0524940
-0.0598348
-0.0602301
-0.0518016
-0.0453360
-0.0525305
-0.0701557
-0.0796171
-0.0655367
-0.0341161
-0.0096176
-0.0106300
-0.0312884
-0.0484922
-0.0475902
-0.0379847
-0.0412396
-0.0655283
-0.0957391
-0.1102175
-0.1045195
-0.0953726
-0.1016342
-0.1247414
-0.1497704
-0.1636396
-0.1685990
-0.1765194
-0.1921183
-0.2052049
-0.2010198
-0.1770453
-0.1473336
-0.1291513
-0.1260839
-0.1255381
-0.1131232
-0.0885977
-0.0666264
-0.0616055
-0.0725119
-0.0837917
-0.0814523
-0.0673722
-0.0568700
-0.0627330
-0.0830505
-0.1048693
-0.1178669
-0.1225256
-0.1254465
-0.1294312
-0.1304897
-0.1243121
-0.1133415
-0.1055676
-0.1066535
-0.1149764
-0.1252053
-0.1354992
-0.1493363
-0.1698659
-0.1936410
-0.2111914
-0.2142565
-0.2024933
-0.1830808
-0.1636698
-0.1456625
-0.1246294
-0.0975753
-0.0694004
-0.0509649
-0.0494220
-0.0600309
-0.0685011
-0.0631732
-0.0459837
-0.0310149
-0.0311261
-0.0456182
-0.0614861
-0.0668536
-0.0624279
-0.0593828
-0.0668594
-0.0826656
-0.0961542
-0.0991370
-0.0934532
-0.0886460
-0.0933329
-0.1087643
-0.1293957
-0.1484072
-0.1627260
-0.1737314
-0.1836169
-0.1907552
-0.1888650
-0.1723214
-0.1436065
-0.1145411
-0.0976445
-0.0951416
-0.0978331
-0.0962858
-0.0921885
-0.0961019
-0.1131501
-0.1334150
-0.1398980
-0.1265993
-0.1059947
-0.0961162
-0.1012471
-0.1085671
-0.1047472
-0.0927469
-0.0886502
-0.1020931
-0.1233155
-0.1321981
-0.1194438
-0.0966726
-0.0849037
-0.0940912
-0.1144973
-0.1269398
-0.1201751
-0.0991226
-0.0785432
-0.0694636
-0.0694495
-0.0637101
-0.0369484
0.0120821
0.0667665
0.1080820
0.1404638
0.2034667
0.3504378
0.6040941
0.9247348
1.2212827
1.3996705
1.4109117
1.2643816
1.0056943
0.6870194
0.3537117
0.0456147
-0.2033917
-0.3741937
-0.4694148
-0.5076420
-0.5086405
-0.4833952
-0.4363784
-0.3738260
-0.3073226
-0.2497184
-0.2090512
-0.1862638
-0.1769568
-0.1745882
-0.1739116
-0.1738669
-0.1772574
-0.1856475
-0.1938959
-0.1918791
-0.1741554
-0.1477041
-0.1275107
-0.1227238
-0.1280052
-0.1303004
-0.1240643
-0.1176763
-0.1232283
-0.1410181
-0.1566841
-0.1548207
-0.1343111
-0.1090496
-0.0943140
-0.0939002
-0.1000438
-0.1030587
-0.0988791
-0.0882802
-0.0720170
-0.0488759
-0.0178395
0.0196767
0.0602990
0.1005180
0.1377743
0.1711759
0.2025689
0.2360306
0.2737561
0.3114282
0.3397647
0.3535041
0.3590406
0.3705199
0.3960451
0.4281462
0.4499785
0.4518948
0.4407216
0.4313132
0.4296455
0.4265111
0.4089580
0.3763365
0.3425969
0.3221961
0.3151535
0.3070051
0.2827835
0.2402291
0.1903035
0.1469597
0.1170379
0.0978457
0.0814076
0.0604620
0.0330966
0.0045731
-0.0157110
-0.0223273
-0.0209366
-0.0254048
-0.0442741
-0.0695114
-0.0820195
-0.0715622
-0.0504500
-0.0436254
-0.0628154
-0.0921572
-0.1027317
-0.0822711
-0.0485013
-0.0315223
-0.0442313
-0.0721734
-0.0917730
-0.0950124
-0.0939588
-0.1030062
-0.1207053
-0.1308476
-0.1198622
-0.0910906
-0.0619835
-0.0485580
-0.0525934
-0.0621884
-0.0633213
-0.0517087
-0.0356853
-0.0284848
-0.0362198
-0.0514643
-0.0587260
-0.0482342
-0.0257993
-0.0084454
-0.0086604
-0.0223050
-0.0328380
-0.0282395
-0.0132759
-0.0039293
-0.0096269
-0.0223929
-0.0248551
-0.0084796
0.0176453
0.0362789
0.0384913
0.0295403
0.0199461
0.0137255
0.0065113
-0.0067687
-0.0250197
-0.0419026
-0.0515852
-0.0525384
-0.0473247
-0.0410947
-0.0402565
-0.0496948
-0.0685851
-0.0892549
-0.1026892
-0.1068066
-0.1086519
-0.1169673
-0.1322800
-0.1452010
-0.1453323
-0.1319143
-0.1153271
-0.1078270
-0.1126934
-0.1223599
-0.1269907
-0.1246374
-0.1227599
-0.1296513
-0.1444916
-0.1564146
-0.1542688
-0.1378498
-0.1191301
-0.1115016
-0.1173853
-0.1267383
-0.1278476
-0.1189088
-0.1084692
-0.1052664
-0.1090618
-0.1116856
-0.1057381
-0.0913228
-0.0754145
-0.0666002
-0.0701661
-0.0852348
-0.1041760
-0.1161727
-0.1151163
-0.1053071
-0.0966310
-0.0916268
-0.0794680
-0.0470239
0.0047573
0.0629256
0.1278069
0.2335129
0.4306758
0.7351950
1.0886704
1.3742143
1.4823287
1.3748726
1.0982593
0.7438216
0.3945777
0.0970749
-0.1345241
-0.3007732
-0.4048968
-0.4512952
-0.4490337
-0.4136825
-0.3643030
-0.3165320
-0.2766836
-0.2425289
-0.2109110
-0.1847401
-0.1714563
-0.1742266
-0.1861131
-0.1949506
-0.1946035
-0.1905312
-0.1934386
-0.2075520
-0.2254004
-0.2338325
-0.2251107
-0.2032127
-0.1805963
-0.1684462
-0.1679719
-0.1696517
-0.1616902
-0.1411624
-0.1176362
-0.1047571
-0.1069033
-0.1139933
-0.1102198
-0.0884314
-0.0560352
-0.0271648
-0.0097472
-0.0001242
0.0111037
0.0294452
0.0525020
0.0740892
0.0917287
0.1108543
0.1419797
0.1921597
0.2571247
0.3217966
0.3709357
0.4015641
0.4249900
0.4552906
0.4952380
0.5341079
0.5594240
0.5696549
0.5743095
0.5823315
0.5922739
0.5943918
0.5807400
0.5515964
0.5127502
0.4689742
0.4214428
0.3702628
0.3174386
0.2667772
0.2217428
0.1837729
0.1517678
0.1224134
0.0917826
0.0583539
0.0251208
-0.0023797
-0.0214681
-0.0356387
-0.0512463
-0.0702401
-0.0868841
-0.0926810
-0.0847549
-0.0691576
-0.0561220
-0.0523285
-0.0570744
-0.0644923
-0.0690224
-0.0701613
-0.0735181
-0.0866611
-0.1114247
-0.1389819
-0.1544954
-0.1500866
-0.1342798
-0.1262125
-0.1376108
-0.1603450
-0.1739090
-0.1663666
-0.1467173
-0.1350514
-0.1410049
-0.1537813
-0.1539824
-0.1337342
-0.1037421
-0.0814151
-0.0742813
-0.0756665
-0.0744754
-0.0666016
-0.0567327
-0.0515496
-0.0533282
-0.0596411
-0.0670162
-0.0736189
-0.0793016
-0.0847209
-0.0908942
-0.0987439
-0.1082024
-0.1178448
-0.1259887
-0.1322371
-0.1372920
-0.1406593
-0.1389327
-0.1277644
-0.1069333
-0.0834991
-0.0682130
-0.0666107
-0.0730541
-0.0753014
-0.0672128
-0.0570425
-0.0607397
-0.0847275
-0.1158257
-0.1310770
-0.1196563
-0.0945438
-0.0807783
-0.0915840
-0.1167669
-0.1346492
-0.1339908
-0.1231187
-0.1186939
-0.1278844
-0.1422660
-0.1474579
-0.1369787
-0.1173278
-0.1016370
-0.0989467
-0.1078094
-0.1184261
-0.1214000
-0.1162403
-0.1118707
-0.1174064
-0.1312862
-0.1404719
-0.1323787
-0.1082080
-0.0833816
