-0.0816852
-0.0829662
-0.0817339
-0.0658916
-0.0492793
-0.0541017
-0.0779759
-0.0965412
-0.0954806
-0.0838561
-0.0761010
-0.0749638
-0.0748128
-0.0713396
-0.0644868
-0.0580629
-0.0580163
-0.0665843
-0.0785544
-0.0873468
-0.0927451
-0.0980485
-0.1025969
-0.1031811
-0.1007983
-0.0995409
-0.0993012
-0.0951512
-0.0846888
-0.0726231
-0.0677395
-0.0765223
-0.0973661
-0.1186260
-0.1253607
-0.1122946
-0.0896437
-0.0739565
-0.0740601
-0.0866274
-0.1022589
-0.1132361
-0.1175622
-0.1185048
-0.1198653
-0.1210248
-0.1181955
-0.1105811
-0.1021272
-0.0960125
-0.0907122
-0.0837622
-0.0768289
-0.0738981
-0.0750729
-0.0746326
-0.0665260
-0.0519115
-0.0400993
-0.0393395
-0.0456673
-0.0442071
-0.0244355
0.0097490
0.0521602
0.1166758
0.2390861
0.4475612
0.7268313
1.0104719
1.2100798
1.2592066
1.1418881
0.8921186
0.5729205
0.2519924
-0.0171742
-0.2080845
-0.3243671
-0.3872952
-0.4141109
-0.4073228
-0.3658145
-0.3024859
-0.2443376
-0.2124445
-0.2039500
-0.1963554
-0.1702097
-0.1275854
-0.0888377
-0.0724819
-0.0794570
-0.0963664
-0.1106337
-0.1197466
-0.1279362
-0.1388687
-0.1528120
-0.1671837
-0.1770588
-0.1769230
-0.1649654
-0.1460894
-0.1294176
-0.1219714
-0.1242073
-0.1309156
-0.1360370
-0.1367134
-0.1329383
-0.1242820
-0.1087689
-0.0855261
-0.0568043
-0.0259968
0.0051439
0.0359073
0.0646440
0.0897517
0.1124291
0.1364029
0.1643738
0.1959075
0.2292582
0.2642542
0.3023628
0.3436060
0.3837004
0.4153091
0.4335241
0.4404770
0.4438270
0.4504292
0.4616286
0.4736287
0.4805825
0.4776468
0.4638843
0.4440019
0.4258682
0.4139676
0.4046018
0.3883090
0.3581760
0.3170508
0.2770875
0.2507428
0.2398875
0.2332007
0.2158359
0.1831676
0.1453056
0.1178219
0.1075526
0.1065149
0.0990376
0.0754040
0.0396051
0.0042189
-0.0220107
-0.0409994
-0.0603259
-0.0834081
-0.1058423
-0.1202503
-0.1229654
-0.1162544
-0.1058106
-0.0969852
-0.0927065
-0.0935718
-0.0985329
-0.1049159
-0.1089162
-0.1080778
-0.1037875
-0.0998822
-0.0977871
-0.0939472
-0.0833715
-0.0657170
-0.0470898
-0.0353518
-0.0333650
-0.0365789
-0.0373518
-0.0319254
-0.0231040
-0.0161781
-0.0130707
-0.0110413
-0.0061699
0.0030990
0.0151786
0.0263238
0.0323061
0.0309604
0.0243121
0.0174752
0.0141115
0.0126209
0.0076236
-0.0035927
-0.0157400
-0.0181091
-0.0049108
0.0162124
0.0279609
0.0180186
-0.0096153
-0.0385561
-0.0551929
-0.0595179
-0.0616770
-0.0696598
-0.0816676
-0.0900864
-0.0909411
-0.0876086
-0.0857187
-0.0871826
-0.0909339
-0.0972337
-0.1073019
-0.1184834
-0.1240558
-0.1212149
-0.1175951
-0.1255884
-0.1484301
-0.1738996
-0.1843853
-0.1735263
-0.1516113
-0.1342726
-0.1275948
-0.1257690
-0.1217066
-0.1163716
-0.1165465
-0.1260787
-0.1417117
-0.1561927
-0.1629758
-0.1587340
-0.1449023
-0.1283591
-0.1182014
-0.1186758
-0.1248129
-0.1268818
-0.1206283
-0.1127547
-0.1149411
-0.1317811
-0.1550522
-0.1703135
-0.1688911
-0.1536479
-0.1348894
-0.1223787
-0.1202085
-0.1260675
-0.1336676
-0.1372664
-0.1358973
-0.1334309
-0.1337616
-0.1360484
-0.1353606
-0.1279229
-0.1150597
-0.1019508
-0.0933502
-0.0910532
-0.0945977
-0.1023680
-0.1109990
-0.1155716
-0.1136993
-0.1103034
-0.1154894
-0.1345411
-0.1602401
-0.1777299
-0.1783897
-0.1681002
-0.1609296
-0.1649691
-0.1748051
-0.1775306
-0.1656373
-0.1442207
-0.1261572
-0.1203671
-0.1242038
-0.1265832
-0.1184884
-0.1010720
-0.0839836
-0.0757365
-0.0760334
-0.0784029
-0.0798382
-0.0848454
-0.0977198
-0.1132923
-0.1205676
-0.1166743
-0.1118427
-0.1151952
-0.1176379
-0.0964268
-0.0405194
0.0338599
0.1017833
0.1664112
0.2705532
0.4614465
0.7379997
1.0321741
1.2438153
1.2976536
1.1769871
0.9187920
0.5884877
0.2557882
-0.0231777
-0.2191909
-0.3338123
-0.3879830
-0.4023333
-0.3862657
-0.3440545
-0.2870271
-0.2347473
-0.2028400
-0.1921721
-0.1921467
-0.1931686
-0.1932473
-0.1933880
-0.1914334
-0.1842605
-0.1749694
-0.1737905
-0.1889902
-0.2168735
-0.2423986
-0.2512345
-0.2418394
-0.2253502
-0.2133210
-0.2063068
-0.1955080
-0.1750586
-0.1503841
-0.1327386
-0.1263042
-0.1229953
-0.1111697
-0.0883484
-0.0635139
-0.0467610
-0.0385513
-0.0303846
-0.0144384
0.0100757
0.0396529
0.0717364
0.1047936
0.1354652
0.1597461
0.1778923
0.1956968
0.2193897
0.2506178
0.2875682
0.3289069
0.3732767
0.4151133
0.4455590
0.4616256
0.4731509
0.4953838
0.5316875
0.5660577
0.5766993
0.5572065
0.5218520
0.4899949
0.4684917
0.4505026
0.4272725
0.3960207
0.3570790
0.3095531
0.2543965
0.1999005
0.1588692
0.1378724
0.1310503
0.1263759
0.1167035
0.1026432
0.0862668
0.0665041
0.0422607
0.0163075
-0.0077314
-0.0305506
-0.0545620
-0.0754747
-0.0816876
-0.0670064
-0.0428021
-0.0320948
-0.0483133
-0.0815910
-0.1090098
-0.1181153
-0.1177143
-0.1252243
-0.1468790
-0.1730844
-0.1908236
-0.1957004
-0.1910243
-0.1800309
-0.1637648
-0.1455730
-0.1325831
-0.1296143
-0.1329247
-0.1327691
-0.1230564
-0.1076119
-0.0963884
-0.0960632
-0.1046293
-0.1141127
-0.1172339
-0.1117383
-0.1001305
-0.0864801
-0.0730219
-0.0590286
-0.0431225
-0.0268427
-0.0149267
-0.0110577
-0.0140805
-0.0199578
-0.0271458
-0.0377865
-0.0525421
-0.0663602
-0.0723823
-0.0703477
-0.0684207
-0.0745072
-0.0868982
-0.0962531
-0.0970245
-0.0937989
-0.0942971
-0.0988318
-0.1012010
-0.0998446
-0.1023950
-0.1147698
-0.1285149
-0.1258209
-0.0998931
-0.0662940
-0.0489010
-0.0548204
-0.0677921
-0.0685124
-0.0575987
-0.0535137
-0.0687726
-0.0944257
-0.1113218
-0.1123154
-0.1070613
-0.1055450
-0.1042536
-0.0933649
-0.0737139
-0.0592969
-0.0613243
-0.0749606
-0.0861273
-0.0889496
-0.0909384
-0.1003855
-0.1143859
-0.1237195
-0.1262909
-0.1287973
-0.1339373
-0.1325979
-0.1147721
-0.0861809
-0.0670803
-0.0715511
-0.0915001
-0.1051176
-0.0999655
-0.0838488
-0.0728137
-0.0731717
-0.0788103
-0.0832080
-0.0876577
-0.0955649
-0.1034240
-0.1030232
-0.0924621
-0.0805786
-0.0782694
-0.0876244
-0.1017753
-0.1136917
-0.1218814
-0.1276267
-0.1305124
-0.1295007
-0.1268004
-0.1269210
-0.1307152
-0.1327037
-0.1265605
-0.1124350
-0.0967121
-0.0847016
-0.0758311
-0.0664422
-0.0543373
-0.0381862
-0.0147465
0.0186028
0.0577520
0.0935352
0.1258148
0.1768849
0.2853843
0.4789760
0.7467567
1.0351131
1.2702294
1.3892091
1.3605341
1.1888850
0.9095448
0.5762041
0.2437240
-0.0477678
-0.2778269
-0.4384937
-0.5260646
-0.5423226
-0.5015230
-0.4303429
-0.3565358
-0.2967178
-0.2547455
-0.2286494
-0.2150084
-0.2070195
-0.1944344
-0.1713223
-0.1436492
-0.1244495
-0.1191736
-0.1185582
-0.1090034
-0.0884916
-0.0686120
-0.0608303
-0.0645611
-0.0706015
-0.0729572
-0.0731414
-0.0739427
-0.0743664
-0.0733362
-0.0744189
-0.0811863
-0.0878797
-0.0805763
-0.0521722
-0.0141630
0.0116886
0.0149973
0.0073216
0.0094844
0.0307093
0.0627863
0.0928376
0.1171387
0.1410815
0.1696584
0.2025050
0.2377289
0.2759498
0.3177867
0.3596168
0.3956755
0.4247210
0.4515617
0.4801763
0.5072075
0.5248224
0.5295193
0.5256455
0.5197774
0.5139988
0.5063528
0.4961406
0.4856153
0.4757679
0.4628595
0.4415103
0.4110009
0.3767527
0.3450408
0.3174697
0.2913235
0.2639327
0.2350468
0.2056933
0.1771383
0.1515513
0.1313069
0.1154363
0.0977906
0.0715416
0.0364633
0.0001583
-0.0291243
-0.0496872
-0.0649641
-0.0763779
-0.0812464
-0.0791233
-0.0767754
-0.0822391
-0.0938989
-0.1002784
-0.0941364
-0.0842129
-0.0876943
-0.1098979
-0.1356275
-0.1442446
-0.1316667
-0.1136235
-0.1072032
-0.1134114
-0.1201895
-0.1187305
-0.1109129
-0.1005045
-0.0838379
-0.0552993
-0.0203778
0.0037891
0.0048132
-0.0105264
-0.0220255
-0.0157553
0.0047147
0.0261003
0.0398163
0.0460911
0.0473596
0.0437474
0.0367640
0.0328902
0.0383258
0.0501946
0.0571572
0.0513479
0.0379590
0.0301929
0.0348434
0.0450172
0.0474963
0.0352781
0.0118369
-0.0147997
-0.0391856
-0.0596802
-0.0756713
-0.0864567
-0.0930782
-0.0995509
-0.1108111
-0.1289853
-0.1514128
-0.1718604
-0.1838276
-0.1840195
-0.1741073
-0.1592934
-0.1442593
-0.1300524
-0.1152853
-0.1002588
-0.0887808
-0.0851976
-0.0903365
-0.1011672
-0.1135905
-0.1239426
-0.1281491
-0.1223920
-0.1072025
-0.0900632
-0.0806125
-0.0812670
-0.0839561
-0.0786289
-0.0651871
-0.0548899
-0.0587696
-0.0760156
-0.0953221
-0.1066999
-0.1098679
-0.1115166
-0.1175980
-0.1300711
-0.1484278
-0.1698445
-0.1869129
-0.1892498
-0.1719423
-0.1429875
-0.1193247
-0.1128342
-0.1202570
-0.1278918
-0.1257355
-0.1157731
-0.1069957
-0.1048605
-0.1070479
-0.1077620
-0.1033852
-0.0937049
-0.0802320
-0.0655690
-0.0538616
-0.0495069
-0.0538894
-0.0637222
-0.0736714
-0.0810869
-0.0880051
-0.0985172
-0.1145039
-0.1339088
-0.1524051
-0.1660475
-0.1727541
-0.1727299
-0.1687524
-0.1659009
-0.1692458
-0.1794394
-0.1894231
-0.1869905
-0.1641137
-0.1262595
-0.0915240
-0.0771157
-0.0842908
-0.0971094
-0.0976447
-0.0826691
-0.0646163
-0.0567128
-0.0594860
-0.0631410
-0.0609934
-0.0568394
-0.0584254
-0.0672783
-0.0784673
-0.0889693
-0.1012763
-0.1164098
-0.1268189
-0.1213707
-0.0984822
-0.0711303
-0.0561371
-0.0590332
-0.0708822
-0.0789803
-0.0782247
-0.0720440
-0.0657529
-0.0620914
-0.0619214
-0.0650064
-0.0681930
-0.0654950
-0.0535466
-0.0370808
-0.0262949
-0.0272930
-0.0362581
-0.0441208
-0.0458785
-0.0439288
-0.0433798
-0.0469052
-0.0549429
-0.0681614
-0.0865694
-0.1064437
-0.1213042
-0.1280054
-0.1306434
-0.1361647
-0.1460491
-0.1542153
-0.1539000
-0.1450923
-0.1338105
-0.1249744
-0.1177869
-0.1079849
-0.0926419
-0.0718885
-0.0477066
-0.0233059
-0.0034157
0.0075337
0.0096311
0.0092242
0.0141547
0.0259957
0.0376389
0.0395215
0.0281764
0.0084036
-0.0118315
-0.0266491
-0.0322598
-0.0248136
-0.0024744
0.0290544
0.0569831
0.0744443
0.0976819
0.1676573
0.3249541
0.5723605
0.8571672
1.0931243
1.2076822
1.1771896
1.0254263
0.7958803
0.5282399
0.2556307
0.0114233
-0.1733826
-0.2830756
-0.3240492
-0.3159046
-0.2774263
-0.2229919
-0.1682390
-0.1300544
-0.1156837
-0.1151632
-0.1110762
-0.0974461
-0.0853590
-0.0879240
-0.1031844
-0.1162762
-0.1174753
-0.1130000
-0.1159163
-0.1303029
-0.1486948
-0.1633448
-0.1739783
-0.1822501
-0.1835410
-0.1704204
-0.1443663
-0.1190045
-0.1083418
-0.1131500
-0.1211995
-0.1199195
-0.1064241
-0.0857979
-0.0633434
-0.0405730
-0.0163216
0.0118539
0.0472125
0.0910708
0.1383940
0.1784516
0.2035125
0.2173061
0.2321453
0.2559396
0.2833881
0.3018756
0.3055660
0.3018980
0.3042573
0.3203165
0.3482841
0.3819143
0.4156724
0.4449135
0.4649862
0.4741736
0.4775254
0.4843806
0.4994114
0.5167068
0.5249241
0.5189717
0.5052265
0.4940597
0.4878962
0.4780606
0.4535963
0.4121946
0.3620289
0.3139048
0.2727861
0.2363963
0.1998487
0.1600955
0.1169109
0.0722435
0.0301324
-0.0039198
-0.0260231
-0.0378692
-0.0472680
-0.0632403
-0.0890003
-0.1188215
-0.1420161
-0.1513880
-0.1493586
-0.1461465
-0.1508050
-0.1627039
-0.1715532
-0.1665343
-0.1462056
-0.1199230
-0.1000204
-0.0928053
-0.0960111
-0.1023052
-0.1033694
-0.0923312
-0.0670634
-0.0344270
-0.0094424
-0.0051542
-0.0201837
-0.0375848
-0.0390341
-0.0213672
0.0014533
0.0125960
0.0073919
-0.0055971
-0.0157454
-0.0200054
-0.0222818
-0.0268891
-0.0349165
-0.0453792
-0.0565956
-0.0656216
-0.0688582
-0.0656673
-0.0608542
-0.0612667
-0.0690092
-0.0791946
-0.0854696
-0.0870602
-0.0890268
-0.0956279
-0.1048756
-0.1105209
-0.1086703
-0.1013669
-0.0939879
-0.0904728
-0.0913557
-0.0947864
-0.0978232
-0.0974451
-0.0927401
-0.0871847
-0.0869894
-0.0947675
-0.1048595
-0.1073804
-0.0987849
-0.0876083
-0.0874632
-0.1033175
-0.1256644
-0.1395254
-0.1392902
-0.1341226
-0.1387668
-0.1593520
-0.1876285
-0.2078175
-0.2089178
-0.1920567
-0.1678409
-0.1469177
-0.1322362
-0.1199594
-0.1075809
-0.0994925
-0.1020647
-0.1129916
-0.1191491
-0.1093151
-0.0889816
-0.0778778
-0.0889688
-0.1115762
-0.1202490
-0.1022688
-0.0732244
-0.0619341
-0.0809972
-0.1157057
-0.1420738
-0.1514542
-0.1544731
-0.1639679
-0.1801391
-0.1939764
-0.2003572
-0.2026412
-0.2052312
-0.2068320
-0.2037522
-0.1969906
-0.1918525
-0.1904432
-0.1880986
-0.1794231
-0.1660112
-0.1552353
-0.1513367
-0.1502577
-0.1446621
-0.1324374
-0.1180290
-0.1058542
-0.0952885
-0.0839699
-0.0743957
-0.0736925
-0.0851444
-0.1017036
-0.1109290
-0.1073647
-0.0984222
-0.0963340
-0.1047966
-0.1153402
-0.1172051
-0.1089819
-0.0990504
-0.0957722
-0.0998276
-0.1065382
-0.1128184
-0.1191009
-0.1254059
-0.1288970
-0.1263744
-0.1164177
-0.0967534
-0.0617669
-0.0068424
0.0654014
0.1498701
0.2550560
0.4095609
0.6395080
0.9288228
1.2025607
1.3599724
1.3362060
1.1403410
0.8391748
0.5080893
0.1960667
-0.0728213
-0.2808087
-0.4109063
-0.4590310
-0.4434223
-0.3962291
-0.3455585
-0.3058341
-0.2809629
-0.2698999
-0.2669841
-0.2620099
-0.2468793
-0.2240758
-0.2053437
-0.1991683
-0.2006844
-0.1966695
-0.1806433
-0.1604966
-0.1496425
-0.1520700
-0.1582830
-0.1558498
-0.1421054
-0.1259899
-0.1191710
-0.1265588
-0.1436374
-0.1598737
-0.1644147
-0.1521681
-0.1282091
-0.1060750
-0.0980738
-0.1044983
-0.1129634
-0.1101454
-0.0941006
-0.0737152
-0.0565586
-0.0400603
-0.0161081
0.0181486
0.0578001
0.0983431
0.1419542
0.1921648
0.2441571
0.2853516
0.3077703
0.3171864
0.3271727
0.3454388
0.3693787
0.3944704
0.4215226
0.4515901
0.4768998
0.4841792
0.4701575
0.4495843
0.4421616
0.4511699
0.4591784
0.4469300
0.4136032
0.3755038
0.3469255
0.3271020
0.3064006
0.2797264
0.2490300
0.2151674
0.1744399
0.1262447
0.0798609
0.0480189
0.0335224
0.0261034
0.0138583
-0.0054303
-0.0266437
-0.0476061
-0.0714567
-0.0982852
-0.1200680
-0.1287921
-0.1278403
-0.1298583
-0.1416888
-0.1554080
-0.1578872
-0.1473014
-0.1356049
-0.1340563
-0.1404700
-0.1436318
-0.1375306
-0.1265772
-0.1169747
-0.1082742
-0.0970687
-0.0861039
-0.0839094
-0.0938003
-0.1070703
-0.1107150
-0.1010099
-0.0865584
-0.0780207
-0.0778476
-0.0811742
-0.0835350
-0.0841465
-0.0827494
-0.0778728
-0.0703379
-0.0653500
-0.0669977
-0.0709114
-0.0663360
-0.0478472
-0.0232021
-0.0068317
-0.0057877
-0.0143114
-0.0223774
-0.0268494
-0.0324695
-0.0438671
