-0.1189740
-0.1467002
-0.0902541
-0.0581878
-0.0766030
-0.0891453
-0.0719751
-0.0571259
-0.0587342
-0.0564067
-0.0483313
-0.0560684
-0.0773627
-0.0880835
-0.0889589
-0.1019479
-0.1219639
-0.1168542
-0.0770799
-0.0291254
0.0011799
0.0097407
0.0029942
-0.0070971
-0.0028579
0.0188994
0.0332339
0.0166365
-0.0178903
-0.0370939
-0.0303843
-0.0160867
-0.0129941
-0.0243275
-0.0425704
-0.0543877
-0.0481987
-0.0292851
-0.0180560
-0.0230773
-0.0279646
-0.0157932
0.0064447
0.0193751
0.0156389
0.0021603
-0.0113709
-0.0170998
-0.0118860
-0.0030236
-0.0020906
-0.0085241
-0.0095661
0.0001611
0.0107003
0.0120081
0.0057690
-0.0018121
-0.0090477
-0.0177932
-0.0316719
-0.0550246
-0.0846278
-0.1048622
-0.1026654
-0.0859010
-0.0749796
-0.0767948
-0.0787107
-0.0691249
-0.0533232
-0.0460856
-0.0546058
-0.0696850
-0.0714538
-0.0478702
-0.0107077
0.0137455
0.0146387
0.0088205
0.0170393
0.0381178
0.0569785
0.0697842
0.0870970
0.1143825
0.1426298
0.1646210
0.1980573
0.2867292
0.4672879
0.7214217
0.9606737
1.0737052
1.0020938
0.7741467
0.4708266
0.1677055
-0.0948431
-0.3063560
-0.4684498
-0.5813645
-0.6413822
-0.6486963
-0.6141321
-0.5532924
-0.4762129
-0.3887462
-0.3018364
-0.2309549
-0.1847410
-0.1589138
-0.1416149
-0.1218873
-0.0960198
-0.0706259
-0.0568236
-0.0562517
-0.0556927
-0.0410270
-0.0141883
0.0087072
0.0139628
0.0011572
-0.0193580
-0.0352941
-0.0410922
-0.0411737
-0.0423919
-0.0421468
-0.0292893
0.0001222
0.0333268
0.0519071
0.0495999
0.0361948
0.0265700
0.0282762
0.0378134
0.0478926
0.0593013
0.0826127
0.1232600
0.1678919
0.1942963
0.1961900
0.1909487
0.2000088
0.2270110
0.2581967
0.2801425
0.2933270
0.3090327
0.3345892
0.3635344
0.3837136
0.3949601
0.4116896
0.4430407
0.4762032
0.4876759
0.4696155
0.4382675
0.4159909
0.4097479
0.4079828
0.3951329
0.3674608
0.3347010
0.3060509
0.2771466
0.2358077
0.1803231
0.1252314
0.0860068
0.0634198
0.0470012
0.0296049
0.0134195
0.0032936
-0.0015932
-0.0081702
-0.0215456
-0.0364507
-0.0392495
-0.0220883
0.0064595
0.0292939
0.0385501
0.0409680
0.0464732
0.0573718
0.0701234
0.0825617
0.0958431
0.1107518
0.1240235
0.1293335
0.1241121
0.1160667
0.1188769
0.1376783
0.1613362
0.1733838
0.1695541
0.1611229
0.1616532
0.1728520
0.1824944
0.1746525
0.1439154
0.1015383
0.0657867
0.0445389
0.0292164
0.0068105
-0.0248699
-0.0552172
-0.0711512
-0.0680247
-0.0532365
-0.0407278
-0.0393434
-0.0449412
-0.0457034
-0.0355943
-0.0200183
-0.0078535
-0.0011111
0.0060892
0.0202270
0.0410343
0.0605940
0.0705003
0.0710216
0.0709434
0.0759705
0.0803041
0.0743250
0.0589312
0.0463895
0.0457923
0.0518802
0.0506896
0.0344319
0.0086012
-0.0159953
-0.0370420
-0.0632705
-0.0999266
-0.1340384
-0.1418953
-0.1149042
-0.0730663
-0.0474260
-0.0510227
-0.0710774
-0.0877219
-0.0947640
-0.1004073
-0.1111802
-0.1200501
-0.1134991
-0.0895709
-0.0637462
-0.0525155
-0.0536089
-0.0486549
-0.0259673
0.0049242
0.0241397
0.0232951
0.0133370
0.0117782
0.0240819
0.0379442
0.0362593
0.0157429
-0.0093860
-0.0236179
-0.0269198
-0.0312600
-0.0419042
-0.0478821
-0.0338802
0.0008469
0.0399632
0.0705122
0.1073110
0.1917113
0.3549810
0.5750465
0.7717763
0.8534984
0.7763827
0.5662755
0.2912869
0.0166081
-0.2214647
-0.4118381
-0.5514268
-0.6360826
-0.6658624
-0.6520970
-0.6129000
-0.5613166
-0.5012762
-0.4350892
-0.3703776
-0.3172732
-0.2811361
-0.2599968
-0.2479764
-0.2402711
-0.2357538
-0.2350070
-0.2353266
-0.2293592
-0.2115879
-0.1860448
-0.1646760
-0.1565520
-0.1592932
-0.1614051
-0.1532814
-0.1374509
-0.1283971
-0.1393827
-0.1670741
-0.1913775
-0.1939304
-0.1763445
-0.1577693
-0.1547981
-0.1659357
-0.1758198
-0.1726066
-0.1595836
-0.1489773
-0.1447258
-0.1343301
-0.1014676
-0.0461710
0.0120842
0.0532359
0.0751598
0.0907959
0.1096760
0.1268268
0.1308954
0.1207445
0.1108663
0.1181735
0.1437146
0.1706582
0.1825770
0.1810530
0.1811542
0.1907787
0.1999601
0.1927521
0.1663720
0.1352252
0.1161626
0.1114380
0.1071822
0.0887047
0.0558720
0.0212947
-0.0057801
-0.0290768
-0.0562675
-0.0843829
-0.1002875
-0.0966361
-0.0834478
-0.0804896
-0.0977653
-0.1248321
-0.1413668
-0.1393697
-0.1330040
-0.1432617
-0.1733948
-0.2038396
-0.2132599
-0.2011391
-0.1864176
-0.1858454
-0.1976862
-0.2072918
-0.2055898
-0.1986306
-0.1977825
-0.2030398
-0.2010090
-0.1817870
-0.1540518
-0.1379289
-0.1428886
-0.1573092
-0.1617945
-0.1497788
-0.1323499
-0.1240759
-0.1269015
-0.1291454
-0.1194704
-0.0996919
-0.0820177
-0.0747925
-0.0745630
-0.0732226
-0.0690008
-0.0666045
-0.0683200
-0.0697041
-0.0656007
-0.0582027
-0.0568915
-0.0692674
-0.0924114
-0.1143321
-0.1258610
-0.1306361
-0.1404863
-0.1599414
-0.1780573
-0.1783970
-0.1568336
-0.1277950
-0.1120812
-0.1180465
-0.1343968
-0.1422349
-0.1349684
-0.1249541
-0.1286415
-0.1467076
-0.1626580
-0.1616430
-0.1470239
-0.1355362
-0.1373523
-0.1440627
-0.1382465
-0.1146360
-0.0893674
-0.0850605
-0.1061735
-0.1323503
-0.1388808
-0.1221666
-0.1020764
-0.0999423
-0.1175224
-0.1384130
-0.1474430
-0.1458588
-0.1469168
-0.1583246
-0.1722135
-0.1745236
-0.1623821
-0.1478612
-0.1434753
-0.1477971
-0.1486132
-0.1383881
-0.1226835
-0.1126523
-0.1120217
-0.1141569
-0.1120737
-0.1086780
-0.1135389
-0.1289190
-0.1431180
-0.1421069
-0.1267762
-0.1137556
-0.1172372
-0.1329839
-0.1430722
-0.1353934
-0.1161357
-0.1027083
-0.1058410
-0.1200848
-0.1319838
-0.1355439
-0.1368641
-0.1435428
-0.1532419
-0.1557899
-0.1453689
-0.1276723
-0.1145453
-0.1128790
-0.1189177
-0.1227344
-0.1184194
-0.1100330
-0.1065600
-0.1106008
-0.1136844
-0.1043852
-0.0806310
-0.0529597
-0.0358107
-0.0358229
-0.0476027
-0.0597384
-0.0648228
-0.0639732
-0.0622901
-0.0616390
-0.0593661
-0.0531377
-0.0448162
-0.0393004
-0.0409031
-0.0506942
-0.0658189
-0.0814838
-0.0950381
-0.1074379
-0.1181881
-0.1191312
-0.0978724
-0.0517668
0.0022289
0.0375375
0.0448420
0.0521006
0.1134983
0.2686505
0.5037358
0.7494592
0.9190398
0.9542903
0.8462289
0.6256896
0.3427718
0.0506336
-0.2055830
-0.3979952
-0.5206253
-0.5844924
-0.6048912
-0.5903879
-0.5425457
-0.4652985
-0.3727805
-0.2861441
-0.2223431
-0.1859014
-0.1693940
-0.1592691
-0.1425068
-0.1129693
-0.0753950
-0.0427557
-0.0268573
-0.0292847
-0.0403973
-0.0471821
-0.0436612
-0.0353524
-0.0332342
-0.0417431
-0.0525272
-0.0514395
-0.0324793
-0.0044357
0.0165185
0.0208508
0.0130396
0.0058892
0.0077351
0.0154182
0.0201189
0.0188391
0.0175956
0.0230091
0.0340096
0.0444048
0.0516691
0.0594445
0.0711063
0.0843767
0.0951630
0.1058022
0.1257499
0.1609143
0.2028542
0.2327238
0.2393036
0.2317414
0.2306038
0.2457695
0.2664679
0.2749064
0.2671475
0.2574301
0.2623873
0.2837858
0.3080428
0.3211166
0.3212646
0.3164088
0.3116170
0.3032560
0.2863737
0.2640841
0.2457706
0.2366002
0.2320069
0.2233679
0.2070701
0.1866798
0.1672963
0.1495073
0.1297001
0.1061501
0.0837122
0.0708973
0.0716085
0.0804937
0.0872002
0.0851521
0.0763831
0.0686751
0.0680284
0.0728068
0.0749108
0.0677758
0.0537116
0.0424283
0.0418943
0.0515286
0.0644774
0.0747710
0.0808477
0.0832943
0.0820178
0.0776529
0.0753337
0.0840665
0.1085206
0.1403338
0.1609049
0.1572122
0.1355046
0.1163309
0.1138459
0.1210712
0.1179315
0.0947244
0.0661685
0.0591755
0.0845174
0.1224091
0.1418985
0.1392581
0.1559885
0.2520530
0.4527330
0.7145696
0.9403129
1.0317721
0.9416154
0.6912171
0.3505810
0.0013975
-0.2925283
-0.4974781
-0.6080768
-0.6377381
-0.6061319
-0.5303396
-0.4256294
-0.3124288
-0.2174406
-0.1624948
-0.1502711
-0.1625058
-0.1748968
-0.1758244
-0.1714915
-0.1733469
-0.1818992
-0.1849929
-0.1724011
-0.1493764
-0.1326066
-0.1327827
-0.1436974
-0.1498343
-0.1433106
-0.1314225
-0.1271892
-0.1338444
-0.1407287
-0.1356310
-0.1197980
-0.1076202
-0.1100762
-0.1205029
-0.1193198
-0.0927048
-0.0449037
0.0077931
0.0528443
0.0895044
0.1224543
0.1512395
0.1695141
0.1746358
0.1738762
0.1772839
0.1855880
0.1899399
0.1855328
0.1817531
0.1941404
0.2260420
0.2618266
0.2810306
0.2785471
0.2683180
0.2661984
0.2716069
0.2695234
0.2505774
0.2247663
0.2114306
0.2169537
0.2267779
0.2211334
0.1960520
0.1661433
0.1473863
0.1402595
0.1317397
0.1126458
0.0895047
0.0769067
0.0796458
0.0863835
0.0825935
0.0669503
0.0514156
0.0455557
0.0445059
0.0349471
0.0117144
-0.0148145
-0.0296174
-0.0297356
-0.0269239
-0.0328256
-0.0448360
-0.0503778
-0.0439228
-0.0344090
-0.0331963
-0.0384414
-0.0367707
-0.0207270
0.0003028
0.0104842
0.0073678
0.0062431
0.0217504
0.0479321
0.0621815
0.0507750
0.0261589
0.0140305
0.0240613
0.0384393
0.0319851
0.0009297
-0.0322638
-0.0433095
-0.0325310
-0.0241934
-0.0395514
-0.0734115
-0.1001202
-0.1019413
-0.0876982
-0.0811947
-0.0936850
-0.1121228
-0.1157695
-0.1012450
-0.0871089
-0.0925795
-0.1144359
-0.1289047
-0.1176225
-0.0888696
-0.0695951
-0.0767130
-0.0997428
-0.1133314
-0.1041021
-0.0818129
-0.0648631
-0.0592117
-0.0547872
-0.0413328
-0.0232110
-0.0152847
-0.0254918
-0.0456829
-0.0614181
-0.0676534
-0.0708779
-0.0767574
-0.0808682
-0.0748753
-0.0595287
-0.0466764
-0.0463890
-0.0546154
-0.0575125
-0.0487738
-0.0390532
-0.0441604
-0.0645168
-0.0812738
-0.0761754
-0.0531468
-0.0358897
-0.0432771
-0.0700699
-0.0938057
-0.0984817
-0.0877850
-0.0748472
-0.0636955
-0.0461132
-0.0169292
0.0131810
0.0252405
0.0115486
-0.0164934
-0.0411058
-0.0550054
-0.0630463
-0.0701540
-0.0732870
-0.0671304
-0.0539584
-0.0431561
-0.0405534
-0.0420400
-0.0407115
-0.0382496
-0.0440966
-0.0615857
-0.0791496
-0.0806577
-0.0646935
-0.0491059
-0.0531548
-0.0763361
-0.0978980
-0.0980636
-0.0777659
-0.0557015
-0.0470692
-0.0484244
-0.0448851
-0.0293564
-0.0102942
-0.0002111
-0.0010940
-0.0048562
-0.0060083
-0.0083909
-0.0174138
-0.0296184
-0.0351089
-0.0306898
-0.0258010
-0.0312508
-0.0438748
-0.0484841
-0.0379512
-0.0269624
-0.0391600
-0.0797033
-0.1257654
-0.1481029
-0.1398574
-0.1199179
-0.1085373
-0.1051415
-0.0937266
-0.0667248
-0.0363549
-0.0194917
-0.0161718
-0.0099302
0.0102147
0.0346642
0.0446798
0.0352353
0.0193867
0.0092084
-0.0001802
-0.0210511
-0.0503914
-0.0662966
-0.0524873
-0.0214076
-0.0025262
-0.0030933
0.0135756
0.1012511
0.2781330
0.5019046
0.6965504
0.8006821
0.7914697
0.6740901
0.4646912
0.1904553
-0.1027400
-0.3586814
-0.5365418
-0.6288849
-0.6528823
-0.6268636
-0.5599833
-0.4628374
-0.3584284
-0.2738362
-0.2209098
-0.1905250
-0.1678075
-0.1491795
-0.1413780
-0.1468576
-0.1562870
-0.1575252
-0.1486810
-0.1389825
-0.1379717
-0.1473881
-0.1636494
-0.1832613
-0.2016425
-0.2094346
-0.1972477
-0.1671881
-0.1353237
-0.1172948
-0.1121167
-0.1049606
-0.0870209
-0.0677496
-0.0630712
-0.0738311
-0.0823475
-0.0727220
-0.0499162
-0.0332426
-0.0323011
-0.0361429
-0.0292499
-0.0126195
-0.0016823
-0.0041066
-0.0078197
0.0040455
0.0307470
0.0537566
0.0593457
0.0547946
0.0576357
0.0724835
0.0859674
0.0865371
0.0831836
0.0977872
0.1394362
0.1925316
0.2334794
0.2552374
0.2703959
0.2915785
0.3155020
0.3297656
0.3312583
0.3314608
0.3422908
0.3609397
0.3721655
0.3638646
0.3366215
0.2984614
0.2558484
0.2136847
0.1802087
0.1637055
0.1614063
0.1570193
0.1357315
0.1013513
0.0730946
0.0628703
0.0598018
0.0425818
0.0068765
-0.0251079
-0.0263456
0.0056356
0.0452641
0.0648768
0.0598992
0.0461310
0.0366646
0.0284860
0.0130144
-0.0065105
-0.0148938
-0.0024674
0.0220563
0.0394340
0.0390877
0.0275560
0.0183649
0.0175639
0.0218296
0.0279255
0.0382169
0.0547238
0.0716460
0.0788389
0.0731845
0.0630372
0.0592358
0.0634547
0.0681136
0.0673786
0.0650716
0.0698122
0.0841536
0.1015693
0.1142124
0.1204338
0.1227259
0.1209751
0.1122101
0.0975542
0.0852848
0.0834323
0.0903644
0.0959677
0.0927163
0.0828623
0.0730791
0.0646935
0.0535594
0.0399986
0.0338978
0.0448150
0.0675953
0.0831937
0.0772412
0.0554630
0.0366326
0.0307581
0.0289864
0.0174287
-0.0029434
-0.0158672
-0.0096512
0.0077229
0.0175105
0.0121178
0.0027021
0.0035447
0.0137252
0.0192530
0.0116837
-0.0017409
-0.0091029
-0.0102999
-0.0167858
-0.0352987
-0.0574823
-0.0690359
-0.0662743
-0.0588217
-0.0557658
-0.0539675
-0.0436863
-0.0235469
-0.0046791
0.0016504
-0.0031601
-0.0081885
-0.0072548
-0.0051781
-0.0082414
-0.0125810
-0.0071505
0.0115947
0.0324207
0.0400390
0.0315687
0.0185655
0.0122395
0.0107813
0.0048984
-0.0063473
-0.0114074
-0.0007014
0.0187375
0.0285598
0.0191723
-0.0002723
-0.0145334
-0.0211169
-0.0307554
-0.0490229
-0.0639837
-0.0581195
-0.0313832
-0.0060499
-0.0049393
-0.0274099
-0.0510611
-0.0565535
-0.0462142
-0.0364820
-0.0363606
-0.0386664
-0.0322280
-0.0172238
-0.0045545
-0.0020755
-0.0062401
-0.0087276
-0.0078867
-0.0099997
-0.0198584
-0.0336203
-0.0425543
-0.0418301
-0.0335540
-0.0223667
-0.0105724
0.0033391
0.0264057
0.0750933
0.1739678
0.3403181
0.5600526
0.7761059
0.9073574
0.8914434
0.7212318
0.4467198
0.1418133
-0.1366305
-0.3671630
-0.5517557
-0.6914846
-0.7745896
-0.7862238
-0.7276806
-0.6244880
-0.5140521
-0.4233751
-0.3568430
-0.3039558
-0.2571860
-0.2208534
-0.2026096
-0.1986119
-0.1909025
-0.1624325
-0.1151322
-0.0712972
-0.0548540
-0.0700982
-0.0987554
-0.1178766
-0.1203316
-0.1179410
-0.1256788
-0.1443365
-0.1594112
-0.1564256
-0.1361119
-0.1138849
-0.1048168
-0.1098591
-0.1166549
-0.1127051
-0.0968248
-0.0781903
-0.0656393
-0.0588704
-0.0497618
-0.0313036
-0.0047501
0.0216835
0.0407331
0.0527846
0.0650681
0.0841374
0.1086836
0.1296883
0.1383260
0.1344684
0.1274269
0.1276974
0.1374963
0.1494527
0.1547249
0.1521702
0.1491730
0.1534569
0.1645209
0.1736107
0.1723351
0.1613164
0.1503161
0.1496926
0.1612599
0.1768268
0.1852742
0.1814294
0.1690629
0.1562054
0.1477442
0.1419666
0.1334751
0.1190538
0.1008753
0.0844215
0.0735006
