-0.6499291
-0.7261291
-0.5954942
-0.4679782
-0.4092044
-0.3334294
-0.2221009
-0.1526546
-0.1411996
-0.1235858
-0.0860605
-0.0791455
-0.1045276
-0.1057009
-0.0725366
-0.0550055
-0.0710697
-0.0862210
-0.0838848
-0.0822076
-0.0846946
-0.0786535
-0.0745448
-0.0890013
-0.1008843
-0.0779730
-0.0332739
-0.0053288
0.0017157
0.0126573
0.0330703
0.0495670
0.0621973
0.0787784
0.0928238
0.0988290
0.1111998
0.1404162
0.1713214
0.1899211
0.2084346
0.2400035
0.2725709
0.2909214
0.3021050
0.3187410
0.3387527
0.3582964
0.3826365
0.4100784
0.4273372
0.4324181
0.4397322
0.4534995
0.4592373
0.4494183
0.4346542
0.4229238
0.4097336
0.3934605
0.3788151
0.3618619
0.3323181
0.2924899
0.2547223
0.2209364
0.1838449
0.1459549
0.1180849
0.1016809
0.0897827
0.0806127
0.0738098
0.0605767
0.0351083
0.0086772
-0.0043397
-0.0071362
-0.0119628
-0.0193643
-0.0209783
-0.0154314
-0.0082385
-0.0029949
-0.0024827
-0.0095891
-0.0194803
-0.0222983
-0.0204644
-0.0293927
-0.0531443
-0.0738700
-0.0746045
-0.0599005
-0.0459433
-0.0420440
-0.0482545
-0.0596320
-0.0674936
-0.0668273
-0.0648669
-0.0711389
-0.0788909
-0.0701781
-0.0408226
-0.0072612
0.0130179
0.0167520
0.0113419
0.0074823
0.0140338
0.0292971
0.0393595
0.0347171
0.0241391
0.0216782
0.0256557
0.0226652
0.0080294
-0.0094276
-0.0200189
-0.0216587
-0.0196396
-0.0247396
-0.0451578
-0.0734763
-0.0893170
-0.0824966
-0.0662423
-0.0606601
-0.0707449
-0.0869668
-0.0993975
-0.1045690
-0.1050749
-0.1073377
-0.1137584
-0.1154442
-0.1012431
-0.0751495
-0.0545027
-0.0490979
-0.0526313
-0.0566462
-0.0613199
-0.0685452
-0.0742933
-0.0729165
-0.0631502
-0.0477167
-0.0313574
-0.0181044
-0.0059610
0.0119098
0.0358816
0.0580747
0.0823785
0.1394313
0.2658617
0.4648307
0.6914454
0.8741936
0.9479901
0.8794486
0.6796817
0.3984759
0.0992405
-0.1677082
-0.3764510
-0.5235640
-0.6197686
-0.6747955
-0.6848229
-0.6410551
-0.5532789
-0.4547899
-0.3769886
-0.3252744
-0.2848118
-0.2433963
-0.2032555
-0.1751873
-0.1655786
-0.1672541
-0.1639452
-0.1485910
-0.1345724
-0.1404422
-0.1646086
-0.1847485
-0.1835756
-0.1670483
-0.1550486
-0.1598828
-0.1747547
-0.1790663
-0.1567539
-0.1145634
-0.0796947
-0.0734633
-0.0894002
-0.1021700
-0.0944621
-0.0697931
-0.0433755
-0.0271200
-0.0202779
-0.0087100
0.0236014
0.0768622
0.1319353
0.1687043
0.1851041
0.1952283
0.2131013
0.2414178
0.2715992
0.2918774
0.2995512
0.3068924
0.3294088
0.3665135
0.3998928
0.4132716
0.4082470
0.3987779
0.3955107
0.3971114
0.3920926
0.3686233
0.3277799
0.2869822
0.2642886
0.2587412
0.2514197
0.2259383
0.1833056
0.1377260
0.1030766
0.0827223
0.0678191
0.0463594
0.0172444
-0.0070506
-0.0153379
-0.0116302
-0.0098718
-0.0185650
-0.0354270
-0.0535255
-0.0671916
-0.0744354
-0.0783219
-0.0842281
-0.0928179
-0.0984169
-0.0965890
-0.0898509
-0.0838642
-0.0817464
-0.0836039
-0.0872418
-0.0881448
-0.0838799
-0.0796655
-0.0835453
-0.0938993
-0.0976287
-0.0842385
-0.0581723
-0.0349046
-0.0270225
-0.0339486
-0.0422012
-0.0369484
-0.0175312
-0.0004487
-0.0025058
-0.0220792
-0.0412165
-0.0445326
-0.0317664
-0.0143758
-0.0055203
-0.0117329
-0.0283696
-0.0431047
-0.0479599
-0.0476725
-0.0535258
-0.0701141
-0.0901408
-0.1002134
-0.0907799
-0.0646270
-0.0379348
-0.0283525
-0.0383782
-0.0535413
-0.0592004
-0.0552731
-0.0522475
-0.0572483
-0.0672831
-0.0729233
-0.0662405
-0.0483107
-0.0308545
-0.0273847
-0.0408274
-0.0616793
-0.0781898
-0.0857940
-0.0879381
-0.0917504
-0.1019132
-0.1144985
-0.1182195
-0.1069676
-0.0902309
-0.0853259
-0.0987019
-0.1193788
-0.1314269
-0.1293824
-0.1211248
-0.1184822
-0.1252169
-0.1328607
-0.1295666
-0.1138091
-0.0963904
-0.0877984
-0.0880055
-0.0910285
-0.0942981
-0.0991751
-0.1062753
-0.1153738
-0.1275350
-0.1427560
-0.1565901
-0.1624793
-0.1573690
-0.1440558
-0.1290304
-0.1177850
-0.1101700
-0.1012685
-0.0897666
-0.0833737
-0.0903529
-0.1061406
-0.1149264
-0.1066638
-0.0880676
-0.0747922
-0.0759827
-0.0876149
-0.0978208
-0.0976323
-0.0889768
-0.0829629
-0.0889326
-0.1054462
-0.1224828
-0.1300441
-0.1235978
-0.1058903
-0.0875592
-0.0820760
-0.0939205
-0.1125346
-0.1224849
-0.1195344
-0.1136613
-0.1164569
-0.1275774
-0.1334114
-0.1191058
-0.0843381
-0.0475139
-0.0305563
-0.0378402
-0.0531915
-0.0585376
-0.0510899
-0.0401254
-0.0318477
-0.0225401
-0.0056434
0.0183948
0.0425250
0.0665489
0.1112045
0.2125074
0.3912391
0.6221078
0.8342937
0.9460502
0.9058195
0.7139699
0.4193604
0.0963410
-0.1880280
-0.3997517
-0.5405777
-0.6288959
-0.6775112
-0.6856337
-0.6479218
-0.5701698
-0.4756184
-0.3929704
-0.3365855
-0.3004850
-0.2718472
-0.2455406
-0.2235537
-0.2066626
-0.1931767
-0.1835508
-0.1802063
-0.1823789
-0.1848666
-0.1830577
-0.1776866
-0.1737000
-0.1740856
-0.1749188
-0.1686467
-0.1541204
-0.1404808
-0.1366275
-0.1385136
-0.1328129
-0.1135614
-0.0893205
-0.0716650
-0.0611297
-0.0477271
-0.0229136
0.0115416
0.0455400
0.0701057
0.0852199
0.0984612
0.1161649
0.1376690
0.1586168
0.1766435
0.1917673
0.2044738
0.2166144
0.2314599
0.2490935
0.2638470
0.2704144
0.2713620
0.2745757
0.2831551
0.2908077
0.2883752
0.2743139
0.2585514
0.2549018
0.2673943
0.2842906
0.2885015
0.2743121
0.2510461
0.2303785
0.2142708
0.1967219
0.1732721
0.1458574
0.1203523
0.1014756
0.0889779
0.0776997
0.0620965
0.0407440
0.0158411
-0.0100165
-0.0345413
-0.0552795
-0.0719730
-0.0884095
-0.1080621
-0.1277032
-0.1386175
-0.1352968
-0.1215191
-0.1075621
-0.1017990
-0.1036073
-0.1035859
-0.0928578
-0.0737319
-0.0588002
-0.0571898
-0.0636455
-0.0636682
-0.0480778
-0.0206563
0.0067467
0.0242639
0.0304234
0.0310807
0.0323811
0.0345706
0.0332343
0.0255573
0.0131243
-0.0006977
-0.0130090
-0.0213868
-0.0256658
-0.0305201
-0.0423157
-0.0612904
-0.0795806
-0.0893794
-0.0917005
-0.0951509
-0.1060482
-0.1202545
-0.1254012
-0.1128180
-0.0878555
-0.0661415
-0.0580970
-0.0595265
-0.0593648
-0.0534320
-0.0469003
-0.0457443
-0.0506203
-0.0582298
-0.0636748
-0.0607987
-0.0451204
-0.0200237
0.0017046
0.0067718
-0.0057316
-0.0218135
-0.0268205
-0.0228595
-0.0263526
-0.0434738
-0.0538965
-0.0305928
0.0234234
0.0722402
0.0932241
0.1215033
0.2321757
0.4656361
0.7682178
1.0113145
1.0768740
0.9344325
0.6466877
0.3110118
-0.0014387
-0.2617868
-0.4633741
-0.6028202
-0.6784021
-0.6940104
-0.6585507
-0.5851744
-0.4933229
-0.4064188
-0.3413440
-0.2988694
-0.2664249
-0.2321864
-0.1973395
-0.1741861
-0.1714360
-0.1824328
-0.1903922
-0.1851667
-0.1716402
-0.1607571
-0.1560749
-0.1518241
-0.1415887
-0.1254496
-0.1091893
-0.0985401
-0.0939438
-0.0901359
-0.0818163
-0.0702444
-0.0626300
-0.0638387
-0.0695632
-0.0684981
-0.0513051
-0.0186429
0.0181479
0.0457072
0.0610588
0.0754921
0.1035105
0.1473105
0.1940328
0.2286693
0.2481814
0.2630179
0.2862886
0.3211152
0.3569728
0.3788178
0.3815347
0.3753632
0.3759774
0.3895378
0.4081000
0.4184862
0.4145746
0.4021872
0.3932247
0.3938326
0.3971849
0.3892270
0.3626851
0.3241055
0.2861678
0.2548571
0.2256836
0.1910981
0.1499544
0.1102075
0.0828523
0.0720208
0.0703424
0.0650944
0.0494946
0.0273828
0.0074296
-0.0055394
-0.0136845
-0.0225308
-0.0343376
-0.0438640
-0.0417967
-0.0249737
-0.0029028
0.0089185
0.0033947
-0.0118726
-0.0232643
-0.0250866
-0.0245944
-0.0337616
-0.0558480
-0.0798576
-0.0895429
-0.0790227
-0.0587620
-0.0455256
-0.0475695
-0.0598212
-0.0708276
-0.0725309
-0.0654601
-0.0573465
-0.0561470
-0.0621759
-0.0668385
-0.0602858
-0.0407377
-0.0164696
0.0007979
0.0050982
0.0007455
-0.0019680
0.0027949
0.0099867
0.0093799
-0.0019367
-0.0147381
-0.0165455
-0.0046314
0.0101635
0.0121781
-0.0055092
-0.0344118
-0.0576769
-0.0653530
-0.0625634
-0.0615190
-0.0668245
-0.0714973
-0.0674948
-0.0570604
-0.0513244
-0.0578800
-0.0710913
-0.0763006
-0.0648290
-0.0438289
-0.0287000
-0.0257813
-0.0262391
-0.0187516
-0.0040075
0.0081856
0.0144614
0.0241738
0.0471250
0.0789934
0.1062486
0.1297876
0.1802756
0.2995765
0.4965945
0.7189564
0.8737694
0.8840840
0.7331182
0.4637664
0.1447854
-0.1626207
-0.4185546
-0.6031045
-0.7117488
-0.7518978
-0.7382808
-0.6863569
-0.6081093
-0.5142777
-0.4190832
-0.3385113
-0.2813541
-0.2440709
-0.2174478
-0.1972240
-0.1853231
-0.1816794
-0.1792927
-0.1697254
-0.1520963
-0.1346460
-0.1267993
-0.1298011
-0.1356550
-0.1358615
-0.1306115
-0.1278099
-0.1329963
-0.1421241
-0.1450668
-0.1348875
-0.1132577
-0.0885401
-0.0691169
-0.0562783
-0.0421140
-0.0163609
0.0221727
0.0616299
0.0872839
0.0974176
0.1084237
0.1414227
0.2006922
0.2649668
0.3037498
0.3060042
0.2920508
0.2939173
0.3235561
0.3628603
0.3852631
0.3841002
0.3776594
0.3878929
0.4169231
0.4454354
0.4530006
0.4378865
0.4157896
0.4008190
0.3910720
0.3736456
0.3407866
0.2987625
0.2624638
0.2435392
0.2424938
0.2492151
0.2504727
0.2388192
0.2160957
0.1892974
0.1636001
0.1390418
0.1127305
0.0836017
0.0551407
0.0328703
0.0182520
0.0059617
-0.0107412
-0.0320222
-0.0511477
-0.0629286
-0.0704044
-0.0811856
-0.0975577
-0.1116575
-0.1114646
-0.0922524
-0.0621723
-0.0355151
-0.0198696
-0.0110152
-0.0010718
0.0106609
0.0179446
0.0181609
0.0191869
0.0331728
0.0631566
0.0965454
0.1132775
0.1027565
0.0742070
0.0493994
0.0432771
0.0509683
0.0537836
0.0376940
0.0062618
-0.0232800
-0.0361749
-0.0334529
-0.0299131
-0.0383835
-0.0561702
-0.0684997
-0.0653480
-0.0525072
-0.0444485
-0.0477017
-0.0536971
-0.0486651
-0.0295884
-0.0090037
-0.0029860
-0.0144577
-0.0298682
-0.0333312
-0.0226528
-0.0096469
-0.0057926
-0.0106097
-0.0149569
-0.0133839
-0.0107060
-0.0159399
-0.0308921
-0.0466018
-0.0526654
-0.0495522
-0.0488362
-0.0594278
-0.0755231
-0.0815322
-0.0695172
-0.0494310
-0.0400194
-0.0494857
-0.0663681
-0.0709175
-0.0557730
-0.0338389
-0.0240964
-0.0307096
-0.0390073
-0.0325032
-0.0108927
0.0107420
0.0185176
0.0125904
0.0037765
0.0002791
-0.0001669
-0.0053601
-0.0179735
-0.0318072
-0.0387678
-0.0377109
-0.0349764
-0.0371949
-0.0451592
-0.0542002
-0.0589596
-0.0581684
-0.0565405
-0.0618523
-0.0777944
-0.0983427
-0.1105215
-0.1050770
-0.0857996
-0.0681123
-0.0667710
-0.0828400
-0.1023359
-0.1092917
-0.1012876
-0.0911737
-0.0924617
-0.1040595
-0.1111971
-0.1015893
-0.0795328
-0.0631636
-0.0673926
-0.0892767
-0.1104394
-0.1143679
-0.1010325
-0.0840908
-0.0750779
-0.0726841
-0.0675537
-0.0546364
-0.0385334
-0.0277577
-0.0262084
-0.0310030
-0.0372510
-0.0431339
-0.0497032
-0.0569516
-0.0621895
-0.0629313
-0.0598900
-0.0560154
-0.0537746
-0.0546483
-0.0597521
-0.0682978
-0.0757555
-0.0767296
-0.0714406
-0.0674678
-0.0719460
-0.0812769
-0.0810918
-0.0598930
-0.0234876
0.0075144
0.0184977
0.0183173
0.0307754
0.0659121
0.1044360
0.1188363
0.1132200
0.1370836
0.2497762
0.4628193
0.7139389
0.9002047
0.9430645
0.8300207
0.6039401
0.3219403
0.0269514
-0.2510244
-0.4833802
-0.6448418
-0.7272274
-0.7450428
-0.7228637
-0.6766822
-0.6082756
-0.5166857
-0.4121936
-0.3163284
-0.2476412
-0.2085059
-0.1861272
-0.1653986
-0.1406592
-0.1171216
-0.1031750
-0.1012764
-0.1050772
-0.1054123
-0.0999591
-0.0966794
-0.1061955
-0.1298313
-0.1555904
-0.1670428
-0.1574946
-0.1365456
-0.1227561
-0.1285035
-0.1502363
-0.1723310
-0.1800800
-0.1697990
-0.1486621
-0.1268130
-0.1090725
-0.0917902
-0.0667267
-0.0296053
0.0137534
0.0508372
0.0739572
0.0885986
0.1086413
0.1418648
0.1806727
0.2090217
0.2195531
0.2224862
0.2351774
0.2627111
0.2913113
0.3025016
0.2919969
0.2724717
0.2592034
0.2566281
0.2595077
0.2632356
0.2689007
0.2785413
0.2892019
0.2944517
0.2909574
0.2809826
0.2678242
0.2512813
0.2299249
0.2064581
0.1871604
0.1747124
0.1639546
0.1471790
0.1230449
0.0982688
0.0800510
0.0679801
0.0542512
0.0317649
0.0017407
-0.0266313
-0.0439870
-0.0485020
-0.0466907
-0.0474713
-0.0552581
-0.0672633
-0.0761093
-0.0755581
-0.0655144
-0.0525092
-0.0449247
-0.0468531
-0.0557326
-0.0650484
-0.0690044
-0.0655388
-0.0562903
-0.0441863
-0.0306519
-0.0148789
0.0040858
0.0247116
0.0430697
0.0562127
0.0657662
0.0776089
0.0964390
0.1193069
0.1351751
0.1333067
0.1138065
0.0893332
0.0748954
0.0752455
0.0822010
0.0838574
0.0758538
0.0639438
0.0567305
0.0569117
0.0596619
0.0586179
0.0524105
0.0454768
0.0438404
0.0508534
0.0656869
0.0836509
0.0973688
0.0994773
0.0866907
0.0625722
0.0361441
0.0165295
0.0073909
0.0057593
0.0064558
0.0077458
0.0118700
0.0194968
0.0249742
0.0196077
0.0009911
-0.0220033
-0.0358333
-0.0353211
-0.0297140
-0.0342779
-0.0549478
-0.0817623
-0.0981517
-0.0962094
-0.0820230
-0.0671035
-0.0573292
-0.0513435
-0.0471058
-0.0461213
-0.0503183
-0.0574575
-0.0624298
-0.0628221
-0.0607041
-0.0579414
-0.0523195
-0.0417113
-0.0316044
-0.0335902
-0.0523473
-0.0758619
-0.0840705
-0.0698313
-0.0482858
-0.0411494
-0.0518128
-0.0601823
-0.0450650
-0.0097466
0.0188604
0.0179368
-0.0068525
-0.0271417
-0.0211905
0.0049149
0.0250796
0.0192164
-0.0096814
-0.0411626
-0.0559460
-0.0494171
-0.0314331
-0.0166738
-0.0144795
-0.0244547
-0.0393164
-0.0520242
-0.0613398
-0.0710730
-0.0840467
-0.0974328
-0.1049023
-0.1032774
-0.0959590
-0.0893506
-0.0869942
-0.0881671
-0.0910742
-0.0951090
-0.0994516
-0.1014303
-0.0981857
-0.0895602
-0.0777319
-0.0637962
-0.0463521
-0.0246719
-0.0021846
0.0154194
0.0261748
0.0341799
0.0441646
0.0543159
0.0566551
0.0452556
0.0225450
-0.0036109
-0.0274308
-0.0475084
-0.0625163
-0.0688804
-0.0657716
-0.0604868
-0.0639822
-0.0788123
-0.0942430
-0.0972066
-0.0879956
-0.0813165
-0.0896082
-0.1076920
-0.1173644
-0.1067894
-0.0821143
-0.0593350
-0.0483060
-0.0470948
-0.0482606
-0.0445321
-0.0285039
0.0051328
0.0505107
0.0882576
0.1045123
0.1187255
0.1847399
0.3485755
0.5951583
0.8385745
0.9732694
0.9431262
0.7681876
0.5132776
0.2379431
-0.0255883
-0.2599211
-0.4451197
-0.5608990
-0.6020784
-0.5851833
-0.5374230
