0.1228512
0.1332240
0.1335867
0.1394889
0.1557440
0.1757415
0.1910155
0.2007267
0.2124958
0.2341323
0.2635041
0.2864082
0.2871523
0.2649226
0.2397814
0.2374266
0.2623765
0.2863806
0.2699779
0.2020018
0.1171848
0.0677027
0.0715443
0.0903730
0.0645648
-0.0262369
-0.1392579
-0.2081210
-0.2056910
-0.1649992
-0.1388224
-0.1450883
-0.1579407
-0.1495755
-0.1298949
-0.1365806
-0.1888913
-0.2613857
-0.3088898
-0.3130730
-0.2972524
-0.2955775
-0.3154357
-0.3352530
-0.3344611
-0.3166097
-0.3013488
-0.3016666
-0.3161109
-0.3395038
-0.3700837
-0.4010098
-0.4124610
-0.3839788
-0.3179372
-0.2442555
-0.1958876
-0.1815849
-0.1872621
-0.2009497
-0.2258861
-0.2637781
-0.2941078
-0.2856465
-0.2345745
-0.1820672
-0.1809455
-0.2416540
-0.3181001
-0.3522246
-0.3295237
-0.2860631
-0.2645358
-0.2729322
-0.2887103
-0.2928758
-0.2875464
-0.2814335
-0.2727802
-0.2572141
-0.2457775
-0.2591921
-0.2983132
-0.3311775
-0.3235388
-0.2832320
-0.2625141
-0.3068354
-0.4032664
-0.4868272
-0.4996043
-0.4407466
-0.3603114
-0.3131068
-0.3230916
-0.3820982
-0.4641667
-0.5335930
-0.5528557
-0.5046718
-0.4147146
-0.3419440
-0.3313777
-0.3721243
-0.4077700
-0.3924638
-0.3349314
-0.2860611
-0.2880810
-0.3406819
-0.4117233
-0.4679506
-0.4890133
-0.4623625
-0.3841222
-0.2746175
-0.1843608
-0.1678901
-0.2415831
-0.3672420
-0.4799714
-0.5331423
-0.5195605
-0.4593875
-0.3798154
-0.3086146
-0.2748397
-0.2981944
-0.3693116
-0.4456352
-0.4777980
-0.4479305
-0.3843092
-0.3374841
-0.3392175
-0.3795214
-0.4179390
-0.4155972
-0.3615461
-0.2764201
-0.1953983
-0.1457198
-0.1346995
-0.1536311
-0.1894251
-0.2310531
-0.2670021
-0.2830261
-0.2696928
-0.2339632
-0.1972563
-0.1731770
-0.1435054
-0.0609129
0.1156377
0.3808698
0.6746203
0.9125006
1.0291100
1.0019168
0.8482679
0.6103930
0.3414767
0.0918276
-0.1072936
-0.2523899
-0.3567517
-0.4268166
-0.4517977
-0.4215414
-0.3530691
-0.2900594
-0.2675500
-0.2776785
-0.2773477
-0.2336485
-0.1585759
-0.0953768
-0.0738814
-0.0857710
-0.1032100
-0.1118284
-0.1173239
-0.1249074
-0.1263384
-0.1133982
-0.0945298
-0.0848319
-0.0800728
-0.0552417
0.0004803
0.0546699
0.0549363
-0.0110520
-0.0882296
-0.1006906
-0.0281776
0.0723583
0.1274215
0.1243584
0.1199758
0.1717469
0.2684862
0.3358884
0.3100802
0.2034715
0.1015960
0.1000909
0.2382589
0.4732302
0.7001643
0.8035760
0.7221966
0.4991393
0.2757145
0.2088373
0.3564339
0.6238575
0.8291132
0.8405424
0.6692518
0.4403105
0.2824689
0.2443860
0.2991005
0.3998840
0.5129318
0.6057020
0.6343647
0.5676046
0.4236514
0.2686764
0.1673770
0.1352656
0.1414521
0.1521759
0.1622174
0.1835079
0.2148632
0.2352456
0.2276603
0.2008429
0.1804002
0.1799861
0.1864152
0.1746754
0.1349563
0.0835341
0.0494076
0.0520578
0.0889666
0.1383627
0.1714678
0.1672287
0.1243328
0.0643725
0.0209210
0.0179595
0.0523484
0.0957210
0.1163855
0.1035713
0.0730428
0.0498778
0.0457600
0.0528015
0.0581969
0.0618352
0.0762573
0.1088581
0.1476737
0.1693893
0.1627347
0.1408989
0.1271092
0.1281454
0.1263221
0.1013897
0.0596608
0.0368873
0.0673931
0.1475980
0.2299525
0.2558562
0.2011238
0.0971194
0.0110310
0.0000120
0.0718795
0.1793919
0.2517695
0.2417168
0.1555904
0.0465542
-0.0226953
-0.0201579
0.0391535
0.1083578
0.1417753
0.1237010
0.0759480
0.0403841
0.0476293
0.0934024
0.1411772
0.1509560
0.1115656
0.0491515
0.0050589
0.0036863
0.0380682
0.0816941
0.1109214
0.1176011
0.1066445
0.0879192
0.0713430
0.0646439
0.0699638
0.0811809
0.0876511
0.0842397
0.0785587
0.0863376
0.1167277
0.1602525
0.1917439
0.1885727
0.1507896
0.1058226
0.0906335
0.1227704
0.1842876
0.2358333
0.2535131
0.2581468
0.3083691
0.4581316
0.7106786
1.0054043
1.2471705
1.3552838
1.2994261
1.1054369
0.8354389
0.5572461
0.3174881
0.1294191
-0.0191554
-0.1436792
-0.2440704
-0.3057253
-0.3181422
-0.2903917
-0.2457275
-0.2013368
-0.1570038
-0.1062822
-0.0562121
-0.0295326
-0.0428836
-0.0840484
-0.1157759
-0.1062588
-0.0572752
-0.0027789
0.0194055
-0.0045036
-0.0589676
-0.1143635
-0.1453854
-0.1408549
-0.1054763
-0.0568418
-0.0169999
0.0002783
-0.0022869
-0.0105846
-0.0134384
-0.0110018
-0.0087196
-0.0061179
0.0042172
0.0262610
0.0534139
0.0752747
0.0901164
0.1065539
0.1318105
0.1617851
0.1859103
0.2004530
0.2131212
0.2335515
0.2623656
0.2922162
0.3178189
0.3410699
0.3656945
0.3906162
0.4119484
0.4302108
0.4513197
0.4783453
0.5041609
0.5149743
0.5015913
0.4663737
0.4198380
0.3726174
0.3311858
0.2983255
0.2737003
0.2529118
0.2284996
0.1948767
0.1533159
0.1116655
0.0787714
0.0586470
0.0485859
0.0413377
0.0294578
0.0100042
-0.0130152
-0.0314080
-0.0399970
-0.0418247
-0.0453084
-0.0557968
-0.0708985
-0.0845303
-0.0936619
-0.0987924
-0.0985775
-0.0877591
-0.0630562
-0.0299821
-0.0012361
0.0121373
0.0070066
-0.0130354
-0.0409577
-0.0663753
-0.0764401
-0.0637401
-0.0362740
-0.0159147
-0.0215825
-0.0523491
-0.0887525
-0.1110744
-0.1145148
-0.1066659
-0.0948262
-0.0807278
-0.0667121
-0.0605082
-0.0687781
-0.0871988
-0.1016938
-0.1015770
-0.0895903
-0.0773381
-0.0725915
-0.0737560
-0.0760060
-0.0786332
-0.0835463
-0.0885235
-0.0864515
-0.0733025
-0.0548689
-0.0425572
-0.0418731
-0.0467879
-0.0468337
-0.0389953
-0.0308646
-0.0316746
-0.0417714
-0.0525685
-0.0565047
-0.0548215
-0.0540055
-0.0559022
-0.0545816
-0.0446937
-0.0310539
-0.0263539
-0.0379074
-0.0586984
-0.0743643
-0.0791418
-0.0824006
-0.0977352
-0.1269332
-0.1570554
-0.1732485
-0.1719735
-0.1605938
-0.1468082
-0.1324654
-0.1178197
-0.1072015
-0.1060655
-0.1130982
-0.1196384
-0.1192957
-0.1156978
-0.1170716
-0.1235213
-0.1239752
-0.1087130
-0.0830699
-0.0647446
-0.0663762
-0.0829390
-0.0976246
-0.0981277
-0.0850450
-0.0664204
-0.0490123
-0.0363829
-0.0307064
-0.0305681
-0.0273226
-0.0099776
0.0216141
0.0508340
0.0578606
0.0426074
0.0331648
0.0698128
0.1798614
0.3639784
0.5967081
0.8304016
1.0010874
1.0479666
0.9468887
0.7310316
0.4702024
0.2198345
-0.0100809
-0.2314778
-0.4281414
-0.5443396
-0.5367934
-0.4358347
-0.3387393
-0.3274316
-0.3908823
-0.4365509
-0.3839472
-0.2455755
-0.1137745
-0.0712098
-0.1186258
-0.1871845
-0.2110158
-0.1812267
-0.1361218
-0.1140490
-0.1236717
-0.1520428
-0.1858299
-0.2169955
-0.2342647
-0.2212581
-0.1696234
-0.0929692
-0.0245686
0.0014011
-0.0287752
-0.0975981
-0.1620190
-0.1754755
-0.1181896
-0.0159356
0.0733154
0.1020287
0.0704668
0.0217725
-0.0025902
-0.0010525
-0.0025578
-0.0215850
-0.0318195
0.0079952
0.1046538
0.2160538
0.2903014
0.3139318
0.3149089
0.3213457
0.3293882
0.3189685
0.2934116
0.2874377
0.3281034
0.3950541
0.4321294
0.4027502
0.3281879
0.2654041
0.2490613
0.2608992
0.2562148
0.2137311
0.1543960
0.1144994
0.1077722
0.1158444
0.1101586
0.0778909
0.0290658
-0.0141308
-0.0324872
-0.0209477
0.0068517
0.0246573
0.0115496
-0.0298461
-0.0741804
-0.0975366
-0.1023788
-0.1147942
-0.1537989
-0.2057816
-0.2348310
-0.2204035
-0.1813835
-0.1587548
-0.1743625
-0.2095554
-0.2254615
-0.2018469
-0.1537452
-0.1116215
-0.0898548
-0.0773236
-0.0564702
-0.0262337
-0.0029220
0.0000355
-0.0112450
-0.0176813
-0.0095952
0.0012714
-0.0046685
-0.0297547
-0.0517401
-0.0457690
-0.0139283
0.0111815
-0.0032998
-0.0559260
-0.1088541
-0.1219333
-0.0885021
-0.0375203
-0.0036210
0.0007865
-0.0150332
-0.0398549
-0.0706443
-0.1028510
-0.1203115
-0.1054655
-0.0614362
-0.0168629
-0.0016943
-0.0182131
-0.0408051
-0.0460878
-0.0389578
-0.0440492
-0.0727438
-0.1052143
-0.1098031
-0.0784096
-0.0377164
-0.0234824
-0.0460502
-0.0829190
-0.1026182
-0.0918629
-0.0602995
-0.0258677
-0.0020454
0.0024702
-0.0187732
-0.0645269
-0.1185921
-0.1556795
-0.1604900
-0.1403426
-0.1152575
-0.0956083
-0.0740153
-0.0417636
-0.0086956
0.0011673
-0.0230656
-0.0608594
-0.0759256
-0.0518569
-0.0087562
0.0180677
0.0137844
-0.0047285
-0.0119169
-0.0024351
0.0060119
-0.0043262
-0.0304999
-0.0519428
-0.0506924
-0.0266266
0.0039985
0.0206400
0.0103607
-0.0251588
-0.0689505
-0.0972670
-0.0958144
-0.0716367
-0.0470108
-0.0382955
-0.0412088
-0.0394865
-0.0271852
-0.0173040
-0.0248888
-0.0447413
-0.0525828
-0.0311085
0.0086702
0.0364743
0.0328524
0.0070413
-0.0154026
-0.0186183
-0.0072263
0.0054104
0.0130099
0.0184850
0.0255500
0.0343278
0.0449504
0.0600812
0.0817039
0.1106885
0.1559222
0.2417794
0.3951178
0.6137424
0.8465204
1.0132484
1.0546117
0.9688671
0.8022863
0.6061018
0.4039888
0.1975433
-0.0061747
-0.1816717
-0.3010361
-0.3578491
-0.3706032
-0.3631162
-0.3452406
-0.3136671
-0.2674674
-0.2174768
-0.1789284
-0.1576383
-0.1463351
-0.1343342
-0.1186335
-0.1048910
-0.0996466
-0.1038820
-0.1137093
-0.1245321
-0.1327806
-0.1351329
-0.1292561
-0.1166826
-0.1033530
-0.0951617
-0.0928775
-0.0929040
-0.0931963
-0.0962018
-0.1038479
-0.1106480
-0.1053680
-0.0819469
-0.0476364
-0.0174999
0.0000941
0.0109019
0.0265096
0.0499632
0.0722303
0.0836060
0.0865025
0.0944805
0.1184385
0.1554502
0.1922430
0.2187300
0.2366008
0.2545408
0.2765441
0.2965305
0.3049609
0.3003028
0.2930934
0.2974904
0.3175624
0.3415777
0.3510245
0.3370945
0.3089224
0.2844983
0.2721464
0.2611299
0.2319580
0.1769070
0.1098870
0.0551396
0.0261236
0.0158489
0.0071218
-0.0098913
-0.0314803
-0.0498205
-0.0647813
-0.0839741
-0.1119717
-0.1422508
-0.1616573
-0.1627168
-0.1507561
-0.1389066
-0.1366029
-0.1427059
-0.1486462
-0.1473255
-0.1392600
-0.1310606
-0.1284542
-0.1306275
-0.1313043
-0.1256070
-0.1157415
-0.1090965
-0.1101428
-0.1149117
-0.1149242
-0.1069761
-0.0977142
-0.0970489
-0.1072671
-0.1202366
-0.1260513
-0.1231250
-0.1181635
-0.1166758
-0.1158551
-0.1082941
-0.0916799
-0.0727813
-0.0613153
-0.0608806
-0.0663815
-0.0692892
-0.0645219
-0.0532997
-0.0415269
-0.0359770
-0.0400262
-0.0507803
-0.0604220
-0.0623917
-0.0574598
-0.0528395
-0.0541555
-0.0589497
-0.0598542
-0.0543934
-0.0496359
-0.0552483
-0.0724276
-0.0917658
-0.1029905
-0.1055617
-0.1080064
-0.1168685
-0.1279486
-0.1297982
-0.1159467
-0.0932297
-0.0778195
-0.0825256
-0.1065292
-0.1360342
-0.1550595
-0.1575554
-0.1509040
-0.1477001
-0.1529622
-0.1589287
-0.1532394
-0.1329227
-0.1095187
-0.0988471
-0.1052536
-0.1170541
-0.1186024
-0.1063798
-0.0917414
-0.0873881
-0.0925484
-0.0933127
-0.0779224
-0.0505971
-0.0291609
-0.0287566
-0.0477467
-0.0689300
-0.0740991
-0.0584153
-0.0329022
-0.0147025
-0.0144167
-0.0304555
-0.0531611
-0.0733869
-0.0876508
-0.0963701
-0.0988032
-0.0914743
-0.0726837
-0.0481593
-0.0302225
-0.0289202
-0.0426950
-0.0582869
-0.0613965
-0.0489954
-0.0319755
-0.0256113
-0.0365878
-0.0582471
-0.0776468
-0.0869331
-0.0880965
-0.0875208
-0.0872591
-0.0828432
-0.0697322
-0.0506471
-0.0349763
-0.0305020
-0.0366220
-0.0465858
-0.0557745
-0.0661336
-0.0818656
-0.1022819
-0.1209545
-0.1321027
-0.1360236
-0.1368504
-0.1358365
-0.1289355
-0.1118193
-0.0861388
-0.0594820
-0.0392699
-0.0276685
-0.0224794
-0.0214890
-0.0244893
-0.0313457
-0.0398085
-0.0465200
-0.0500468
-0.0521711
-0.0559719
-0.0628733
-0.0714988
-0.0789285
-0.0828530
-0.0828699
-0.0801743
-0.0761649
-0.0714269
-0.0663197
-0.0625963
-0.0637294
-0.0725339
-0.0880657
-0.1055929
-0.1204104
-0.1312894
-0.1391199
-0.1424363
-0.1365909
-0.1194995
-0.0974511
-0.0818985
-0.0780433
-0.0775456
-0.0654449
-0.0357303
0.0010628
0.0271142
0.0338408
0.0283510
0.0243347
0.0287385
0.0378887
0.0439124
0.0417066
0.0301255
0.0105555
-0.0126575
-0.0322960
-0.0431937
-0.0484670
-0.0578357
-0.0766075
-0.0971612
-0.1047502
-0.0930673
-0.0719164
-0.0574106
-0.0558807
-0.0603355
-0.0626666
-0.0651500
-0.0760114
-0.0944306
-0.1044213
-0.0870192
-0.0387226
0.0230649
0.0727260
0.0950525
0.0955090
0.0986329
0.1391098
0.2487845
0.4405902
0.6948107
0.9584213
1.1633002
1.2546602
1.2117488
1.0496345
0.8067070
0.5304039
0.2673600
0.0547719
-0.0896068
-0.1728654
-0.2192949
-0.2516897
-0.2762198
-0.2843113
-0.2686657
-0.2360428
-0.2033381
-0.1822403
-0.1703667
-0.1586591
-0.1453618
-0.1391103
-0.1469192
-0.1615008
-0.1640823
-0.1413889
-0.0990257
-0.0569786
-0.0320168
-0.0247968
-0.0229923
-0.0148640
0.0007466
0.0153748
0.0190414
0.0079438
-0.0123212
-0.0286926
-0.0275134
-0.0037894
0.0337486
0.0678105
0.0855590
0.0883792
0.0891515
0.0998981
0.1221475
0.1484863
0.1713295
0.1885202
0.2014769
0.2111660
0.2180078
0.2243965
0.2341956
0.2483791
0.2626403
0.2713784
0.2743986
0.2785743
0.2920873
0.3170835
0.3478805
0.3754714
0.3931168
0.3985486
0.3930679
0.3800087
0.3631935
0.3445764
0.3221310
0.2910015
0.2487727
0.2008906
0.1604698
0.1406945
0.1444540
0.1592285
0.1626335
0.1365988
0.0806300
0.0134214
-0.0397618
-0.0644220
-0.0645505
-0.0548859
-0.0464155
-0.0396988
-0.0311992
-0.0231563
-0.0241153
-0.0391327
-0.0618857
-0.0793739
-0.0850165
-0.0854457
-0.0928788
-0.1110616
-0.1299092
-0.1344359
-0.1184941
-0.0895847
-0.0611309
-0.0413195
-0.0295377
-0.0218945
-0.0177954
-0.0200907
-0.0297635
-0.0420754
-0.0486294
-0.0431428
-0.0255515
-0.0016386
0.0204093
0.0337046
0.0352955
0.0276527
0.0181890
0.0154021
0.0226368
0.0342869
0.0391113
0.0292180
0.0069570
-0.0169712
-0.0326296
-0.0386154
-0.0414609
-0.0479795
-0.0585222
-0.0676202
-0.0706829
-0.0694100
-0.0703838
-0.0785532
-0.0921008
-0.1031176
-0.1029348
-0.0877506
-0.0610830
-0.0322089
-0.0117510
-0.0064678
-0.0155024
-0.0301639
-0.0383708
-0.0323306
-0.0145990
0.0029553
0.0077313
-0.0041627
-0.0257685
-0.0457576
-0.0566017
-0.0568159
-0.0471922
-0.0280940
-0.0030337
0.0158774
0.0109543
-0.0266984
-0.0838628
-0.1298818
-0.1404753
-0.1200897
-0.0995396
-0.1083123
-0.1467113
-0.1850060
-0.1915345
-0.1632605
-0.1287644
-0.1199313
-0.1397689
-0.1582345
-0.1404364
-0.0801600
-0.0076681
0.0342578
0.0242064
-0.0223655
-0.0673631
-0.0806095
-0.0605305
-0.0287677
-0.0071153
-0.0004829
0.0000972
