0.0567057
0.0567093
0.0489380
0.0419744
0.0419200
0.0477556
0.0542797
0.0580278
0.0596016
0.0612015
0.0635295
0.0655987
0.0665482
0.0665943
0.0665134
0.0673399
0.0708028
0.0786426
0.0898381
0.0986704
0.0977409
0.0850364
0.0679256
0.0582312
0.0617954
0.0729549
0.0799789
0.0760116
0.0645115
0.0546185
0.0523925
0.0567861
0.0626895
0.0660740
0.0660207
0.0636074
0.0607392
0.0599023
0.0631296
0.0699068
0.0767771
0.0803311
0.0806935
0.0811880
0.0842704
0.0884623
0.0899177
0.0869785
0.0829230
0.0840325
0.0946201
0.1135738
0.1358893
0.1582289
0.1832410
0.2174859
0.2634701
0.3131574
0.3510939
0.3666426
0.3634516
0.3534926
0.3380406
0.2949823
0.1896704
0.0031877
-0.2481677
-0.5213001
-0.7742303
-0.9873792
-1.1622648
-1.3058064
-1.4193600
-1.5005347
-1.5494664
-1.5691562
-1.5608935
-1.5231250
-1.4557339
-1.3624389
-1.2466633
-1.1071338
-0.9417638
-0.7572777
-0.5726296
-0.4101093
-0.2821602
-0.1867891
-0.1146947
-0.0590773
-0.0182101
0.0091989
0.0276772
0.0426046
0.0558966
0.0664191
0.0744799
0.0834978
0.0960145
0.1095551
0.1183480
0.1191546
0.1143689
0.1092807
0.1071825
0.1076081
0.1086795
0.1099621
0.1123471
0.1157292
0.1181590
0.1178426
0.1151549
0.1120332
0.1102188
0.1110290
0.1158668
0.1249225
0.1350130
0.1404765
0.1379046
0.1301273
0.1246854
0.1275177
0.1375935
0.1476876
0.1508058
0.1461673
0.1391014
0.1357862
0.1388568
0.1474490
0.1594142
0.1724304
0.1843286
0.1942288
0.2034857
0.2144370
0.2277516
0.2414193
0.2527678
0.2614713
0.2700818
0.2807776
0.2914569
0.2964226
0.2924949
0.2840600
0.2801507
0.2855662
0.2955315
0.2997085
0.2912943
0.2724741
0.2520583
0.2383105
0.2332666
0.2326954
0.2305391
0.2230811
0.2098621
0.1926908
0.1748940
0.1603061
0.1510880
0.1461760
0.1425378
0.1379963
0.1325066
0.1270649
0.1219769
0.1161604
0.1081508
0.0983780
0.0904063
0.0885156
0.0929034
0.0978683
0.0961032
0.0854440
0.0714333
0.0630500
0.0651297
0.0739995
0.0806242
0.0788947
0.0709333
0.0638303
0.0618962
0.0634916
0.0650326
0.0658168
0.0676674
0.0709924
0.0729355
0.0700585
0.0626596
0.0558094
0.0551182
0.0610626
0.0683239
0.0713712
0.0698244
0.0674466
0.0669244
0.0673434
0.0666558
0.0651015
0.0654451
0.0700490
0.0777747
0.0839074
0.0838820
0.0775189
0.0691812
0.0637324
0.0630245
0.0659488
0.0700663
0.0724865
0.0709574
0.0659035
0.0609386
0.0600402
0.0640150
0.0701767
0.0754490
0.0796282
0.0857506
0.0973783
0.1158236
0.1406449
0.1722002
0.2109594
0.2526306
0.2866140
0.3033849
0.3030771
0.2919314
0.2671520
0.2077531
0.0857627
-0.1095968
-0.3577012
-0.6171134
-0.8519671
-1.0498008
-1.2160320
-1.3552531
-1.4619695
-1.5288586
-1.5582151
-1.5605627
-1.5430121
-1.5022910
-1.4294599
-1.3193684
-1.1753315
-1.0070656
-0.8264090
-0.6453418
-0.4763854
-0.3317021
-0.2188910
-0.1371363
-0.0787144
-0.0348015
0.0002704
0.0287719
0.0507101
0.0648062
0.0706990
0.0715246
0.0731579
0.0797786
0.0905016
0.1005662
0.1054037
0.1039955
0.0994393
0.0963339
0.0968169
0.0991737
0.1006680
0.1009122
0.1015722
0.1036278
0.1062458
0.1080075
0.1083776
0.1084536
0.1107831
0.1172768
0.1262491
0.1325811
0.1322059
0.1260720
0.1191160
0.1162487
0.1198186
0.1292378
0.1412377
0.1510476
0.1551552
0.1540157
0.1525295
0.1576925
0.1739277
0.1984221
0.2213998
0.2336674
0.2351632
0.2350480
0.2429285
0.2607284
0.2825145
0.3002485
0.3095662
0.3121747
0.3139285
0.3197012
0.3291976
0.3376682
0.3403558
0.3360288
0.3271949
0.3177189
0.3093373
0.2997486
0.2854460
0.2674279
0.2522441
0.2452439
0.2437568
0.2391389
0.2254351
0.2046900
0.1841521
0.1696004
0.1612260
0.1548629
0.1467046
0.1365771
0.1264951
0.1173188
0.1086611
0.1013483
0.0972190
0.0960855
0.0954210
0.0938925
0.0928190
0.0928629
0.0914929
0.0859241
0.0778292
0.0732658
0.0770635
0.0870362
0.0941572
0.0901732
0.0763150
0.0632263
0.0605510
0.0674093
0.0746488
0.0751917
0.0699567
0.0645877
0.0632185
0.0657223
0.0689967
0.0701271
0.0690181
0.0679949
0.0686148
0.0697306
0.0692015
0.0664608
0.0629321
0.0611611
0.0636395
0.0702392
0.0760037
0.0741797
0.0637207
0.0524560
0.0505613
0.0606738
0.0748847
0.0811689
0.0733866
0.0567182
0.0434928
0.0421469
0.0499419
0.0573734
0.0587189
0.0561593
0.0544810
0.0551563
0.0564809
0.0569843
0.0571009
0.0583462
0.0613982
0.0645572
0.0646985
0.0608356
0.0561193
0.0550773
0.0592528
0.0661242
0.0712471
0.0711025
0.0660774
0.0619603
0.0660776
0.0796237
0.0954184
0.1054869
0.1096130
0.1145358
0.1264372
0.1470269
0.1760189
0.2134509
0.2570145
0.2979790
0.3233583
0.3262949
0.3146764
0.3034697
0.2918373
0.2492785
0.1331082
-0.0741262
-0.3448154
-0.6247251
-0.8701679
-1.0686559
-1.2298435
-1.3632856
-1.4669468
-1.5341224
-1.5657564
-1.5708747
-1.5544249
-1.5091383
-1.4229344
-1.2927153
-1.1283885
-0.9455986
-0.7583775
-0.5779459
-0.4141379
-0.2755630
-0.1683047
-0.0934205
-0.0446808
-0.0105531
0.0187976
0.0457782
0.0666645
0.0776355
0.0795790
0.0788946
0.0839364
0.0981786
0.1157227
0.1256429
0.1222226
0.1098902
0.0982126
0.0942495
0.0995538
0.1108435
0.1216580
0.1257805
0.1216159
0.1132571
0.1071050
0.1077591
0.1156134
0.1260881
0.1319945
0.1295467
0.1224292
0.1182339
0.1210842
0.1290049
0.1372094
0.1418344
0.1416815
0.1389339
0.1376490
0.1395040
0.1416884
0.1407377
0.1375332
0.1368257
0.1426190
0.1550439
0.1702833
0.1825728
0.1884794
0.1909999
0.1977185
0.2131493
0.2340240
0.2529502
0.2650566
0.2705524
0.2732099
0.2775053
0.2851823
0.2934352
0.2978938
0.2976103
0.2952371
0.2925014
0.2880845
0.2801439
0.2684966
0.2542983
0.2400510
0.2296498
0.2252380
0.2233170
0.2165000
0.2003935
0.1781009
0.1582654
0.1489971
0.1514088
0.1570465
0.1537222
0.1368365
0.1141348
0.0974732
0.0914159
0.0916336
0.0919572
0.0898049
0.0860749
0.0829073
0.0815464
0.0809316
0.0789043
0.0753112
0.0724208
0.0718226
0.0728423
0.0742329
0.0748987
0.0727769
0.0663434
0.0581313
0.0534443
0.0540759
0.0559421
0.0542828
0.0489895
0.0437633
0.0419394
0.0438315
0.0467021
0.0474439
0.0466660
0.0488718
0.0562674
0.0638295
0.0637364
0.0541427
0.0410176
0.0322632
0.0324509
0.0415457
0.0548574
0.0644313
0.0638743
0.0532244
0.0388568
0.0293835
0.0310366
0.0432460
0.0567641
0.0595452
0.0479420
0.0308406
0.0208567
0.0228820
0.0319997
0.0396372
0.0400123
0.0334297
0.0258219
0.0236742
0.0280113
0.0343783
0.0383945
0.0389716
0.0366720
0.0325364
0.0289441
0.0281943
0.0293685
0.0293030
0.0271104
0.0252773
0.0262450
0.0301353
0.0352192
0.0382177
0.0354073
0.0267328
0.0182047
0.0171582
0.0252375
0.0377019
0.0480564
0.0513698
0.0457256
0.0342551
0.0247529
0.0240749
0.0326944
0.0453208
0.0549331
0.0557609
0.0463706
0.0326880
0.0251953
0.0298715
0.0427502
0.0543128
0.0572777
0.0500744
0.0366791
0.0247774
0.0207716
0.0243489
0.0297229
0.0327136
0.0341080
0.0361079
0.0389468
0.0416890
0.0434272
0.0432842
0.0418160
0.0421183
0.0466374
0.0532352
0.0571171
0.0559863
0.0510265
0.0447343
0.0410638
0.0456280
0.0613870
0.0849468
0.1106762
0.1375666
0.1686371
0.2042615
0.2391423
0.2658366
0.2796616
0.2802745
0.2675024
0.2323668
0.1530280
0.0070003
-0.2069457
-0.4605675
-0.7124197
-0.9318741
-1.1093472
-1.2505355
-1.3653230
-1.4587030
-1.5271078
-1.5624610
-1.5600117
-1.5214992
-1.4522519
-1.3580880
-1.2435168
-1.1088762
-0.9506332
-0.7701852
-0.5829718
-0.4138883
-0.2813903
-0.1874980
-0.1220369
-0.0731839
-0.0348465
-0.0078366
0.0055759
0.0096374
0.0153926
0.0301463
0.0490259
0.0606960
0.0599816
0.0522210
0.0474762
0.0531860
0.0695657
0.0885584
0.0993079
0.0979058
0.0906385
0.0863881
0.0883999
0.0944526
0.1011033
0.1055556
0.1067060
0.1064946
0.1076546
0.1094205
0.1089517
0.1073236
0.1094649
0.1168497
0.1244972
0.1268578
0.1234477
0.1179229
0.1147594
0.1169796
0.1238660
0.1310449
0.1356311
0.1399212
0.1466378
0.1528565
0.1537230
0.1510690
0.1532508
0.1661367
0.1872785
0.2082738
0.2207827
0.2226787
0.2212447
0.2277130
0.2454766
0.2661023
0.2794168
0.2840402
0.2850664
0.2854398
0.2839398
0.2792256
0.2723067
0.2662623
0.2645294
0.2666334
0.2653741
0.2530932
0.2323370
0.2155480
0.2117204
0.2167277
0.2182431
0.2070821
0.1836860
0.1577653
0.1418565
0.1406710
0.1459632
0.1452410
0.1349073
0.1211653
0.1099542
0.1016156
0.0947835
0.0898824
0.0880171
0.0898016
0.0946840
0.0986942
0.0952941
0.0825892
0.0679371
0.0616161
0.0671332
0.0795879
0.0902699
0.0908652
0.0784668
0.0608676
0.0527369
0.0615185
0.0793075
0.0916364
0.0913980
0.0820786
0.0716372
0.0664303
0.0678039
0.0717869
0.0740971
0.0755975
0.0792427
0.0825078
0.0788139
0.0673362
0.0559032
0.0527105
0.0591159
0.0702580
0.0779893
0.0743401
0.0586323
0.0417474
0.0376831
0.0495189
0.0670628
0.0776684
0.0760277
0.0655466
0.0548341
0.0513656
0.0544755
0.0560716
0.0509610
0.0430778
0.0384039
0.0365562
0.0341182
0.0319382
0.0335586
0.0392867
0.0462877
0.0519689
0.0541584
0.0514319
0.0463121
0.0446107
0.0489079
0.0557562
0.0604353
0.0605778
0.0553461
0.0470514
0.0438279
0.0531228
0.0702026
0.0797026
0.0718520
0.0529321
0.0381497
0.0379589
0.0511463
0.0664976
0.0714064
0.0633762
0.0524684
0.0489164
0.0513719
0.0524314
0.0517298
0.0557799
0.0664042
0.0764304
0.0771050
0.0659448
0.0490903
0.0389714
0.0454567
0.0645225
0.0792959
0.0769737
0.0615543
0.0466042
0.0401665
0.0406593
0.0426195
0.0417240
0.0375270
0.0342731
0.0357143
0.0385308
0.0366138
0.0324165
0.0361765
0.0511764
0.0669820
0.0710728
0.0621120
0.0494006
0.0437473
0.0496427
0.0614395
0.0671033
0.0605664
0.0493221
0.0447229
0.0473978
0.0490270
0.0459230
0.0426604
0.0432082
0.0459044
0.0471894
0.0449816
0.0394681
0.0346959
0.0364874
0.0445960
0.0510335
0.0506495
0.0483257
0.0505795
0.0554889
0.0568595
0.0535561
0.0488743
0.0447114
0.0413090
0.0392579
0.0384383
0.0386678
0.0424532
0.0512751
0.0587406
0.0557852
0.0447763
0.0398369
0.0495953
0.0666924
0.0775026
0.0761612
0.0670125
0.0591186
0.0596888
0.0678201
0.0749215
0.0758485
0.0764357
0.0834459
0.0915937
0.0903698
0.0812892
0.0778353
0.0879346
0.1045507
0.1144186
0.1109966
0.1000025
0.0961404
0.1113532
0.1428857
0.1773377
0.2083167
0.2414491
0.2780073
0.3051347
0.3116043
0.3043600
0.2971865
0.2856503
0.2419994
0.1355586
-0.0428963
-0.2719428
-0.5119515
-0.7314332
-0.9230703
-1.0917141
-1.2331079
-1.3360811
-1.4024243
-1.4480506
-1.4801056
-1.4853858
-1.4473479
-1.3659143
-1.2556698
-1.1308333
-0.9953298
-0.8440574
-0.6745362
-0.5007058
-0.3502755
-0.2415546
-0.1675146
-0.1096468
-0.0608753
-0.0254243
-0.0029353
0.0144541
0.0314357
0.0458347
0.0544438
0.0564612
0.0543701
0.0557350
0.0680139
0.0868027
0.0968876
0.0908047
0.0789026
0.0755612
0.0832093
0.0949355
0.1044569
0.1082702
0.1058975
0.1025917
0.1046603
0.1098226
0.1104974
0.1074485
0.1096231
0.1187560
0.1250498
0.1208725
0.1095363
0.0989756
0.0949901
0.1000557
0.1098402
0.1127727
0.1028389
0.0905173
0.0911578
0.1053889
0.1208121
0.1293898
0.1331199
0.1365298
0.1434712
0.1572618
0.1750808
0.1872103
0.1899948
0.1932820
0.2069092
0.2267777
0.2422256
0.2499629
0.2536434
0.2575013
0.2664027
0.2830004
0.2991919
0.3007536
0.2864647
0.2723954
0.2717121
0.2802453
0.2861886
0.2832434
0.2705990
0.2512694
0.2339300
0.2258027
0.2216589
0.2100927
0.1904218
0.1720219
0.1585879
0.1459332
0.1335919
0.1250701
0.1181342
0.1078957
0.0975535
0.0936492
0.0933617
0.0882428
0.0771069
0.0648407
0.0538215
0.0463219
0.0476993
0.0565320
0.0602224
0.0515642
0.0409910
0.0418184
0.0524633
0.0628799
0.0684676
0.0686315
0.0627196
0.0561463
0.0591646
0.0716470
0.0805484
0.0786885
0.0735969
0.0728647
0.0745870
0.0766756
0.0810001
0.0843322
0.0798832
0.0708276
0.0676952
0.0708521
0.0704494
0.0636603
0.0565526
0.0504606
0.0427957
0.0388041
0.0453212
0.0553300
0.0553387
0.0452520
0.0360466
0.0328081
0.0343425
0.0419703
0.0535917
0.0575988
0.0478130
0.0355268
0.0332253
0.0374699
0.0407615
0.0465375
0.0581245
0.0667837
0.0652035
0.0599849
0.0588298
0.0593205
0.0601138
0.0670149
0.0787709
0.0839772
0.0800920
0.0778733
0.0814312
0.0838407
0.0869995
0.1035920
0.1342345
0.1647631
0.1904824
0.2211578
0.2588078
0.2921147
0.3147332
0.3290098
0.3325475
0.3197887
0.2902089
0.2335084
0.1172970
-0.0825755
-0.3445294
-0.6168964
-0.8630453
-1.0714182
-1.2370683
-1.3609193
-1.4562274
-1.5309118
-1.5731770
-1.5726089
-1.5389959
-1.4819944
-1.3924147
-1.2631171
-1.1073503
-0.9385492
-0.7557187
-0.5661118
-0.3964348
-0.2639297
-0.1611842
-0.0822468
-0.0342762
-0.0112738
0.0111006
0.0412533
0.0630183
0.0701647
0.0766783
0.0865915
0.0888001
0.0862939
0.0943872
0.1082302
0.1092143
0.1019367
0.1061843
0.1173194
0.1151344
0.1042518
0.1042116
0.1103545
0.1067418
0.1031723
0.1158910
0.1295119
0.1223595
0.1087669
0.1125394
0.1233071
0.1220477
0.1198562
0.1287225
0.1292778
0.1105341
0.1014208
0.1202759
0.1382052
0.1338915
0.1332802
0.1540337
0.1683254
0.1613955
0.1640319
0.1881163
0.1991100
0.1885489
0.1970169
0.2319033
0.2477141
0.2379630
0.2511791
0.2891841
0.2969042
0.2768493
0.2927341
0.3380543
0.3371051
0.2955871
0.2967800
0.3322770
0.3129947
0.2620330
0.2879193
0.3484452
0.2934070
0.1786590
0.2273256
0.3805560
0.2336264
-0.3823261
