0.0870938
0.0904017
0.0884817
0.0872049
0.0915423
0.1017572
0.1135934
0.1225833
0.1281803
0.1339389
0.1441895
0.1602924
0.1789007
0.1932970
0.1978952
0.1935768
0.1886763
0.1924194
0.2056471
0.2190210
0.2224334
0.2160964
0.2102082
0.2129442
0.2211097
0.2250170
0.2213409
0.2175188
0.2223023
0.2350479
0.2475003
0.2549037
0.2612342
0.2721570
0.2863649
0.2977129
0.3049902
0.3151359
0.3345521
0.3596763
0.3794723
0.3870101
0.3858491
0.3844557
0.3873906
0.3944676
0.4063761
0.4259782
0.4516581
0.4723206
0.4738840
0.4528684
0.4221152
0.4008901
0.3985454
0.4077753
0.4129684
0.4039942
0.3823309
0.3562481
0.3323485
0.3117234
0.2922048
0.2724873
0.2539048
0.2390293
0.2289458
0.2216598
0.2131453
0.2005249
0.1848027
0.1703995
0.1614439
0.1580981
0.1564235
0.1517526
0.1420668
0.1284974
0.1137478
0.1010435
0.0939394
0.0948477
0.1019922
0.1085902
0.1076577
0.0992443
0.0918279
0.0941477
0.1047887
0.1114757
0.1028871
0.0815617
0.0635898
0.0640696
0.0827957
0.1047870
0.1145667
0.1091748
0.0978173
0.0911196
0.0924380
0.0984245
0.1047388
0.1091955
0.1106721
0.1079883
0.1013750
0.0939732
0.0900710
0.0913167
0.0951904
0.0973811
0.0953011
0.0895845
0.0835496
0.0821999
0.0908886
0.1129297
0.1471666
0.1876525
0.2255833
0.2515343
0.2576037
0.2413178
0.2101652
0.1796179
0.1592755
0.1352951
0.0686564
-0.0803143
-0.3173840
-0.6020965
-0.8728681
-1.0881246
-1.2456121
-1.3653664
-1.4595048
-1.5217928
-1.5429467
-1.5278599
-1.4927705
-1.4477358
-1.3870218
-1.2978573
-1.1751050
-1.0251178
-0.8586267
-0.6855231
-0.5174678
-0.3699338
-0.2553618
-0.1734476
-0.1118829
-0.0592538
-0.0159484
0.0097376
0.0155061
0.0122727
0.0161585
0.0342696
0.0593492
0.0776685
0.0810626
0.0721498
0.0603489
0.0541525
0.0559454
0.0622622
0.0687431
0.0756717
0.0882094
0.1093147
0.1321284
0.1423830
0.1320332
0.1106935
0.1000339
0.1136080
0.1424746
0.1631680
0.1609101
0.1437566
0.1329721
0.1408558
0.1600010
0.1738066
0.1745968
0.1697595
0.1721427
0.1876979
0.2126182
0.2389680
0.2601108
0.2720367
0.2738537
0.2697906
0.2692496
0.2811450
0.3059160
0.3336743
0.3519303
0.3560014
0.3518399
0.3490521
0.3520753
0.3582362
0.3627980
0.3639143
0.3623600
0.3581143
0.3491548
0.3341117
0.3151546
0.2970355
0.2827918
0.2707038
0.2560100
0.2358221
0.2122678
0.1907765
0.1753702
0.1655480
0.1574165
0.1475406
0.1357043
0.1242601
0.1152614
0.1085228
0.1022268
0.0947088
0.0853253
0.0743757
0.0634015
0.0555304
0.0537234
0.0568353
0.0577064
0.0476790
0.0254464
0.0014512
-0.0088204
0.0017231
0.0245501
0.0426541
0.0455435
0.0369038
0.0277057
0.0235062
0.0203367
0.0126370
0.0025077
-0.0012949
0.0064848
0.0203209
0.0283249
0.0240599
0.0132523
0.0083410
0.0164487
0.0326509
0.0444915
0.0427454
0.0285476
0.0115604
0.0019718
0.0034063
0.0118621
0.0203214
0.0243426
0.0239574
0.0211712
0.0165079
0.0085338
-0.0031534
-0.0149921
-0.0206797
-0.0166531
-0.0067175
-0.0000573
-0.0030314
-0.0125739
-0.0187989
-0.0151079
-0.0053595
0.0000206
-0.0047218
-0.0142267
-0.0176807
-0.0106082
0.0001743
0.0039250
-0.0026295
-0.0125139
-0.0169152
-0.0147782
-0.0129816
-0.0177640
-0.0275134
-0.0344872
-0.0328203
-0.0241013
-0.0153102
-0.0119389
-0.0132655
-0.0138538
-0.0091883
0.0000592
0.0088140
0.0124180
0.0110403
0.0095541
0.0126347
0.0195412
0.0241820
0.0212912
0.0127561
0.0070813
0.0120634
0.0284301
0.0511459
0.0760259
0.1030171
0.1319971
0.1571379
0.1689335
0.1637239
0.1492481
0.1363801
0.1225288
0.0842637
-0.0100343
-0.1766208
-0.4024434
-0.6519510
-0.8867882
-1.0819075
-1.2293841
-1.3334141
-1.4037322
-1.4502403
-1.4782295
-1.4855448
-1.4649935
-1.4115057
-1.3276263
-1.2215448
-1.1000349
-0.9647270
-0.8161665
-0.6607433
-0.5120907
-0.3846386
-0.2852678
-0.2107136
-0.1526624
-0.1054430
-0.0691856
-0.0459135
-0.0331321
-0.0223751
-0.0054212
0.0175025
0.0366990
0.0420953
0.0344558
0.0266276
0.0317760
0.0498930
0.0673599
0.0710426
0.0620771
0.0543534
0.0597332
0.0765325
0.0930455
0.1003933
0.0997582
0.0977223
0.0978398
0.0991406
0.1014265
0.1080716
0.1213812
0.1368970
0.1455360
0.1424054
0.1320561
0.1240702
0.1245862
0.1332631
0.1471678
0.1647098
0.1846230
0.2031004
0.2149084
0.2183398
0.2178121
0.2202255
0.2289892
0.2425220
0.2580306
0.2745935
0.2913931
0.3047078
0.3097200
0.3063444
0.3015283
0.3036133
0.3139869
0.3253084
0.3287900
0.3230850
0.3154234
0.3138213
0.3185947
0.3219707
0.3158784
0.2996371
0.2800402
0.2645647
0.2548308
0.2461475
0.2327647
0.2136547
0.1937363
0.1795778
0.1733932
0.1707311
0.1641092
0.1495743
0.1304472
0.1147527
0.1082552
0.1092138
0.1099766
0.1042937
0.0932852
0.0840298
0.0824335
0.0879675
0.0952334
0.0995843
0.1003788
0.0993140
0.0971139
0.0928369
0.0859686
0.0778627
0.0703814
0.0638267
0.0575071
0.0524330
0.0518899
0.0578517
0.0671030
0.0724491
0.0688057
0.0580459
0.0475649
0.0441694
0.0493509
0.0597305
0.0707080
0.0787804
0.0811303
0.0754278
0.0621952
0.0470872
0.0384280
0.0405247
0.0495691
0.0573887
0.0595864
0.0591375
0.0613424
0.0660202
0.0665477
0.0579876
0.0455726
0.0426657
0.0579538
0.0844381
0.1029268
0.0984184
0.0739066
0.0479954
0.0385661
0.0480716
0.0636771
0.0705989
0.0648258
0.0536442
0.0457918
0.0430487
0.0414643
0.0385933
0.0371123
0.0408714
0.0487695
0.0540517
0.0503525
0.0384993
0.0269927
0.0250123
0.0342060
0.0471763
0.0543219
0.0524424
0.0467684
0.0447433
0.0481249
0.0515469
0.0490293
0.0415113
0.0369890
0.0425928
0.0570696
0.0719929
0.0800819
0.0809982
0.0786880
0.0749099
0.0677246
0.0567012
0.0475174
0.0487083
0.0626185
0.0804670
0.0883572
0.0795401
0.0608106
0.0464027
0.0454989
0.0554599
0.0661741
0.0698285
0.0665180
0.0617195
0.0597213
0.0600136
0.0595962
0.0576014
0.0563941
0.0579292
0.0603068
0.0594890
0.0546593
0.0506081
0.0532851
0.0625530
0.0703737
0.0678649
0.0549710
0.0422383
0.0414245
0.0538654
0.0689001
0.0742709
0.0675792
0.0571621
0.0525035
0.0549074
0.0577004
0.0546295
0.0470397
0.0425288
0.0470525
0.0589502
0.0705853
0.0750334
0.0709345
0.0619955
0.0533016
0.0482392
0.0475689
0.0499663
0.0529868
0.0540059
0.0512291
0.0447809
0.0370941
0.0315951
0.0301935
0.0318141
0.0334491
0.0325447
0.0284296
0.0220878
0.0153331
0.0103310
0.0093270
0.0139238
0.0236926
0.0350745
0.0423671
0.0413068
0.0326761
0.0222340
0.0165016
0.0181768
0.0250956
0.0328595
0.0381631
0.0402152
0.0399402
0.0384291
0.0362740
0.0340961
0.0331150
0.0347191
0.0393820
0.0458765
0.0511836
0.0514148
0.0442943
0.0321631
0.0220858
0.0209520
0.0290254
0.0387349
0.0412206
0.0350091
0.0282756
0.0321550
0.0515608
0.0824130
0.1170053
0.1501820
0.1790661
0.1986484
0.2019594
0.1870304
0.1613070
0.1341266
0.1018058
0.0413849
-0.0768673
-0.2663946
-0.5103523
-0.7688259
-1.0007551
-1.1826505
-1.3120661
-1.3987310
-1.4542313
-1.4868416
-1.5004838
-1.4949259
-1.4667203
-1.4111452
-1.3243345
-1.2050348
-1.0564874
-0.8880519
-0.7144713
-0.5516421
-0.4111412
-0.2974361
-0.2093884
-0.1437319
-0.0968755
-0.0642197
-0.0399780
-0.0200089
-0.0051106
0.0005258
-0.0039394
-0.0111710
-0.0095326
0.0067882
0.0314148
0.0501865
0.0529667
0.0422921
0.0309927
0.0309806
0.0436507
0.0605774
0.0727305
0.0781888
0.0811207
0.0848532
0.0875997
0.0853566
0.0781419
0.0720762
0.0742301
0.0852201
0.0977703
0.1034772
0.1007311
0.0952249
0.0931038
0.0951166
0.0980225
0.1002791
0.1043613
0.1129723
0.1243006
0.1329080
0.1359658
0.1372492
0.1429707
0.1536422
0.1624489
0.1635788
0.1609703
0.1658719
0.1844825
0.2094936
0.2260445
0.2268303
0.2205568
0.2242676
0.2467714
0.2798971
0.3062348
0.3147872
0.3085050
0.2978310
0.2894581
0.2823532
0.2728175
0.2607708
0.2503594
0.2454985
0.2458667
0.2472728
0.2452865
0.2380549
0.2260878
0.2106921
0.1935325
0.1769984
0.1634900
0.1537692
0.1464291
0.1391680
0.1303960
0.1199746
0.1092449
0.1005131
0.0957896
0.0953748
0.0975646
0.0998341
0.1004968
0.0995653
0.0981949
0.0972038
0.0962786
0.0949756
0.0940713
0.0946887
0.0957227
0.0935385
0.0857763
0.0753357
0.0693033
0.0730572
0.0852344
0.0983824
0.1045660
0.1009171
0.0907196
0.0800304
0.0736070
0.0732390
0.0779965
0.0846879
0.0890051
0.0884126
0.0846304
0.0820671
0.0829213
0.0845537
0.0827004
0.0771163
0.0730558
0.0763872
0.0870739
0.0979799
0.1009931
0.0947302
0.0857656
0.0818954
0.0845850
0.0883057
0.0865711
0.0779023
0.0664279
0.0578060
0.0548621
0.0566098
0.0608049
0.0666578
0.0742538
0.0816023
0.0840431
0.0782723
0.0669269
0.0578661
0.0577785
0.0661116
0.0754642
0.0784210
0.0742965
0.0689287
0.0677916
0.0702354
0.0713677
0.0687381
0.0653090
0.0655044
0.0698670
0.0746359
0.0758108
0.0725877
0.0670932
0.0618659
0.0582581
0.0570037
0.0592449
0.0657393
0.0747874
0.0820188
0.0833863
0.0785222
0.0709800
0.0655194
0.0651284
0.0694929
0.0752862
0.0785318
0.0780101
0.0765436
0.0781577
0.0837143
0.0898259
0.0923284
0.0904937
0.0872808
0.0851428
0.0821454
0.0737723
0.0595828
0.0467935
0.0447274
0.0549850
0.0687561
0.0750828
0.0709662
0.0624384
0.0567334
0.0551654
0.0537832
0.0492960
0.0428109
0.0379965
0.0372861
0.0409263
0.0481933
0.0566264
0.0598186
0.0499488
0.0266688
0.0029959
-0.0019870
0.0202337
0.0579160
0.0871230
0.0906124
0.0703415
0.0433530
0.0265485
0.0248161
0.0316551
0.0384735
0.0418611
0.0433481
0.0451785
0.0476719
0.0494398
0.0489604
0.0465515
0.0454564
0.0498562
0.0602523
0.0710056
0.0740141
0.0659740
0.0520679
0.0418546
0.0407077
0.0450179
0.0463544
0.0405911
0.0319627
0.0273970
0.0282176
0.0294982
0.0272677
0.0237748
0.0242006
0.0294029
0.0337772
0.0308301
0.0203788
0.0096430
0.0067902
0.0133759
0.0234552
0.0298865
0.0305072
0.0279072
0.0246621
0.0204532
0.0139347
0.0064655
0.0031544
0.0091798
0.0238924
0.0388947
0.0441522
0.0374992
0.0272908
0.0247100
0.0345424
0.0547820
0.0834990
0.1217932
0.1674238
0.2078516
0.2254267
0.2136952
0.1865059
0.1637937
0.1434433
0.0902893
-0.0392114
-0.2566201
-0.5259017
-0.7887808
-1.0051642
-1.1704196
-1.2995459
-1.4018772
-1.4732094
-1.5073787
-1.5078119
-1.4841601
-1.4404560
-1.3714881
-1.2715956
-1.1434035
-0.9958767
-0.8369483
-0.6722540
-0.5106246
-0.3664350
-0.2533376
-0.1755182
-0.1257898
-0.0922135
-0.0664265
-0.0460429
-0.0304798
-0.0168786
-0.0018449
0.0138382
0.0251589
0.0288407
0.0279426
0.0291109
0.0358914
0.0459604
0.0547966
0.0609574
0.0668877
0.0744858
0.0810735
0.0818532
0.0770305
0.0741765
0.0808639
0.0956542
0.1092044
0.1147634
0.1151134
0.1178265
0.1255679
0.1334649
0.1359483
0.1340496
0.1341038
0.1394346
0.1455635
0.1456617
0.1398007
0.1357722
0.1399079
0.1497831
0.1580464
0.1615885
0.1640889
0.1700193
0.1790146
0.1874046
0.1939267
0.2020407
0.2157440
0.2336275
0.2488448
0.2563913
0.2594202
0.2659327
0.2788267
0.2914579
0.2945876
0.2867513
0.2763747
0.2736630
0.2808618
0.2904486
0.2927959
0.2853908
0.2738549
0.2641889
0.2562531
0.2464224
0.2345577
0.2248873
0.2198284
0.2158295
0.2068939
0.1910527
0.1721840
0.1558911
0.1444965
0.1364161
0.1300506
0.1268328
0.1287577
0.1333792
0.1339877
0.1262545
0.1131764
0.1018711
0.0964346
0.0953051
0.0948056
0.0936194
0.0935729
0.0965796
0.1010310
0.1019108
0.0956823
0.0848757
0.0763281
0.0746641
0.0787659
0.0844274
0.0883429
0.0889027
0.0853182
0.0779555
0.0691716
0.0626296
0.0611344
0.0645529
0.0696221
0.0726417
0.0729207
0.0725485
0.0722586
0.0695758
0.0629294
0.0558996
0.0544070
0.0597897
0.0668764
0.0692512
0.0650335
0.0574345
0.0509912
0.0477381
0.0465885
0.0461174
0.0471475
0.0512663
0.0571081
0.0603844
0.0585403
0.0536968
0.0499296
0.0489917
0.0495660
0.0493602
0.0470924
0.0436235
0.0417578
0.0437316
0.0485016
0.0527766
0.0548688
0.0559883
0.0575664
0.0590406
0.0588586
0.0564269
0.0526306
0.0490824
0.0465472
0.0435674
0.0379309
0.0305349
0.0255994
0.0245715
0.0219019
0.0112427
-0.0039321
-0.0100711
0.0031551
0.0301613
0.0523882
0.0554824
0.0433531
0.0328293
0.0327390
0.0316809
0.0125000
-0.0213322
-0.0416238
-0.0229024
0.0301588
0.0885593
0.1301116
0.1579344
0.1865014
0.2159595
0.2282925
0.2105664
0.1748123
0.1442239
0.1161637
0.0477031
-0.1098101
-0.3587718
-0.6432529
-0.8918214
-1.0706995
-1.1962620
-1.3030291
-1.4054038
-1.4887194
-1.5309706
-1.5277161
-1.4937462
-1.4428328
-1.3712106
-1.2635730
-1.1124432
-0.9290808
-0.7381674
-0.5648432
-0.4237186
-0.3149502
-0.2300686
-0.1630932
-0.1146066
-0.0839673
-0.0620181
-0.0371617
-0.0084505
0.0117039
0.0105294
-0.0089212
-0.0251207
-0.0147854
0.0237239
0.0649049
0.0794910
0.0643628
0.0446275
0.0452919
0.0665781
0.0892740
0.0981169
0.0945061
0.0889267
0.0865568
0.0828834
0.0736203
0.0667285
0.0786185
0.1141633
0.1548579
0.1742677
0.1649386
0.1447686
0.1373113
0.1502799
0.1718304
0.1825220
0.1720149
0.1496486
0.1384584
0.1541413
0.1894758
0.2215622
0.2327795
0.2236080
0.2097571
0.2096567
0.2291113
0.2538470
0.2624394
0.2511545
0.2407851
0.2546867
0.2955569
0.3470036
0.3897514
0.4107945
0.4051683
0.3781830
0.3439576
0.3178202
0.3112153
0.3293614
0.3628469
0.3834252
0.3645673
0.3115293
0.2587296
0.2332441
0.2325626
0.2391607
0.2404155
0.2308188
0.2121643
0.1962913
0.1908157
0.1808084
0.1470666
0.1045811
0.0927253
0.1175546
0.1361302
0.1159836
