0.0794827
0.0778526
0.0762579
0.0752404
0.0768093
0.0812656
0.0850895
0.0833314
0.0745996
0.0631938
0.0556817
0.0552252
0.0593274
0.0628386
0.0626231
0.0593231
0.0555565
0.0533817
0.0532507
0.0541508
0.0541515
0.0516833
0.0473954
0.0445250
0.0461363
0.0512957
0.0547415
0.0516790
0.0433599
0.0370450
0.0392148
0.0485504
0.0564726
0.0553603
0.0459873
0.0363156
0.0332755
0.0365676
0.0405488
0.0410680
0.0393668
0.0393110
0.0418371
0.0433052
0.0398062
0.0325058
0.0275996
0.0303932
0.0397334
0.0486947
0.0506836
0.0448642
0.0361876
0.0307413
0.0309948
0.0349682
0.0393498
0.0427648
0.0456813
0.0477890
0.0468968
0.0412601
0.0325668
0.0256530
0.0246374
0.0291445
0.0345163
0.0362460
0.0344275
0.0333163
0.0360900
0.0408439
0.0429974
0.0414397
0.0405737
0.0451305
0.0537433
0.0594091
0.0571849
0.0505581
0.0484026
0.0549731
0.0646414
0.0687719
0.0671528
0.0693526
0.0836387
0.1081545
0.1368578
0.1720216
0.2239647
0.2947880
0.3667808
0.4145423
0.4302708
0.4299683
0.4262102
0.3952945
0.2821117
0.0487372
-0.2797183
-0.6228165
-0.9024198
-1.0940304
-1.2251874
-1.3323668
-1.4262534
-1.4953743
-1.5314132
-1.5415413
-1.5371771
-1.5187483
-1.4763742
-1.4023844
-1.2974328
-1.1645109
-1.0037697
-0.8185365
-0.6241669
-0.4448594
-0.2990530
-0.1893372
-0.1071769
-0.0450392
-0.0017743
0.0226071
0.0338827
0.0426651
0.0563107
0.0733872
0.0874210
0.0952341
0.0996979
0.1044981
0.1089494
0.1098446
0.1071123
0.1052757
0.1087913
0.1170536
0.1249386
0.1283869
0.1288563
0.1312876
0.1375884
0.1438001
0.1452055
0.1429876
0.1432127
0.1491110
0.1569389
0.1608021
0.1598704
0.1588759
0.1618682
0.1672587
0.1700744
0.1686433
0.1674744
0.1721673
0.1820914
0.1903668
0.1919059
0.1894450
0.1898502
0.1958629
0.2039174
0.2098330
0.2142858
0.2215314
0.2336718
0.2474977
0.2577025
0.2631566
0.2688232
0.2800965
0.2958164
0.3089992
0.3148314
0.3156842
0.3168726
0.3192386
0.3182183
0.3100644
0.2972504
0.2866745
0.2825519
0.2817425
0.2770885
0.2654658
0.2509795
0.2391710
0.2299365
0.2187682
0.2042594
0.1910768
0.1842218
0.1822482
0.1779762
0.1658121
0.1476868
0.1314283
0.1229607
0.1203804
0.1168266
0.1091619
0.1016558
0.0997182
0.1019116
0.1008548
0.0918819
0.0787972
0.0703758
0.0719009
0.0804503
0.0882369
0.0902777
0.0881078
0.0856706
0.0833985
0.0789269
0.0729811
0.0707536
0.0756395
0.0839431
0.0882154
0.0851191
0.0783755
0.0741586
0.0746646
0.0765368
0.0755031
0.0720924
0.0714470
0.0767256
0.0842401
0.0870746
0.0828232
0.0757748
0.0717738
0.0728314
0.0767272
0.0799739
0.0805046
0.0784033
0.0745788
0.0690297
0.0614529
0.0537363
0.0498544
0.0517368
0.0564771
0.0592660
0.0583145
0.0555885
0.0535349
0.0525037
0.0510654
0.0480720
0.0446946
0.0442678
0.0487323
0.0550341
0.0569174
0.0513039
0.0417393
0.0348324
0.0342424
0.0383691
0.0426128
0.0434630
0.0413348
0.0394715
0.0394335
0.0387866
0.0349914
0.0304237
0.0305717
0.0370451
0.0449277
0.0480196
0.0451766
0.0407379
0.0396527
0.0426295
0.0457419
0.0449824
0.0410618
0.0383595
0.0388923
0.0395987
0.0369263
0.0318932
0.0284149
0.0281614
0.0295227
0.0309154
0.0328466
0.0365123
0.0414850
0.0451033
0.0444491
0.0397997
0.0356329
0.0364138
0.0414798
0.0460926
0.0473844
0.0466610
0.0457001
0.0441422
0.0420477
0.0423225
0.0483571
0.0608227
0.0791773
0.1060544
0.1477943
0.2080384
0.2795477
0.3445569
0.3879575
0.4111589
0.4268248
0.4337614
0.3997078
0.2782047
0.0489229
-0.2577701
-0.5765279
-0.8479929
-1.0491779
-1.1918739
-1.2980376
-1.3786684
-1.4333656
-1.4628699
-1.4746489
-1.4753992
-1.4632951
-1.4305853
-1.3707775
-1.2806281
-1.1582622
-1.0043069
-0.8259921
-0.6386902
-0.4623901
-0.3147853
-0.2042020
-0.1269654
-0.0722071
-0.0302164
0.0032536
0.0285302
0.0450840
0.0537207
0.0583141
0.0649184
0.0765703
0.0894616
0.0972404
0.0991070
0.1007907
0.1071782
0.1166591
0.1237464
0.1256269
0.1252329
0.1283246
0.1374343
0.1487016
0.1559192
0.1576504
0.1579277
0.1595155
0.1602486
0.1582421
0.1571371
0.1621109
0.1720569
0.1792996
0.1772684
0.1667828
0.1549718
0.1488643
0.1494751
0.1519086
0.1519885
0.1517655
0.1561216
0.1647250
0.1711355
0.1708325
0.1671132
0.1676041
0.1768399
0.1929411
0.2096681
0.2212985
0.2272464
0.2321218
0.2400578
0.2499683
0.2582702
0.2647592
0.2727034
0.2836922
0.2952038
0.3031265
0.3046562
0.2994494
0.2901407
0.2811122
0.2747840
0.2695938
0.2627599
0.2537008
0.2435643
0.2332470
0.2233478
0.2141905
0.2045364
0.1924125
0.1785723
0.1667160
0.1586882
0.1518570
0.1430387
0.1328874
0.1245706
0.1196499
0.1165408
0.1118173
0.1027352
0.0901262
0.0786080
0.0718063
0.0678637
0.0623266
0.0548818
0.0499243
0.0504113
0.0542446
0.0570400
0.0559689
0.0510133
0.0449615
0.0419332
0.0435180
0.0466603
0.0473103
0.0453373
0.0438442
0.0447108
0.0468044
0.0475000
0.0445159
0.0380839
0.0328031
0.0346861
0.0438947
0.0525292
0.0521950
0.0423790
0.0297881
0.0214175
0.0197693
0.0225222
0.0249139
0.0239814
0.0214946
0.0210886
0.0225946
0.0222012
0.0186163
0.0156138
0.0172246
0.0230185
0.0289836
0.0308079
0.0262326
0.0169660
0.0085396
0.0057562
0.0081500
0.0117320
0.0139258
0.0141152
0.0111034
0.0041267
-0.0040408
-0.0086002
-0.0076568
-0.0035511
0.0000402
0.0004677
-0.0029826
-0.0083101
-0.0121120
-0.0131870
-0.0130390
-0.0118768
-0.0074998
-0.0002352
0.0046747
0.0030393
-0.0022340
-0.0041629
0.0006140
0.0091232
0.0155918
0.0165405
0.0140489
0.0143853
0.0212483
0.0306143
0.0352948
0.0341594
0.0328973
0.0356324
0.0402313
0.0427684
0.0425025
0.0410249
0.0397230
0.0393591
0.0398005
0.0396480
0.0380870
0.0368058
0.0381616
0.0423584
0.0483791
0.0565413
0.0690097
0.0904697
0.1291591
0.1912105
0.2688716
0.3389878
0.3810969
0.3965101
0.4022797
0.4027338
0.3696809
0.2557128
0.0330588
-0.2749670
-0.6006204
-0.8754720
-1.0732697
-1.2126378
-1.3230342
-1.4148670
-1.4811181
-1.5165836
-1.5272887
-1.5237320
-1.5100646
-1.4796282
-1.4193402
-1.3195862
-1.1811421
-1.0130436
-0.8268976
-0.6365524
-0.4601064
-0.3150315
-0.2089108
-0.1369702
-0.0879707
-0.0503365
-0.0156985
0.0176941
0.0447458
0.0602660
0.0659447
0.0685110
0.0727506
0.0791466
0.0864119
0.0931431
0.0984006
0.1029012
0.1077600
0.1108801
0.1084328
0.1022181
0.1011568
0.1115382
0.1285910
0.1411789
0.1429900
0.1370634
0.1316342
0.1331451
0.1409845
0.1481431
0.1493479
0.1479799
0.1511587
0.1588063
0.1631032
0.1594928
0.1529044
0.1513098
0.1571763
0.1668629
0.1754197
0.1810514
0.1868218
0.1972182
0.2110933
0.2207239
0.2215770
0.2202512
0.2277536
0.2464964
0.2685003
0.2850345
0.2937755
0.2978472
0.3020144
0.3092033
0.3179577
0.3243026
0.3273687
0.3302990
0.3341030
0.3347381
0.3288219
0.3182855
0.3066470
0.2945618
0.2818692
0.2702758
0.2609148
0.2519718
0.2408301
0.2263301
0.2085868
0.1898916
0.1753757
0.1681359
0.1637475
0.1546880
0.1403854
0.1275655
0.1202285
0.1148779
0.1069821
0.0973525
0.0902653
0.0882526
0.0896130
0.0894040
0.0839732
0.0760073
0.0721182
0.0732694
0.0723073
0.0650123
0.0585247
0.0626551
0.0763160
0.0890672
0.0941581
0.0942312
0.0950552
0.0983683
0.1010502
0.0990523
0.0926071
0.0875681
0.0888686
0.0931293
0.0924284
0.0853671
0.0784013
0.0754378
0.0730662
0.0683686
0.0647086
0.0659914
0.0700965
0.0716204
0.0680428
0.0612153
0.0553593
0.0539881
0.0560807
0.0562971
0.0522007
0.0488288
0.0513885
0.0561345
0.0547309
0.0460668
0.0374125
0.0344645
0.0357689
0.0367915
0.0351553
0.0321592
0.0318370
0.0368851
0.0438070
0.0458562
0.0429924
0.0435639
0.0524408
0.0630463
0.0661202
0.0616546
0.0567819
0.0554929
0.0556164
0.0537499
0.0494092
0.0456049
0.0464993
0.0521870
0.0563672
0.0533474
0.0463201
0.0430519
0.0444584
0.0446541
0.0420965
0.0424311
0.0485847
0.0554026
0.0569522
0.0537945
0.0507141
0.0510496
0.0542993
0.0565410
0.0539472
0.0483301
0.0463929
0.0502263
0.0528018
0.0476519
0.0385540
0.0337196
0.0343940
0.0356661
0.0353311
0.0354572
0.0372455
0.0396826
0.0417080
0.0421895
0.0401422
0.0373978
0.0376484
0.0411104
0.0445789
0.0478829
0.0542024
0.0622734
0.0652914
0.0606034
0.0542611
0.0528222
0.0560616
0.0602695
0.0635015
0.0653641
0.0661206
0.0672379
0.0689825
0.0682424
0.0633857
0.0592297
0.0610429
0.0656060
0.0651670
0.0587366
0.0524240
0.0497081
0.0481153
0.0447655
0.0393330
0.0323506
0.0252324
0.0203559
0.0175475
0.0135724
0.0082962
0.0065671
0.0101047
0.0131274
0.0108040
0.0065769
0.0061042
0.0091997
0.0126746
0.0160979
0.0199699
0.0226727
0.0232801
0.0234704
0.0241333
0.0243356
0.0247795
0.0270472
0.0290154
0.0271814
0.0235806
0.0234559
0.0261512
0.0259054
0.0218193
0.0192314
0.0207153
0.0231340
0.0241151
0.0246162
0.0248744
0.0239646
0.0230369
0.0236403
0.0241789
0.0228721
0.0216959
0.0226922
0.0239742
0.0240098
0.0250082
0.0269808
0.0243232
0.0145194
0.0046170
0.0024258
0.0062558
0.0095355
0.0106809
0.0123670
0.0152766
0.0178509
0.0189980
0.0181210
0.0163646
0.0186348
0.0284080
0.0402122
0.0448617
0.0427535
0.0435885
0.0524722
0.0662490
0.0855705
0.1202434
0.1775416
0.2511974
0.3250391
0.3838683
0.4213242
0.4408855
0.4451085
0.4175942
0.3218203
0.1302914
-0.1438775
-0.4503824
-0.7351425
-0.9673366
-1.1428081
-1.2739250
-1.3756915
-1.4534961
-1.5030806
-1.5234068
-1.5231101
-1.5100576
-1.4817406
-1.4313641
-1.3560667
-1.2533813
-1.1178661
-0.9498367
-0.7634597
-0.5809437
-0.4218088
-0.2979976
-0.2108149
-0.1493875
-0.0996444
-0.0576518
-0.0278307
-0.0087941
0.0087481
0.0288073
0.0454005
0.0536744
0.0568337
0.0597764
0.0636544
0.0681580
0.0725702
0.0748432
0.0756614
0.0808031
0.0926222
0.1032617
0.1044363
0.0995901
0.0976982
0.0996827
0.1002711
0.0990422
0.1002188
0.1046839
0.1099446
0.1145621
0.1166870
0.1132203
0.1058024
0.1015478
0.1030459
0.1048618
0.1042281
0.1062658
0.1134343
0.1191501
0.1179819
0.1139550
0.1133053
0.1165285
0.1217920
0.1288613
0.1366675
0.1439245
0.1529087
0.1649413
0.1736285
0.1727281
0.1691094
0.1760006
0.1937952
0.2094383
0.2150593
0.2159584
0.2196092
0.2268400
0.2344025
0.2383167
0.2358273
0.2304163
0.2308257
0.2385144
0.2423812
0.2336308
0.2184795
0.2074587
0.2000991
0.1899904
0.1776156
0.1680803
0.1620252
0.1570173
0.1519925
0.1442122
0.1293871
0.1103605
0.0972337
0.0938536
0.0929961
0.0887408
0.0834695
0.0790583
0.0722217
0.0626417
0.0553264
0.0517698
0.0486988
0.0468980
0.0504310
0.0565513
0.0577865
0.0542258
0.0525351
0.0536285
0.0527875
0.0504876
0.0515014
0.0550419
0.0566083
0.0567269
0.0576719
0.0560907
0.0494216
0.0441475
0.0469189
0.0533065
0.0555224
0.0545360
0.0546258
0.0534949
0.0477854
0.0410584
0.0375476
0.0357294
0.0349610
0.0388045
0.0452568
0.0447744
0.0348054
0.0251085
0.0225926
0.0225284
0.0201097
0.0184137
0.0196988
0.0205862
0.0198165
0.0193893
0.0164369
0.0067391
-0.0031739
-0.0014853
0.0107077
0.0203071
0.0210214
0.0178369
0.0143770
0.0098234
0.0066214
0.0079087
0.0097758
0.0079686
0.0073836
0.0129004
0.0176145
0.0131591
0.0044884
0.0015797
0.0041977
0.0070474
0.0112474
0.0187429
0.0245391
0.0255318
0.0272459
0.0322023
0.0329962
0.0261123
0.0202709
0.0222488
0.0269534
0.0290089
0.0307083
0.0320354
0.0272913
0.0176994
0.0130349
0.0160248
0.0192423
0.0196136
0.0204892
0.0190543
0.0095447
-0.0005004
0.0044173
0.0258014
0.0527628
0.0850728
0.1353556
0.2065591
0.2830513
0.3452325
0.3824410
0.3962074
0.3996779
0.4006606
0.3710246
0.2501427
0.0033649
-0.3294330
-0.6612184
-0.9268726
-1.1146579
-1.2471268
-1.3524951
-1.4456967
-1.5194855
-1.5575557
-1.5615044
-1.5512467
-1.5337609
-1.4909095
-1.4063931
-1.2847020
-1.1353086
-0.9605121
-0.7698856
-0.5865411
-0.4281095
-0.2973910
-0.1959747
-0.1273874
-0.0832885
-0.0474109
-0.0165249
0.0015939
0.0101168
0.0217069
0.0371874
0.0476799
0.0548142
0.0667884
0.0792667
0.0826906
0.0826299
0.0908811
0.1038723
0.1112261
0.1161432
0.1261204
0.1347381
0.1336107
0.1300967
0.1335562
0.1381310
0.1372598
0.1386077
0.1470660
0.1515745
0.1457422
0.1414310
0.1460541
0.1482282
0.1409838
0.1362333
0.1421866
0.1497264
0.1527817
0.1576213
0.1629079
0.1574260
0.1454787
0.1464836
0.1627144
0.1755193
0.1774952
0.1795207
0.1847236
0.1858702
0.1878432
0.2015605
0.2182851
0.2212940
0.2178111
0.2276083
0.2474796
0.2589568
0.2615239
0.2666399
0.2711922
0.2680214
0.2677333
0.2794516
0.2875278
0.2769036
0.2609989
0.2560798
0.2521223
0.2369972
0.2223415
0.2178190
0.2089556
0.1868334
0.1684959
0.1636639
0.1551314
0.1344679
0.1206923
0.1231052
0.1238159
0.1144594
0.1097051
0.1107103
0.0992610
0.0792921
0.0772459
0.0923346
0.0951412
0.0811572
0.0750373
0.0797478
0.0744370
0.0617734
0.0633206
0.0725973
0.0671579
0.0573143
0.0670869
0.0820514
0.0737342
0.0559751
0.0585484
0.0697978
0.0646268
0.0586358
0.0740853
0.0880462
0.0751533
0.0608501
0.0723530
0.0841629
0.0711410
0.0611180
0.0766365
0.0860904
0.0693569
0.0623506
0.0816213
0.0835520
0.0522602
0.0402206
0.0688523
0.0848674
0.0651040
0.0588220
0.0800107
0.0753478
0.0414733
0.0439660
0.0820250
0.0786466
0.0370270
0.0441136
0.0922130
0.0815862
0.0231559
0.0292709
0.0839779
0.0629193
-0.0022422
0.0379544
0.1294977
0.0724375
-0.0598952
0.0225197
0.2362233
0.0678366
-0.6450786
