0.1077644
0.1379170
0.1666271
0.1680981
0.1286006
0.0667513
0.0234076
0.0277180
0.0717292
0.1187407
0.1367457
0.1235333
0.1006263
0.0869365
0.0825511
0.0777504
0.0714754
0.0737992
0.0893800
0.1048891
0.0997264
0.0696312
0.0344368
0.0187222
0.0270369
0.0424998
0.0489333
0.0477228
0.0483914
0.0472782
0.0260063
-0.0235815
-0.0782262
-0.0965158
-0.0575577
0.0163047
0.0786152
0.0999632
0.0889240
0.0753268
0.0786963
0.0948646
0.1079148
0.1077369
0.0948556
0.0747525
0.0542801
0.0430844
0.0517458
0.0831749
0.1266539
0.1645099
0.1869504
0.1997287
0.2164215
0.2437131
0.2746260
0.2946456
0.2917532
0.2591486
0.1902232
0.0757953
-0.0888548
-0.2926209
-0.5067472
-0.6991506
-0.8545693
-0.9813425
-1.0961272
-1.1999430
-1.2707686
-1.2839001
-1.2413265
-1.1767965
-1.1251025
-1.0841435
-1.0121048
-0.8687457
-0.6616482
-0.4490047
-0.2937933
-0.2147617
-0.1820564
-0.1567005
-0.1277948
-0.1095945
-0.1103231
-0.1155432
-0.1056567
-0.0817162
-0.0641813
-0.0658161
-0.0739450
-0.0652802
-0.0350128
-0.0040321
0.0042758
-0.0112190
-0.0323677
-0.0458019
-0.0556769
-0.0699242
-0.0815329
-0.0732286
-0.0412822
-0.0059750
0.0084890
0.0018836
-0.0013223
0.0190382
0.0543403
0.0764861
0.0697561
0.0472897
0.0336152
0.0357011
0.0375535
0.0230979
-0.0022714
-0.0171598
-0.0076419
0.0204756
0.0523035
0.0801835
0.1052246
0.1263293
0.1353582
0.1268315
0.1091651
0.1004958
0.1111429
0.1327937
0.1480810
0.1500783
0.1490400
0.1589526
0.1803952
0.1997592
0.2049997
0.1993801
0.1978556
0.2103414
0.2302102
0.2406925
0.2326288
0.2143686
0.2026959
0.2045585
0.2097173
0.2021298
0.1772001
0.1464709
0.1258276
0.1205112
0.1220558
0.1185598
0.1061339
0.0901192
0.0774853
0.0707796
0.0690014
0.0706705
0.0738504
0.0756300
0.0751411
0.0763419
0.0835409
0.0923001
0.0881888
0.0595630
0.0129920
-0.0270642
-0.0378233
-0.0184204
0.0111005
0.0316982
0.0437705
0.0614258
0.0909778
0.1211867
0.1372682
0.1399504
0.1442472
0.1583687
0.1688249
0.1519316
0.1015443
0.0427855
0.0146432
0.0370288
0.0947743
0.1532962
0.1879661
0.1979846
0.1960065
0.1904213
0.1796882
0.1600913
0.1339557
0.1086996
0.0899257
0.0781816
0.0729226
0.0769059
0.0932610
0.1182432
0.1408474
0.1527371
0.1569139
0.1627070
0.1717108
0.1725062
0.1529039
0.1169035
0.0857144
0.0787766
0.0941390
0.1104524
0.1091779
0.0915272
0.0707973
0.0520979
0.0281750
-0.0018740
-0.0173608
0.0099821
0.0833807
0.1673402
0.2130097
0.1997597
0.1509574
0.1086768
0.0952021
0.1005992
0.1035569
0.0961422
0.0851094
0.0762298
0.0674017
0.0580151
0.0558883
0.0671567
0.0819728
0.0796265
0.0531980
0.0249424
0.0283340
0.0709017
0.1199474
0.1326875
0.1010899
0.0605557
0.0512952
0.0770954
0.1090090
0.1264978
0.1438057
0.1895840
0.2663317
0.3406882
0.3773503
0.3757765
0.3649333
0.3621240
0.3457819
0.2749536
0.1315377
-0.0638134
-0.2755912
-0.4833348
-0.6842293
-0.8752970
-1.0449326
-1.1833911
-1.2926632
-1.3783561
-1.4336710
-1.4392653
-1.3834367
-1.2791687
-1.1552852
-1.0301070
-0.8987116
-0.7487539
-0.5846686
-0.4310681
-0.3129788
-0.2367351
-0.1901775
-0.1568526
-0.1272434
-0.0989540
-0.0711240
-0.0416939
-0.0098798
0.0207800
0.0437634
0.0544863
0.0539054
0.0481046
0.0449156
0.0489662
0.0570154
0.0584798
0.0443651
0.0177177
-0.0069924
-0.0173778
-0.0152867
-0.0136459
-0.0214034
-0.0331180
-0.0340710
-0.0152885
0.0167918
0.0452319
0.0562679
0.0479992
0.0283126
0.0089780
0.0026740
0.0192048
0.0564346
0.0945419
0.1070334
0.0846486
0.0485766
0.0352559
0.0637268
0.1168898
0.1567729
0.1603932
0.1404787
0.1295938
0.1450393
0.1728052
0.1864672
0.1772118
0.1613440
0.1604535
0.1793366
0.2047528
0.2224945
0.2320894
0.2441407
0.2651613
0.2873407
0.2938012
0.2727998
0.2271752
0.1735240
0.1343188
0.1259203
0.1458777
0.1701290
0.1697661
0.1374937
0.0966480
0.0785850
0.0888777
0.0989492
0.0753510
0.0178870
-0.0350512
-0.0429428
-0.0043400
0.0419113
0.0567568
0.0375999
0.0132101
0.0085172
0.0220080
0.0362876
0.0414728
0.0424236
0.0470285
0.0553284
0.0627705
0.0691658
0.0777260
0.0846936
0.0769612
0.0466979
0.0063656
-0.0186973
-0.0157816
0.0016557
0.0095461
-0.0010043
-0.0178989
-0.0261003
-0.0255442
-0.0283713
-0.0408330
-0.0518970
-0.0420437
-0.0036224
0.0479903
0.0836415
0.0817261
0.0442556
-0.0033328
-0.0289597
-0.0182914
0.0113143
0.0242154
0.0007875
-0.0412343
-0.0649294
-0.0545839
-0.0321775
-0.0300985
-0.0520818
-0.0682606
-0.0495608
-0.0007962
0.0453791
0.0645078
0.0625432
0.0600046
0.0624921
0.0566520
0.0331787
0.0019642
-0.0207017
-0.0316280
-0.0389060
-0.0450735
-0.0431679
-0.0318405
-0.0252322
-0.0389645
-0.0673541
-0.0826949
-0.0628196
-0.0171582
0.0204406
0.0258468
0.0067610
-0.0111909
-0.0139871
-0.0081171
-0.0038285
-0.0003791
0.0075682
0.0152219
0.0074665
-0.0245481
-0.0689461
-0.0980503
-0.0906471
-0.0519609
-0.0117097
0.0000808
-0.0216438
-0.0533353
-0.0636488
-0.0404036
-0.0010623
0.0227272
0.0145600
-0.0101260
-0.0183978
0.0073955
0.0520230
0.0825373
0.0780743
0.0437371
0.0000208
-0.0354132
-0.0554679
-0.0591379
-0.0458752
-0.0178294
0.0136039
0.0293216
0.0165844
-0.0177567
-0.0516365
-0.0671318
-0.0642798
-0.0560831
-0.0530411
-0.0543032
-0.0521606
-0.0425523
-0.0297058
-0.0200043
-0.0128101
-0.0010504
0.0173556
0.0319011
0.0273132
-0.0011667
-0.0415790
-0.0720632
-0.0721375
-0.0328423
0.0345504
0.0968061
0.1133741
0.0646310
-0.0274554
-0.1089632
-0.1335462
-0.1010717
-0.0576097
-0.0514734
-0.0861983
-0.1189947
-0.1061205
-0.0460950
0.0227408
0.0614442
0.0620548
0.0435937
0.0252606
0.0089058
-0.0132034
-0.0393156
-0.0538282
-0.0443397
-0.0184319
0.0025349
0.0059769
-0.0005752
-0.0018266
0.0059794
0.0112545
0.0009479
-0.0244287
-0.0501080
-0.0604228
-0.0517075
-0.0317542
-0.0093122
0.0119018
0.0304189
0.0461364
0.0656868
0.1009631
0.1531321
0.2008469
0.2159701
0.1964978
0.1769764
0.1956198
0.2476406
0.2770014
0.2229630
0.0776231
-0.1070775
-0.2726075
-0.4091042
-0.5517564
-0.7273830
-0.9172113
-1.0758661
-1.1762646
-1.2263915
-1.2474364
-1.2484918
-1.2269129
-1.1848585
-1.1339359
-1.0798616
-1.0087772
-0.8979120
-0.7426352
-0.5683114
-0.4119594
-0.2951999
-0.2173088
-0.1681826
-0.1394265
-0.1240264
-0.1146721
-0.1076955
-0.1056197
-0.1118690
-0.1231658
-0.1290362
-0.1197227
-0.0946233
-0.0621756
-0.0309297
-0.0028924
0.0215112
0.0346641
0.0256964
-0.0038066
-0.0341133
-0.0440092
-0.0323335
-0.0185024
-0.0208691
-0.0371792
-0.0483459
-0.0415320
-0.0272040
-0.0286115
-0.0517624
-0.0708335
-0.0518838
0.0073818
0.0679831
0.0847334
0.0498564
-0.0001683
-0.0199818
0.0034942
0.0434806
0.0641562
0.0565946
0.0424332
0.0444682
0.0608855
0.0723823
0.0687289
0.0596777
0.0597143
0.0692685
0.0750295
0.0666594
0.0501875
0.0440156
0.0619589
0.1014898
0.1496092
0.1970194
0.2407209
0.2732585
0.2790317
0.2494721
0.1997773
0.1627253
0.1611518
0.1863526
0.2054909
0.1931075
0.1566480
0.1279110
0.1261915
0.1338997
0.1162760
0.0648736
0.0122296
-0.0021094
0.0248921
0.0572449
0.0608538
0.0413738
0.0365077
0.0705895
0.1224074
0.1451292
0.1180378
0.0700827
0.0472986
0.0640381
0.0952044
0.1122923
0.1138225
0.1156599
0.1212068
0.1136502
0.0804587
0.0376505
0.0187547
0.0357001
0.0586324
0.0460462
-0.0047827
-0.0486598
-0.0400656
0.0169514
0.0742488
0.0912621
0.0726416
0.0542939
0.0606693
0.0830096
0.0984668
0.1017911
0.1087956
0.1286097
0.1442413
0.1312297
0.0916461
0.0570974
0.0543713
0.0760306
0.0904163
0.0764043
0.0428519
0.0150641
0.0069853
0.0097951
0.0078410
0.0021018
0.0119497
0.0516687
0.1099655
0.1571404
0.1706339
0.1511430
0.1174711
0.0901815
0.0778660
0.0741036
0.0675179
0.0568130
0.0540016
0.0698516
0.0978873
0.1167864
0.1099708
0.0827293
0.0601354
0.0659491
0.0999095
0.1362463
0.1484930
0.1356250
0.1195625
0.1177109
0.1244887
0.1215578
0.0997773
0.0667968
0.0370527
0.0195306
0.0149916
0.0214891
0.0390304
0.0662126
0.0936582
0.1076145
0.1049134
0.1000905
0.1105901
0.1355805
0.1551063
0.1509834
0.1251279
0.0974413
0.0885189
0.1035684
0.1299705
0.1501048
0.1572793
0.1578467
0.1583935
0.1559257
0.1430518
0.1180581
0.0858728
0.0529651
0.0268719
0.0197516
0.0468082
0.1160989
0.2157657
0.3107938
0.3607046
0.3527521
0.3202071
0.3182646
0.3729563
0.4529120
0.4924138
0.4417096
0.2988090
0.1015017
-0.1062326
-0.3032652
-0.4938649
-0.6867641
-0.8756457
-1.0408684
-1.1657833
-1.2476774
-1.2957486
-1.3217799
-1.3288905
-1.3045581
-1.2282929
-1.0926448
-0.9155186
-0.7272812
-0.5479224
-0.3817798
-0.2314426
-0.1077095
-0.0221128
0.0266609
0.0544563
0.0779710
0.1000106
0.1116006
0.1104556
0.1114372
0.1304399
0.1601936
0.1731476
0.1516236
0.1066739
0.0630520
0.0340017
0.0178978
0.0133192
0.0261992
0.0594334
0.1010432
0.1290916
0.1318627
0.1220255
0.1256182
0.1545963
0.1946519
0.2228669
0.2310941
0.2266422
0.2175265
0.2078293
0.2038969
0.2113911
0.2224298
0.2154744
0.1763113
0.1175751
0.0719504
0.0627438
0.0812493
0.0968620
0.0929776
0.0888322
0.1173736
0.1824027
0.2493022
0.2833516
0.2874448
0.2929503
0.3191651
0.3526347
0.3668583
0.3546005
0.3357423
0.3335817
0.3468064
0.3503246
0.3259302
0.2853239
0.2548844
0.2421792
0.2298096
0.2038486
0.1764974
0.1726365
0.1986372
0.2320145
0.2439842
0.2310995
0.2216983
0.2460295
0.2990401
0.3400361
0.3345973
0.2906628
0.2454342
0.2216543
0.2078564
0.1820346
0.1448438
0.1226931
0.1382683
0.1803257
0.2071431
0.1861649
0.1302542
0.0867474
0.0872273
0.1155214
0.1308903
0.1165616
0.0969010
0.1071095
0.1509410
0.1912071
0.1853473
0.1335370
0.0869779
0.0988623
0.1660977
0.2282872
0.2282549
0.1684049
0.1051900
0.0930393
0.1355084
0.1867311
0.1981914
0.1656013
0.1290970
0.1263726
0.1512969
0.1647821
0.1418907
0.0990322
0.0748385
0.0909442
0.1324130
0.1627842
0.1585630
0.1307833
0.1103494
0.1121547
0.1211546
0.1173018
0.1044878
0.1046501
0.1270746
0.1535881
0.1562116
0.1259678
0.0834782
0.0609729
0.0718230
0.0992333
0.1185212
0.1259962
0.1362229
0.1530920
0.1584333
0.1355596
0.0938746
0.0609012
0.0533953
0.0622758
0.0654080
0.0531765
0.0410197
0.0536613
0.0944697
0.1356666
0.1449854
0.1178873
0.0769682
0.0454455
0.0317702
0.0366856
0.0608249
0.0992903
0.1348944
0.1437148
0.1121645
0.0538107
0.0078481
0.0090461
0.0513483
0.0884745
0.0799714
0.0338756
-0.0024287
0.0091305
0.0618899
0.1131931
0.1239947
0.0933673
0.0570974
0.0499048
0.0701389
0.0874777
0.0824201
0.0660951
0.0591592
0.0644826
0.0694892
0.0687506
0.0752417
0.1083107
0.1716340
0.2436723
0.2950340
0.3188929
0.3361563
0.3611230
0.3692303
0.3142473
0.1781282
-0.0078189
-0.1934530
-0.3527638
-0.4951225
-0.6424965
-0.8009216
-0.9536614
-1.0808177
-1.1803017
-1.2604613
-1.3139248
-1.3155869
-1.2555178
-1.1603686
-1.0668550
-0.9793077
-0.8675221
-0.7080130
-0.5199457
-0.3572213
-0.2636916
-0.2320205
-0.2077944
-0.1416754
-0.0384336
0.0515869
0.0867796
0.0702242
0.0356544
0.0146723
0.0208315
0.0486701
0.0765270
0.0781354
0.0427272
-0.0144106
-0.0619743
-0.0737876
-0.0467058
-0.0039767
0.0241802
0.0304246
0.0355184
0.0573044
0.0838157
0.0892167
0.0693674
0.0468241
0.0429436
0.0577619
0.0772082
0.0896911
0.0932701
0.0913639
0.0828132
0.0588838
0.0179296
-0.0183945
-0.0189290
0.0197046
0.0619224
0.0695553
0.0421655
0.0137415
0.0159870
0.0508540
0.0934473
0.1175336
0.1220202
0.1312427
0.1626098
0.1995921
0.2110966
0.1953822
0.1865402
0.2123651
0.2594439
0.2866052
0.2650239
0.2026944
0.1369860
0.1038226
0.1074993
0.1214184
0.1218542
0.1134689
0.1149562
0.1308918
0.1506360
0.1661269
0.1755561
0.1749769
0.1610933
0.1404027
0.1247684
0.1192738
0.1199066
0.1177390
0.1012487
0.0639055
0.0151767
-0.0258118
-0.0524074
-0.0746240
-0.0967406
-0.1055654
-0.0896901
-0.0584596
-0.0329064
-0.0257182
-0.0336822
-0.0400359
-0.0232967
0.0228476
0.0758581
0.1032721
0.0974446
0.0799068
0.0718755
0.0740708
0.0753749
0.0673769
0.0490330
0.0267808
0.0074687
-0.0165529
-0.0645806
-0.1352321
-0.1881242
-0.1792950
-0.1120363
-0.0359561
0.0023237
-0.0041659
-0.0281545
-0.0356073
-0.0118789
0.0282126
0.0582907
0.0697949
0.0724653
0.0663180
0.0363831
-0.0151944
-0.0554823
-0.0574204
-0.0355728
-0.0293809
-0.0598166
-0.1112845
-0.1460523
-0.1328271
-0.0760600
-0.0211417
-0.0146940
-0.0554015
-0.0975130
-0.1016090
-0.0655952
-0.0112957
0.0352609
0.0513861
0.0313732
-0.0024597
-0.0202071
-0.0165615
-0.0081879
-0.0059437
-0.0085636
-0.0163029
-0.0299926
-0.0425930
-0.0495309
-0.0583649
-0.0715129
-0.0732433
-0.0539393
-0.0335677
-0.0393251
-0.0703794
-0.1018438
-0.1119598
-0.0933225
-0.0549537
-0.0253339
-0.0318852
-0.0646598
-0.0838242
-0.0749969
-0.0693659
-0.0938980
-0.1296964
-0.1379697
-0.1045944
-0.0453083
0.0112962
0.0367578
0.0217411
-0.0115210
-0.0355972
-0.0518141
-0.0713755
-0.0755130
-0.0363522
0.0270265
0.0577245
0.0295744
-0.0293290
-0.0799012
-0.1039810
-0.0989394
-0.0773505
-0.0677390
-0.0848655
-0.1090912
-0.1204935
-0.1302394
-0.1475931
-0.1469378
-0.1070827
-0.0537645
-0.0227648
-0.0110075
-0.0024824
-0.0069438
-0.0315408
-0.0498162
-0.0391875
-0.0145671
0.0067525
0.0304885
0.0486318
0.0319426
-0.0114366
-0.0299252
-0.0097732
0.0030649
-0.0126852
-0.0230085
-0.0174951
-0.0335783
-0.0733807
-0.0850837
-0.0533690
-0.0158160
0.0262870
0.1055171
0.1880617
0.2046802
0.1900135
0.2405832
0.3240857
0.3067501
0.1850295
0.0799014
-0.0255049
-0.2786574
-0.6080604
-0.6764308
-0.3526647
