0.3999070
0.4598236
0.4933607
0.5067292
0.5080912
0.4859954
0.4043986
0.2274254
-0.0446548
-0.3636060
-0.6608965
-0.8916026
-1.0552333
-1.1783765
-1.2819294
-1.3663788
-1.4235156
-1.4535476
-1.4657310
-1.4649254
-1.4438341
-1.3912075
-1.3048318
-1.1928208
-1.0630086
-0.9158109
-0.7506945
-0.5778194
-0.4187320
-0.2929599
-0.2045465
-0.1428101
-0.0952101
-0.0574396
-0.0312608
-0.0159854
-0.0056657
0.0051797
0.0160164
0.0227924
0.0251740
0.0287042
0.0386011
0.0528911
0.0638244
0.0663528
0.0636059
0.0628504
0.0669779
0.0718287
0.0722330
0.0689159
0.0676780
0.0721843
0.0795769
0.0841578
0.0839910
0.0819511
0.0805689
0.0783740
0.0730999
0.0671965
0.0671396
0.0759708
0.0882205
0.0945678
0.0916131
0.0851375
0.0827512
0.0849374
0.0855313
0.0807522
0.0750095
0.0757970
0.0839839
0.0919120
0.0920537
0.0857362
0.0813028
0.0841812
0.0911510
0.0954972
0.0960578
0.0986878
0.1086217
0.1236508
0.1365869
0.1435236
0.1474032
0.1529111
0.1598634
0.1637088
0.1621347
0.1588284
0.1593232
0.1642140
0.1684048
0.1672822
0.1619552
0.1571128
0.1545657
0.1509026
0.1422542
0.1300461
0.1203272
0.1171791
0.1179294
0.1157562
0.1067116
0.0934129
0.0817748
0.0748683
0.0705633
0.0648624
0.0566751
0.0488089
0.0445266
0.0437440
0.0430002
0.0390779
0.0322273
0.0254303
0.0205753
0.0160880
0.0091520
0.0001917
-0.0060546
-0.0051533
0.0014322
0.0067082
0.0051305
-0.0012821
-0.0050908
-0.0019579
0.0042214
0.0058952
0.0010206
-0.0041217
-0.0021193
0.0067175
0.0143734
0.0140755
0.0076870
0.0030982
0.0050526
0.0101936
0.0115971
0.0069272
0.0008113
-0.0006238
0.0036988
0.0092596
0.0111207
0.0086156
0.0049315
0.0030651
0.0030106
0.0027721
0.0013426
0.0000578
0.0009414
0.0040459
0.0068870
0.0068219
0.0038913
0.0008358
-0.0000076
0.0005360
-0.0005054
-0.0044018
-0.0087008
-0.0098715
-0.0077304
-0.0061386
-0.0086790
-0.0143145
-0.0184498
-0.0183359
-0.0162193
-0.0162135
-0.0186947
-0.0193293
-0.0142487
-0.0052058
0.0016559
0.0021974
-0.0015105
-0.0038821
-0.0021004
0.0011930
0.0015052
-0.0021181
-0.0060941
-0.0065201
-0.0035355
-0.0008850
-0.0013879
-0.0036338
-0.0037418
-0.0001954
0.0039018
0.0041055
0.0000551
-0.0032932
-0.0006696
0.0074892
0.0150422
0.0166754
0.0136436
0.0118591
0.0144343
0.0177714
0.0163123
0.0103058
0.0066361
0.0108936
0.0200175
0.0249460
0.0208306
0.0127630
0.0099072
0.0149158
0.0213458
0.0220008
0.0177297
0.0159057
0.0208832
0.0286454
0.0322061
0.0305179
0.0293235
0.0329805
0.0380943
0.0375677
0.0301486
0.0231217
0.0242016
0.0324144
0.0392553
0.0386631
0.0335284
0.0311553
0.0340406
0.0376894
0.0375470
0.0353785
0.0366827
0.0428880
0.0489652
0.0497670
0.0467004
0.0458110
0.0497223
0.0540839
0.0533273
0.0482699
0.0455665
0.0495228
0.0566355
0.0597156
0.0563025
0.0509363
0.0489819
0.0503077
0.0507081
0.0485638
0.0475847
0.0519949
0.0606167
0.0676971
0.0694115
0.0676766
0.0666998
0.0672719
0.0664306
0.0625780
0.0587266
0.0591706
0.0638980
0.0683027
0.0687782
0.0668569
0.0664380
0.0679787
0.0677622
0.0634851
0.0585173
0.0584941
0.0641418
0.0697450
0.0696981
0.0649974
0.0614071
0.0617929
0.0627364
0.0598733
0.0547423
0.0536656
0.0595816
0.0673720
0.0692210
0.0637084
0.0572463
0.0559998
0.0585176
0.0583704
0.0532578
0.0487489
0.0516724
0.0614032
0.0700677
0.0715169
0.0679739
0.0663281
0.0691371
0.0718677
0.0696406
0.0644477
0.0632721
0.0693488
0.0776906
0.0805994
0.0762922
0.0701145
0.0674372
0.0676067
0.0662749
0.0622570
0.0594832
0.0615932
0.0667108
0.0696091
0.0683862
0.0665496
0.0675823
0.0694412
0.0668831
0.0590273
0.0520125
0.0524558
0.0594801
0.0655192
0.0652323
0.0614091
0.0604359
0.0633445
0.0643117
0.0587837
0.0505174
0.0478270
0.0533415
0.0603852
0.0608277
0.0545010
0.0483943
0.0472531
0.0481698
0.0458967
0.0410643
0.0398082
0.0452642
0.0526539
0.0549338
0.0516265
0.0490151
0.0514796
0.0556856
0.0554060
0.0503636
0.0471326
0.0508800
0.0588288
0.0637268
0.0623825
0.0583432
0.0562721
0.0563273
0.0556853
0.0539704
0.0543884
0.0590306
0.0651819
0.0679540
0.0657740
0.0615556
0.0584899
0.0564332
0.0533656
0.0491753
0.0462958
0.0466016
0.0490450
0.0510212
0.0512302
0.0502700
0.0488327
0.0465821
0.0432929
0.0402901
0.0397651
0.0425608
0.0470960
0.0505712
0.0509377
0.0478513
0.0425586
0.0374119
0.0349185
0.0361678
0.0398167
0.0431311
0.0444463
0.0444183
0.0446669
0.0456086
0.0461917
0.0456269
0.0446308
0.0445932
0.0460025
0.0482559
0.0507072
0.0530285
0.0544097
0.0534484
0.0498048
0.0455560
0.0436605
0.0446921
0.0459976
0.0447980
0.0414616
0.0386231
0.0372977
0.0353823
0.0308555
0.0254169
0.0232312
0.0257869
0.0294543
0.0294017
0.0253857
0.0221330
0.0236158
0.0282957
0.0312900
0.0306525
0.0297571
0.0327521
0.0388480
0.0427198
0.0407391
0.0354993
0.0330371
0.0359610
0.0407775
0.0427372
0.0422056
0.0443243
0.0519310
0.0607191
0.0637382
0.0608370
0.0615406
0.0769646
0.1098533
0.1546197
0.2067155
0.2682054
0.3409749
0.4161409
0.4754305
0.5057966
0.5093441
0.4931560
0.4484009
0.3453251
0.1562843
-0.1131700
-0.4174819
-0.6976763
-0.9171559
-1.0754527
-1.1930616
-1.2874025
-1.3621782
-1.4133709
-1.4391726
-1.4428117
-1.4285500
-1.3971806
-1.3448038
-1.2646741
-1.1510923
-1.0042553
-0.8334846
-0.6558736
-0.4904076
-0.3512518
-0.2440755
-0.1663791
-0.1105137
-0.0678998
-0.0330163
-0.0051071
0.0138752
0.0236121
0.0279078
0.0325920
0.0409301
0.0515142
0.0608008
0.0670957
0.0714105
0.0748613
0.0766168
0.0752990
0.0718676
0.0698553
0.0721512
0.0780211
0.0840030
0.0877201
0.0901092
0.0934714
0.0979231
0.1008843
0.1004330
0.0982637
0.0982099
0.1018275
0.1064513
0.1082795
0.1068343
0.1053306
0.1064181
0.1085002
0.1073791
0.1016773
0.0956743
0.0957417
0.1038317
0.1151168
0.1224766
0.1230145
0.1197802
0.1175178
0.1178067
0.1189402
0.1197486
0.1218568
0.1272135
0.1341996
0.1380493
0.1361556
0.1321304
0.1330031
0.1419073
0.1544730
0.1632818
0.1654344
0.1647732
0.1667544
0.1723940
0.1781539
0.1811133
0.1826854
0.1864761
0.1932520
0.1992929
0.2000382
0.1946432
0.1863989
0.1791257
0.1739683
0.1697274
0.1653492
0.1611119
0.1573486
0.1529130
0.1459187
0.1362392
0.1266041
0.1203978
0.1183330
0.1179370
0.1164919
0.1136159
0.1101730
0.1054289
0.0971964
0.0856461
0.0755431
0.0724989
0.0765392
0.0810405
0.0795299
0.0728560
0.0678213
0.0685839
0.0715280
0.0702278
0.0641300
0.0595781
0.0617469
0.0679676
0.0710056
0.0678133
0.0625201
0.0604949
0.0618661
0.0626649
0.0609988
0.0593970
0.0606275
0.0635006
0.0645723
0.0627936
0.0601647
0.0578770
0.0543598
0.0485701
0.0434110
0.0432957
0.0484334
0.0538980
0.0554230
0.0544097
0.0553735
0.0593219
0.0621903
0.0605413
0.0566963
0.0561100
0.0603144
0.0648093
0.0646278
0.0601189
0.0556253
0.0535933
0.0523719
0.0500251
0.0479063
0.0486493
0.0516811
0.0529760
0.0496984
0.0435849
0.0387590
0.0371001
0.0370230
0.0364747
0.0355991
0.0358320
0.0374429
0.0391313
0.0397103
0.0390986
0.0376890
0.0359484
0.0350754
0.0368154
0.0414312
0.0464719
0.0490043
0.0490789
0.0495162
0.0516700
0.0528950
0.0499032
0.0441336
0.0416444
0.0466347
0.0563174
0.0637582
0.0653405
0.0637229
0.0632815
0.0647158
0.0656614
0.0652061
0.0652385
0.0672072
0.0699531
0.0720046
0.0741752
0.0777790
0.0814158
0.0827326
0.0842436
0.0946694
0.1219554
0.1659909
0.2206846
0.2823028
0.3513514
0.4241667
0.4869102
0.5239705
0.5321605
0.5194977
0.4846512
0.4017437
0.2357395
-0.0208417
-0.3284960
-0.6228197
-0.8581252
-1.0301317
-1.1602222
-1.2650127
-1.3445979
-1.3945205
-1.4189595
-1.4277333
-1.4247005
-1.4048540
-1.3622240
-1.2953991
-1.2034457
-1.0812264
-0.9247926
-0.7423105
-0.5560929
-0.3910069
-0.2607391
-0.1649886
-0.0969786
-0.0503699
-0.0194715
0.0026545
0.0221707
0.0405091
0.0548003
0.0630959
0.0676841
0.0722728
0.0773852
0.0805850
0.0810070
0.0815797
0.0857847
0.0934308
0.1009541
0.1053953
0.1067321
0.1063103
0.1045849
0.1015602
0.0986599
0.0984305
0.1018622
0.1070842
0.1116435
0.1154133
0.1199759
0.1252861
0.1286154
0.1278437
0.1248480
0.1239857
0.1269566
0.1303711
0.1293397
0.1230389
0.1157263
0.1120940
0.1125280
0.1137329
0.1135320
0.1136710
0.1172637
0.1244550
0.1320093
0.1372444
0.1410881
0.1463736
0.1537709
0.1607134
0.1647193
0.1669005
0.1711914
0.1800565
0.1916485
0.2015670
0.2069448
0.2083182
0.2080403
0.2080382
0.2093059
0.2122523
0.2162504
0.2191725
0.2186822
0.2144345
0.2082461
0.2015989
0.1936905
0.1829147
0.1700387
0.1586216
0.1515137
0.1475830
0.1429424
0.1352498
0.1256138
0.1160082
0.1063916
0.0958890
0.0859539
0.0799048
0.0784140
0.0772385
0.0714399
0.0614761
0.0531071
0.0505482
0.0512635
0.0491876
0.0425503
0.0363953
0.0364308
0.0418890
0.0463582
0.0452940
0.0405102
0.0364369
0.0340255
0.0307949
0.0263848
0.0250350
0.0306540
0.0406773
0.0472893
0.0453883
0.0378534
0.0317415
0.0302313
0.0302374
0.0281087
0.0253869
0.0268589
0.0337086
0.0412486
0.0444349
0.0437319
0.0434917
0.0453370
0.0459058
0.0423236
0.0379679
0.0400473
0.0510053
0.0643520
0.0707900
0.0678571
0.0616712
0.0589675
0.0595298
0.0581278
0.0526308
0.0473426
0.0474109
0.0519533
0.0549143
0.0524488
0.0473943
0.0453495
0.0474967
0.0492062
0.0460753
0.0397461
0.0361708
0.0384675
0.0432065
0.0445544
0.0409907
0.0365399
0.0355814
0.0379070
0.0397071
0.0387051
0.0370455
0.0387103
0.0448309
0.0524865
0.0581238
0.0611335
0.0632894
0.0653698
0.0659598
0.0642294
0.0626762
0.0653707
0.0730993
0.0814796
0.0852715
0.0846184
0.0859236
0.0960124
0.1166714
0.1466178
0.1879495
0.2466168
0.3231915
0.4046165
0.4699915
0.5070051
0.5194292
0.5132770
0.4753004
0.3715129
0.1746959
-0.1036832
-0.4112088
-0.6874912
-0.9016692
-1.0603922
-1.1849264
-1.2863532
-1.3626937
-1.4122022
-1.4409121
-1.4558137
-1.4557666
-1.4332904
-1.3839930
-1.3105784
-1.2170318
-1.1022080
-0.9623223
-0.7996286
-0.6266180
-0.4609827
-0.3172987
-0.2030800
-0.1195793
-0.0630917
-0.0258113
0.0011422
0.0229397
0.0394349
0.0491713
0.0542588
0.0598287
0.0687799
0.0788593
0.0861028
0.0901488
0.0942675
0.1000274
0.1041569
0.1027008
0.0974579
0.0955286
0.1013020
0.1107162
0.1155845
0.1130580
0.1085762
0.1089316
0.1144194
0.1195518
0.1205248
0.1195189
0.1208859
0.1250236
0.1281280
0.1274994
0.1246379
0.1221217
0.1195256
0.1148349
0.1091406
0.1068950
0.1103358
0.1157696
0.1175300
0.1147810
0.1121393
0.1134609
0.1173707
0.1204018
0.1228863
0.1289160
0.1401195
0.1520824
0.1590741
0.1611730
0.1639902
0.1711095
0.1796114
0.1848801
0.1877738
0.1938266
0.2054251
0.2178322
0.2245313
0.2245688
0.2222831
0.2206339
0.2178383
0.2117293
0.2049773
0.2028912
0.2060831
0.2082260
0.2028962
0.1909993
0.1789394
0.1700145
0.1607018
0.1466347
0.1297162
0.1165003
0.1101276
0.1066667
0.1004093
0.0907474
0.0816950
0.0752903
0.0682015
0.0563713
0.0415601
0.0307382
0.0285172
0.0320768
0.0348487
0.0338188
0.0311490
0.0291340
0.0263339
0.0201947
0.0119838
0.0067554
0.0079502
0.0133976
0.0177031
0.0179898
0.0160263
0.0147541
0.0145036
0.0140174
0.0140301
0.0171822
0.0236720
0.0292358
0.0296011
0.0261570
0.0248138
0.0286612
0.0336440
0.0331812
0.0263843
0.0196790
0.0195275
0.0249480
0.0289230
0.0267895
0.0210659
0.0171321
0.0162318
0.0151835
0.0123044
0.0105354
0.0133351
0.0193330
0.0231590
0.0211959
0.0149052
0.0084308
0.0045622
0.0039327
0.0067724
0.0131783
0.0212001
0.0266476
0.0267894
0.0237816
0.0224512
0.0243694
0.0260733
0.0242550
0.0209385
0.0213328
0.0271539
0.0344052
0.0382944
0.0384815
0.0381697
0.0392172
0.0401874
0.0394441
0.0383831
0.0400969
0.0454204
0.0519688
0.0572749
0.0610988
0.0636469
0.0633971
0.0592202
0.0541530
0.0540674
0.0612317
0.0709208
0.0761165
0.0747673
0.0709127
0.0691868
0.0701055
0.0712276
0.0713360
0.0719508
0.0751947
0.0818229
0.0918554
0.1059097
0.1252285
0.1520483
0.1914825
0.2504521
0.3293672
0.4134422
0.4777360
0.5067551
0.5075771
0.4962915
0.4679428
0.3853667
0.2071706
-0.0682870
-0.3883769
-0.6794563
-0.8973933
-1.0480013
-1.1632773
-1.2642849
-1.3484216
-1.4050090
-1.4327832
-1.4393038
-1.4294135
-1.4004226
-1.3477034
-1.2703028
-1.1697497
-1.0466496
-0.9017546
-0.7404600
-0.5744577
-0.4180059
-0.2827714
-0.1756651
-0.0989132
-0.0492858
-0.0176132
0.0072618
0.0312834
0.0525779
0.0672880
0.0766013
0.0858185
0.0973688
0.1079024
0.1133394
0.1147070
0.1171628
0.1239916
0.1333049
0.1410063
0.1457226
0.1494737
0.1537863
0.1571312
0.1575388
0.1563621
0.1570319
0.1602561
0.1630095
0.1631145
0.1625695
0.1646783
0.1693179
0.1729755
0.1729644
0.1700066
0.1665787
0.1638973
0.1612516
0.1580737
0.1557977
0.1565978
0.1601868
0.1633177
0.1635264
0.1621960
0.1624078
0.1647654
0.1673649
0.1693963
0.1724609
0.1779201
0.1846556
0.1902044
0.1932993
0.1949756
0.1975494
0.2022296
0.2074711
0.2105658
0.2113208
0.2128017
0.2174940
0.2240924
0.2292645
0.2313065
0.2308772
0.2295093
0.2287526
0.2295182
0.2308453
0.2301852
0.2257319
0.2175086
0.2061846
0.1929576
0.1808742
0.1733484
0.1700982
0.1668932
0.1604241
0.1512265
0.1412509
0.1313663
0.1219452
0.1129303
0.1028256
0.0909388
0.0807202
0.0766094
0.0771779
0.0762195
0.0711153
0.0645204
0.0574003
0.0480243
0.0399869
0.0423365
0.0563285
