0.0212527
0.0052692
0.0188183
0.0336941
0.0355305
0.0333616
0.0349107
0.0360190
0.0339689
0.0330540
0.0356074
0.0402124
0.0479612
0.0597357
0.0700338
0.0740218
0.0770062
0.0861009
0.0967629
0.0997342
0.0982630
0.1053449
0.1239083
0.1412214
0.1451838
0.1378368
0.1301866
0.1292364
0.1323647
0.1318989
0.1247322
0.1176002
0.1197595
0.1298405
0.1356197
0.1294250
0.1175348
0.1101019
0.1078332
0.1045562
0.0983473
0.0932513
0.0919406
0.0922009
0.0901639
0.0835727
0.0725447
0.0595807
0.0483748
0.0414574
0.0394032
0.0414678
0.0448895
0.0448748
0.0389368
0.0307263
0.0258037
0.0242358
0.0217755
0.0180117
0.0180403
0.0248784
0.0348327
0.0423712
0.0460552
0.0475220
0.0473466
0.0445950
0.0397013
0.0359390
0.0369653
0.0422530
0.0458367
0.0421058
0.0330718
0.0264957
0.0255249
0.0242880
0.0167938
0.0065363
0.0025457
0.0075469
0.0146449
0.0157596
0.0098189
0.0018405
-0.0035404
-0.0060494
-0.0081096
-0.0107406
-0.0124536
-0.0124099
-0.0125856
-0.0147341
-0.0168674
-0.0161170
-0.0143523
-0.0167981
-0.0242959
-0.0307422
-0.0300865
-0.0231430
-0.0154497
-0.0104968
-0.0074726
-0.0047619
-0.0033066
-0.0055303
-0.0112587
-0.0157254
-0.0131277
-0.0026120
0.0106173
0.0207284
0.0260743
0.0278981
0.0270867
0.0246716
0.0234349
0.0255347
0.0290482
0.0298157
0.0268786
0.0236929
0.0233298
0.0243592
0.0227949
0.0175208
0.0125335
0.0128901
0.0184620
0.0231052
0.0211932
0.0137356
0.0060762
0.0007206
-0.0043405
-0.0102865
-0.0142786
-0.0132766
-0.0082549
-0.0024173
0.0027953
0.0073353
0.0093650
0.0057262
-0.0032553
-0.0112704
-0.0107864
-0.0010296
0.0102936
0.0149315
0.0128077
0.0102732
0.0102589
0.0088633
0.0042138
0.0044770
0.0215117
0.0574571
0.1029021
0.1493594
0.1984691
0.2551588
0.3149730
0.3646214
0.3968522
0.4192627
0.4409348
0.4490449
0.4057554
0.2767730
0.0648917
-0.1883938
-0.4360427
-0.6578140
-0.8601699
-1.0511057
-1.2222817
-1.3558935
-1.4430866
-1.4908719
-1.5113042
-1.5070375
-1.4694366
-1.3897818
-1.2698913
-1.1215135
-0.9583137
-0.7910232
-0.6287730
-0.4809975
-0.3559271
-0.2578283
-0.1860176
-0.1357485
-0.1002525
-0.0735935
-0.0527941
-0.0373968
-0.0272373
-0.0209749
-0.0162965
-0.0108452
-0.0032096
0.0063496
0.0161586
0.0242335
0.0289237
0.0290823
0.0252220
0.0208771
0.0209169
0.0268725
0.0347011
0.0386827
0.0373981
0.0347842
0.0351838
0.0381881
0.0390645
0.0345318
0.0276950
0.0259192
0.0327522
0.0428478
0.0467673
0.0409693
0.0314661
0.0270268
0.0300994
0.0354517
0.0370235
0.0348094
0.0344307
0.0401263
0.0490584
0.0538547
0.0511145
0.0460116
0.0472227
0.0580469
0.0738745
0.0878877
0.0975107
0.1049412
0.1128740
0.1211661
0.1279688
0.1334524
0.1410751
0.1539194
0.1700302
0.1831319
0.1889589
0.1898752
0.1920117
0.1982823
0.2054595
0.2083287
0.2057567
0.2015829
0.1991547
0.1959985
0.1860660
0.1683302
0.1511716
0.1451746
0.1513483
0.1590794
0.1570160
0.1441536
0.1285725
0.1169275
0.1082808
0.0987443
0.0891836
0.0850636
0.0886167
0.0942597
0.0942807
0.0878066
0.0809549
0.0779798
0.0760006
0.0707314
0.0644252
0.0638325
0.0706434
0.0780494
0.0785520
0.0725687
0.0667069
0.0648631
0.0644976
0.0626079
0.0622266
0.0692965
0.0832658
0.0946819
0.0948444
0.0860241
0.0787750
0.0794766
0.0840698
0.0852068
0.0822273
0.0809183
0.0847076
0.0896367
0.0891476
0.0819447
0.0734239
0.0698165
0.0723597
0.0774553
0.0811075
0.0818428
0.0799545
0.0760058
0.0709113
0.0661021
0.0624202
0.0596845
0.0582919
0.0600408
0.0656187
0.0719096
0.0740287
0.0705782
0.0653109
0.0627173
0.0632008
0.0639495
0.0638306
0.0652752
0.0703165
0.0762639
0.0777580
0.0735317
0.0688019
0.0690044
0.0725738
0.0728717
0.0672881
0.0612936
0.0617829
0.0685678
0.0750453
0.0764394
0.0745605
0.0738129
0.0749337
0.0748892
0.0722174
0.0698226
0.0712020
0.0755287
0.0787627
0.0793024
0.0798708
0.0827376
0.0854863
0.0840503
0.0788753
0.0750599
0.0759068
0.0787988
0.0789516
0.0756505
0.0725874
0.0723036
0.0725811
0.0697416
0.0644263
0.0618342
0.0654677
0.0722757
0.0757555
0.0732112
0.0678693
0.0637210
0.0607672
0.0570179
0.0535375
0.0546155
0.0622319
0.0720664
0.0767128
0.0730141
0.0653332
0.0609352
0.0625767
0.0666667
0.0687285
0.0690084
0.0712685
0.0769962
0.0831104
0.0859498
0.0856734
0.0851458
0.0852982
0.0836496
0.0782094
0.0716015
0.0694892
0.0744287
0.0825753
0.0877589
0.0880785
0.0865728
0.0855055
0.0828979
0.0767979
0.0710712
0.0731407
0.0848464
0.0980096
0.1016567
0.0935122
0.0824904
0.0790922
0.0847548
0.0923107
0.0962889
0.1001296
0.1120275
0.1359006
0.1692708
0.2090332
0.2551153
0.3065885
0.3574246
0.4003276
0.4343876
0.4642676
0.4883877
0.4896374
0.4427390
0.3340533
0.1735459
-0.0143438
-0.2105105
-0.4093850
-0.6085839
-0.7964920
-0.9555254
-1.0767048
-1.1656024
-1.2312654
-1.2722297
-1.2772457
-1.2391414
-1.1639707
-1.0646099
-0.9481900
-0.8140729
-0.6646191
-0.5137744
-0.3809689
-0.2768310
-0.1978067
-0.1351789
-0.0860119
-0.0528092
-0.0347256
-0.0236882
-0.0108412
0.0053987
0.0199697
0.0290496
0.0347555
0.0411468
0.0478938
0.0510071
0.0499455
0.0507174
0.0592975
0.0733701
0.0839994
0.0860570
0.0840306
0.0854457
0.0905984
0.0924130
0.0868356
0.0798734
0.0812229
0.0919342
0.1021179
0.1024233
0.0949927
0.0897047
0.0907386
0.0915457
0.0849419
0.0741703
0.0692980
0.0736438
0.0789571
0.0762449
0.0677386
0.0637975
0.0687842
0.0748699
0.0723768
0.0632761
0.0598705
0.0698466
0.0867618
0.0979336
0.0990779
0.0970920
0.0991200
0.1039145
0.1065707
0.1083149
0.1165771
0.1348833
0.1564375
0.1704115
0.1733717
0.1719963
0.1745739
0.1823572
0.1906395
0.1962225
0.2006178
0.2057621
0.2097856
0.2093010
0.2043651
0.1983957
0.1932546
0.1870666
0.1781568
0.1691963
0.1649402
0.1658979
0.1664067
0.1603506
0.1478202
0.1343756
0.1238519
0.1141416
0.1016237
0.0882025
0.0809010
0.0836520
0.0915877
0.0952547
0.0896873
0.0778341
0.0657680
0.0568732
0.0514477
0.0497615
0.0527064
0.0591790
0.0651073
0.0669335
0.0653316
0.0636014
0.0625633
0.0595668
0.0538852
0.0507932
0.0569807
0.0718321
0.0861950
0.0914851
0.0883773
0.0844402
0.0841520
0.0842721
0.0801537
0.0740817
0.0740173
0.0837535
0.0971123
0.1040940
0.1016190
0.0955972
0.0924056
0.0913648
0.0876914
0.0811140
0.0782328
0.0855143
0.1020815
0.1214456
0.1399768
0.1617298
0.1937213
0.2370788
0.2843404
0.3260498
0.3589552
0.3861672
0.4086675
0.4170066
0.3917317
0.3127376
0.1707224
-0.0264539
-0.2557396
-0.4880057
-0.6997272
-0.8808908
-1.0342440
-1.1664365
-1.2781245
-1.3616892
-1.4083583
-1.4165016
-1.3910859
-1.3347448
-1.2421803
-1.1067870
-0.9334120
-0.7424817
-0.5598720
-0.4028815
-0.2759778
-0.1774762
-0.1063026
-0.0608205
-0.0341492
-0.0154413
0.0022551
0.0172334
0.0242178
0.0232330
0.0209738
0.0233265
0.0293263
0.0342990
0.0371744
0.0417581
0.0506999
0.0610221
0.0675929
0.0697786
0.0720544
0.0775651
0.0834659
0.0848485
0.0823247
0.0826056
0.0902685
0.1011624
0.1066116
0.1035805
0.0978779
0.0964910
0.0992886
0.1007154
0.0984961
0.0972011
0.1018225
0.1102558
0.1152390
0.1134979
0.1097369
0.1098296
0.1125386
0.1116118
0.1057965
0.1026400
0.1098270
0.1250839
0.1383206
0.1435182
0.1449092
0.1498945
0.1588894
0.1658063
0.1678709
0.1707010
0.1812822
0.1982568
0.2127811
0.2188647
0.2193835
0.2203953
0.2226657
0.2223816
0.2189845
0.2176228
0.2219762
0.2277623
0.2267421
0.2162770
0.2017279
0.1890526
0.1782831
0.1664944
0.1548631
0.1485992
0.1491809
0.1502020
0.1438697
0.1301926
0.1164730
0.1077631
0.1013236
0.0921971
0.0812776
0.0742610
0.0734633
0.0745893
0.0727672
0.0685253
0.0649879
0.0611783
0.0525693
0.0392355
0.0295226
0.0318631
0.0440444
0.0545372
0.0554249
0.0506901
0.0493057
0.0528804
0.0546722
0.0506437
0.0463966
0.0498499
0.0597338
0.0659659
0.0616775
0.0509677
0.0427041
0.0395309
0.0367355
0.0311341
0.0264678
0.0277181
0.0330991
0.0357289
0.0326876
0.0283137
0.0270886
0.0268433
0.0225250
0.0149452
0.0111429
0.0150094
0.0213310
0.0221387
0.0169198
0.0125294
0.0129679
0.0136244
0.0085600
0.0007936
0.0003840
0.0115510
0.0260062
0.0324172
0.0303937
0.0309699
0.0435421
0.0670358
0.0961836
0.1321185
0.1806236
0.2396941
0.2948345
0.3314574
0.3498783
0.3620359
0.3707749
0.3559470
0.2862390
0.1463048
-0.0493679
-0.2694110
-0.4892966
-0.7008498
-0.9024820
-1.0870313
-1.2423852
-1.3609488
-1.4436841
-1.4940272
-1.5111149
-1.4914611
-1.4355015
-1.3486248
-1.2348377
-1.0930044
-0.9234202
-0.7379111
-0.5593686
-0.4081813
-0.2897721
-0.1972237
-0.1248296
-0.0751615
-0.0511795
-0.0448630
-0.0390896
-0.0227144
-0.0010170
0.0119611
0.0106845
0.0043836
0.0052848
0.0141906
0.0214212
0.0208748
0.0183854
0.0238600
0.0380749
0.0512976
0.0548815
0.0505809
0.0464884
0.0463305
0.0464791
0.0434254
0.0401807
0.0422901
0.0491592
0.0532650
0.0490741
0.0399810
0.0339958
0.0339932
0.0354829
0.0344603
0.0341576
0.0409445
0.0543479
0.0647634
0.0633728
0.0530987
0.0469513
0.0547073
0.0730641
0.0905595
0.1008936
0.1084765
0.1202076
0.1348138
0.1437510
0.1425983
0.1383031
0.1426222
0.1592430
0.1799137
0.1938392
0.1986074
0.1999505
0.2024017
0.2040184
0.2015706
0.1976928
0.1989795
0.2071296
0.2155089
0.2164432
0.2098908
0.2021809
0.1969513
0.1908222
0.1795566
0.1658489
0.1574404
0.1574217
0.1595309
0.1549846
0.1422320
0.1274532
0.1162122
0.1079268
0.0996432
0.0921905
0.0892777
0.0912212
0.0930786
0.0904637
0.0850608
0.0821075
0.0833454
0.0851375
0.0840519
0.0818285
0.0827786
0.0874327
0.0913568
0.0905210
0.0855270
0.0793223
0.0728335
0.0654740
0.0592082
0.0586820
0.0656234
0.0749992
0.0791675
0.0756089
0.0687136
0.0638195
0.0615549
0.0592220
0.0559737
0.0540099
0.0546559
0.0557707
0.0545288
0.0512701
0.0485449
0.0469895
0.0446368
0.0408285
0.0383217
0.0395358
0.0421682
0.0413785
0.0364378
0.0324453
0.0338057
0.0379007
0.0380609
0.0326591
0.0283077
0.0322790
0.0434302
0.0532039
0.0553529
0.0520089
0.0491460
0.0486367
0.0476676
0.0450669
0.0443662
0.0487155
0.0550901
0.0568029
0.0517924
0.0455972
0.0445079
0.0475515
0.0480080
0.0428641
0.0378667
0.0410112
0.0522503
0.0626082
0.0642802
0.0593048
0.0561218
0.0586928
0.0620826
0.0597578
0.0527746
0.0489211
0.0530647
0.0611549
0.0652900
0.0629395
0.0585724
0.0565587
0.0557417
0.0529845
0.0498468
0.0519205
0.0609890
0.0711314
0.0751937
0.0735756
0.0732873
0.0780237
0.0825383
0.0793842
0.0694940
0.0623178
0.0646089
0.0721204
0.0751423
0.0708761
0.0666250
0.0697377
0.0775336
0.0803234
0.0735214
0.0633330
0.0591997
0.0629843
0.0680646
0.0681877
0.0641905
0.0609333
0.0599747
0.0581410
0.0532313
0.0483693
0.0487111
0.0547248
0.0608424
0.0612071
0.0552808
0.0468868
0.0390341
0.0316879
0.0247252
0.0209533
0.0241734
0.0343180
0.0461141
0.0536167
0.0555403
0.0551643
0.0553511
0.0553172
0.0532737
0.0510241
0.0536074
0.0633661
0.0755178
0.0813761
0.0765367
0.0652404
0.0561223
0.0540050
0.0564731
0.0582881
0.0579831
0.0590163
0.0645276
0.0721697
0.0752991
0.0695185
0.0575295
0.0470628
0.0440445
0.0480324
0.0542014
0.0589493
0.0625364
0.0661996
0.0681872
0.0645729
0.0544712
0.0430864
0.0380066
0.0422233
0.0514611
0.0584470
0.0590913
0.0544722
0.0483154
0.0441679
0.0445994
0.0507762
0.0610914
0.0710505
0.0765451
0.0777522
0.0785080
0.0812175
0.0838232
0.0831996
0.0803625
0.0797767
0.0832856
0.0875270
0.0893119
0.0914622
0.0996296
0.1134116
0.1253067
0.1321502
0.1450808
0.1817846
0.2459521
0.3181461
0.3722597
0.4010333
0.4204331
0.4457510
0.4660932
0.4472782
0.3611490
0.2098961
0.0211834
-0.1770018
-0.3734753
-0.5686572
-0.7592878
-0.9327951
-1.0751924
-1.1802081
-1.2492119
-1.2846917
-1.2863644
-1.2531099
-1.1863832
-1.0908770
-0.9730048
-0.8396812
-0.6979883
-0.5550597
-0.4182559
-0.2956610
-0.1954085
-0.1225626
-0.0755516
-0.0463513
-0.0256443
-0.0085746
0.0045511
0.0128492
0.0189081
0.0271665
0.0384329
0.0474122
0.0471381
0.0364290
0.0226427
0.0164176
0.0230842
0.0387009
0.0540545
0.0623247
0.0631860
0.0605463
0.0577521
0.0556872
0.0545954
0.0558288
0.0606829
0.0681084
0.0748177
0.0779949
0.0773673
0.0745519
0.0712928
0.0689840
0.0690121
0.0719077
0.0758124
0.0772332
0.0745858
0.0703275
0.0680529
0.0676065
0.0650956
0.0588966
0.0539464
0.0573926
0.0697398
0.0827228
0.0876567
0.0845879
0.0809597
0.0816770
0.0835397
0.0811835
0.0762933
0.0772727
0.0890845
0.1061993
0.1179770
0.1200209
0.1177277
0.1186206
0.1240386
0.1302423
0.1356968
0.1434975
0.1555398
0.1670371
0.1699552
0.1620431
0.1502966
0.1442049
0.1465623
0.1522341
0.1552141
0.1546714
0.1532295
0.1513133
0.1460312
0.1361678
0.1259939
0.1216907
0.1240023
0.1264628
0.1222640
0.1119503
0.1024771
0.0984985
0.0965800
0.0897787
0.0771501
0.0662007
0.0647460
0.0718622
0.0789477
0.0794106
0.0749194
0.0709582
0.0683657
0.0625204
0.0513669
0.0412052
0.0413505
0.0530818
0.0664683
0.0698608
0.0616168
0.0508128
0.0467110
0.0496135
0.0531015
0.0534589
0.0539532
0.0589893
0.0662666
0.0676731
0.0587232
0.0453151
0.0390027
0.0452866
0.0579456
0.0658575
0.0645128
0.0592011
0.0568999
0.0572850
0.0539346
0.0439427
0.0335494
0.0322001
0.0417999
0.0540432
0.0589927
0.0547025
0.0471130
0.0417865
0.0383867
0.0339146
0.0289300
0.0277746
0.0325506
