0.0355462
0.0204973
0.0174581
0.0196865
0.0174270
0.0079859
-0.0031945
-0.0086536
-0.0060180
-0.0007582
-0.0010636
-0.0085211
-0.0158482
-0.0161101
-0.0116735
-0.0102895
-0.0140348
-0.0169765
-0.0139929
-0.0074464
-0.0032036
-0.0029470
-0.0030240
0.0001754
0.0060485
0.0115472
0.0158704
0.0216652
0.0308910
0.0410986
0.0481439
0.0520844
0.0572095
0.0652904
0.0720652
0.0729667
0.0701015
0.0700727
0.0754768
0.0818294
0.0836091
0.0807763
0.0776293
0.0767052
0.0762417
0.0739572
0.0711622
0.0709891
0.0731320
0.0731937
0.0685948
0.0627849
0.0608307
0.0620284
0.0605074
0.0536504
0.0464261
0.0451595
0.0492035
0.0518035
0.0486815
0.0428473
0.0399258
0.0408630
0.0415519
0.0391848
0.0362995
0.0370311
0.0410421
0.0438431
0.0429651
0.0409260
0.0408458
0.0416467
0.0401665
0.0366938
0.0352090
0.0378638
0.0420009
0.0440641
0.0444679
0.0462380
0.0494947
0.0501060
0.0451865
0.0382344
0.0362522
0.0415886
0.0488866
0.0514009
0.0485454
0.0449722
0.0433428
0.0414313
0.0371760
0.0334150
0.0348098
0.0412476
0.0472158
0.0481219
0.0450461
0.0420553
0.0404659
0.0379652
0.0331353
0.0283481
0.0266806
0.0274428
0.0271364
0.0246141
0.0226444
0.0232843
0.0240891
0.0214009
0.0162632
0.0139742
0.0172645
0.0225423
0.0245529
0.0229776
0.0219031
0.0232271
0.0235591
0.0192306
0.0125250
0.0100802
0.0149251
0.0226009
0.0266046
0.0257708
0.0238479
0.0228941
0.0208059
0.0165700
0.0146964
0.0209251
0.0340945
0.0454702
0.0474231
0.0410287
0.0335952
0.0299938
0.0288177
0.0270760
0.0257543
0.0282587
0.0343216
0.0385586
0.0363657
0.0294536
0.0236889
0.0223393
0.0235278
0.0242316
0.0244276
0.0259672
0.0287885
0.0303550
0.0290252
0.0264522
0.0255826
0.0268455
0.0276260
0.0259527
0.0237731
0.0253030
0.0318659
0.0392599
0.0412674
0.0361507
0.0294242
0.0295632
0.0402629
0.0569604
0.0722329
0.0857876
0.1082701
0.1527500
0.2212580
0.3012720
0.3773637
0.4452854
0.5111200
0.5746275
0.6158029
0.6028533
0.5169339
0.3690284
0.1908942
0.0091365
-0.1709612
-0.3571549
-0.5500306
-0.7344567
-0.8902297
-1.0074269
-1.0894808
-1.1435469
-1.1713093
-1.1694011
-1.1354849
-1.0709628
-0.9785139
-0.8605690
-0.7226519
-0.5771116
-0.4405521
-0.3258519
-0.2367792
-0.1700835
-0.1210440
-0.0858690
-0.0605188
-0.0406369
-0.0241655
-0.0125147
-0.0071496
-0.0052360
-0.0006147
0.0099216
0.0225968
0.0306366
0.0321070
0.0319687
0.0356521
0.0424184
0.0471340
0.0478700
0.0488947
0.0548674
0.0639741
0.0693030
0.0669859
0.0608750
0.0579868
0.0604960
0.0640249
0.0637933
0.0605248
0.0588355
0.0606596
0.0623927
0.0592930
0.0513260
0.0431602
0.0387410
0.0374222
0.0360267
0.0335852
0.0325494
0.0350742
0.0392242
0.0402135
0.0357838
0.0295577
0.0280904
0.0345620
0.0460607
0.0571780
0.0652773
0.0713848
0.0766462
0.0798251
0.0794851
0.0778855
0.0807520
0.0918396
0.1080587
0.1213334
0.1260512
0.1242444
0.1228212
0.1260748
0.1318249
0.1349438
0.1335411
0.1306812
0.1302269
0.1320386
0.1320211
0.1267673
0.1174437
0.1086080
0.1035061
0.1013027
0.0990883
0.0956269
0.0920140
0.0888327
0.0841843
0.0758297
0.0650297
0.0567963
0.0552017
0.0587098
0.0613046
0.0587399
0.0528948
0.0491289
0.0499466
0.0527762
0.0542619
0.0550241
0.0583897
0.0647570
0.0693164
0.0668530
0.0583034
0.0509949
0.0516288
0.0596318
0.0682271
0.0717161
0.0705222
0.0687474
0.0681502
0.0662405
0.0603596
0.0520135
0.0458261
0.0445175
0.0461459
0.0468081
0.0452935
0.0440342
0.0454433
0.0484112
0.0494270
0.0469326
0.0434593
0.0428823
0.0461197
0.0502673
0.0518277
0.0501121
0.0473127
0.0458116
0.0459609
0.0464717
0.0465583
0.0472618
0.0503369
0.0557480
0.0606272
0.0614570
0.0578577
0.0539916
0.0553108
0.0632860
0.0737571
0.0813098
0.0851485
0.0896264
0.0989982
0.1137298
0.1339093
0.1648884
0.2152610
0.2864692
0.3661602
0.4358433
0.4864851
0.5237489
0.5544671
0.5681577
0.5355785
0.4291236
0.2460148
0.0119347
-0.2367274
-0.4733999
-0.6873522
-0.8759152
-1.0358538
-1.1623504
-1.2528957
-1.3095986
-1.3377983
-1.3428467
-1.3267672
-1.2859025
-1.2118494
-1.0974516
-0.9449641
-0.7693898
-0.5928720
-0.4343697
-0.3033449
-0.2012982
-0.1266166
-0.0764622
-0.0454501
-0.0257252
-0.0103960
0.0032878
0.0148395
0.0240661
0.0325593
0.0415999
0.0498649
0.0544764
0.0544027
0.0520561
0.0510977
0.0530444
0.0565307
0.0596650
0.0623142
0.0657074
0.0703009
0.0747385
0.0770597
0.0766564
0.0749200
0.0740701
0.0753335
0.0780865
0.0806602
0.0819546
0.0821844
0.0820296
0.0813629
0.0793168
0.0758026
0.0725652
0.0720426
0.0748182
0.0785036
0.0797623
0.0776782
0.0747514
0.0742068
0.0765922
0.0795772
0.0810563
0.0817479
0.0843005
0.0902337
0.0983634
0.1062034
0.1123478
0.1172204
0.1219539
0.1271842
0.1330047
0.1394892
0.1466757
0.1540726
0.1605830
0.1650350
0.1666213
0.1650048
0.1606495
0.1553323
0.1516440
0.1510191
0.1520701
0.1514128
0.1464887
0.1374465
0.1263492
0.1152479
0.1055532
0.0986236
0.0954804
0.0951981
0.0944578
0.0901738
0.0829171
0.0767522
0.0749027
0.0761089
0.0761880
0.0729659
0.0685793
0.0666792
0.0684527
0.0721284
0.0754557
0.0772380
0.0766407
0.0728497
0.0665986
0.0610477
0.0593701
0.0612368
0.0630876
0.0625885
0.0615081
0.0626289
0.0645719
0.0622556
0.0536272
0.0440821
0.0417520
0.0484456
0.0572923
0.0602046
0.0561353
0.0505340
0.0478336
0.0470290
0.0451374
0.0424904
0.0421340
0.0446734
0.0465404
0.0445797
0.0404814
0.0384768
0.0392573
0.0387427
0.0337938
0.0271797
0.0247972
0.0285693
0.0343211
0.0372656
0.0376685
0.0393617
0.0436185
0.0470500
0.0464497
0.0438464
0.0446024
0.0508047
0.0586502
0.0632065
0.0640904
0.0646434
0.0662783
0.0662041
0.0618028
0.0554789
0.0528950
0.0563690
0.0618737
0.0636506
0.0608207
0.0580340
0.0598307
0.0659407
0.0729768
0.0800087
0.0915999
0.1156631
0.1586803
0.2215737
0.2977782
0.3748820
0.4407707
0.4907898
0.5279342
0.5523278
0.5488639
0.4885878
0.3483876
0.1332996
-0.1209297
-0.3699582
-0.5878905
-0.7746194
-0.9397313
-1.0829980
-1.1922662
-1.2580917
-1.2860758
-1.2923944
-1.2880757
-1.2694667
-1.2240231
-1.1435332
-1.0306372
-0.8942992
-0.7426922
-0.5828690
-0.4259085
-0.2880488
-0.1830868
-0.1130533
-0.0678615
-0.0350328
-0.0091593
0.0084896
0.0177651
0.0239576
0.0331964
0.0455203
0.0552598
0.0585750
0.0583316
0.0599493
0.0639915
0.0657729
0.0627504
0.0595368
0.0630165
0.0732315
0.0819876
0.0817894
0.0744938
0.0690510
0.0710930
0.0770582
0.0796184
0.0770892
0.0750094
0.0784444
0.0852509
0.0887871
0.0861818
0.0814471
0.0798451
0.0812264
0.0809331
0.0767139
0.0723861
0.0734232
0.0801068
0.0868615
0.0884211
0.0850509
0.0808443
0.0782501
0.0762981
0.0741892
0.0743673
0.0802057
0.0912748
0.1027622
0.1101208
0.1131634
0.1149170
0.1176325
0.1214671
0.1266381
0.1345844
0.1455942
0.1564725
0.1627217
0.1633727
0.1620081
0.1620035
0.1620553
0.1582353
0.1501000
0.1425415
0.1404805
0.1430759
0.1448120
0.1417500
0.1348658
0.1270875
0.1192929
0.1110117
0.1038423
0.1012846
0.1041926
0.1082472
0.1078616
0.1020765
0.0948708
0.0897118
0.0858355
0.0808882
0.0754252
0.0724894
0.0730633
0.0742900
0.0731169
0.0699435
0.0670113
0.0643604
0.0599806
0.0542998
0.0518686
0.0563452
0.0648349
0.0698898
0.0676914
0.0621494
0.0595280
0.0607375
0.0614274
0.0591658
0.0572704
0.0598233
0.0650422
0.0666964
0.0620668
0.0556618
0.0534798
0.0554093
0.0558516
0.0515563
0.0461317
0.0454205
0.0501215
0.0552284
0.0563652
0.0543200
0.0524888
0.0518389
0.0505103
0.0477707
0.0459437
0.0474409
0.0512931
0.0540598
0.0536101
0.0505646
0.0461293
0.0403198
0.0333983
0.0278136
0.0266368
0.0297173
0.0329516
0.0325313
0.0291723
0.0267969
0.0272762
0.0281488
0.0263335
0.0228152
0.0219352
0.0260828
0.0326534
0.0371092
0.0380308
0.0377400
0.0382391
0.0384220
0.0364763
0.0339601
0.0353729
0.0429704
0.0532786
0.0601212
0.0608453
0.0583927
0.0571482
0.0581422
0.0593353
0.0596576
0.0607847
0.0642989
0.0685490
0.0700285
0.0677920
0.0649691
0.0650409
0.0675382
0.0687575
0.0665644
0.0630120
0.0614732
0.0622259
0.0622890
0.0595248
0.0554898
0.0534333
0.0542945
0.0559415
0.0563906
0.0565453
0.0588070
0.0634030
0.0672783
0.0672142
0.0636133
0.0605455
0.0620316
0.0688941
0.0798871
0.0959593
0.1226214
0.1667813
0.2302695
0.3067620
0.3862401
0.4626961
0.5355596
0.6011907
0.6433804
0.6363606
0.5620382
0.4260209
0.2548930
0.0754711
-0.1035803
-0.2893397
-0.4856367
-0.6795608
-0.8481583
-0.9764920
-1.0663865
-1.1277860
-1.1649623
-1.1735211
-1.1490146
-1.0943315
-1.0168356
-0.9204385
-0.8038117
-0.6674534
-0.5211334
-0.3827617
-0.2692452
-0.1877554
-0.1342887
-0.0989996
-0.0728122
-0.0507601
-0.0314580
-0.0149302
-0.0011934
0.0096735
0.0170660
0.0203850
0.0203617
0.0194424
0.0203194
0.0240893
0.0301320
0.0374595
0.0452725
0.0520001
0.0551082
0.0535182
0.0502754
0.0510717
0.0585276
0.0682722
0.0723135
0.0670554
0.0570976
0.0501376
0.0487014
0.0483504
0.0441832
0.0373606
0.0335716
0.0355170
0.0388756
0.0368205
0.0277141
0.0169559
0.0111081
0.0113328
0.0133520
0.0130840
0.0108475
0.0096197
0.0103998
0.0108676
0.0088562
0.0058912
0.0059853
0.0109288
0.0179181
0.0227300
0.0248154
0.0280001
0.0355771
0.0456093
0.0525080
0.0535543
0.0527252
0.0569406
0.0687156
0.0834940
0.0944409
0.0989578
0.0998672
0.1010665
0.1035622
0.1060480
0.1078528
0.1096714
0.1114844
0.1113459
0.1073619
0.1004096
0.0937816
0.0898894
0.0880107
0.0857008
0.0819044
0.0779892
0.0758050
0.0753794
0.0748129
0.0721074
0.0668364
0.0603487
0.0548489
0.0522007
0.0529141
0.0556881
0.0580334
0.0578726
0.0548641
0.0501788
0.0451430
0.0405330
0.0372641
0.0369098
0.0403084
0.0453360
0.0471848
0.0424378
0.0334130
0.0275227
0.0309269
0.0422961
0.0534351
0.0567934
0.0523585
0.0467270
0.0455626
0.0479548
0.0488953
0.0465651
0.0453499
0.0504620
0.0602789
0.0660080
0.0603764
0.0462890
0.0353390
0.0367335
0.0480644
0.0579038
0.0575127
0.0490809
0.0420071
0.0420814
0.0458554
0.0458830
0.0399823
0.0336718
0.0334541
0.0391796
0.0442109
0.0427262
0.0356475
0.0289790
0.0271900
0.0291800
0.0305729
0.0289468
0.0261413
0.0256754
0.0285036
0.0315949
0.0306877
0.0245448
0.0166623
0.0126308
0.0152682
0.0219368
0.0268091
0.0262733
0.0223134
0.0203111
0.0233341
0.0289262
0.0319946
0.0306732
0.0284627
0.0299867
0.0351431
0.0386152
0.0357293
0.0281653
0.0228444
0.0249247
0.0325836
0.0392824
0.0407227
0.0385599
0.0370741
0.0373910
0.0364909
0.0320807
0.0269576
0.0268274
0.0334474
0.0411163
0.0414021
0.0317303
0.0185657
0.0113769
0.0136336
0.0204003
0.0246639
0.0247457
0.0244035
0.0263606
0.0279830
0.0248623
0.0177521
0.0135409
0.0180398
0.0288079
0.0369411
0.0363198
0.0297986
0.0253281
0.0268743
0.0308631
0.0318312
0.0298760
0.0307372
0.0385441
0.0500312
0.0571639
0.0553540
0.0482512
0.0440861
0.0476764
0.0563875
0.0636142
0.0654212
0.0633247
0.0610602
0.0597805
0.0572970
0.0518513
0.0455147
0.0428207
0.0459526
0.0520289
0.0557252
0.0543316
0.0496786
0.0453074
0.0428332
0.0417978
0.0422888
0.0459314
0.0533379
0.0614096
0.0648607
0.0613007
0.0543256
0.0506579
0.0539241
0.0615413
0.0678448
0.0699083
0.0700215
0.0728102
0.0806125
0.0920250
0.1049169
0.1208212
0.1462705
0.1890183
0.2514083
0.3264664
0.4012765
0.4659298
0.5195642
0.5657508
0.5998674
0.6016190
0.5435287
0.4105288
0.2127511
-0.0210240
-0.2623578
-0.4956584
-0.7144160
-0.9104328
-1.0714263
-1.1893480
-1.2672639
-1.3150431
-1.3390373
-1.3381578
-1.3093790
-1.2533296
-1.1721087
-1.0639832
-0.9251832
-0.7593914
-0.5836786
-0.4219945
-0.2915588
-0.1955569
-0.1276267
-0.0804653
-0.0488593
-0.0272002
-0.0088036
0.0100773
0.0271525
0.0374538
0.0400192
0.0397062
0.0418165
0.0464611
0.0498742
0.0506857
0.0525267
0.0591099
0.0680698
0.0721403
0.0672885
0.0582535
0.0543070
0.0595623
0.0688968
0.0741299
0.0730699
0.0708982
0.0728543
0.0776344
0.0795465
0.0762297
0.0718797
0.0719929
0.0766298
0.0808578
0.0813891
0.0803359
0.0811951
0.0829340
0.0807876
0.0731917
0.0654697
0.0646027
0.0711222
0.0783555
0.0800753
0.0769669
0.0741831
0.0740384
0.0739140
0.0718537
0.0715212
0.0788129
0.0937609
0.1083528
0.1140406
0.1105750
0.1058407
0.1070779
0.1139003
0.1207102
0.1244850
0.1279564
0.1347295
0.1431743
0.1472157
0.1432839
0.1349088
0.1292494
0.1295753
0.1324702
0.1326743
0.1293347
0.1261260
0.1256264
0.1255129
0.1215984
0.1137412
0.1067597
0.1048188
0.1062921
0.1057161
0.1004257
0.0934222
0.0889411
0.0867410
0.0827878
0.0754722
0.0689709
0.0688502
0.0751198
0.0814794
0.0818476
0.0763065
0.0697424
0.0657833
0.0639002
0.0624269
0.0622107
0.0653577
0.0709024
0.0739165
0.0702050
0.0611615
0.0526405
0.0489240
0.0488605
0.0485031
0.0465914
0.0459472
0.0491894
0.0543730
0.0563157
0.0523493
0.0456523
0.0420479
0.0439202
0.0482917
0.0509960
0.0515407
0.0527390
0.0560595
0.0591388
0.0589118
0.0561714
0.0551777
0.0583695
0.0629815
0.0642501
0.0612837
0.0579021
0.0572202
0.0572086
0.0535213
0.0462556
0.0415357
0.0449341
0.0543578
0.0614066
0.0601348
0.0530488
0.0474729
0.0469941
0.0482512
0.0463328
0.0415271
0.0390103
0.0421670
0.0480501
0.0506265
0.0478176
0.0437959
0.0438451
0.0480811
0.0516032
0.0507720
0.0478269
0.0480973
0.0532471
