0.8927361
1.0936940
1.1643271
1.0759116
0.8671619
0.6122050
0.3682691
0.1503415
-0.0509062
-0.2360364
-0.3864966
-0.4835566
-0.5296551
-0.5464102
-0.5531248
-0.5510392
-0.5294146
-0.4840946
-0.4271917
-0.3785876
-0.3497719
-0.3368691
-0.3284313
-0.3183831
-0.3106208
-0.3116973
-0.3207322
-0.3281163
-0.3245664
-0.3106546
-0.2965051
-0.2921049
-0.2984378
-0.3078820
-0.3118859
-0.3071010
-0.2948583
-0.2772039
-0.2551607
-0.2297851
-0.2024171
-0.1731949
-0.1412293
-0.1077467
-0.0775038
-0.0541970
-0.0342839
-0.0085749
0.0273683
0.0657538
0.0929775
0.1043733
0.1093020
0.1184649
0.1280926
0.1222917
0.0934695
0.0561203
0.0344239
0.0361108
0.0441011
0.0370837
0.0144220
-0.0047154
-0.0056150
0.0056134
0.0134091
0.0159740
0.0312140
0.0810422
0.1768742
0.3216835
0.5146058
0.7381253
0.9382956
1.0329626
0.9598906
0.7268527
0.4121813
0.1106779
-0.1246230
-0.2937962
-0.4165102
-0.4991159
-0.5351952
-0.5268439
-0.4929278
-0.4542121
-0.4173047
-0.3783365
-0.3387276
-0.3097713
-0.2998699
-0.3027794
-0.3036459
-0.2954705
-0.2851631
-0.2824750
-0.2868008
-0.2881447
-0.2796101
-0.2648199
-0.2515373
-0.2409679
-0.2271162
-0.2064380
-0.1839440
-0.1667487
-0.1533389
-0.1331601
-0.0978424
-0.0503344
-0.0011030
0.0431878
0.0847857
0.1289708
0.1758913
0.2202654
0.2582886
0.2922580
0.3270251
0.3630008
0.3944282
0.4145590
0.4212015
0.4171040
0.4066234
0.3929255
0.3768840
0.3569000
0.3304353
0.2977200
0.2641715
0.2372040
0.2192191
0.2046020
0.1854679
0.1608651
0.1390787
0.1297790
0.1346741
0.1474486
0.1623198
0.1797801
0.2032714
0.2352591
0.2831089
0.3681218
0.5184760
0.7413693
0.9983666
1.2140090
1.3177769
1.2843795
1.1375872
0.9199815
0.6638323
0.3899965
0.1241271
-0.1003184
-0.2608833
-0.3623144
-0.4267366
-0.4682793
-0.4833023
-0.4666232
-0.4299875
-0.3968800
-0.3797157
-0.3689848
-0.3486823
-0.3185661
-0.2951644
-0.2910335
-0.2997127
-0.3055991
-0.3045722
-0.3073750
-0.3218645
-0.3390315
-0.3421210
-0.3269037
-0.3068974
-0.2976997
-0.3007865
-0.3056470
-0.3047700
-0.3012779
-0.3008866
-0.3008597
-0.2915464
-0.2684528
-0.2386392
-0.2130545
-0.1948350
-0.1777668
-0.1550210
-0.1263441
-0.0964928
-0.0692894
-0.0446751
-0.0205130
0.0037060
0.0244619
0.0353809
0.0322128
0.0178107
0.0014959
-0.0079933
-0.0093382
-0.0078779
-0.0081796
-0.0091098
-0.0077975
-0.0067540
-0.0125065
-0.0250800
-0.0328206
-0.0231704
0.0020032
0.0276709
0.0442738
0.0598633
0.0894816
0.1376182
0.2006285
0.2870126
0.4227314
0.6220550
0.8506953
1.0282944
1.0794470
0.9866801
0.7932274
0.5581582
0.3163058
0.0805131
-0.1330756
-0.2995450
-0.4064981
-0.4682332
-0.5095450
-0.5392022
-0.5471194
-0.5263881
-0.4887769
-0.4534397
-0.4258472
-0.3962426
-0.3588476
-0.3240610
-0.3060603
-0.3032839
-0.2997708
-0.2859871
-0.2701524
-0.2646939
-0.2675110
-0.2642298
-0.2475694
-0.2268459
-0.2154869
-0.2142258
-0.2116981
-0.1997418
-0.1821784
-0.1664908
-0.1514109
-0.1281091
-0.0930551
-0.0542615
-0.0222445
0.0014775
0.0231589
0.0468934
0.0713845
0.0962530
0.1252289
0.1593750
0.1905902
0.2070254
0.2053419
0.1942712
0.1844474
0.1768791
0.1642038
0.1428183
0.1201234
0.1071203
0.1054289
0.1052209
0.0966267
0.0805982
0.0676169
0.0684453
0.0881503
0.1272742
0.1865304
0.2713722
0.3930336
0.5607805
0.7652604
0.9658481
1.0993701
1.1116285
0.9896634
0.7676391
0.5015325
0.2365540
-0.0043378
-0.2082966
-0.3604433
-0.4497831
-0.4824791
-0.4799541
-0.4608511
-0.4294581
-0.3847505
-0.3358852
-0.3014387
-0.2918989
-0.2976035
-0.2983445
-0.2844353
-0.2648912
-0.2538294
-0.2526399
-0.2500232
-0.2384079
-0.2241439
-0.2182915
-0.2213299
-0.2221816
-0.2115908
-0.1917870
-0.1715722
-0.1552179
-0.1390764
-0.1180807
-0.0926150
-0.0676311
-0.0463992
-0.0275175
-0.0083534
0.0113561
0.0315871
0.0555299
0.0867128
0.1222184
0.1527576
0.1718946
0.1829399
0.1940789
0.2079487
0.2189790
0.2211969
0.2158406
0.2089467
0.2022429
0.1898875
0.1668025
0.1384269
0.1174836
0.1096653
0.1068415
0.0981417
0.0845711
0.0767003
0.0782015
0.0784714
0.0658146
0.0444353
0.0321704
0.0400389
0.0583500
0.0672631
0.0598014
0.0489205
0.0495194
0.0588405
0.0615518
0.0526165
0.0460330
0.0566376
0.0799210
0.0980912
0.1044023
0.1124969
0.1379192
0.1774674
0.2172599
0.2635113
0.3555072
0.5333409
0.7848672
1.0286970
1.1599899
1.1215430
0.9361397
0.6769480
0.4124839
0.1765960
-0.0231289
-0.1840870
-0.3020406
-0.3800774
-0.4336273
-0.4792502
-0.5185159
-0.5377792
-0.5261413
-0.4903515
-0.4488572
-0.4138741
-0.3842430
-0.3553953
-0.3302605
-0.3160796
-0.3125013
-0.3082165
-0.2925707
-0.2689299
-0.2522422
-0.2515401
-0.2583234
-0.2565191
-0.2422823
-0.2280069
-0.2252769
-0.2293284
-0.2248194
-0.2043794
-0.1765783
-0.1554953
-0.1461920
-0.1422754
-0.1356127
-0.1251014
-0.1146148
-0.1044785
-0.0889285
-0.0636218
-0.0330547
-0.0073804
0.0077007
0.0157149
0.0244334
0.0380039
0.0537402
0.0649158
0.0666065
0.0596547
0.0483117
0.0336781
0.0121369
-0.0170207
-0.0444160
-0.0558945
-0.0467957
-0.0283653
-0.0171403
-0.0177689
-0.0178705
-0.0006650
0.0394425
0.0982053
0.1795193
0.3046290
0.4911913
0.7172299
0.9113539
0.9894955
0.9101991
0.7002338
0.4310698
0.1709016
-0.0470955
-0.2210560
-0.3561566
-0.4491877
-0.4946221
-0.4977102
-0.4747327
-0.4407739
-0.4017701
-0.3591663
-0.3177854
-0.2855832
-0.2666940
-0.2573570
-0.2498767
-0.2404516
-0.2321252
-0.2288870
-0.2278257
-0.2204196
-0.2029972
-0.1829051
-0.1711433
-0.1700021
-0.1706300
-0.1623259
-0.1420307
-0.1148657
-0.0874247
-0.0615522
-0.0345827
-0.0053075
0.0220278
0.0422098
0.0573697
0.0773722
0.1097417
0.1507589
0.1884456
0.2138018
0.2281644
0.2401420
0.2561202
0.2739425
0.2864787
0.2912865
0.2940187
0.2997425
0.3030862
0.2917931
0.2609751
0.2205883
0.1871116
0.1693555
0.1630231
0.1572469
0.1451271
0.1286415
0.1143402
0.1051203
0.0975103
0.0872751
0.0757999
0.0694139
0.0731319
0.0855711
0.0987960
0.1033093
0.0960423
0.0844992
0.0800333
0.0851710
0.0904308
0.0861562
0.0746710
0.0668052
0.0676067
0.0699292
0.0636401
0.0485854
0.0355122
0.0337544
0.0403183
0.0439151
0.0390439
0.0314156
0.0273336
0.0230016
0.0106365
-0.0070956
-0.0166506
-0.0095509
0.0070154
0.0190270
0.0212798
0.0201029
0.0224710
0.0274247
0.0299641
0.0303628
0.0351893
0.0478446
0.0618558
0.0680848
0.0672356
0.0692487
0.0792853
0.0916344
0.1035640
0.1317170
0.2070225
0.3499308
0.5496355
0.7632376
0.9309299
0.9965808
0.9278776
0.7317516
0.4570339
0.1766746
-0.0468877
-0.1926389
-0.2830541
-0.3540698
-0.4213427
-0.4746056
-0.4991367
-0.4947336
-0.4729703
-0.4435704
-0.4092620
-0.3714563
-0.3353716
-0.3076281
-0.2901876
-0.2784156
-0.2661088
-0.2518194
-0.2383370
-0.2263645
-0.2128549
-0.1979019
-0.1892469
-0.1948597
-0.2120757
-0.2285991
-0.2349999
-0.2334470
-0.2333459
-0.2402405
-0.2501463
-0.2547425
-0.2518663
-0.2491089
-0.2543504
-0.2635599
-0.2626419
-0.2432566
-0.2130015
-0.1867651
-0.1703582
-0.1560576
-0.1334624
-0.1019175
-0.0713563
-0.0514179
-0.0405511
-0.0277405
-0.0061801
0.0172470
0.0292303
0.0249898
0.0118688
-0.0009534
-0.0110929
-0.0204315
-0.0289048
-0.0338835
-0.0334198
-0.0273482
-0.0154516
0.0045343
0.0377575
0.0927200
0.1823679
0.3231595
0.5244685
0.7667283
0.9868733
1.0975293
1.0378504
0.8148701
0.4966975
0.1657747
-0.1236599
-0.3532944
-0.5220421
-0.6287405
-0.6720315
-0.6603090
-0.6146217
-0.5583122
-0.5050438
-0.4583600
-0.4191161
-0.3879307
-0.3619914
-0.3366669
-0.3123832
-0.2948205
-0.2857745
-0.2781645
-0.2635381
-0.2418105
-0.2201857
-0.2036284
-0.1892378
-0.1705135
-0.1458489
-0.1210781
-0.1022958
-0.0874844
-0.0689541
-0.0443167
-0.0195858
0.0016563
0.0265822
0.0642231
0.1109363
0.1518581
0.1772740
0.1920902
0.2073779
0.2266992
0.2441092
0.2544305
0.2619105
0.2755519
0.2955339
0.3082962
0.2995375
0.2705007
0.2360932
0.2073906
0.1825502
0.1564134
0.1315763
0.1144595
0.1044675
0.0932566
0.0745873
0.0513476
0.0320361
0.0217426
0.0175208
0.0130555
0.0072465
0.0056928
0.0126973
0.0250931
0.0366583
0.0455842
0.0541164
0.0640240
0.0770610
0.0968854
0.1244441
0.1540258
0.1834316
0.2312429
0.3357756
0.5252017
0.7815487
1.0338585
1.1932659
1.2052918
1.0764821
0.8551275
0.5910291
0.3163501
0.0561962
-0.1613663
-0.3172015
-0.4168238
-0.4828937
-0.5301599
-0.5529250
-0.5388869
-0.4915890
-0.4351121
-0.3949717
-0.3757920
-0.3615195
-0.3385958
-0.3133566
-0.3014096
-0.3044387
-0.3068466
-0.2959505
-0.2773476
-0.2665545
-0.2705123
-0.2817424
-0.2886922
-0.2883414
-0.2878907
-0.2945850
-0.3053090
-0.3090932
-0.3004771
-0.2864815
-0.2778642
-0.2768438
-0.2763204
-0.2676705
-0.2457348
-0.2097578
-0.1645479
-0.1191327
-0.0799189
-0.0455841
-0.0112276
0.0235568
0.0528550
0.0696234
0.0716580
0.0639873
0.0556033
0.0513645
0.0471111
0.0357343
0.0173726
-0.0008731
-0.0151071
-0.0287198
-0.0446961
-0.0591803
-0.0660536
-0.0649991
-0.0622192
-0.0641114
-0.0710288
-0.0767853
-0.0754226
-0.0690802
-0.0657191
-0.0666809
-0.0613690
-0.0398590
-0.0074761
0.0201471
0.0353812
0.0451458
0.0584462
0.0734690
0.0805812
0.0759891
0.0690807
0.0738468
0.0921058
0.1083476
0.1061547
0.0884097
0.0740329
0.0735682
0.0763190
0.0662690
0.0438709
0.0249284
0.0210784
0.0278622
0.0316662
0.0240948
0.0084926
-0.0058876
-0.0142892
-0.0189222
-0.0210142
-0.0155142
0.0016757
0.0251023
0.0454322
0.0624377
0.0863841
0.1290700
0.2025123
0.3258891
0.5196944
0.7795034
1.0533152
1.2520059
1.2946198
1.1579320
0.8908231
0.5793188
0.2921408
0.0550115
-0.1324391
-0.2708485
-0.3588778
-0.4049547
-0.4259826
-0.4330342
-0.4258484
-0.4027074
-0.3700557
-0.3394157
-0.3166644
-0.2968636
-0.2717713
-0.2429780
-0.2236105
-0.2227129
-0.2316807
-0.2339391
-0.2266650
-0.2235165
-0.2341900
-0.2503929
-0.2567309
-0.2491197
-0.2370841
-0.2313412
-0.2334663
-0.2366156
-0.2341358
-0.2270208
-0.2216768
-0.2199976
-0.2156146
-0.2027284
-0.1841102
-0.1657676
-0.1480343
-0.1279399
-0.1068398
-0.0886172
-0.0719636
-0.0507212
-0.0214723
0.0134217
0.0488589
0.0790225
0.0979517
0.1021581
0.0927856
0.0744809
0.0539909
0.0388397
0.0320133
0.0273036
0.0159653
-0.0007368
-0.0123606
-0.0145803
-0.0158951
-0.0247904
-0.0365136
-0.0381758
-0.0235622
0.0015806
0.0278400
0.0545118
0.0959987
0.1767146
0.3176219
0.5254950
0.7885071
1.0684352
1.2913504
1.3636475
1.2259435
0.9042944
0.5019560
0.1318875
-0.1480881
-0.3443689
-0.4876179
-0.5905837
-0.6410244
-0.6282387
-0.5684264
-0.4975403
-0.4410022
-0.3989281
-0.3617384
-0.3288405
-0.3056685
-0.2917129
-0.2813174
-0.2722549
-0.2658753
-0.2611147
-0.2541549
-0.2428755
-0.2284538
-0.2138533
-0.2014616
-0.1895864
-0.1720720
-0.1457300
-0.1167570
-0.0939308
-0.0768236
-0.0576063
-0.0329923
-0.0060133
0.0234685
0.0604947
0.1052264
0.1490292
0.1832320
0.2070960
0.2258473
0.2443692
0.2626534
0.2750908
0.2767734
0.2725983
0.2744015
0.2845698
0.2890379
0.2734065
0.2406339
0.2053873
0.1756923
0.1484745
0.1203856
0.0951050
0.0797173
0.0774063
0.0829027
0.0849889
0.0777524
0.0691195
0.0715046
0.0838170
0.0917022
0.0877788
0.0823307
0.0897621
0.1118404
0.1381832
0.1576274
0.1681432
0.1839117
0.2353411
0.3531926
0.5445914
0.7828053
1.0178070
1.1955915
1.2773543
1.2545713
1.1484078
0.9887831
0.7940280
0.5728494
0.3378483
0.1073111
-0.1021105
-0.2757241
-0.3987170
-0.4647164
-0.4851861
-0.4818770
-0.4699332
-0.4525637
-0.4285158
-0.3988299
-0.3683029
-0.3436340
-0.3274930
-0.3144761
-0.2991890
-0.2874477
-0.2892757
-0.3001539
-0.3022611
-0.2885457
-0.2728813
-0.2696691
-0.2745701
-0.2741008
-0.2662387
-0.2621871
-0.2704231
-0.2842424
-0.2853390
-0.2613201
-0.2218718
-0.1920448
-0.1836799
-0.1804816
-0.1601771
-0.1232733
-0.0867907
-0.0561428
-0.0201372
0.0272184
0.0752948
0.1099798
0.1279004
0.1352781
0.1395273
0.1429875
0.1415272
0.1312962
0.1176226
0.1100441
0.1067917
0.0951135
0.0713957
0.0485976
0.0367191
0.0282056
0.0121096
-0.0075687
-0.0176277
-0.0124253
0.0024627
0.0165742
0.0196539
0.0081495
-0.0091590
-0.0189302
-0.0182150
-0.0140464
-0.0095794
-0.0016851
0.0084785
0.0148161
0.0166433
0.0188387
0.0226800
0.0270384
0.0354390
0.0497760
0.0607798
0.0582645
0.0478745
0.0443079
0.0504808
0.0558555
0.0527213
0.0427802
0.0306598
0.0208000
0.0171758
0.0185839
0.0196950
0.0218110
0.0327965
0.0507939
0.0610428
0.0565936
0.0483671
0.0458871
0.0425549
0.0303176
0.0150935
0.0064195
0.0033526
0.0003625
-0.0028851
-0.0046004
-0.0036620
0.0048929
0.0262302
0.0551215
0.0801641
0.0992014
0.1212286
0.1599296
0.2400442
0.3972686
0.6408223
0.9121925
1.1048426
1.1361537
0.9958457
0.7353202
0.4302827
0.1477473
-0.0770739
-0.2427571
-0.3587902
-0.4293010
-0.4647185
-0.4893176
-0.5179931
-0.5381337
-0.5313838
-0.5008253
-0.4616600
-0.4202355
-0.3787705
-0.3460430
-0.3269319
-0.3140972
-0.3022727
-0.2962894
-0.2959650
-0.2912429
-0.2806590
-0.2744876
-0.2727285
-0.2630783
-0.2475100
-0.2454558
-0.2623657
-0.2795631
-0.2824327
-0.2751498
-0.2633090
-0.2465093
-0.2306599
-0.2233527
-0.2172981
-0.2019166
-0.1856619
-0.1806558
-0.1748303
-0.1495760
-0.1143194
-0.0910578
-0.0761981
-0.0519368
-0.0235281
-0.0100814
-0.0091918
-0.0033137
0.0104119
0.0245453
0.0386907
0.0474753
0.0346497
0.0036191
-0.0156002
-0.0139786
-0.0214071
-0.0514394
-0.0719368
-0.0617020
-0.0499695
-0.0646055
-0.0866107
-0.0909419
-0.0876253
-0.0909116
-0.0931953
-0.0942179
-0.1064176
-0.1152811
-0.0936095
-0.0638870
-0.0732653
-0.1013304
-0.0823634
-0.0260947
-0.0108815
-0.0443692
-0.0491914
-0.0058268
0.0204954
0.0211403
0.0734982
0.2001806
0.3460979
0.5138354
0.7327478
0.8562432
0.6300189
0.0758745
