0.0447311
0.0824405
0.1380592
0.2502585
0.4257441
0.6336110
0.8348573
0.9929657
1.0685905
1.0387606
0.9261003
0.7862184
0.6590152
0.5442588
0.4230692
0.2859501
0.1369362
-0.0141832
-0.1556233
-0.2760350
-0.3673686
-0.4241387
-0.4438180
-0.4328899
-0.4073362
-0.3797510
-0.3495276
-0.3118746
-0.2712643
-0.2378612
-0.2144433
-0.1951082
-0.1749524
-0.1545420
-0.1368804
-0.1256679
-0.1245317
-0.1327899
-0.1434028
-0.1488249
-0.1471296
-0.1401777
-0.1295071
-0.1174585
-0.1088144
-0.1067825
-0.1085233
-0.1073613
-0.0990336
-0.0854752
-0.0737201
-0.0697326
-0.0706644
-0.0658407
-0.0505253
-0.0361394
-0.0385291
-0.0554653
-0.0645019
-0.0474127
-0.0106691
0.0236419
0.0433009
0.0560925
0.0751036
0.1000989
0.1185477
0.1246823
0.1313404
0.1563686
0.1986079
0.2359618
0.2510848
0.2518331
0.2592779
0.2801748
0.3006092
0.3065072
0.3015311
0.3003632
0.3088278
0.3160985
0.3068701
0.2783401
0.2429132
0.2144942
0.1950030
0.1763243
0.1525723
0.1255643
0.0988466
0.0721246
0.0439021
0.0157058
-0.0090894
-0.0282652
-0.0408436
-0.0469479
-0.0498495
-0.0557440
-0.0683332
-0.0841094
-0.0950965
-0.0965798
-0.0912964
-0.0857611
-0.0830261
-0.0804374
-0.0757431
-0.0735639
-0.0811408
-0.0963134
-0.1049633
-0.0954637
-0.0732515
-0.0553923
-0.0509635
-0.0522848
-0.0473477
-0.0362944
-0.0310155
-0.0390532
-0.0519382
-0.0526987
-0.0349722
-0.0117662
-0.0025568
-0.0126842
-0.0286907
-0.0340815
-0.0260206
-0.0149272
-0.0110005
-0.0146599
-0.0195359
-0.0220866
-0.0267433
-0.0408724
-0.0642922
-0.0854726
-0.0911379
-0.0800542
-0.0647049
-0.0582636
-0.0622509
-0.0687277
-0.0724919
-0.0775425
-0.0903455
-0.1085555
-0.1195786
-0.1126353
-0.0916953
-0.0736088
-0.0720974
-0.0853968
-0.1007044
-0.1079455
-0.1064121
-0.1002753
-0.0925428
-0.0845120
-0.0779076
-0.0749688
-0.0766649
-0.0816375
-0.0869102
-0.0897042
-0.0889963
-0.0857110
-0.0820027
-0.0807857
-0.0849702
-0.0953974
-0.1094439
-0.1230419
-0.1339627
-0.1415424
-0.1438487
-0.1385658
-0.1282743
-0.1221308
-0.1288896
-0.1478728
-0.1683635
-0.1787040
-0.1759343
-0.1665969
-0.1585635
-0.1530750
-0.1459744
-0.1361506
-0.1294984
-0.1318647
-0.1395658
-0.1407715
-0.1277448
-0.1058044
-0.0881162
-0.0814846
-0.0785282
-0.0656212
-0.0393761
-0.0126520
0.0016337
0.0164866
0.0775705
0.2354984
0.5027984
0.8328233
1.1395207
1.3417851
1.3990150
1.3177753
1.1352843
0.8985385
0.6506007
0.4226113
0.2287189
0.0682629
-0.0624226
-0.1592241
-0.2141412
-0.2298394
-0.2247342
-0.2191016
-0.2181054
-0.2128184
-0.1972652
-0.1789543
-0.1694553
-0.1681144
-0.1614918
-0.1408982
-0.1159099
-0.1052390
-0.1151837
-0.1328416
-0.1425055
-0.1433183
-0.1456157
-0.1530710
-0.1563603
-0.1467743
-0.1304766
-0.1236178
-0.1339401
-0.1515194
-0.1595431
-0.1518936
-0.1371835
-0.1260943
-0.1188061
-0.1077007
-0.0901048
-0.0732616
-0.0649886
-0.0626749
-0.0549533
-0.0339237
-0.0034706
0.0251119
0.0445317
0.0576016
0.0721549
0.0909448
0.1081314
0.1165329
0.1170841
0.1191251
0.1311777
0.1528103
0.1757287
0.1912664
0.1961235
0.1923829
0.1839129
0.1731270
0.1602854
0.1448204
0.1266515
0.1062670
0.0841413
0.0603700
0.0346942
0.0072645
-0.0197816
-0.0420588
-0.0563020
-0.0645944
-0.0730966
-0.0849737
-0.0964023
-0.1021363
-0.1039599
-0.1098786
-0.1235693
-0.1374884
-0.1398691
-0.1285057
-0.1145751
-0.1108839
-0.1182156
-0.1265465
-0.1292182
-0.1309253
-0.1385538
-0.1480242
-0.1468817
-0.1306057
-0.1103643
-0.1005942
-0.1022848
-0.1038972
-0.0980437
-0.0911306
-0.0932201
-0.1023984
-0.1056280
-0.0959456
-0.0830959
-0.0822818
-0.0949364
-0.1071386
-0.1081911
-0.1044026
-0.1093886
-0.1242642
-0.1348214
-0.1295586
-0.1146229
-0.1065200
-0.1126849
-0.1244454
-0.1296019
-0.1272125
-0.1263070
-0.1320827
-0.1385946
-0.1370466
-0.1279395
-0.1211908
-0.1249507
-0.1376195
-0.1512579
-0.1597384
-0.1620585
-0.1602871
-0.1571914
-0.1553265
-0.1561381
-0.1593603
-0.1641088
-0.1702737
-0.1774810
-0.1826750
-0.1808166
-0.1699028
-0.1547636
-0.1435898
-0.1397168
-0.1386735
-0.1352599
-0.1318524
-0.1357894
-0.1480025
-0.1586882
-0.1578391
-0.1477195
-0.1402275
-0.1420468
-0.1472332
-0.1466858
-0.1408807
-0.1382816
-0.1420879
-0.1443256
-0.1362695
-0.1213026
-0.1119600
-0.1140893
-0.1195013
-0.1178198
-0.1116003
-0.1132761
-0.1273382
-0.1423800
-0.1447880
-0.1361107
-0.1308200
-0.1376236
-0.1492649
-0.1536975
-0.1507489
-0.1515219
-0.1614303
-0.1702631
-0.1639562
-0.1436773
-0.1267577
-0.1267886
-0.1377554
-0.1425737
-0.1349670
-0.1265433
-0.1304635
-0.1431678
-0.1475339
-0.1334742
-0.1106515
-0.0982013
-0.1041045
-0.1183568
-0.1265293
-0.1259118
-0.1249246
-0.1288232
-0.1318364
-0.1260067
-0.1140484
-0.1082475
-0.1161839
-0.1314545
-0.1411848
-0.1409621
-0.1387580
-0.1431673
-0.1506970
-0.1483518
-0.1291964
-0.1019232
-0.0812083
-0.0677063
-0.0391051
0.0372768
0.1807573
0.3814776
0.6028873
0.7987692
0.9328818
0.9898902
0.9737292
0.8990103
0.7845305
0.6515535
0.5210184
0.4050264
0.2987036
0.1844139
0.0500143
-0.0947607
-0.2225164
-0.3112925
-0.3621216
-0.3911181
-0.4064440
-0.3997912
-0.3634048
-0.3093533
-0.2634339
-0.2393089
-0.2257267
-0.2039065
-0.1731620
-0.1517690
-0.1520034
-0.1620791
-0.1592883
-0.1381953
-0.1175188
-0.1163453
-0.1300754
-0.1369570
-0.1262713
-0.1114124
-0.1114007
-0.1253410
-0.1325878
-0.1179013
-0.0899129
-0.0708255
-0.0709071
-0.0783505
-0.0748686
-0.0567637
-0.0368379
-0.0272018
-0.0252102
-0.0186140
-0.0017848
0.0169973
0.0247362
0.0179375
0.0066468
0.0053436
0.0204615
0.0459280
0.0697710
0.0850220
0.0948795
0.1078014
0.1277209
0.1491670
0.1624103
0.1640107
0.1621322
0.1700238
0.1929106
0.2218597
0.2422191
0.2480935
0.2465311
0.2468528
0.2487266
0.2441088
0.2301941
0.2157624
0.2113188
0.2148011
0.2119094
0.1924501
0.1627497
0.1375228
0.1207616
0.1009228
0.0681392
0.0312760
0.0107132
0.0138596
0.0243786
0.0200235
-0.0023436
-0.0253162
-0.0339684
-0.0337271
-0.0411308
-0.0606382
-0.0779316
-0.0781495
-0.0652827
-0.0580038
-0.0676713
-0.0860690
-0.0965715
-0.0930917
-0.0842003
-0.0806324
-0.0834459
-0.0854255
-0.0809031
-0.0718498
-0.0654226
-0.0672555
-0.0765089
-0.0857728
-0.0861142
-0.0745408
-0.0577098
-0.0466910
-0.0461090
-0.0492618
-0.0464002
-0.0375609
-0.0333804
-0.0407576
-0.0507245
-0.0457007
-0.0193846
0.0155040
0.0439169
0.0727638
0.1354841
0.2698163
0.4883182
0.7656973
1.0490267
1.2791570
1.4099651
1.4204066
1.3187557
1.1372057
0.9171888
0.6932937
0.4861504
0.3058896
0.1577757
0.0432085
-0.0411785
-0.1008389
-0.1388217
-0.1558902
-0.1555333
-0.1463366
-0.1370823
-0.1302411
-0.1225351
-0.1120046
-0.1019043
-0.0959640
-0.0921714
-0.0853789
-0.0765278
-0.0747675
-0.0863806
-0.1034410
-0.1090245
-0.0958756
-0.0763227
-0.0696327
-0.0805557
-0.0948333
-0.0975119
-0.0918807
-0.0954887
-0.1174297
-0.1443767
-0.1529232
-0.1342434
-0.1023840
-0.0775387
-0.0651841
-0.0547327
-0.0358509
-0.0102675
0.0141231
0.0361931
0.0633647
0.1004282
0.1409249
0.1729270
0.1922072
0.2063574
0.2250850
0.2492572
0.2719928
0.2888919
0.3030803
0.3187443
0.3326801
0.3357883
0.3229977
0.2991237
0.2734486
0.2498133
0.2241054
0.1916355
0.1548887
0.1218975
0.0970459
0.0754549
0.0479497
0.0111188
-0.0287404
-0.0616460
-0.0828189
-0.0952205
-0.1042805
-0.1115393
-0.1143075
-0.1114134
-0.1079897
-0.1126028
-0.1283628
-0.1474726
-0.1564974
-0.1484511
-0.1296458
-0.1138422
-0.1093669
-0.1124518
-0.1134759
-0.1086697
-0.1037588
-0.1055185
-0.1118739
-0.1132899
-0.1043805
-0.0916103
-0.0872180
-0.0960827
-0.1107356
-0.1199796
-0.1207778
-0.1198654
-0.1239673
-0.1306521
-0.1307125
-0.1191951
-0.1019909
-0.0902305
-0.0891304
-0.0940724
-0.0974597
-0.0970648
-0.0958551
-0.0948826
-0.0898881
-0.0773437
-0.0626088
-0.0582135
-0.0713852
-0.0944820
-0.1109920
-0.1118697
-0.1035230
-0.0981097
-0.0986970
-0.0981228
-0.0920672
-0.0876518
-0.0947361
-0.1108737
-0.1208732
-0.1136672
-0.0958647
-0.0842483
-0.0862240
-0.0930891
-0.0941424
-0.0918125
-0.0968728
-0.1106574
-0.1198908
-0.1126587
-0.0940186
-0.0788615
-0.0706287
-0.0554030
-0.0216069
0.0202465
0.0477906
0.0610223
0.1010834
0.2258983
0.4604893
0.7675150
1.0636022
1.2644987
1.3228451
1.2389518
1.0501115
0.8116194
0.5765447
0.3785268
0.2247438
0.1035518
0.0005851
-0.0897036
-0.1640922
-0.2175895
-0.2486490
-0.2595960
-0.2552618
-0.2421305
-0.2269727
-0.2145459
-0.2067429
-0.2042739
-0.2077180
-0.2153833
-0.2215557
-0.2203548
-0.2125222
-0.2058081
-0.2061998
-0.2101774
-0.2087983
-0.1994020
-0.1896088
-0.1874041
-0.1897307
-0.1851667
-0.1683872
-0.1480535
-0.1373602
-0.1387235
-0.1418676
-0.1371669
-0.1264711
-0.1178917
-0.1129698
-0.1043156
-0.0866567
-0.0656801
-0.0522041
-0.0489613
-0.0468269
-0.0348378
-0.0111499
0.0178160
0.0469595
0.0774048
0.1110403
0.1434943
0.1662992
0.1763568
0.1806290
0.1894947
0.2060427
0.2232578
0.2315825
0.2278743
0.2163944
0.2021816
0.1852283
0.1618745
0.1309694
0.0969969
0.0664015
0.0416629
0.0200681
-0.0020344
-0.0252403
-0.0478023
-0.0688933
-0.0894864
-0.1100411
-0.1287712
-0.1430692
-0.1519979
-0.1565490
-0.1580917
-0.1581373
-0.1597520
-0.1669027
-0.1800769
-0.1931471
-0.1974466
-0.1904131
-0.1787256
-0.1713294
-0.1705052
-0.1718183
-0.1718477
-0.1722509
-0.1746464
-0.1747028
-0.1655837
-0.1472973
-0.1287550
-0.1182484
-0.1141400
-0.1077885
-0.0934260
-0.0690917
-0.0257449
0.0582165
0.2022896
0.3998753
0.6115764
0.7856863
0.8863506
0.9044390
0.8492617
0.7387039
0.5975429
0.4547371
0.3305235
0.2233247
0.1146963
-0.0083514
-0.1372176
-0.2499971
-0.3331465
-0.3898441
-0.4270791
-0.4415723
-0.4246502
-0.3791009
-0.3241909
-0.2807196
-0.2540849
-0.2350508
-0.2146794
-0.1936050
-0.1763719
-0.1621269
-0.1456611
-0.1263423
-0.1111957
-0.1072902
-0.1137945
-0.1239524
-0.1329531
-0.1402987
-0.1448437
-0.1422490
-0.1306900
-0.1170298
-0.1127378
-0.1220425
-0.1363959
-0.1429034
-0.1374536
-0.1274527
-0.1217616
-0.1206905
-0.1178678
-0.1104274
-0.1039403
-0.1060413
-0.1173426
-0.1310377
-0.1407748
-0.1460324
-0.1485881
-0.1461197
-0.1328058
-0.1071510
-0.0768302
-0.0527728
-0.0376405
-0.0217879
0.0074862
0.0525305
0.1023333
0.1434738
0.1731436
0.1999471
0.2317506
0.2643558
0.2841401
0.2824958
0.2663532
0.2523811
0.2500536
0.2518718
0.2420948
0.2146545
0.1798551
0.1520837
0.1332886
0.1122924
0.0806629
0.0450136
0.0196136
0.0080911
-0.0022622
-0.0252768
-0.0584381
-0.0857486
-0.0978371
-0.1034138
-0.1167289
-0.1370925
-0.1477137
-0.1364667
-0.1123368
-0.0961462
-0.0967710
-0.1022695
-0.0960538
-0.0769154
-0.0583581
-0.0500922
-0.0463923
-0.0351868
-0.0144160
0.0055983
0.0151424
0.0154205
0.0140612
0.0143081
0.0130056
0.0082270
0.0039819
0.0049826
0.0093187
0.0096557
0.0013349
-0.0134725
-0.0300761
-0.0465685
-0.0623587
-0.0735638
-0.0746909
-0.0666975
-0.0599464
-0.0648498
-0.0797131
-0.0917585
-0.0922050
-0.0874801
-0.0915587
-0.1076632
-0.1222581
-0.1203227
-0.1041484
-0.0920341
-0.0972200
-0.1123601
-0.1189696
-0.1105768
-0.1008245
-0.1061744
-0.1246650
-0.1372921
-0.1304016
-0.1115537
-0.1000005
-0.1045090
-0.1157845
-0.1210318
-0.1204621
-0.1247784
-0.1383477
-0.1510814
-0.1499880
-0.1355314
-0.1219168
-0.1212161
-0.1312712
-0.1412792
-0.1460900
-0.1505467
-0.1598223
-0.1700757
-0.1721587
-0.1631897
-0.1508047
-0.1451047
-0.1491080
-0.1590449
-0.1716439
-0.1868008
-0.2023867
-0.2108155
-0.2052949
-0.1891089
-0.1746297
-0.1709110
-0.1743510
-0.1744015
-0.1674977
-0.1614649
-0.1645624
-0.1733788
-0.1759085
-0.1667334
-0.1548729
-0.1532989
-0.1625801
-0.1696068
-0.1638805
-0.1511281
-0.1463719
-0.1542542
-0.1614206
-0.1518827
-0.1276334
-0.1088575
-0.1118111
-0.1298654
-0.1406590
-0.1317313
-0.1147021
-0.1112639
-0.1275678
-0.1470644
-0.1494920
-0.1329648
-0.1139016
-0.1071212
-0.1111459
-0.1147767
-0.1136379
-0.1145261
-0.1232301
-0.1335779
-0.1332330
-0.1190619
-0.1019819
-0.0948594
-0.0988973
-0.1052306
-0.1080403
-0.1109266
-0.1186332
-0.1268322
-0.1253789
-0.1116250
-0.0957258
-0.0897019
-0.0936229
-0.0965876
-0.0908465
-0.0800513
-0.0709312
-0.0609031
-0.0403900
-0.0079923
0.0237648
0.0454565
0.0741951
0.1539605
0.3253960
0.5904577
0.9032034
1.1918676
1.3905060
1.4585721
1.3862839
1.1947241
0.9320111
0.6583290
0.4207535
0.2347190
0.0888203
-0.0317044
-0.1266369
-0.1849845
-0.2035736
-0.1966874
-0.1855419
-0.1805075
-0.1765241
-0.1654413
-0.1491351
-0.1378394
-0.1372034
-0.1411554
-0.1395590
-0.1308378
-0.1238493
-0.1270844
-0.1389212
-0.1506964
-0.1578197
-0.1642377
-0.1746631
-0.1853402
-0.1865808
-0.1751398
-0.1606910
-0.1565514
-0.1643821
-0.1715659
-0.1657017
-0.1493708
-0.1366149
-0.1342808
-0.1309772
-0.1088708
-0.0660422
-0.0224761
-0.0004034
-0.0003247
-0.0007356
0.0174092
0.0498133
0.0758779
0.0846623
0.0882198
0.1065109
0.1427716
0.1793089
0.1981494
0.2009058
0.2044397
0.2193583
0.2385077
0.2483017
0.2466372
0.2442587
0.2489921
0.2541028
0.2456355
0.2187330
0.1822665
0.1472459
0.1151122
0.0805177
0.0430306
0.0107280
-0.0095084
-0.0215795
-0.0359119
-0.0560910
-0.0738802
-0.0799212
-0.0768744
-0.0775046
-0.0886474
-0.1005523
-0.0961126
-0.0708918
-0.0407895
-0.0271968
-0.0351942
-0.0490058
-0.0500245
-0.0373360
-0.0276016
-0.0342683
-0.0496965
-0.0512707
-0.0260187
0.0132329
0.0392842
0.0388443
0.0271783
0.0316417
0.0604290
0.0916062
0.0988006
0.0904911
0.1206527
0.2524739
0.5025790
0.8149283
1.0885652
1.2361633
1.2269282
1.0873219
0.8714941
0.6315225
0.4045884
0.2126164
0.0640436
-0.0439498
-0.1193494
-0.1677408
-0.1906748
-0.1912168
-0.1782147
-0.1622127
-0.1477598
-0.1326625
-0.1154927
-0.1007804
-0.0940530
-0.0934824
-0.0909448
-0.0828655
-0.0763984
-0.0807771
-0.0935501
-0.1005315
-0.0921973
-0.0770210
-0.0736035
-0.0892266
-0.1107321
-0.1198155
-0.1146650
-0.1112567
-0.1223984
-0.1403809
-0.1449039
-0.1267604
