-0.0662603
-0.0695520
-0.0727342
-0.0765056
-0.0818383
-0.0866622
-0.0868177
-0.0808469
-0.0727584
-0.0688103
-0.0713750
-0.0766256
-0.0787336
-0.0760476
-0.0724989
-0.0727659
-0.0767068
-0.0794465
-0.0771153
-0.0716160
-0.0686516
-0.0710636
-0.0754172
-0.0763195
-0.0735273
-0.0727656
-0.0782959
-0.0859334
-0.0860440
-0.0745551
-0.0593322
-0.0532533
-0.0607130
-0.0729405
-0.0779861
-0.0739793
-0.0700738
-0.0740892
-0.0819588
-0.0820271
-0.0692305
-0.0520629
-0.0437406
-0.0477867
-0.0546220
-0.0524291
-0.0390925
-0.0219973
-0.0077636
0.0047499
0.0208245
0.0429727
0.0725341
0.1199343
0.2100222
0.3701907
0.6057000
0.8818271
1.1301711
1.2780800
1.2824018
1.1466100
0.9136996
0.6432594
0.3877135
0.1783676
0.0235993
-0.0841057
-0.1575590
-0.2062809
-0.2341366
-0.2432110
-0.2387018
-0.2287596
-0.2191190
-0.2091943
-0.1953357
-0.1780681
-0.1640724
-0.1592585
-0.1608692
-0.1592830
-0.1489226
-0.1354968
-0.1298616
-0.1349813
-0.1419885
-0.1409940
-0.1337277
-0.1317725
-0.1416091
-0.1548014
-0.1563204
-0.1417752
-0.1226965
-0.1131588
-0.1139104
-0.1132858
-0.1032863
-0.0902690
-0.0865576
-0.0936181
-0.0985865
-0.0894018
-0.0700297
-0.0564697
-0.0580068
-0.0667559
-0.0682085
-0.0590773
-0.0498335
-0.0493476
-0.0522142
-0.0456206
-0.0267545
-0.0075644
-0.0001004
-0.0013967
0.0021586
0.0165654
0.0321443
0.0364215
0.0310100
0.0301905
0.0429813
0.0619148
0.0723941
0.0696027
0.0614407
0.0558891
0.0514254
0.0427209
0.0314835
0.0257586
0.0285817
0.0327095
0.0295509
0.0199287
0.0115037
0.0067753
-0.0007495
-0.0161887
-0.0333854
-0.0404554
-0.0346021
-0.0266216
-0.0286730
-0.0408487
-0.0531852
-0.0590780
-0.0619027
-0.0673649
-0.0738165
-0.0744177
-0.0675564
-0.0604175
-0.0606240
-0.0675625
-0.0749547
-0.0802250
-0.0871313
-0.0982753
-0.1086741
-0.1102079
-0.1017444
-0.0917945
-0.0900139
-0.0976453
-0.1074567
-0.1117274
-0.1084876
-0.1006235
-0.0915573
-0.0831350
-0.0761940
-0.0710419
-0.0672968
-0.0646494
-0.0640501
-0.0667716
-0.0715218
-0.0737232
-0.0693444
-0.0594517
-0.0497033
-0.0449266
-0.0450977
-0.0470559
-0.0488356
-0.0507225
-0.0524590
-0.0516068
-0.0461239
-0.0378426
-0.0319277
-0.0326539
-0.0403283
-0.0519653
-0.0634764
-0.0708500
-0.0712395
-0.0652241
-0.0577355
-0.0543716
-0.0555810
-0.0558930
-0.0505332
-0.0419529
-0.0374777
-0.0400705
-0.0438498
-0.0409511
-0.0317538
-0.0252876
-0.0286081
-0.0383156
-0.0451234
-0.0456445
-0.0460228
-0.0525732
-0.0617968
-0.0633835
-0.0531032
-0.0393162
-0.0343474
-0.0408179
-0.0494312
-0.0506556
-0.0457725
-0.0438562
-0.0488330
-0.0530438
-0.0456977
-0.0262743
-0.0066484
0.0010932
-0.0025462
-0.0054040
0.0029935
0.0206852
0.0367120
0.0442543
0.0485285
0.0611644
0.0889636
0.1320359
0.1951529
0.2981315
0.4672323
0.7075219
0.9793803
1.2053700
1.3094033
1.2600379
1.0839856
0.8417799
0.5898724
0.3602791
0.1658232
0.0133939
-0.0932857
-0.1598257
-0.2013078
-0.2309171
-0.2494797
-0.2496269
-0.2303740
-0.2038770
-0.1850300
-0.1762006
-0.1664167
-0.1468599
-0.1237724
-0.1122133
-0.1175276
-0.1271447
-0.1234820
-0.1033715
-0.0813494
-0.0730843
-0.0783411
-0.0828585
-0.0760490
-0.0633832
-0.0593804
-0.0700427
-0.0852465
-0.0893492
-0.0775138
-0.0599201
-0.0506003
-0.0540444
-0.0631597
-0.0685276
-0.0676661
-0.0652297
-0.0659783
-0.0692264
-0.0701973
-0.0655443
-0.0565100
-0.0468345
-0.0384821
-0.0300167
-0.0190014
-0.0054490
0.0075796
0.0171096
0.0240274
0.0332819
0.0495253
0.0720836
0.0945989
0.1104554
0.1190347
0.1263938
0.1391791
0.1575215
0.1741642
0.1811318
0.1774910
0.1702399
0.1671758
0.1689310
0.1683100
0.1575123
0.1358188
0.1101744
0.0885112
0.0727620
0.0583848
0.0404402
0.0197143
0.0025148
-0.0056259
-0.0057804
-0.0049419
-0.0095458
-0.0198096
-0.0304722
-0.0368189
-0.0395100
-0.0431850
-0.0505557
-0.0586217
-0.0613475
-0.0560050
-0.0463140
-0.0390214
-0.0375638
-0.0392328
-0.0382975
-0.0315612
-0.0208667
-0.0103624
-0.0012375
0.0114454
0.0376341
0.0886354
0.1738167
0.2979617
0.4570802
0.6323043
0.7867483
0.8726447
0.8505235
0.7111842
0.4846800
0.2270158
-0.0081669
-0.1932213
-0.3297117
-0.4328038
-0.5129247
-0.5696548
-0.5990002
-0.6029960
-0.5908036
-0.5710107
-0.5443601
-0.5053371
-0.4512354
-0.3888856
-0.3312175
-0.2865045
-0.2513973
-0.2155954
-0.1738910
-0.1328539
-0.1043220
-0.0920811
-0.0864685
-0.0737851
-0.0508621
-0.0285850
-0.0200380
-0.0262532
-0.0353295
-0.0355436
-0.0274085
-0.0213037
-0.0240187
-0.0299971
-0.0272250
-0.0107195
0.0118702
0.0285343
0.0351871
0.0383142
0.0461233
0.0591638
0.0708108
0.0760661
0.0781045
0.0852957
0.1022548
0.1247293
0.1436901
0.1542039
0.1599332
0.1689485
0.1854172
0.2055620
0.2217497
0.2305902
0.2370390
0.2501736
0.2743334
0.3042650
0.3294029
0.3431868
0.3479024
0.3503508
0.3537484
0.3551748
0.3510168
0.3432297
0.3382528
0.3393756
0.3417238
0.3365341
0.3204416
0.2991033
0.2807972
0.2674384
0.2534430
0.2334018
0.2092249
0.1884881
0.1761894
0.1693620
0.1602693
0.1443494
0.1243729
0.1067984
0.0945743
0.0840155
0.0688920
0.0475135
0.0256765
0.0123040
0.0115074
0.0184419
0.0232883
0.0201025
0.0119927
0.0071527
0.0097100
0.0152447
0.0159344
0.0095235
0.0019889
0.0009515
0.0072547
0.0139561
0.0135819
0.0055454
-0.0040748
-0.0094568
-0.0105917
-0.0117231
-0.0154146
-0.0195578
-0.0204344
-0.0176403
-0.0148569
-0.0156013
-0.0189600
-0.0204666
-0.0175928
-0.0137479
-0.0155668
-0.0255359
-0.0380253
-0.0440122
-0.0402492
-0.0330158
-0.0319069
-0.0399281
-0.0504301
-0.0542101
-0.0491820
-0.0422648
-0.0416307
-0.0479472
-0.0541279
-0.0534845
-0.0470408
-0.0422517
-0.0451261
-0.0545046
-0.0641610
-0.0697781
-0.0730311
-0.0785092
-0.0870960
-0.0934843
-0.0911839
-0.0798953
-0.0669444
-0.0607603
-0.0633111
-0.0695862
-0.0741234
-0.0766709
-0.0806025
-0.0867684
-0.0911256
-0.0896341
-0.0842265
-0.0815458
-0.0851688
-0.0911020
-0.0930203
-0.0911933
-0.0933554
-0.1051641
-0.1212919
-0.1286827
-0.1196828
-0.1007495
-0.0866304
-0.0859486
-0.0938176
-0.0991769
-0.0978781
-0.0963832
-0.1023654
-0.1139452
-0.1205793
-0.1146987
-0.1007216
-0.0911949
-0.0942888
-0.1061277
-0.1156817
-0.1161573
-0.1104331
-0.1057205
-0.1049233
-0.1047780
-0.1015649
-0.0961669
-0.0923480
-0.0914389
-0.0907693
-0.0876132
-0.0831388
-0.0810721
-0.0826266
-0.0839751
-0.0795684
-0.0677984
-0.0529419
-0.0415905
-0.0373511
-0.0384126
-0.0392170
-0.0345573
-0.0235444
-0.0106178
-0.0017698
0.0017668
0.0062017
0.0209113
0.0526024
0.1067357
0.1956080
0.3396938
0.5508847
0.8065145
1.0408451
1.1720275
1.1501737
0.9881759
0.7491946
0.5033639
0.2916469
0.1218509
-0.0120539
-0.1134746
-0.1827226
-0.2237232
-0.2445001
-0.2510949
-0.2447900
-0.2270220
-0.2046142
-0.1868401
-0.1770457
-0.1697821
-0.1580190
-0.1419703
-0.1286219
-0.1227297
-0.1207960
-0.1156195
-0.1056607
-0.0974755
-0.0979887
-0.1058237
-0.1123488
-0.1116743
-0.1078370
-0.1101365
-0.1215329
-0.1338231
-0.1359239
-0.1262744
-0.1152717
-0.1148176
-0.1263397
-0.1399199
-0.1447461
-0.1392569
-0.1306579
-0.1256272
-0.1232075
-0.1172784
-0.1045558
-0.0883821
-0.0746362
-0.0655430
-0.0586036
-0.0508371
-0.0424427
-0.0355955
-0.0303897
-0.0233367
-0.0107639
0.0064827
0.0226886
0.0323053
0.0350350
0.0352107
0.0362392
0.0367015
0.0327571
0.0239584
0.0152566
0.0120429
0.0133432
0.0114682
-0.0001195
-0.0189254
-0.0351976
-0.0424789
-0.0450218
-0.0527351
-0.0688856
-0.0850751
-0.0901139
-0.0830210
-0.0748861
-0.0767810
-0.0873085
-0.0944688
-0.0901630
-0.0804680
-0.0792188
-0.0919780
-0.1089716
-0.1150869
-0.1053568
-0.0889254
-0.0785921
-0.0787802
-0.0843960
-0.0891509
-0.0919556
-0.0946441
-0.0961766
-0.0924264
-0.0822457
-0.0712488
-0.0671606
-0.0716953
-0.0789936
-0.0827349
-0.0832673
-0.0861052
-0.0937644
-0.1010842
-0.1002429
-0.0901690
-0.0792421
-0.0772666
-0.0852460
-0.0947687
-0.0979554
-0.0962463
-0.0974438
-0.1046146
-0.1105979
-0.1054380
-0.0885344
-0.0710794
-0.0650868
-0.0709780
-0.0779713
-0.0769148
-0.0703352
-0.0676129
-0.0714500
-0.0729033
-0.0618597
-0.0404480
-0.0227125
-0.0202111
-0.0300562
-0.0390405
-0.0386484
-0.0333939
-0.0334150
-0.0411761
-0.0486807
-0.0479635
-0.0410001
-0.0365519
-0.0387241
-0.0424874
-0.0416976
-0.0384702
-0.0410168
-0.0522431
-0.0638938
-0.0648355
-0.0544924
-0.0450422
-0.0485804
-0.0636853
-0.0772983
-0.0797628
-0.0749496
-0.0735825
-0.0786858
-0.0815324
-0.0730532
-0.0564191
-0.0450401
-0.0478876
-0.0593529
-0.0656232
-0.0600602
-0.0495273
-0.0447506
-0.0470849
-0.0476998
-0.0390359
-0.0234129
-0.0086719
0.0020636
0.0128848
0.0276896
0.0438570
0.0559756
0.0654340
0.0849751
0.1345206
0.2341835
0.3987950
0.6296084
0.9000537
1.1472188
1.2886611
1.2658361
1.0841948
0.8128867
0.5395535
0.3175384
0.1492854
0.0130420
-0.1010245
-0.1822797
-0.2207243
-0.2272393
-0.2272919
-0.2361036
-0.2452464
-0.2361984
-0.2045219
-0.1669759
-0.1446105
-0.1419307
-0.1450883
-0.1396107
-0.1267232
-0.1201237
-0.1279348
-0.1414032
-0.1436858
-0.1284649
-0.1069021
-0.0954994
-0.0993749
-0.1093442
-0.1140071
-0.1114717
-0.1080954
-0.1082087
-0.1085710
-0.1036719
-0.0937789
-0.0848903
-0.0812049
-0.0805866
-0.0786366
-0.0748012
-0.0717895
-0.0698972
-0.0652090
-0.0546299
-0.0405480
-0.0283156
-0.0198257
-0.0120022
-0.0023781
0.0060494
0.0082368
0.0052799
0.0061606
0.0188508
0.0407108
0.0606305
0.0712284
0.0762963
0.0843456
0.0968021
0.1060619
0.1056716
0.0993087
0.0968568
0.1023095
0.1086646
0.1063142
0.0943969
0.0807548
0.0708986
0.0608799
0.0437791
0.0210641
0.0031657
-0.0022259
0.0005671
-0.0001033
-0.0106733
-0.0269765
-0.0409977
-0.0500633
-0.0575391
-0.0660953
-0.0735444
-0.0763723
-0.0750752
-0.0735670
-0.0741754
-0.0761102
-0.0792567
-0.0862108
-0.0979702
-0.1093865
-0.1126933
-0.1064381
-0.0982493
-0.0965729
-0.1009258
-0.1032095
-0.0991832
-0.0955678
-0.1024036
-0.1188485
-0.1307779
-0.1255118
-0.1070977
-0.0929934
-0.0950253
-0.1070788
-0.1138662
-0.1093544
-0.1024026
-0.1038435
-0.1119500
-0.1142669
-0.1030520
-0.0850297
-0.0736807
-0.0740329
-0.0786069
-0.0782571
-0.0729191
-0.0689929
-0.0687462
-0.0669782
-0.0589778
-0.0482326
-0.0433097
-0.0480364
-0.0574851
-0.0643608
-0.0673363
-0.0710579
-0.0785536
-0.0863908
-0.0888674
-0.0852541
-0.0802546
-0.0776541
-0.0765466
-0.0750568
-0.0749752
-0.0793955
-0.0863092
-0.0881977
-0.0802428
-0.0674508
-0.0605889
-0.0642120
-0.0710615
-0.0708381
-0.0635196
-0.0600972
-0.0683650
-0.0812631
-0.0837045
-0.0706592
-0.0540072
-0.0490845
-0.0572420
-0.0656083
-0.0637133
-0.0561093
-0.0557342
-0.0668386
-0.0789867
-0.0794984
-0.0684784
-0.0576367
-0.0552249
-0.0569294
-0.0535255
-0.0434072
-0.0328258
-0.0249457
-0.0143061
0.0053473
0.0321214
0.0618457
0.1054300
0.1956020
0.3672041
0.6228005
0.9146120
1.1620102
1.2920755
1.2723883
1.1171069
0.8719485
0.5941353
0.3359550
0.1321401
-0.0077104
-0.0968091
-0.1576762
-0.2053837
-0.2400289
-0.2539667
-0.2457298
-0.2259439
-0.2092443
-0.2016493
-0.1974709
-0.1884567
-0.1742917
-0.1630681
-0.1618832
-0.1680970
-0.1709094
-0.1621741
-0.1451991
-0.1316129
-0.1292286
-0.1343276
-0.1368616
-0.1320126
-0.1246035
-0.1219328
-0.1240478
-0.1228697
-0.1113466
-0.0924825
-0.0776245
-0.0749268
-0.0805883
-0.0832318
-0.0766428
-0.0659227
-0.0601218
-0.0608099
-0.0603788
-0.0515945
-0.0367076
-0.0254028
-0.0239013
-0.0277905
-0.0271743
-0.0183193
-0.0076488
-0.0028755
-0.0023251
0.0037998
0.0215015
0.0450778
0.0626629
0.0684357
0.0676915
0.0699618
0.0785875
0.0882658
0.0926628
0.0926451
0.0950913
0.1038663
0.1144367
0.1189226
0.1150642
0.1080293
0.1033713
0.0999961
0.0913672
0.0736414
0.0517556
0.0360902
0.0320854
0.0338587
0.0298687
0.0151916
-0.0034358
-0.0155780
-0.0186588
-0.0200832
-0.0282732
-0.0430080
-0.0553876
-0.0572513
-0.0500506
-0.0436264
-0.0461983
-0.0568158
-0.0684694
-0.0770819
-0.0851265
-0.0965034
-0.1101873
-0.1203888
-0.1224451
-0.1176637
-0.1121027
-0.1105538
-0.1120922
-0.1123812
-0.1101576
-0.1094592
-0.1140127
-0.1207860
-0.1216128
-0.1118441
-0.0961826
-0.0849463
-0.0843436
-0.0905074
-0.0935918
-0.0882666
-0.0794879
-0.0765042
-0.0814452
-0.0860012
-0.0804370
-0.0645162
-0.0482115
-0.0421398
-0.0479504
-0.0575096
-0.0609213
-0.0556886
-0.0482376
-0.0462692
-0.0502617
-0.0536167
-0.0507821
-0.0435209
-0.0385632
-0.0401087
-0.0455073
-0.0483484
-0.0456872
-0.0416213
-0.0424436
-0.0483173
-0.0522370
-0.0488952
-0.0423299
-0.0415327
-0.0491125
-0.0578761
-0.0598966
-0.0564057
-0.0559500
-0.0628878
-0.0702407
-0.0664236
-0.0490046
-0.0287726
-0.0177007
-0.0149480
-0.0091306
0.0056557
0.0215380
0.0281753
0.0301328
0.0500631
0.1159262
0.2467394
0.4461825
0.6996085
0.9688407
1.1911434
1.2956747
1.2383449
1.0327030
0.7474772
0.4666529
0.2434136
0.0845310
-0.0301049
-0.1193698
-0.1888134
-0.2357732
-0.2588898
-0.2626897
-0.2557863
-0.2455666
-0.2340464
-0.2184651
-0.1959040
-0.1680390
-0.1424000
-0.1281684
-0.1281649
-0.1345529
-0.1354400
-0.1273617
-0.1186832
-0.1185441
-0.1248568
-0.1263603
-0.1155626
-0.0969140
-0.0820273
-0.0781560
-0.0815135
-0.0818029
-0.0738087
-0.0636094
-0.0612898
-0.0680768
-0.0738639
-0.0682879
-0.0517455
-0.0344888
-0.0267855
-0.0304588
-0.0380784
-0.0399947
-0.0337236
-0.0260734
-0.0243311
-0.0267442
-0.0247920
-0.0140157
0.0010630
0.0129605
0.0191958
0.0238592
0.0331831
0.0492821
0.0670133
0.0786517
0.0833863
0.0897058
0.1056801
0.1291697
0.1506003
0.1632570
0.1679510
0.1697820
0.1732245
0.1783586
0.1797057
0.1714217
0.1555147
0.1412980
0.1343440
0.1297821
0.1190047
0.0991955
0.0741624
0.0500468
0.0320199
0.0203466
0.0081213
-0.0115609
-0.0348511
-0.0501138
-0.0533882
-0.0539529
-0.0624863
-0.0803666
-0.1016579
-0.1181790
-0.1228670
-0.1175753
-0.1166458
-0.1306674
-0.1475660
-0.1454811
-0.1253748
-0.1118754
-0.1172913
-0.1261206
-0.1246314
