0.7418783
1.0902912
1.1657198
1.1148404
1.0066573
0.7968051
0.5115602
0.2642361
0.0975162
-0.0385999
-0.1593756
-0.2261749
-0.2471105
-0.2777751
-0.3211732
-0.3278447
-0.2945775
-0.2728790
-0.2797021
-0.2792342
-0.2534339
-0.2229216
-0.2003140
-0.1803556
-0.1693645
-0.1747912
-0.1780312
-0.1619172
-0.1468334
-0.1571624
-0.1743169
-0.1661537
-0.1408533
-0.1294397
-0.1349443
-0.1381420
-0.1357909
-0.1381789
-0.1441810
-0.1468041
-0.1478924
-0.1469362
-0.1350563
-0.1164499
-0.1116608
-0.1241463
-0.1298974
-0.1150963
-0.0965896
-0.0901146
-0.0857271
-0.0702925
-0.0492978
-0.0320315
-0.0171967
-0.0042001
0.0020637
0.0057178
0.0196300
0.0457438
0.0739167
0.1008949
0.1311630
0.1610851
0.1829062
0.2012432
0.2245481
0.2448236
0.2478939
0.2392782
0.2374816
0.2448195
0.2455319
0.2301973
0.2040058
0.1737691
0.1418490
0.1093603
0.0744649
0.0343901
-0.0028791
-0.0214502
-0.0216010
-0.0257799
-0.0485624
-0.0759865
-0.0884211
-0.0895002
-0.0971048
-0.1166865
-0.1375962
-0.1485374
-0.1470377
-0.1398875
-0.1388964
-0.1488269
-0.1593219
-0.1592649
-0.1560976
-0.1649721
-0.1807955
-0.1811343
-0.1594675
-0.1362785
-0.1312301
-0.1402059
-0.1467656
-0.1443597
-0.1407304
-0.1468657
-0.1636320
-0.1760934
-0.1664939
-0.1386765
-0.1199604
-0.1285451
-0.1491249
-0.1542199
-0.1406532
-0.1289026
-0.1319917
-0.1411711
-0.1412560
-0.1281266
-0.1106244
-0.1017558
-0.1066060
-0.1164052
-0.1195996
-0.1189240
-0.1271647
-0.1445526
-0.1545286
-0.1475953
-0.1357791
-0.1351191
-0.1449347
-0.1532929
-0.1545024
-0.1529105
-0.1546336
-0.1607810
-0.1654580
-0.1599307
-0.1435830
-0.1281943
-0.1240041
-0.1255116
-0.1211388
-0.1129609
-0.1139556
-0.1269859
-0.1392941
-0.1390966
-0.1277042
-0.1142834
-0.1066144
-0.1069418
-0.1102993
-0.1080202
-0.0979535
-0.0879832
-0.0847612
-0.0842163
-0.0786779
-0.0673679
-0.0537975
-0.0387283
-0.0209858
0.0024441
0.0440112
0.1255817
0.2606971
0.4375807
0.6223061
0.7748734
0.8629933
0.8718595
0.8090083
0.6969274
0.5585159
0.4122836
0.2767742
0.1662907
0.0781541
-0.0065017
-0.1035079
-0.2107917
-0.3126370
-0.3927120
-0.4432319
-0.4680507
-0.4772557
-0.4742243
-0.4507281
-0.4009393
-0.3363003
-0.2776322
-0.2341499
-0.1983789
-0.1609839
-0.1233999
-0.0954757
-0.0849118
-0.0879877
-0.0888966
-0.0732625
-0.0458268
-0.0285143
-0.0357397
-0.0573883
-0.0720055
-0.0714780
-0.0662472
-0.0698861
-0.0842334
-0.0978047
-0.0960745
-0.0759211
-0.0504922
-0.0353851
-0.0305206
-0.0224057
-0.0041261
0.0159962
0.0282690
0.0358894
0.0506362
0.0791103
0.1164841
0.1510132
0.1741545
0.1892046
0.2085611
0.2388297
0.2718789
0.2960842
0.3125734
0.3324532
0.3600455
0.3873596
0.4055315
0.4150169
0.4228959
0.4337300
0.4436282
0.4425649
0.4256368
0.4030752
0.3930206
0.4005480
0.4096886
0.4015270
0.3755373
0.3475023
0.3299242
0.3197861
0.3037222
0.2720265
0.2294456
0.1931792
0.1765947
0.1741839
0.1672018
0.1447838
0.1140202
0.0882305
0.0714539
0.0568525
0.0356789
0.0058286
-0.0250260
-0.0445585
-0.0479660
-0.0445670
-0.0480778
-0.0615114
-0.0764991
-0.0859138
-0.0910903
-0.0968365
-0.1048094
-0.1126135
-0.1161469
-0.1132557
-0.1073164
-0.1050249
-0.1082611
-0.1116786
-0.1115194
-0.1124081
-0.1205223
-0.1332264
-0.1406342
-0.1361308
-0.1223886
-0.1088181
-0.1045308
-0.1102896
-0.1157743
-0.1092457
-0.0921593
-0.0794568
-0.0821778
-0.0936222
-0.0961629
-0.0796947
-0.0517309
-0.0311173
-0.0314634
-0.0477365
-0.0601839
-0.0553989
-0.0418923
-0.0394788
-0.0545701
-0.0728970
-0.0775605
-0.0680637
-0.0588968
-0.0630556
-0.0792876
-0.0943546
-0.0976324
-0.0934286
-0.0957622
-0.1096052
-0.1225222
-0.1195027
-0.1021304
-0.0871179
-0.0876127
-0.1010053
-0.1144016
-0.1181365
-0.1139041
-0.1115175
-0.1171161
-0.1248271
-0.1232472
-0.1101316
-0.0954268
-0.0879975
-0.0848807
-0.0773253
-0.0633967
-0.0502557
-0.0454633
-0.0484065
-0.0495263
-0.0380245
-0.0124088
0.0171230
0.0391718
0.0526208
0.0654519
0.0873651
0.1322134
0.2260028
0.3984220
0.6531604
0.9431712
1.1799423
1.2778035
1.2043194
0.9990874
0.7438566
0.5072737
0.3118566
0.1470425
0.0034261
-0.1119379
-0.1875314
-0.2236259
-0.2338362
-0.2342954
-0.2326376
-0.2260678
-0.2099086
-0.1875309
-0.1694089
-0.1620489
-0.1611915
-0.1571210
-0.1437892
-0.1224250
-0.1004376
-0.0877875
-0.0894326
-0.0986359
-0.1015030
-0.0912681
-0.0760161
-0.0701736
-0.0794961
-0.0948715
-0.0996696
-0.0844503
-0.0572025
-0.0377938
-0.0386278
-0.0514737
-0.0569975
-0.0464541
-0.0297825
-0.0222826
-0.0271765
-0.0323959
-0.0227411
0.0047106
0.0362438
0.0541641
0.0552980
0.0544229
0.0673239
0.0936530
0.1197979
0.1359477
0.1460899
0.1620257
0.1905666
0.2265095
0.2571194
0.2745704
0.2840081
0.2967921
0.3157423
0.3312204
0.3335068
0.3252254
0.3184305
0.3210105
0.3278121
0.3245505
0.3008966
0.2616014
0.2235885
0.1988640
0.1812376
0.1541017
0.1111866
0.0649557
0.0330491
0.0198819
0.0135398
-0.0009999
-0.0269522
-0.0535033
-0.0684574
-0.0724585
-0.0777405
-0.0919613
-0.1078796
-0.1128452
-0.1051773
-0.0959821
-0.0959214
-0.1047447
-0.1140986
-0.1173963
-0.1160341
-0.1173015
-0.1265179
-0.1412058
-0.1538555
-0.1597716
-0.1600539
-0.1577962
-0.1552560
-0.1549543
-0.1589071
-0.1649719
-0.1678270
-0.1658724
-0.1640253
-0.1671710
-0.1731713
-0.1749626
-0.1686748
-0.1581713
-0.1516710
-0.1537435
-0.1603076
-0.1630366
-0.1597205
-0.1574502
-0.1627128
-0.1711454
-0.1719086
-0.1613476
-0.1475277
-0.1403611
-0.1406209
-0.1402059
-0.1317696
-0.1172975
-0.1071472
-0.1093932
-0.1198329
-0.1250650
-0.1169346
-0.1015128
-0.0919097
-0.0945035
-0.1043722
-0.1121365
-0.1127617
-0.1088741
-0.1073762
-0.1121020
-0.1191800
-0.1211428
-0.1159000
-0.1093496
-0.1083812
-0.1135102
-0.1192552
-0.1199152
-0.1145500
-0.1081111
-0.1075718
-0.1147172
-0.1229997
-0.1241162
-0.1176134
-0.1113319
-0.1123066
-0.1198846
-0.1281154
-0.1324444
-0.1332298
-0.1340047
-0.1366306
-0.1379997
-0.1330678
-0.1220735
-0.1122386
-0.1098934
-0.1127917
-0.1131612
-0.1074223
-0.1002451
-0.0990551
-0.1058796
-0.1143176
-0.1145423
-0.1032751
-0.0892946
-0.0861578
-0.0977196
-0.1132492
-0.1190549
-0.1132790
-0.1070556
-0.1118011
-0.1267826
-0.1391924
-0.1368013
-0.1214823
-0.1091915
-0.1143524
-0.1348202
-0.1546686
-0.1611026
-0.1555667
-0.1486590
-0.1481675
-0.1534677
-0.1586605
-0.1588219
-0.1538070
-0.1470050
-0.1409195
-0.1352583
-0.1298293
-0.1268962
-0.1282617
-0.1312396
-0.1299863
-0.1207378
-0.1049057
-0.0882709
-0.0777914
-0.0764933
-0.0791679
-0.0750913
-0.0579906
-0.0328143
-0.0107387
0.0022637
0.0116202
0.0318933
0.0819479
0.1820914
0.3506989
0.5943515
0.8908738
1.1781502
1.3692247
1.3969868
1.2579666
1.0146932
0.7511613
0.5209949
0.3316510
0.1686330
0.0269068
-0.0820929
-0.1485488
-0.1814695
-0.2026705
-0.2243571
-0.2382443
-0.2300986
-0.2011169
-0.1694330
-0.1514680
-0.1471912
-0.1453178
-0.1391620
-0.1338680
-0.1382201
-0.1516079
-0.1617368
-0.1570511
-0.1403262
-0.1266110
-0.1268285
-0.1365006
-0.1425539
-0.1385405
-0.1301657
-0.1269959
-0.1314388
-0.1361764
-0.1315542
-0.1157093
-0.0973871
-0.0875512
-0.0880578
-0.0901149
-0.0842383
-0.0701776
-0.0564781
-0.0512729
-0.0535516
-0.0527938
-0.0383734
-0.0110477
0.0162039
0.0314616
0.0370985
0.0463450
0.0666121
0.0902118
0.1040373
0.1064700
0.1114842
0.1346596
0.1757757
0.2172458
0.2415918
0.2494344
0.2570234
0.2758357
0.2990448
0.3108414
0.3054146
0.2917506
0.2805189
0.2711572
0.2541956
0.2242334
0.1875421
0.1554542
0.1312958
0.1070245
0.0749878
0.0405598
0.0181902
0.0140693
0.0170370
0.0098423
-0.0123706
-0.0376579
-0.0511095
-0.0511273
-0.0507445
-0.0626192
-0.0839037
-0.0985910
-0.0959124
-0.0834283
-0.0784655
-0.0880768
-0.1020128
-0.1064186
-0.1006752
-0.0976664
-0.1083057
-0.1283700
-0.1422206
-0.1395237
-0.1265713
-0.1190523
-0.1244693
-0.1352292
-0.1400549
-0.1380815
-0.1378687
-0.1444634
-0.1522557
-0.1519841
-0.1422493
-0.1317154
-0.1297405
-0.1361903
-0.1423466
-0.1421755
-0.1397895
-0.1425714
-0.1486049
-0.1464610
-0.1295994
-0.1069680
-0.0949517
-0.0993936
-0.1090234
-0.1082648
-0.0951977
-0.0843163
-0.0899608
-0.1084512
-0.1204085
-0.1122501
-0.0918261
-0.0789461
-0.0824041
-0.0916484
-0.0919843
-0.0831173
-0.0786042
-0.0881599
-0.1045301
-0.1104481
-0.0980063
-0.0782637
-0.0694915
-0.0774485
-0.0909189
-0.0967996
-0.0948492
-0.0944526
-0.1001578
-0.1057196
-0.1029033
-0.0923522
-0.0831364
-0.0824537
-0.0881293
-0.0925906
-0.0930304
-0.0943646
-0.1004869
-0.1058421
-0.1007010
-0.0849758
-0.0717634
-0.0737606
-0.0882788
-0.0994278
-0.0955900
-0.0824090
-0.0765321
-0.0866022
-0.1026114
-0.1065642
-0.0932429
-0.0765781
-0.0732285
-0.0832097
-0.0915653
-0.0883539
-0.0811377
-0.0843814
-0.0994632
-0.1104050
-0.1014002
-0.0761381
-0.0558146
-0.0568239
-0.0736500
-0.0872612
-0.0882177
-0.0853593
-0.0904102
-0.1006627
-0.1028694
-0.0913491
-0.0746452
-0.0623329
-0.0511706
-0.0303855
0.0002803
0.0248550
0.0297825
0.0285535
0.0630293
0.1761442
0.3817723
0.6575186
0.9573349
1.2237215
1.3945641
1.4186557
1.2834512
1.0321570
0.7455719
0.4959673
0.3099990
0.1706425
0.0511104
-0.0549497
-0.1340997
-0.1764938
-0.1912641
-0.1972386
-0.2033951
-0.2032615
-0.1876647
-0.1589184
-0.1308759
-0.1164350
-0.1161201
-0.1188846
-0.1141341
-0.1027784
-0.0955067
-0.0999534
-0.1111444
-0.1161244
-0.1076361
-0.0920768
-0.0836065
-0.0904306
-0.1068268
-0.1191475
-0.1200581
-0.1156284
-0.1167424
-0.1245535
-0.1276287
-0.1146520
-0.0877917
-0.0614522
-0.0483107
-0.0479271
-0.0491248
-0.0424501
-0.0289950
-0.0163665
-0.0073637
0.0042436
0.0252689
0.0530323
0.0772392
0.0919163
0.1025644
0.1198534
0.1474192
0.1776756
0.2002619
0.2140054
0.2290256
0.2556271
0.2917231
0.3236450
0.3403815
0.3450383
0.3501738
0.3625808
0.3748807
0.3729915
0.3512740
0.3194352
0.2935365
0.2795421
0.2665486
0.2378758
0.1888909
0.1323113
0.0855071
0.0541740
0.0294753
-0.0000525
-0.0355480
-0.0668901
-0.0837304
-0.0865253
-0.0859907
-0.0919451
-0.1041407
-0.1147916
-0.1184574
-0.1173610
-0.1174661
-0.1215086
-0.1266191
-0.1277825
-0.1231161
-0.1161764
-0.1130266
-0.1164728
-0.1232655
-0.1274196
-0.1261268
-0.1220972
-0.1204034
-0.1232728
-0.1276513
-0.1280114
-0.1224039
-0.1156456
-0.1150255
-0.1221481
-0.1302873
-0.1310263
-0.1229894
-0.1130932
-0.1094198
-0.1134495
-0.1191379
-0.1192277
-0.1123855
-0.1040053
-0.1000507
-0.1010378
-0.1028988
-0.1028457
-0.1026581
-0.1061326
-0.1146839
-0.1257913
-0.1346999
-0.1373962
-0.1331443
-0.1250055
-0.1174816
-0.1130065
-0.1105997
-0.1079707
-0.1049565
-0.1047610
-0.1109373
-0.1220342
-0.1299215
-0.1261587
-0.1116765
-0.0984604
-0.0988709
-0.1128173
-0.1270420
-0.1280753
-0.1155829
-0.1023934
-0.1011956
-0.1113644
-0.1194591
-0.1131365
-0.0939794
-0.0756783
-0.0700243
-0.0761242
-0.0833853
-0.0832560
-0.0769065
-0.0723771
-0.0755854
-0.0842440
-0.0900507
-0.0866899
-0.0758297
-0.0655173
-0.0630905
-0.0695776
-0.0799899
-0.0882426
-0.0923617
-0.0957948
-0.1032492
-0.1144966
-0.1230639
-0.1226711
-0.1150576
-0.1097894
-0.1149868
-0.1284069
-0.1387021
-0.1363869
-0.1236353
-0.1121536
-0.1102187
-0.1125804
-0.1055523
-0.0829477
-0.0547215
-0.0371360
-0.0346001
-0.0340041
-0.0190630
0.0109044
0.0407428
0.0627974
0.1016665
0.2100126
0.4289468
0.7429066
1.0707095
1.3060124
1.3776654
1.2843838
1.0819892
0.8403501
0.6064401
0.3968943
0.2142747
0.0635583
-0.0471106
-0.1165164
-0.1556267
-0.1805946
-0.2008242
-0.2141909
-0.2136688
-0.1984707
-0.1783383
-0.1658891
-0.1642635
-0.1636079
-0.1515702
-0.1273978
-0.1042001
-0.0962597
-0.1045339
-0.1157271
-0.1162018
-0.1063013
-0.0997108
-0.1079819
-0.1266561
-0.1384280
-0.1304735
-0.1075790
-0.0874871
-0.0838496
-0.0941151
-0.1033599
-0.0991337
-0.0827119
-0.0664690
-0.0606496
-0.0629993
-0.0615175
-0.0469589
-0.0219895
0.0017987
0.0150787
0.0188273
0.0221132
0.0328501
0.0510500
0.0708718
0.0882913
0.1054072
0.1268684
0.1534076
0.1804572
0.2031912
0.2218816
0.2416499
0.2669506
0.2962965
0.3225471
0.3390998
0.3464299
0.3521622
0.3636576
0.3798475
0.3904024
0.3835316
0.3556561
0.3144013
0.2721428
0.2358161
0.2024916
0.1649270
0.1211550
0.0778526
0.0440934
0.0225488
0.0075307
-0.0084889
-0.0270605
-0.0428223
-0.0503807
-0.0515871
-0.0547703
-0.0658606
-0.0809333
-0.0892224
-0.0843652
-0.0720258
-0.0653913
-0.0727894
-0.0899303
-0.1045478
-0.1086791
-0.1061509
-0.1078149
-0.1197608
-0.1368244
-0.1476301
-0.1452471
-0.1327544
-0.1194886
-0.1129065
-0.1136616
-0.1172222
-0.1194882
-0.1209399
-0.1255581
-0.1357333
-0.1483842
-0.1565269
-0.1553186
-0.1471205
-0.1405021
-0.1432045
-0.1549631
-0.1673105
-0.1714711
-0.1669430
-0.1616782
-0.1631579
-0.1696579
-0.1713162
-0.1604689
-0.1407733
-0.1253036
-0.1247021
-0.1369181
-0.1491677
-0.1505068
-0.1421778
-0.1350995
-0.1375340
-0.1461243
-0.1493153
-0.1390102
-0.1184795
-0.0992451
-0.0908427
-0.0935835
-0.1003658
-0.1043393
-0.1044041
-0.1041706
-0.1069275
-0.1119821
-0.1151787
-0.1125806
-0.1042686
-0.0951105
-0.0912717
-0.0950153
-0.1028319
-0.1092838
-0.1127244
-0.1163688
-0.1231849
-0.1306996
-0.1327713
-0.1273311
-0.1208350
-0.1225047
-0.1334572
-0.1435662
-0.1413483
-0.1267001
-0.1117300
-0.1080648
-0.1146747
-0.1195994
-0.1129536
-0.0965063
-0.0804259
-0.0726577
-0.0729347
-0.0757488
-0.0761888
-0.0719920
-0.0624221
-0.0480643
-0.0314593
-0.0152325
0.0017183
0.0251176
0.0626026
0.1238537
0.2263067
0.3956591
0.6473966
0.9558396
1.2416898
1.4038025
1.3808765
1.1929548
0.9241460
0.6612034
0.4432884
0.2627752
0.1031163
-0.0329833
-0.1310144
-0.1889240
-0.2237457
-0.2530831
-0.2762161
-0.2784767
-0.2529812
-0.2134896
-0.1838492
-0.1765563
-0.1835181
-0.1868478
-0.1765618
-0.1577966
-0.1432643
-0.1405264
-0.1457432
-0.1477633
-0.1378582
-0.1170279
-0.0952639
-0.0834566
-0.0847519
-0.0929541
-0.0992483
-0.1003955
-0.1001254
