-0.2424013
-0.2682163
-0.2316531
-0.2044711
-0.2079360
-0.2084332
-0.1928589
-0.1830590
-0.1854124
-0.1820770
-0.1705976
-0.1669175
-0.1694954
-0.1591416
-0.1347139
-0.1157041
-0.1092783
-0.1034011
-0.0918069
-0.0804010
-0.0704225
-0.0576274
-0.0456306
-0.0401874
-0.0341663
-0.0167740
0.0066705
0.0212712
0.0243122
0.0252716
0.0291961
0.0339485
0.0389194
0.0442812
0.0466600
0.0451528
0.0448485
0.0459373
0.0381454
0.0154106
-0.0122846
-0.0310713
-0.0401077
-0.0488722
-0.0647262
-0.0890639
-0.1177023
-0.1394244
-0.1424711
-0.1283330
-0.1120067
-0.1043520
-0.1015472
-0.0953099
-0.0854180
-0.0777747
-0.0759785
-0.0774461
-0.0734790
-0.0543074
-0.0206766
0.0116728
0.0276331
0.0314732
0.0413248
0.0673102
0.1071950
0.1657845
0.2671473
0.4380170
0.6767708
0.9368757
1.1415056
1.2246055
1.1703718
1.0165438
0.8184838
0.6123881
0.4112674
0.2228649
0.0589178
-0.0703468
-0.1617204
-0.2187273
-0.2501173
-0.2667095
-0.2754138
-0.2771780
-0.2721543
-0.2637056
-0.2557632
-0.2498350
-0.2456167
-0.2403404
-0.2274815
-0.2026291
-0.1726499
-0.1528425
-0.1514675
-0.1609833
-0.1669719
-0.1626914
-0.1538902
-0.1524714
-0.1654204
-0.1864336
-0.1991884
-0.1931850
-0.1758275
-0.1645633
-0.1677288
-0.1774429
-0.1806601
-0.1727071
-0.1599402
-0.1525575
-0.1546273
-0.1589914
-0.1535740
-0.1349265
-0.1128995
-0.0991235
-0.0939622
-0.0884807
-0.0765259
-0.0604972
-0.0463574
-0.0361649
-0.0252560
-0.0062425
0.0218459
0.0480878
0.0575796
0.0468789
0.0280066
0.0149140
0.0093244
0.0024014
-0.0124294
-0.0310750
-0.0419555
-0.0366412
-0.0186903
-0.0016545
0.0036218
-0.0011017
-0.0060820
-0.0053582
0.0002775
0.0096763
0.0247273
0.0485483
0.0883204
0.1627333
0.2987382
0.5094437
0.7681760
1.0046003
1.1349913
1.1106886
0.9482817
0.7147881
0.4805582
0.2828416
0.1267550
0.0075966
-0.0767411
-0.1299559
-0.1618646
-0.1835486
-0.2001525
-0.2102884
-0.2116801
-0.2064518
-0.2003475
-0.1966639
-0.1929489
-0.1860814
-0.1788226
-0.1769953
-0.1804161
-0.1815980
-0.1751031
-0.1642937
-0.1565326
-0.1543670
-0.1536407
-0.1488178
-0.1388231
-0.1284263
-0.1238486
-0.1258496
-0.1279762
-0.1235104
-0.1132336
-0.1040363
-0.1005219
-0.1001576
-0.0960735
-0.0828531
-0.0608541
-0.0370635
-0.0203499
-0.0131080
-0.0081851
0.0036667
0.0236895
0.0440533
0.0562668
0.0595389
0.0616665
0.0722471
0.0934617
0.1169258
0.1315659
0.1351592
0.1355545
0.1396461
0.1444372
0.1413839
0.1274071
0.1087619
0.0943674
0.0867891
0.0800382
0.0664662
0.0461340
0.0278540
0.0192039
0.0172637
0.0126723
0.0023837
-0.0053869
0.0000488
0.0206389
0.0480697
0.0716296
0.0874019
0.1025869
0.1335656
0.2001511
0.3192393
0.4973702
0.7202735
0.9455174
1.1115146
1.1653303
1.0907395
0.9142409
0.6866614
0.4571445
0.2561002
0.0923838
-0.0384768
-0.1422761
-0.2187878
-0.2632757
-0.2737741
-0.2575556
-0.2313430
-0.2130221
-0.2093979
-0.2118465
-0.2071068
-0.1929249
-0.1799771
-0.1775852
-0.1815202
-0.1791066
-0.1646385
-0.1463957
-0.1377152
-0.1425351
-0.1512043
-0.1513613
-0.1422013
-0.1355833
-0.1420055
-0.1580309
-0.1701691
-0.1696908
-0.1607074
-0.1543686
-0.1579831
-0.1697592
-0.1815244
-0.1857616
-0.1814855
-0.1739429
-0.1680912
-0.1626823
-0.1514789
-0.1300191
-0.1008189
-0.0723073
-0.0522312
-0.0406307
-0.0294066
-0.0107602
0.0138489
0.0355671
0.0493325
0.0598662
0.0743495
0.0915848
0.1018712
0.0977012
0.0824119
0.0669958
0.0585478
0.0528846
0.0400971
0.0176623
-0.0043384
-0.0133939
-0.0087082
-0.0022854
-0.0059306
-0.0195692
-0.0327470
-0.0354168
-0.0262744
-0.0119159
0.0010545
0.0135262
0.0347340
0.0775200
0.1546813
0.2784283
0.4562456
0.6789459
0.9100531
1.0912758
1.1668333
1.1121816
0.9471646
0.7236721
0.4960705
0.2961327
0.1299173
-0.0069349
-0.1152769
-0.1927444
-0.2414090
-0.2692016
-0.2831689
-0.2841767
-0.2701416
-0.2440455
-0.2168590
-0.2002876
-0.1960233
-0.1944738
-0.1865221
-0.1752140
-0.1724651
-0.1840809
-0.2014621
-0.2100886
-0.2045651
-0.1933622
-0.1891350
-0.1959085
-0.2066481
-0.2131002
-0.2161055
-0.2236287
-0.2385266
-0.2518381
-0.2513618
-0.2357752
-0.2170592
-0.2081286
-0.2095740
-0.2094434
-0.1957031
-0.1686265
-0.1406024
-0.1231456
-0.1146268
-0.1025703
-0.0783275
-0.0472496
-0.0228140
-0.0120539
-0.0087081
-0.0005867
0.0175541
0.0388649
0.0518034
0.0521465
0.0464865
0.0431031
0.0410337
0.0307772
0.0057440
-0.0295011
-0.0633485
-0.0878292
-0.1041268
-0.1184927
-0.1339517
-0.1463860
-0.1490673
-0.1411114
-0.1304003
-0.1270350
-0.1343183
-0.1469549
-0.1572273
-0.1614754
-0.1609037
-0.1578001
-0.1520314
-0.1414940
-0.1260526
-0.1100402
-0.0988759
-0.0928238
-0.0862993
-0.0748474
-0.0610647
-0.0512809
-0.0470144
-0.0422987
-0.0306171
-0.0133888
0.0001824
0.0027079
-0.0025771
-0.0047899
0.0015293
0.0083903
0.0027362
-0.0171728
-0.0372753
-0.0417877
-0.0302293
-0.0181845
-0.0212073
-0.0394896
-0.0593183
-0.0691491
-0.0724379
-0.0825781
-0.1053313
-0.1293867
-0.1370263
-0.1231431
-0.1008992
-0.0882072
-0.0907671
-0.0994731
-0.1029041
-0.0999794
-0.0992648
-0.1068152
-0.1174513
-0.1204076
-0.1127227
-0.1035397
-0.1035768
-0.1127977
-0.1211897
-0.1207643
-0.1138825
-0.1090007
-0.1101209
-0.1123990
-0.1084731
-0.0979204
-0.0886835
-0.0884766
-0.0962186
-0.1036964
-0.1050224
-0.1021952
-0.1008999
-0.1028189
-0.1036286
-0.0982488
-0.0872512
-0.0774126
-0.0746873
-0.0759094
-0.0693123
-0.0462457
-0.0121125
0.0189989
0.0455399
0.0948418
0.2127008
0.4271277
0.7138791
0.9958260
1.1822716
1.2191157
1.1108216
0.9024195
0.6458389
0.3814310
0.1402010
-0.0510976
-0.1758046
-0.2376960
-0.2603113
-0.2711568
-0.2837886
-0.2941903
-0.2934372
-0.2816979
-0.2684435
-0.2607901
-0.2554926
-0.2440681
-0.2240045
-0.2027990
-0.1909437
-0.1919059
-0.1993758
-0.2043171
-0.2044050
-0.2055103
-0.2131798
-0.2239532
-0.2274860
-0.2179384
-0.2017185
-0.1923918
-0.1976491
-0.2116565
-0.2207700
-0.2173411
-0.2076328
-0.2048895
-0.2142511
-0.2262203
-0.2266850
-0.2126415
-0.1960961
-0.1920242
-0.2034371
-0.2187049
-0.2231075
-0.2127623
-0.1973473
-0.1894226
-0.1917623
-0.1958145
-0.1918379
-0.1787604
-0.1637530
-0.1539602
-0.1500815
-0.1472330
-0.1405295
-0.1295276
-0.1179064
-0.1094212
-0.1045487
-0.1010689
-0.0971672
-0.0933282
-0.0918038
-0.0950591
-0.1039662
-0.1160726
-0.1260579
-0.1298800
-0.1291585
-0.1300924
-0.1369078
-0.1468600
-0.1526731
-0.1501047
-0.1426519
-0.1381988
-0.1407067
-0.1456556
-0.1444189
-0.1328231
-0.1142935
-0.0947067
-0.0754152
-0.0504263
-0.0064057
0.0766409
0.2194476
0.4275375
0.6728289
0.8912750
1.0076218
0.9756275
0.8052619
0.5555400
0.2987414
0.0843243
-0.0728604
-0.1802661
-0.2502395
-0.2920946
-0.3123939
-0.3158791
-0.3054074
-0.2838227
-0.2572007
-0.2346723
-0.2227196
-0.2188954
-0.2127781
-0.1957921
-0.1711553
-0.1525235
-0.1508167
-0.1626263
-0.1732326
-0.1713504
-0.1597423
-0.1508474
-0.1529345
-0.1615578
-0.1646338
-0.1551696
-0.1380335
-0.1238139
-0.1170304
-0.1120535
-0.1007249
-0.0821414
-0.0636278
-0.0528882
-0.0503208
-0.0485416
-0.0384893
-0.0166029
0.0123284
0.0386702
0.0551911
0.0624992
0.0684346
0.0816815
0.1042139
0.1289089
0.1457413
0.1521723
0.1570316
0.1717751
0.1968584
0.2183831
0.2202241
0.1996891
0.1702414
0.1482300
0.1372280
0.1259942
0.1018715
0.0651659
0.0291218
0.0061804
-0.0036702
-0.0101582
-0.0205782
-0.0328098
-0.0398808
-0.0388413
-0.0337907
-0.0310305
-0.0323261
-0.0328476
-0.0251977
-0.0056954
0.0220550
0.0484603
0.0630875
0.0612444
0.0484131
0.0381156
0.0423500
0.0616472
0.0849168
0.1006925
0.1090179
0.1217197
0.1507784
0.1971589
0.2526652
0.3145364
0.3980171
0.5303183
0.7250995
0.9574034
1.1636880
1.2725098
1.2450192
1.0952791
0.8765113
0.6461250
0.4372404
0.2556254
0.0970872
-0.0361403
-0.1353618
-0.1969125
-0.2290199
-0.2459340
-0.2564908
-0.2593368
-0.2488664
-0.2249866
-0.1967002
-0.1760974
-0.1689387
-0.1710912
-0.1736125
-0.1706516
-0.1628129
-0.1543473
-0.1481026
-0.1429520
-0.1356413
-0.1251319
-0.1148766
-0.1099979
-0.1118630
-0.1160332
-0.1161023
-0.1094415
-0.0991451
-0.0908041
-0.0875832
-0.0879944
-0.0879568
-0.0848389
-0.0794573
-0.0744167
-0.0712479
-0.0695321
-0.0680799
-0.0661359
-0.0638756
-0.0626991
-0.0647720
-0.0708838
-0.0780439
-0.0799161
-0.0709482
-0.0511517
-0.0272848
-0.0088129
-0.0013752
-0.0032095
-0.0079292
-0.0109191
-0.0127613
-0.0165889
-0.0231629
-0.0293595
-0.0311409
-0.0274068
-0.0210842
-0.0167677
-0.0169444
-0.0199247
-0.0213657
-0.0180445
-0.0102464
-0.0005016
0.0099778
0.0235801
0.0446427
0.0748573
0.1109855
0.1502792
0.2013375
0.2882928
0.4371395
0.6489145
0.8812328
1.0585149
1.1098840
1.0100927
0.7939647
0.5339864
0.2985188
0.1211308
-0.0008979
-0.0860190
-0.1474288
-0.1870230
-0.2030647
-0.1996926
-0.1881835
-0.1795150
-0.1763858
-0.1731979
-0.1641343
-0.1507082
-0.1406361
-0.1393159
-0.1432608
-0.1429693
-0.1329477
-0.1186544
-0.1122185
-0.1199990
-0.1345947
-0.1405787
-0.1289784
-0.1057831
-0.0859160
-0.0792107
-0.0823277
-0.0835339
-0.0746119
-0.0583301
-0.0450324
-0.0423360
-0.0480025
-0.0523051
-0.0467640
-0.0307014
-0.0104242
0.0068380
0.0182592
0.0258794
0.0328250
0.0395796
0.0441529
0.0455599
0.0462628
0.0506683
0.0614626
0.0774079
0.0938422
0.1048341
0.1060701
0.0976047
0.0843951
0.0730022
0.0663790
0.0615470
0.0530077
0.0391093
0.0248733
0.0174808
0.0182444
0.0197507
0.0123640
-0.0060125
-0.0273049
-0.0406811
-0.0422023
-0.0371803
-0.0338793
-0.0354288
-0.0373804
-0.0324577
-0.0177225
0.0024620
0.0204049
0.0322964
0.0417548
0.0560996
0.0788755
0.1068702
0.1370934
0.1791502
0.2591257
0.4040931
0.6139745
0.8444468
1.0208195
1.0775723
0.9948288
0.8047972
0.5664200
0.3310781
0.1247515
-0.0466450
-0.1822522
-0.2786256
-0.3336902
-0.3533951
-0.3516455
-0.3431936
-0.3361808
-0.3302258
-0.3207479
-0.3056003
-0.2885057
-0.2762875
-0.2724604
-0.2735568
-0.2721311
-0.2637204
-0.2510549
-0.2414912
-0.2401373
-0.2452604
-0.2503904
-0.2508463
-0.2479043
-0.2465683
-0.2499526
-0.2564370
-0.2618241
-0.2632882
-0.2611791
-0.2580161
-0.2565154
-0.2582242
-0.2629699
-0.2687844
-0.2724721
-0.2713401
-0.2654571
-0.2580113
-0.2521154
-0.2465934
-0.2359612
-0.2160645
-0.1898914
-0.1666472
-0.1539559
-0.1507033
-0.1479644
-0.1375627
-0.1200229
-0.1038711
-0.0967502
-0.0974370
-0.0973033
-0.0899566
-0.0790225
-0.0757543
-0.0883660
-0.1131710
-0.1361569
-0.1442731
-0.1366466
-0.1253207
-0.1243786
-0.1375106
-0.1559006
-0.1681229
-0.1717522
-0.1750198
-0.1872685
-0.2083339
-0.2279357
-0.2357620
-0.2316262
-0.2247827
-0.2231465
-0.2243049
-0.2182554
-0.1988320
-0.1714259
-0.1487857
-0.1390462
-0.1376480
-0.1308973
-0.1080911
-0.0711872
-0.0325669
-0.0012737
0.0316621
0.0956925
0.2253914
0.4346207
0.6975158
0.9521048
1.1275709
1.1778807
1.0990300
0.9209952
0.6859623
0.4318490
0.1890838
-0.0169476
-0.1685277
-0.2632706
-0.3163346
-0.3499821
-0.3774263
-0.3962197
-0.3976476
-0.3814601
-0.3595473
-0.3449131
-0.3389311
-0.3314067
-0.3132573
-0.2876225
-0.2672223
-0.2610333
-0.2649308
-0.2663243
-0.2573509
-0.2422091
-0.2313811
-0.2299557
-0.2326514
-0.2297924
-0.2171079
-0.1996500
-0.1869737
-0.1847949
-0.1905851
-0.1963602
-0.1956265
-0.1883018
-0.1796828
-0.1748952
-0.1740686
-0.1726327
-0.1663052
-0.1556558
-0.1453319
-0.1387482
-0.1344204
-0.1283811
-0.1196257
-0.1115474
-0.1072714
-0.1045777
-0.0968211
-0.0791306
-0.0531070
-0.0252307
-0.0013209
0.0168239
0.0298551
0.0375457
0.0381922
0.0309883
0.0178276
0.0023944
-0.0118055
-0.0222760
-0.0276761
-0.0286335
-0.0282995
-0.0305904
-0.0368354
-0.0445013
-0.0499864
-0.0526173
-0.0551304
-0.0599151
-0.0655982
-0.0684351
-0.0669876
-0.0640443
-0.0630435
-0.0637476
-0.0634501
-0.0625341
-0.0662859
-0.0786152
-0.0941948
-0.0997014
-0.0856542
-0.0574310
-0.0326531
-0.0254063
-0.0322795
-0.0348484
-0.0170749
0.0194606
0.0579398
0.0844282
0.1048097
0.1453917
0.2371628
0.3964959
0.6150631
0.8621406
1.0941346
1.2655567
1.3398137
1.2997699
1.1548233
0.9387252
0.6963948
0.4663002
0.2691095
0.1084927
-0.0194720
-0.1173851
-0.1847130
-0.2222488
-0.2364315
-0.2380416
-0.2359499
-0.2319511
-0.2220380
-0.2033327
-0.1800419
-0.1619964
-0.1562174
-0.1596497
-0.1614992
-0.1542807
-0.1423663
-0.1377885
-0.1465216
-0.1602371
-0.1639994
-0.1527696
-0.1384552
-0.1384270
-0.1569623
-0.1799275
-0.1891157
-0.1808035
-0.1681841
-0.1655023
-0.1722435
-0.1749198
-0.1632823
-0.1417354
-0.1234874
-0.1154044
-0.1114868
-0.1018327
-0.0857913
-0.0736450
-0.0747694
-0.0857543
-0.0920115
-0.0814195
-0.0555569
-0.0270725
-0.0066962
0.0061657
0.0199314
0.0390950
0.0574061
0.0637256
0.0546908
0.0405909
0.0372512
0.0510924
0.0720943
0.0820769
0.0707651
0.0445295
0.0198539
0.0081903
0.0067413
0.0034747
-0.0094013
-0.0273632
-0.0388352
-0.0378411
-0.0305584
-0.0289337
-0.0382776
-0.0520315
-0.0590764
-0.0554993
-0.0481941
-0.0468737
-0.0536512
-0.0612939
-0.0609465
-0.0500538
-0.0326341
-0.0136871
0.0050369
0.0246014
0.0465181
0.0714203
0.0983934
0.1247621
0.1494120
0.1810512
0.2441743
0.3708593
0.5769954
0.8401797
1.1016451
1.2954647
1.3823028
1.3606889
1.2519238
1.0796304
0.8643581
0.6310088
0.4110463
0.2306994
0.0969725
-0.0016307
-0.0793831
-0.1396422
-0.1770688
-0.1905440
-0.1899292
-0.1886813
-0.1916765
-0.1925621
-0.1831147
-0.1636530
-0.1435781
-0.1327048
-0.1331819
-0.1395381
-0.1451700
-0.1479316
-0.1500602
-0.1541258
-0.1599339
-0.1650576
-0.1674953
-0.1673560
-0.1663001
-0.1659364
-0.1668685
-0.1687711
-0.1708207
-0.1721117
-0.1723063
-0.1722591
-0.1734160
-0.1755297
-0.1747927
-0.1655695
-0.1457235
-0.1206241
-0.1005205
-0.0922120
-0.0927264
-0.0918488
-0.0816162
-0.0634220
-0.0456195
-0.0343489
-0.0271889
-0.0159395
0.0046411
0.0308732
0.0522850
0.0593687
0.0501790
0.0310103
0.0114316
-0.0023756
-0.0114081
-0.0221621
