-0.1126235
-0.1389219
-0.1451387
-0.1666793
-0.2023226
-0.2214207
-0.2188181
-0.2198790
-0.2356243
-0.2491181
-0.2467655
-0.2336670
-0.2162504
-0.1943518
-0.1728380
-0.1607003
-0.1564267
-0.1502636
-0.1408212
-0.1352041
-0.1344978
-0.1328206
-0.1287426
-0.1252519
-0.1209895
-0.1129704
-0.1049986
-0.1026860
-0.1031832
-0.0995366
-0.0919578
-0.0859475
-0.0825540
-0.0782062
-0.0706368
-0.0584410
-0.0392476
-0.0146777
0.0075330
0.0224665
0.0348579
0.0520035
0.0744125
0.0979673
0.1205313
0.1420232
0.1621121
0.1810547
0.1985417
0.2097899
0.2083406
0.1950886
0.1790004
0.1664190
0.1547448
0.1387664
0.1182326
0.0970635
0.0792757
0.0669678
0.0584179
0.0477714
0.0307928
0.0110938
-0.0033567
-0.0097274
-0.0126908
-0.0182322
-0.0287542
-0.0426749
-0.0546444
-0.0578845
-0.0510875
-0.0419618
-0.0396221
-0.0442845
-0.0482111
-0.0458479
-0.0394957
-0.0355448
-0.0376439
-0.0428563
-0.0433498
-0.0339857
-0.0194373
-0.0108290
-0.0137575
-0.0228657
-0.0298609
-0.0330248
-0.0363823
-0.0431167
-0.0529569
-0.0635661
-0.0716779
-0.0745057
-0.0721842
-0.0680422
-0.0658468
-0.0676451
-0.0732587
-0.0795511
-0.0814747
-0.0773903
-0.0726608
-0.0739745
-0.0801530
-0.0826866
-0.0762289
-0.0651371
-0.0582370
-0.0592751
-0.0635957
-0.0632053
-0.0550355
-0.0445523
-0.0398279
-0.0416253
-0.0424703
-0.0376249
-0.0335436
-0.0409754
-0.0599461
-0.0733132
-0.0529208
0.0306533
0.2004385
0.4644805
0.8040464
1.1645572
1.4612950
1.6082934
1.5613055
1.3453862
1.0409871
0.7367244
0.4873829
0.3060482
0.1828947
0.1039888
0.0562894
0.0252278
-0.0040707
-0.0398371
-0.0784865
-0.1090939
-0.1249243
-0.1295676
-0.1309119
-0.1320210
-0.1311055
-0.1282672
-0.1274599
-0.1315991
-0.1395810
-0.1491481
-0.1597143
-0.1707589
-0.1792905
-0.1809731
-0.1743029
-0.1636786
-0.1575239
-0.1613744
-0.1719982
-0.1799805
-0.1792037
-0.1724574
-0.1670640
-0.1668670
-0.1693606
-0.1683484
-0.1579753
-0.1365645
-0.1089783
-0.0840249
-0.0672979
-0.0566058
-0.0451807
-0.0286809
-0.0085452
0.0104846
0.0254284
0.0382772
0.0543237
0.0766907
0.1029052
0.1276522
0.1478255
0.1634404
0.1750864
0.1831962
0.1891535
0.1940080
0.1957358
0.1905400
0.1780491
0.1633420
0.1521885
0.1446554
0.1343132
0.1144252
0.0856189
0.0571445
0.0389305
0.0318692
0.0275467
0.0181926
0.0048071
-0.0057638
-0.0094309
-0.0081217
-0.0058654
-0.0045115
-0.0035942
-0.0026374
-0.0025237
-0.0045101
-0.0080459
-0.0104516
-0.0098461
-0.0077069
-0.0067155
-0.0063406
-0.0029769
0.0047405
0.0126972
0.0148095
0.0091652
0.0000837
-0.0056330
-0.0048611
-0.0014562
-0.0029142
-0.0125493
-0.0255180
-0.0340339
-0.0360381
-0.0370028
-0.0433571
-0.0559350
-0.0702136
-0.0814418
-0.0885665
-0.0935943
-0.0979731
-0.1006011
-0.1002131
-0.0987964
-0.1002079
-0.1048076
-0.1079517
-0.1056658
-0.1001850
-0.0974920
-0.0997476
-0.1020647
-0.0973289
-0.0837030
-0.0672689
-0.0570564
-0.0566665
-0.0606756
-0.0601690
-0.0519570
-0.0414860
-0.0367896
-0.0408172
-0.0497932
-0.0576756
-0.0616197
-0.0639514
-0.0692952
-0.0794702
-0.0914592
-0.1008143
-0.1061473
-0.1092222
-0.1118179
-0.1146322
-0.1188919
-0.1264018
-0.1367292
-0.1456671
-0.1481900
-0.1433951
-0.1360255
-0.1320395
-0.1317424
-0.1280075
-0.1133665
-0.0894397
-0.0674046
-0.0576766
-0.0602292
-0.0662657
-0.0681237
-0.0657704
-0.0642865
-0.0671359
-0.0726431
-0.0761424
-0.0746124
-0.0689358
-0.0621707
-0.0569279
-0.0550748
-0.0583487
-0.0668515
-0.0770439
-0.0836174
-0.0845125
-0.0830080
-0.0840989
-0.0895060
-0.0964944
-0.1006480
-0.0994663
-0.0942779
-0.0894407
-0.0892962
-0.0951041
-0.1042755
-0.1121710
-0.1152263
-0.1138043
-0.1123376
-0.1150563
-0.1205829
-0.1222947
-0.1156884
-0.1043303
-0.0964924
-0.0962086
-0.0995522
-0.0999956
-0.0957137
-0.0905024
-0.0883760
-0.0889545
-0.0889669
-0.0872861
-0.0863143
-0.0875687
-0.0880379
-0.0835496
-0.0750600
-0.0684537
-0.0672611
-0.0682154
-0.0658968
-0.0600811
-0.0560096
-0.0575870
-0.0623744
-0.0643434
-0.0607909
-0.0552531
-0.0532459
-0.0561611
-0.0606251
-0.0633764
-0.0646917
-0.0664338
-0.0690909
-0.0727126
-0.0790764
-0.0899106
-0.1030698
-0.1131952
-0.1172455
-0.1176871
-0.1188921
-0.1214426
-0.1216935
-0.1168599
-0.1086275
-0.1002316
-0.0911142
-0.0777759
-0.0614751
-0.0517915
-0.0570567
-0.0692732
-0.0609289
0.0012283
0.1395799
0.3603561
0.6556993
0.9996469
1.3381599
1.5913749
1.6821878
1.5788325
1.3182833
0.9876653
0.6759976
0.4337265
0.2665487
0.1563263
0.0827536
0.0307922
-0.0105213
-0.0480557
-0.0833490
-0.1149088
-0.1428089
-0.1694013
-0.1946262
-0.2124193
-0.2148828
-0.2015923
-0.1833296
-0.1739255
-0.1776848
-0.1863007
-0.1886706
-0.1820315
-0.1723946
-0.1659201
-0.1623307
-0.1565854
-0.1449746
-0.1287667
-0.1128699
-0.1018381
-0.0969612
-0.0963656
-0.0971122
-0.0970499
-0.0954961
-0.0931294
-0.0911403
-0.0897630
-0.0876744
-0.0833253
-0.0764494
-0.0675380
-0.0565758
-0.0438275
-0.0316030
-0.0231384
-0.0186909
-0.0140348
-0.0043496
0.0105772
0.0261385
0.0383378
0.0488359
0.0635957
0.0861308
0.1130008
0.1372407
0.1558978
0.1723840
0.1909232
0.2106683
0.2268999
0.2366845
0.2410335
0.2416447
0.2378552
0.2281157
0.2134246
0.1975498
0.1832382
0.1689753
0.1507134
0.1271421
0.1022344
0.0815993
0.0669275
0.0552997
0.0436417
0.0322166
0.0233765
0.0183765
0.0163080
0.0151397
0.0127507
0.0076350
0.0000321
-0.0072845
-0.0102838
-0.0069150
0.0004793
0.0066581
0.0085074
0.0086501
0.0128676
0.0233217
0.0353778
0.0420930
0.0410242
0.0354988
0.0300121
0.0260767
0.0223935
0.0170806
0.0087494
-0.0032373
-0.0176440
-0.0302654
-0.0356485
-0.0319364
-0.0243936
-0.0224280
-0.0312573
-0.0466288
-0.0591428
-0.0639150
-0.0647085
-0.0683632
-0.0768261
-0.0857604
-0.0899565
-0.0887369
-0.0863511
-0.0881758
-0.0965289
-0.1090676
-0.1204341
-0.1257889
-0.1240098
-0.1186665
-0.1158195
-0.1194224
-0.1276502
-0.1340277
-0.1331500
-0.1255741
-0.1169955
-0.1130202
-0.1149209
-0.1195457
-0.1223829
-0.1212179
-0.1178997
-0.1163240
-0.1176555
-0.1178261
-0.1115374
-0.0998078
-0.0922944
-0.0991454
-0.1174751
-0.1240873
-0.0817933
0.0443626
0.2711920
0.5880542
0.9533022
1.2966214
1.5340736
1.5994679
1.4781622
1.2172406
0.8997676
0.6011733
0.3606766
0.1837861
0.0624455
-0.0115249
-0.0484625
-0.0663528
-0.0858146
-0.1171504
-0.1545294
-0.1847959
-0.2012014
-0.2078122
-0.2127475
-0.2202712
-0.2294676
-0.2376332
-0.2430898
-0.2458792
-0.2475307
-0.2500211
-0.2535776
-0.2551059
-0.2499968
-0.2369077
-0.2207864
-0.2097615
-0.2078503
-0.2110519
-0.2115137
-0.2052595
-0.1948800
-0.1851805
-0.1780586
-0.1719922
-0.1643888
-0.1527605
-0.1349805
-0.1110697
-0.0852184
-0.0639478
-0.0503057
-0.0400305
-0.0250447
-0.0017703
0.0245878
0.0452092
0.0571309
0.0663264
0.0807182
0.1012258
0.1209508
0.1326311
0.1355144
0.1349893
0.1367993
0.1418985
0.1457479
0.1419491
0.1275322
0.1059696
0.0850404
0.0707457
0.0624725
0.0540544
0.0399839
0.0207672
0.0019001
-0.0124294
-0.0237525
-0.0367636
-0.0532300
-0.0699973
-0.0828806
-0.0905851
-0.0940321
-0.0938497
-0.0907400
-0.0876128
-0.0886158
-0.0947657
-0.1019288
-0.1050059
-0.1040575
-0.1045149
-0.1102148
-0.1174267
-0.1180390
-0.1091245
-0.0974071
-0.0926848
-0.0978394
-0.1070956
-0.1135268
-0.1159264
-0.1177581
-0.1216168
-0.1267005
-0.1308245
-0.1325833
-0.1309244
-0.1244971
-0.1135934
-0.1027080
-0.0989573
-0.1059817
-0.1197058
-0.1318143
-0.1379381
-0.1412872
-0.1476432
-0.1580120
-0.1675015
-0.1709589
-0.1684577
-0.1651436
-0.1665135
-0.1739332
-0.1838656
-0.1908844
-0.1919633
-0.1888432
-0.1866176
-0.1893362
-0.1959611
-0.2006008
-0.1979874
-0.1897247
-0.1843881
-0.1898913
-0.2054086
-0.2217096
-0.2297076
-0.2278647
-0.2211024
-0.2140973
-0.2073717
-0.1994882
-0.1905111
-0.1812372
-0.1699267
-0.1533054
-0.1333688
-0.1214244
-0.1301849
-0.1578578
-0.1801118
-0.1597620
-0.0654254
0.1175393
0.3874779
0.7259953
1.0885479
1.3986456
1.5669206
1.5355121
1.3166839
0.9897067
0.6538688
0.3757152
0.1717986
0.0305537
-0.0594391
-0.1039020
-0.1153725
-0.1182476
-0.1349283
-0.1686146
-0.2037382
-0.2242276
-0.2295373
-0.2322177
-0.2424083
-0.2579093
-0.2693869
-0.2720030
-0.2694620
-0.2679262
-0.2690269
-0.2697797
-0.2675356
-0.2632361
-0.2600499
-0.2600662
-0.2627243
-0.2656248
-0.2657712
-0.2599597
-0.2454672
-0.2223509
-0.1954633
-0.1723607
-0.1571191
-0.1460999
-0.1314166
-0.1096872
-0.0867190
-0.0720430
-0.0681373
-0.0659185
-0.0524777
-0.0239756
0.0098855
0.0351026
0.0467755
0.0526225
0.0638401
0.0841835
0.1084673
0.1299045
0.1467578
0.1618213
0.1773410
0.1920263
0.2027119
0.2073449
0.2053371
0.1958209
0.1774537
0.1507830
0.1196906
0.0890631
0.0611700
0.0354985
0.0121955
-0.0059443
-0.0163224
-0.0209219
-0.0260546
-0.0363881
-0.0495148
-0.0578833
-0.0569218
-0.0503550
-0.0460960
-0.0471497
-0.0484516
-0.0436426
-0.0335131
-0.0257504
-0.0263224
-0.0328261
-0.0374359
-0.0357369
-0.0313369
-0.0313606
-0.0381088
-0.0460105
-0.0469016
-0.0378525
-0.0237581
-0.0128836
-0.0101623
-0.0139426
-0.0180965
-0.0173750
-0.0118600
-0.0068166
-0.0077146
-0.0148547
-0.0230334
-0.0267942
-0.0258583
-0.0250599
-0.0289403
-0.0367840
-0.0434536
-0.0453057
-0.0448279
-0.0485477
-0.0599217
-0.0747998
-0.0847198
-0.0849521
-0.0791388
-0.0759591
-0.0812244
-0.0929503
-0.1037769
-0.1080974
-0.1069806
-0.1063967
-0.1109986
-0.1198352
-0.1277684
-0.1304297
-0.1277779
-0.1235763
-0.1219542
-0.1241920
-0.1282812
-0.1314033
-0.1328092
-0.1340947
-0.1365432
-0.1384737
-0.1357596
-0.1255593
-0.1099706
-0.0958718
-0.0902615
-0.0946959
-0.1039964
-0.1108922
-0.1124565
-0.1121899
-0.1158568
-0.1253082
-0.1363158
-0.1424405
-0.1411897
-0.1365101
-0.1352047
-0.1409505
-0.1519044
-0.1636697
-0.1735847
-0.1818085
-0.1893510
-0.1963778
-0.2022998
-0.2062600
-0.2070818
-0.2038603
-0.1977939
-0.1929459
-0.1933486
-0.1982602
-0.2013516
-0.1965848
-0.1852850
-0.1756458
-0.1737964
-0.1763158
-0.1735398
-0.1603225
-0.1417453
-0.1275136
-0.1223199
-0.1230316
-0.1239676
-0.1224423
-0.1190251
-0.1150109
-0.1115644
-0.1099302
-0.1097091
-0.1069749
-0.0975747
-0.0848235
-0.0814943
-0.0985660
-0.1286260
-0.1413463
-0.0974516
0.0318033
0.2555415
0.5636529
0.9238952
1.2743721
1.5291156
1.6106844
1.4943261
1.2269309
0.9004344
0.6001210
0.3695629
0.2128693
0.1172011
0.0667849
0.0418895
0.0189992
-0.0173651
-0.0630768
-0.1002657
-0.1174534
-0.1220072
-0.1310495
-0.1522246
-0.1768144
-0.1918119
-0.1952056
-0.1967845
-0.2056077
-0.2204083
-0.2331307
-0.2387634
-0.2388806
-0.2368854
-0.2336119
-0.2290395
-0.2257235
-0.2272257
-0.2328643
-0.2364528
-0.2322214
-0.2215349
-0.2119737
-0.2090419
-0.2097825
-0.2056688
-0.1913478
-0.1692953
-0.1459433
-0.1249427
-0.1053342
-0.0850873
-0.0641802
-0.0436517
-0.0233006
-0.0020144
0.0199180
0.0405116
0.0589658
0.0778006
0.1004283
0.1262649
0.1495888
0.1645387
0.1710804
0.1751225
0.1825629
0.1936837
0.2032412
0.2051800
0.1971349
0.1816530
0.1644140
0.1509737
0.1434621
0.1390360
0.1318289
0.1178205
0.0987107
0.0806385
0.0682900
0.0603107
0.0512810
0.0383713
0.0251439
0.0180578
0.0197206
0.0264853
0.0324713
0.0347305
0.0340054
0.0317204
0.0280842
0.0234920
0.0201440
0.0203814
0.0233139
0.0247003
0.0214173
0.0154851
0.0123386
0.0149496
0.0206625
0.0242429
0.0231489
0.0190546
0.0149137
0.0118397
0.0089586
0.0050924
-0.0002551
-0.0068769
-0.0135282
-0.0175288
-0.0161353
-0.0096748
-0.0030596
-0.0027188
-0.0110499
-0.0241558
-0.0355520
-0.0419052
-0.0447888
-0.0472985
-0.0499508
-0.0502565
-0.0457751
-0.0370707
-0.0278092
-0.0223068
-0.0228083
-0.0283720
-0.0355751
-0.0401400
-0.0387231
-0.0306252
-0.0189750
-0.0102514
-0.0112203
-0.0241990
-0.0439070
-0.0595703
-0.0625417
-0.0540560
-0.0454025
-0.0483740
-0.0638817
-0.0804219
-0.0852499
-0.0773213
-0.0678252
-0.0670010
-0.0718439
-0.0695842
-0.0541656
-0.0366109
-0.0352695
-0.0544872
-0.0741381
-0.0603199
0.0162057
0.1726321
0.4170188
0.7435141
1.1134112
1.4438339
1.6320153
1.6110071
1.3944013
1.0691281
0.7404908
0.4760288
0.2901146
0.1676030
0.0917397
0.0507965
0.0302161
0.0113365
-0.0178930
-0.0543728
-0.0854311
-0.1024243
-0.1073941
-0.1078817
-0.1088792
-0.1112819
-0.1154662
-0.1225761
-0.1316869
-0.1385119
-0.1394487
-0.1364790
-0.1359905
-0.1419623
-0.1514013
-0.1574591
-0.1564619
-0.1508071
-0.1451828
-0.1414200
-0.1379734
-0.1335834
-0.1296652
-0.1283316
-0.1290343
-0.1285654
-0.1245576
-0.1179289
-0.1110988
-0.1042790
-0.0945556
-0.0789237
-0.0576495
-0.0340962
-0.0113386
0.0106100
0.0340212
0.0601091
0.0867922
0.1100338
0.1275392
0.1411794
0.1557443
0.1750920
0.1989862
0.2230026
0.2411686
0.2491610
0.2461427
0.2346633
0.2189399
0.2022080
0.1845346
0.1631316
0.1358616
0.1051755
0.0778997
0.0597100
0.0493048
0.0388774
0.0213945
-0.0023507
-0.0241362
-0.0357162
-0.0358004
-0.0303096
-0.0267883
-0.0288680
-0.0350499
-0.0411476
-0.0433007
-0.0397896
-0.0317386
-0.0228211
-0.0175396
-0.0184396
-0.0240903
-0.0296949
-0.0303269
-0.0246236
-0.0160333
-0.0101315
-0.0096497
-0.0115531
-0.0096004
-0.0007650
0.0107427
0.0165396
0.0116206
-0.0013589
-0.0154336
-0.0262219
-0.0346710
-0.0434865
-0.0526931
-0.0599275
-0.0640383
-0.0661136
-0.0662780
-0.0614776
-0.0489390
-0.0319970
-0.0202655
-0.0219026
-0.0355466
-0.0509966
-0.0584366
-0.0567046
-0.0525230
-0.0526375
-0.0576846
-0.0632957
-0.0655885
-0.0646790
-0.0637294
-0.0661021
-0.0735839
-0.0858515
-0.1003013
-0.1128421
-0.1205198
-0.1243203
-0.1287944
-0.1378024
-0.1502953
-0.1607253
-0.1639087
-0.1593862
-0.1511921
-0.1441417
-0.1408242
-0.1413335
-0.1441968
-0.1468223
-0.1462534
-0.1413544
-0.1347285
-0.1312168
-0.1331302
-0.1369815
-0.1360611
-0.1271232
-0.1143845
-0.1061815
-0.1071430
-0.1136638
-0.1174551
-0.1138606
-0.1065848
-0.1038015
-0.1094145
-0.1186896
-0.1232462
-0.1200991
-0.1144067
-0.1126591
-0.1149356
