0.0339236
0.0332898
0.0359268
0.0355010
0.0294623
0.0214060
0.0134950
0.0006279
-0.0229257
-0.0513400
-0.0672229
-0.0584972
-0.0342592
-0.0190595
-0.0289996
-0.0556967
-0.0765792
-0.0795830
-0.0737002
-0.0745134
-0.0839904
-0.0892927
-0.0803447
-0.0627548
-0.0502144
-0.0476211
-0.0472612
-0.0418798
-0.0358109
-0.0386206
-0.0499586
-0.0566952
-0.0473431
-0.0257168
-0.0063499
0.0024613
0.0066259
0.0160110
0.0301549
0.0385103
0.0343665
0.0240769
0.0197762
0.0249680
0.0307235
0.0260794
0.0088954
-0.0151685
-0.0414451
-0.0697609
-0.0989244
-0.1220263
-0.1313398
-0.1277054
-0.1216844
-0.1232586
-0.1316126
-0.1373571
-0.1346450
-0.1283295
-0.1272544
-0.1320154
-0.1327524
-0.1205084
-0.0989472
-0.0822082
-0.0807239
-0.0907875
-0.0992027
-0.0971254
-0.0874639
-0.0787574
-0.0744189
-0.0704975
-0.0632768
-0.0554736
-0.0524082
-0.0535948
-0.0520716
-0.0438957
-0.0359448
-0.0403956
-0.0601518
-0.0820541
-0.0876822
-0.0717359
-0.0482118
-0.0370828
-0.0454483
-0.0629122
-0.0746427
-0.0762438
-0.0743689
-0.0749595
-0.0749974
-0.0676660
-0.0533789
-0.0419283
-0.0423712
-0.0528412
-0.0629444
-0.0659886
-0.0660159
-0.0710428
-0.0813553
-0.0880571
-0.0839190
-0.0726377
-0.0645611
-0.0643883
-0.0667157
-0.0650187
-0.0619683
-0.0669279
-0.0831386
-0.1011287
-0.1076303
-0.0994540
-0.0851308
-0.0729428
-0.0617528
-0.0468375
-0.0317909
-0.0278332
-0.0374770
-0.0407634
-0.0014369
0.1117810
0.3091702
0.5797115
0.8964574
1.2147126
1.4689662
1.5877619
1.5302478
1.3181296
1.0299895
0.7558682
0.5480133
0.4068857
0.3061386
0.2251444
0.1587641
0.1050277
0.0546401
-0.0022918
-0.0625353
-0.1093250
-0.1288715
-0.1257220
-0.1193180
-0.1257101
-0.1446933
-0.1648342
-0.1779746
-0.1860060
-0.1943833
-0.2028479
-0.2052661
-0.1976912
-0.1835413
-0.1692388
-0.1563212
-0.1405723
-0.1194607
-0.0980597
-0.0850868
-0.0830321
-0.0841083
-0.0774232
-0.0600530
-0.0402857
-0.0297026
-0.0323982
-0.0421923
-0.0498692
-0.0520170
-0.0521995
-0.0544550
-0.0575112
-0.0562119
-0.0476274
-0.0342656
-0.0209372
-0.0093794
0.0030119
0.0190067
0.0369915
0.0517476
0.0601399
0.0651969
0.0734545
0.0882522
0.1065916
0.1230039
0.1355818
0.1469122
0.1589239
0.1682275
0.1684529
0.1579038
0.1435367
0.1351439
0.1349420
0.1345478
0.1240071
0.1033745
0.0834313
0.0741803
0.0739886
0.0718110
0.0601431
0.0440511
0.0357498
0.0403487
0.0486718
0.0456091
0.0251996
-0.0038597
-0.0276865
-0.0405832
-0.0480172
-0.0575534
-0.0691004
-0.0751393
-0.0696218
-0.0549531
-0.0395026
-0.0292069
-0.0232650
-0.0183625
-0.0151122
-0.0178126
-0.0275333
-0.0376518
-0.0386242
-0.0277115
-0.0128625
-0.0056849
-0.0102309
-0.0193806
-0.0229477
-0.0187592
-0.0141897
-0.0163292
-0.0225018
-0.0228116
-0.0120185
0.0034414
0.0118878
0.0088260
0.0007150
-0.0042319
-0.0067831
-0.0153903
-0.0340842
-0.0550148
-0.0662975
-0.0664942
-0.0673700
-0.0802027
-0.1016913
-0.1169408
-0.1166214
-0.1082355
-0.1081831
-0.1234737
-0.1434989
-0.1507616
-0.1387282
-0.1180832
-0.1060460
-0.1109928
-0.1273737
-0.1432796
-0.1509984
-0.1511520
-0.1492962
-0.1498712
-0.1526421
-0.1539064
-0.1509605
-0.1453767
-0.1415880
-0.1423318
-0.1461540
-0.1496355
-0.1512673
-0.1521657
-0.1531188
-0.1522724
-0.1469977
-0.1377685
-0.1284254
-0.1213877
-0.1136884
-0.0998770
-0.0790339
-0.0568340
-0.0394714
-0.0271865
-0.0159776
-0.0051579
-0.0004023
-0.0075844
-0.0247088
-0.0423155
-0.0528666
-0.0584703
-0.0674033
-0.0828745
-0.0973785
-0.1001951
-0.0900247
-0.0781399
-0.0781195
-0.0933489
-0.1153411
-0.1335009
-0.1451085
-0.1553138
-0.1683835
-0.1808291
-0.1846099
-0.1768630
-0.1645728
-0.1580904
-0.1605593
-0.1653493
-0.1642964
-0.1570596
-0.1507635
-0.1501896
-0.1496709
-0.1367545
-0.1052089
-0.0637787
-0.0301639
-0.0153834
-0.0148775
-0.0156565
-0.0109325
-0.0058038
-0.0086343
-0.0193775
-0.0290801
-0.0311271
-0.0302438
-0.0371176
-0.0540066
-0.0696182
-0.0721696
-0.0665201
-0.0730452
-0.1055915
-0.1512993
-0.1747237
-0.1417470
-0.0374449
0.1380073
0.3824011
0.6886058
1.0226025
1.3104601
1.4629113
1.4289191
1.2334962
0.9631256
0.7095095
0.5194432
0.3878637
0.2879025
0.2023867
0.1306823
0.0755726
0.0325150
-0.0063585
-0.0422492
-0.0689241
-0.0825465
-0.0887741
-0.0973439
-0.1108126
-0.1217760
-0.1223873
-0.1149308
-0.1107184
-0.1180129
-0.1326572
-0.1427482
-0.1427193
-0.1403533
-0.1475986
-0.1654839
-0.1813921
-0.1825386
-0.1699661
-0.1568140
-0.1533113
-0.1559917
-0.1529964
-0.1387319
-0.1209515
-0.1123870
-0.1167860
-0.1253612
-0.1271257
-0.1204023
-0.1124526
-0.1091515
-0.1076915
-0.1000012
-0.0816121
-0.0558537
-0.0298208
-0.0073930
0.0132165
0.0354470
0.0592143
0.0810091
0.0990846
0.1169679
0.1404242
0.1710240
0.2034925
0.2296821
0.2451087
0.2517651
0.2547710
0.2565668
0.2550607
0.2477434
0.2362484
0.2247755
0.2139020
0.1982572
0.1722328
0.1373855
0.1023039
0.0743509
0.0524141
0.0292559
0.0015017
-0.0241235
-0.0368221
-0.0345855
-0.0288884
-0.0341957
-0.0531287
-0.0740061
-0.0832804
-0.0784351
-0.0675343
-0.0578096
-0.0475802
-0.0305635
-0.0064797
0.0156224
0.0260666
0.0250219
0.0217495
0.0234126
0.0273759
0.0262298
0.0185183
0.0116112
0.0136975
0.0248208
0.0369087
0.0419817
0.0393073
0.0342993
0.0311938
0.0280941
0.0198538
0.0049521
-0.0119749
-0.0247892
-0.0323309
-0.0399217
-0.0544704
-0.0775395
-0.1026618
-0.1201825
-0.1258997
-0.1246465
-0.1242433
-0.1263717
-0.1252853
-0.1159884
-0.1017649
-0.0916866
-0.0909062
-0.0952040
-0.0964576
-0.0930010
-0.0924835
-0.1028240
-0.1212454
-0.1349341
-0.1336690
-0.1202272
-0.1069356
-0.1030211
-0.1068782
-0.1100042
-0.1064383
-0.0977400
-0.0899538
-0.0869958
-0.0874115
-0.0872561
-0.0851792
-0.0837250
-0.0858415
-0.0913409
-0.0973683
-0.1015295
-0.1034483
-0.1029476
-0.0974195
-0.0828236
-0.0594226
-0.0364464
-0.0276241
-0.0385025
-0.0581369
-0.0648484
-0.0383353
0.0381418
0.1861875
0.4310573
0.7758137
1.1680340
1.4985491
1.6516082
1.5763107
1.3205219
0.9960812
0.7051184
0.4897499
0.3382041
0.2242584
0.1347883
0.0677026
0.0184183
-0.0229192
-0.0631017
-0.1007431
-0.1313101
-0.1545203
-0.1741486
-0.1915978
-0.2033453
-0.2066281
-0.2053427
-0.2069069
-0.2133658
-0.2187088
-0.2163607
-0.2072023
-0.1979973
-0.1925915
-0.1868910
-0.1736561
-0.1517931
-0.1296641
-0.1180112
-0.1195449
-0.1268396
-0.1312288
-0.1322266
-0.1362450
-0.1467493
-0.1583435
-0.1617289
-0.1532626
-0.1382991
-0.1252319
-0.1171783
-0.1103219
-0.1003608
-0.0889181
-0.0812937
-0.0777982
-0.0702536
-0.0497856
-0.0175260
0.0148826
0.0366067
0.0487580
0.0631557
0.0894093
0.1236091
0.1513627
0.1630960
0.1648290
0.1710678
0.1870156
0.2009519
0.1962240
0.1691334
0.1325588
0.1022609
0.0819511
0.0630336
0.0376415
0.0090765
-0.0123710
-0.0225111
-0.0287270
-0.0411618
-0.0613500
-0.0826690
-0.1005408
-0.1176666
-0.1375182
-0.1557004
-0.1616048
-0.1496104
-0.1270168
-0.1087189
-0.1031364
-0.1045667
-0.1011482
-0.0897021
-0.0796704
-0.0810776
-0.0912970
-0.0969792
-0.0887250
-0.0710700
-0.0568626
-0.0534798
-0.0567139
-0.0584165
-0.0578218
-0.0621490
-0.0754728
-0.0906510
-0.0962702
-0.0906575
-0.0843441
-0.0869827
-0.0956159
-0.0996670
-0.0960583
-0.0946833
-0.1066221
-0.1291001
-0.1459894
-0.1448387
-0.1312299
-0.1229083
-0.1296901
-0.1429432
-0.1470885
-0.1382734
-0.1272506
-0.1245900
-0.1280789
-0.1272846
-0.1178613
-0.1073431
-0.1058763
-0.1136157
-0.1203391
-0.1182686
-0.1125678
-0.1157078
-0.1316780
-0.1496606
-0.1555586
-0.1473508
-0.1358852
-0.1313794
-0.1327363
-0.1317233
-0.1254955
-0.1214114
-0.1276419
-0.1406783
-0.1461949
-0.1345488
-0.1130156
-0.0988201
-0.1003624
-0.1092548
-0.1122557
-0.1075654
-0.1059109
-0.1165525
-0.1357097
-0.1504439
-0.1526089
-0.1465620
-0.1422677
-0.1429293
-0.1426461
-0.1362484
-0.1272207
-0.1227005
-0.1229407
-0.1203553
-0.1097626
-0.0962221
-0.0902069
-0.0958098
-0.1058294
-0.1095815
-0.1048786
-0.1002724
-0.1041508
-0.1133953
-0.1162144
-0.1064718
-0.0915328
-0.0835749
-0.0856152
-0.0896745
-0.0882236
-0.0837015
-0.0844077
-0.0922462
-0.0978263
-0.0901570
-0.0704332
-0.0526949
-0.0488164
-0.0554140
-0.0591535
-0.0537283
-0.0467829
-0.0487554
-0.0591128
-0.0675485
-0.0676460
-0.0653876
-0.0721256
-0.0906135
-0.1111342
-0.1230202
-0.1277675
-0.1366697
-0.1548794
-0.1721613
-0.1731078
-0.1547375
-0.1301170
-0.1145423
-0.1112672
-0.1119410
-0.1086699
-0.1028380
-0.1013767
-0.1059115
-0.1084722
-0.0999107
-0.0812949
-0.0638784
-0.0573565
-0.0610305
-0.0679153
-0.0745620
-0.0832461
-0.0948388
-0.1031657
-0.0996380
-0.0839007
-0.0671590
-0.0611604
-0.0636459
-0.0597347
-0.0419411
-0.0253104
-0.0346889
-0.0743840
-0.1154119
-0.1166816
-0.0553613
0.0689699
0.2571427
0.5236044
0.8715401
1.2505360
1.5512093
1.6627290
1.5507944
1.2824473
0.9728414
0.7067331
0.5057725
0.3552790
0.2437569
0.1712489
0.1316564
0.1037953
0.0667496
0.0194316
-0.0219087
-0.0458707
-0.0598715
-0.0789638
-0.1059348
-0.1298272
-0.1434243
-0.1540327
-0.1726992
-0.1977964
-0.2158194
-0.2179149
-0.2102755
-0.2056344
-0.2072211
-0.2055072
-0.1922220
-0.1741917
-0.1680311
-0.1800780
-0.1965669
-0.1981715
-0.1819118
-0.1631985
-0.1561060
-0.1570775
-0.1512604
-0.1319421
-0.1090524
-0.0972269
-0.0979413
-0.0968820
-0.0802042
-0.0507046
-0.0241619
-0.0103329
-0.0025988
0.0113130
0.0325746
0.0499547
0.0542165
0.0497147
0.0503674
0.0657085
0.0919574
0.1166129
0.1313690
0.1396853
0.1511391
0.1699180
0.1912772
0.2087063
0.2211765
0.2318539
0.2416710
0.2461025
0.2383530
0.2159027
0.1844649
0.1544364
0.1318498
0.1136714
0.0938226
0.0725397
0.0565856
0.0500825
0.0482008
0.0416105
0.0261620
0.0071720
-0.0059076
-0.0092825
-0.0090927
-0.0146445
-0.0273090
-0.0384681
-0.0396272
-0.0320739
-0.0242000
-0.0208998
-0.0183831
-0.0092824
0.0087813
0.0298388
0.0443973
0.0483878
0.0474176
0.0507676
0.0611217
0.0721439
0.0763853
0.0730081
0.0665908
0.0605535
0.0537111
0.0426936
0.0268931
0.0110007
0.0016352
0.0000732
-0.0005003
-0.0080771
-0.0227018
-0.0368998
-0.0451564
-0.0501822
-0.0587737
-0.0732135
-0.0880425
-0.0953784
-0.0937849
-0.0915582
-0.0989659
-0.1160311
-0.1304385
-0.1299585
-0.1153527
-0.0984501
-0.0885262
-0.0830721
-0.0716687
-0.0473157
-0.0144076
0.0133439
0.0237608
0.0163455
0.0016009
-0.0094678
-0.0139601
-0.0160648
-0.0205985
-0.0285796
-0.0370151
-0.0420090
-0.0434977
-0.0467500
-0.0567134
-0.0708761
-0.0810425
-0.0833894
-0.0838767
-0.0914380
-0.1069537
-0.1207143
-0.1213329
-0.1076822
-0.0919119
-0.0885702
-0.0994420
-0.1115132
-0.1121898
-0.1039659
-0.1003087
-0.1085368
-0.1212788
-0.1254390
-0.1163677
-0.1017132
-0.0926750
-0.0926477
-0.0950030
-0.0925573
-0.0877366
-0.0899637
-0.1024775
-0.1157675
-0.1168432
-0.1029673
-0.0840962
-0.0733322
-0.0763280
-0.0879442
-0.0974293
-0.0982604
-0.0942004
-0.0946068
-0.1035021
-0.1150755
-0.1202485
-0.1157086
-0.1061939
-0.0996159
-0.0996436
-0.1011985
-0.0942915
-0.0751844
-0.0529696
-0.0415627
-0.0450684
-0.0542478
-0.0579078
-0.0548141
-0.0529961
-0.0587633
-0.0679218
-0.0692745
-0.0585683
-0.0473727
-0.0522394
-0.0725815
-0.0855705
-0.0702666
-0.0352594
-0.0150423
-0.0354695
-0.0841957
-0.1157563
-0.0838278
0.0325562
0.2313443
0.5057385
0.8449880
1.2077094
1.5036189
1.6261206
1.5237716
1.2451520
0.9096212
0.6284343
0.4445526
0.3335569
0.2497686
0.1693890
0.0971766
0.0435651
0.0052612
-0.0302913
-0.0690043
-0.1057966
-0.1339051
-0.1524828
-0.1654442
-0.1778336
-0.1934033
-0.2113123
-0.2247598
-0.2269135
-0.2195374
-0.2133496
-0.2187014
-0.2364435
-0.2573775
-0.2704770
-0.2735436
-0.2758679
-0.2869929
-0.3023409
-0.3053205
-0.2868908
-0.2585891
-0.2413138
-0.2430793
-0.2514917
-0.2471277
-0.2219337
-0.1853659
-0.1538788
-0.1339071
-0.1159295
-0.0872457
-0.0486844
-0.0141564
0.0057235
0.0143958
0.0233279
0.0402981
0.0649641
0.0915974
0.1141414
0.1313193
0.1479137
0.1691625
0.1941816
0.2168549
0.2318477
0.2374445
0.2348400
0.2279977
0.2218089
0.2163360
0.2048008
0.1813371
0.1491981
0.1176824
0.0924936
0.0722910
0.0529122
0.0319131
0.0104182
-0.0075119
-0.0193468
-0.0287927
-0.0422980
-0.0594769
-0.0716775
-0.0725537
-0.0657320
-0.0591562
-0.0556742
-0.0521443
-0.0449657
-0.0344344
-0.0258546
-0.0264393
-0.0375792
-0.0504754
-0.0540001
-0.0471370
-0.0393827
-0.0390988
-0.0459740
-0.0543797
-0.0591576
-0.0583853
-0.0550675
-0.0554985
-0.0616534
-0.0666703
-0.0628358
-0.0528459
-0.0481665
-0.0567073
-0.0755005
-0.0939589
-0.1015988
-0.0957042
-0.0848382
-0.0813888
-0.0872807
-0.0910671
-0.0825742
-0.0656611
-0.0523565
-0.0489991
-0.0526772
-0.0574232
-0.0597866
-0.0613671
-0.0682783
-0.0843233
-0.1033663
-0.1136506
-0.1113615
-0.1047235
-0.1035267
-0.1101680
-0.1215539
-0.1331969
-0.1402873
-0.1411265
-0.1407618
-0.1457253
-0.1550866
-0.1621798
-0.1639987
-0.1626395
-0.1592250
-0.1535864
-0.1485853
-0.1476816
-0.1494294
-0.1505916
-0.1524587
-0.1575662
-0.1624310
-0.1598021
-0.1464040
-0.1246660
-0.1008547
-0.0844846
-0.0821640
-0.0869743
-0.0823964
-0.0638763
-0.0485391
-0.0549580
-0.0790920
-0.0972758
-0.0863305
-0.0319476
0.0789576
0.2645396
0.5393517
0.8887871
1.2428813
1.4865858
1.5243960
1.3515366
1.0575321
0.7565286
0.5170777
0.3485635
0.2296967
0.1380459
0.0636334
0.0066237
-0.0354127
-0.0729824
-0.1119158
-0.1432181
-0.1572790
-0.1617908
-0.1722385
-0.1902104
-0.2050944
-0.2121746
-0.2152885
-0.2166240
-0.2168381
-0.2195559
-0.2240336
-0.2210840
-0.2078738
-0.1972592
-0.2004862
-0.2110649
-0.2172462
-0.2185363
-0.2188668
-0.2170821
-0.2147675
-0.2180847
-0.2221645
-0.2119095
-0.1881204
-0.1721003
-0.1737096
-0.1768915
-0.1673410
-0.1510555
-0.1357084
-0.1187094
-0.1020051
-0.0915062
-0.0762287
-0.0395833
0.0048582
0.0261401
0.0276956
0.0432548
0.0776379
0.1013900
0.1090232
0.1255358
0.1486927
0.1512626
0.1499195
0.1904380
0.2416288
0.1976631
0.0346917
