0.2008599
0.1547865
0.1057261
0.0675785
0.0458580
0.0303885
0.0070549
-0.0253706
-0.0541919
-0.0687979
-0.0736381
-0.0820729
-0.0991886
-0.1154081
-0.1188426
-0.1105891
-0.1035372
-0.1061219
-0.1114892
-0.1059394
-0.0865450
-0.0662455
-0.0597708
-0.0669883
-0.0734446
-0.0673487
-0.0528885
-0.0445834
-0.0500234
-0.0615622
-0.0661112
-0.0605877
-0.0546407
-0.0582627
-0.0698348
-0.0787156
-0.0783134
-0.0732235
-0.0721584
-0.0763982
-0.0788350
-0.0748278
-0.0704683
-0.0764312
-0.0937828
-0.1094463
-0.1085969
-0.0908299
-0.0713623
-0.0653764
-0.0732096
-0.0828430
-0.0854431
-0.0846822
-0.0893264
-0.0998041
-0.1064540
-0.1015041
-0.0890099
-0.0799568
-0.0792564
-0.0816175
-0.0808587
-0.0789901
-0.0820817
-0.0888484
-0.0890929
-0.0762750
-0.0579788
-0.0485641
-0.0515153
-0.0547715
-0.0474690
-0.0377761
-0.0466103
-0.0804093
-0.1135869
-0.1020565
-0.0131117
0.1608171
0.4135082
0.7360912
1.1038691
1.4526564
1.6843431
1.7167261
1.5409251
1.2319365
0.8991763
0.6209359
0.4174830
0.2732998
0.1718581
0.1061501
0.0664417
0.0332962
-0.0098418
-0.0607542
-0.1018113
-0.1207135
-0.1244626
-0.1306577
-0.1477151
-0.1677726
-0.1790096
-0.1805390
-0.1818351
-0.1893282
-0.1981903
-0.1991369
-0.1904704
-0.1798880
-0.1747477
-0.1741098
-0.1722730
-0.1675832
-0.1637391
-0.1621232
-0.1570064
-0.1420761
-0.1206330
-0.1049461
-0.1031807
-0.1090504
-0.1076189
-0.0913424
-0.0674747
-0.0481027
-0.0351920
-0.0188786
0.0093952
0.0455568
0.0772332
0.0977683
0.1124152
0.1299896
0.1518054
0.1721784
0.1888563
0.2086614
0.2401760
0.2824211
0.3238763
0.3531914
0.3685017
0.3747079
0.3737460
0.3613131
0.3341036
0.2971111
0.2602577
0.2279457
0.1950531
0.1549983
0.1097939
0.0690690
0.0390595
0.0156762
-0.0091582
-0.0358199
-0.0553456
-0.0609243
-0.0584887
-0.0624230
-0.0804860
-0.1058691
-0.1260536
-0.1375730
-0.1486299
-0.1668606
-0.1880652
-0.2001354
-0.1970445
-0.1853918
-0.1760234
-0.1722252
-0.1693010
-0.1642718
-0.1608753
-0.1623745
-0.1628906
-0.1515775
-0.1267346
-0.1016057
-0.0920262
-0.0990460
-0.1075245
-0.1031119
-0.0876601
-0.0751172
-0.0738912
-0.0775784
-0.0744245
-0.0623127
-0.0503749
-0.0466904
-0.0492863
-0.0518896
-0.0552273
-0.0671748
-0.0907150
-0.1162570
-0.1303019
-0.1310008
-0.1308748
-0.1421205
-0.1619504
-0.1761466
-0.1766641
-0.1713776
-0.1736018
-0.1844479
-0.1904843
-0.1802270
-0.1591526
-0.1442956
-0.1446646
-0.1513504
-0.1493293
-0.1363307
-0.1255700
-0.1289954
-0.1415805
-0.1460828
-0.1330279
-0.1122619
-0.1022887
-0.1098152
-0.1232177
-0.1270176
-0.1200578
-0.1164273
-0.1286471
-0.1527736
-0.1721127
-0.1746769
-0.1645444
-0.1553421
-0.1548740
-0.1590907
-0.1611006
-0.1623756
-0.1711809
-0.1899214
-0.2079152
-0.2104281
-0.1948619
-0.1748755
-0.1661364
-0.1691407
-0.1692345
-0.1546591
-0.1318338
-0.1192826
-0.1264548
-0.1422218
-0.1471275
-0.1353881
-0.1207956
-0.1197637
-0.1319929
-0.1417068
-0.1372497
-0.1247849
-0.1197051
-0.1271846
-0.1365337
-0.1362928
-0.1306287
-0.1357489
-0.1600720
-0.1923303
-0.2122337
-0.2111165
-0.1987399
-0.1898620
-0.1877834
-0.1836462
-0.1700090
-0.1509675
-0.1373396
-0.1343086
-0.1368308
-0.1370885
-0.1336475
-0.1314136
-0.1337404
-0.1370894
-0.1345814
-0.1240358
-0.1112558
-0.1047017
-0.1069278
-0.1120094
-0.1125999
-0.1097652
-0.1139041
-0.1331425
-0.1605268
-0.1763474
-0.1675253
-0.1449724
-0.1371446
-0.1615562
-0.2021206
-0.2170606
-0.1693095
-0.0459561
0.1520056
0.4288413
0.7868334
1.1908626
1.5471496
1.7362637
1.6864805
1.4256129
1.0632914
0.7193364
0.4604026
0.2903517
0.1837754
0.1186608
0.0819206
0.0595340
0.0352120
0.0011218
-0.0359174
-0.0635235
-0.0783691
-0.0895170
-0.1077084
-0.1339334
-0.1597806
-0.1775181
-0.1877132
-0.1967933
-0.2089129
-0.2218110
-0.2305010
-0.2336261
-0.2350058
-0.2386978
-0.2431080
-0.2411272
-0.2274821
-0.2065084
-0.1913996
-0.1934597
-0.2108458
-0.2286674
-0.2315916
-0.2168101
-0.1944186
-0.1755677
-0.1614994
-0.1446063
-0.1187139
-0.0860612
-0.0535991
-0.0243411
0.0052693
0.0393903
0.0765678
0.1113705
0.1414035
0.1702976
0.2026950
0.2376748
0.2691697
0.2932943
0.3138548
0.3389980
0.3720456
0.4064760
0.4307647
0.4379700
0.4298195
0.4115725
0.3845335
0.3453963
0.2930509
0.2342335
0.1802872
0.1374578
0.1012233
0.0617546
0.0156289
-0.0287502
-0.0586701
-0.0701634
-0.0725322
-0.0791318
-0.0941639
-0.1095504
-0.1148643
-0.1092002
-0.1021475
-0.1031694
-0.1113221
-0.1166886
-0.1118188
-0.1003050
-0.0928598
-0.0953442
-0.1022124
-0.1027301
-0.0931178
-0.0812483
-0.0785470
-0.0874851
-0.0979487
-0.0966481
-0.0800887
-0.0579051
-0.0435885
-0.0426454
-0.0499332
-0.0572515
-0.0617832
-0.0667740
-0.0754776
-0.0863795
-0.0950072
-0.0994492
-0.1026307
-0.1087000
-0.1180796
-0.1271336
-0.1325198
-0.1346453
-0.1361634
-0.1377572
-0.1365450
-0.1290223
-0.1152385
-0.0997592
-0.0884708
-0.0843649
-0.0862028
-0.0909949
-0.0974985
-0.1070043
-0.1204406
-0.1347526
-0.1429736
-0.1395364
-0.1267568
-0.1152084
-0.1150428
-0.1253084
-0.1332315
-0.1266837
-0.1077667
-0.0918469
-0.0916076
-0.1035519
-0.1127313
-0.1103171
-0.1028152
-0.1016278
-0.1066070
-0.1060712
-0.0951786
-0.0887596
-0.1077633
-0.1500965
-0.1786188
-0.1421754
-0.0087128
0.2220114
0.5309282
0.8913611
1.2601514
1.5638592
1.7132902
1.6521853
1.4022201
1.0588908
0.7350344
0.4975449
0.3469596
0.2468198
0.1666318
0.1000866
0.0528927
0.0235137
-0.0007132
-0.0314864
-0.0677997
-0.0979537
-0.1126808
-0.1152131
-0.1180108
-0.1301522
-0.1489636
-0.1644901
-0.1713896
-0.1748329
-0.1838356
-0.1999093
-0.2146719
-0.2196570
-0.2164715
-0.2142819
-0.2171643
-0.2173951
-0.2043605
-0.1791643
-0.1566321
-0.1506044
-0.1585006
-0.1628408
-0.1484396
-0.1165301
-0.0811647
-0.0535227
-0.0323710
-0.0099176
0.0163391
0.0408061
0.0583380
0.0724022
0.0926571
0.1250826
0.1659846
0.2058705
0.2383059
0.2645847
0.2903434
0.3184241
0.3453384
0.3645011
0.3726251
0.3728216
0.3713491
0.3710940
0.3681154
0.3549617
0.3278963
0.2907057
0.2507755
0.2116617
0.1709173
0.1259865
0.0807994
0.0441257
0.0206224
0.0050292
-0.0129528
-0.0379910
-0.0648263
-0.0855671
-0.1000964
-0.1168315
-0.1422418
-0.1716163
-0.1930510
-0.2009204
-0.2029497
-0.2119120
-0.2311075
-0.2502689
-0.2564223
-0.2470841
-0.2310260
-0.2167580
-0.2031617
-0.1835844
-0.1578323
-0.1362461
-0.1294445
-0.1354912
-0.1405827
-0.1336839
-0.1185202
-0.1087672
-0.1116093
-0.1184631
-0.1137797
-0.0923897
-0.0660310
-0.0517710
-0.0553656
-0.0677803
-0.0772537
-0.0815856
-0.0868563
-0.0965110
-0.1059707
-0.1093897
-0.1089143
-0.1135911
-0.1284721
-0.1473956
-0.1591523
-0.1603877
-0.1595209
-0.1660998
-0.1779618
-0.1822375
-0.1701307
-0.1485799
-0.1348667
-0.1396315
-0.1568199
-0.1711583
-0.1744590
-0.1729055
-0.1779387
-0.1915533
-0.2027582
-0.1992358
-0.1811769
-0.1620548
-0.1557876
-0.1642296
-0.1774489
-0.1848881
-0.1848012
-0.1829596
-0.1841110
-0.1869864
-0.1881924
-0.1888713
-0.1944844
-0.2072171
-0.2210166
-0.2270254
-0.2239276
-0.2201515
-0.2236629
-0.2305977
-0.2272378
-0.2052580
-0.1735266
-0.1513363
-0.1485776
-0.1552044
-0.1535942
-0.1405195
-0.1322324
-0.1446717
-0.1703052
-0.1775408
-0.1320215
-0.0144536
0.1821085
0.4621160
0.8189251
1.2077898
1.5346254
1.6912109
1.6212694
1.3619307
1.0203088
0.7040312
0.4653735
0.2991451
0.1796848
0.0920688
0.0326910
-0.0063424
-0.0414662
-0.0845045
-0.1307661
-0.1650887
-0.1793819
-0.1811586
-0.1841724
-0.1936487
-0.2033671
-0.2061015
-0.2033627
-0.2029161
-0.2080842
-0.2124085
-0.2065684
-0.1897956
-0.1721671
-0.1642656
-0.1657434
-0.1664002
-0.1588842
-0.1479196
-0.1446597
-0.1525146
-0.1613402
-0.1574708
-0.1386476
-0.1168736
-0.1057611
-0.1066417
-0.1089485
-0.1033806
-0.0914575
-0.0805750
-0.0723938
-0.0602082
-0.0382130
-0.0097117
0.0169222
0.0393563
0.0649847
0.1020780
0.1491461
0.1957423
0.2339425
0.2664832
0.3016232
0.3413570
0.3777188
0.4011635
0.4096534
0.4072322
0.3955289
0.3706604
0.3298587
0.2785693
0.2277835
0.1838871
0.1432297
0.0984407
0.0493064
0.0050698
-0.0249058
-0.0410280
-0.0522989
-0.0662468
-0.0825352
-0.0968565
-0.1082403
-0.1197620
-0.1327542
-0.1435809
-0.1481961
-0.1485966
-0.1516248
-0.1598808
-0.1658245
-0.1583411
-0.1360236
-0.1111516
-0.0976788
-0.0960738
-0.0930940
-0.0774250
-0.0529727
-0.0341791
-0.0290836
-0.0302665
-0.0242592
-0.0080839
0.0067174
0.0070879
-0.0072670
-0.0248898
-0.0361832
-0.0423106
-0.0500098
-0.0614341
-0.0725364
-0.0800466
-0.0858284
-0.0928860
-0.0999419
-0.1032681
-0.1035829
-0.1077294
-0.1210061
-0.1389996
-0.1503224
-0.1488472
-0.1412722
-0.1403028
-0.1510392
-0.1664576
-0.1764288
-0.1784488
-0.1776211
-0.1778311
-0.1763619
-0.1683930
-0.1546543
-0.1417580
-0.1345448
-0.1303976
-0.1230846
-0.1110733
-0.0991712
-0.0915165
-0.0859636
-0.0777743
-0.0671643
-0.0598312
-0.0597382
-0.0643276
-0.0685968
-0.0718941
-0.0777217
-0.0869940
-0.0948103
-0.0963081
-0.0941743
-0.0968452
-0.1085067
-0.1240155
-0.1362224
-0.1460948
-0.1612940
-0.1844236
-0.2069730
-0.2179247
-0.2163494
-0.2119127
-0.2130157
-0.2178020
-0.2186431
-0.2131393
-0.2069940
-0.2053471
-0.2043725
-0.1947530
-0.1733349
-0.1484518
-0.1319855
-0.1273724
-0.1270895
-0.1213737
-0.1076617
-0.0911318
-0.0771879
-0.0645300
-0.0463013
-0.0188436
0.0106550
0.0271051
0.0209282
0.0002367
-0.0099455
0.0199463
0.1127670
0.2828444
0.5369326
0.8653181
1.2241759
1.5299552
1.6861485
1.6346073
1.3938223
1.0503749
0.7085467
0.4381286
0.2563391
0.1448809
0.0765146
0.0296115
-0.0101473
-0.0506028
-0.0918430
-0.1272169
-0.1500354
-0.1608120
-0.1669043
-0.1746350
-0.1832395
-0.1876235
-0.1856995
-0.1808702
-0.1772832
-0.1745384
-0.1682810
-0.1555510
-0.1387159
-0.1239080
-0.1157460
-0.1137807
-0.1140414
-0.1132776
-0.1107145
-0.1061009
-0.0981030
-0.0860794
-0.0726756
-0.0630214
-0.0608350
-0.0656906
-0.0740206
-0.0820980
-0.0876022
-0.0886346
-0.0824147
-0.0665419
-0.0422071
-0.0149820
0.0093315
0.0299683
0.0515283
0.0790626
0.1137306
0.1532268
0.1949383
0.2374822
0.2794808
0.3179218
0.3486732
0.3693262
0.3816229
0.3900835
0.3969905
0.3985988
0.3871797
0.3575960
0.3122975
0.2601899
0.2104280
0.1664650
0.1256242
0.0847310
0.0460327
0.0164664
0.0004231
-0.0059405
-0.0122207
-0.0257673
-0.0463944
-0.0681165
-0.0849351
-0.0949137
-0.0996131
-0.1007396
-0.0984118
-0.0931053
-0.0882056
-0.0886908
-0.0964059
-0.1072738
-0.1138616
-0.1107741
-0.0979881
-0.0800660
-0.0628221
-0.0503357
-0.0441654
-0.0441698
-0.0488848
-0.0552243
-0.0596768
-0.0612208
-0.0620509
-0.0637789
-0.0637796
-0.0579517
-0.0477881
-0.0422297
-0.0497484
-0.0683407
-0.0852918
-0.0887362
-0.0795788
-0.0705401
-0.0725968
-0.0838874
-0.0940455
-0.0983685
-0.1036931
-0.1182810
-0.1386880
-0.1506754
-0.1437791
-0.1227488
-0.1031626
-0.0964895
-0.1006247
-0.1048201
-0.1020328
-0.0945957
-0.0883089
-0.0841854
-0.0785364
-0.0697403
-0.0613487
-0.0576088
-0.0584840
-0.0609953
-0.0641186
-0.0700202
-0.0802076
-0.0921033
-0.1007613
-0.1037634
-0.1032137
-0.1024721
-0.1025176
-0.1034677
-0.1084981
-0.1220805
-0.1422319
-0.1575602
-0.1563142
-0.1386576
-0.1172980
-0.1052376
-0.1048887
-0.1099282
-0.1149942
-0.1200223
-0.1249682
-0.1242632
-0.1109576
-0.0868467
-0.0645936
-0.0563260
-0.0613027
-0.0682028
-0.0692080
-0.0676502
-0.0702343
-0.0758807
-0.0768865
-0.0703992
-0.0641636
-0.0682345
-0.0826562
-0.0966951
-0.1013741
-0.1002599
-0.1045068
-0.1174999
-0.1286869
-0.1255341
-0.1090868
-0.0933729
-0.0895713
-0.0949422
-0.0992408
-0.0988461
-0.1005058
-0.1109857
-0.1264641
-0.1353513
-0.1314361
-0.1210885
-0.1151392
-0.1154915
-0.1136486
-0.1026979
-0.0864501
-0.0739218
-0.0675162
-0.0609197
-0.0487870
-0.0352161
-0.0306537
-0.0411515
-0.0619862
-0.0822144
-0.0949459
-0.1021745
-0.1092837
-0.1162931
-0.1164881
-0.1039801
-0.0816851
-0.0616138
-0.0570642
-0.0721973
-0.0959907
-0.1051534
-0.0733625
0.0222881
0.2016376
0.4790035
0.8466685
1.2524867
1.5985286
1.7780509
1.7337399
1.4947460
1.1609758
0.8440090
0.6092115
0.4599028
0.3648074
0.2945863
0.2363933
0.1863835
0.1399838
0.0918795
0.0412338
-0.0065149
-0.0436000
-0.0661646
-0.0777143
-0.0866143
-0.0995511
-0.1170364
-0.1348808
-0.1494423
-0.1614382
-0.1748926
-0.1917076
-0.2069769
-0.2118431
-0.2035322
-0.1912409
-0.1882074
-0.1972423
-0.2073377
-0.2062023
-0.1935720
-0.1795824
-0.1712213
-0.1635406
-0.1457566
-0.1148423
-0.0802675
-0.0533476
-0.0336033
-0.0098053
0.0246675
0.0621521
0.0899805
0.1064343
0.1223031
0.1469526
0.1777511
0.2053519
0.2262883
0.2466317
0.2729700
0.3027119
0.3267359
0.3421454
0.3584798
0.3869125
0.4244605
0.4543212
0.4635389
0.4559477
0.4444870
0.4339124
0.4157452
0.3801679
0.3294346
0.2774227
0.2362483
0.2048059
0.1721664
0.1320475
0.0907629
0.0587101
0.0370585
0.0175499
-0.0051421
-0.0257127
-0.0346342
-0.0297004
-0.0196384
-0.0172597
-0.0291354
-0.0506436
-0.0709248
-0.0832054
-0.0895810
-0.0956816
-0.1032581
-0.1096766
-0.1122772
-0.1107627
-0.1070180
-0.1048189
-0.1078122
-0.1148716
-0.1182688
-0.1088399
-0.0834230
-0.0476105
-0.0129793
0.0089617
0.0141645
0.0093758
0.0054887
0.0060311
0.0047289
-0.0043565
-0.0173816
-0.0236428
-0.0164450
0.0000179
0.0135872
0.0144416
0.0043724
-0.0052898
-0.0072137
-0.0071237
-0.0153025
-0.0315305
-0.0449378
-0.0490030
-0.0506698
-0.0622411
-0.0876380
-0.1185842
-0.1429544
-0.1565611
-0.1669051
-0.1831983
-0.2025296
-0.2110831
-0.2018137
-0.1850530
-0.1762492
-0.1777955
-0.1794092
-0.1734157
-0.1630592
-0.1567355
-0.1588662
-0.1663382
-0.1719873
-0.1729361
-0.1749168
-0.1837898
-0.1938407
-0.1927292
-0.1791632
-0.1659149
-0.1618206
-0.1604421
-0.1517480
-0.1364688
-0.1230869
-0.1174073
-0.1195011
-0.1248007
-0.1261523
-0.1217589
-0.1204548
-0.1293292
-0.1385462
-0.1327694
-0.1160500
-0.1073006
-0.1109829
-0.1138139
-0.1127257
-0.1197103
-0.1308876
-0.1197457
-0.0779871
