0.0142244
0.0260546
0.0344814
0.0339478
0.0266099
0.0215883
0.0257546
0.0357480
0.0410432
0.0352871
0.0228369
0.0130014
0.0094703
0.0077661
0.0025962
-0.0055331
-0.0127521
-0.0184493
-0.0257711
-0.0352587
-0.0415359
-0.0392214
-0.0309472
-0.0261680
-0.0309153
-0.0408253
-0.0462171
-0.0430439
-0.0365518
-0.0341249
-0.0370384
-0.0408159
-0.0419426
-0.0412660
-0.0404442
-0.0377918
-0.0301299
-0.0182993
-0.0085054
-0.0067989
-0.0126845
-0.0191354
-0.0191361
-0.0120831
-0.0040887
-0.0025160
-0.0099455
-0.0223937
-0.0326535
-0.0358293
-0.0328199
-0.0291858
-0.0304932
-0.0381240
-0.0489192
-0.0583571
-0.0640576
-0.0669965
-0.0703492
-0.0772307
-0.0884367
-0.1012959
-0.1108771
-0.1133270
-0.1087248
-0.1007592
-0.0937263
-0.0899927
-0.0896943
-0.0912588
-0.0913558
-0.0860012
-0.0748098
-0.0651257
-0.0687420
-0.0895107
-0.1116861
-0.1019443
-0.0259052
0.1346447
0.3766970
0.6803733
1.0102602
1.3112584
1.5128626
1.5541759
1.4191881
1.1532850
0.8421409
0.5661660
0.3649801
0.2350959
0.1531148
0.0984747
0.0594321
0.0276527
-0.0045891
-0.0404540
-0.0756081
-0.1029365
-0.1206938
-0.1344273
-0.1499960
-0.1658263
-0.1739651
-0.1694233
-0.1573413
-0.1494405
-0.1531196
-0.1648038
-0.1744125
-0.1757730
-0.1720146
-0.1711421
-0.1774427
-0.1877816
-0.1955538
-0.1969317
-0.1929025
-0.1865509
-0.1801960
-0.1754152
-0.1739226
-0.1762188
-0.1792151
-0.1770872
-0.1663343
-0.1501240
-0.1363405
-0.1301368
-0.1282735
-0.1214568
-0.1028218
-0.0742795
-0.0447517
-0.0226343
-0.0098258
-0.0016444
0.0090964
0.0276674
0.0545345
0.0846122
0.1097459
0.1242674
0.1298040
0.1342796
0.1447821
0.1606019
0.1734701
0.1750084
0.1639161
0.1459129
0.1274356
0.1103197
0.0922907
0.0709769
0.0464113
0.0206779
-0.0030964
-0.0214358
-0.0322605
-0.0374504
-0.0427932
-0.0532653
-0.0675187
-0.0782645
-0.0796920
-0.0744224
-0.0714637
-0.0762118
-0.0834612
-0.0821300
-0.0672118
-0.0456921
-0.0298508
-0.0256507
-0.0286128
-0.0299313
-0.0244811
-0.0127529
0.0022200
0.0169753
0.0271871
0.0286833
0.0217451
0.0135676
0.0131832
0.0221354
0.0315946
0.0308837
0.0187457
0.0044063
-0.0028533
-0.0033524
-0.0050754
-0.0135034
-0.0256535
-0.0344680
-0.0371131
-0.0372951
-0.0401251
-0.0467728
-0.0548273
-0.0621931
-0.0687770
-0.0749482
-0.0806898
-0.0870486
-0.0963344
-0.1086733
-0.1190262
-0.1203186
-0.1109324
-0.0979473
-0.0912089
-0.0939111
-0.0999373
-0.1008965
-0.0950715
-0.0887248
-0.0891012
-0.0973340
-0.1083292
-0.1161266
-0.1182435
-0.1158578
-0.1119542
-0.1098071
-0.1115194
-0.1164063
-0.1211111
-0.1224846
-0.1205924
-0.1183072
-0.1178760
-0.1185796
-0.1181310
-0.1157523
-0.1130367
-0.1118955
-0.1125978
-0.1140866
-0.1150189
-0.1134797
-0.1070182
-0.0956446
-0.0849642
-0.0827466
-0.0891649
-0.0922111
-0.0781717
-0.0493874
-0.0282774
-0.0376273
-0.0736077
-0.0993308
-0.0672386
0.0512650
0.2561908
0.5310694
0.8530007
1.1839319
1.4580163
1.5945961
1.5412112
1.3130589
0.9903657
0.6719357
0.4226614
0.2542882
0.1445188
0.0677045
0.0101663
-0.0332050
-0.0665742
-0.0942325
-0.1178618
-0.1368615
-0.1514571
-0.1634020
-0.1734791
-0.1804256
-0.1835244
-0.1850312
-0.1883923
-0.1941165
-0.1986907
-0.1983153
-0.1933436
-0.1884050
-0.1881613
-0.1934612
-0.2017347
-0.2102617
-0.2181434
-0.2254703
-0.2318366
-0.2359994
-0.2360356
-0.2294844
-0.2147482
-0.1938818
-0.1735360
-0.1611062
-0.1584772
-0.1597505
-0.1562470
-0.1445707
-0.1297136
-0.1196366
-0.1165146
-0.1137712
-0.1022493
-0.0791259
-0.0504067
-0.0250484
-0.0072875
0.0056369
0.0194922
0.0374135
0.0574738
0.0748885
0.0865157
0.0936708
0.1008509
0.1115364
0.1246467
0.1346346
0.1354813
0.1257239
0.1099853
0.0946844
0.0814526
0.0654512
0.0414201
0.0113711
-0.0150083
-0.0286403
-0.0297493
-0.0277834
-0.0322965
-0.0438749
-0.0543051
-0.0556848
-0.0487891
-0.0419883
-0.0424562
-0.0493854
-0.0557180
-0.0553971
-0.0485181
-0.0404046
-0.0366673
-0.0388951
-0.0441787
-0.0482485
-0.0491203
-0.0480911
-0.0477716
-0.0494465
-0.0519492
-0.0525495
-0.0491243
-0.0421626
-0.0348597
-0.0308133
-0.0312164
-0.0341504
-0.0365344
-0.0369251
-0.0368544
-0.0393995
-0.0456206
-0.0519549
-0.0520768
-0.0427578
-0.0281632
-0.0174598
-0.0172825
-0.0262232
-0.0367097
-0.0424102
-0.0438563
-0.0465769
-0.0536299
-0.0608302
-0.0606798
-0.0512307
-0.0397942
-0.0366759
-0.0452395
-0.0586882
-0.0668170
-0.0659482
-0.0623805
-0.0659978
-0.0801111
-0.0974555
-0.1064556
-0.1017277
-0.0888095
-0.0792389
-0.0811808
-0.0937370
-0.1088102
-0.1181564
-0.1196265
-0.1175333
-0.1172219
-0.1193392
-0.1194561
-0.1131080
-0.1009931
-0.0892565
-0.0845343
-0.0882093
-0.0953962
-0.1001335
-0.1018058
-0.1056784
-0.1164146
-0.1315346
-0.1422202
-0.1409652
-0.1285782
-0.1140321
-0.1073708
-0.1117426
-0.1213263
-0.1269878
-0.1245294
-0.1178390
-0.1142719
-0.1172305
-0.1231468
-0.1252035
-0.1196704
-0.1086956
-0.0973015
-0.0885297
-0.0826073
-0.0805477
-0.0858883
-0.0996830
-0.1126054
-0.1025562
-0.0406277
0.0989867
0.3292213
0.6404786
0.9926845
1.3169740
1.5347373
1.5897565
1.4750477
1.2352418
0.9421054
0.6610830
0.4310230
0.2640171
0.1550798
0.0897981
0.0487094
0.0131888
-0.0271876
-0.0714930
-0.1117897
-0.1413981
-0.1604892
-0.1752309
-0.1920068
-0.2119260
-0.2303049
-0.2412631
-0.2431156
-0.2399716
-0.2384145
-0.2419520
-0.2477608
-0.2489555
-0.2409573
-0.2260300
-0.2112992
-0.2022858
-0.1984444
-0.1944354
-0.1851822
-0.1704089
-0.1555321
-0.1480414
-0.1515774
-0.1626239
-0.1732366
-0.1774387
-0.1751960
-0.1707592
-0.1678317
-0.1661953
-0.1621752
-0.1519175
-0.1345843
-0.1131165
-0.0924383
-0.0765716
-0.0660354
-0.0569041
-0.0433901
-0.0235179
-0.0024439
0.0121609
0.0194736
0.0286352
0.0501167
0.0838976
0.1179012
0.1389068
0.1442418
0.1421724
0.1417621
0.1440323
0.1434611
0.1361286
0.1236403
0.1089746
0.0917360
0.0701430
0.0461354
0.0249309
0.0089077
-0.0052467
-0.0213959
-0.0374794
-0.0466891
-0.0455827
-0.0395459
-0.0387147
-0.0481877
-0.0628843
-0.0725006
-0.0711446
-0.0618368
-0.0527638
-0.0507312
-0.0574639
-0.0691291
-0.0779462
-0.0767145
-0.0650586
-0.0512907
-0.0456500
-0.0502866
-0.0566498
-0.0537526
-0.0389789
-0.0203481
-0.0083807
-0.0066017
-0.0104289
-0.0140947
-0.0163892
-0.0192524
-0.0235688
-0.0290739
-0.0370547
-0.0492817
-0.0632109
-0.0712897
-0.0678728
-0.0562142
-0.0463651
-0.0454556
-0.0510414
-0.0547462
-0.0518399
-0.0460123
-0.0444302
-0.0494365
-0.0566048
-0.0603626
-0.0594002
-0.0562329
-0.0538915
-0.0546149
-0.0597455
-0.0680823
-0.0748829
-0.0754064
-0.0703855
-0.0660137
-0.0669126
-0.0701893
-0.0685778
-0.0596087
-0.0492974
-0.0447830
-0.0450672
-0.0434238
-0.0401787
-0.0478266
-0.0768842
-0.1164220
-0.1338103
-0.0958580
0.0137521
0.1995532
0.4672261
0.8150786
1.2031984
1.5378602
1.7058991
1.6442938
1.3863480
1.0400047
0.7161659
0.4699033
0.2976662
0.1748737
0.0870089
0.0303058
-0.0024095
-0.0258958
-0.0531023
-0.0865722
-0.1205004
-0.1487086
-0.1689192
-0.1812787
-0.1865887
-0.1875557
-0.1894346
-0.1962689
-0.2064069
-0.2139900
-0.2154400
-0.2126724
-0.2094662
-0.2070945
-0.2051350
-0.2044946
-0.2066761
-0.2103370
-0.2114480
-0.2084547
-0.2058717
-0.2101143
-0.2206831
-0.2272939
-0.2189140
-0.1967103
-0.1757221
-0.1710840
-0.1828517
-0.1960130
-0.1949749
-0.1763849
-0.1486258
-0.1220570
-0.1011427
-0.0836546
-0.0643421
-0.0389181
-0.0066911
0.0282939
0.0584555
0.0773197
0.0855327
0.0919925
0.1062762
0.1285900
0.1488896
0.1574975
0.1553835
0.1521794
0.1547066
0.1593838
0.1562103
0.1389956
0.1111581
0.0822135
0.0594061
0.0428269
0.0277042
0.0098193
-0.0117516
-0.0351324
-0.0564207
-0.0705570
-0.0742976
-0.0696434
-0.0631419
-0.0608547
-0.0644074
-0.0717214
-0.0800224
-0.0873865
-0.0925550
-0.0947556
-0.0941059
-0.0918323
-0.0894547
-0.0870490
-0.0824541
-0.0734113
-0.0610436
-0.0500371
-0.0442842
-0.0430032
-0.0420303
-0.0382415
-0.0318631
-0.0252979
-0.0209254
-0.0196483
-0.0204755
-0.0214969
-0.0217711
-0.0221537
-0.0242356
-0.0290330
-0.0366569
-0.0461914
-0.0555601
-0.0625840
-0.0668260
-0.0698061
-0.0731510
-0.0771805
-0.0812017
-0.0840320
-0.0840888
-0.0804030
-0.0744644
-0.0703398
-0.0718534
-0.0790446
-0.0871084
-0.0893383
-0.0827433
-0.0716103
-0.0640516
-0.0634221
-0.0641524
-0.0580407
-0.0442010
-0.0306283
-0.0255743
-0.0290778
-0.0338641
-0.0336228
-0.0293345
-0.0274225
-0.0323786
-0.0422114
-0.0515235
-0.0576441
-0.0618011
-0.0650115
-0.0660990
-0.0650885
-0.0658515
-0.0724934
-0.0837391
-0.0933213
-0.0967411
-0.0967535
-0.1012591
-0.1152537
-0.1347552
-0.1494784
-0.1524696
-0.1468256
-0.1421888
-0.1452550
-0.1546002
-0.1635089
-0.1656878
-0.1588014
-0.1453994
-0.1316192
-0.1232387
-0.1212224
-0.1210340
-0.1166512
-0.1054636
-0.0901580
-0.0768145
-0.0707135
-0.0725990
-0.0782989
-0.0820542
-0.0807467
-0.0764706
-0.0766105
-0.0898360
-0.1169942
-0.1423635
-0.1352423
-0.0637994
0.0899642
0.3253402
0.6258044
0.9595105
1.2756870
1.5076774
1.5925819
1.5020548
1.2631786
0.9494936
0.6441290
0.4013776
0.2338835
0.1273795
0.0617984
0.0207327
-0.0093600
-0.0394118
-0.0740426
-0.1096231
-0.1388873
-0.1590467
-0.1751979
-0.1946250
-0.2179675
-0.2382284
-0.2495515
-0.2545906
-0.2607262
-0.2704677
-0.2788465
-0.2803934
-0.2759248
-0.2711089
-0.2696051
-0.2689967
-0.2636960
-0.2515060
-0.2365628
-0.2250720
-0.2188501
-0.2146389
-0.2092553
-0.2026864
-0.1953139
-0.1848953
-0.1687221
-0.1477648
-0.1267168
-0.1098785
-0.0975768
-0.0861696
-0.0712419
-0.0515623
-0.0304105
-0.0127789
-0.0014620
0.0039467
0.0056180
0.0064941
0.0093228
0.0140975
0.0168707
0.0139087
0.0076745
0.0064675
0.0167048
0.0362208
0.0556876
0.0662615
0.0661156
0.0603573
0.0548270
0.0501729
0.0426899
0.0304269
0.0162481
0.0042458
-0.0043817
-0.0102865
-0.0131736
-0.0127757
-0.0115007
-0.0131621
-0.0185572
-0.0239194
-0.0247273
-0.0209432
-0.0180552
-0.0219401
-0.0319369
-0.0402531
-0.0401735
-0.0341187
-0.0310768
-0.0362764
-0.0461685
-0.0537771
-0.0556322
-0.0520005
-0.0435080
-0.0310341
-0.0184400
-0.0122279
-0.0159691
-0.0247048
-0.0269534
-0.0153938
0.0038443
0.0155092
0.0109424
-0.0025800
-0.0105181
-0.0070374
0.0008818
0.0039125
0.0007816
-0.0025144
-0.0006681
0.0059598
0.0132684
0.0181494
0.0200251
0.0181793
0.0102144
-0.0043350
-0.0202452
-0.0304982
-0.0347352
-0.0402460
-0.0525749
-0.0679124
-0.0774779
-0.0779542
-0.0750703
-0.0771506
-0.0865738
-0.0976232
-0.1022484
-0.0980061
-0.0901355
-0.0857335
-0.0871357
-0.0917204
-0.0958852
-0.0966972
-0.0914877
-0.0798707
-0.0663738
-0.0577246
-0.0561919
-0.0573500
-0.0553122
-0.0492275
-0.0443551
-0.0472200
-0.0591596
-0.0741309
-0.0840104
-0.0867595
-0.0879377
-0.0935912
-0.1039558
-0.1154570
-0.1261200
-0.1362390
-0.1453714
-0.1518567
-0.1552348
-0.1568766
-0.1572494
-0.1531252
-0.1389244
-0.1135419
-0.0875507
-0.0802692
-0.1030752
-0.1427321
-0.1633950
-0.1265817
-0.0086057
0.1978578
0.4883976
0.8418959
1.2078821
1.5054612
1.6489405
1.5919890
1.3595290
1.0380843
0.7271432
0.4886649
0.3313393
0.2310265
0.1599327
0.1017473
0.0512552
0.0078000
-0.0298503
-0.0640477
-0.0956833
-0.1233877
-0.1461715
-0.1650122
-0.1807413
-0.1926066
-0.2007379
-0.2080582
-0.2174110
-0.2277186
-0.2346162
-0.2344867
-0.2277632
-0.2197040
-0.2175256
-0.2238669
-0.2324597
-0.2331914
-0.2227533
-0.2081258
-0.1987253
-0.1972752
-0.1988711
-0.1964169
-0.1861461
-0.1702308
-0.1551540
-0.1460022
-0.1417464
-0.1370017
-0.1277272
-0.1138527
-0.0977663
-0.0824631
-0.0698373
-0.0582239
-0.0428596
-0.0215444
0.0011666
0.0181271
0.0272483
0.0328934
0.0407917
0.0536393
0.0703365
0.0872025
0.1008225
0.1113631
0.1219836
0.1339114
0.1438825
0.1475400
0.1433493
0.1323533
0.1167620
0.1000069
0.0854188
0.0732260
0.0609044
0.0472732
0.0338632
0.0219251
0.0112148
0.0023479
-0.0030679
-0.0059299
-0.0104847
-0.0203232
-0.0352521
-0.0523883
-0.0685799
-0.0821366
-0.0939229
-0.1055333
-0.1144446
-0.1135080
-0.0990456
-0.0778301
-0.0617662
-0.0559928
-0.0553139
-0.0515362
-0.0413837
-0.0281522
-0.0184306
-0.0164553
-0.0195058
-0.0197950
-0.0123112
0.0007265
0.0137354
0.0229963
0.0270331
0.0259170
0.0225738
0.0212943
0.0223309
0.0208031
0.0131176
0.0018213
-0.0076058
-0.0122329
-0.0130514
-0.0139079
-0.0196658
-0.0318964
-0.0455729
-0.0534025
-0.0540936
-0.0532343
-0.0559066
-0.0616664
-0.0665950
-0.0671121
-0.0624787
-0.0567969
-0.0572012
-0.0663370
-0.0780384
-0.0842493
-0.0845509
-0.0849270
-0.0890514
-0.0950794
-0.0993387
-0.0990236
-0.0928299
-0.0829202
-0.0750503
-0.0735482
-0.0772263
-0.0818626
-0.0843039
-0.0830643
-0.0788502
-0.0760578
-0.0790078
-0.0845872
-0.0837483
-0.0730935
-0.0602152
-0.0547243
-0.0583707
-0.0664600
-0.0745776
-0.0814298
-0.0887910
-0.1002130
-0.1161898
-0.1302349
-0.1341279
-0.1273255
-0.1170570
-0.1098350
-0.1074089
-0.1093958
-0.1140248
-0.1173414
-0.1173845
-0.1180863
-0.1237983
-0.1316671
-0.1346592
-0.1300160
-0.1198691
-0.1067951
-0.0942049
-0.0871300
-0.0859337
-0.0824824
-0.0695921
-0.0526304
-0.0461358
-0.0591598
-0.0847873
-0.0990599
-0.0679084
0.0379576
0.2287779
0.4957431
0.8189927
1.1624347
1.4603106
1.6290636
1.6125441
1.4205112
1.1232042
0.8112377
0.5538452
0.3760441
0.2618119
0.1800854
0.1116412
0.0528920
0.0028428
-0.0419137
-0.0818489
-0.1155636
-0.1455153
-0.1735224
-0.1935973
-0.2000306
-0.1996845
-0.2049528
-0.2170943
-0.2273712
-0.2315416
-0.2325114
-0.2322703
-0.2316605
-0.2342028
-0.2406896
-0.2448000
-0.2421072
-0.2366693
-0.2317914
-0.2241720
-0.2146076
-0.2119278
-0.2173648
-0.2188184
-0.2104807
-0.2033326
-0.2055031
-0.2076022
-0.1987846
-0.1823831
-0.1656296
-0.1494959
-0.1367365
-0.1321971
-0.1282745
-0.1100436
-0.0804285
-0.0579725
-0.0460453
-0.0305242
-0.0101844
0.0021670
0.0111701
0.0349346
0.0663205
0.0792983
0.0776650
0.0904182
0.1143651
0.1173699
0.1061387
0.1216604
0.1473013
0.1002765
-0.0428176
