-0.0139677
-0.0068041
-0.0170329
-0.0240838
-0.0198080
-0.0139563
-0.0146783
-0.0203657
-0.0287719
-0.0398154
-0.0501042
-0.0565207
-0.0639748
-0.0785077
-0.0938827
-0.0961249
-0.0820348
-0.0642235
-0.0567819
-0.0626928
-0.0751898
-0.0851032
-0.0869566
-0.0832223
-0.0823102
-0.0884118
-0.0950617
-0.0927609
-0.0804235
-0.0646167
-0.0499105
-0.0352127
-0.0183345
0.0004801
0.0192833
0.0358428
0.0492822
0.0622623
0.0797458
0.1036825
0.1305752
0.1550692
0.1730631
0.1808243
0.1760056
0.1623757
0.1493889
0.1428833
0.1382868
0.1266597
0.1066787
0.0879157
0.0816724
0.0889029
0.0971712
0.0909202
0.0666498
0.0369474
0.0172546
0.0100609
0.0054964
-0.0037487
-0.0132615
-0.0139671
-0.0043887
0.0070175
0.0105891
0.0048016
-0.0031772
-0.0060244
-0.0046600
-0.0062060
-0.0131846
-0.0180238
-0.0112023
0.0070555
0.0266253
0.0382862
0.0415014
0.0413393
0.0406805
0.0372689
0.0276752
0.0126921
-0.0022569
-0.0122131
-0.0167382
-0.0176343
-0.0146528
-0.0070068
0.0015668
0.0042720
-0.0001486
-0.0042587
-0.0011417
0.0051858
0.0028092
-0.0140254
-0.0366376
-0.0496902
-0.0468299
-0.0370038
-0.0342021
-0.0418679
-0.0497853
-0.0468463
-0.0340556
-0.0226775
-0.0215096
-0.0289572
-0.0365126
-0.0366544
-0.0276053
-0.0141896
-0.0056303
-0.0097592
-0.0263265
-0.0458595
-0.0567448
-0.0548070
-0.0464456
-0.0420079
-0.0454758
-0.0510860
-0.0510820
-0.0460326
-0.0450790
-0.0553149
-0.0731487
-0.0878575
-0.0925793
-0.0904618
-0.0907586
-0.0998853
-0.1154863
-0.1282574
-0.1302814
-0.1226914
-0.1149983
-0.1162797
-0.1269896
-0.1392794
-0.1448201
-0.1423588
-0.1381818
-0.1390933
-0.1445755
-0.1465574
-0.1379270
-0.1207684
-0.1049166
-0.0984669
-0.1006303
-0.1035379
-0.0998937
-0.0891905
-0.0779364
-0.0740824
-0.0800699
-0.0905707
-0.0971002
-0.0949167
-0.0858703
-0.0759281
-0.0708185
-0.0728920
-0.0801766
-0.0878609
-0.0915878
-0.0904271
-0.0874487
-0.0875309
-0.0934400
-0.1025611
-0.1078737
-0.1042016
-0.0941911
-0.0865021
-0.0869273
-0.0923183
-0.0944210
-0.0889926
-0.0799104
-0.0744321
-0.0753576
-0.0782453
-0.0761858
-0.0671421
-0.0564347
-0.0520177
-0.0575061
-0.0694058
-0.0799602
-0.0825367
-0.0762283
-0.0670365
-0.0635366
-0.0689175
-0.0767935
-0.0764758
-0.0633680
-0.0437365
-0.0290416
-0.0260775
-0.0324706
-0.0405205
-0.0443997
-0.0439236
-0.0427180
-0.0441434
-0.0490808
-0.0559557
-0.0612696
-0.0610069
-0.0541275
-0.0453721
-0.0424612
-0.0487442
-0.0594445
-0.0665801
-0.0672082
-0.0657329
-0.0684009
-0.0766593
-0.0859942
-0.0902736
-0.0867248
-0.0775348
-0.0680689
-0.0639338
-0.0680346
-0.0779917
-0.0862955
-0.0859092
-0.0779565
-0.0721858
-0.0765506
-0.0862374
-0.0862324
-0.0668687
-0.0355464
-0.0108963
-0.0051495
-0.0134622
-0.0208777
-0.0183696
-0.0105299
-0.0080648
-0.0154226
-0.0276249
-0.0375240
-0.0427129
-0.0448627
-0.0457607
-0.0466509
-0.0495586
-0.0555651
-0.0614081
-0.0609466
-0.0522149
-0.0415320
-0.0375476
-0.0406154
-0.0411099
-0.0316685
-0.0203712
-0.0267392
-0.0603523
-0.1038607
-0.1198577
-0.0745783
0.0467212
0.2441163
0.5113420
0.8285997
1.1460377
1.3855053
1.4748049
1.3923180
1.1822084
0.9244516
0.6860042
0.4943558
0.3475172
0.2378625
0.1617057
0.1122844
0.0749270
0.0356186
-0.0069992
-0.0419887
-0.0596043
-0.0630239
-0.0654761
-0.0763104
-0.0916403
-0.0998480
-0.0955790
-0.0865352
-0.0857067
-0.0977881
-0.1143600
-0.1226035
-0.1184141
-0.1108268
-0.1135585
-0.1321416
-0.1592571
-0.1821631
-0.1937023
-0.1960155
-0.1956098
-0.1971858
-0.2017313
-0.2073788
-0.2100729
-0.2049050
-0.1896315
-0.1676863
-0.1462524
-0.1299478
-0.1166320
-0.1005478
-0.0797701
-0.0592344
-0.0452125
-0.0374980
-0.0287968
-0.0120791
0.0129062
0.0406470
0.0652413
0.0834222
0.0944478
0.1003830
0.1066139
0.1187901
0.1368714
0.1535041
0.1611315
0.1612562
0.1642617
0.1778112
0.1962795
0.2046753
0.1943319
0.1726861
0.1552716
0.1490505
0.1464918
0.1363182
0.1170117
0.0975952
0.0868305
0.0846704
0.0846237
0.0820145
0.0780046
0.0763619
0.0785927
0.0832232
0.0884956
0.0939352
0.0994412
0.1048242
0.1112444
0.1216024
0.1374271
0.1552714
0.1677494
0.1692913
0.1609433
0.1493280
0.1408088
0.1363520
0.1317247
0.1227235
0.1102956
0.1002736
0.0978473
0.1024656
0.1082255
0.1087862
0.1016399
0.0884058
0.0724227
0.0567997
0.0440816
0.0361049
0.0328974
0.0320884
0.0309571
0.0296619
0.0310360
0.0358004
0.0391127
0.0344493
0.0214683
0.0077580
0.0008694
-0.0004095
-0.0045608
-0.0166971
-0.0312874
-0.0373198
-0.0304862
-0.0185237
-0.0135011
-0.0197169
-0.0304919
-0.0364105
-0.0348849
-0.0310718
-0.0310799
-0.0358555
-0.0411400
-0.0419604
-0.0371679
-0.0307327
-0.0287504
-0.0339755
-0.0425017
-0.0465248
-0.0416306
-0.0317606
-0.0262751
-0.0311068
-0.0424366
-0.0495981
-0.0449948
-0.0315963
-0.0208053
-0.0228691
-0.0386035
-0.0590597
-0.0726549
-0.0740033
-0.0678379
-0.0645901
-0.0706287
-0.0818789
-0.0877440
-0.0821750
-0.0705047
-0.0645138
-0.0707399
-0.0842514
-0.0940283
-0.0938428
-0.0874667
-0.0838196
-0.0880824
-0.0976517
-0.1054520
-0.1060309
-0.0992117
-0.0897671
-0.0839953
-0.0848850
-0.0891832
-0.0899704
-0.0835876
-0.0738191
-0.0678805
-0.0681266
-0.0691793
-0.0642239
-0.0533191
-0.0441178
-0.0443705
-0.0548869
-0.0701624
-0.0842004
-0.0938662
-0.0975363
-0.0942092
-0.0863787
-0.0817722
-0.0878511
-0.1022438
-0.1090835
-0.0849977
-0.0076097
0.1403823
0.3676938
0.6636218
0.9841994
1.2537876
1.3944938
1.3692684
1.2047353
0.9723709
0.7430442
0.5529385
0.4039830
0.2867023
0.1967503
0.1326177
0.0869020
0.0474581
0.0077562
-0.0275931
-0.0498795
-0.0576806
-0.0593133
-0.0643020
-0.0746116
-0.0853536
-0.0924698
-0.0974929
-0.1048839
-0.1167157
-0.1308099
-0.1427395
-0.1486039
-0.1471026
-0.1409679
-0.1365103
-0.1397566
-0.1512067
-0.1644972
-0.1717164
-0.1710606
-0.1687698
-0.1723432
-0.1816706
-0.1880682
-0.1831396
-0.1681358
-0.1532930
-0.1474889
-0.1492066
-0.1482664
-0.1362600
-0.1147544
-0.0930135
-0.0779252
-0.0668363
-0.0508847
-0.0251654
0.0053823
0.0307684
0.0460866
0.0560401
0.0693501
0.0893862
0.1109404
0.1262831
0.1339294
0.1407291
0.1548071
0.1765598
0.1971366
0.2060429
0.2001335
0.1853379
0.1702886
0.1587495
0.1479129
0.1332150
0.1141468
0.0952141
0.0815278
0.0738667
0.0680473
0.0586581
0.0432871
0.0238882
0.0049111
-0.0100522
-0.0207016
-0.0295290
-0.0384241
-0.0454580
-0.0455486
-0.0350925
-0.0162034
0.0039259
0.0183201
0.0252708
0.0284155
0.0320607
0.0366752
0.0390206
0.0362845
0.0295708
0.0233767
0.0219939
0.0261236
0.0321167
0.0343458
0.0294611
0.0194882
0.0105275
0.0072309
0.0079330
0.0056941
-0.0050667
-0.0227470
-0.0397194
-0.0497397
-0.0540957
-0.0597598
-0.0711261
-0.0842727
-0.0905270
-0.0860580
-0.0772266
-0.0754340
-0.0860302
-0.1022243
-0.1105794
-0.1037083
-0.0882579
-0.0796356
-0.0873452
-0.1050107
-0.1159256
-0.1095895
-0.0923403
-0.0800937
-0.0801213
-0.0820798
-0.0700452
-0.0437292
-0.0240255
-0.0329465
-0.0670309
-0.0930228
-0.0711854
0.0189370
0.1761174
0.3934909
0.6646159
0.9658979
1.2377938
1.3983774
1.3907727
1.2251340
0.9744535
0.7260163
0.5312433
0.3929979
0.2893387
0.2021672
0.1264702
0.0632390
0.0123799
-0.0273977
-0.0569673
-0.0779420
-0.0936732
-0.1067159
-0.1159478
-0.1186366
-0.1159454
-0.1141750
-0.1184419
-0.1259324
-0.1281384
-0.1209235
-0.1106326
-0.1080833
-0.1166977
-0.1285208
-0.1329072
-0.1279550
-0.1217361
-0.1222278
-0.1276711
-0.1284334
-0.1183431
-0.1026988
-0.0937920
-0.0986498
-0.1121311
-0.1222733
-0.1215454
-0.1122604
-0.1017039
-0.0933581
-0.0835653
-0.0663525
-0.0406716
-0.0123571
0.0110445
0.0270471
0.0396778
0.0544383
0.0722708
0.0887929
0.0995006
0.1054889
0.1134611
0.1293525
0.1517223
0.1721009
0.1826444
0.1833345
0.1808512
0.1801467
0.1780644
0.1665029
0.1422576
0.1129599
0.0919705
0.0864488
0.0903725
0.0898198
0.0755579
0.0506967
0.0265095
0.0114978
0.0047052
-0.0011003
-0.0107709
-0.0216254
-0.0265014
-0.0214852
-0.0103415
-0.0010724
0.0018942
0.0017152
0.0050695
0.0144101
0.0250316
0.0302774
0.0291379
0.0275071
0.0312610
0.0388545
0.0422963
0.0359916
0.0235114
0.0143014
0.0138161
0.0179821
0.0176869
0.0078970
-0.0080866
-0.0224823
-0.0300236
-0.0314959
-0.0318622
-0.0357600
-0.0440429
-0.0532679
-0.0581874
-0.0558054
-0.0480151
-0.0399755
-0.0350735
-0.0317304
-0.0262802
-0.0190099
-0.0156328
-0.0213984
-0.0346226
-0.0480378
-0.0568406
-0.0634430
-0.0726580
-0.0833292
-0.0876598
-0.0802951
-0.0664649
-0.0584492
-0.0633652
-0.0762428
-0.0865544
-0.0904117
-0.0940851
-0.1052483
-0.1228724
-0.1375375
-0.1411735
-0.1348271
-0.1264027
-0.1219769
-0.1205333
-0.1170077
-0.1092365
-0.1009813
-0.0982088
-0.1028850
-0.1105018
-0.1135026
-0.1074019
-0.0942592
-0.0804634
-0.0707109
-0.0638349
-0.0548532
-0.0413457
-0.0271605
-0.0188577
-0.0184864
-0.0209846
-0.0196809
-0.0140908
-0.0111208
-0.0178694
-0.0337572
-0.0508162
-0.0619203
-0.0676408
-0.0739677
-0.0837954
-0.0923285
-0.0918759
-0.0805865
-0.0653546
-0.0558706
-0.0563096
-0.0629427
-0.0690409
-0.0711272
-0.0705007
-0.0699530
-0.0703618
-0.0706015
-0.0697116
-0.0682822
-0.0678838
-0.0696562
-0.0733559
-0.0773975
-0.0800274
-0.0809996
-0.0818595
-0.0835117
-0.0831207
-0.0747644
-0.0551255
-0.0289347
-0.0070236
0.0029342
0.0035622
0.0038627
0.0075418
0.0073238
-0.0064550
-0.0315829
-0.0504478
-0.0411642
0.0107391
0.1138950
0.2799636
0.5202079
0.8235344
1.1370423
1.3771976
1.4728972
1.4075250
1.2241790
0.9918927
0.7652849
0.5695933
0.4119180
0.2950574
0.2173860
0.1661797
0.1208719
0.0678741
0.0113291
-0.0331043
-0.0554208
-0.0613723
-0.0659047
-0.0784809
-0.0960982
-0.1096732
-0.1149728
-0.1162301
-0.1201333
-0.1279691
-0.1342188
-0.1323209
-0.1213171
-0.1069185
-0.0963025
-0.0919715
-0.0907287
-0.0885267
-0.0857455
-0.0868162
-0.0941606
-0.1031228
-0.1044784
-0.0933290
-0.0753437
-0.0625354
-0.0614463
-0.0659129
-0.0631181
-0.0474325
-0.0270610
-0.0155617
-0.0171018
-0.0218511
-0.0168902
-0.0004785
0.0164115
0.0228899
0.0204940
0.0210786
0.0332334
0.0533062
0.0709979
0.0820319
0.0926726
0.1113913
0.1381454
0.1636346
0.1786374
0.1825200
0.1822774
0.1846279
0.1902549
0.1951371
0.1956778
0.1916850
0.1853833
0.1789627
0.1730895
0.1666385
0.1574341
0.1442353
0.1288542
0.1155769
0.1070065
0.1003858
0.0898021
0.0736456
0.0592017
0.0572797
0.0704386
0.0873510
0.0913562
0.0761401
0.0522949
0.0370232
0.0373007
0.0441855
0.0438634
0.0329556
0.0217647
0.0230397
0.0391671
0.0608517
0.0768713
0.0833911
0.0840092
0.0830133
0.0806255
0.0745763
0.0644351
0.0531864
0.0449707
0.0419175
0.0426575
0.0429331
0.0378764
0.0252757
0.0078635
-0.0080166
-0.0174673
-0.0216397
-0.0268511
-0.0381434
-0.0534246
-0.0646589
-0.0656686
-0.0589255
-0.0542039
-0.0599962
-0.0758417
-0.0928091
-0.1015496
-0.1004030
-0.0962514
-0.0975613
-0.1061837
-0.1156236
-0.1174104
-0.1093758
-0.0977667
-0.0913193
-0.0934313
-0.1000855
-0.1048693
-0.1052968
-0.1041102
-0.1052043
-0.1093303
-0.1140744
-0.1173321
-0.1199211
-0.1245950
-0.1328697
-0.1430484
-0.1513134
-0.1549499
-0.1549852
-0.1556806
-0.1606291
-0.1686342
-0.1738309
-0.1710319
-0.1614995
-0.1527985
-0.1520171
-0.1589786
-0.1666250
-0.1682655
-0.1640277
-0.1599586
-0.1613815
-0.1678364
-0.1741460
-0.1752081
-0.1694229
-0.1589556
-0.1484485
-0.1432620
-0.1467619
-0.1575834
-0.1700190
-0.1786649
-0.1831621
-0.1874621
-0.1939704
-0.1995561
-0.1987710
-0.1906916
-0.1807086
-0.1745702
-0.1720104
-0.1681304
-0.1605600
-0.1525279
-0.1474665
-0.1429283
-0.1335553
-0.1205634
-0.1143977
-0.1234805
-0.1391686
-0.1335969
-0.0737126
0.0623512
0.2797840
0.5689276
0.9017752
1.2233864
1.4564386
1.5319518
1.4301880
1.1960694
0.9111743
0.6447018
0.4250011
0.2497716
0.1136766
0.0203761
-0.0287690
-0.0480445
-0.0623178
-0.0885233
-0.1251407
-0.1600693
-0.1855657
-0.2036895
-0.2200373
-0.2365841
-0.2513733
-0.2619834
-0.2669971
-0.2658676
-0.2605236
-0.2570772
-0.2625438
-0.2773670
-0.2924540
-0.2965907
-0.2877788
-0.2758495
-0.2729501
-0.2824283
-0.2978769
-0.3115147
-0.3210195
-0.3282152
-0.3340426
-0.3370440
-0.3355201
-0.3285053
-0.3145617
-0.2924481
-0.2648448
-0.2396536
-0.2243940
-0.2185587
-0.2136071
-0.2020797
-0.1855465
-0.1716670
-0.1639755
-0.1571935
-0.1437694
-0.1231223
-0.1021432
-0.0870842
-0.0773710
-0.0681375
-0.0567975
-0.0452911
-0.0370184
-0.0341319
-0.0379921
-0.0492810
-0.0652065
-0.0780772
-0.0806440
-0.0748056
-0.0728618
-0.0866504
-0.1145342
-0.1411631
-0.1520069
-0.1477536
-0.1429343
-0.1502278
-0.1674366
-0.1806331
-0.1790567
-0.1654216
-0.1516957
-0.1465133
-0.1480270
-0.1482949
-0.1425688
-0.1332196
-0.1256558
-0.1222819
-0.1209999
-0.1184507
-0.1134712
-0.1075828
-0.1033542
-0.1028922
-0.1070425
-0.1146963
-0.1226571
-0.1274021
-0.1282321
-0.1286022
-0.1331704
-0.1427325
-0.1524838
-0.1561961
-0.1524135
-0.1461525
-0.1442574
-0.1492938
-0.1580123
-0.1651132
-0.1677682
-0.1667414
-0.1643951
-0.1625625
-0.1619078
-0.1620805
-0.1619752
-0.1605666
-0.1582304
-0.1568222
-0.1574960
-0.1585585
-0.1568755
-0.1523758
-0.1502596
-0.1567740
-0.1718970
-0.1872193
-0.1926935
-0.1860847
-0.1752962
-0.1709902
-0.1770677
-0.1883364
-0.1966447
-0.1983765
-0.1961894
-0.1947957
-0.1961297
-0.1983594
-0.1984980
-0.1952765
-0.1896895
-0.1833936
-0.1770927
-0.1706726
-0.1646755
-0.1609445
-0.1611043
-0.1644223
-0.1679815
-0.1695814
-0.1700270
-0.1716305
-0.1744905
-0.1755173
-0.1721035
-0.1660513
-0.1622915
-0.1633622
-0.1665794
-0.1679736
-0.1683532
-0.1735140
-0.1875288
-0.2067973
-0.2220407
-0.2263047
-0.2205470
-0.2118010
-0.2069674
-0.2083037
-0.2130338
-0.2156091
-0.2110947
-0.1988726
-0.1842122
-0.1745461
-0.1719266
-0.1693244
-0.1568031
-0.1328229
-0.1080082
-0.0953146
-0.0962257
-0.0987888
-0.0907440
-0.0732868
-0.0595233
-0.0592734
-0.0680337
-0.0730744
-0.0692850
