-0.0144537
-0.2301368
-0.0432498
0.0681641
0.0164414
0.0856352
0.3643175
0.6627218
0.9073181
1.2036630
1.5203969
1.6536658
1.5287309
1.2753319
0.9983370
0.6999392
0.4221165
0.2527479
0.1813020
0.1172558
0.0439243
0.0099581
-0.0010805
-0.0485969
-0.1133934
-0.1310957
-0.1158339
-0.1312423
-0.1728348
-0.1883890
-0.1792813
-0.1834218
-0.1953589
-0.1902249
-0.1862813
-0.2075153
-0.2289534
-0.2256739
-0.2254615
-0.2520500
-0.2711588
-0.2509916
-0.2216412
-0.2212202
-0.2362153
-0.2411562
-0.2434168
-0.2484842
-0.2353268
-0.2019737
-0.1826020
-0.1897272
-0.1913474
-0.1685343
-0.1434296
-0.1320710
-0.1214404
-0.1065647
-0.0990029
-0.0902626
-0.0583608
-0.0151876
0.0040906
0.0004637
0.0097104
0.0426981
0.0755541
0.0962001
0.1146454
0.1322108
0.1430001
0.1575319
0.1857936
0.2091674
0.2057437
0.1873573
0.1770559
0.1699881
0.1505512
0.1257787
0.1081088
0.0879289
0.0547667
0.0223678
0.0039792
-0.0131125
-0.0426048
-0.0737383
-0.0933710
-0.1076892
-0.1227005
-0.1302212
-0.1299914
-0.1380214
-0.1590213
-0.1783595
-0.1910428
-0.2082453
-0.2273921
-0.2287438
-0.2103731
-0.1950142
-0.1944160
-0.1959459
-0.1892276
-0.1780346
-0.1638891
-0.1449874
-0.1303737
-0.1286067
-0.1260781
-0.1031320
-0.0665545
-0.0407950
-0.0339515
-0.0357814
-0.0389645
-0.0390543
-0.0263186
-0.0017904
0.0119394
-0.0004806
-0.0210636
-0.0232201
-0.0088671
-0.0006786
-0.0111370
-0.0367302
-0.0682352
-0.0920083
-0.0970635
-0.0930207
-0.1033004
-0.1309586
-0.1520352
-0.1517938
-0.1444828
-0.1469201
-0.1552510
-0.1588610
-0.1571903
-0.1537508
-0.1512674
-0.1573952
-0.1768749
-0.1963484
-0.1964638
-0.1790359
-0.1625410
-0.1532062
-0.1419664
-0.1270338
-0.1169079
-0.1124705
-0.1062770
-0.0973816
-0.0894049
-0.0791351
-0.0642045
-0.0551409
-0.0626934
-0.0803047
-0.0942325
-0.1023511
-0.1096784
-0.1166829
-0.1250837
-0.1420895
-0.1656693
-0.1794836
-0.1751769
-0.1651324
-0.1610568
-0.1560945
-0.1420874
-0.1301242
-0.1388951
-0.1703921
-0.2038639
-0.2039424
-0.1331950
0.0274268
0.2650259
0.5507370
0.8626089
1.1723849
1.4157546
1.5095607
1.4153793
1.1752729
0.8807208
0.6154773
0.4208773
0.2917567
0.1969786
0.1136880
0.0441416
-0.0034284
-0.0376160
-0.0737745
-0.1119226
-0.1416115
-0.1614679
-0.1785567
-0.1951909
-0.2102169
-0.2262503
-0.2433204
-0.2534143
-0.2527524
-0.2509187
-0.2575725
-0.2690744
-0.2767203
-0.2777952
-0.2709940
-0.2530251
-0.2279283
-0.2082536
-0.1996581
-0.1950318
-0.1888303
-0.1852941
-0.1880981
-0.1936746
-0.1978929
-0.1980154
-0.1880300
-0.1659305
-0.1452581
-0.1433907
-0.1567223
-0.1624144
-0.1471093
-0.1211361
-0.1029748
-0.1008139
-0.1091382
-0.1134639
-0.1003483
-0.0715213
-0.0439966
-0.0286938
-0.0172331
0.0007901
0.0186503
0.0244212
0.0229978
0.0306210
0.0521315
0.0763066
0.0906872
0.0923145
0.0876171
0.0868584
0.0924305
0.0899978
0.0618745
0.0131468
-0.0278225
-0.0406468
-0.0334180
-0.0272615
-0.0324475
-0.0450749
-0.0558710
-0.0566634
-0.0477138
-0.0420613
-0.0529781
-0.0751848
-0.0885234
-0.0815551
-0.0621046
-0.0448800
-0.0386974
-0.0447837
-0.0572932
-0.0663456
-0.0690311
-0.0740387
-0.0869021
-0.0969615
-0.0905322
-0.0718713
-0.0587369
-0.0602626
-0.0696461
-0.0756100
-0.0722503
-0.0611088
-0.0507141
-0.0496875
-0.0551062
-0.0544396
-0.0438356
-0.0355852
-0.0414834
-0.0579459
-0.0740411
-0.0852802
-0.0927178
-0.0963130
-0.0953143
-0.0891975
-0.0756067
-0.0548777
-0.0372249
-0.0350286
-0.0460700
-0.0548280
-0.0526736
-0.0469786
-0.0483880
-0.0585512
-0.0720779
-0.0821509
-0.0835685
-0.0779446
-0.0751988
-0.0827418
-0.0956538
-0.1048095
-0.1103179
-0.1181482
-0.1280380
-0.1344669
-0.1358573
-0.1336110
-0.1256418
-0.1096299
-0.0898350
-0.0738550
-0.0660426
-0.0684231
-0.0807120
-0.0917225
-0.0754205
-0.0016318
0.1512159
0.3906722
0.7019823
1.0363390
1.3174770
1.4738098
1.4701734
1.3168900
1.0621815
0.7769533
0.5286358
0.3520830
0.2413044
0.1679560
0.1053860
0.0414962
-0.0190524
-0.0634451
-0.0888279
-0.1105089
-0.1442009
-0.1836032
-0.2071882
-0.2067896
-0.1984861
-0.2031558
-0.2240085
-0.2452129
-0.2484766
-0.2318748
-0.2149169
-0.2204514
-0.2480102
-0.2717282
-0.2696171
-0.2471945
-0.2258877
-0.2167827
-0.2151123
-0.2141662
-0.2138389
-0.2168055
-0.2226272
-0.2252341
-0.2154075
-0.1904943
-0.1620212
-0.1460703
-0.1443191
-0.1426197
-0.1304792
-0.1133851
-0.1027419
-0.1014231
-0.1026702
-0.0970234
-0.0783072
-0.0486314
-0.0183797
0.0041134
0.0218289
0.0420193
0.0627816
0.0753532
0.0785488
0.0820681
0.0947557
0.1157216
0.1365285
0.1473059
0.1432755
0.1304889
0.1217138
0.1212546
0.1179857
0.0991655
0.0668128
0.0345306
0.0123675
0.0003636
-0.0073326
-0.0174708
-0.0330331
-0.0492482
-0.0581423
-0.0598287
-0.0640492
-0.0778926
-0.0977204
-0.1153521
-0.1255532
-0.1252919
-0.1135428
-0.0960628
-0.0844816
-0.0866153
-0.1006077
-0.1184299
-0.1303090
-0.1275998
-0.1093624
-0.0866704
-0.0734249
-0.0720095
-0.0733372
-0.0700806
-0.0637185
-0.0594771
-0.0602480
-0.0646500
-0.0665665
-0.0593408
-0.0454225
-0.0378854
-0.0458512
-0.0615953
-0.0688391
-0.0617865
-0.0503437
-0.0480912
-0.0588891
-0.0730814
-0.0749167
-0.0582144
-0.0367189
-0.0326078
-0.0512674
-0.0737971
-0.0788277
-0.0661373
-0.0541565
-0.0586009
-0.0773385
-0.0929409
-0.0883872
-0.0641996
-0.0405847
-0.0377567
-0.0542634
-0.0704191
-0.0723827
-0.0655052
-0.0634405
-0.0717292
-0.0846634
-0.0932883
-0.0944877
-0.0946100
-0.1030003
-0.1194846
-0.1323077
-0.1331539
-0.1292434
-0.1331211
-0.1438290
-0.1468001
-0.1321580
-0.1067783
-0.0875057
-0.0854970
-0.0960530
-0.1020736
-0.0909325
-0.0700123
-0.0607759
-0.0744450
-0.0984373
-0.1101973
-0.0997011
-0.0752688
-0.0524988
-0.0414981
-0.0410822
-0.0422773
-0.0399642
-0.0407161
-0.0532156
-0.0696690
-0.0625319
-0.0014124
0.1311089
0.3382508
0.6113018
0.9235864
1.2231191
1.4381836
1.5014558
1.3856571
1.1286933
0.8206186
0.5516452
0.3626023
0.2407809
0.1552807
0.0888284
0.0402346
0.0090868
-0.0147144
-0.0465991
-0.0925818
-0.1393642
-0.1642505
-0.1586141
-0.1381451
-0.1268313
-0.1346048
-0.1533635
-0.1696292
-0.1765362
-0.1773301
-0.1816704
-0.1961827
-0.2160604
-0.2287295
-0.2271576
-0.2158186
-0.2027708
-0.1910135
-0.1794912
-0.1677846
-0.1573292
-0.1510510
-0.1523700
-0.1611134
-0.1709221
-0.1749539
-0.1733306
-0.1704017
-0.1663677
-0.1578413
-0.1461287
-0.1383445
-0.1389059
-0.1442312
-0.1466171
-0.1404344
-0.1252297
-0.1057329
-0.0877848
-0.0721463
-0.0546678
-0.0344030
-0.0173155
-0.0085787
-0.0053454
-0.0011309
0.0065422
0.0171268
0.0318711
0.0524593
0.0764770
0.0976555
0.1096175
0.1087726
0.0970698
0.0830543
0.0757275
0.0750180
0.0717387
0.0586745
0.0387230
0.0215270
0.0154531
0.0223812
0.0354833
0.0418760
0.0326830
0.0119664
-0.0076574
-0.0182183
-0.0218243
-0.0243302
-0.0286637
-0.0344069
-0.0396849
-0.0431380
-0.0467405
-0.0552597
-0.0695284
-0.0819017
-0.0823243
-0.0683891
-0.0473927
-0.0303190
-0.0249492
-0.0305044
-0.0360153
-0.0285550
-0.0077530
0.0110611
0.0128264
-0.0001727
-0.0110094
-0.0064143
0.0105412
0.0250370
0.0260407
0.0177649
0.0148383
0.0240810
0.0337926
0.0266824
0.0021547
-0.0216632
-0.0295442
-0.0261406
-0.0282550
-0.0450820
-0.0698669
-0.0886121
-0.0941888
-0.0923038
-0.0939650
-0.1022998
-0.1096646
-0.1094291
-0.1060764
-0.1087588
-0.1178938
-0.1241383
-0.1196383
-0.1052290
-0.0869635
-0.0700642
-0.0567635
-0.0470271
-0.0405172
-0.0381593
-0.0402918
-0.0434984
-0.0431460
-0.0400147
-0.0395153
-0.0420523
-0.0395521
-0.0260963
-0.0085731
-0.0017229
-0.0131194
-0.0354109
-0.0529524
-0.0558079
-0.0488981
-0.0469643
-0.0581687
-0.0740693
-0.0797772
-0.0727194
-0.0656528
-0.0706346
-0.0856009
-0.0988190
-0.1024292
-0.0990602
-0.0973175
-0.1024365
-0.1107522
-0.1137657
-0.1081522
-0.0993882
-0.0940383
-0.0920923
-0.0900233
-0.0875892
-0.0866549
-0.0856337
-0.0805397
-0.0712250
-0.0626089
-0.0593087
-0.0608867
-0.0618008
-0.0554314
-0.0406633
-0.0256559
-0.0215324
-0.0297177
-0.0384204
-0.0349615
-0.0203940
-0.0096250
-0.0168123
-0.0394787
-0.0544398
-0.0298145
0.0558871
0.2059539
0.4160164
0.6840799
0.9978524
1.3100866
1.5386397
1.6060394
1.4884292
1.2313469
0.9206594
0.6340568
0.4093318
0.2471234
0.1351178
0.0649789
0.0289833
0.0111159
-0.0089552
-0.0425570
-0.0858086
-0.1256441
-0.1500373
-0.1556376
-0.1501112
-0.1463458
-0.1512137
-0.1604322
-0.1659923
-0.1666054
-0.1683949
-0.1768074
-0.1900956
-0.2000323
-0.1984425
-0.1850373
-0.1694761
-0.1631783
-0.1681065
-0.1757805
-0.1775687
-0.1730940
-0.1683407
-0.1690171
-0.1765470
-0.1871157
-0.1933581
-0.1898207
-0.1781337
-0.1650449
-0.1551438
-0.1474605
-0.1388348
-0.1282123
-0.1176586
-0.1106710
-0.1082528
-0.1048650
-0.0907756
-0.0621975
-0.0279869
-0.0026009
0.0076051
0.0088942
0.0119308
0.0214730
0.0336198
0.0413751
0.0432270
0.0464810
0.0600010
0.0829307
0.1036129
0.1114716
0.1073860
0.1004719
0.0972025
0.0960056
0.0907135
0.0772077
0.0576369
0.0389904
0.0263716
0.0177250
0.0070570
-0.0075391
-0.0215247
-0.0290335
-0.0274569
-0.0177966
-0.0046990
0.0034428
-0.0009726
-0.0172306
-0.0349506
-0.0422478
-0.0355875
-0.0222298
-0.0135080
-0.0143077
-0.0182290
-0.0151382
-0.0046185
0.0014973
-0.0068753
-0.0242439
-0.0341814
-0.0273719
-0.0117387
-0.0041822
-0.0137988
-0.0329562
-0.0440559
-0.0362245
-0.0162746
-0.0019931
-0.0041638
-0.0168872
-0.0255539
-0.0214307
-0.0078269
0.0043669
0.0049429
-0.0090820
-0.0319036
-0.0539203
-0.0692909
-0.0787827
-0.0865383
-0.0959953
-0.1079829
-0.1199528
-0.1271535
-0.1269715
-0.1218761
-0.1157831
-0.1082700
-0.0955072
-0.0769023
-0.0578158
-0.0448604
-0.0401608
-0.0402583
-0.0390927
-0.0324143
-0.0210805
-0.0102982
-0.0050469
-0.0066658
-0.0135003
-0.0223995
-0.0288102
-0.0285191
-0.0216866
-0.0133827
-0.0083133
-0.0067564
-0.0071386
-0.0100476
-0.0168933
-0.0258856
-0.0321996
-0.0327660
-0.0302924
-0.0322504
-0.0446576
-0.0652350
-0.0837546
-0.0918992
-0.0925437
-0.0963707
-0.1091216
-0.1253831
-0.1361740
-0.1402555
-0.1462134
-0.1640333
-0.1947270
-0.2272383
-0.2461277
-0.2442346
-0.2283186
-0.2117879
-0.2023805
-0.1968715
-0.1854639
-0.1600789
-0.1211492
-0.0791416
-0.0476296
-0.0316581
-0.0235943
-0.0128439
0.0013513
0.0096924
0.0051808
-0.0072319
-0.0148601
-0.0101695
0.0021350
0.0116791
0.0148974
0.0177322
0.0245419
0.0288306
0.0213320
0.0072131
0.0096441
0.0548823
0.1588782
0.3297065
0.5726146
0.8776815
1.1968267
1.4419612
1.5237581
1.4090555
1.1477785
0.8409695
0.5752595
0.3807690
0.2422724
0.1378272
0.0595592
0.0048942
-0.0362095
-0.0766500
-0.1187772
-0.1526724
-0.1694338
-0.1732072
-0.1774051
-0.1895731
-0.2032147
-0.2068772
-0.1992562
-0.1910871
-0.1918885
-0.1992641
-0.2035816
-0.1999775
-0.1925506
-0.1884782
-0.1911237
-0.1983594
-0.2050600
-0.2067784
-0.2024008
-0.1941650
-0.1854713
-0.1789069
-0.1756601
-0.1755961
-0.1778328
-0.1817171
-0.1863810
-0.1886792
-0.1837321
-0.1701915
-0.1537674
-0.1420166
-0.1352650
-0.1256615
-0.1064926
-0.0804946
-0.0573517
-0.0435678
-0.0358319
-0.0248203
-0.0058116
0.0150935
0.0270190
0.0269595
0.0243066
0.0313483
0.0509366
0.0754041
0.0962444
0.1121548
0.1273511
0.1439032
0.1572094
0.1595947
0.1484298
0.1296242
0.1117494
0.0975311
0.0833373
0.0665966
0.0502998
0.0386619
0.0309194
0.0220792
0.0091213
-0.0056266
-0.0178154
-0.0268695
-0.0371641
-0.0520638
-0.0668114
-0.0699897
-0.0548977
-0.0290094
-0.0093570
-0.0073283
-0.0188875
-0.0300710
-0.0312770
-0.0259052
-0.0252964
-0.0351235
-0.0473371
-0.0475881
-0.0316925
-0.0127054
-0.0089998
-0.0254547
-0.0482999
-0.0589766
-0.0520565
-0.0390838
-0.0353195
-0.0435098
-0.0517604
-0.0478930
-0.0341648
-0.0250665
-0.0306411
-0.0452227
-0.0545358
-0.0518544
-0.0443961
-0.0439647
-0.0534343
-0.0637113
-0.0636434
-0.0516645
-0.0364745
-0.0266346
-0.0218698
-0.0161356
-0.0071872
0.0001734
0.0003160
-0.0066015
-0.0152810
-0.0206503
-0.0211857
-0.0180497
-0.0129220
-0.0075404
-0.0048443
-0.0088865
-0.0216389
-0.0394617
-0.0543192
-0.0598800
-0.0562810
-0.0489739
-0.0443252
-0.0467759
-0.0579290
-0.0757429
-0.0947401
-0.1089799
-0.1159876
-0.1179334
-0.1192204
-0.1229020
-0.1286407
-0.1334937
-0.1348128
-0.1324541
-0.1279710
-0.1222089
-0.1148161
-0.1061382
-0.0983908
-0.0941241
-0.0934297
-0.0924302
-0.0848156
-0.0668838
-0.0431041
-0.0256534
-0.0246824
-0.0360084
-0.0376727
0.0010521
0.1058825
0.2880907
0.5407308
0.8363568
1.1255614
1.3429759
1.4277213
1.3534502
1.1479774
0.8825275
0.6328810
0.4402845
0.3014634
0.1911177
0.0928281
0.0111819
-0.0410172
-0.0630918
-0.0721422
-0.0885793
-0.1175751
-0.1463969
-0.1598505
-0.1566562
-0.1499748
-0.1532643
-0.1671467
-0.1800163
-0.1804933
-0.1687472
-0.1557597
-0.1520789
-0.1581449
-0.1657613
-0.1676121
-0.1636708
-0.1586134
-0.1550963
-0.1511054
-0.1435688
-0.1333526
-0.1257379
-0.1256039
-0.1325502
-0.1416657
-0.1491729
-0.1559917
-0.1646591
-0.1735951
-0.1763453
-0.1674147
-0.1483727
-0.1273401
-0.1117956
-0.1015708
-0.0892987
-0.0684940
-0.0410942
-0.0159703
0.0004665
0.0111997
0.0252109
0.0475329
0.0736580
0.0940318
0.1034627
0.1055009
0.1075871
0.1126837
0.1167454
0.1146266
0.1072226
0.1012878
0.1021027
0.1073051
0.1084240
0.0981280
0.0759311
0.0475272
0.0192474
-0.0066591
-0.0314748
-0.0553589
-0.0743365
-0.0829599
-0.0800814
-0.0712479
-0.0646148
-0.0641177
-0.0665684
-0.0655780
-0.0585027
-0.0493629
-0.0444759
-0.0452290
-0.0459419
-0.0396222
-0.0258089
-0.0121855
-0.0080356
-0.0159275
-0.0297065
-0.0404805
-0.0442725
-0.0435205
-0.0415543
-0.0372832
-0.0270265
-0.0113901
0.0019238
0.0043300
-0.0044463
-0.0148918
-0.0168206
-0.0100459
-0.0049390
-0.0113693
-0.0270414
-0.0376590
-0.0296376
-0.0032519
0.0265250
0.0422317
0.0376687
0.0209791
0.0054784
-0.0021265
-0.0051497
-0.0102280
-0.0190494
-0.0277265
-0.0335099
-0.0396977
-0.0519743
-0.0704583
-0.0879773
-0.0980748
