1.2426765
1.6199436
1.5951865
1.4690827
1.3471279
1.1074528
0.7599531
0.4829296
0.3343757
0.2085382
0.0701838
-0.0027580
-0.0054567
-0.0289454
-0.0926480
-0.1264967
-0.1191717
-0.1326851
-0.1741367
-0.1886733
-0.1739864
-0.1826014
-0.2198167
-0.2434346
-0.2494620
-0.2656263
-0.2815301
-0.2695139
-0.2487943
-0.2523628
-0.2607862
-0.2395509
-0.2080272
-0.2046523
-0.2183071
-0.2155605
-0.2012588
-0.1971006
-0.1955118
-0.1834881
-0.1758803
-0.1826265
-0.1810137
-0.1575853
-0.1377466
-0.1406753
-0.1454544
-0.1312622
-0.1105798
-0.0974064
-0.0832879
-0.0660889
-0.0615443
-0.0681224
-0.0607281
-0.0341850
-0.0139473
-0.0126371
-0.0139884
-0.0068337
0.0028186
0.0169700
0.0448998
0.0760162
0.0902478
0.0943788
0.1124487
0.1434837
0.1633847
0.1637382
0.1559996
0.1442688
0.1250966
0.1057599
0.0939587
0.0797045
0.0531982
0.0271176
0.0167699
0.0140004
0.0039342
-0.0102155
-0.0209906
-0.0354957
-0.0585117
-0.0765560
-0.0796250
-0.0801443
-0.0922905
-0.1111344
-0.1270498
-0.1409742
-0.1529204
-0.1561690
-0.1534688
-0.1578378
-0.1690525
-0.1713162
-0.1605098
-0.1507589
-0.1487921
-0.1450127
-0.1342388
-0.1225655
-0.1107315
-0.0927275
-0.0724160
-0.0605485
-0.0557804
-0.0488212
-0.0425275
-0.0472586
-0.0598733
-0.0671001
-0.0654541
-0.0601739
-0.0513718
-0.0386697
-0.0310862
-0.0350822
-0.0417895
-0.0418457
-0.0422811
-0.0535157
-0.0712140
-0.0856491
-0.0970889
-0.1085371
-0.1159188
-0.1178182
-0.1219379
-0.1310201
-0.1359780
-0.1324704
-0.1298155
-0.1345853
-0.1395194
-0.1361817
-0.1250503
-0.1084511
-0.0884081
-0.0745219
-0.0773143
-0.0903662
-0.0952535
-0.0869642
-0.0791280
-0.0829601
-0.0962420
-0.1128464
-0.1276807
-0.1331058
-0.1256052
-0.1147784
-0.1122758
-0.1151488
-0.1132081
-0.1075072
-0.1074293
-0.1145415
-0.1225931
-0.1283581
-0.1311934
-0.1286664
-0.1227550
-0.1214883
-0.1244565
-0.1176396
-0.0942780
-0.0704232
-0.0670362
-0.0836741
-0.0983504
-0.0845849
-0.0210292
0.1061000
0.3011610
0.5621164
0.8798509
1.2177230
1.4935391
1.6095607
1.5211163
1.2731192
0.9655824
0.6881474
0.4805997
0.3342110
0.2197753
0.1209857
0.0449329
-0.0006306
-0.0298150
-0.0652390
-0.1090031
-0.1433553
-0.1578035
-0.1608633
-0.1659522
-0.1783545
-0.1956615
-0.2112542
-0.2189375
-0.2212233
-0.2283936
-0.2429439
-0.2526069
-0.2467057
-0.2312632
-0.2194974
-0.2154704
-0.2152213
-0.2155657
-0.2135762
-0.2053775
-0.1929435
-0.1845789
-0.1827616
-0.1794600
-0.1682408
-0.1524429
-0.1373755
-0.1234420
-0.1104918
-0.1000230
-0.0902751
-0.0775155
-0.0630814
-0.0501442
-0.0343022
-0.0083806
0.0236888
0.0492957
0.0641229
0.0763565
0.0936131
0.1150378
0.1361343
0.1531103
0.1637187
0.1710441
0.1832541
0.2021750
0.2166060
0.2149885
0.2000033
0.1828423
0.1682799
0.1531315
0.1340201
0.1092973
0.0788424
0.0484900
0.0283339
0.0202188
0.0132041
-0.0028689
-0.0257818
-0.0474716
-0.0645620
-0.0773651
-0.0854761
-0.0891448
-0.0894568
-0.0849857
-0.0746310
-0.0639618
-0.0602393
-0.0608639
-0.0563067
-0.0452089
-0.0365742
-0.0354846
-0.0361222
-0.0311148
-0.0201133
-0.0078583
-0.0000672
-0.0006802
-0.0071486
-0.0105159
-0.0062145
-0.0011775
-0.0034772
-0.0094321
-0.0089634
0.0002156
0.0116252
0.0196216
0.0228297
0.0216036
0.0183803
0.0168124
0.0154981
0.0074535
-0.0094344
-0.0271224
-0.0374591
-0.0419742
-0.0474354
-0.0575054
-0.0725304
-0.0914011
-0.1099590
-0.1230953
-0.1306866
-0.1357331
-0.1363192
-0.1274600
-0.1119000
-0.1001169
-0.0971081
-0.0968556
-0.0921576
-0.0830661
-0.0736720
-0.0663867
-0.0606387
-0.0530032
-0.0398579
-0.0242525
-0.0165669
-0.0222245
-0.0327156
-0.0360431
-0.0322847
-0.0309302
-0.0362147
-0.0436671
-0.0493996
-0.0551535
-0.0643391
-0.0776546
-0.0914504
-0.0983845
-0.0938999
-0.0843475
-0.0827525
-0.0933278
-0.1065790
-0.1131945
-0.1155597
-0.1208925
-0.1297496
-0.1369213
-0.1388946
-0.1358843
-0.1299749
-0.1237302
-0.1173036
-0.1068209
-0.0903568
-0.0743033
-0.0670120
-0.0668871
-0.0646021
-0.0571833
-0.0517432
-0.0539052
-0.0597345
-0.0614158
-0.0562292
-0.0489394
-0.0483081
-0.0595767
-0.0770796
-0.0877674
-0.0863034
-0.0821435
-0.0862978
-0.0962778
-0.1013853
-0.0988221
-0.0963657
-0.1007417
-0.1101192
-0.1179649
-0.1203302
-0.1197266
-0.1228256
-0.1315828
-0.1370470
-0.1280654
-0.1070865
-0.0898036
-0.0864108
-0.0906267
-0.0910732
-0.0864804
-0.0843170
-0.0890650
-0.0967570
-0.0991752
-0.0917500
-0.0792900
-0.0729110
-0.0777399
-0.0860242
-0.0878860
-0.0861641
-0.0927595
-0.1110052
-0.1295832
-0.1352742
-0.1262176
-0.1118980
-0.1043438
-0.1089608
-0.1201865
-0.1271113
-0.1260064
-0.1242329
-0.1286150
-0.1346977
-0.1328816
-0.1215994
-0.1087601
-0.1024219
-0.1044322
-0.1109802
-0.1158244
-0.1151321
-0.1112660
-0.1089377
-0.1072004
-0.1007886
-0.0907115
-0.0863117
-0.0928303
-0.1026575
-0.1037825
-0.0935514
-0.0804393
-0.0742485
-0.0762844
-0.0778119
-0.0692356
-0.0533441
-0.0461483
-0.0588958
-0.0819823
-0.0944075
-0.0882761
-0.0757168
-0.0705083
-0.0707867
-0.0641485
-0.0461061
-0.0294235
-0.0334307
-0.0614274
-0.0877451
-0.0711493
0.0166349
0.1789315
0.4083845
0.6982994
1.0261893
1.3305845
1.5219072
1.5315089
1.3587644
1.0754503
0.7826049
0.5521048
0.3971430
0.2908829
0.2072756
0.1402996
0.0911252
0.0524214
0.0126446
-0.0312583
-0.0728399
-0.1057558
-0.1305767
-0.1533987
-0.1792486
-0.2056472
-0.2236540
-0.2282845
-0.2264202
-0.2301531
-0.2434530
-0.2599399
-0.2725199
-0.2799887
-0.2846870
-0.2886059
-0.2919852
-0.2924490
-0.2867183
-0.2763338
-0.2690919
-0.2702286
-0.2740987
-0.2694501
-0.2522370
-0.2296599
-0.2121979
-0.2037641
-0.1980753
-0.1833156
-0.1531974
-0.1148241
-0.0821005
-0.0601367
-0.0407784
-0.0152560
0.0144976
0.0407796
0.0617230
0.0833645
0.1121111
0.1477692
0.1825562
0.2063932
0.2158259
0.2181165
0.2237695
0.2353212
0.2465186
0.2511971
0.2485793
0.2408676
0.2307825
0.2214031
0.2136630
0.2036036
0.1859330
0.1602888
0.1307974
0.1004910
0.0699678
0.0407992
0.0164542
-0.0003430
-0.0093442
-0.0130561
-0.0164231
-0.0232838
-0.0312447
-0.0336271
-0.0289678
-0.0245732
-0.0271639
-0.0334717
-0.0341606
-0.0249548
-0.0108364
-0.0010023
-0.0015856
-0.0110434
-0.0210504
-0.0242148
-0.0219551
-0.0222813
-0.0294248
-0.0387653
-0.0423687
-0.0364817
-0.0238285
-0.0120695
-0.0093119
-0.0165682
-0.0246417
-0.0231418
-0.0132857
-0.0076444
-0.0160822
-0.0349028
-0.0505147
-0.0517614
-0.0392054
-0.0244757
-0.0195475
-0.0248441
-0.0296079
-0.0254443
-0.0160343
-0.0105610
-0.0112722
-0.0122145
-0.0082859
-0.0011952
0.0028726
-0.0012634
-0.0136596
-0.0286369
-0.0395163
-0.0450955
-0.0497178
-0.0567532
-0.0651696
-0.0730760
-0.0806574
-0.0880435
-0.0937246
-0.0966866
-0.0972681
-0.0951322
-0.0897908
-0.0839588
-0.0825858
-0.0868312
-0.0916522
-0.0907879
-0.0826719
-0.0715360
-0.0643055
-0.0651084
-0.0703326
-0.0706130
-0.0607421
-0.0461462
-0.0363820
-0.0338361
-0.0323138
-0.0252365
-0.0115724
0.0048147
0.0173821
0.0188863
0.0054043
-0.0193760
-0.0434033
-0.0482187
-0.0114794
0.0885746
0.2662152
0.5214306
0.8330362
1.1513380
1.4008122
1.5065215
1.4354772
1.2195052
0.9367762
0.6667717
0.4541477
0.3027954
0.1947861
0.1136853
0.0537936
0.0129992
-0.0158701
-0.0418393
-0.0666733
-0.0848345
-0.0928568
-0.0944554
-0.0955871
-0.0979883
-0.0987638
-0.0943558
-0.0848476
-0.0758993
-0.0751353
-0.0842315
-0.0959503
-0.1017702
-0.1012743
-0.1012392
-0.1064659
-0.1142535
-0.1175625
-0.1120893
-0.1011717
-0.0945472
-0.1001318
-0.1157048
-0.1309901
-0.1391886
-0.1436573
-0.1515655
-0.1639474
-0.1745067
-0.1763845
-0.1682344
-0.1549232
-0.1429224
-0.1331932
-0.1186165
-0.0912812
-0.0527148
-0.0137679
0.0166580
0.0402020
0.0655443
0.0985065
0.1362073
0.1693366
0.1903350
0.2009852
0.2110735
0.2274339
0.2453910
0.2534875
0.2456625
0.2263751
0.2050599
0.1883416
0.1765131
0.1644495
0.1461721
0.1207061
0.0931472
0.0687069
0.0470185
0.0238676
-0.0028033
-0.0299885
-0.0513667
-0.0614317
-0.0604404
-0.0563445
-0.0587889
-0.0691349
-0.0787699
-0.0794245
-0.0733500
-0.0711349
-0.0801457
-0.0960596
-0.1054671
-0.0978014
-0.0766446
-0.0581792
-0.0553712
-0.0641288
-0.0685653
-0.0600256
-0.0470686
-0.0452236
-0.0595392
-0.0789917
-0.0871752
-0.0781610
-0.0625831
-0.0575463
-0.0697351
-0.0897091
-0.1034990
-0.1070219
-0.1068270
-0.1095006
-0.1143900
-0.1160083
-0.1103128
-0.0983783
-0.0856649
-0.0774495
-0.0739803
-0.0710785
-0.0662625
-0.0625693
-0.0650006
-0.0744395
-0.0859375
-0.0919037
-0.0873249
-0.0745016
-0.0629806
-0.0616012
-0.0691372
-0.0752189
-0.0719138
-0.0622821
-0.0560082
-0.0581483
-0.0636223
-0.0624264
-0.0503959
-0.0354425
-0.0316945
-0.0453286
-0.0671800
-0.0818514
-0.0834439
-0.0797581
-0.0816016
-0.0908989
-0.0996427
-0.0985046
-0.0862365
-0.0718570
-0.0671058
-0.0754531
-0.0891328
-0.0977981
-0.0986973
-0.0972833
-0.0997480
-0.1068632
-0.1140065
-0.1158603
-0.1121953
-0.1096386
-0.1155621
-0.1289873
-0.1399831
-0.1403265
-0.1333166
-0.1306751
-0.1397649
-0.1549496
-0.1620624
-0.1522335
-0.1318285
-0.1168411
-0.1153926
-0.1179154
-0.1086773
-0.0860582
-0.0659434
-0.0630929
-0.0734322
-0.0788425
-0.0683713
-0.0510553
-0.0456497
-0.0576886
-0.0677302
-0.0426690
0.0432252
0.1998435
0.4274560
0.7173658
1.0365822
1.3170123
1.4757996
1.4608239
1.2840562
1.0138321
0.7336751
0.5006525
0.3303901
0.2102808
0.1216049
0.0517364
-0.0057287
-0.0536768
-0.0925690
-0.1228677
-0.1480784
-0.1727142
-0.1963851
-0.2134335
-0.2206011
-0.2222934
-0.2252809
-0.2294813
-0.2269354
-0.2105579
-0.1828232
-0.1549334
-0.1369672
-0.1291677
-0.1241970
-0.1178069
-0.1142258
-0.1189481
-0.1290504
-0.1349357
-0.1314721
-0.1240535
-0.1228494
-0.1330011
-0.1507283
-0.1671816
-0.1755449
-0.1756914
-0.1727896
-0.1715438
-0.1721854
-0.1716257
-0.1667243
-0.1558899
-0.1393373
-0.1189435
-0.0966565
-0.0725399
-0.0461102
-0.0200398
0.0001673
0.0121124
0.0204989
0.0331559
0.0535566
0.0783510
0.1017731
0.1216595
0.1411204
0.1639664
0.1881075
0.2048919
0.2071227
0.1974184
0.1864704
0.1825245
0.1836742
0.1801771
0.1630191
0.1310678
0.0922398
0.0579422
0.0344856
0.0190437
0.0044325
-0.0125762
-0.0284326
-0.0374229
-0.0378508
-0.0340005
-0.0326778
-0.0371330
-0.0439501
-0.0471471
-0.0458924
-0.0463287
-0.0543593
-0.0680801
-0.0792018
-0.0815073
-0.0768234
-0.0730561
-0.0768441
-0.0873623
-0.0968723
-0.0980640
-0.0909169
-0.0814505
-0.0742537
-0.0682311
-0.0599506
-0.0490540
-0.0391652
-0.0344828
-0.0362185
-0.0416969
-0.0465794
-0.0483821
-0.0476663
-0.0456460
-0.0420412
-0.0366207
-0.0314876
-0.0294255
-0.0301797
-0.0305163
-0.0285093
-0.0265011
-0.0292310
-0.0392580
-0.0537281
-0.0651797
-0.0666525
-0.0575730
-0.0447893
-0.0372980
-0.0397286
-0.0500117
-0.0616404
-0.0682586
-0.0685356
-0.0679242
-0.0739021
-0.0877900
-0.1023572
-0.1091876
-0.1079263
-0.1067854
-0.1137042
-0.1277131
-0.1395469
-0.1410952
-0.1338769
-0.1266251
-0.1237270
-0.1183231
-0.0999803
-0.0688891
-0.0391628
-0.0263770
-0.0330888
-0.0476679
-0.0564825
-0.0562646
-0.0548619
-0.0607811
-0.0729895
-0.0819239
-0.0801981
-0.0704547
-0.0617907
-0.0602176
-0.0644627
-0.0700946
-0.0753506
-0.0822845
-0.0932061
-0.1067370
-0.1178655
-0.1226788
-0.1229136
-0.1243695
-0.1302532
-0.1375559
-0.1411239
-0.1401637
-0.1390847
-0.1419314
-0.1469761
-0.1474895
-0.1384109
-0.1225472
-0.1092273
-0.1054286
-0.1084705
-0.1089084
-0.1006982
-0.0871475
-0.0766771
-0.0741426
-0.0768932
-0.0783079
-0.0744324
-0.0674882
-0.0632150
-0.0648915
-0.0705422
-0.0762667
-0.0811568
-0.0876906
-0.0978157
-0.1099722
-0.1201082
-0.1251201
-0.1256624
-0.1260517
-0.1306191
-0.1391934
-0.1466607
-0.1479959
-0.1436144
-0.1390087
-0.1389153
-0.1419467
-0.1410199
-0.1297424
-0.1093593
-0.0890500
-0.0778784
-0.0761967
-0.0763021
-0.0717143
-0.0638462
-0.0584025
-0.0570207
-0.0550971
-0.0482499
-0.0390558
-0.0354017
-0.0417395
-0.0534075
-0.0614808
-0.0630743
-0.0643814
-0.0721794
-0.0846186
-0.0934327
-0.0945857
-0.0932740
-0.0970666
-0.1063926
-0.1141757
-0.1143823
-0.1087936
-0.1042902
-0.1044496
-0.1056033
-0.1016215
-0.0909330
-0.0772956
-0.0650277
-0.0564840
-0.0542012
-0.0611924
-0.0749795
-0.0812789
-0.0557144
0.0273132
0.1864987
0.4292624
0.7461293
1.1012184
1.4277035
1.6423446
1.6808021
1.5335874
1.2542006
0.9299589
0.6368780
0.4115132
0.2536980
0.1468643
0.0746564
0.0253796
-0.0101104
-0.0395056
-0.0676541
-0.0955483
-0.1215780
-0.1437677
-0.1608802
-0.1724787
-0.1794350
-0.1843568
-0.1897967
-0.1951720
-0.1969423
-0.1934521
-0.1886951
-0.1889669
-0.1952054
-0.2003827
-0.1962394
-0.1825995
-0.1686771
-0.1640400
-0.1686359
-0.1733629
-0.1712822
-0.1664907
-0.1691819
-0.1817902
-0.1930219
-0.1882352
-0.1652759
-0.1379065
-0.1226234
-0.1228122
-0.1266665
-0.1202385
-0.1010955
-0.0782778
-0.0601052
-0.0449197
-0.0253076
0.0006431
0.0258667
0.0430613
0.0545036
0.0704250
0.0973336
0.1298103
0.1556775
0.1692424
0.1776218
0.1924113
0.2158496
0.2375813
0.2459164
0.2401660
0.2295124
0.2204926
0.2088700
0.1858486
0.1509424
0.1156817
0.0929787
0.0838026
0.0764185
0.0594126
0.0339205
0.0114058
0.0001439
-0.0036873
-0.0105764
-0.0250326
-0.0402903
-0.0456365
-0.0377280
-0.0239564
-0.0151499
-0.0158483
-0.0219348
-0.0268229
-0.0284233
-0.0294154
-0.0318080
-0.0331070
-0.0287052
-0.0175209
-0.0043577
0.0038208
0.0040734
-0.0001225
-0.0027816
-0.0016120
0.0000801
-0.0022333
-0.0086576
-0.0143791
-0.0149077
-0.0113029
-0.0096774
-0.0152993
-0.0272194
-0.0389759
-0.0448655
-0.0454414
-0.0465128
-0.0527243
-0.0625304
-0.0696964
-0.0694090
-0.0625842
-0.0544448
-0.0495524
-0.0486644
-0.0501908
-0.0537420
-0.0609762
-0.0723031
-0.0834319
-0.0869099
-0.0786679
-0.0633622
-0.0521088
-0.0532471
-0.0644903
-0.0748545
-0.0755831
-0.0693127
-0.0671770
-0.0758833
-0.0886108
-0.0908264
-0.0760518
-0.0545894
-0.0446854
-0.0545907
-0.0745180
-0.0871828
-0.0854632
-0.0782405
-0.0790160
-0.0908533
-0.1041605
