-0.0303311
-0.0120566
0.0054732
0.0147315
0.0118202
0.0002307
-0.0106650
-0.0130360
-0.0080098
-0.0050974
-0.0126594
-0.0284432
-0.0406276
-0.0393696
-0.0271624
-0.0167879
-0.0187076
-0.0312676
-0.0440598
-0.0503304
-0.0545196
-0.0666818
-0.0901566
-0.1161952
-0.1315388
-0.1310300
-0.1222737
-0.1180030
-0.1243420
-0.1365058
-0.1450790
-0.1454172
-0.1406745
-0.1364744
-0.1338057
-0.1277918
-0.1133096
-0.0913266
-0.0693230
-0.0552826
-0.0510983
-0.0516635
-0.0503744
-0.0457464
-0.0428909
-0.0483479
-0.0629678
-0.0797375
-0.0893364
-0.0888597
-0.0852828
-0.0894702
-0.1058690
-0.1281588
-0.1456912
-0.1541946
-0.1591817
-0.1682257
-0.1808543
-0.1878700
-0.1812864
-0.1637361
-0.1465993
-0.1388439
-0.1387554
-0.1369591
-0.1266070
-0.1097801
-0.0943460
-0.0854229
-0.0799159
-0.0689656
-0.0464095
-0.0164837
0.0065342
0.0089417
-0.0083931
-0.0251386
-0.0120451
0.0518677
0.1723976
0.3491268
0.5851204
0.8778107
1.1940074
1.4582799
1.5801187
1.5083764
1.2688579
0.9503432
0.6495426
0.4208020
0.2666943
0.1643198
0.0937610
0.0450854
0.0100497
-0.0216993
-0.0555839
-0.0862198
-0.1038696
-0.1074796
-0.1086671
-0.1208695
-0.1451969
-0.1686456
-0.1768271
-0.1678344
-0.1531919
-0.1458610
-0.1483628
-0.1527523
-0.1509642
-0.1435970
-0.1380969
-0.1393954
-0.1439276
-0.1435866
-0.1349196
-0.1232105
-0.1170092
-0.1193564
-0.1253997
-0.1285764
-0.1278707
-0.1278823
-0.1320524
-0.1371668
-0.1355610
-0.1227458
-0.1022961
-0.0828136
-0.0700159
-0.0618805
-0.0515080
-0.0344695
-0.0129867
0.0071845
0.0235677
0.0400602
0.0629451
0.0940518
0.1283835
0.1587671
0.1825181
0.2029715
0.2244936
0.2468310
0.2651172
0.2751289
0.2774760
0.2760816
0.2731442
0.2665898
0.2527759
0.2311124
0.2052673
0.1796649
0.1553609
0.1300776
0.1023915
0.0751187
0.0535404
0.0398525
0.0298339
0.0159433
-0.0055943
-0.0308306
-0.0518483
-0.0649559
-0.0747533
-0.0890982
-0.1097702
-0.1291284
-0.1372337
-0.1322529
-0.1226315
-0.1182271
-0.1200126
-0.1198438
-0.1104443
-0.0939431
-0.0789069
-0.0694954
-0.0601357
-0.0428021
-0.0185294
0.0011690
0.0058846
-0.0018092
-0.0080219
-0.0015428
0.0149271
0.0283635
0.0295857
0.0225197
0.0189828
0.0253601
0.0357868
0.0384959
0.0275371
0.0072860
-0.0137052
-0.0313145
-0.0474547
-0.0643948
-0.0798089
-0.0888576
-0.0906469
-0.0908549
-0.0966510
-0.1092712
-0.1228135
-0.1308456
-0.1333014
-0.1357482
-0.1419987
-0.1487153
-0.1482653
-0.1366658
-0.1178817
-0.1000215
-0.0879014
-0.0799440
-0.0719123
-0.0623042
-0.0532453
-0.0468755
-0.0424894
-0.0379359
-0.0330625
-0.0306659
-0.0337464
-0.0422251
-0.0527531
-0.0618041
-0.0688024
-0.0760261
-0.0854160
-0.0957805
-0.1035941
-0.1067020
-0.1069013
-0.1083869
-0.1135608
-0.1208339
-0.1270350
-0.1316538
-0.1374905
-0.1463040
-0.1547166
-0.1564035
-0.1491437
-0.1383571
-0.1319406
-0.1317449
-0.1318161
-0.1258290
-0.1149675
-0.1066981
-0.1057408
-0.1080517
-0.1052053
-0.0941381
-0.0806862
-0.0727238
-0.0711811
-0.0696218
-0.0625811
-0.0524094
-0.0464871
-0.0483085
-0.0530399
-0.0528409
-0.0461065
-0.0402986
-0.0448542
-0.0613605
-0.0813435
-0.0940977
-0.0963706
-0.0939787
-0.0944202
-0.0991119
-0.1034851
-0.1038257
-0.1023107
-0.1043688
-0.1118352
-0.1204148
-0.1247009
-0.1246057
-0.1251522
-0.1298881
-0.1363343
-0.1392528
-0.1374146
-0.1352005
-0.1372966
-0.1435375
-0.1501242
-0.1546650
-0.1578155
-0.1598208
-0.1580411
-0.1503453
-0.1401691
-0.1349729
-0.1380265
-0.1437050
-0.1436167
-0.1366976
-0.1298704
-0.1275990
-0.1241627
-0.1100593
-0.0851044
-0.0604059
-0.0449884
-0.0340721
-0.0160895
0.0085357
0.0221806
0.0102314
-0.0134057
-0.0062340
0.0736808
0.2389795
0.4726419
0.7486658
1.0423487
1.3169512
1.5108484
1.5564003
1.4257814
1.1613841
0.8558399
0.5946571
0.4110697
0.2882060
0.1956256
0.1187416
0.0577843
0.0108433
-0.0316674
-0.0755110
-0.1129116
-0.1303221
-0.1256101
-0.1135170
-0.1118412
-0.1238390
-0.1368889
-0.1383491
-0.1298238
-0.1239186
-0.1287065
-0.1387745
-0.1424898
-0.1356503
-0.1254645
-0.1215769
-0.1258946
-0.1329308
-0.1388742
-0.1473332
-0.1643728
-0.1889034
-0.2104710
-0.2178904
-0.2093870
-0.1932592
-0.1790799
-0.1696151
-0.1614827
-0.1518770
-0.1424076
-0.1357506
-0.1300274
-0.1186854
-0.0969074
-0.0672553
-0.0375816
-0.0132567
0.0074334
0.0298254
0.0562064
0.0841074
0.1108928
0.1380028
0.1689752
0.2035574
0.2355702
0.2579940
0.2697854
0.2761934
0.2819015
0.2853136
0.2811027
0.2676659
0.2497417
0.2327032
0.2159056
0.1938039
0.1636340
0.1299846
0.1002723
0.0764667
0.0534007
0.0261545
-0.0024714
-0.0240878
-0.0344479
-0.0389519
-0.0469016
-0.0612603
-0.0760972
-0.0843048
-0.0858691
-0.0869372
-0.0914135
-0.0955893
-0.0923831
-0.0802501
-0.0661949
-0.0590426
-0.0604482
-0.0638249
-0.0622469
-0.0561846
-0.0524609
-0.0559607
-0.0635554
-0.0670128
-0.0618052
-0.0521839
-0.0465505
-0.0477260
-0.0491215
-0.0420080
-0.0263243
-0.0124000
-0.0106732
-0.0204296
-0.0303034
-0.0302333
-0.0216336
-0.0146537
-0.0162617
-0.0233549
-0.0287010
-0.0315695
-0.0389562
-0.0553258
-0.0740597
-0.0825475
-0.0760356
-0.0640075
-0.0611892
-0.0729350
-0.0907607
-0.1020876
-0.1030246
-0.1008243
-0.1045461
-0.1147621
-0.1231382
-0.1216330
-0.1112857
-0.1016523
-0.1015307
-0.1099652
-0.1165127
-0.1114939
-0.0969065
-0.0862740
-0.0916898
-0.1105645
-0.1269284
-0.1272348
-0.1140109
-0.1023456
-0.1033295
-0.1131729
-0.1197515
-0.1180591
-0.1161289
-0.1247123
-0.1433277
-0.1593512
-0.1610809
-0.1493882
-0.1351133
-0.1266267
-0.1224757
-0.1163657
-0.1069844
-0.1007900
-0.1048971
-0.1181139
-0.1298484
-0.1285133
-0.1116125
-0.0879099
-0.0696942
-0.0626971
-0.0631243
-0.0637605
-0.0620639
-0.0616794
-0.0662624
-0.0732697
-0.0758169
-0.0712798
-0.0662747
-0.0707801
-0.0872633
-0.1076752
-0.1221738
-0.1291337
-0.1346510
-0.1430482
-0.1507314
-0.1508048
-0.1421213
-0.1313633
-0.1260211
-0.1273759
-0.1315108
-0.1350436
-0.1362877
-0.1298235
-0.1022085
-0.0348380
0.0896622
0.2832905
0.5484184
0.8676576
1.1927138
1.4484511
1.5612220
1.4974668
1.2841091
0.9939926
0.7073408
0.4771463
0.3181260
0.2172216
0.1508510
0.0979015
0.0464756
-0.0048021
-0.0511039
-0.0889064
-0.1201844
-0.1492497
-0.1764330
-0.1966509
-0.2050798
-0.2036634
-0.2009395
-0.2048327
-0.2156971
-0.2268328
-0.2318217
-0.2307022
-0.2285135
-0.2285027
-0.2281083
-0.2221656
-0.2094319
-0.1950206
-0.1858650
-0.1837320
-0.1832056
-0.1773178
-0.1652105
-0.1532058
-0.1474799
-0.1463113
-0.1409030
-0.1242572
-0.0986090
-0.0736952
-0.0579783
-0.0517914
-0.0486687
-0.0425135
-0.0327721
-0.0228024
-0.0144308
-0.0052913
0.0086844
0.0292105
0.0541313
0.0788577
0.0990809
0.1135974
0.1259150
0.1425721
0.1681125
0.2006685
0.2326926
0.2565243
0.2692851
0.2722515
0.2661071
0.2484822
0.2176253
0.1779695
0.1396434
0.1107271
0.0907590
0.0735529
0.0561420
0.0428525
0.0394281
0.0443180
0.0477285
0.0401657
0.0215241
0.0009055
-0.0129407
-0.0204368
-0.0295037
-0.0451446
-0.0623338
-0.0710698
-0.0685377
-0.0644856
-0.0726285
-0.0962107
-0.1232020
-0.1373834
-0.1345062
-0.1260838
-0.1261409
-0.1356112
-0.1423427
-0.1365672
-0.1233679
-0.1175196
-0.1271613
-0.1453243
-0.1582558
-0.1601145
-0.1574723
-0.1596426
-0.1667396
-0.1689822
-0.1573560
-0.1332617
-0.1070694
-0.0884266
-0.0789871
-0.0735433
-0.0663829
-0.0563328
-0.0470004
-0.0429378
-0.0450812
-0.0493646
-0.0499646
-0.0443136
-0.0351417
-0.0277471
-0.0253246
-0.0268384
-0.0293918
-0.0326051
-0.0400276
-0.0552429
-0.0764777
-0.0962376
-0.1073765
-0.1094894
-0.1088031
-0.1116779
-0.1182705
-0.1224476
-0.1180815
-0.1059466
-0.0943695
-0.0921871
-0.1003864
-0.1109354
-0.1143471
-0.1084660
-0.0998043
-0.0965195
-0.1004493
-0.1062769
-0.1084012
-0.1076579
-0.1098038
-0.1171864
-0.1239666
-0.1218526
-0.1104190
-0.0997052
-0.1013894
-0.1178780
-0.1406565
-0.1589466
-0.1694026
-0.1774977
-0.1901144
-0.2073442
-0.2215859
-0.2242326
-0.2129962
-0.1933722
-0.1739453
-0.1600805
-0.1508328
-0.1412622
-0.1283140
-0.1147709
-0.1065895
-0.1055833
-0.1052457
-0.0949281
-0.0690284
-0.0329155
-0.0003890
0.0157312
0.0133518
0.0042240
0.0082352
0.0441068
0.1248164
0.2600976
0.4587279
0.7213600
1.0248375
1.3124802
1.5067945
1.5448814
1.4142376
1.1607142
0.8613470
0.5841005
0.3643996
0.2081289
0.1068056
0.0473702
0.0136635
-0.0119730
-0.0420329
-0.0774330
-0.1094414
-0.1296754
-0.1383708
-0.1424588
-0.1466238
-0.1485533
-0.1438251
-0.1336664
-0.1256499
-0.1264693
-0.1352719
-0.1450223
-0.1503704
-0.1535700
-0.1619272
-0.1791717
-0.2000139
-0.2140366
-0.2149243
-0.2056549
-0.1955419
-0.1932444
-0.2016146
-0.2166522
-0.2302502
-0.2354685
-0.2310748
-0.2211959
-0.2098732
-0.1960731
-0.1749716
-0.1446807
-0.1109329
-0.0832472
-0.0650790
-0.0485944
-0.0215482
0.0197391
0.0658182
0.1038135
0.1304911
0.1537926
0.1818405
0.2127393
0.2365065
0.2462384
0.2459862
0.2470781
0.2569914
0.2723775
0.2829872
0.2814780
0.2686669
0.2503495
0.2312218
0.2124523
0.1933221
0.1733896
0.1529999
0.1323791
0.1105100
0.0853803
0.0564612
0.0274959
0.0059014
-0.0022333
0.0022355
0.0106074
0.0120267
0.0019176
-0.0142361
-0.0263140
-0.0297670
-0.0298793
-0.0349367
-0.0459807
-0.0551822
-0.0547003
-0.0458036
-0.0383019
-0.0412706
-0.0547448
-0.0703572
-0.0796407
-0.0810848
-0.0787527
-0.0750066
-0.0667405
-0.0499336
-0.0268836
-0.0071385
-0.0003205
-0.0076940
-0.0206541
-0.0281058
-0.0264056
-0.0221390
-0.0241803
-0.0329323
-0.0386773
-0.0313318
-0.0112285
0.0102466
0.0202613
0.0147614
0.0003227
-0.0130797
-0.0211495
-0.0276670
-0.0384473
-0.0538488
-0.0680805
-0.0756917
-0.0778829
-0.0819851
-0.0945012
-0.1140910
-0.1313801
-0.1369065
-0.1302406
-0.1205636
-0.1172792
-0.1206729
-0.1228629
-0.1172703
-0.1055787
-0.0953064
-0.0919317
-0.0942153
-0.0967280
-0.0959889
-0.0934399
-0.0924349
-0.0933309
-0.0926556
-0.0869033
-0.0762711
-0.0650557
-0.0594733
-0.0641117
-0.0776843
-0.0915506
-0.0954493
-0.0876990
-0.0788974
-0.0821379
-0.0974301
-0.1060802
-0.0811411
-0.0025489
0.1392351
0.3515085
0.6407182
0.9922969
1.3445106
1.5935613
1.6454229
1.4796077
1.1679117
0.8280461
0.5515228
0.3647453
0.2449924
0.1619803
0.1020478
0.0618337
0.0330898
0.0026560
-0.0345475
-0.0700454
-0.0928655
-0.1032861
-0.1124725
-0.1297687
-0.1534289
-0.1742798
-0.1865479
-0.1937928
-0.2042412
-0.2206388
-0.2354223
-0.2370990
-0.2218327
-0.1979158
-0.1781931
-0.1685406
-0.1642087
-0.1569516
-0.1448220
-0.1341566
-0.1314600
-0.1341826
-0.1318165
-0.1173113
-0.0955359
-0.0780854
-0.0705893
-0.0678955
-0.0618871
-0.0511140
-0.0408923
-0.0353141
-0.0314761
-0.0223151
-0.0043510
0.0184956
0.0391703
0.0546197
0.0674660
0.0812434
0.0962576
0.1108940
0.1250384
0.1405834
0.1594221
0.1819246
0.2062438
0.2278850
0.2411365
0.2430339
0.2363310
0.2276133
0.2217793
0.2179938
0.2107853
0.1955238
0.1734558
0.1508787
0.1324655
0.1161174
0.0959941
0.0703019
0.0440431
0.0234660
0.0093745
-0.0028894
-0.0173239
-0.0319903
-0.0404621
-0.0392942
-0.0338814
-0.0349320
-0.0476916
-0.0661442
-0.0800723
-0.0870618
-0.0947444
-0.1104620
-0.1308036
-0.1433992
-0.1393502
-0.1229800
-0.1079587
-0.1031268
-0.1034901
-0.0972885
-0.0812474
-0.0653254
-0.0607661
-0.0660507
-0.0676163
-0.0541408
-0.0284256
-0.0051545
0.0022644
-0.0069778
-0.0217200
-0.0300867
-0.0298139
-0.0276989
-0.0306338
-0.0391323
-0.0491085
-0.0575558
-0.0654214
-0.0757431
-0.0893838
-0.1024809
-0.1091849
-0.1081164
-0.1048980
-0.1061254
-0.1113468
-0.1135390
-0.1080407
-0.0989434
-0.0951600
-0.1006781
-0.1098327
-0.1130995
-0.1078508
-0.1020684
-0.1053601
-0.1168177
-0.1250264
-0.1211988
-0.1090352
-0.0990577
-0.0958493
-0.0949260
-0.0915221
-0.0879930
-0.0901332
-0.0981959
-0.1051800
-0.1053460
-0.1016297
-0.0996485
-0.0926203
-0.0563103
0.0365406
0.1980805
0.4245582
0.7082900
1.0371791
1.3741856
1.6437979
1.7557262
1.6585203
1.3796849
1.0149211
0.6724440
0.4167780
0.2531523
0.1532396
0.0883779
0.0420673
0.0049413
-0.0293803
-0.0622905
-0.0905902
-0.1123177
-0.1304957
-0.1499509
-0.1719973
-0.1935230
-0.2108165
-0.2233724
-0.2332559
-0.2407335
-0.2424051
-0.2359283
-0.2254406
-0.2184502
-0.2166671
-0.2138226
-0.2048384
-0.1940996
-0.1910235
-0.1980059
-0.2053627
-0.1993433
-0.1753891
-0.1437215
-0.1209158
-0.1145940
-0.1169860
-0.1146754
-0.1029732
-0.0881948
-0.0774319
-0.0703115
-0.0614528
-0.0478628
-0.0324279
-0.0214329
-0.0188710
-0.0219198
-0.0223028
-0.0133916
0.0045380
0.0268860
0.0508219
0.0769659
0.1063523
0.1378443
0.1680563
0.1929222
0.2106780
0.2239975
0.2369871
0.2489925
0.2540868
0.2485198
0.2361809
0.2243205
0.2154870
0.2055996
0.1887536
0.1627630
0.1313410
0.1014962
0.0772960
0.0562182
0.0337416
0.0110498
-0.0051018
-0.0106526
-0.0093831
-0.0090336
-0.0146258
-0.0259938
-0.0397529
-0.0534718
-0.0691852
-0.0913625
-0.1192557
-0.1435348
-0.1543923
-0.1519706
-0.1452244
-0.1413176
-0.1395704
-0.1351836
-0.1255556
-0.1128445
-0.1021924
-0.0966418
-0.0926569
-0.0828883
-0.0650646
-0.0454768
-0.0316249
-0.0242717
-0.0190161
-0.0128163
-0.0064904
-0.0031100
-0.0054943
-0.0125838
-0.0175796
-0.0137556
-0.0034407
0.0031885
0.0001106
-0.0079172
-0.0126992
-0.0127623
-0.0142109
-0.0242624
-0.0446788
-0.0688500
-0.0859506
-0.0915390
-0.0928951
-0.0998309
-0.1122723
-0.1222237
-0.1258731
-0.1271226
-0.1301226
-0.1348110
-0.1396445
-0.1431831
-0.1432726
-0.1393545
-0.1348830
-0.1338953
-0.1370431
-0.1435370
-0.1527908
-0.1609941
-0.1620142
-0.1562498
-0.1521229
-0.1533780
-0.1518692
-0.1395754
-0.1213384
-0.1085507
-0.1054277
-0.1074500
-0.1082438
-0.1035331
-0.0941074
-0.0876666
-0.0901861
-0.0940754
-0.0856343
-0.0665071
-0.0550259
-0.0623632
-0.0799040
-0.0937221
-0.0982603
-0.0932336
-0.0824310
-0.0781707
-0.0900809
-0.1075342
-0.1120673
-0.1075651
-0.1146381
-0.1345548
-0.1483690
-0.1551541
-0.1743853
-0.1992094
-0.1884196
-0.1288225
