-0.1138962
-0.1215761
-0.1289125
-0.1235580
-0.1020207
-0.0768285
-0.0659469
-0.0753372
-0.0940420
-0.1069531
-0.1103221
-0.1128553
-0.1228636
-0.1377565
-0.1477939
-0.1481232
-0.1439679
-0.1434928
-0.1480943
-0.1518955
-0.1498974
-0.1438278
-0.1387220
-0.1355045
-0.1295629
-0.1171589
-0.1012935
-0.0891695
-0.0838442
-0.0801713
-0.0705067
-0.0541516
-0.0395025
-0.0355071
-0.0412110
-0.0453233
-0.0375634
-0.0204127
-0.0082694
-0.0137697
-0.0351569
-0.0582949
-0.0714868
-0.0771282
-0.0875091
-0.1097791
-0.1373543
-0.1575138
-0.1660033
-0.1712897
-0.1836167
-0.2024059
-0.2174896
-0.2224306
-0.2228347
-0.2285461
-0.2392297
-0.2423452
-0.2278268
-0.2020410
-0.1824293
-0.1772097
-0.1744766
-0.1559916
-0.1212520
-0.0924216
-0.0907144
-0.1083021
-0.1069421
-0.0453225
0.0944706
0.3069931
0.5811081
0.9046338
1.2448725
1.5315782
1.6761783
1.6239506
1.3949964
1.0740102
0.7565306
0.4991395
0.3110380
0.1794971
0.0933243
0.0435885
0.0141172
-0.0160737
-0.0575007
-0.1018360
-0.1330685
-0.1463841
-0.1531476
-0.1672823
-0.1901997
-0.2115617
-0.2229438
-0.2267607
-0.2306608
-0.2363322
-0.2375119
-0.2290201
-0.2144740
-0.2026342
-0.1972092
-0.1931781
-0.1842702
-0.1721206
-0.1654433
-0.1698550
-0.1805287
-0.1866029
-0.1823530
-0.1723316
-0.1650046
-0.1626892
-0.1592570
-0.1475668
-0.1276244
-0.1063814
-0.0899842
-0.0774152
-0.0621942
-0.0396615
-0.0117897
0.0150836
0.0364168
0.0527886
0.0675222
0.0821659
0.0953485
0.1061399
0.1173247
0.1335989
0.1556861
0.1771570
0.1888364
0.1870194
0.1762424
0.1627736
0.1461372
0.1193383
0.0786008
0.0312693
-0.0086869
-0.0339099
-0.0508029
-0.0717951
-0.1010240
-0.1296878
-0.1461686
-0.1488087
-0.1465490
-0.1474669
-0.1494311
-0.1437756
-0.1269131
-0.1057587
-0.0909098
-0.0860771
-0.0859098
-0.0837456
-0.0793402
-0.0775765
-0.0804819
-0.0827838
-0.0767774
-0.0611743
-0.0437574
-0.0343519
-0.0352624
-0.0393363
-0.0379525
-0.0306801
-0.0262171
-0.0332174
-0.0506442
-0.0683125
-0.0774346
-0.0797440
-0.0850186
-0.0997618
-0.1198944
-0.1356681
-0.1427275
-0.1460729
-0.1523173
-0.1599305
-0.1597790
-0.1457404
-0.1226783
-0.1020915
-0.0906925
-0.0855209
-0.0806854
-0.0763194
-0.0780172
-0.0875360
-0.0970400
-0.0952903
-0.0796559
-0.0602288
-0.0507757
-0.0558812
-0.0677008
-0.0750977
-0.0749579
-0.0741402
-0.0810792
-0.0964190
-0.1119942
-0.1185339
-0.1142296
-0.1061426
-0.1035329
-0.1096715
-0.1198224
-0.1268956
-0.1286153
-0.1285543
-0.1300052
-0.1298987
-0.1207460
-0.0998407
-0.0754470
-0.0609469
-0.0609456
-0.0646317
-0.0564772
-0.0351366
-0.0191331
-0.0294562
-0.0649467
-0.0970845
-0.0910876
-0.0301796
0.0844831
0.2556520
0.5004578
0.8253800
1.1858578
1.4798503
1.5987618
1.4999515
1.2368026
0.9191029
0.6409436
0.4379296
0.2984271
0.2002281
0.1310811
0.0834653
0.0456098
0.0065031
-0.0335242
-0.0646315
-0.0816005
-0.0918835
-0.1066921
-0.1269658
-0.1428621
-0.1472862
-0.1454350
-0.1478377
-0.1562236
-0.1609260
-0.1534793
-0.1383541
-0.1287437
-0.1315038
-0.1399518
-0.1432084
-0.1400944
-0.1402511
-0.1513349
-0.1682469
-0.1775547
-0.1718078
-0.1570670
-0.1455178
-0.1423116
-0.1414744
-0.1343384
-0.1196541
-0.1036381
-0.0907505
-0.0768559
-0.0532595
-0.0171443
0.0236644
0.0574124
0.0795896
0.0965379
0.1177135
0.1452628
0.1725391
0.1931522
0.2099480
0.2328412
0.2669259
0.3039877
0.3277077
0.3279904
0.3095168
0.2856546
0.2646772
0.2432176
0.2132621
0.1737058
0.1329208
0.0998791
0.0748621
0.0507399
0.0226494
-0.0060742
-0.0286148
-0.0434356
-0.0556794
-0.0694467
-0.0809817
-0.0819956
-0.0698773
-0.0526576
-0.0422992
-0.0435490
-0.0508277
-0.0561414
-0.0582358
-0.0624318
-0.0722357
-0.0835116
-0.0883779
-0.0840442
-0.0759844
-0.0716838
-0.0723382
-0.0722989
-0.0668933
-0.0590854
-0.0564249
-0.0613431
-0.0666262
-0.0627047
-0.0493709
-0.0381402
-0.0412241
-0.0585754
-0.0776123
-0.0864140
-0.0857136
-0.0861297
-0.0942314
-0.1042768
-0.1056391
-0.0968290
-0.0888150
-0.0932633
-0.1095737
-0.1259008
-0.1324750
-0.1312830
-0.1313455
-0.1363139
-0.1396350
-0.1326154
-0.1151420
-0.0962718
-0.0846097
-0.0803227
-0.0776657
-0.0736204
-0.0713255
-0.0742829
-0.0791812
-0.0771253
-0.0630561
-0.0430426
-0.0305721
-0.0345968
-0.0513011
-0.0681095
-0.0757386
-0.0757960
-0.0766077
-0.0827408
-0.0899646
-0.0906661
-0.0830674
-0.0738818
-0.0718062
-0.0793661
-0.0918754
-0.1036591
-0.1134863
-0.1230033
-0.1313115
-0.1338190
-0.1276899
-0.1170221
-0.1103336
-0.1122387
-0.1188772
-0.1227731
-0.1215305
-0.1198333
-0.1221906
-0.1255266
-0.1214390
-0.1061091
-0.0859273
-0.0717454
-0.0684964
-0.0722155
-0.0767709
-0.0808528
-0.0868932
-0.0949349
-0.1004459
-0.0985866
-0.0885677
-0.0727834
-0.0538516
-0.0353540
-0.0246168
-0.0297685
-0.0494710
-0.0652141
-0.0461876
0.0367255
0.2006298
0.4485848
0.7665412
1.1125043
1.4103078
1.5694361
1.5318494
1.3139218
1.0045627
0.7138427
0.5101801
0.3943280
0.3243431
0.2616907
0.1969269
0.1406313
0.0995817
0.0660973
0.0280634
-0.0159679
-0.0548353
-0.0773701
-0.0846845
-0.0886005
-0.0988045
-0.1137731
-0.1254082
-0.1308786
-0.1368028
-0.1504875
-0.1689510
-0.1796413
-0.1731251
-0.1536357
-0.1353501
-0.1284722
-0.1306261
-0.1323253
-0.1287889
-0.1240120
-0.1236683
-0.1270016
-0.1277328
-0.1218068
-0.1117623
-0.1028725
-0.0967733
-0.0905936
-0.0818442
-0.0720231
-0.0640118
-0.0566795
-0.0440465
-0.0209277
0.0111103
0.0443781
0.0717017
0.0919105
0.1088869
0.1263064
0.1443150
0.1611754
0.1768740
0.1937552
0.2132396
0.2327247
0.2468105
0.2517780
0.2481245
0.2383169
0.2229836
0.2006550
0.1713114
0.1387611
0.1082165
0.0817602
0.0574763
0.0335271
0.0117429
-0.0046750
-0.0169114
-0.0314292
-0.0527046
-0.0757569
-0.0890840
-0.0869840
-0.0775977
-0.0762026
-0.0902113
-0.1126616
-0.1313670
-0.1424362
-0.1520608
-0.1653685
-0.1773851
-0.1782972
-0.1665497
-0.1525837
-0.1475455
-0.1507768
-0.1519382
-0.1449995
-0.1359923
-0.1344400
-0.1395685
-0.1394299
-0.1248256
-0.1010084
-0.0825245
-0.0773388
-0.0795254
-0.0787956
-0.0739304
-0.0727905
-0.0795447
-0.0866872
-0.0831750
-0.0687859
-0.0563107
-0.0583343
-0.0744533
-0.0936992
-0.1078573
-0.1187577
-0.1316631
-0.1451110
-0.1515462
-0.1480853
-0.1425845
-0.1457002
-0.1581171
-0.1694103
-0.1708490
-0.1664910
-0.1683396
-0.1809563
-0.1944255
-0.1949362
-0.1808393
-0.1648520
-0.1593670
-0.1624525
-0.1617549
-0.1515197
-0.1409506
-0.1422328
-0.1526385
-0.1545010
-0.1359388
-0.1084366
-0.0983324
-0.1187426
-0.1519522
-0.1610949
-0.1166234
-0.0076629
0.1699184
0.4246955
0.7551841
1.1194829
1.4276238
1.5794961
1.5245810
1.2937330
0.9770913
0.6697211
0.4287254
0.2656066
0.1638213
0.0986808
0.0486151
0.0005118
-0.0481069
-0.0925228
-0.1291769
-0.1605319
-0.1903370
-0.2158403
-0.2289963
-0.2271473
-0.2195257
-0.2194813
-0.2305279
-0.2433385
-0.2478375
-0.2454853
-0.2462326
-0.2538644
-0.2585228
-0.2467201
-0.2172746
-0.1838228
-0.1609181
-0.1505723
-0.1445116
-0.1372106
-0.1322106
-0.1345207
-0.1405004
-0.1395179
-0.1260448
-0.1070788
-0.0950409
-0.0938930
-0.0946530
-0.0855270
-0.0647462
-0.0414077
-0.0241382
-0.0113796
0.0057988
0.0325520
0.0639000
0.0897679
0.1051097
0.1141002
0.1247760
0.1408322
0.1593909
0.1759010
0.1891477
0.2001792
0.2073847
0.2051781
0.1890720
0.1613602
0.1301366
0.1020729
0.0770380
0.0508808
0.0230597
-0.0005423
-0.0140114
-0.0197922
-0.0281187
-0.0466783
-0.0721529
-0.0940432
-0.1066981
-0.1153330
-0.1288166
-0.1478684
-0.1629609
-0.1649177
-0.1561532
-0.1492586
-0.1539152
-0.1666373
-0.1748296
-0.1704123
-0.1577295
-0.1476259
-0.1453791
-0.1461745
-0.1422877
-0.1330821
-0.1265900
-0.1311510
-0.1463142
-0.1628337
-0.1717181
-0.1724922
-0.1718684
-0.1748404
-0.1785728
-0.1758850
-0.1640077
-0.1484303
-0.1374458
-0.1336861
-0.1324178
-0.1284700
-0.1231936
-0.1225256
-0.1283730
-0.1346607
-0.1340912
-0.1276694
-0.1244066
-0.1303679
-0.1401386
-0.1420373
-0.1322036
-0.1212193
-0.1243563
-0.1451563
-0.1705603
-0.1836575
-0.1804670
-0.1725897
-0.1735596
-0.1846544
-0.1953014
-0.1959226
-0.1877909
-0.1794738
-0.1754086
-0.1706140
-0.1576931
-0.1374977
-0.1201662
-0.1145981
-0.1187916
-0.1229780
-0.1216747
-0.1192211
-0.1216070
-0.1257930
-0.1221537
-0.1087555
-0.0985518
-0.1062992
-0.1269097
-0.1305628
-0.0823316
0.0354958
0.2234569
0.4815768
0.8108555
1.1850769
1.5232871
1.7084521
1.6557315
1.3766349
0.9789702
0.5987701
0.3216681
0.1551017
0.0598669
-0.0017259
-0.0446743
-0.0714564
-0.0875590
-0.1026584
-0.1221784
-0.1437925
-0.1626510
-0.1773221
-0.1899314
-0.2025003
-0.2147028
-0.2245900
-0.2302066
-0.2304962
-0.2259280
-0.2192523
-0.2151239
-0.2173998
-0.2257891
-0.2355102
-0.2410439
-0.2403933
-0.2355664
-0.2293883
-0.2225574
-0.2137107
-0.2015467
-0.1864404
-0.1702768
-0.1551414
-0.1422659
-0.1318908
-0.1232938
-0.1140988
-0.0998625
-0.0760863
-0.0422946
-0.0040871
0.0302520
0.0563583
0.0771720
0.0993337
0.1259970
0.1535767
0.1761735
0.1929132
0.2093577
0.2303642
0.2523780
0.2651054
0.2618647
0.2469057
0.2306843
0.2179862
0.2024395
0.1740675
0.1318911
0.0875546
0.0553302
0.0387438
0.0280872
0.0112793
-0.0140576
-0.0400789
-0.0588258
-0.0705008
-0.0810566
-0.0933101
-0.1026769
-0.1025131
-0.0928510
-0.0823922
-0.0810085
-0.0906726
-0.1047454
-0.1161407
-0.1248015
-0.1360780
-0.1523825
-0.1679249
-0.1724519
-0.1602088
-0.1353859
-0.1090451
-0.0904534
-0.0805942
-0.0732849
-0.0621905
-0.0469876
-0.0334772
-0.0281677
-0.0322465
-0.0401099
-0.0440732
-0.0414481
-0.0370642
-0.0380253
-0.0458925
-0.0550746
-0.0594576
-0.0595332
-0.0614366
-0.0687801
-0.0769657
-0.0774298
-0.0679832
-0.0573984
-0.0576336
-0.0712014
-0.0880854
-0.0965429
-0.0957420
-0.0954741
-0.1033415
-0.1147912
-0.1180697
-0.1085725
-0.0957249
-0.0935486
-0.1047360
-0.1164715
-0.1139158
-0.0969361
-0.0808538
-0.0796590
-0.0904654
-0.0968447
-0.0871949
-0.0674829
-0.0544692
-0.0574833
-0.0692291
-0.0755220
-0.0721443
-0.0687838
-0.0755110
-0.0888137
-0.0951731
-0.0880468
-0.0763835
-0.0729541
-0.0770253
-0.0746267
-0.0582418
-0.0416612
-0.0481577
-0.0809517
-0.1084267
-0.0827008
0.0271385
0.2218109
0.4868878
0.8080302
1.1598081
1.4813197
1.6792562
1.6753645
1.4640690
1.1262288
0.7814778
0.5173402
0.3517350
0.2508159
0.1745069
0.1061139
0.0487521
0.0058434
-0.0290225
-0.0657799
-0.1068227
-0.1444790
-0.1690315
-0.1787415
-0.1819454
-0.1890809
-0.2025979
-0.2152022
-0.2182004
-0.2107053
-0.1995899
-0.1905186
-0.1804895
-0.1609694
-0.1290333
-0.0941275
-0.0715402
-0.0682600
-0.0765904
-0.0829452
-0.0817369
-0.0784777
-0.0796450
-0.0827656
-0.0790595
-0.0650642
-0.0486332
-0.0413070
-0.0453244
-0.0506768
-0.0466520
-0.0349275
-0.0282130
-0.0349813
-0.0479297
-0.0502193
-0.0329921
-0.0047187
0.0176986
0.0261592
0.0286430
0.0393767
0.0628782
0.0891130
0.1047130
0.1074075
0.1074937
0.1153041
0.1293541
0.1379506
0.1312017
0.1098795
0.0829328
0.0583016
0.0375330
0.0186659
0.0018097
-0.0105515
-0.0185557
-0.0273758
-0.0423999
-0.0629386
-0.0830236
-0.0985916
-0.1118362
-0.1273361
-0.1451025
-0.1592071
-0.1637277
-0.1592998
-0.1528564
-0.1505825
-0.1518348
-0.1510298
-0.1453045
-0.1387119
-0.1377876
-0.1436226
-0.1494712
-0.1465653
-0.1323712
-0.1133936
-0.0996006
-0.0953061
-0.0955660
-0.0924040
-0.0842906
-0.0776194
-0.0780308
-0.0822689
-0.0812465
-0.0712941
-0.0599883
-0.0586473
-0.0693715
-0.0821284
-0.0867748
-0.0865206
-0.0952988
-0.1198548
-0.1477495
-0.1578423
-0.1429510
-0.1183439
-0.1057190
-0.1110640
-0.1212125
-0.1213891
-0.1122770
-0.1072495
-0.1144658
-0.1260728
-0.1274386
-0.1145629
-0.0981128
-0.0900992
-0.0910647
-0.0933039
-0.0934998
-0.0967418
-0.1072962
-0.1198819
-0.1240712
-0.1165982
-0.1055382
-0.1003126
-0.1000059
-0.0958663
-0.0857183
-0.0803834
-0.0904148
-0.1084300
-0.1122462
-0.0896124
-0.0558015
-0.0403851
-0.0553639
-0.0793146
-0.0734647
-0.0089641
0.1249950
0.3336793
0.6210259
0.9666485
1.2995043
1.5126789
1.5264374
1.3480800
1.0689673
0.7981297
0.5938890
0.4511564
0.3408136
0.2495661
0.1819719
0.1367576
0.0961288
0.0430782
-0.0179377
-0.0663150
-0.0912384
-0.1052681
-0.1285614
-0.1643161
-0.1958518
-0.2071822
-0.2007909
-0.1925060
-0.1922479
-0.1946728
-0.1895866
-0.1774924
-0.1699599
-0.1742054
-0.1820815
-0.1786255
-0.1599145
-0.1375688
-0.1246064
-0.1210124
-0.1163332
-0.1041883
-0.0897869
-0.0818325
-0.0796381
-0.0717655
-0.0486697
-0.0146164
0.0160655
0.0346867
0.0468592
0.0637302
0.0876300
0.1103431
0.1248436
0.1345010
0.1486442
0.1709275
0.1946894
0.2105323
0.2174319
0.2244459
0.2403025
0.2627007
0.2805253
0.2865009
0.2843552
0.2818714
0.2796163
0.2697658
0.2456512
0.2100360
0.1730810
0.1429902
0.1195909
0.0974358
0.0742410
0.0538010
0.0394090
0.0272584
0.0102781
-0.0120615
-0.0319391
-0.0425149
-0.0459527
-0.0497759
-0.0569322
-0.0623469
-0.0599079
-0.0512330
-0.0453306
-0.0485434
-0.0565370
-0.0592949
-0.0537875
-0.0473982
-0.0469244
-0.0487000
-0.0442793
-0.0334125
-0.0253434
-0.0265048
-0.0319024
-0.0319551
-0.0256867
-0.0229243
-0.0316390
-0.0452652
-0.0469796
-0.0286354
-0.0020801
0.0128203
0.0098848
0.0008544
-0.0020427
-0.0009072
-0.0059679
-0.0196931
-0.0332121
-0.0377271
-0.0347424
-0.0332631
-0.0389715
-0.0487517
-0.0565974
-0.0625140
-0.0714595
-0.0831543
-0.0887123
-0.0817825
-0.0689281
-0.0624597
-0.0646831
-0.0662807
-0.0609386
-0.0549597
-0.0589732
-0.0738459
-0.0888589
-0.0935660
-0.0891810
-0.0863543
-0.0912978
-0.0971696
-0.0934443
-0.0819563
-0.0760010
-0.0816283
-0.0879046
-0.0812141
-0.0632743
-0.0481585
-0.0451049
-0.0510273
-0.0584057
-0.0646763
-0.0730646
-0.0866410
-0.1021977
-0.1114154
-0.1109828
-0.1094006
-0.1176664
-0.1342577
-0.1469676
-0.1493395
-0.1462971
-0.1428350
-0.1373792
-0.1287588
-0.1199333
-0.1120911
-0.1044811
-0.1015046
-0.1087019
-0.1203223
-0.1242429
-0.1211388
-0.1226746
-0.1270586
-0.1160986
-0.0856283
