-0.2429168
-0.2394703
-0.2323573
-0.2224856
-0.2101806
-0.1989676
-0.1941878
-0.1968145
-0.1996278
-0.1918010
-0.1689781
-0.1384774
-0.1127949
-0.0971987
-0.0852192
-0.0681629
-0.0479948
-0.0370050
-0.0425011
-0.0545485
-0.0539275
-0.0335334
-0.0077367
0.0034612
-0.0024165
-0.0084695
-0.0006769
0.0140474
0.0176774
0.0060958
-0.0042402
0.0021144
0.0179849
0.0213871
0.0032466
-0.0217422
-0.0356541
-0.0411618
-0.0557652
-0.0842224
-0.1077756
-0.1064473
-0.0848682
-0.0661220
-0.0614582
-0.0572174
-0.0369182
-0.0075379
0.0075233
0.0002271
-0.0095717
0.0003780
0.0247486
0.0369543
0.0237033
0.0013563
-0.0073614
-0.0036006
-0.0080261
-0.0287266
-0.0468874
-0.0410430
-0.0169104
-0.0014081
-0.0083475
-0.0221949
-0.0216456
-0.0103990
-0.0128798
-0.0405696
-0.0744101
-0.0867859
-0.0737464
-0.0559166
-0.0494336
-0.0462690
-0.0260853
0.0235314
0.1104166
0.2571587
0.4979060
0.8388034
1.2200037
1.5282592
1.6606544
1.5869038
1.3595021
1.0716916
0.8046534
0.6000406
0.4614284
0.3689110
0.2956150
0.2230611
0.1502034
0.0887804
0.0475482
0.0209265
-0.0054110
-0.0385074
-0.0707877
-0.0903186
-0.0963351
-0.1014393
-0.1180721
-0.1454176
-0.1716218
-0.1876407
-0.1960297
-0.2052502
-0.2175877
-0.2255131
-0.2204106
-0.2029597
-0.1830994
-0.1699524
-0.1632588
-0.1553814
-0.1407652
-0.1221302
-0.1073934
-0.1017803
-0.1038546
-0.1086058
-0.1127159
-0.1158084
-0.1174854
-0.1154803
-0.1084237
-0.0998252
-0.0969139
-0.1037460
-0.1160624
-0.1249551
-0.1262495
-0.1245472
-0.1263733
-0.1307271
-0.1299872
-0.1215053
-0.1148984
-0.1230749
-0.1456313
-0.1657822
-0.1675158
-0.1536747
-0.1419277
-0.1421098
-0.1429632
-0.1259848
-0.0898043
-0.0539929
-0.0365563
-0.0330169
-0.0233247
0.0025226
0.0327066
0.0495683
0.0514161
0.0520588
0.0603990
0.0683236
0.0627365
0.0447877
0.0301774
0.0299345
0.0365072
0.0325480
0.0108784
-0.0184958
-0.0407509
-0.0512272
-0.0560168
-0.0607725
-0.0634766
-0.0592278
-0.0492494
-0.0422227
-0.0463979
-0.0615968
-0.0794706
-0.0909601
-0.0928612
-0.0874119
-0.0768771
-0.0605205
-0.0380346
-0.0146328
0.0006445
0.0039849
0.0027242
0.0087351
0.0248251
0.0403695
0.0428493
0.0319975
0.0189350
0.0115749
0.0057597
-0.0059968
-0.0206452
-0.0260209
-0.0171788
-0.0054255
-0.0060822
-0.0198953
-0.0330279
-0.0362888
-0.0377293
-0.0509087
-0.0741891
-0.0896014
-0.0843626
-0.0677507
-0.0615537
-0.0762911
-0.1026461
-0.1262109
-0.1436337
-0.1594181
-0.1712503
-0.1674748
-0.1421292
-0.1068474
-0.0814501
-0.0731590
-0.0702538
-0.0582217
-0.0381552
-0.0247212
-0.0268836
-0.0356984
-0.0342906
-0.0180471
-0.0010192
-0.0008199
-0.0189455
-0.0383724
-0.0409379
-0.0256045
-0.0084274
-0.0052212
-0.0160803
-0.0277258
-0.0295163
-0.0244675
-0.0235354
-0.0312559
-0.0405173
-0.0425751
-0.0395096
-0.0432449
-0.0619120
-0.0901636
-0.1152213
-0.1309748
-0.1428188
-0.1580133
-0.1746590
-0.1838229
-0.1823445
-0.1798128
-0.1897055
-0.2139392
-0.2387441
-0.2472171
-0.2348964
-0.2115377
-0.1883472
-0.1661737
-0.1379539
-0.1013762
-0.0657580
-0.0440630
-0.0385487
-0.0366685
-0.0231788
0.0036158
0.0290190
0.0363977
0.0243708
0.0088878
0.0080253
0.0251893
0.0475379
0.0601443
0.0604106
0.0581171
0.0624574
0.0709606
0.0721953
0.0586644
0.0355547
0.0161689
0.0092690
0.0112733
0.0102025
-0.0034999
-0.0294276
-0.0585607
-0.0810750
-0.0938337
-0.1020164
-0.1139023
-0.1328380
-0.1530631
-0.1636817
-0.1579013
-0.1386514
-0.1143546
-0.0893303
-0.0604382
-0.0248570
0.0105427
0.0317700
0.0318853
0.0205026
0.0156084
0.0254643
0.0414328
0.0502545
0.0505769
0.0531938
0.0651519
0.0787396
0.0802037
0.0673558
0.0538860
0.0567510
0.0864315
0.1548568
0.2871889
0.5109533
0.8213449
1.1568332
1.4185908
1.5256560
1.4601561
1.2658438
1.0083898
0.7377099
0.4803521
0.2538791
0.0772769
-0.0344073
-0.0807065
-0.0773374
-0.0476174
-0.0126717
0.0133569
0.0240246
0.0197424
0.0055036
-0.0127050
-0.0305591
-0.0454121
-0.0553240
-0.0597301
-0.0609926
-0.0634401
-0.0693662
-0.0763836
-0.0799914
-0.0788092
-0.0761712
-0.0763679
-0.0807468
-0.0884092
-0.0992060
-0.1136913
-0.1302069
-0.1446610
-0.1548333
-0.1631763
-0.1726207
-0.1800113
-0.1774669
-0.1629182
-0.1472515
-0.1462812
-0.1635839
-0.1837395
-0.1856289
-0.1620720
-0.1242644
-0.0878958
-0.0592859
-0.0370117
-0.0223405
-0.0208949
-0.0326001
-0.0457063
-0.0464613
-0.0340317
-0.0212412
-0.0192875
-0.0257271
-0.0307110
-0.0319772
-0.0376739
-0.0534473
-0.0723623
-0.0823106
-0.0811333
-0.0790324
-0.0856326
-0.0997753
-0.1148082
-0.1294887
-0.1476597
-0.1679982
-0.1809482
-0.1795634
-0.1692804
-0.1612461
-0.1571770
-0.1475964
-0.1277213
-0.1091407
-0.1085470
-0.1256715
-0.1394331
-0.1292945
-0.0962865
-0.0588804
-0.0315247
-0.0137925
-0.0000938
0.0086040
0.0086848
0.0048255
0.0079928
0.0209225
0.0327273
0.0330822
0.0272501
0.0292518
0.0406841
0.0453329
0.0301513
0.0057418
-0.0030905
0.0128691
0.0352434
0.0399232
0.0247326
0.0080324
0.0026519
0.0012245
-0.0089976
-0.0250176
-0.0312198
-0.0220227
-0.0115802
-0.0163142
-0.0340013
-0.0474678
-0.0464111
-0.0367615
-0.0266527
-0.0120137
0.0159878
0.0528922
0.0803132
0.0861365
0.0784417
0.0738373
0.0762495
0.0749624
0.0630066
0.0484953
0.0425987
0.0422170
0.0333547
0.0109708
-0.0136454
-0.0294395
-0.0420806
-0.0648220
-0.0950371
-0.1109878
-0.0976167
-0.0689098
-0.0554772
-0.0705638
-0.0966335
-0.1086503
-0.1033676
-0.0979578
-0.1027908
-0.1061977
-0.0908457
-0.0583494
-0.0289481
-0.0176895
-0.0191600
-0.0189918
-0.0136703
-0.0114597
-0.0160399
-0.0184609
-0.0094061
0.0062244
0.0138775
0.0074489
-0.0035893
-0.0071169
-0.0028737
0.0009976
0.0025799
0.0094661
0.0263916
0.0493705
0.0826495
0.1596035
0.3317546
0.6212654
0.9793633
1.2978356
1.4715657
1.4595454
1.2950362
1.0466611
0.7740741
0.5135963
0.2890882
0.1204907
0.0173464
-0.0295201
-0.0424339
-0.0414473
-0.0357443
-0.0282493
-0.0230674
-0.0249324
-0.0336541
-0.0437927
-0.0512366
-0.0576696
-0.0666819
-0.0773020
-0.0847037
-0.0878188
-0.0933229
-0.1095042
-0.1368551
-0.1667683
-0.1894027
-0.2009276
-0.2031962
-0.1997442
-0.1947695
-0.1940338
-0.2021188
-0.2169421
-0.2294703
-0.2316534
-0.2240849
-0.2135674
-0.2034301
-0.1896517
-0.1685384
-0.1453265
-0.1302263
-0.1250557
-0.1182664
-0.0973781
-0.0649121
-0.0372226
-0.0261170
-0.0255563
-0.0204624
-0.0071161
0.0006566
-0.0115735
-0.0387275
-0.0581146
-0.0527547
-0.0293933
-0.0099851
-0.0068231
-0.0109537
-0.0068657
0.0061359
0.0134349
0.0060906
-0.0042440
0.0026524
0.0299361
0.0567984
0.0611239
0.0455208
0.0343817
0.0442729
0.0636854
0.0677895
0.0503847
0.0329777
0.0390687
0.0654342
0.0859566
0.0825463
0.0642230
0.0516499
0.0487543
0.0386918
0.0089413
-0.0280322
-0.0468632
-0.0400666
-0.0283675
-0.0364239
-0.0635513
-0.0857508
-0.0862003
-0.0759523
-0.0793548
-0.1029726
-0.1269476
-0.1294057
-0.1135865
-0.1042824
-0.1180608
-0.1437015
-0.1563219
-0.1472452
-0.1329969
-0.1333607
-0.1464173
-0.1509665
-0.1321542
-0.0985709
-0.0714693
-0.0612193
-0.0594719
-0.0536728
-0.0431822
-0.0370492
-0.0388378
-0.0400233
-0.0305654
-0.0118803
0.0051736
0.0139781
0.0187580
0.0257733
0.0323884
0.0310520
0.0263602
0.0461007
0.1320106
0.3155045
0.5954625
0.9303734
1.2467018
1.4609960
1.5117352
1.3894706
1.1453288
0.8651118
0.6222515
0.4441842
0.3168614
0.2169551
0.1372985
0.0838439
0.0560506
0.0387157
0.0156454
-0.0126897
-0.0305280
-0.0270164
-0.0117091
-0.0066501
-0.0238421
-0.0541498
-0.0797931
-0.0945223
-0.1074124
-0.1272967
-0.1487097
-0.1576262
-0.1498917
-0.1386602
-0.1403464
-0.1558199
-0.1706021
-0.1744378
-0.1753517
-0.1892326
-0.2173155
-0.2408629
-0.2417282
-0.2243490
-0.2114880
-0.2178998
-0.2336510
-0.2374261
-0.2234349
-0.2086736
-0.2113998
-0.2273940
-0.2336871
-0.2156527
-0.1844632
-0.1638487
-0.1627408
-0.1667617
-0.1573281
-0.1337415
-0.1119565
-0.1036273
-0.1023777
-0.0934664
-0.0733992
-0.0545442
-0.0495211
-0.0554902
-0.0579109
-0.0485236
-0.0350740
-0.0316278
-0.0423930
-0.0583073
-0.0683388
-0.0701529
-0.0683210
-0.0654361
-0.0593903
-0.0497626
-0.0426492
-0.0449144
-0.0540192
-0.0579032
-0.0480369
-0.0309301
-0.0228989
-0.0326117
-0.0517423
-0.0651477
-0.0683813
-0.0711517
-0.0824003
-0.0956768
-0.0941695
-0.0711056
-0.0411369
-0.0272191
-0.0366322
-0.0541602
-0.0609321
-0.0564758
-0.0572867
-0.0737868
-0.0942453
-0.0962017
-0.0726663
-0.0419562
-0.0288157
-0.0383926
-0.0532962
-0.0564845
-0.0517227
-0.0565913
-0.0771001
-0.0961484
-0.0914268
-0.0621264
-0.0323583
-0.0263164
-0.0432007
-0.0599998
-0.0580660
-0.0427122
-0.0341845
-0.0419719
-0.0531672
-0.0479982
-0.0233107
0.0036747
0.0145501
0.0083065
-0.0016172
-0.0059501
-0.0102634
-0.0255388
-0.0516263
-0.0748634
-0.0831597
-0.0799248
-0.0794546
-0.0894743
-0.1025382
-0.1064709
-0.0998036
-0.0925090
-0.0920467
-0.0935796
-0.0869687
-0.0708578
-0.0551408
-0.0487074
-0.0489180
-0.0469935
-0.0419019
-0.0429473
-0.0559655
-0.0714896
-0.0730337
-0.0573795
-0.0406429
-0.0400716
-0.0529595
-0.0595819
-0.0477424
-0.0287959
-0.0244874
-0.0399283
-0.0561470
-0.0525479
-0.0326216
-0.0211390
-0.0354406
-0.0655135
-0.0870373
-0.0909889
-0.0932383
-0.1127297
-0.1455844
-0.1671268
-0.1597506
-0.1336355
-0.1161009
-0.1223548
-0.1415275
-0.1528046
-0.1506852
-0.1488424
-0.1594553
-0.1748892
-0.1746655
-0.1490735
-0.1110315
-0.0826792
-0.0727761
-0.0701105
-0.0583615
-0.0340294
-0.0079466
0.0085881
0.0151821
0.0191059
0.0243098
0.0274153
0.0239729
0.0147453
0.0038237
-0.0070489
-0.0189202
-0.0305741
-0.0365390
-0.0329546
-0.0245515
-0.0223358
-0.0322701
-0.0480638
-0.0585457
-0.0621973
-0.0700765
-0.0909129
-0.1157008
-0.1230037
-0.1020724
-0.0672514
-0.0449135
-0.0461560
-0.0560058
-0.0500301
-0.0151065
0.0539153
0.1760652
0.3875969
0.7058478
1.0843810
1.4146721
1.5885212
1.5693012
1.4058531
1.1802719
0.9464068
0.7170483
0.4974976
0.3134628
0.1968966
0.1503124
0.1376692
0.1164903
0.0750388
0.0330556
0.0092732
-0.0032163
-0.0264539
-0.0690192
-0.1156906
-0.1461147
-0.1579407
-0.1671061
-0.1873323
-0.2149294
-0.2360307
-0.2447829
-0.2488415
-0.2566497
-0.2647100
-0.2617197
-0.2433260
-0.2178222
-0.1961629
-0.1803259
-0.1649441
-0.1484656
-0.1372944
-0.1362333
-0.1382380
-0.1296533
-0.1074220
-0.0864745
-0.0846686
-0.1012051
-0.1158050
-0.1119503
-0.0964357
-0.0902173
-0.1010375
-0.1121924
-0.1027293
-0.0748888
-0.0540408
-0.0594315
-0.0810916
-0.0923307
-0.0833030
-0.0734375
-0.0860245
-0.1165768
-0.1357475
-0.1243283
-0.0970297
-0.0856215
-0.1025178
-0.1290188
-0.1405404
-0.1357661
-0.1338949
-0.1455778
-0.1560580
-0.1427221
-0.1049988
-0.0685437
-0.0579024
-0.0708336
-0.0841065
-0.0811949
-0.0677768
-0.0595071
-0.0608237
-0.0608192
-0.0479790
-0.0233015
0.0029879
0.0233711
0.0367705
0.0417419
0.0330400
0.0097511
-0.0165027
-0.0287276
-0.0221751
-0.0105024
-0.0107085
-0.0242114
-0.0372874
-0.0399327
-0.0388645
-0.0477754
-0.0669893
-0.0790793
-0.0680153
-0.0393951
-0.0159368
-0.0119996
-0.0176300
-0.0119212
0.0105339
0.0324846
0.0346713
0.0191517
0.0077330
0.0178497
0.0438624
0.0643158
0.0655858
0.0545841
0.0473714
0.0491662
0.0500227
0.0395892
0.0209135
0.0064289
0.0028339
0.0041999
0.0002007
-0.0124212
-0.0286968
-0.0436010
-0.0576690
-0.0733763
-0.0887244
-0.0981350
-0.1000261
-0.0999753
-0.1037402
-0.1092110
-0.1090773
-0.1011886
-0.0920161
-0.0876724
-0.0844883
-0.0726102
-0.0491905
-0.0248625
-0.0147809
-0.0239302
-0.0431956
-0.0597315
-0.0682906
-0.0705690
-0.0667230
-0.0535472
-0.0323867
-0.0132785
-0.0057521
-0.0069259
-0.0040526
0.0098852
0.0272372
0.0352238
0.0320494
0.0301026
0.0452298
0.0901990
0.1827329
0.3519140
0.6190365
0.9592975
1.2864756
1.4926904
1.5188222
1.3911080
1.1885229
0.9758166
0.7691602
0.5599925
0.3577443
0.1973234
0.1050231
0.0677865
0.0454311
0.0118764
-0.0239665
-0.0404577
-0.0373130
-0.0378436
-0.0594208
-0.0930055
-0.1178214
-0.1295686
-0.1439659
-0.1717231
-0.1994946
-0.2038604
-0.1818125
-0.1577600
-0.1554158
-0.1686286
-0.1687754
-0.1405465
-0.1012666
-0.0798875
-0.0830603
-0.0902377
-0.0810070
-0.0587015
-0.0431189
-0.0453483
-0.0568898
-0.0636050
-0.0637668
-0.0671111
-0.0782829
-0.0881386
-0.0846660
-0.0685443
-0.0528274
-0.0482076
-0.0533665
-0.0605753
-0.0661394
-0.0719634
-0.0788259
-0.0819813
-0.0749282
-0.0570685
-0.0368349
-0.0259583
-0.0291466
-0.0390945
-0.0424086
-0.0307591
-0.0061790
0.0237078
0.0541303
0.0859706
0.1201688
0.1505518
0.1654524
0.1596865
0.1438180
0.1364613
0.1450140
0.1576376
0.1579783
0.1452751
0.1345261
0.1363178
0.1417021
0.1314452
0.0992570
0.0612133
0.0389666
0.0354315
0.0320531
0.0116420
-0.0213045
-0.0482417
-0.0612634
-0.0716217
-0.0913264
-0.1135828
-0.1188514
-0.0990352
-0.0690406
-0.0511974
-0.0513617
-0.0553130
-0.0492799
-0.0384705
-0.0393646
-0.0554700
-0.0695971
-0.0649428
-0.0477035
-0.0403306
-0.0536056
-0.0739393
-0.0815466
-0.0750777
-0.0717044
-0.0839311
-0.1029155
-0.1091440
-0.0971624
-0.0829490
-0.0837332
-0.0960478
-0.1013344
-0.0918045
-0.0812340
-0.0859447
-0.1021006
-0.1095719
-0.0965179
-0.0735441
-0.0619375
-0.0714293
-0.0917646
-0.1047668
-0.1021038
-0.0899486
-0.0780515
-0.0687184
-0.0586512
-0.0476792
-0.0406240
-0.0413720
-0.0489090
-0.0584541
-0.0631333
-0.0562793
-0.0373202
-0.0155641
-0.0035617
-0.0055227
-0.0151309
-0.0246424
-0.0324289
-0.0408055
-0.0497519
-0.0550614
-0.0524918
-0.0432189
-0.0337585
-0.0283749
-0.0232455
-0.0130790
-0.0027731
-0.0044391
-0.0197824
-0.0333993
-0.0300116
-0.0132129
-0.0004007
-0.0025466
-0.0156372
-0.0305781
-0.0453427
-0.0651501
-0.0914789
-0.1122737
-0.1081547
-0.0741601
-0.0317408
-0.0095724
-0.0129122
-0.0218127
-0.0195263
-0.0103706
-0.0067790
-0.0112624
-0.0170595
-0.0172688
-0.0088506
0.0039800
0.0086579
-0.0027812
-0.0192190
-0.0228527
-0.0164361
-0.0193564
-0.0330693
