1.0775515
1.3188766
1.4432781
1.3975721
1.1952048
0.9146582
0.6474414
0.4432324
0.3002770
0.1975936
0.1244539
0.0783390
0.0484332
0.0164763
-0.0244352
-0.0620198
-0.0825213
-0.0914761
-0.1088437
-0.1444517
-0.1870864
-0.2217884
-0.2505354
-0.2867296
-0.3311300
-0.3642124
-0.3681609
-0.3499737
-0.3337095
-0.3309086
-0.3280141
-0.3069881
-0.2707888
-0.2395385
-0.2235404
-0.2103579
-0.1832306
-0.1455250
-0.1186385
-0.1168871
-0.1321587
-0.1456928
-0.1485227
-0.1447393
-0.1385919
-0.1270503
-0.1071652
-0.0844208
-0.0684963
-0.0630051
-0.0639155
-0.0667471
-0.0699140
-0.0704167
-0.0626062
-0.0458890
-0.0299648
-0.0258818
-0.0322407
-0.0367461
-0.0334845
-0.0317508
-0.0411694
-0.0522478
-0.0425821
-0.0059537
0.0330518
0.0420043
0.0155316
-0.0215958
-0.0470030
-0.0660936
-0.0973808
-0.1391712
-0.1646802
-0.1544024
-0.1235862
-0.1077441
-0.1236025
-0.1541160
-0.1737375
-0.1787703
-0.1849110
-0.2002353
-0.2130036
-0.2099473
-0.1977004
-0.1967027
-0.2155226
-0.2400156
-0.2511105
-0.2470013
-0.2412266
-0.2412008
-0.2367767
-0.2135880
-0.1731704
-0.1341870
-0.1139628
-0.1131148
-0.1198303
-0.1255195
-0.1321826
-0.1451105
-0.1628106
-0.1771760
-0.1827037
-0.1830371
-0.1873972
-0.2011486
-0.2203139
-0.2350595
-0.2384211
-0.2320071
-0.2234215
-0.2180823
-0.2141265
-0.2065695
-0.1965456
-0.1938214
-0.2065397
-0.2278324
-0.2365189
-0.2157351
-0.1705141
-0.1207887
-0.0714700
0.0083569
0.1670561
0.4223302
0.7292829
1.0002203
1.1609439
1.1914991
1.1179337
0.9741485
0.7792479
0.5484633
0.3118687
0.1090099
-0.0367840
-0.1320109
-0.1975020
-0.2440614
-0.2687235
-0.2716089
-0.2664076
-0.2690837
-0.2814884
-0.2936562
-0.3013394
-0.3131104
-0.3362382
-0.3617914
-0.3721953
-0.3632988
-0.3509480
-0.3513497
-0.3602956
-0.3591893
-0.3401543
-0.3161855
-0.3020674
-0.2918523
-0.2645114
-0.2119504
-0.1528033
-0.1131062
-0.0980685
-0.0905368
-0.0765752
-0.0637628
-0.0688799
-0.0927343
-0.1161415
-0.1221143
-0.1148682
-0.1117519
-0.1206194
-0.1330104
-0.1401479
-0.1474158
-0.1662390
-0.1946974
-0.2149287
-0.2133796
-0.1985668
-0.1923201
-0.2036294
-0.2167624
-0.2083257
-0.1727921
-0.1265516
-0.0876697
-0.0576190
-0.0266002
0.0068620
0.0289917
0.0263496
0.0044277
-0.0149197
-0.0157804
-0.0045821
-0.0015121
-0.0171864
-0.0417730
-0.0585548
-0.0649648
-0.0757417
-0.1044548
-0.1451989
-0.1758496
-0.1793747
-0.1599886
-0.1381526
-0.1319022
-0.1441518
-0.1653801
-0.1840520
-0.1931145
-0.1901696
-0.1761442
-0.1544010
-0.1277695
-0.0944038
-0.0490642
0.0078758
0.0635861
0.1006740
0.1171656
0.1390400
0.2095852
0.3625479
0.6015848
0.8992720
1.2082086
1.4706901
1.6264749
1.6284080
1.4659988
1.1794709
0.8467541
0.5477182
0.3301008
0.1984167
0.1266742
0.0806698
0.0362907
-0.0123907
-0.0567286
-0.0859603
-0.0990352
-0.1051955
-0.1135858
-0.1249203
-0.1354721
-0.1466420
-0.1647171
-0.1890849
-0.2058964
-0.2003193
-0.1755633
-0.1537805
-0.1537869
-0.1704701
-0.1811161
-0.1716598
-0.1514160
-0.1397183
-0.1427935
-0.1494573
-0.1484723
-0.1436343
-0.1483060
-0.1685719
-0.1966123
-0.2199984
-0.2326679
-0.2350597
-0.2278716
-0.2107540
-0.1864627
-0.1611027
-0.1374120
-0.1103251
-0.0727528
-0.0253799
0.0223997
0.0621888
0.0946865
0.1261917
0.1588653
0.1876957
0.2071831
0.2174837
0.2213940
0.2174745
0.2009405
0.1728656
0.1445115
0.1275013
0.1194264
0.1035778
0.0662186
0.0124799
-0.0382423
-0.0721715
-0.0923124
-0.1084739
-0.1215389
-0.1246599
-0.1198553
-0.1246165
-0.1540016
-0.1981804
-0.2271363
-0.2225721
-0.1997247
-0.1896733
-0.2008937
-0.2071311
-0.1781303
-0.1164106
-0.0548256
-0.0180414
0.0044349
0.0413653
0.1016416
0.1627805
0.1998891
0.2203604
0.2651834
0.3773090
0.5694018
0.8148250
1.0585989
1.2357566
1.2935540
1.2153950
1.0322977
0.8063344
0.5932768
0.4149296
0.2639893
0.1310830
0.0227364
-0.0467600
-0.0762411
-0.0861675
-0.1055700
-0.1505714
-0.2136014
-0.2709299
-0.3009941
-0.2987144
-0.2750248
-0.2435979
-0.2088928
-0.1682812
-0.1243735
-0.0898880
-0.0758770
-0.0770602
-0.0751003
-0.0590627
-0.0385518
-0.0322328
-0.0456254
-0.0661738
-0.0807351
-0.0909472
-0.1058327
-0.1233476
-0.1286318
-0.1135531
-0.0913011
-0.0845406
-0.1006491
-0.1253154
-0.1418238
-0.1501638
-0.1621247
-0.1814956
-0.1970186
-0.1964467
-0.1814447
-0.1636737
-0.1487390
-0.1297136
-0.0972489
-0.0513585
-0.0001489
0.0501143
0.0988775
0.1452691
0.1828317
0.2034495
0.2050360
0.1926515
0.1725514
0.1478278
0.1203175
0.0938149
0.0725953
0.0569197
0.0416593
0.0200557
-0.0110740
-0.0486459
-0.0841855
-0.1081432
-0.1168216
-0.1176253
-0.1259041
-0.1525364
-0.1928238
-0.2297096
-0.2501154
-0.2567276
-0.2610384
-0.2660754
-0.2612023
-0.2365230
-0.1982152
-0.1636421
-0.1416011
-0.1238359
-0.0996305
-0.0735103
-0.0602646
-0.0621198
-0.0599513
-0.0348966
0.0046139
0.0276039
0.0164791
-0.0085532
-0.0093375
0.0269360
0.0724486
0.0902888
0.0752371
0.0560075
0.0587013
0.0768999
0.0833642
0.0682129
0.0597366
0.1056906
0.2337515
0.4250684
0.6182921
0.7391902
0.7398269
0.6264602
0.4553725
0.2930168
0.1691406
0.0657018
-0.0470124
-0.1665728
-0.2565966
-0.2878562
-0.2716668
-0.2451385
-0.2283579
-0.2077587
-0.1643515
-0.1071133
-0.0670336
-0.0610318
-0.0745896
-0.0848905
-0.0906656
-0.1072470
-0.1354386
-0.1506866
-0.1314723
-0.0903361
-0.0642591
-0.0737778
-0.1018216
-0.1180845
-0.1163122
-0.1171253
-0.1357476
-0.1593768
-0.1641373
-0.1484121
-0.1385091
-0.1595143
-0.2082131
-0.2594697
-0.2935104
-0.3085867
-0.3082214
-0.2870328
-0.2373142
-0.1663851
-0.0982140
-0.0536013
-0.0320065
-0.0165422
0.0053201
0.0310407
0.0530159
0.0728498
0.0996613
0.1353707
0.1682591
0.1851770
0.1874513
0.1896177
0.2016462
0.2164899
0.2183022
0.2008113
0.1729697
0.1456938
0.1177976
0.0797873
0.0301744
-0.0181115
-0.0507363
-0.0678246
-0.0819849
-0.1016464
-0.1222464
-0.1361289
-0.1455926
-0.1593609
-0.1768676
-0.1833787
-0.1653539
-0.1275128
-0.0893345
-0.0651474
-0.0529638
-0.0442592
-0.0382477
-0.0398570
-0.0460937
-0.0436752
-0.0247800
-0.0001194
0.0104096
-0.0005303
-0.0208789
-0.0351526
-0.0415979
-0.0489978
-0.0597626
-0.0634916
-0.0499377
-0.0242848
-0.0045879
-0.0025326
-0.0063448
0.0193783
0.1171253
0.3118824
0.5888907
0.8867712
1.1174124
1.2077085
1.1367675
0.9414243
0.6893600
0.4450537
0.2511477
0.1253764
0.0622825
0.0383801
0.0263971
0.0129807
0.0025287
0.0016307
0.0034604
-0.0060255
-0.0269490
-0.0395643
-0.0264767
0.0027136
0.0177298
0.0003426
-0.0363121
-0.0658439
-0.0803373
-0.0951977
-0.1231723
-0.1541508
-0.1679602
-0.1620046
-0.1558334
-0.1663446
-0.1868204
-0.1973326
-0.1916514
-0.1841607
-0.1882239
-0.1965741
-0.1913590
-0.1705414
-0.1542033
-0.1605625
-0.1821356
-0.1932993
-0.1804469
-0.1571773
-0.1458789
-0.1486963
-0.1431697
-0.1072739
-0.0440121
0.0219807
0.0698468
0.1005680
0.1302379
0.1700730
0.2160958
0.2563254
0.2836058
0.2996511
0.3087115
0.3105531
0.3012883
0.2804226
0.2545408
0.2310941
0.2078626
0.1716460
0.1116662
0.0350604
-0.0346392
-0.0781102
-0.0985356
-0.1158466
-0.1424485
-0.1694406
-0.1807828
-0.1774731
-0.1793597
-0.2002665
-0.2283174
-0.2386958
-0.2238078
-0.2015614
-0.1905324
-0.1849609
-0.1629775
-0.1166565
-0.0628939
-0.0202447
0.0163691
0.0674274
0.1365792
0.1975143
0.2193382
0.1997213
0.1648958
0.1383038
0.1182649
0.0898649
0.0506933
0.0154020
-0.0040160
-0.0135063
-0.0285235
-0.0554870
-0.0871807
-0.1143883
-0.1356512
-0.1540056
-0.1693917
-0.1791676
-0.1846818
-0.1926162
-0.2084382
-0.2310237
-0.2546963
-0.2736443
-0.2823892
-0.2755469
-0.2528215
-0.2246282
-0.2072996
-0.2084393
-0.2183227
-0.2185845
-0.1981597
-0.1573219
-0.0974673
-0.0145776
0.0910030
0.2015346
0.2895732
0.3473758
0.4074136
0.5244664
0.7282125
0.9891748
1.2306740
1.3756802
1.3878234
1.2783263
1.0850741
0.8485859
0.6008157
0.3653541
0.1607188
0.0017021
-0.1024825
-0.1528155
-0.1641486
-0.1612442
-0.1652383
-0.1803650
-0.1951489
-0.1987508
-0.1946828
-0.1954277
-0.2049002
-0.2122692
-0.2067048
-0.1943400
-0.1937751
-0.2132696
-0.2374041
-0.2409411
-0.2146459
-0.1731346
-0.1365460
-0.1087615
-0.0773418
-0.0329471
0.0164187
0.0523563
0.0642170
0.0575564
0.0459392
0.0374301
0.0295386
0.0152857
-0.0071159
-0.0302292
-0.0429841
-0.0411861
-0.0322640
-0.0279791
-0.0322195
-0.0383763
-0.0402793
-0.0427805
-0.0564227
-0.0806875
-0.0977976
-0.0888537
-0.0556029
-0.0208352
-0.0049736
-0.0065832
-0.0101199
-0.0090831
-0.0129646
-0.0290814
-0.0452036
-0.0385471
-0.0016083
0.0473943
0.0824182
0.0938320
0.0913127
0.0860696
0.0772341
0.0579561
0.0294435
0.0023444
-0.0161729
-0.0317979
-0.0563964
-0.0937084
-0.1343509
-0.1645215
-0.1778329
-0.1793540
-0.1806732
-0.1913651
-0.2125111
-0.2363671
-0.2531882
-0.2600193
-0.2623843
-0.2659289
-0.2672787
-0.2566238
-0.2315650
-0.2060051
-0.2001796
-0.2194353
-0.2454280
-0.2518110
-0.2283002
-0.1867112
-0.1442890
-0.1065320
-0.0697579
-0.0365011
-0.0204121
-0.0321488
-0.0634559
-0.0903283
-0.0939086
-0.0771274
-0.0600444
-0.0602557
-0.0791707
-0.1056512
-0.1289102
-0.1455996
-0.1565240
-0.1608728
-0.1562992
-0.1442321
-0.1330759
-0.1337647
-0.1500209
-0.1724013
-0.1835865
-0.1718305
-0.1402237
-0.1029667
-0.0732178
-0.0541232
-0.0374030
-0.0042238
0.0742754
0.2292543
0.4727297
0.7735773
1.0561961
1.2344329
1.2601611
1.1472239
0.9519704
0.7321685
0.5222237
0.3380064
0.1913162
0.0912150
0.0343368
0.0025951
-0.0248103
-0.0578697
-0.0943239
-0.1277409
-0.1531657
-0.1667154
-0.1663244
-0.1569571
-0.1516285
-0.1607564
-0.1793827
-0.1902768
-0.1834047
-0.1687101
-0.1640784
-0.1721328
-0.1764729
-0.1641389
-0.1455397
-0.1439075
-0.1652977
-0.1875301
-0.1849905
-0.1608050
-0.1460585
-0.1646878
-0.2053726
-0.2342285
-0.2324875
-0.2133647
-0.1993302
-0.1902938
-0.1630461
-0.1022984
-0.0249179
0.0323461
0.0483009
0.0366450
0.0291007
0.0424791
0.0657340
0.0784711
0.0766260
0.0750622
0.0862384
0.1029259
0.1069157
0.0930595
0.0787010
0.0855676
0.1140556
0.1396671
0.1363640
0.1008551
0.0515806
0.0064794
-0.0325936
-0.0723667
-0.1115203
-0.1387450
-0.1478636
-0.1495908
-0.1640147
-0.2012657
-0.2505055
-0.2872890
-0.2913892
-0.2599829
-0.2076491
-0.1554940
-0.1181274
-0.0971159
-0.0847033
-0.0741264
-0.0667566
-0.0682578
-0.0777260
-0.0839546
-0.0765251
-0.0601419
-0.0528004
-0.0661057
-0.0897222
-0.1002002
-0.0862482
-0.0615840
-0.0496427
-0.0574622
-0.0697254
-0.0704778
-0.0660075
-0.0794012
-0.1214823
-0.1734011
-0.2035959
-0.1999865
-0.1796371
-0.1663534
-0.1651477
-0.1628075
-0.1486932
-0.1264824
-0.1038163
-0.0774807
-0.0352793
0.0304098
0.1199862
0.2401495
0.4101001
0.6401804
0.8999463
1.1157789
1.2116806
1.1590367
0.9899437
0.7671350
0.5445546
0.3515678
0.2006797
0.0969575
0.0372420
0.0075581
-0.0104820
-0.0287534
-0.0502734
-0.0771389
-0.1152104
-0.1661940
-0.2173886
-0.2465044
-0.2410332
-0.2112602
-0.1809705
-0.1652857
-0.1597509
-0.1513965
-0.1373630
-0.1287767
-0.1355259
-0.1507662
-0.1551696
-0.1376119
-0.1084625
-0.0894272
-0.0911683
-0.1035701
-0.1080401
-0.0968027
-0.0788330
-0.0686106
-0.0715171
-0.0806894
-0.0862664
-0.0851240
-0.0805618
-0.0742848
-0.0618785
-0.0377244
-0.0035289
0.0293153
0.0466082
0.0420775
0.0235215
0.0087910
0.0133448
0.0389789
0.0738810
0.1040814
0.1250300
0.1422065
0.1613319
0.1792282
0.1853590
0.1729792
0.1480902
0.1252211
0.1127922
0.1037596
0.0830879
0.0449413
0.0009636
-0.0294052
-0.0364695
-0.0282806
-0.0222823
-0.0296343
-0.0471484
-0.0632094
-0.0698019
-0.0675624
-0.0602749
-0.0478671
-0.0272893
0.0004176
0.0260492
0.0363625
0.0231376
-0.0100990
-0.0491909
-0.0782562
-0.0897699
-0.0874621
-0.0804104
-0.0753803
-0.0746829
-0.0789386
-0.0887949
-0.1027965
-0.1150004
-0.1173823
-0.1065403
-0.0875748
-0.0693847
-0.0560621
-0.0455504
-0.0371833
-0.0350241
-0.0379466
-0.0293116
0.0133890
0.0934550
0.1863498
0.2671101
0.3483668
0.4807139
0.7019622
0.9813834
1.2206156
1.3194927
1.2468770
1.0505035
0.8047547
0.5569793
0.3223202
0.1139474
-0.0404272
-0.1170063
-0.1229904
-0.0973664
-0.0830933
-0.0984769
-0.1325819
-0.1636399
-0.1798113
-0.1845424
-0.1864638
-0.1873201
-0.1802177
-0.1591865
-0.1301489
-0.1105179
-0.1139644
-0.1340425
-0.1469702
-0.1351003
-0.1056157
-0.0808025
-0.0711514
-0.0660048
-0.0537895
-0.0432729
-0.0545607
-0.0893340
-0.1202401
-0.1177498
-0.0846941
-0.0552246
-0.0562323
-0.0765387
-0.0818809
-0.0573428
-0.0239545
-0.0092068
-0.0103039
0.0028515
0.0496926
0.1135963
0.1583091
0.1646657
0.1461111
0.1300155
0.1298046
0.1384413
0.1456659
0.1541613
0.1741195
0.2045929
0.2271501
0.2218188
0.1878234
0.1460312
0.1203484
0.1164746
0.1179228
0.1024782
0.0628468
0.0110505
-0.0362895
-0.0730154
-0.1017575
-0.1222744
-0.1290664
-0.1208947
-0.1054469
-0.0903002
-0.0735674
-0.0493774
-0.0214752
-0.0044702
-0.0070583
-0.0169669
-0.0100632
0.0218414
0.0570068
0.0646357
0.0389824
0.0051170
-0.0111240
-0.0104986
-0.0116702
-0.0222776
-0.0300391
-0.0228462
-0.0073606
-0.0012571
-0.0116941
-0.0293877
-0.0446765
-0.0619286
-0.0909689
-0.1267742
-0.1484869
-0.1447121
-0.1323797
-0.1390550
-0.1672748
-0.1879674
-0.1741296
-0.1326521
-0.0947525
-0.0790123
-0.0734118
-0.0559386
-0.0258578
-0.0067380
-0.0174395
-0.0468116
-0.0649214
-0.0584509
-0.0453564
-0.0496447
-0.0701421
-0.0843348
-0.0793329
-0.0667628
-0.0641409
-0.0707215
-0.0689835
-0.0472686
-0.0146179
0.0089892
0.0139329
0.0069878
-0.0052827
-0.0309564
-0.0798698
-0.1385260
-0.1726874
-0.1621759
-0.1233207
-0.0878447
-0.0668394
-0.0468586
-0.0179925
0.0076437
0.0108656
-0.0069028
-0.0191051
-0.0023188
0.0324125
0.0460365
0.0161738
-0.0333120
-0.0608083
-0.0594415
-0.0619748
-0.0920129
-0.1312086
-0.1452644
-0.1276504
-0.1046056
-0.1043746
-0.1301726
-0.1582909
-0.1600037
-0.1334979
-0.1133309
-0.1334546
-0.1801153
