0.0021891
-0.0018013
0.0112463
0.0289031
0.0430846
0.0558688
0.0685430
0.0732023
0.0614303
0.0384258
0.0208471
0.0178421
0.0189128
0.0057589
-0.0250464
-0.0565365
-0.0704070
-0.0678399
-0.0674398
-0.0837302
-0.1120239
-0.1355914
-0.1437218
-0.1389704
-0.1284739
-0.1137999
-0.0922897
-0.0656779
-0.0428293
-0.0326116
-0.0359106
-0.0458540
-0.0546076
-0.0585826
-0.0581736
-0.0551523
-0.0514715
-0.0492109
-0.0499436
-0.0541119
-0.0618904
-0.0743996
-0.0925333
-0.1137600
-0.1312924
-0.1385429
-0.1352463
-0.1281569
-0.1244545
-0.1248279
-0.1247039
-0.1227950
-0.1260639
-0.1425832
-0.1685146
-0.1859250
-0.1789181
-0.1531266
-0.1342276
-0.1412757
-0.1619977
-0.1613543
-0.1190592
-0.0532861
0.0037635
0.0575564
0.1682995
0.3999841
0.7438799
1.0977060
1.3319818
1.3850266
1.2967253
1.1548983
1.0163029
0.8802791
0.7257184
0.5545246
0.3920020
0.2565107
0.1452678
0.0522626
-0.0133927
-0.0391053
-0.0351554
-0.0354831
-0.0646811
-0.1101752
-0.1366282
-0.1279652
-0.1067396
-0.1075785
-0.1377632
-0.1726001
-0.1885526
-0.1906529
-0.2005877
-0.2232801
-0.2363579
-0.2163029
-0.1682103
-0.1223182
-0.1024363
-0.1048131
-0.1103012
-0.1105856
-0.1144938
-0.1291406
-0.1436968
-0.1388446
-0.1104883
-0.0773434
-0.0622414
-0.0695170
-0.0845153
-0.0929745
-0.0947611
-0.0967535
-0.0981380
-0.0902009
-0.0711354
-0.0541313
-0.0547051
-0.0715434
-0.0861210
-0.0835406
-0.0688860
-0.0576211
-0.0518371
-0.0339034
0.0120003
0.0765760
0.1310312
0.1568446
0.1634660
0.1716921
0.1839438
0.1804571
0.1479650
0.1044928
0.0858357
0.1062019
0.1395876
0.1458905
0.1127062
0.0649378
0.0328566
0.0181011
-0.0025982
-0.0433408
-0.0883192
-0.1101060
-0.1037560
-0.0940492
-0.1064957
-0.1374585
-0.1600526
-0.1586868
-0.1495988
-0.1610240
-0.1956612
-0.2208962
-0.2007471
-0.1344602
-0.0582049
-0.0085529
0.0105480
0.0221008
0.0430589
0.0652536
0.0703685
0.0559680
0.0386199
0.0323280
0.0321397
0.0236649
0.0037589
-0.0163192
-0.0287669
-0.0422183
-0.0703425
-0.1103317
-0.1410654
-0.1460977
-0.1335492
-0.1274480
-0.1408162
-0.1636284
-0.1791332
-0.1858411
-0.1968485
-0.2193747
-0.2434875
-0.2556110
-0.2579172
-0.2655139
-0.2826419
-0.2890623
-0.2582340
-0.1895487
-0.1164533
-0.0775959
-0.0803826
-0.0959547
-0.0905248
-0.0593275
-0.0284504
-0.0251703
-0.0495421
-0.0762680
-0.0829036
-0.0733196
-0.0710832
-0.0897347
-0.1128738
-0.1085112
-0.0650041
-0.0078850
0.0281017
0.0486030
0.1156415
0.3007721
0.6116176
0.9643545
1.2362589
1.3532670
1.3313561
1.2381944
1.1219079
0.9802288
0.7915547
0.5624095
0.3369432
0.1642804
0.0644751
0.0256473
0.0241707
0.0400019
0.0573270
0.0634333
0.0546253
0.0392787
0.0275116
0.0172636
-0.0036187
-0.0389614
-0.0732979
-0.0859646
-0.0756857
-0.0645858
-0.0741121
-0.1011052
-0.1238438
-0.1308598
-0.1357319
-0.1579681
-0.1939159
-0.2164959
-0.2072104
-0.1814248
-0.1732004
-0.1951951
-0.2219159
-0.2183872
-0.1811520
-0.1420161
-0.1290915
-0.1320187
-0.1144543
-0.0599575
0.0041034
0.0346812
0.0207552
-0.0057629
-0.0082596
0.0133492
0.0267100
0.0092283
-0.0237381
-0.0376081
-0.0195960
0.0077094
0.0142255
-0.0043358
-0.0270357
-0.0371629
-0.0413108
-0.0557524
-0.0809237
-0.0982817
-0.0929214
-0.0722398
-0.0574358
-0.0596447
-0.0701652
-0.0742018
-0.0681820
-0.0593078
-0.0513114
-0.0376358
-0.0110863
0.0242127
0.0554315
0.0747677
0.0858118
0.0944748
0.0976067
0.0856340
0.0565516
0.0227086
0.0000224
-0.0086499
-0.0160232
-0.0349412
-0.0624533
-0.0820694
-0.0822775
-0.0706724
-0.0674596
-0.0847192
-0.1135146
-0.1327135
-0.1303962
-0.1155505
-0.1081351
-0.1185157
-0.1384228
-0.1525829
-0.1566900
-0.1599309
-0.1687477
-0.1723293
-0.1502244
-0.0961428
-0.0300788
0.0183333
0.0388304
0.0487639
0.0697842
0.0994962
0.1122945
0.0899935
0.0464553
0.0157116
0.0158081
0.0300829
0.0275119
-0.0022802
-0.0400996
-0.0624942
-0.0685209
-0.0758173
-0.0936049
-0.1087040
-0.1027959
-0.0786316
-0.0612753
-0.0719757
-0.1062720
-0.1415729
-0.1623181
-0.1712614
-0.1767851
-0.1777611
-0.1673454
-0.1479296
-0.1329410
-0.1302244
-0.1295811
-0.1140163
-0.0823818
-0.0530824
-0.0410790
-0.0364446
-0.0141693
0.0336513
0.0827841
0.1001558
0.0796419
0.0475346
0.0307630
0.0263416
0.0091933
-0.0316301
-0.0736932
-0.0841871
-0.0587109
-0.0287586
-0.0274212
-0.0531783
-0.0746425
-0.0701912
-0.0543293
-0.0586727
-0.0907014
-0.1210480
-0.1161967
-0.0784254
-0.0449801
-0.0463647
-0.0724027
-0.0857721
-0.0663147
-0.0332129
-0.0195951
-0.0315558
-0.0411790
-0.0206899
0.0244806
0.0624698
0.0708490
0.0573658
0.0431639
0.0333040
0.0129740
-0.0271675
-0.0710280
-0.0903149
-0.0764958
-0.0524861
-0.0489090
-0.0723383
-0.1020836
-0.1175380
-0.1224761
-0.1380407
-0.1742310
-0.2144870
-0.2314623
-0.2155010
-0.1837698
-0.1615845
-0.1587014
-0.1658327
-0.1703710
-0.1691623
-0.1646278
-0.1543692
-0.1316104
-0.0966396
-0.0625588
-0.0452661
-0.0487223
-0.0635443
-0.0798788
-0.0968784
-0.1165011
-0.1321728
-0.1313451
-0.1114622
-0.0873356
-0.0764302
-0.0787203
-0.0781491
-0.0655240
-0.0524243
-0.0553017
-0.0692120
-0.0679806
-0.0351658
0.0121997
0.0399830
0.0362870
0.0258197
0.0425101
0.0977537
0.1861210
0.3165687
0.5171732
0.7935147
1.0877974
1.2983537
1.3532532
1.2647955
1.1075623
0.9457144
0.7881046
0.6123038
0.4184837
0.2458331
0.1355325
0.0885033
0.0677001
0.0385818
-0.0009287
-0.0311676
-0.0422596
-0.0466744
-0.0614481
-0.0857345
-0.1015000
-0.0950072
-0.0728990
-0.0553502
-0.0560998
-0.0721838
-0.0921439
-0.1098851
-0.1276706
-0.1473996
-0.1633172
-0.1658081
-0.1515739
-0.1281809
-0.1078929
-0.0974138
-0.0935534
-0.0876591
-0.0731675
-0.0497120
-0.0225005
0.0007291
0.0137124
0.0155379
0.0109530
0.0044755
-0.0067364
-0.0310968
-0.0700981
-0.1088456
-0.1248411
-0.1100914
-0.0819488
-0.0667441
-0.0722527
-0.0818168
-0.0789582
-0.0721441
-0.0858479
-0.1261293
-0.1652282
-0.1696365
-0.1403741
-0.1144881
-0.1229120
-0.1554297
-0.1760097
-0.1684468
-0.1538143
-0.1578712
-0.1716358
-0.1577126
-0.0960828
-0.0117241
0.0511859
0.0766607
0.0884176
0.1149911
0.1550723
0.1847208
0.1919071
0.1913952
0.2028987
0.2239291
0.2327145
0.2154034
0.1818103
0.1517134
0.1319971
0.1135802
0.0884906
0.0620127
0.0447218
0.0376366
0.0312908
0.0184106
0.0014865
-0.0142707
-0.0304155
-0.0521900
-0.0770537
-0.0923570
-0.0880924
-0.0696255
-0.0535009
-0.0502035
-0.0544967
-0.0546187
-0.0478231
-0.0423231
-0.0442690
-0.0481255
-0.0434739
-0.0286536
-0.0127793
-0.0040187
-0.0004680
0.0045476
0.0112549
0.0126778
0.0056946
-0.0017744
0.0012782
0.0148716
0.0258917
0.0212444
0.0004901
-0.0263327
-0.0506007
-0.0708775
-0.0877170
-0.0980021
-0.0976152
-0.0873274
-0.0722361
-0.0554975
-0.0356985
-0.0113541
0.0146729
0.0375163
0.0557527
0.0718276
0.0871371
0.0993554
0.1055193
0.1048609
0.0961043
0.0746841
0.0382242
-0.0042134
-0.0339692
-0.0391959
-0.0280436
-0.0205299
-0.0267659
-0.0380897
-0.0422017
-0.0418327
-0.0510363
-0.0730652
-0.0903147
-0.0831985
-0.0562599
-0.0368090
-0.0442433
-0.0670317
-0.0774966
-0.0672561
-0.0581694
-0.0731034
-0.1024847
-0.1103121
-0.0752308
-0.0177276
0.0202030
0.0193036
-0.0012151
-0.0133807
-0.0164652
-0.0334441
-0.0735089
-0.1108899
-0.1104033
-0.0699122
-0.0262640
-0.0155972
-0.0355703
-0.0543109
-0.0525836
-0.0456041
-0.0586262
-0.0896357
-0.1083302
-0.0937933
-0.0633888
-0.0554504
-0.0857500
-0.1304009
-0.1551924
-0.1548506
-0.1553674
-0.1790003
-0.2157338
-0.2343079
-0.2171014
-0.1767577
-0.1375336
-0.1072398
-0.0743030
-0.0308646
0.0100648
0.0269832
0.0168794
0.0020129
0.0059455
0.0268157
0.0403980
0.0296551
0.0049433
-0.0098943
-0.0081428
-0.0082988
-0.0275211
-0.0532297
-0.0515120
-0.0058730
0.0624404
0.1237406
0.1875998
0.3069149
0.5218619
0.8005789
1.0459353
1.1688394
1.1548767
1.0580759
0.9358619
0.8002704
0.6337312
0.4390190
0.2573050
0.1339567
0.0771027
0.0584225
0.0498241
0.0480928
0.0615805
0.0839883
0.0933586
0.0770236
0.0477116
0.0281218
0.0231904
0.0156230
-0.0098494
-0.0451978
-0.0685334
-0.0722008
-0.0734022
-0.0935798
-0.1323394
-0.1682729
-0.1852962
-0.1917157
-0.2082482
-0.2390196
-0.2608940
-0.2461273
-0.1945025
-0.1385846
-0.1146683
-0.1299964
-0.1607471
-0.1809303
-0.1888775
-0.2024323
-0.2299895
-0.2518266
-0.2351439
-0.1688057
-0.0802643
-0.0141875
0.0067916
-0.0014261
-0.0069571
0.0028492
0.0126660
0.0043854
-0.0155430
-0.0200816
0.0070296
0.0493312
0.0720897
0.0582366
0.0253837
0.0047290
0.0064630
0.0111191
-0.0049673
-0.0413142
-0.0745057
-0.0854749
-0.0801942
-0.0810101
-0.1001750
-0.1258150
-0.1346921
-0.1159895
-0.0799778
-0.0444590
-0.0166288
0.0096173
0.0408806
0.0728746
0.0930598
0.0928044
0.0753899
0.0526414
0.0351562
0.0259817
0.0220918
0.0195674
0.0161792
0.0103058
0.0000731
-0.0151505
-0.0335963
-0.0530246
-0.0736553
-0.0977361
-0.1252959
-0.1508581
-0.1661109
-0.1679520
-0.1646326
-0.1718069
-0.1988161
-0.2373384
-0.2659233
-0.2692702
-0.2539790
-0.2430665
-0.2522906
-0.2715145
-0.2716121
-0.2323112
-0.1637471
-0.0991141
-0.0651471
-0.0606169
-0.0640744
-0.0600356
-0.0538952
-0.0607489
-0.0833180
-0.1050795
-0.1063133
-0.0851668
-0.0605768
-0.0536203
-0.0672367
-0.0860330
-0.0955660
-0.0986373
-0.1099651
-0.1360937
-0.1648309
-0.1773917
-0.1697021
-0.1580048
-0.1614149
-0.1808893
-0.1989871
-0.2006408
-0.1897255
-0.1813302
-0.1804642
-0.1754792
-0.1549774
-0.1252914
-0.1042304
-0.0986478
-0.0963998
-0.0852463
-0.0733711
-0.0783497
-0.0893091
-0.0481302
0.1142483
0.4095781
0.7598256
1.0417892
1.1740504
1.1667792
1.0913153
1.0053774
0.9085398
0.7650700
0.5613880
0.3352422
0.1488334
0.0372936
-0.0143145
-0.0463602
-0.0828529
-0.1156283
-0.1248366
-0.1075102
-0.0821027
-0.0670751
-0.0605663
-0.0454029
-0.0136095
0.0190249
0.0272008
0.0039326
-0.0309189
-0.0525639
-0.0585469
-0.0694754
-0.1027470
-0.1506404
-0.1885297
-0.2031581
-0.2074159
-0.2243975
-0.2601346
-0.2973919
-0.3164308
-0.3156397
-0.3071091
-0.2961426
-0.2742942
-0.2357218
-0.1935712
-0.1713347
-0.1764835
-0.1884255
-0.1778763
-0.1373730
-0.0880696
-0.0547709
-0.0385056
-0.0188651
0.0177413
0.0592578
0.0818440
0.0790704
0.0703999
0.0784533
0.1021532
0.1176386
0.1064991
0.0791819
0.0659427
0.0837693
0.1158502
0.1279193
0.1047303
0.0659871
0.0433019
0.0441999
0.0447110
0.0199213
-0.0220835
-0.0431330
-0.0144014
0.0506060
0.1077015
0.1265559
0.1177545
0.1122019
0.1198268
0.1189649
0.0884102
0.0399841
0.0088204
0.0120539
0.0269858
0.0168022
-0.0262064
-0.0719795
-0.0891039
-0.0819325
-0.0832867
-0.1126002
-0.1517678
-0.1678634
-0.1533806
-0.1347626
-0.1411849
-0.1730927
-0.2060196
-0.2201850
-0.2184508
-0.2148192
-0.2131549
-0.2042297
-0.1818908
-0.1540816
-0.1337513
-0.1236012
-0.1164206
-0.1092344
-0.1091086
-0.1209704
-0.1351253
-0.1346238
-0.1157787
-0.0955895
-0.0945278
-0.1139273
-0.1352118
-0.1424950
-0.1412098
-0.1493400
-0.1717782
-0.1908780
-0.1871455
-0.1652543
-0.1518024
-0.1653761
-0.1942524
-0.2089020
-0.1953797
-0.1709938
-0.1638198
-0.1792022
-0.1921575
-0.1756957
-0.1329276
-0.0947388
-0.0848203
-0.0937826
-0.0940564
-0.0772132
-0.0664527
-0.0865706
-0.1272845
-0.1474980
-0.1201473
-0.0643290
-0.0198984
0.0124528
0.0930204
0.2890528
0.5948032
0.9136389
1.1277580
1.1869688
1.1301248
1.0281801
0.9168708
0.7849989
0.6152632
0.4220154
0.2460309
0.1203761
0.0485017
0.0127740
-0.0042220
-0.0094519
-0.0035771
0.0115927
0.0291296
0.0369526
0.0234827
-0.0115859
-0.0519644
-0.0758851
-0.0765868
-0.0699094
-0.0783190
-0.1082458
-0.1465663
-0.1792595
-0.2076659
-0.2406320
-0.2731328
-0.2831675
-0.2572772
-0.2142735
-0.1921829
-0.2080486
-0.2384373
-0.2464491
-0.2233533
-0.1943429
-0.1833451
-0.1828719
-0.1665708
-0.1264430
-0.0852653
-0.0676166
-0.0678798
-0.0586909
-0.0296599
-0.0038849
-0.0078462
-0.0336900
-0.0453399
-0.0222525
0.0154828
0.0320045
0.0167780
-0.0097449
-0.0282673
-0.0449404
-0.0770348
-0.1229951
-0.1599177
-0.1725552
-0.1736284
-0.1863366
-0.2122216
-0.2287013
-0.2198460
-0.1976360
-0.1844794
-0.1819839
-0.1694447
-0.1337731
-0.0900990
-0.0658886
-0.0695877
-0.0832523
-0.0865285
-0.0803760
-0.0815994
-0.0977099
-0.1158107
-0.1187866
-0.1055904
-0.0891614
-0.0777838
-0.0665417
-0.0475644
-0.0210612
0.0077658
0.0378601
0.0735002
0.1201008
0.1868657
0.2954144
0.4772352
0.7491421
1.0823121
1.3975206
1.6021627
1.6446255
1.5406250
1.3509665
1.1356449
0.9256702
0.7282664
0.5476117
0.3958553
0.2859980
0.2178211
0.1745446
0.1365955
0.0986543
0.0696491
0.0550117
0.0441751
0.0208847
-0.0162293
-0.0501313
-0.0650215
-0.0652989
-0.0696727
-0.0867815
-0.1033757
-0.1026560
-0.0909351
-0.0950547
-0.1283435
-0.1683539
-0.1800770
-0.1585604
-0.1351666
-0.1376497
-0.1557343
-0.1564669
-0.1275732
-0.0917102
-0.0747619
-0.0716009
-0.0548080
-0.0145712
0.0240427
0.0311200
0.0097704
-0.0102327
-0.0149040
-0.0248200
-0.0625761
-0.1144428
-0.1413193
-0.1256176
-0.0916660
-0.0747541
-0.0819738
-0.0938540
-0.0979818
-0.1055394
-0.1293005
-0.1565647
-0.1587352
-0.1284779
-0.0934226
-0.0836178
-0.0945011
-0.0964013
-0.0772611
-0.0578345
-0.0581484
-0.0637848
-0.0401279
0.0243471
0.1023295
0.1572872
0.1793633
0.1858094
0.1914966
0.1902025
0.1694900
0.1356680
0.1112309
0.1063416
0.1049764
0.0867098
0.0531863
0.0222839
0.0019065
-0.0168097
-0.0405322
-0.0612198
-0.0685550
-0.0674748
-0.0755420
-0.1031776
-0.1405364
-0.1669530
-0.1739035
-0.1749448
-0.1883671
-0.2131811
-0.2311705
-0.2326989
-0.2293859
-0.2369968
-0.2559273
-0.2752230
-0.2871502
-0.2892712
-0.2781099
-0.2498075
-0.2059328
-0.1550680
-0.1104501
-0.0846950
-0.0795989
-0.0812653
-0.0739962
-0.0587766
-0.0481703
-0.0449818
-0.0402970
-0.0323735
-0.0302127
-0.0355218
-0.0384521
-0.0350002
-0.0307508
-0.0244933
-0.0103752
-0.0016601
-0.0250551
-0.0780925
