-0.1283667
-0.1120875
-0.0872687
-0.0847070
-0.1094376
-0.1355686
-0.1347953
-0.1067031
-0.0780507
-0.0731043
-0.0883936
-0.0988824
-0.0870047
-0.0614964
-0.0459237
-0.0513758
-0.0647054
-0.0647631
-0.0469438
-0.0279282
-0.0264599
-0.0434530
-0.0637560
-0.0751042
-0.0801544
-0.0880286
-0.0981720
-0.0984434
-0.0803951
-0.0520879
-0.0313316
-0.0268747
-0.0304891
-0.0292524
-0.0219074
-0.0186234
-0.0255180
-0.0350739
-0.0352731
-0.0251276
-0.0157652
-0.0156847
-0.0202171
-0.0196527
-0.0148948
-0.0183446
-0.0371260
-0.0605125
-0.0694860
-0.0574309
-0.0356440
-0.0173255
-0.0024074
0.0171076
0.0428950
0.0739752
0.1289857
0.2532922
0.4854371
0.8070707
1.1317300
1.3552339
1.4248459
1.3615770
1.2197094
1.0339332
0.8109388
0.5638672
0.3365876
0.1810423
0.1118463
0.0924106
0.0708365
0.0266373
-0.0211834
-0.0480292
-0.0563176
-0.0699540
-0.1020509
-0.1379762
-0.1539634
-0.1467220
-0.1372895
-0.1457436
-0.1691060
-0.1889005
-0.1965813
-0.2031078
-0.2203315
-0.2391896
-0.2354858
-0.1995387
-0.1533980
-0.1310372
-0.1415735
-0.1588655
-0.1517082
-0.1204045
-0.0965906
-0.1060264
-0.1378357
-0.1559741
-0.1388477
-0.1006013
-0.0707499
-0.0588152
-0.0469682
-0.0174736
0.0214448
0.0443960
0.0407909
0.0293316
0.0365710
0.0655530
0.0918671
0.0906344
0.0621572
0.0284142
0.0083739
0.0024789
0.0011934
0.0019974
0.0120123
0.0353817
0.0645073
0.0868146
0.0966664
0.0963900
0.0872754
0.0655706
0.0301244
-0.0098910
-0.0405871
-0.0578037
-0.0721201
-0.0960316
-0.1275372
-0.1509502
-0.1556960
-0.1505909
-0.1547252
-0.1744148
-0.1941286
-0.1936893
-0.1724564
-0.1521701
-0.1547241
-0.1799573
-0.2080277
-0.2224336
-0.2265391
-0.2350280
-0.2518228
-0.2622558
-0.2500314
-0.2189484
-0.1924181
-0.1894754
-0.2038472
-0.2098304
-0.1888434
-0.1479036
-0.1107388
-0.0923781
-0.0854333
-0.0721469
-0.0469133
-0.0228734
-0.0158342
-0.0255088
-0.0361864
-0.0350824
-0.0263286
-0.0250906
-0.0399491
-0.0642400
-0.0853805
-0.1000767
-0.1170587
-0.1444199
-0.1773920
-0.2018558
-0.2094497
-0.2058192
-0.2022577
-0.2016464
-0.1963613
-0.1806472
-0.1616388
-0.1539003
-0.1620305
-0.1721683
-0.1655360
-0.1410988
-0.1199129
-0.1220448
-0.1405728
-0.1448502
-0.1125356
-0.0530857
0.0089263
0.0756284
0.1929295
0.4141875
0.7405210
1.0990638
1.3853901
1.5304711
1.5293528
1.4142100
1.2141763
0.9488201
0.6513705
0.3784489
0.1827167
0.0751697
0.0207968
-0.0249747
-0.0769035
-0.1172806
-0.1277849
-0.1170663
-0.1141064
-0.1381393
-0.1804065
-0.2161815
-0.2311483
-0.2336637
-0.2427761
-0.2669495
-0.2952124
-0.3082775
-0.2977095
-0.2741689
-0.2571803
-0.2574734
-0.2695754
-0.2802749
-0.2818748
-0.2760675
-0.2664151
-0.2501043
-0.2194758
-0.1718678
-0.1158735
-0.0654955
-0.0281384
-0.0007078
0.0214323
0.0343882
0.0283944
0.0012736
-0.0332617
-0.0536121
-0.0480581
-0.0249201
-0.0047394
-0.0016556
-0.0119645
-0.0206756
-0.0184469
-0.0110484
-0.0123816
-0.0293162
-0.0534799
-0.0670191
-0.0569497
-0.0264901
0.0058208
0.0194068
0.0071135
-0.0203826
-0.0453474
-0.0592058
-0.0691160
-0.0884666
-0.1201796
-0.1498744
-0.1575545
-0.1369548
-0.1013474
-0.0683220
-0.0409189
-0.0081424
0.0351273
0.0734547
0.0814682
0.0503516
0.0007044
-0.0346410
-0.0415370
-0.0364828
-0.0464193
-0.0784055
-0.1124551
-0.1243190
-0.1115591
-0.0946017
-0.0940796
-0.1103861
-0.1254567
-0.1220367
-0.1000729
-0.0756987
-0.0659040
-0.0742031
-0.0897705
-0.0990137
-0.0979086
-0.0945546
-0.1007553
-0.1201008
-0.1428525
-0.1531877
-0.1432476
-0.1199165
-0.0961569
-0.0760577
-0.0512504
-0.0135727
0.0307858
0.0629705
0.0685731
0.0521522
0.0330183
0.0257764
0.0261601
0.0179749
-0.0064108
-0.0357652
-0.0522668
-0.0520989
-0.0502697
-0.0640769
-0.0937498
-0.1211859
-0.1278336
-0.1130544
-0.0943526
-0.0898341
-0.1017171
-0.1177988
-0.1271509
-0.1309499
-0.1373140
-0.1489990
-0.1595602
-0.1612683
-0.1544057
-0.1477171
-0.1501225
-0.1619199
-0.1731820
-0.1702986
-0.1454173
-0.1026582
-0.0576325
-0.0289909
-0.0243871
-0.0310305
-0.0237180
0.0114153
0.0609818
0.0988929
0.1219541
0.1681887
0.2920010
0.5150630
0.7996190
1.0696739
1.2577650
1.3328905
1.2921596
1.1417623
0.8992026
0.6110889
0.3501087
0.1758709
0.0933124
0.0548588
0.0082412
-0.0576866
-0.1136148
-0.1306413
-0.1144329
-0.0977175
-0.1038837
-0.1243566
-0.1331208
-0.1181369
-0.0928652
-0.0782593
-0.0799850
-0.0865163
-0.0859612
-0.0798634
-0.0801078
-0.0952111
-0.1215349
-0.1473713
-0.1641070
-0.1726681
-0.1801019
-0.1917649
-0.2069013
-0.2194148
-0.2217297
-0.2106218
-0.1924411
-0.1812232
-0.1872363
-0.2057985
-0.2199996
-0.2169339
-0.2005520
-0.1863395
-0.1828008
-0.1803375
-0.1614957
-0.1227486
-0.0824436
-0.0630010
-0.0662882
-0.0719246
-0.0617709
-0.0410030
-0.0296065
-0.0346572
-0.0374749
-0.0119650
0.0459939
0.1108740
0.1504170
0.1549956
0.1427813
0.1369388
0.1412643
0.1400820
0.1190357
0.0815992
0.0451765
0.0244628
0.0195985
0.0178078
0.0048354
-0.0234275
-0.0581459
-0.0859570
-0.1010852
-0.1096867
-0.1224602
-0.1431240
-0.1642867
-0.1753163
-0.1749642
-0.1749497
-0.1883116
-0.2139768
-0.2364108
-0.2429341
-0.2386214
-0.2397109
-0.2521385
-0.2603500
-0.2404423
-0.1849033
-0.1135334
-0.0584531
-0.0365836
-0.0360841
-0.0300889
-0.0036237
0.0332509
0.0574364
0.0559122
0.0378777
0.0267055
0.0398117
0.0732058
0.1041965
0.1112848
0.0936400
0.0710295
0.0640734
0.0748176
0.0864339
0.0807964
0.0557687
0.0256303
0.0050211
-0.0065154
-0.0224550
-0.0519683
-0.0877576
-0.1136996
-0.1230107
-0.1253360
-0.1349296
-0.1535020
-0.1661179
-0.1547488
-0.1169533
-0.0713316
-0.0425895
-0.0393673
-0.0471418
-0.0438866
-0.0223111
0.0037265
0.0139008
0.0019244
-0.0180228
-0.0257040
-0.0168663
-0.0096989
-0.0258650
-0.0645288
-0.0993917
-0.1050623
-0.0845728
-0.0662688
-0.0720388
-0.0920982
-0.0962600
-0.0713666
-0.0419732
-0.0459837
-0.0889879
-0.1314793
-0.1285162
-0.0767756
-0.0104558
0.0517538
0.1439103
0.3241581
0.6062947
0.9255279
1.1771322
1.2898440
1.2630671
1.1412824
0.9663127
0.7610710
0.5484570
0.3645136
0.2410967
0.1808801
0.1586108
0.1464451
0.1322901
0.1150065
0.0918857
0.0585055
0.0184959
-0.0148385
-0.0317135
-0.0385892
-0.0523907
-0.0808210
-0.1132505
-0.1350374
-0.1471925
-0.1650777
-0.1975512
-0.2341463
-0.2568190
-0.2609027
-0.2596447
-0.2680701
-0.2857668
-0.2980171
-0.2936699
-0.2793008
-0.2725386
-0.2810374
-0.2915062
-0.2824300
-0.2462444
-0.1963241
-0.1528284
-0.1240398
-0.1013264
-0.0702647
-0.0262106
0.0201983
0.0528902
0.0657629
0.0673494
0.0700814
0.0769163
0.0798953
0.0706171
0.0507067
0.0321833
0.0272040
0.0358404
0.0442363
0.0376478
0.0164154
-0.0033550
-0.0068074
0.0032991
0.0089579
-0.0044794
-0.0327534
-0.0563451
-0.0610033
-0.0549687
-0.0627103
-0.0981874
-0.1458566
-0.1728501
-0.1612721
-0.1257321
-0.0976651
-0.0943033
-0.1044905
-0.1036931
-0.0807338
-0.0483262
-0.0273867
-0.0237234
-0.0241164
-0.0153847
-0.0020812
-0.0013114
-0.0221538
-0.0542542
-0.0770506
-0.0786005
-0.0658695
-0.0578095
-0.0674140
-0.0892708
-0.1055627
-0.1050850
-0.0948057
-0.0912034
-0.1013476
-0.1146913
-0.1145420
-0.0975197
-0.0800483
-0.0822847
-0.1044030
-0.1231153
-0.1166647
-0.0910355
-0.0743745
-0.0840783
-0.1059384
-0.1108299
-0.0889319
-0.0612066
-0.0552837
-0.0736486
-0.0904614
-0.0811500
-0.0511662
-0.0301282
-0.0380002
-0.0636942
-0.0805722
-0.0778261
-0.0702539
-0.0789648
-0.1087767
-0.1455247
-0.1708260
-0.1768955
-0.1693720
-0.1587338
-0.1488171
-0.1305555
-0.0831222
0.0192142
0.1952733
0.4427532
0.7309238
1.0086636
1.2227936
1.3332381
1.3207355
1.1926580
0.9852864
0.7519276
0.5378686
0.3622687
0.2231145
0.1160182
0.0436169
0.0065255
-0.0093410
-0.0285830
-0.0644981
-0.1035540
-0.1188489
-0.1023772
-0.0788081
-0.0816174
-0.1182153
-0.1648746
-0.1952483
-0.2068841
-0.2168898
-0.2365762
-0.2566192
-0.2587052
-0.2388404
-0.2146357
-0.2071147
-0.2179585
-0.2296747
-0.2281350
-0.2189153
-0.2180281
-0.2307000
-0.2444998
-0.2430179
-0.2234030
-0.2000056
-0.1913359
-0.2024807
-0.2199407
-0.2251017
-0.2128646
-0.1952364
-0.1867243
-0.1887972
-0.1896289
-0.1775561
-0.1541996
-0.1346224
-0.1326768
-0.1442746
-0.1477765
-0.1251876
-0.0819805
-0.0414243
-0.0192004
-0.0082641
0.0093928
0.0395767
0.0680014
0.0753898
0.0582252
0.0320185
0.0131575
0.0009762
-0.0169955
-0.0431993
-0.0620892
-0.0590210
-0.0413713
-0.0325403
-0.0449490
-0.0650754
-0.0680932
-0.0445716
-0.0083550
0.0252690
0.0697696
0.1714039
0.3753401
0.6819394
1.0341264
1.3459811
1.5449263
1.5969548
1.5088167
1.3174850
1.0752876
0.8343151
0.6331052
0.4878485
0.3904686
0.3172224
0.2459004
0.1690950
0.0925464
0.0240247
-0.0329849
-0.0772061
-0.1071044
-0.1225112
-0.1269360
-0.1275709
-0.1329143
-0.1479680
-0.1699006
-0.1907213
-0.2066755
-0.2228666
-0.2456759
-0.2722634
-0.2909590
-0.2923802
-0.2792859
-0.2660463
-0.2677289
-0.2866337
-0.3088098
-0.3166819
-0.3056875
-0.2852884
-0.2637684
-0.2379706
-0.2014653
-0.1586382
-0.1250485
-0.1129697
-0.1182262
-0.1223207
-0.1089255
-0.0794842
-0.0512230
-0.0384729
-0.0386716
-0.0393205
-0.0344646
-0.0277251
-0.0204016
-0.0046260
0.0276173
0.0714727
0.1084374
0.1197819
0.1026648
0.0742944
0.0579081
0.0618959
0.0735133
0.0741025
0.0579638
0.0347364
0.0168844
0.0083484
0.0034986
-0.0057302
-0.0205560
-0.0319532
-0.0292148
-0.0137433
-0.0013399
-0.0079292
-0.0343125
-0.0663427
-0.0885623
-0.0973272
-0.1028706
-0.1185857
-0.1456453
-0.1688073
-0.1713605
-0.1542780
-0.1362688
-0.1340069
-0.1461811
-0.1582528
-0.1594602
-0.1531069
-0.1513351
-0.1601980
-0.1699137
-0.1628864
-0.1339104
-0.0991966
-0.0808911
-0.0843285
-0.0948123
-0.0955620
-0.0845753
-0.0742603
-0.0778589
-0.0959935
-0.1143646
-0.1158589
-0.0974416
-0.0747460
-0.0688295
-0.0884539
-0.1231993
-0.1500631
-0.1488419
-0.1191283
-0.0845572
-0.0726090
-0.0845992
-0.0906849
-0.0611930
-0.0002874
0.0593891
0.0992818
0.1496560
0.2753057
0.5177763
0.8458902
1.1655440
1.3835988
1.4636648
1.4225437
1.2861752
1.0654804
0.7755848
0.4621533
0.1932112
0.0199574
-0.0554533
-0.0755379
-0.0908266
-0.1232015
-0.1603530
-0.1809246
-0.1799092
-0.1702688
-0.1677633
-0.1789078
-0.1985127
-0.2134427
-0.2124914
-0.1984004
-0.1880827
-0.1958044
-0.2168090
-0.2311427
-0.2236555
-0.1989957
-0.1778561
-0.1781268
-0.1970575
-0.2126815
-0.2068789
-0.1862949
-0.1748960
-0.1856189
-0.2057563
-0.2123238
-0.1965499
-0.1709522
-0.1567319
-0.1663431
-0.1945355
-0.2237541
-0.2397061
-0.2422488
-0.2408259
-0.2423740
-0.2463618
-0.2476534
-0.2392853
-0.2156662
-0.1791537
-0.1417779
-0.1149105
-0.0983844
-0.0846467
-0.0722165
-0.0694940
-0.0842157
-0.1113003
-0.1312830
-0.1221791
-0.0784287
-0.0204793
0.0195131
0.0256411
0.0097351
-0.0055926
-0.0099193
-0.0091410
-0.0133003
-0.0252348
-0.0380301
-0.0405801
-0.0283861
-0.0103698
-0.0016102
-0.0082076
-0.0224400
-0.0325782
-0.0334290
-0.0281456
-0.0248669
-0.0308442
-0.0438944
-0.0495177
-0.0323380
0.0079468
0.0546678
0.0870005
0.0922292
0.0699949
0.0313887
-0.0076555
-0.0381961
-0.0635490
-0.0897622
-0.1138825
-0.1263920
-0.1229928
-0.1096903
-0.0980492
-0.0978153
-0.1101988
-0.1251091
-0.1292646
-0.1207430
-0.1117265
-0.1138650
-0.1250382
-0.1331201
-0.1285024
-0.1113332
-0.0919406
-0.0855495
-0.0992228
-0.1202826
-0.1239328
-0.0976791
-0.0555964
-0.0253818
-0.0217936
-0.0314495
-0.0219425
0.0292212
0.1093337
0.1803979
0.2255297
0.2831761
0.4209422
0.6679716
0.9761756
1.2491748
1.4072930
1.4299609
1.3476815
1.2016799
1.0136895
0.7936090
0.5671450
0.3785808
0.2572218
0.1895000
0.1345095
0.0644184
-0.0155764
-0.0811269
-0.1144290
-0.1195490
-0.1190935
-0.1344229
-0.1659348
-0.1951762
-0.2069610
-0.2042490
-0.2008233
-0.2066004
-0.2218556
-0.2384322
-0.2443095
-0.2340064
-0.2167482
-0.2080861
-0.2121866
-0.2185700
-0.2164365
-0.2054773
-0.1930470
-0.1878203
-0.1951218
-0.2105244
-0.2188605
-0.2078105
-0.1828398
-0.1625433
-0.1600821
-0.1740355
-0.1940394
-0.2092758
-0.2151911
-0.2181184
-0.2291673
-0.2479030
-0.2578763
-0.2453424
-0.2171700
-0.1933500
-0.1866254
-0.1952490
-0.2098249
-0.2206427
-0.2228482
-0.2193486
-0.2143987
-0.2026568
-0.1724072
-0.1225152
-0.0679395
-0.0251172
0.0006877
0.0122829
0.0145056
0.0133894
0.0116501
0.0027852
-0.0208426
-0.0522887
-0.0724640
-0.0714850
-0.0602055
-0.0588116
-0.0790861
-0.1152989
-0.1457029
-0.1477190
-0.1209578
-0.0905097
-0.0766714
-0.0647590
-0.0144140
0.1051406
0.2965089
0.5404332
0.8037870
1.0417794
1.2049125
1.2512381
1.1593953
0.9452616
0.6716299
0.4241813
0.2585214
0.1693150
0.1136303
0.0566502
-0.0070052
-0.0613798
-0.0877657
-0.0833698
-0.0679809
-0.0650391
-0.0747201
-0.0770361
-0.0628450
-0.0477452
-0.0516272
-0.0771029
-0.1111896
-0.1366350
-0.1405899
-0.1249202
-0.1091603
-0.1116893
-0.1284537
-0.1408137
-0.1402411
-0.1326163
-0.1238501
-0.1165438
-0.1163198
-0.1261705
-0.1382400
-0.1444569
-0.1499063
-0.1629542
-0.1790223
-0.1869371
-0.1842932
-0.1756544
-0.1647601
-0.1583767
-0.1656342
-0.1824114
-0.1889562
-0.1735636
-0.1454267
-0.1154432
-0.0809932
-0.0399742
-0.0022849
0.0251871
0.0507670
0.0854925
0.1307932
0.1820404
0.2282782
0.2485670
0.2312310
0.1994285
0.1934843
0.2221869
0.2522922
0.2492903
0.2089742
0.1500628
0.0978020
0.0723381
0.0700766
0.0597553
0.0189233
-0.0327860
-0.0597439
-0.0591214
-0.0579730
-0.0728967
-0.0991136
-0.1277218
-0.1476462
-0.1438217
-0.1185838
-0.0994477
-0.1026380
-0.1087684
-0.0970242
-0.0779135
-0.0672494
-0.0561134
-0.0341528
-0.0147113
-0.0106779
-0.0134896
-0.0168503
-0.0277505
-0.0369612
-0.0208646
0.0093737
0.0092322
-0.0283612
-0.0557996
-0.0449731
-0.0239958
-0.0217541
-0.0349264
-0.0641471
-0.1153980
-0.1535587
-0.1315320
-0.0765077
-0.0616051
-0.0852986
-0.0801494
-0.0458307
-0.0498440
-0.0850432
-0.0741452
-0.0397478
-0.0905206
-0.1777430
-0.0632901
0.3508147
