-0.0490446
0.0401957
0.0609352
0.0665609
0.0909674
0.1210626
0.1434029
0.1602009
0.1622528
0.1331549
0.0829550
0.0417583
0.0187836
-0.0030928
-0.0343935
-0.0675780
-0.0946681
-0.1111959
-0.1079857
-0.0844926
-0.0652833
-0.0763779
-0.1058144
-0.1118443
-0.0729693
-0.0095949
0.0507736
0.1182350
0.2433329
0.4720263
0.7868693
1.0894373
1.2592563
1.2475084
1.1081588
0.9313367
0.7607550
0.5877432
0.4070942
0.2498730
0.1572599
0.1371655
0.1547633
0.1643614
0.1500170
0.1332872
0.1381062
0.1542946
0.1481069
0.1068902
0.0562342
0.0266659
0.0169631
0.0006534
-0.0386479
-0.0878215
-0.1181781
-0.1148616
-0.0936392
-0.0877234
-0.1144236
-0.1574305
-0.1873765
-0.1956370
-0.1989476
-0.2133496
-0.2348534
-0.2477917
-0.2440072
-0.2304524
-0.2219432
-0.2273920
-0.2405983
-0.2460702
-0.2362923
-0.2193926
-0.2060951
-0.1944310
-0.1740666
-0.1427700
-0.1116564
-0.0940322
-0.0923285
-0.0953181
-0.0875305
-0.0649668
-0.0421554
-0.0377068
-0.0505113
-0.0570824
-0.0375277
0.0006953
0.0304062
0.0334420
0.0174451
0.0052150
0.0103139
0.0238164
0.0259145
0.0108262
-0.0044394
-0.0009752
0.0164819
0.0236164
0.0059229
-0.0247501
-0.0461064
-0.0510644
-0.0520944
-0.0624686
-0.0782098
-0.0813352
-0.0615829
-0.0322251
-0.0187316
-0.0306980
-0.0521877
-0.0649493
-0.0744335
-0.1025724
-0.1552498
-0.2061929
-0.2186395
-0.1815368
-0.1219997
-0.0812960
-0.0780829
-0.0957864
-0.1065608
-0.1036654
-0.1041710
-0.1213085
-0.1441280
-0.1501674
-0.1326755
-0.1080275
-0.0970205
-0.1038503
-0.1150393
-0.1170725
-0.1124904
-0.1159254
-0.1338237
-0.1527813
-0.1531212
-0.1319561
-0.1063945
-0.0935019
-0.0932666
-0.0940390
-0.0900024
-0.0881417
-0.0980053
-0.1178136
-0.1342099
-0.1379508
-0.1375974
-0.1513732
-0.1830704
-0.2122350
-0.2147368
-0.1903799
-0.1629986
-0.1527668
-0.1545808
-0.1472181
-0.1207203
-0.0896995
-0.0773435
-0.0882355
-0.1020373
-0.0969968
-0.0754040
-0.0587700
-0.0588188
-0.0622995
-0.0486658
-0.0159723
0.0179129
0.0371542
0.0444740
0.0570957
0.0949402
0.1783567
0.3313080
0.5700760
0.8731890
1.1626185
1.3333585
1.3232495
1.1609435
0.9393343
0.7371103
0.5670270
0.3979445
0.2163046
0.0555410
-0.0352452
-0.0436171
-0.0077898
0.0214515
0.0263095
0.0248195
0.0339866
0.0433537
0.0314682
-0.0002199
-0.0231591
-0.0138605
0.0177525
0.0385895
0.0291920
0.0042918
-0.0066859
0.0034013
0.0092936
-0.0158841
-0.0651153
-0.1018344
-0.1005860
-0.0750278
-0.0603567
-0.0735356
-0.0989807
-0.1127633
-0.1123413
-0.1162187
-0.1367631
-0.1615451
-0.1670706
-0.1477443
-0.1226642
-0.1109628
-0.1082511
-0.0957282
-0.0692302
-0.0482259
-0.0519275
-0.0735415
-0.0859607
-0.0724263
-0.0454926
-0.0319510
-0.0413270
-0.0551458
-0.0504224
-0.0293621
-0.0177006
-0.0317361
-0.0543157
-0.0508053
-0.0075338
0.0518261
0.0900516
0.0930496
0.0800660
0.0788418
0.0948786
0.1089986
0.1045101
0.0902734
0.0904906
0.1132853
0.1376317
0.1360087
0.1060814
0.0742456
0.0678303
0.0879437
0.1118458
0.1197108
0.1145865
0.1138133
0.1241918
0.1324173
0.1223139
0.0953592
0.0671375
0.0454927
0.0210041
-0.0168685
-0.0597881
-0.0846055
-0.0794231
-0.0613181
-0.0625966
-0.0977848
-0.1477621
-0.1806708
-0.1868895
-0.1871559
-0.2043803
-0.2341482
-0.2501007
-0.2366727
-0.2087215
-0.1950192
-0.2061030
-0.2241519
-0.2258410
-0.2107343
-0.2012400
-0.2135888
-0.2347885
-0.2345731
-0.1989902
-0.1456305
-0.1033631
-0.0820927
-0.0671999
-0.0414165
-0.0060205
0.0222032
0.0321111
0.0315682
0.0374436
0.0544074
0.0682736
0.0622805
0.0365642
0.0073519
-0.0121879
-0.0256698
-0.0461567
-0.0776535
-0.1074059
-0.1183630
-0.1089068
-0.0975927
-0.1050191
-0.1310111
-0.1539907
-0.1558199
-0.1441103
-0.1445177
-0.1703864
-0.2047816
-0.2167161
-0.1946049
-0.1599138
-0.1450174
-0.1589359
-0.1791098
-0.1783309
-0.1548258
-0.1298807
-0.1176956
-0.1065339
-0.0749431
-0.0221040
0.0257823
0.0412845
0.0238287
-0.0014347
-0.0115139
-0.0080993
-0.0101514
-0.0274947
-0.0482926
-0.0550000
-0.0474049
-0.0433415
-0.0571364
-0.0835468
-0.1060827
-0.1174399
-0.1264093
-0.1438952
-0.1662237
-0.1770476
-0.1668937
-0.1471239
-0.1397499
-0.1532274
-0.1730362
-0.1793246
-0.1708867
-0.1665786
-0.1822680
-0.2101739
-0.2245281
-0.2080381
-0.1708416
-0.1412768
-0.1378651
-0.1527264
-0.1641194
-0.1622612
-0.1574330
-0.1619659
-0.1701802
-0.1620498
-0.1262757
-0.0748034
-0.0314935
-0.0082959
0.0033978
0.0169665
0.0309519
0.0313369
0.0132147
-0.0077062
-0.0119265
-0.0014369
0.0004831
-0.0225483
-0.0583592
-0.0790744
-0.0737903
-0.0613923
-0.0675452
-0.0932893
-0.1132330
-0.1057668
-0.0785652
-0.0584450
-0.0592619
-0.0685354
-0.0678731
-0.0581786
-0.0565270
-0.0711012
-0.0892764
-0.0947298
-0.0901857
-0.0949205
-0.1188762
-0.1459654
-0.1491835
-0.1209068
-0.0814245
-0.0542894
-0.0385196
-0.0124387
0.0356054
0.0883741
0.1165261
0.1107042
0.0906684
0.0816556
0.0864930
0.0855305
0.0632897
0.0298325
0.0112840
0.0202935
0.0410976
0.0465020
0.0263996
-0.0046237
-0.0263271
-0.0337316
-0.0370294
-0.0451101
-0.0550112
-0.0588998
-0.0573152
-0.0603029
-0.0744737
-0.0933145
-0.1049723
-0.1084461
-0.1160435
-0.1366943
-0.1607609
-0.1670671
-0.1454124
-0.1079454
-0.0757247
-0.0563326
-0.0388993
-0.0120986
0.0173057
0.0297728
0.0180170
0.0012411
0.0079739
0.0445567
0.0859799
0.1011678
0.0847322
0.0600353
0.0517402
0.0597251
0.0626125
0.0448030
0.0153427
-0.0021583
0.0043864
0.0237142
0.0353077
0.0304342
0.0160716
0.0015320
-0.0124393
-0.0298314
-0.0493827
-0.0632371
-0.0658073
-0.0610000
-0.0584840
-0.0636183
-0.0735873
-0.0841558
-0.0970384
-0.1164348
-0.1383341
-0.1478868
-0.1312161
-0.0892447
-0.0375711
0.0071518
0.0388193
0.0601544
0.0729352
0.0740603
0.0626850
0.0483678
0.0469213
0.0651375
0.0913454
0.1048184
0.0956035
0.0732714
0.0552381
0.0481611
0.0427134
0.0265055
0.0004940
-0.0191764
-0.0167731
0.0056969
0.0281123
0.0302349
0.0096235
-0.0188894
-0.0400728
-0.0523107
-0.0646089
-0.0821361
-0.0975695
-0.0978446
-0.0784071
-0.0487373
-0.0229211
-0.0063586
0.0063077
0.0214586
0.0386021
0.0533906
0.0648009
0.0751902
0.0838722
0.0849986
0.0744945
0.0573630
0.0444278
0.0404676
0.0381203
0.0270511
0.0088476
-0.0019394
0.0048550
0.0192735
0.0186929
-0.0074324
-0.0446845
-0.0694980
-0.0759173
-0.0813016
-0.1034894
-0.1363968
-0.1541180
-0.1403845
-0.1090351
-0.0901079
-0.0968124
-0.1123289
-0.1116384
-0.0907809
-0.0677534
-0.0558324
-0.0445969
-0.0131733
0.0409886
0.0942905
0.1210498
0.1211481
0.1179136
0.1288654
0.1455686
0.1477818
0.1335128
0.1253058
0.1427919
0.1756626
0.1928639
0.1792183
0.1551310
0.1536056
0.1805554
0.2074593
0.2100426
0.2112485
0.2759445
0.4549628
0.7327275
1.0310065
1.2628255
1.3821564
1.3886265
1.2995102
1.1298063
0.8986401
0.6421990
0.4072578
0.2276834
0.1098755
0.0421727
0.0135556
0.0179512
0.0433116
0.0672128
0.0711534
0.0572146
0.0438201
0.0431634
0.0472510
0.0395346
0.0171522
-0.0044970
-0.0109680
-0.0076175
-0.0132422
-0.0347830
-0.0547239
-0.0494631
-0.0188512
0.0088038
0.0041343
-0.0341223
-0.0808440
-0.1133172
-0.1328703
-0.1559643
-0.1883926
-0.2150853
-0.2177542
-0.1985248
-0.1806320
-0.1852919
-0.2122559
-0.2453309
-0.2724783
-0.2942601
-0.3131988
-0.3226721
-0.3124333
-0.2830488
-0.2484434
-0.2217711
-0.2027895
-0.1834885
-0.1638412
-0.1543075
-0.1588328
-0.1612315
-0.1383551
-0.0892772
-0.0438162
-0.0342352
-0.0596975
-0.0859269
-0.0828436
-0.0576188
-0.0451599
-0.0674810
-0.1089053
-0.1344192
-0.1282906
-0.1086110
-0.1041040
-0.1233788
-0.1515328
-0.1727994
-0.1882717
-0.2090099
-0.2375397
-0.2624034
-0.2708088
-0.2622915
-0.2478115
-0.2375137
-0.2319271
-0.2243138
-0.2080603
-0.1798716
-0.1386306
-0.0864415
-0.0325316
0.0081161
0.0255803
0.0254052
0.0246280
0.0345614
0.0486713
0.0504917
0.0340249
0.0132389
0.0081338
0.0220397
0.0368815
0.0333828
0.0128111
-0.0064394
-0.0134221
-0.0189168
-0.0401286
-0.0747921
-0.0990081
-0.0942227
-0.0710466
-0.0592890
-0.0743440
-0.1001195
-0.1096573
-0.0981950
-0.0871924
-0.0939030
-0.1053678
-0.0912665
-0.0409460
0.0214297
0.0627272
0.0760083
0.0830768
0.1040474
0.1330576
0.1484541
0.1415408
0.1268651
0.1230653
0.1305408
0.1333949
0.1199128
0.0937579
0.0643747
0.0340337
0.0002485
-0.0326460
-0.0523859
-0.0514595
-0.0362896
-0.0203579
-0.0106505
-0.0045424
0.0014896
0.0054789
0.0042038
-0.0002760
-0.0017830
0.0065624
0.0384959
0.1241488
0.2990494
0.5657765
0.8627707
1.0856199
1.1580473
1.0899050
0.9619827
0.8499219
0.7641719
0.6646951
0.5264141
0.3778699
0.2716779
0.2268456
0.2130448
0.1920816
0.1619064
0.1495379
0.1665009
0.1867556
0.1754862
0.1309875
0.0861251
0.0681316
0.0675868
0.0542588
0.0177641
-0.0193156
-0.0319337
-0.0268641
-0.0363433
-0.0786086
-0.1348680
-0.1712615
-0.1780835
-0.1783018
-0.1968856
-0.2302461
-0.2524115
-0.2477629
-0.2286805
-0.2175022
-0.2172006
-0.2078790
-0.1723927
-0.1180530
-0.0679780
-0.0348194
-0.0101157
0.0201128
0.0563425
0.0867380
0.1033000
0.1099503
0.1142914
0.1180180
0.1201343
0.1258713
0.1445770
0.1762806
0.2055628
0.2143597
0.2000933
0.1769849
0.1597402
0.1511132
0.1472024
0.1484486
0.1579560
0.1705431
0.1724197
0.1566150
0.1338727
0.1210168
0.1189580
0.1096941
0.0794974
0.0404300
0.0212532
0.0363668
0.0704463
0.0978240
0.1116813
0.1259706
0.1494383
0.1683982
0.1631714
0.1372609
0.1190597
0.1297857
0.1557307
0.1605193
0.1251239
0.0687115
0.0255992
0.0063836
-0.0100346
-0.0454734
-0.0923624
-0.1219019
-0.1192479
-0.1016095
-0.0981679
-0.1182106
-0.1457500
-0.1633089
-0.1722289
-0.1853182
-0.2053711
-0.2199605
-0.2187734
-0.2085705
-0.2044014
-0.2084808
-0.2054471
-0.1811227
-0.1405896
-0.1022672
-0.0759586
-0.0528798
-0.0193513
0.0240124
0.0610418
0.0765213
0.0694666
0.0490202
0.0217765
-0.0118752
-0.0497188
-0.0821115
-0.0988171
-0.0999244
-0.0959660
-0.0966249
-0.1023834
-0.1086416
-0.1146508
-0.1240539
-0.1368502
-0.1455510
-0.1430406
-0.1329941
-0.1282597
-0.1370319
-0.1532626
-0.1641159
-0.1659410
-0.1680616
-0.1780604
-0.1865643
-0.1724529
-0.1253390
-0.0600389
-0.0052357
0.0223991
0.0306610
0.0379495
0.0496968
0.0520489
0.0294606
-0.0145986
-0.0577630
-0.0794643
-0.0790911
-0.0728882
-0.0755146
-0.0876280
-0.1010367
-0.1119112
-0.1249921
-0.1445136
-0.1642834
-0.1705660
-0.1561163
-0.1298590
-0.1105659
-0.1102900
-0.1244397
-0.1379221
-0.1397337
-0.1306267
-0.1173933
-0.1021069
-0.0793033
-0.0441039
-0.0010902
0.0374373
0.0624717
0.0756670
0.0843822
0.0910688
0.0906547
0.0789107
0.0601315
0.0431593
0.0304105
0.0147876
-0.0101784
-0.0397520
-0.0623489
-0.0752480
-0.0907814
-0.1213376
-0.1592960
-0.1789443
-0.1633307
-0.1266373
-0.1036037
-0.1145554
-0.1444896
-0.1601257
-0.1454537
-0.1153332
-0.0933302
-0.0824026
-0.0642226
-0.0265168
0.0171202
0.0406799
0.0361456
0.0229838
0.0246941
0.0410925
0.0500396
0.0359965
0.0100784
-0.0031856
0.0034035
0.0088778
-0.0127403
-0.0618447
-0.1113762
-0.1365604
-0.1419939
-0.1546294
-0.1907517
-0.2351851
-0.2570240
-0.2445003
-0.2196530
-0.2156883
-0.2413370
-0.2711705
-0.2725196
-0.2395936
-0.1979042
-0.1751892
-0.1715719
-0.1613690
-0.1233476
-0.0655605
-0.0180891
-0.0024556
-0.0108723
-0.0165177
-0.0022071
0.0237704
0.0401118
0.0373538
0.0271015
0.0267802
0.0385342
0.0460993
0.0323014
-0.0028432
-0.0429288
-0.0726281
-0.0915411
-0.1096321
-0.1315302
-0.1497772
-0.1555634
-0.1533629
-0.1600440
-0.1872186
-0.2265068
-0.2557541
-0.2609249
-0.2498784
-0.2422801
-0.2464101
-0.2489948
-0.2303069
-0.1883296
-0.1447599
-0.1250671
-0.1333564
-0.1486435
-0.1461354
-0.1208269
-0.0892935
-0.0694722
-0.0613497
-0.0495321
-0.0242924
0.0028472
0.0074025
-0.0234629
-0.0759252
-0.1205685
-0.1386343
-0.1366535
-0.1352850
-0.1455802
-0.1584145
-0.1571224
-0.1372606
-0.1104828
-0.0894357
-0.0733379
-0.0516630
-0.0187444
0.0235274
0.0826900
0.1909141
0.3907053
0.6930770
1.0457147
1.3482328
1.5098274
1.5024323
1.3650303
1.1611994
0.9343895
0.7004066
0.4725043
0.2808846
0.1602057
0.1190695
0.1275934
0.1394247
0.1268242
0.0942306
0.0603469
0.0322039
-0.0002330
-0.0467862
-0.1008089
-0.1439716
-0.1658210
-0.1747856
-0.1880938
-0.2124282
-0.2368669
-0.2450852
-0.2326141
-0.2106277
-0.1935672
-0.1851930
-0.1777678
-0.1635919
-0.1451228
-0.1328966
-0.1345434
-0.1474192
-0.1624871
-0.1742388
-0.1849175
-0.1982908
-0.2110139
-0.2132772
-0.1996786
-0.1779956
-0.1641488
-0.1670264
-0.1795619
-0.1866868
-0.1819040
-0.1738098
-0.1747903
-0.1846674
-0.1885877
-0.1726565
-0.1402625
-0.1104281
-0.0992098
-0.1040286
-0.1076677
-0.0972484
-0.0775784
-0.0648967
-0.0684563
-0.0803168
-0.0844169
-0.0746324
-0.0614902
-0.0599647
-0.0724944
-0.0871561
-0.0932345
-0.0952473
-0.1074173
-0.1340575
-0.1599623
-0.1649162
-0.1475079
-0.1298404
-0.1349911
-0.1613998
-0.1840463
-0.1823966
-0.1636188
-0.1541697
-0.1691270
-0.1943272
-0.2015231
-0.1791140
-0.1441551
-0.1235093
-0.1262962
-0.1374432
-0.1368166
-0.1206889
-0.1025031
-0.0948031
-0.0941552
-0.0851941
-0.0579047
-0.0191263
0.0127364
0.0229769
0.0106244
-0.0143035
-0.0406434
-0.0625087
-0.0783409
-0.0873540
-0.0891940
-0.0864560
-0.0850369
-0.0899374
-0.1003243
-0.1095378
-0.1109406
-0.1043648
-0.0968046
-0.0959424
-0.1017266
-0.1039713
-0.0899108
-0.0567056
-0.0171909
0.0092536
0.0148155
0.0126125
0.0251713
0.0615856
0.1080500
0.1442458
0.1681724
0.1996135
0.2567391
0.3353576
0.4208877
0.5222393
0.6819459
0.9363318
1.2587884
1.5500486
1.6986012
1.6608500
1.4858469
1.2638824
1.0536677
0.8577913
0.6582562
0.4610487
0.2985549
0.1938346
0.1339414
0.0841964
0.0252073
-0.0305797
-0.0600030
-0.0614492
-0.0603987
-0.0821361
-0.1230015
-0.1531464
-0.1485266
-0.1170640
-0.0897372
-0.0858859
-0.0911231
-0.0731329
-0.0186332
