0.0000467
-0.0049683
-0.0245860
-0.0295476
-0.0114859
0.0161588
0.0443344
0.0812838
0.1469328
0.2663647
0.4574562
0.7041090
0.9427025
1.0932357
1.1120562
1.0111865
0.8318147
0.6117332
0.3777904
0.1535569
-0.0387059
-0.1843096
-0.2810987
-0.3365002
-0.3580394
-0.3474374
-0.3078999
-0.2561566
-0.2181465
-0.2074435
-0.2141024
-0.2204815
-0.2217729
-0.2230780
-0.2218385
-0.2057618
-0.1705694
-0.1312746
-0.1097372
-0.1128927
-0.1269052
-0.1329765
-0.1263070
-0.1170233
-0.1136445
-0.1114292
-0.1010973
-0.0845621
-0.0741401
-0.0765324
-0.0853014
-0.0913120
-0.0935703
-0.0953159
-0.0947547
-0.0862237
-0.0693469
-0.0522012
-0.0446601
-0.0509164
-0.0683957
-0.0906797
-0.1088608
-0.1114921
-0.0888313
-0.0424703
0.0101247
0.0470328
0.0613313
0.0658582
0.0758779
0.0913407
0.1011916
0.1013169
0.0997982
0.1034974
0.1069048
0.0990175
0.0775217
0.0506155
0.0253595
-0.0002978
-0.0308522
-0.0621038
-0.0829105
-0.0894250
-0.0921134
-0.1039779
-0.1252486
-0.1460279
-0.1620555
-0.1786107
-0.1960678
-0.2008009
-0.1794240
-0.1390248
-0.1037831
-0.0891585
-0.0861074
-0.0757714
-0.0554489
-0.0418889
-0.0476778
-0.0623218
-0.0640821
-0.0475436
-0.0299571
-0.0279387
-0.0368392
-0.0405589
-0.0359498
-0.0361367
-0.0491369
-0.0643032
-0.0670493
-0.0609128
-0.0650748
-0.0895019
-0.1208825
-0.1384997
-0.1394571
-0.1401521
-0.1524006
-0.1667178
-0.1657952
-0.1497879
-0.1380413
-0.1438128
-0.1558871
-0.1519775
-0.1262714
-0.0957051
-0.0785582
-0.0737971
-0.0660246
-0.0475798
-0.0295802
-0.0291376
-0.0490969
-0.0745421
-0.0891561
-0.0910166
-0.0900814
-0.0935564
-0.0989863
-0.1020480
-0.1060018
-0.1189237
-0.1419214
-0.1635426
-0.1688468
-0.1548894
-0.1358386
-0.1303362
-0.1429153
-0.1595521
-0.1628180
-0.1496216
-0.1315771
-0.1190383
-0.1087218
-0.0888832
-0.0542456
-0.0119900
0.0288521
0.0734311
0.1452635
0.2732566
0.4723868
0.7319210
1.0147304
1.2635491
1.4138235
1.4162965
1.2630037
0.9979670
0.6991456
0.4408456
0.2621715
0.1603919
0.1072260
0.0716754
0.0346691
-0.0082716
-0.0519025
-0.0886160
-0.1153696
-0.1366188
-0.1596867
-0.1855936
-0.2058691
-0.2113353
-0.2038388
-0.1958691
-0.1966351
-0.2004327
-0.1915406
-0.1608168
-0.1157580
-0.0734495
-0.0450385
-0.0290937
-0.0197709
-0.0176144
-0.0281008
-0.0496932
-0.0681776
-0.0672544
-0.0447460
-0.0157552
0.0013407
0.0012950
-0.0055507
-0.0055474
0.0050741
0.0191239
0.0285277
0.0329098
0.0373426
0.0438719
0.0485516
0.0472732
0.0417187
0.0375301
0.0381084
0.0429817
0.0523857
0.0703686
0.1001299
0.1359399
0.1625767
0.1663829
0.1480158
0.1225382
0.1053093
0.0984103
0.0918583
0.0766164
0.0537629
0.0308173
0.0119313
-0.0059015
-0.0273271
-0.0513313
-0.0709402
-0.0804930
-0.0824110
-0.0854292
-0.0956206
-0.1101528
-0.1210359
-0.1245406
-0.1251589
-0.1293143
-0.1362898
-0.1378358
-0.1283500
-0.1142361
-0.1097457
-0.1213968
-0.1382432
-0.1409597
-0.1212250
-0.0899496
-0.0656242
-0.0570259
-0.0592644
-0.0644552
-0.0717482
-0.0852078
-0.1045326
-0.1217830
-0.1288840
-0.1271885
-0.1276478
-0.1406127
-0.1656244
-0.1913393
-0.2052483
-0.2038557
-0.1945017
-0.1878560
-0.1882723
-0.1914624
-0.1921266
-0.1927408
-0.2014508
-0.2193160
-0.2324307
-0.2218447
-0.1833239
-0.1349164
-0.1022888
-0.0968241
-0.1093766
-0.1238644
-0.1324651
-0.1351590
-0.1286112
-0.1037245
-0.0581529
-0.0066073
0.0289756
0.0413524
0.0453841
0.0608944
0.0934044
0.1397886
0.2128724
0.3489709
0.5766942
0.8722613
1.1513255
1.3160693
1.3192210
1.1871051
0.9854972
0.7686886
0.5607368
0.3733492
0.2240632
0.1280369
0.0779230
0.0438355
-0.0008914
-0.0564920
-0.1028884
-0.1273732
-0.1410614
-0.1655568
-0.2068482
-0.2476430
-0.2663822
-0.2600081
-0.2450287
-0.2379923
-0.2390349
-0.2360409
-0.2224449
-0.2074012
-0.2068402
-0.2253901
-0.2491564
-0.2577335
-0.2431475
-0.2161056
-0.1939180
-0.1838789
-0.1792604
-0.1699440
-0.1541359
-0.1382737
-0.1267916
-0.1149516
-0.0938414
-0.0617811
-0.0281697
-0.0045610
0.0066590
0.0126849
0.0202428
0.0284422
0.0333690
0.0373840
0.0494771
0.0743611
0.1033338
0.1198872
0.1161832
0.1021798
0.0956605
0.1030415
0.1123271
0.1061687
0.0800790
0.0458662
0.0183580
0.0017736
-0.0101200
-0.0232095
-0.0355405
-0.0407959
-0.0369836
-0.0297717
-0.0274849
-0.0343060
-0.0487066
-0.0666901
-0.0845389
-0.0988711
-0.1069035
-0.1090312
-0.1107620
-0.1196673
-0.1382735
-0.1598610
-0.1732411
-0.1737271
-0.1690171
-0.1715960
-0.1840396
-0.1944677
-0.1900881
-0.1743931
-0.1657935
-0.1761449
-0.1939064
-0.1941168
-0.1655149
-0.1225855
-0.0874884
-0.0644915
-0.0396437
-0.0056446
0.0225863
0.0252664
0.0068931
-0.0030421
0.0175193
0.0581032
0.0917794
0.1140406
0.1563886
0.2580745
0.4297222
0.6466756
0.8679648
1.0496961
1.1439136
1.1066867
0.9284448
0.6574587
0.3784338
0.1562707
0.0011708
-0.1101144
-0.1889508
-0.2233804
-0.2090421
-0.1729778
-0.1526739
-0.1565678
-0.1594691
-0.1396973
-0.1087039
-0.0949075
-0.1054747
-0.1180511
-0.1119267
-0.0946440
-0.0886647
-0.0992822
-0.1095958
-0.1076817
-0.1044392
-0.1149360
-0.1305151
-0.1245634
-0.0878391
-0.0455131
-0.0302656
-0.0447978
-0.0621604
-0.0624891
-0.0572488
-0.0701707
-0.1021432
-0.1272653
-0.1241576
-0.1002683
-0.0788495
-0.0691944
-0.0601910
-0.0417349
-0.0206505
-0.0093075
-0.0058281
0.0044776
0.0288893
0.0575384
0.0774937
0.0901447
0.1079444
0.1365707
0.1681066
0.1932305
0.2127759
0.2315699
0.2453459
0.2426761
0.2210326
0.1930373
0.1713154
0.1519042
0.1205546
0.0747610
0.0307608
0.0037745
-0.0133376
-0.0438082
-0.0993163
-0.1651769
-0.2163664
-0.2438158
-0.2594414
-0.2770823
-0.2956352
-0.3037830
-0.2959741
-0.2777404
-0.2569999
-0.2369315
-0.2193679
-0.2091222
-0.2087680
-0.2106938
-0.2009482
-0.1740646
-0.1409529
-0.1183477
-0.1112131
-0.1088341
-0.0985719
-0.0799147
-0.0624620
-0.0524417
-0.0458047
-0.0357102
-0.0233518
-0.0181460
-0.0280105
-0.0520659
-0.0829694
-0.1138049
-0.1413190
-0.1644588
-0.1829201
-0.1980764
-0.2135757
-0.2326797
-0.2540486
-0.2708782
-0.2756976
-0.2670653
-0.2514614
-0.2376977
-0.2287984
-0.2197163
-0.2040664
-0.1834049
-0.1683052
-0.1678531
-0.1775113
-0.1797914
-0.1598051
-0.1202278
-0.0788177
-0.0507477
-0.0359026
-0.0253446
-0.0176143
-0.0234700
-0.0524327
-0.0978033
-0.1394465
-0.1621624
-0.1685802
-0.1726032
-0.1832072
-0.1986058
-0.2150984
-0.2349849
-0.2607135
-0.2837416
-0.2864611
-0.2591631
-0.2126413
-0.1698963
-0.1452600
-0.1346694
-0.1268406
-0.1193135
-0.1185348
-0.1253275
-0.1272198
-0.1102852
-0.0764007
-0.0429867
-0.0244605
-0.0189662
-0.0171268
-0.0196239
-0.0377591
-0.0743089
-0.1109229
-0.1230437
-0.1079431
-0.0913504
-0.1017102
-0.1408594
-0.1853024
-0.2148638
-0.2321804
-0.2500927
-0.2667361
-0.2636931
-0.2304917
-0.1822032
-0.1452108
-0.1284142
-0.1164972
-0.0921070
-0.0546555
-0.0080978
0.0660627
0.2090194
0.4460926
0.7472274
1.0320827
1.2188388
1.2702512
1.1982787
1.0360912
0.8148098
0.5635137
0.3168039
0.1089014
-0.0426590
-0.1437453
-0.2123080
-0.2621278
-0.2977658
-0.3205898
-0.3338104
-0.3405826
-0.3411596
-0.3351907
-0.3255848
-0.3170518
-0.3105095
-0.3013156
-0.2844006
-0.2600884
-0.2337590
-0.2104566
-0.1908531
-0.1721218
-0.1518574
-0.1312791
-0.1150848
-0.1073844
-0.1065420
-0.1048347
-0.0959752
-0.0840674
-0.0822535
-0.0987967
-0.1250344
-0.1415661
-0.1385775
-0.1264625
-0.1220624
-0.1266961
-0.1249279
-0.1071818
-0.0864201
-0.0846369
-0.1047503
-0.1247827
-0.1231789
-0.1028305
-0.0829956
-0.0715723
-0.0562099
-0.0254662
0.0115826
0.0367883
0.0498651
0.0709442
0.1120583
0.1565584
0.1775482
0.1723506
0.1649260
0.1704355
0.1698543
0.1319524
0.0561717
-0.0207473
-0.0652867
-0.0832618
-0.1054720
-0.1434375
-0.1742845
-0.1732829
-0.1485765
-0.1313218
-0.1357859
-0.1436094
-0.1317490
-0.1041275
-0.0841698
-0.0806930
-0.0754427
-0.0490114
-0.0087148
0.0196228
0.0240951
0.0196380
0.0258707
0.0416826
0.0506121
0.0474348
0.0476956
0.0662389
0.0936006
0.1025229
0.0774599
0.0307561
-0.0127880
-0.0418794
-0.0642048
-0.0889965
-0.1119458
-0.1210811
-0.1139564
-0.1034022
-0.1047346
-0.1197486
-0.1354838
-0.1380130
-0.1252857
-0.1056670
-0.0854890
-0.0607791
-0.0230863
0.0271571
0.0765704
0.1128082
0.1449358
0.2067985
0.3328096
0.5238373
0.7351027
0.8998349
0.9686919
0.9316561
0.8098278
0.6341471
0.4336798
0.2364438
0.0692844
-0.0503382
-0.1215376
-0.1556858
-0.1652801
-0.1596248
-0.1498806
-0.1508564
-0.1710165
-0.2014634
-0.2210090
-0.2156679
-0.1908892
-0.1622344
-0.1372530
-0.1120135
-0.0849018
-0.0658237
-0.0649874
-0.0750386
-0.0729916
-0.0444094
-0.0014329
0.0295027
0.0374188
0.0379909
0.0520839
0.0781633
0.0929579
0.0795322
0.0481847
0.0252658
0.0245099
0.0350673
0.0379279
0.0284533
0.0187552
0.0206983
0.0322967
0.0421747
0.0433020
0.0389782
0.0373876
0.0445788
0.0628802
0.0914980
0.1252710
0.1551031
0.1743585
0.1860149
0.2004023
0.2232459
0.2470519
0.2569016
0.2450619
0.2180951
0.1891957
0.1659002
0.1472359
0.1308443
0.1181363
0.1101342
0.1009403
0.0798378
0.0415381
-0.0072505
-0.0530271
-0.0869813
-0.1108038
-0.1321479
-0.1559595
-0.1803104
-0.1990500
-0.2072355
-0.2046270
-0.1955141
-0.1854760
-0.1767111
-0.1648486
-0.1407564
-0.0978556
-0.0396558
0.0201118
0.0667731
0.0963865
0.1202238
0.1596524
0.2378841
0.3752282
0.5859856
0.8694752
1.1946974
1.4924724
1.6727130
1.6670622
1.4710106
1.1518780
0.8123581
0.5348876
0.3467192
0.2259991
0.1352294
0.0513471
-0.0272668
-0.0928288
-0.1418394
-0.1781159
-0.2066263
-0.2277072
-0.2382813
-0.2378331
-0.2313623
-0.2248167
-0.2177164
-0.2027340
-0.1751615
-0.1421741
-0.1189027
-0.1127255
-0.1135184
-0.1036426
-0.0782795
-0.0521759
-0.0435621
-0.0539423
-0.0682830
-0.0748041
-0.0786272
-0.0916981
-0.1130456
-0.1271485
-0.1245910
-0.1181895
-0.1309250
-0.1674882
-0.2041896
-0.2118033
-0.1864085
-0.1530261
-0.1382798
-0.1432878
-0.1457656
-0.1258721
-0.0852015
-0.0397787
0.0006703
0.0410828
0.0887447
0.1380115
0.1727515
0.1844953
0.1838636
0.1897974
0.2077917
0.2228285
0.2164342
0.1882536
0.1558402
0.1320447
0.1077029
0.0626070
-0.0067242
-0.0766100
-0.1182974
-0.1283373
-0.1313498
-0.1510453
-0.1828757
-0.1998148
-0.1840670
-0.1481356
-0.1218884
-0.1203231
-0.1255060
-0.0979817
-0.0031284
0.1703021
0.4065394
0.6664168
0.8935584
1.0282935
1.0319418
0.9093565
0.7102768
0.5033863
0.3400357
0.2339186
0.1687495
0.1223227
0.0847291
0.0586638
0.0477177
0.0465905
0.0411527
0.0162128
-0.0354691
-0.1080281
-0.1840997
-0.2437280
-0.2764215
-0.2875670
-0.2926474
-0.3031377
-0.3169944
-0.3231487
-0.3150611
-0.2984653
-0.2849065
-0.2789780
-0.2743921
-0.2633376
-0.2475834
-0.2377145
-0.2411467
-0.2529111
-0.2598925
-0.2537402
-0.2383769
-0.2249122
-0.2206746
-0.2239657
-0.2280324
-0.2277084
-0.2215596
-0.2097156
-0.1924757
-0.1719797
-0.1539440
-0.1459130
-0.1525857
-0.1719160
-0.1947603
-0.2080508
-0.1999273
-0.1651514
-0.1089563
-0.0469710
0.0005027
0.0185625
0.0066491
-0.0206182
-0.0432245
-0.0500236
-0.0460307
-0.0460301
-0.0600925
-0.0847926
-0.1084294
-0.1238388
-0.1342492
-0.1459560
-0.1574469
-0.1591350
-0.1449675
-0.1221309
-0.1064775
-0.1078587
-0.1213479
-0.1334423
-0.1355972
-0.1306983
-0.1277238
-0.1327172
-0.1454324
-0.1619474
-0.1774568
-0.1869456
-0.1868609
-0.1789040
-0.1709034
-0.1704814
-0.1765801
-0.1794877
-0.1717158
-0.1580242
-0.1513866
-0.1574922
-0.1657624
-0.1596602
-0.1366799
-0.1147862
-0.1155418
-0.1412201
-0.1718155
-0.1858738
-0.1813298
-0.1727065
-0.1698084
-0.1653649
-0.1468831
-0.1162080
-0.0895958
-0.0762859
-0.0630833
-0.0270711
0.0375396
0.1138411
0.1897192
0.2870605
0.4522137
0.7077838
1.0118441
1.2687346
1.3860927
1.3290551
1.1294490
0.8530124
0.5611054
0.2952355
0.0814273
-0.0651725
-0.1442610
-0.1738704
-0.1827488
-0.1946660
-0.2175655
-0.2453090
-0.2675103
-0.2777910
-0.2758651
-0.2657435
-0.2535725
-0.2455621
-0.2450060
-0.2495110
-0.2515458
-0.2433868
-0.2228697
-0.1945539
-0.1650884
-0.1378485
-0.1129279
-0.0921957
-0.0822454
-0.0895019
-0.1113180
-0.1337989
-0.1417409
-0.1325584
-0.1196141
-0.1200403
-0.1386617
-0.1644130
-0.1824211
-0.1881496
-0.1886154
-0.1910130
-0.1932848
-0.1880794
-0.1751231
-0.1664169
-0.1762455
-0.2054724
-0.2373091
-0.2504274
-0.2368024
-0.2063586
-0.1745813
-0.1473636
-0.1192919
-0.0853478
-0.0504896
-0.0248876
-0.0107264
0.0023537
0.0258113
0.0569579
0.0782190
0.0737889
0.0467273
0.0178833
0.0067786
0.0134901
0.0196044
0.0068448
-0.0256738
-0.0625626
-0.0892831
-0.1062635
-0.1246763
-0.1492120
-0.1685187
-0.1659739
-0.1397106
-0.1084182
-0.0943476
-0.1013067
-0.1120928
-0.1077528
-0.0860494
-0.0588137
-0.0344242
-0.0091504
0.0222953
0.0532467
0.0699794
0.0730154
0.0905531
0.1665417
0.3328792
0.5894568
0.9029422
1.2156361
1.4548722
1.5477656
1.4496468
1.1761204
0.8101916
0.4661022
0.2280191
0.1087141
0.0601231
0.0237204
-0.0242723
-0.0685492
-0.0861689
-0.0770407
-0.0635501
-0.0646653
-0.0759209
-0.0775210
-0.0602072
-0.0387481
-0.0373686
-0.0634324
-0.0990191
-0.1197629
-0.1197842
-0.1155298
-0.1259680
-0.1527115
-0.1814965
-0.2002844
-0.2110138
-0.2223546
-0.2351678
-0.2403392
-0.2315833
-0.2161523
-0.2088224
-0.2155762
-0.2266556
-0.2276968
-0.2158138
-0.2013006
-0.1928296
-0.1842806
-0.1602559
-0.1153379
-0.0647348
-0.0322690
-0.0272732
-0.0354531
-0.0337532
-0.0124518
0.0196807
0.0505508
0.0796755
0.1142098
0.1524976
0.1782378
0.1752213
0.1459061
0.1107221
0.0875889
0.0748805
0.0567396
0.0231056
-0.0192525
-0.0557686
-0.0802142
-0.0986723
-0.1186994
-0.1384926
-0.1490988
-0.1461796
-0.1368706
-0.1332875
-0.1392959
-0.1449742
-0.1357663
-0.1077165
-0.0722483
-0.0438245
-0.0235206
0.0010800
0.0369682
0.0709997
0.0836127
0.0826338
0.1176857
0.2480561
0.4867681
0.7754784
1.0177926
1.1399574
1.1240750
0.9949561
0.7907777
