-0.0603897
-0.0327383
-0.0194867
-0.0147876
-0.0106164
-0.0041650
0.0005448
-0.0013753
-0.0089842
-0.0160463
-0.0179337
-0.0160780
-0.0146717
-0.0148234
-0.0145226
-0.0140787
-0.0184281
-0.0319573
-0.0525242
-0.0730279
-0.0881420
-0.0964027
-0.0955990
-0.0812326
-0.0540050
-0.0252648
-0.0050445
0.0208972
0.0954000
0.2572786
0.4957011
0.7400949
0.9043004
0.9464096
0.8866430
0.7704662
0.6230140
0.4452331
0.2479391
0.0734570
-0.0285097
-0.0459357
-0.0177782
0.0017386
-0.0098413
-0.0326918
-0.0357557
-0.0113638
0.0211352
0.0387442
0.0353143
0.0204766
0.0052836
-0.0071689
-0.0196907
-0.0344580
-0.0495751
-0.0600236
-0.0614783
-0.0555487
-0.0525742
-0.0662512
-0.1006872
-0.1415117
-0.1635484
-0.1519589
-0.1170520
-0.0863253
-0.0803096
-0.0964328
-0.1165436
-0.1279950
-0.1344376
-0.1458372
-0.1614823
-0.1670029
-0.1493192
-0.1123211
-0.0748929
-0.0525559
-0.0424018
-0.0277513
0.0023862
0.0401510
0.0663007
0.0702206
0.0608172
0.0567289
0.0668265
0.0821901
0.0877759
0.0804358
0.0733412
0.0818655
0.1060122
0.1282645
0.1297478
0.1087149
0.0827847
0.0724424
0.0819231
0.0961889
0.0964574
0.0778321
0.0508041
0.0262836
0.0023343
-0.0312375
-0.0755392
-0.1138634
-0.1243188
-0.1018314
-0.0652763
-0.0407964
-0.0384027
-0.0461369
-0.0463572
-0.0347213
-0.0212185
-0.0145770
-0.0104902
0.0017028
0.0225538
0.0377008
0.0326638
0.0108921
-0.0071484
-0.0050164
0.0116270
0.0211603
0.0100907
-0.0125650
-0.0271473
-0.0266442
-0.0229603
-0.0291956
-0.0412406
-0.0428722
-0.0283538
-0.0134045
-0.0191889
-0.0478372
-0.0792209
-0.0929139
-0.0887672
-0.0823133
-0.0829629
-0.0832385
-0.0713757
-0.0492569
-0.0318961
-0.0295899
-0.0361169
-0.0376667
-0.0302070
-0.0230992
-0.0255905
-0.0347161
-0.0401052
-0.0385488
-0.0388766
-0.0507391
-0.0714318
-0.0868733
-0.0852444
-0.0676175
-0.0453162
-0.0292557
-0.0227721
-0.0223746
-0.0225194
-0.0195274
-0.0122501
0.0019574
0.0347168
0.1094491
0.2492108
0.4517590
0.6730902
0.8422925
0.9044873
0.8578935
0.7507153
0.6392515
0.5454607
0.4515649
0.3319479
0.1876799
0.0506020
-0.0434473
-0.0838471
-0.0897647
-0.0891250
-0.0948456
-0.1009083
-0.0985689
-0.0919257
-0.0942990
-0.1103598
-0.1271502
-0.1274102
-0.1106956
-0.0957632
-0.0990773
-0.1147095
-0.1212921
-0.1086375
-0.0907921
-0.0882406
-0.1013164
-0.1089676
-0.0948862
-0.0676969
-0.0496910
-0.0493194
-0.0527698
-0.0438218
-0.0245030
-0.0100212
-0.0066531
-0.0028184
0.0156058
0.0466930
0.0740693
0.0848396
0.0809370
0.0731231
0.0695990
0.0734550
0.0865101
0.1087179
0.1331722
0.1473911
0.1439686
0.1288302
0.1159909
0.1141793
0.1205165
0.1269018
0.1296428
0.1314789
0.1363373
0.1444620
0.1517888
0.1517326
0.1381112
0.1098690
0.0747716
0.0457362
0.0296816
0.0200086
0.0033136
-0.0251796
-0.0553732
-0.0734641
-0.0772095
-0.0764995
-0.0792204
-0.0812832
-0.0738382
-0.0578917
-0.0468336
-0.0531182
-0.0754185
-0.1011312
-0.1193611
-0.1280798
-0.1297493
-0.1257270
-0.1186336
-0.1167857
-0.1294223
-0.1551323
-0.1790204
-0.1857545
-0.1747047
-0.1586123
-0.1473617
-0.1379286
-0.1235668
-0.1089269
-0.1084491
-0.1276240
-0.1521073
-0.1622922
-0.1572193
-0.1561607
-0.1730847
-0.1959612
-0.1995767
-0.1776822
-0.1529458
-0.1497007
-0.1628837
-0.1633491
-0.1339086
-0.0906740
-0.0630588
-0.0591919
-0.0613147
-0.0545750
-0.0479588
-0.0583177
-0.0807222
-0.0886974
-0.0673039
-0.0354439
-0.0257355
-0.0461603
-0.0724941
-0.0805108
-0.0753050
-0.0801999
-0.1018118
-0.1187123
-0.1089490
-0.0803904
-0.0647911
-0.0835999
-0.1279265
-0.1739471
-0.2097310
-0.2395674
-0.2658728
-0.2778918
-0.2635470
-0.2274362
-0.1899344
-0.1677490
-0.1594010
-0.1512422
-0.1341441
-0.1109212
-0.0891310
-0.0714622
-0.0554205
-0.0400116
-0.0291202
-0.0273391
-0.0338377
-0.0414421
-0.0418073
-0.0317773
-0.0155747
-0.0011363
0.0062600
0.0072571
0.0054773
0.0021582
-0.0046026
-0.0148451
-0.0233938
-0.0245930
-0.0204965
-0.0212658
-0.0351961
-0.0598664
-0.0856337
-0.1058290
-0.1167344
-0.1034864
-0.0320523
0.1312678
0.3822561
0.6614414
0.8825929
0.9861786
0.9691392
0.8674571
0.7176977
0.5399958
0.3515126
0.1806866
0.0566422
-0.0139482
-0.0505317
-0.0755921
-0.0929258
-0.0932749
-0.0764560
-0.0577644
-0.0497699
-0.0460915
-0.0315981
-0.0061762
0.0111543
0.0049640
-0.0171599
-0.0352577
-0.0438289
-0.0584031
-0.0926975
-0.1378060
-0.1727223
-0.1923424
-0.2139303
-0.2517889
-0.2943268
-0.3161921
-0.3109184
-0.3004511
-0.3075608
-0.3264175
-0.3293198
-0.3002404
-0.2517680
-0.2055191
-0.1642836
-0.1130599
-0.0459985
0.0180891
0.0529883
0.0533780
0.0393555
0.0339265
0.0427080
0.0578047
0.0749463
0.0992315
0.1342842
0.1721789
0.1981995
0.2040454
0.1938306
0.1779571
0.1636725
0.1517488
0.1396147
0.1253096
0.1085010
0.0891684
0.0662860
0.0381051
0.0040725
-0.0335109
-0.0706475
-0.1051329
-0.1376214
-0.1671462
-0.1863137
-0.1851376
-0.1626208
-0.1321558
-0.1105466
-0.1008008
-0.0898601
-0.0660494
-0.0356103
-0.0171532
-0.0203397
-0.0356064
-0.0475987
-0.0540057
-0.0647284
-0.0832349
-0.0965985
-0.0893585
-0.0637122
-0.0389546
-0.0301370
-0.0332023
-0.0345436
-0.0303871
-0.0301244
-0.0415855
-0.0606558
-0.0792200
-0.0979756
-0.1238993
-0.1553139
-0.1770747
-0.1756485
-0.1555304
-0.1342578
-0.1209430
-0.1061165
-0.0768001
-0.0373327
-0.0081644
-0.0033508
-0.0151413
-0.0244695
-0.0228377
-0.0181947
-0.0202397
-0.0270591
-0.0304918
-0.0305191
-0.0370104
-0.0558076
-0.0787662
-0.0924208
-0.0941487
-0.0939628
-0.0997477
-0.1067500
-0.1060605
-0.0997431
-0.1001791
-0.1128713
-0.1256696
-0.1199948
-0.0906791
-0.0496977
-0.0105270
0.0251328
0.0615996
0.0951556
0.1139160
0.1134159
0.1063377
0.1123308
0.1424388
0.2007826
0.2998165
0.4611476
0.6893567
0.9453671
1.1561987
1.2605376
1.2473726
1.1501359
1.0069040
0.8321044
0.6270901
0.4092302
0.2186009
0.0904151
0.0237630
-0.0168873
-0.0671929
-0.1311949
-0.1842951
-0.2053906
-0.2026698
-0.2059331
-0.2346000
-0.2761121
-0.2975360
-0.2770808
-0.2217626
-0.1550742
-0.0929073
-0.0363706
0.0143572
0.0482399
0.0523129
0.0305765
0.0064078
0.0011353
0.0119345
0.0154578
-0.0058043
-0.0442831
-0.0765618
-0.0888713
-0.0886646
-0.0904526
-0.0952398
-0.0893602
-0.0640358
-0.0315738
-0.0171612
-0.0329961
-0.0629274
-0.0764379
-0.0592001
-0.0276782
-0.0110608
-0.0198943
-0.0364187
-0.0370210
-0.0196534
-0.0031115
0.0009250
0.0081922
0.0472592
0.1246242
0.2103381
0.2630122
0.2676309
0.2447226
0.2229639
0.2087448
0.1866043
0.1457319
0.0979804
0.0659067
0.0563836
0.0516600
0.0284390
-0.0166909
-0.0636565
-0.0902417
-0.0939806
-0.0909797
-0.0952424
-0.1038583
-0.1048864
-0.0967981
-0.0944748
-0.1131620
-0.1486966
-0.1777982
-0.1796720
-0.1557501
-0.1264575
-0.1098355
-0.1061521
-0.1033903
-0.0936209
-0.0802086
-0.0703217
-0.0653769
-0.0616553
-0.0582328
-0.0604119
-0.0737566
-0.0959836
-0.1165974
-0.1254076
-0.1214068
-0.1131175
-0.1102730
-0.1152230
-0.1222065
-0.1244833
-0.1217571
-0.1203474
-0.1257292
-0.1348854
-0.1371561
-0.1245006
-0.1016043
-0.0843342
-0.0858770
-0.1034158
-0.1194234
-0.1177663
-0.0994252
-0.0818014
-0.0813342
-0.0965963
-0.1097675
-0.1056210
-0.0877023
-0.0736162
-0.0746183
-0.0828825
-0.0811226
-0.0633393
-0.0426789
-0.0374202
-0.0510968
-0.0690065
-0.0743884
-0.0655720
-0.0553375
-0.0548030
-0.0613227
-0.0636413
-0.0566605
-0.0477959
-0.0478744
-0.0574664
-0.0642199
-0.0545976
-0.0281891
0.0002368
0.0136902
0.0081460
-0.0056993
-0.0156721
-0.0213475
-0.0322295
-0.0535253
-0.0773545
-0.0914004
-0.0957549
-0.1067936
-0.1401806
-0.1903447
-0.2310965
-0.2396271
-0.2180639
-0.1877239
-0.1629248
-0.1362422
-0.0934324
-0.0390187
0.0014021
0.0086207
-0.0044380
-0.0017567
0.0387951
0.1031601
0.1627416
0.2178293
0.3103925
0.4843379
0.7315345
0.9822884
1.1534831
1.2066822
1.1604738
1.0531136
0.9028008
0.7077561
0.4775001
0.2511955
0.0775262
-0.0222882
-0.0675278
-0.0947655
-0.1256333
-0.1579222
-0.1824513
-0.2012934
-0.2269420
-0.2663322
-0.3094838
-0.3359275
-0.3329403
-0.3073612
-0.2787651
-0.2604486
-0.2476516
-0.2254097
-0.1873988
-0.1446034
-0.1137044
-0.0986072
-0.0872490
-0.0677251
-0.0433966
-0.0271739
-0.0223305
-0.0164046
0.0016017
0.0229342
0.0260321
0.0023563
-0.0319665
-0.0550854
-0.0655693
-0.0819411
-0.1154646
-0.1508289
-0.1604282
-0.1362444
-0.1011582
-0.0861244
-0.0998205
-0.1240945
-0.1363152
-0.1304188
-0.1155239
-0.0998925
-0.0814090
-0.0527223
-0.0116519
0.0348239
0.0754903
0.1036910
0.1232139
0.1462330
0.1833914
0.2334829
0.2826737
0.3151164
0.3247111
0.3159447
0.2944131
0.2604376
0.2148206
0.1678799
0.1354517
0.1219854
0.1115130
0.0820211
0.0298044
-0.0253423
-0.0621912
-0.0818941
-0.1048092
-0.1444280
-0.1909080
-0.2247253
-0.2427722
-0.2628079
-0.2995361
-0.3430091
-0.3684991
-0.3661965
-0.3518292
-0.3434452
-0.3350329
-0.3033360
-0.2405287
-0.1696898
-0.1208950
-0.0972027
-0.0742027
-0.0340419
0.0100566
0.0306285
0.0217078
0.0059749
0.0042080
0.0090000
-0.0011512
-0.0271831
-0.0434104
-0.0304374
-0.0029268
0.0065907
-0.0122889
-0.0368155
-0.0433798
-0.0394460
-0.0518044
-0.0866593
-0.1161350
-0.1120715
-0.0846960
-0.0747282
-0.1064053
-0.1594524
-0.1938399
-0.1940641
-0.1773395
-0.1598040
-0.1294671
-0.0633365
0.0341711
0.1248572
0.1773362
0.2097465
0.2815932
0.4364225
0.6524952
0.8524755
0.9628544
0.9655657
0.8970679
0.8047497
0.7075364
0.5943506
0.4523526
0.2910418
0.1392749
0.0229513
-0.0515124
-0.0940713
-0.1177918
-0.1322362
-0.1459455
-0.1669588
-0.1963745
-0.2247322
-0.2406334
-0.2440219
-0.2468246
-0.2573173
-0.2663100
-0.2541902
-0.2131945
-0.1581557
-0.1104736
-0.0735933
-0.0314150
0.0266231
0.0853717
0.1161487
0.1079805
0.0796055
0.0577172
0.0489277
0.0393468
0.0194253
0.0000513
-0.0012667
0.0145746
0.0259659
0.0156184
-0.0084759
-0.0230441
-0.0176663
-0.0052856
-0.0029834
-0.0091937
-0.0065651
0.0143027
0.0406823
0.0501069
0.0339437
0.0055617
-0.0134288
-0.0110600
0.0114615
0.0490510
0.0992808
0.1584773
0.2162991
0.2598482
0.2843307
0.2973331
0.3108937
0.3293860
0.3449873
0.3441589
0.3186287
0.2714312
0.2136093
0.1556987
0.1025087
0.0550917
0.0151907
-0.0145498
-0.0344977
-0.0498341
-0.0666344
-0.0862394
-0.1047965
-0.1191903
-0.1324510
-0.1509970
-0.1755939
-0.1973720
-0.2060503
-0.2021640
-0.1981953
-0.2061487
-0.2259450
-0.2477741
-0.2639168
-0.2746459
-0.2817844
-0.2797835
-0.2575075
-0.2106743
-0.1508335
-0.0988364
-0.0678360
-0.0534936
-0.0414492
-0.0227606
-0.0003747
0.0179458
0.0293173
0.0367831
0.0426410
0.0436157
0.0340794
0.0136754
-0.0098411
-0.0269115
-0.0352551
-0.0411569
-0.0513176
-0.0654209
-0.0785875
-0.0899039
-0.1054014
-0.1311897
-0.1649278
-0.1960075
-0.2148353
-0.2212884
-0.2233051
-0.2278065
-0.2347829
-0.2404651
-0.2431293
-0.2424144
-0.2340801
-0.2102728
-0.1677314
-0.1140334
-0.0632968
-0.0256622
-0.0014764
0.0155814
0.0313316
0.0463691
0.0566856
0.0597752
0.0641094
0.0952589
0.1884327
0.3638326
0.5993597
0.8279386
0.9722515
0.9933050
0.9098156
0.7715003
0.6159517
0.4517859
0.2761593
0.0972512
-0.0645836
-0.1915600
-0.2775466
-0.3246774
-0.3389590
-0.3320314
-0.3201503
-0.3123039
-0.2993115
-0.2635116
-0.2046280
-0.1499366
-0.1294017
-0.1414172
-0.1527888
-0.1367091
-0.1031041
-0.0836981
-0.0915539
-0.1067530
-0.1048802
-0.0897202
-0.0875749
-0.1114469
-0.1424690
-0.1532277
-0.1428970
-0.1386737
-0.1620063
-0.2033855
-0.2364924
-0.2504531
-0.2582141
-0.2741568
-0.2938083
-0.3011633
-0.2906789
-0.2745338
-0.2677610
-0.2709221
-0.2697247
-0.2494788
-0.2077249
-0.1543798
-0.1032319
-0.0639134
-0.0382815
-0.0209657
-0.0043074
0.0146575
0.0329416
0.0495699
0.0721322
0.1089996
0.1539436
0.1854532
0.1870217
0.1649328
0.1397113
0.1209812
0.0982661
0.0598430
0.0140695
-0.0169593
-0.0251742
-0.0289021
-0.0506705
-0.0874242
-0.1133343
-0.1134467
-0.1031506
-0.1052424
-0.1138583
-0.0937648
-0.0161285
0.1170199
0.2899925
0.5033914
0.7687310
1.0679676
1.3308596
1.4698750
1.4454288
1.2942295
1.0913252
0.8890049
0.6963107
0.5088708
0.3402986
0.2149218
0.1381841
0.0882947
0.0403199
-0.0088816
-0.0449348
-0.0613313
-0.0729983
-0.1012022
-0.1481887
-0.1927378
-0.2131548
-0.2111307
-0.2086922
-0.2228604
-0.2480595
-0.2644719
-0.2595566
-0.2382319
-0.2137675
-0.1925392
-0.1696112
-0.1385967
-0.1034284
-0.0776188
-0.0714561
-0.0824576
-0.0998408
-0.1156215
-0.1284029
-0.1384663
-0.1440352
-0.1436229
-0.1394064
-0.1364654
-0.1390200
-0.1474418
-0.1583070
-0.1675097
-0.1737032
-0.1783394
-0.1825305
-0.1852023
-0.1846461
-0.1805832
-0.1742859
-0.1674512
-0.1600875
-0.1476973
-0.1222546
-0.0803806
-0.0309055
0.0104765
0.0364602
0.0544784
0.0749664
0.0967037
0.1089716
0.1079640
0.1055419
0.1170299
0.1410998
0.1574761
0.1493820
0.1253930
0.1105633
0.1136685
0.1132923
0.0876073
0.0562928
0.0812751
0.2179724
0.4649847
0.7601892
1.0213086
1.1899832
1.2462584
1.1960037
1.0564423
0.8551927
0.6330379
0.4337359
0.2842449
0.1855714
0.1223419
0.0771393
0.0364502
-0.0079477
-0.0557600
-0.0983995
-0.1276881
-0.1445126
-0.1568747
-0.1707510
-0.1850487
-0.1945782
-0.1962434
-0.1925390
-0.1892393
-0.1893136
-0.1905564
-0.1908503
-0.1935598
-0.2044487
-0.2247949
-0.2508424
-0.2779922
-0.3014408
-0.3151121
-0.3158392
-0.3081523
-0.3001442
-0.2951321
-0.2915013
-0.2888860
-0.2885418
-0.2879363
-0.2809631
-0.2653369
-0.2463526
-0.2316733
-0.2235714
-0.2168250
-0.2051850
-0.1914584
-0.1879302
-0.2002150
-0.2125004
-0.1995993
-0.1564885
-0.1052309
-0.0673492
-0.0404029
-0.0109500
0.0186713
0.0300452
0.0134389
-0.0174304
-0.0386344
-0.0412332
-0.0412234
-0.0615035
-0.1023460
-0.1370836
-0.1450423
-0.1399000
-0.1492973
-0.1716657
-0.1756864
-0.1455550
-0.1052234
-0.0887156
-0.1022385
-0.1234522
-0.1247708
-0.0936572
-0.0464376
-0.0245233
-0.0552858
-0.1114586
