-0.2386788
-0.2230945
-0.1494380
-0.1151375
-0.1138174
-0.0766880
-0.0071115
0.0256363
0.0043745
-0.0142519
0.0066721
0.0416260
0.0581153
0.0571194
0.0516771
0.0499644
0.0634922
0.0970185
0.1339378
0.1659229
0.2303192
0.3798601
0.6120659
0.8543314
1.0189282
1.0572555
0.9749531
0.8216411
0.6600485
0.5218178
0.3942539
0.2592860
0.1299245
0.0331144
-0.0254219
-0.0580374
-0.0706018
-0.0627839
-0.0435223
-0.0264061
-0.0146655
-0.0051231
-0.0018453
-0.0138707
-0.0424420
-0.0769951
-0.1004598
-0.0990681
-0.0766305
-0.0580720
-0.0653798
-0.0904171
-0.1071009
-0.1098260
-0.1196348
-0.1482489
-0.1769804
-0.1818892
-0.1642762
-0.1437660
-0.1308348
-0.1180981
-0.0956542
-0.0670118
-0.0470538
-0.0434933
-0.0430837
-0.0251316
0.0091545
0.0339526
0.0338277
0.0275768
0.0421877
0.0735779
0.0929334
0.0884279
0.0807618
0.0932108
0.1207544
0.1374311
0.1284373
0.1075922
0.1013763
0.1178378
0.1372815
0.1385877
0.1277665
0.1272561
0.1389417
0.1356463
0.0960670
0.0335805
-0.0206764
-0.0534695
-0.0756419
-0.0973558
-0.1098619
-0.0958281
-0.0538431
-0.0081381
0.0104691
-0.0049371
-0.0309608
-0.0421801
-0.0391402
-0.0399834
-0.0511739
-0.0609665
-0.0613650
-0.0617648
-0.0744628
-0.0955803
-0.1084418
-0.1036281
-0.0906157
-0.0878217
-0.1014932
-0.1174544
-0.1183161
-0.1069816
-0.1041389
-0.1203930
-0.1413258
-0.1465646
-0.1343988
-0.1179507
-0.1037989
-0.0867156
-0.0639261
-0.0427153
-0.0294741
-0.0176633
0.0064539
0.0454145
0.0830643
0.1034831
0.1208355
0.1829017
0.3334595
0.5678802
0.8279527
1.0366974
1.1348317
1.0971120
0.9388101
0.7157129
0.5006731
0.3387262
0.2205659
0.1065862
-0.0208916
-0.1336724
-0.1885841
-0.1786444
-0.1452475
-0.1347654
-0.1496054
-0.1536224
-0.1242751
-0.0827400
-0.0638797
-0.0705961
-0.0752363
-0.0614267
-0.0456891
-0.0522827
-0.0800028
-0.1051927
-0.1129525
-0.1133506
-0.1226431
-0.1366093
-0.1340099
-0.1077938
-0.0809437
-0.0810191
-0.1051249
-0.1239437
-0.1201732
-0.1081507
-0.1091835
-0.1197808
-0.1166710
-0.0887806
-0.0519603
-0.0293936
-0.0250779
-0.0228526
-0.0095519
0.0083435
0.0159308
0.0134297
0.0183925
0.0412283
0.0676429
0.0742194
0.0570832
0.0353124
0.0266257
0.0291844
0.0305841
0.0277063
0.0309490
0.0493861
0.0760153
0.0911297
0.0813136
0.0527868
0.0229679
0.0011029
-0.0167626
-0.0343248
-0.0463003
-0.0489920
-0.0527834
-0.0740807
-0.1141423
-0.1524204
-0.1645332
-0.1450575
-0.1100343
-0.0772696
-0.0479609
-0.0123382
0.0279763
0.0529452
0.0468388
0.0222708
0.0098626
0.0229646
0.0427154
0.0424698
0.0186280
-0.0106992
-0.0328542
-0.0552376
-0.0891932
-0.1270194
-0.1456614
-0.1359226
-0.1195906
-0.1276890
-0.1633247
-0.1971747
-0.2036749
-0.1915817
-0.1898563
-0.2097998
-0.2332104
-0.2373785
-0.2201679
-0.1953121
-0.1709904
-0.1427153
-0.1070265
-0.0734935
-0.0561958
-0.0551911
-0.0542501
-0.0404177
-0.0200025
-0.0091611
-0.0131034
-0.0237111
-0.0362886
-0.0569171
-0.0881427
-0.1164451
-0.1239618
-0.1110750
-0.0994232
-0.1098881
-0.1413468
-0.1741533
-0.1928423
-0.2012490
-0.2136661
-0.2350441
-0.2558625
-0.2666140
-0.2704627
-0.2771614
-0.2887171
-0.2966867
-0.2918196
-0.2714646
-0.2386208
-0.1988843
-0.1590121
-0.1246966
-0.0983461
-0.0806797
-0.0739331
-0.0803094
-0.0963304
-0.1115597
-0.1162095
-0.1109618
-0.1075251
-0.1167010
-0.1356817
-0.1508311
-0.1551115
-0.1578414
-0.1710674
-0.1893970
-0.1929934
-0.1722516
-0.1390374
-0.1043129
-0.0483462
0.0755233
0.2997847
0.6031923
0.9110439
1.1348289
1.2171847
1.1506662
0.9678519
0.7210475
0.4644015
0.2383835
0.0595155
-0.0742514
-0.1647786
-0.2045374
-0.1915835
-0.1487555
-0.1157108
-0.1162797
-0.1387122
-0.1536365
-0.1491902
-0.1423230
-0.1542590
-0.1810496
-0.1961048
-0.1827004
-0.1565496
-0.1495664
-0.1744453
-0.2135548
-0.2431222
-0.2590571
-0.2733722
-0.2919278
-0.3059975
-0.3069307
-0.3015888
-0.3068440
-0.3289210
-0.3524109
-0.3531454
-0.3215386
-0.2704699
-0.2202664
-0.1806529
-0.1502460
-0.1283833
-0.1190896
-0.1225603
-0.1295840
-0.1290073
-0.1184076
-0.1038983
-0.0905031
-0.0767257
-0.0604409
-0.0473562
-0.0481896
-0.0647242
-0.0825392
-0.0839238
-0.0680078
-0.0514814
-0.0468056
-0.0466061
-0.0361862
-0.0170127
-0.0077018
-0.0197317
-0.0403380
-0.0462414
-0.0311267
-0.0113603
-0.0027084
0.0003819
0.0136685
0.0346072
0.0385698
0.0108747
-0.0269548
-0.0372228
-0.0118390
0.0156527
0.0098876
-0.0251613
-0.0561537
-0.0661794
-0.0750149
-0.1083407
-0.1586504
-0.1910792
-0.1873183
-0.1694335
-0.1712444
-0.1951294
-0.2124107
-0.2060874
-0.1958502
-0.2097881
-0.2421382
-0.2566894
-0.2325899
-0.1915126
-0.1710844
-0.1805908
-0.1949377
-0.1898208
-0.1692554
-0.1520346
-0.1407771
-0.1185122
-0.0767298
-0.0334679
-0.0138293
-0.0191074
-0.0276599
-0.0257751
-0.0245244
-0.0397530
-0.0653211
-0.0782655
-0.0687206
-0.0535139
-0.0555386
-0.0764369
-0.0970845
-0.1029538
-0.1002824
-0.1032946
-0.1121135
-0.1129266
-0.1003817
-0.0902546
-0.1029233
-0.1382150
-0.1739445
-0.1887735
-0.1803024
-0.1599600
-0.1371316
-0.1133889
-0.0887908
-0.0666595
-0.0495081
-0.0331472
-0.0072897
0.0407747
0.1281342
0.2798961
0.5173624
0.8268682
1.1381307
1.3480993
1.3842833
1.2530553
1.0261600
0.7805662
0.5525053
0.3441477
0.1601762
0.0232318
-0.0491955
-0.0723008
-0.0854744
-0.1138299
-0.1462576
-0.1574802
-0.1458571
-0.1389604
-0.1612179
-0.2056823
-0.2436956
-0.2569774
-0.2520670
-0.2440137
-0.2348289
-0.2144756
-0.1802325
-0.1467041
-0.1319587
-0.1369443
-0.1444987
-0.1392573
-0.1236489
-0.1117051
-0.1108239
-0.1139903
-0.1091411
-0.0928034
-0.0737410
-0.0643000
-0.0679009
-0.0744343
-0.0694320
-0.0493072
-0.0260742
-0.0145798
-0.0158461
-0.0163194
-0.0046456
0.0139326
0.0236875
0.0187881
0.0129589
0.0244328
0.0528675
0.0776110
0.0814005
0.0698137
0.0608489
0.0589569
0.0499122
0.0247998
0.0003550
0.0054622
0.0474056
0.0991696
0.1250306
0.1159152
0.0942738
0.0843993
0.0847296
0.0746438
0.0445433
0.0094599
-0.0106750
-0.0170946
-0.0303555
-0.0635645
-0.1050191
-0.1311116
-0.1326937
-0.1237360
-0.1240001
-0.1374498
-0.1509952
-0.1528262
-0.1465970
-0.1442473
-0.1479725
-0.1457476
-0.1271883
-0.1003724
-0.0885162
-0.1086815
-0.1543764
-0.1996909
-0.2213961
-0.2181021
-0.2077672
-0.2060477
-0.2086907
-0.1978027
-0.1650361
-0.1246380
-0.1006013
-0.1019457
-0.1135208
-0.1122105
-0.0907964
-0.0641714
-0.0524672
-0.0608028
-0.0775606
-0.0900650
-0.0966347
-0.1017083
-0.1042263
-0.0968299
-0.0768354
-0.0537730
-0.0428373
-0.0504419
-0.0668203
-0.0739342
-0.0624590
-0.0418078
-0.0319876
-0.0440267
-0.0692530
-0.0895887
-0.0977569
-0.1043164
-0.1227008
-0.1487965
-0.1596111
-0.1357641
-0.0847854
-0.0381430
-0.0226588
-0.0366330
-0.0562409
-0.0626568
-0.0578497
-0.0540292
-0.0543710
-0.0499392
-0.0345131
-0.0169870
-0.0151830
-0.0373663
-0.0722580
-0.0994537
-0.1094537
-0.1111673
-0.1188326
-0.1343611
-0.1461273
-0.1447387
-0.1356405
-0.1327275
-0.1406239
-0.1475697
-0.1388465
-0.1157545
-0.0968995
-0.0990802
-0.1209732
-0.1498765
-0.1809519
-0.2206226
-0.2679604
-0.3012816
-0.2938603
-0.2439929
-0.1821752
-0.1434666
-0.1347859
-0.1326591
-0.1108492
-0.0646626
-0.0076996
0.0477650
0.1002590
0.1533843
0.2137134
0.3010953
0.4515166
0.6920224
1.0029803
1.3083739
1.5119590
1.5508033
1.4225186
1.1723485
0.8626399
0.5519704
0.2887908
0.1071026
0.0174627
0.0020751
0.0245667
0.0503556
0.0618648
0.0587619
0.0478950
0.0335428
0.0141459
-0.0138391
-0.0482994
-0.0779374
-0.0898981
-0.0833888
-0.0728263
-0.0727548
-0.0799198
-0.0753996
-0.0473032
-0.0077684
0.0178852
0.0186289
0.0083735
0.0055742
0.0073227
-0.0073352
-0.0473564
-0.0927231
-0.1156873
-0.1145376
-0.1153707
-0.1386773
-0.1744656
-0.1980421
-0.2038773
-0.2114409
-0.2358563
-0.2642995
-0.2712134
-0.2522895
-0.2307089
-0.2262093
-0.2289453
-0.2148863
-0.1824571
-0.1591567
-0.1668292
-0.1916755
-0.2000342
-0.1792138
-0.1490409
-0.1301449
-0.1134067
-0.0723176
-0.0013362
0.0718010
0.1173633
0.1384510
0.1644337
0.2117556
0.2625092
0.2868869
0.2787488
0.2591909
0.2474407
0.2397818
0.2220078
0.1943504
0.1737216
0.1712761
0.1760077
0.1658480
0.1323814
0.0895694
0.0575897
0.0421272
0.0324529
0.0175613
-0.0008240
-0.0131629
-0.0172222
-0.0249754
-0.0535539
-0.1091908
-0.1787263
-0.2362537
-0.2604764
-0.2491279
-0.2178694
-0.1847205
-0.1558525
-0.1271639
-0.0978151
-0.0775495
-0.0770193
-0.0916614
-0.0998729
-0.0817584
-0.0400671
0.0010617
0.0206394
0.0217179
0.0239552
0.0367189
0.0462604
0.0337021
0.0016160
-0.0249875
-0.0262250
-0.0104851
-0.0045817
-0.0225228
-0.0510986
-0.0695833
-0.0774225
-0.0932987
-0.1267922
-0.1613998
-0.1735920
-0.1636291
-0.1561135
-0.1676281
-0.1832664
-0.1731904
-0.1283408
-0.0700481
-0.0228124
0.0139607
0.0618913
0.1392134
0.2528896
0.4143545
0.6448417
0.9461213
1.2655011
1.5065429
1.5899606
1.5075587
1.3158044
1.0822718
0.8451891
0.6194765
0.4228830
0.2794210
0.1972462
0.1556437
0.1226521
0.0832008
0.0445784
0.0167356
-0.0041311
-0.0295008
-0.0634043
-0.1008888
-0.1387433
-0.1785345
-0.2162640
-0.2366881
-0.2260230
-0.1892979
-0.1481666
-0.1187442
-0.0961890
-0.0659437
-0.0274343
0.0015907
0.0079802
0.0042569
0.0175328
0.0560480
0.0946768
0.1005465
0.0703754
0.0348805
0.0246643
0.0381680
0.0485080
0.0382045
0.0185768
0.0121056
0.0224634
0.0302467
0.0179319
-0.0092026
-0.0318197
-0.0408684
-0.0451861
-0.0553031
-0.0679849
-0.0714514
-0.0609277
-0.0423076
-0.0216992
0.0017315
0.0303314
0.0610834
0.0894453
0.1173799
0.1506636
0.1869490
0.2130714
0.2194889
0.2135006
0.2103554
0.2114009
0.2001316
0.1653410
0.1215739
0.0966108
0.0990451
0.1078765
0.0985131
0.0712052
0.0448493
0.0264892
0.0003803
-0.0464860
-0.0975190
-0.1190513
-0.1012808
-0.0753538
-0.0811382
-0.1233552
-0.1702611
-0.1953185
-0.2077485
-0.2337298
-0.2746418
-0.2975465
-0.2706662
-0.1999710
-0.1235238
-0.0731264
-0.0493752
-0.0342458
-0.0181726
-0.0066116
-0.0039575
-0.0024205
0.0082139
0.0260940
0.0399159
0.0440102
0.0432955
0.0420138
0.0352263
0.0175992
-0.0035629
-0.0132795
-0.0090859
-0.0088308
-0.0312582
-0.0715248
-0.1047906
-0.1166244
-0.1217957
-0.1449448
-0.1865152
-0.2195398
-0.2239765
-0.2142428
-0.2219236
-0.2540695
-0.2812216
-0.2720087
-0.2306994
-0.1899318
-0.1688502
-0.1512990
-0.1117100
-0.0535976
-0.0094639
-0.0021148
-0.0178445
-0.0253236
-0.0138306
-0.0012939
-0.0050894
-0.0170327
-0.0145584
0.0099900
0.0412917
0.0612675
0.0675592
0.0679477
0.0646493
0.0537854
0.0384777
0.0319298
0.0438412
0.0733970
0.1255892
0.2281483
0.4127817
0.6676505
0.9168223
1.0648839
1.0706074
0.9727761
0.8408673
0.7077994
0.5589668
0.3808004
0.2012439
0.0701274
0.0064622
-0.0190967
-0.0454262
-0.0767313
-0.0879157
-0.0678136
-0.0405587
-0.0376336
-0.0596805
-0.0788906
-0.0768696
-0.0662932
-0.0687003
-0.0808806
-0.0773961
-0.0474544
-0.0167741
-0.0226344
-0.0706060
-0.1261872
-0.1516896
-0.1435402
-0.1273699
-0.1221458
-0.1199014
-0.1026827
-0.0702274
-0.0423662
-0.0359362
-0.0472641
-0.0603812
-0.0671445
-0.0730925
-0.0844217
-0.0958505
-0.0955933
-0.0799699
-0.0586212
-0.0449561
-0.0446417
-0.0542103
-0.0669491
-0.0763936
-0.0758133
-0.0597710
-0.0291470
0.0073966
0.0399959
0.0654644
0.0863826
0.1027906
0.1094326
0.1052160
0.1027648
0.1206765
0.1616413
0.2022616
0.2120689
0.1842050
0.1419822
0.1117687
0.0940492
0.0679889
0.0230565
-0.0237089
-0.0482146
-0.0514201
-0.0599324
-0.0920822
-0.1329490
-0.1524912
-0.1450926
-0.1389774
-0.1613802
-0.2029790
-0.2273397
-0.2141718
-0.1827150
-0.1676058
-0.1788207
-0.1940740
-0.1887684
-0.1637348
-0.1392674
-0.1285575
-0.1252909
-0.1164023
-0.0990408
-0.0814765
-0.0725416
-0.0756082
-0.0902343
-0.1129458
-0.1356482
-0.1494683
-0.1539786
-0.1588107
-0.1713579
-0.1852401
-0.1874542
-0.1776583
-0.1731157
-0.1886536
-0.2152366
-0.2265876
-0.2086629
-0.1754617
-0.1502033
-0.1358795
-0.1142707
-0.0753457
-0.0372919
-0.0277388
-0.0477975
-0.0656850
-0.0513232
-0.0113460
0.0182641
0.0135787
-0.0112759
-0.0237586
-0.0132719
-0.0035555
-0.0234895
-0.0723984
-0.1204881
-0.1415887
-0.1385480
-0.1343106
-0.1441676
-0.1634466
-0.1806855
-0.1939980
-0.2087472
-0.2232945
-0.2262564
-0.2114573
-0.1899307
-0.1795394
-0.1824021
-0.1791571
-0.1495607
-0.0937560
-0.0242275
0.0654460
0.2153392
0.4701150
0.8267215
1.2097265
1.5036911
1.6204124
1.5481247
1.3466124
1.0976388
0.8534403
0.6220138
0.3933276
0.1750872
0.0003038
-0.1013619
-0.1370550
-0.1493844
-0.1773244
-0.2207752
-0.2493557
-0.2455524
-0.2304220
-0.2401875
-0.2826417
-0.3279684
-0.3454321
-0.3393142
-0.3390889
-0.3582364
-0.3761577
-0.3664663
-0.3338950
-0.3112613
-0.3204788
-0.3473688
-0.3599210
-0.3431537
-0.3063778
-0.2598286
-0.1980187
-0.1131307
-0.0169352
0.0622436
0.1055602
0.1190527
0.1199706
0.1145421
0.0966564
0.0659686
0.0374737
0.0279340
0.0370625
0.0481947
0.0470756
0.0351434
0.0233375
0.0175543
0.0139323
0.0063466
-0.0057081
-0.0171880
-0.0229481
-0.0227204
-0.0228858
-0.0334558
-0.0596943
-0.0942386
-0.1203051
-0.1271286
-0.1216309
-0.1198554
-0.1256122
-0.1236412
-0.0995485
-0.0626931
-0.0394982
-0.0411861
-0.0468897
-0.0278482
0.0146665
0.0464719
0.0387404
0.0000896
-0.0374635
-0.0585031
-0.0770351
-0.1077150
-0.1385313
-0.1449946
-0.1263699
-0.1115362
-0.1232044
-0.1484776
-0.1574386
-0.1456306
-0.1414996
-0.1665080
-0.2015406
-0.2070450
-0.1723002
-0.1289312
-0.1110507
-0.1155697
-0.1145783
-0.0999257
-0.0966043
-0.1255800
-0.1675477
-0.1795103
-0.1452943
-0.0952132
-0.0705871
-0.0800512
-0.1013200
-0.1186830
-0.1412554
-0.1792744
-0.2169612
-0.2247578
-0.1967163
-0.1612170
-0.1478372
-0.1527824
-0.1481367
-0.1215306
-0.0909239
-0.0705413
-0.0292102
0.1016588
0.3674241
0.7339737
1.0913096
1.3154252
1.3379128
1.1748281
0.9047491
0.6198890
0.3827334
0.2098118
