0.0909628
0.1422084
0.0991443
0.0644925
0.0688138
0.0632432
0.0276466
-0.0053905
-0.0198782
-0.0319127
-0.0400436
-0.0241558
0.0074636
0.0240183
0.0238302
0.0329712
0.0544000
0.0616753
0.0434973
0.0180322
0.0030754
0.0015465
0.0124140
0.0287065
0.0307295
0.0067062
-0.0267447
-0.0472938
-0.0601681
-0.0853417
-0.1208561
-0.1429167
-0.1374769
-0.1128183
-0.0856572
-0.0692038
-0.0682532
-0.0740727
-0.0714975
-0.0588719
-0.0495150
-0.0468382
-0.0343981
-0.0012972
0.0380135
0.0618357
0.0666164
0.0629664
0.0577116
0.0512654
0.0447937
0.0409839
0.0423506
0.0514586
0.0662014
0.0759137
0.0723948
0.0630372
0.0601711
0.0588250
0.0408218
0.0031554
-0.0325487
-0.0443699
-0.0339279
-0.0217582
-0.0256578
-0.0452497
-0.0632500
-0.0634151
-0.0506096
-0.0465999
-0.0598387
-0.0688802
-0.0476738
-0.0012090
0.0375029
0.0444259
0.0278651
0.0148893
0.0221214
0.0413935
0.0529148
0.0566641
0.0918910
0.2158923
0.4537723
0.7682083
1.0777368
1.3005605
1.3878451
1.3366261
1.1855082
0.9915054
0.7975849
0.6172184
0.4473549
0.2898664
0.1585299
0.0705376
0.0331746
0.0350078
0.0508406
0.0606335
0.0626395
0.0632143
0.0583343
0.0355968
-0.0060973
-0.0498915
-0.0783135
-0.0915651
-0.1051772
-0.1318897
-0.1667946
-0.1900919
-0.1875535
-0.1693079
-0.1621629
-0.1793780
-0.2048745
-0.2139955
-0.2037798
-0.1931451
-0.1954999
-0.2010080
-0.1890510
-0.1539446
-0.1146020
-0.0968582
-0.1053893
-0.1167285
-0.1052786
-0.0732250
-0.0458190
-0.0377568
-0.0362216
-0.0221638
0.0019991
0.0155659
0.0060303
-0.0169176
-0.0349641
-0.0431996
-0.0539576
-0.0776216
-0.1033026
-0.1061612
-0.0768770
-0.0364918
-0.0145970
-0.0174738
-0.0267157
-0.0263276
-0.0198253
-0.0186023
-0.0232542
-0.0231781
-0.0112723
0.0066143
0.0181258
0.0184712
0.0152568
0.0176984
0.0246434
0.0293964
0.0346365
0.0523956
0.0854017
0.1175468
0.1306190
0.1249083
0.1146132
0.1057444
0.0882114
0.0519230
0.0039305
-0.0363816
-0.0586263
-0.0729159
-0.0957668
-0.1268029
-0.1481365
-0.1507053
-0.1517350
-0.1744255
-0.2138474
-0.2372587
-0.2223439
-0.1845133
-0.1587286
-0.1604794
-0.1735920
-0.1751627
-0.1636426
-0.1566564
-0.1637260
-0.1693863
-0.1494064
-0.1006198
-0.0457801
-0.0070802
0.0161271
0.0374069
0.0588783
0.0674311
0.0538986
0.0265587
0.0022000
-0.0114934
-0.0211249
-0.0369885
-0.0606049
-0.0845083
-0.1033484
-0.1208566
-0.1423834
-0.1641023
-0.1766661
-0.1793654
-0.1829335
-0.1954120
-0.2117790
-0.2224934
-0.2274196
-0.2341782
-0.2434558
-0.2427348
-0.2192245
-0.1778677
-0.1413843
-0.1281492
-0.1319948
-0.1307115
-0.1156199
-0.1033637
-0.1108853
-0.1258753
-0.1157823
-0.0680559
-0.0104363
0.0162337
0.0009748
-0.0284027
-0.0383902
-0.0250541
-0.0122142
-0.0182058
-0.0334475
-0.0358258
-0.0217760
-0.0110578
-0.0201413
-0.0420580
-0.0592609
-0.0686563
-0.0832831
-0.1104998
-0.1382489
-0.1475104
-0.1341997
-0.1134689
-0.1022286
-0.1018148
-0.1017449
-0.0981624
-0.1002830
-0.1141800
-0.1272752
-0.1197525
-0.0917831
-0.0697801
-0.0799489
-0.1198819
-0.1613850
-0.1794261
-0.1735871
-0.1608159
-0.1518891
-0.1403881
-0.1160599
-0.0837355
-0.0613204
-0.0579422
-0.0616000
-0.0543251
-0.0353332
-0.0213017
-0.0236472
-0.0324941
-0.0274338
-0.0021242
0.0256873
0.0306346
0.0059337
-0.0291113
-0.0497243
-0.0517717
-0.0531424
-0.0696862
-0.0958529
-0.1124284
-0.1093232
-0.0958229
-0.0893800
-0.0982992
-0.1164439
-0.1327076
-0.1430972
-0.1521097
-0.1633852
-0.1730854
-0.1753370
-0.1715703
-0.1698516
-0.1751688
-0.1841138
-0.1894303
-0.1862467
-0.1728798
-0.1488976
-0.1151177
-0.0751746
-0.0361525
-0.0069226
0.0062014
0.0041432
-0.0052189
-0.0137959
-0.0199285
-0.0279684
-0.0421161
-0.0609219
-0.0766247
-0.0804473
-0.0716559
-0.0618041
-0.0654757
-0.0837966
-0.1007131
-0.1005222
-0.0878350
-0.0844933
-0.1040117
-0.1320014
-0.1369524
-0.1029568
-0.0494579
-0.0135756
-0.0115321
-0.0226138
-0.0152800
0.0160374
0.0485394
0.0636262
0.0702929
0.0904970
0.1310501
0.1847492
0.2617223
0.4052988
0.6574700
0.9997124
1.3353613
1.5459916
1.5756269
1.4614471
1.2839748
1.0942078
0.8921522
0.6654973
0.4317760
0.2350127
0.1072763
0.0424638
0.0092125
-0.0158668
-0.0325954
-0.0327104
-0.0224153
-0.0217232
-0.0419320
-0.0713461
-0.0885073
-0.0872131
-0.0837198
-0.0983929
-0.1325082
-0.1649486
-0.1725200
-0.1535587
-0.1301856
-0.1259341
-0.1423294
-0.1596748
-0.1598414
-0.1446962
-0.1311705
-0.1309753
-0.1373519
-0.1314910
-0.1017162
-0.0568747
-0.0201839
-0.0085094
-0.0180494
-0.0315445
-0.0382842
-0.0440218
-0.0603752
-0.0868551
-0.1067033
-0.1030037
-0.0792908
-0.0609465
-0.0713539
-0.1060656
-0.1354566
-0.1363682
-0.1179215
-0.1110262
-0.1328826
-0.1668102
-0.1798861
-0.1586106
-0.1238900
-0.1096321
-0.1282598
-0.1600670
-0.1764766
-0.1693066
-0.1532925
-0.1429556
-0.1347281
-0.1148153
-0.0795796
-0.0420399
-0.0177560
-0.0079751
0.0003148
0.0176021
0.0377109
0.0438175
0.0293979
0.0096437
0.0078653
0.0306769
0.0599483
0.0707077
0.0554596
0.0296910
0.0141585
0.0129768
0.0100545
-0.0124551
-0.0533701
-0.0922741
-0.1101601
-0.1076810
-0.1017282
-0.1067522
-0.1223366
-0.1376289
-0.1439705
-0.1415253
-0.1351156
-0.1260715
-0.1101055
-0.0836612
-0.0504712
-0.0193223
0.0043789
0.0220485
0.0361388
0.0436064
0.0378270
0.0169979
-0.0107849
-0.0321729
-0.0398075
-0.0397401
-0.0461478
-0.0665382
-0.0927679
-0.1090992
-0.1093383
-0.1036574
-0.1071762
-0.1228730
-0.1370699
-0.1322339
-0.1046268
-0.0693394
-0.0468089
-0.0435541
-0.0470305
-0.0402651
-0.0205768
-0.0027476
-0.0042180
-0.0275471
-0.0563468
-0.0682691
-0.0544800
-0.0286173
-0.0154812
-0.0283114
-0.0565328
-0.0767395
-0.0757826
-0.0622638
-0.0552340
-0.0626312
-0.0725352
-0.0669189
-0.0427869
-0.0158919
-0.0017482
0.0027399
0.0127819
0.0318034
0.0420201
0.0244104
-0.0152061
-0.0473977
-0.0491755
-0.0291578
-0.0180859
-0.0344053
-0.0643358
-0.0799054
-0.0732081
-0.0647087
-0.0752877
-0.0978237
-0.1052507
-0.0855480
-0.0595152
-0.0583429
-0.0873868
-0.1192407
-0.1246022
-0.1054354
-0.0921350
-0.1077237
-0.1405165
-0.1572813
-0.1415357
-0.1122027
-0.1017347
-0.1203424
-0.1469612
-0.1544915
-0.1387367
-0.1196851
-0.1165310
-0.1259317
-0.1275142
-0.1091539
-0.0820582
-0.0679916
-0.0742080
-0.0859316
-0.0843673
-0.0679992
-0.0528947
-0.0535322
-0.0669139
-0.0768495
-0.0720550
-0.0573360
-0.0462208
-0.0452459
-0.0492912
-0.0523752
-0.0578975
-0.0735300
-0.0973602
-0.1144997
-0.1105329
-0.0871653
-0.0622098
-0.0530269
-0.0600825
-0.0675505
-0.0606679
-0.0415916
-0.0262536
-0.0255253
-0.0323252
-0.0299688
-0.0124093
0.0077332
0.0157092
0.0218504
0.0706665
0.2153881
0.4734576
0.8012688
1.1138017
1.3342935
1.4316602
1.4186435
1.3233840
1.1673594
0.9661667
0.7412279
0.5222668
0.3363396
0.1966693
0.1030191
0.0493375
0.0266259
0.0199786
0.0110243
-0.0102600
-0.0378145
-0.0586619
-0.0699402
-0.0822252
-0.1043552
-0.1296426
-0.1422585
-0.1364646
-0.1240438
-0.1194091
-0.1205780
-0.1113094
-0.0839096
-0.0539684
-0.0453076
-0.0608188
-0.0756711
-0.0639598
-0.0283332
0.0025940
0.0057579
-0.0129450
-0.0292781
-0.0307114
-0.0297531
-0.0455525
-0.0769084
-0.1003426
-0.0968604
-0.0755944
-0.0651305
-0.0819412
-0.1129203
-0.1319019
-0.1299748
-0.1245303
-0.1377618
-0.1699426
-0.1975718
-0.1979211
-0.1721644
-0.1416976
-0.1234302
-0.1132910
-0.0953433
-0.0625283
-0.0234734
0.0099780
0.0363963
0.0633927
0.0956912
0.1285977
0.1535261
0.1668279
0.1708736
0.1682087
0.1589552
0.1454603
0.1353566
0.1347763
0.1389689
0.1350324
0.1165451
0.0918002
0.0734932
0.0622305
0.0457415
0.0159096
-0.0180352
-0.0382931
-0.0398787
-0.0378567
-0.0494828
-0.0718991
-0.0839316
-0.0718350
-0.0476792
-0.0364154
-0.0465026
-0.0601245
-0.0549470
-0.0307266
-0.0091826
-0.0087376
-0.0251312
-0.0400233
-0.0450709
-0.0506519
-0.0683754
-0.0905994
-0.0955116
-0.0741519
-0.0458091
-0.0402595
-0.0660578
-0.1021117
-0.1219459
-0.1212986
-0.1174964
-0.1243440
-0.1348734
-0.1324006
-0.1142265
-0.0972263
-0.0987064
-0.1174947
-0.1381961
-0.1500703
-0.1546993
-0.1556148
-0.1487458
-0.1283356
-0.0981081
-0.0700877
-0.0527231
-0.0451421
-0.0433524
-0.0455916
-0.0472486
-0.0360651
-0.0026555
0.0422867
0.0723237
0.0795749
0.1045653
0.2182773
0.4608481
0.7942588
1.1181264
1.3344477
1.4020753
1.3418568
1.2053141
1.0422285
0.8843068
0.7410587
0.6046339
0.4658204
0.3330680
0.2337356
0.1893977
0.1890032
0.1934437
0.1714493
0.1270381
0.0864377
0.0622735
0.0408157
0.0061704
-0.0340011
-0.0570330
-0.0562136
-0.0521110
-0.0690180
-0.1071202
-0.1450946
-0.1673123
-0.1795084
-0.1949117
-0.2126448
-0.2183124
-0.2044078
-0.1813377
-0.1646746
-0.1577527
-0.1531945
-0.1481718
-0.1492663
-0.1599512
-0.1700736
-0.1641656
-0.1389897
-0.1079564
-0.0871486
-0.0803136
-0.0794545
-0.0770863
-0.0734902
-0.0719246
-0.0713223
-0.0671501
-0.0578166
-0.0468851
-0.0393305
-0.0386275
-0.0473028
-0.0658567
-0.0884085
-0.1024488
-0.0977197
-0.0761715
-0.0505396
-0.0317916
-0.0194599
-0.0054307
0.0145440
0.0359799
0.0524716
0.0641620
0.0762441
0.0896254
0.0967612
0.0889945
0.0665606
0.0392443
0.0178943
0.0071892
0.0058915
0.0108431
0.0189188
0.0266562
0.0304705
0.0280687
0.0191837
0.0048086
-0.0135250
-0.0329916
-0.0486794
-0.0559216
-0.0555610
-0.0562153
-0.0681043
-0.0923815
-0.1175270
-0.1284567
-0.1196073
-0.0979944
-0.0736188
-0.0493642
-0.0227527
0.0032900
0.0161702
0.0047494
-0.0255003
-0.0534847
-0.0624222
-0.0568081
-0.0554180
-0.0684187
-0.0872273
-0.0992842
-0.1069312
-0.1242843
-0.1561019
-0.1877992
-0.2014989
-0.1976953
-0.1933815
-0.1985566
-0.2030149
-0.1923513
-0.1716366
-0.1626858
-0.1760920
-0.1952283
-0.1950572
-0.1717589
-0.1445309
-0.1291682
-0.1208106
-0.1081192
-0.0955148
-0.0990005
-0.1202382
-0.1372559
-0.1292713
-0.1047357
-0.0935835
-0.1112076
-0.1407032
-0.1564725
-0.1566417
-0.1604839
-0.1764090
-0.1872822
-0.1748893
-0.1493054
-0.1406815
-0.1623594
-0.1940296
-0.2072565
-0.1994188
-0.1917447
-0.1954349
-0.1918418
-0.1536493
-0.0803083
-0.0022703
0.0534470
0.0988834
0.1848456
0.3649558
0.6526860
0.9991499
1.3057390
1.4712611
1.4514584
1.2874765
1.0717646
0.8740273
0.6956297
0.4978514
0.2710606
0.0651278
-0.0547450
-0.0756484
-0.0498618
-0.0404233
-0.0646326
-0.0966270
-0.1141708
-0.1255315
-0.1479275
-0.1754109
-0.1829272
-0.1595550
-0.1246888
-0.1064585
-0.1121231
-0.1270746
-0.1382130
-0.1475456
-0.1608059
-0.1726071
-0.1720766
-0.1605035
-0.1536454
-0.1631179
-0.1817565
-0.1929891
-0.1912844
-0.1865778
-0.1889228
-0.1959827
-0.1992786
-0.1978727
-0.1996206
-0.2095574
-0.2225555
-0.2296010
-0.2277475
-0.2206382
-0.2114033
-0.1995004
-0.1846610
-0.1694026
-0.1550634
-0.1385118
-0.1167578
-0.0934153
-0.0760152
-0.0665013
-0.0588960
-0.0483797
-0.0383174
-0.0340465
-0.0328827
-0.0272746
-0.0185106
-0.0195810
-0.0381983
-0.0608247
-0.0629585
-0.0382179
-0.0101632
-0.0080694
-0.0336161
-0.0601932
-0.0668963
-0.0642006
-0.0777489
-0.1107590
-0.1343018
-0.1198562
-0.0746257
-0.0360352
-0.0318815
-0.0532339
-0.0695534
-0.0645338
-0.0499221
-0.0453133
-0.0529515
-0.0580581
-0.0500836
-0.0356450
-0.0286271
-0.0335238
-0.0439094
-0.0548248
-0.0695056
-0.0910358
-0.1120966
-0.1195360
-0.1103276
-0.0985155
-0.1020156
-0.1231620
-0.1461586
-0.1550688
-0.1509666
-0.1479444
-0.1540354
-0.1614487
-0.1577167
-0.1425506
-0.1288265
-0.1271251
-0.1336918
-0.1362154
-0.1291040
-0.1191868
-0.1161419
-0.1208793
-0.1258050
-0.1245180
-0.1177491
-0.1100855
-0.1049490
-0.1047412
-0.1122257
-0.1268388
-0.1401195
-0.1402975
-0.1249617
-0.1066065
-0.1008844
-0.1089663
-0.1158597
-0.1089609
-0.0948494
-0.0916974
-0.1043622
-0.1135377
-0.0958139
-0.0526744
-0.0123234
0.0000722
-0.0114915
-0.0230434
-0.0227936
-0.0249282
-0.0474405
-0.0831805
-0.1030966
-0.0899103
-0.0605203
-0.0479018
-0.0636789
-0.0872223
-0.0939864
-0.0864725
-0.0885905
-0.1115576
-0.1360357
-0.1344009
-0.1057944
-0.0799479
-0.0842099
-0.1133751
-0.1381356
-0.1406653
-0.1334449
-0.1392578
-0.1587861
-0.1672404
-0.1445245
-0.1009496
-0.0659074
-0.0534154
-0.0473524
-0.0240469
0.0172071
0.0542412
0.0710858
0.0772103
0.0928206
0.1237394
0.1653032
0.2334614
0.3754656
0.6283939
0.9606838
1.2666882
1.4348905
1.4282520
1.2979335
1.1226088
0.9425916
0.7532239
0.5475684
0.3469161
0.1854220
0.0776892
0.0138201
-0.0176864
-0.0169697
0.0118693
0.0444266
0.0502618
0.0246745
-0.0054051
-0.0145849
-0.0113852
-0.0268379
-0.0715402
-0.1162697
-0.1237609
-0.0940112
-0.0661609
-0.0732002
-0.1049615
-0.1244889
-0.1157636
-0.1022410
-0.1141560
-0.1478594
-0.1693023
-0.1565789
-0.1272735
-0.1166470
-0.1345954
-0.1544500
-0.1457724
-0.1096471
-0.0745165
-0.0606622
-0.0581821
-0.0434028
-0.0104948
0.0210196
0.0296957
0.0159778
-0.0012088
-0.0074490
-0.0060696
-0.0081897
-0.0157193
-0.0193826
-0.0121383
0.0009070
0.0083640
0.0052221
-0.0040277
-0.0136685
-0.0231883
-0.0332323
-0.0389716
-0.0331461
-0.0166764
-0.0019199
-0.0013998
-0.0142428
-0.0275569
-0.0321452
-0.0331180
-0.0412284
-0.0553170
-0.0592726
-0.0400231
-0.0056682
0.0199511
0.0222206
0.0112436
0.0088086
0.0221076
0.0360409
0.0333781
0.0175536
0.0093533
0.0212063
0.0411575
0.0470410
0.0336263
0.0187414
0.0203389
0.0332266
0.0353289
0.0166132
-0.0052400
-0.0030737
0.0282429
0.0643442
0.0768734
0.0621182
0.0403314
0.0289389
0.0229692
0.0051309
-0.0289035
-0.0618792
-0.0731251
-0.0611051
-0.0441615
-0.0404903
-0.0517466
-0.0671412
-0.0790103
-0.0895724
-0.1032046
-0.1174672
-0.1252820
-0.1239861
-0.1181923
-0.1132911
-0.1096677
-0.1054787
-0.1021919
-0.1026625
-0.1035247
-0.0946711
-0.0706953
-0.0410046
-0.0227641
-0.0214187
-0.0223348
-0.0069675
0.0235849
0.0475551
0.0487573
0.0395918
0.0501617
0.0926839
0.1431089
0.1645199
0.1469037
0.1161461
0.1010006
0.0982671
0.0793807
0.0304258
-0.0249555
-0.0501595
-0.0389408
