-0.0700155
-0.0745187
-0.0648562
-0.0563803
-0.0504783
-0.0436474
-0.0443017
-0.0630660
-0.0892594
-0.0929138
-0.0551104
0.0101947
0.0665849
0.0846594
0.0644320
0.0341945
0.0247464
0.0389679
0.0491138
0.0296887
-0.0103546
-0.0360829
-0.0265345
0.0015453
0.0124674
-0.0104276
-0.0485953
-0.0687579
-0.0577928
-0.0358473
-0.0330504
-0.0547925
-0.0758052
-0.0707572
-0.0446692
-0.0270093
-0.0383822
-0.0698037
-0.0959025
-0.1037893
-0.1052563
-0.1208333
-0.1542961
-0.1860175
-0.1931575
-0.1740090
-0.1481805
-0.1330250
-0.1251083
-0.1078058
-0.0739617
-0.0367775
-0.0176992
-0.0246494
-0.0425897
-0.0465850
-0.0260814
0.0037940
0.0171331
0.0039694
-0.0196108
-0.0288143
-0.0161455
0.0011542
-0.0004286
-0.0249503
-0.0502390
-0.0486866
-0.0160837
0.0220232
0.0353491
0.0198447
0.0012104
0.0069030
0.0367029
0.0633213
0.0628526
0.0431238
0.0381575
0.0715548
0.1283624
0.1720060
0.1947346
0.2460721
0.3989658
0.6787433
1.0246972
1.3256973
1.4977809
1.5310677
1.4679349
1.3460573
1.1711526
0.9424936
0.6897844
0.4693306
0.3212099
0.2385409
0.1840881
0.1317744
0.0845850
0.0540904
0.0336864
0.0007721
-0.0564641
-0.1231886
-0.1742430
-0.2030082
-0.2266649
-0.2607953
-0.2952275
-0.3025088
-0.2703188
-0.2192932
-0.1843852
-0.1798607
-0.1860787
-0.1718067
-0.1276807
-0.0753253
-0.0433556
-0.0372421
-0.0360238
-0.0180875
0.0144126
0.0397206
0.0422837
0.0293099
0.0202346
0.0233559
0.0273672
0.0168306
-0.0074944
-0.0281559
-0.0316456
-0.0258213
-0.0326915
-0.0642708
-0.1096239
-0.1478425
-0.1711320
-0.1912628
-0.2228630
-0.2634237
-0.2930031
-0.2944562
-0.2721469
-0.2482055
-0.2399142
-0.2430674
-0.2394407
-0.2188023
-0.1897399
-0.1678335
-0.1564964
-0.1433406
-0.1158408
-0.0776290
-0.0462852
-0.0348650
-0.0383814
-0.0410767
-0.0359731
-0.0333156
-0.0475775
-0.0784125
-0.1082607
-0.1199465
-0.1150038
-0.1128902
-0.1316714
-0.1698052
-0.2074914
-0.2262285
-0.2263525
-0.2241584
-0.2320612
-0.2439938
-0.2425044
-0.2195802
-0.1874835
-0.1666777
-0.1635675
-0.1630728
-0.1455237
-0.1097412
-0.0756100
-0.0620116
-0.0651750
-0.0630366
-0.0407561
-0.0074306
0.0151001
0.0173081
0.0115352
0.0161847
0.0342544
0.0510726
0.0525132
0.0412984
0.0325787
0.0353938
0.0427724
0.0412752
0.0269131
0.0083130
-0.0048152
-0.0126377
-0.0231423
-0.0411098
-0.0617057
-0.0756460
-0.0793652
-0.0782004
-0.0787789
-0.0796848
-0.0723729
-0.0526721
-0.0296341
-0.0195236
-0.0290859
-0.0461586
-0.0503152
-0.0348596
-0.0165073
-0.0195457
-0.0495861
-0.0867496
-0.1081378
-0.1142422
-0.1265291
-0.1570501
-0.1868919
-0.1826560
-0.1349061
-0.0736705
-0.0403917
-0.0463287
-0.0643745
-0.0630894
-0.0427369
-0.0317119
-0.0498096
-0.0838665
-0.1041310
-0.0990570
-0.0855316
-0.0844911
-0.0945346
-0.0956312
-0.0755269
-0.0445246
-0.0217602
-0.0127813
-0.0071619
0.0032577
0.0119521
0.0080476
-0.0061422
-0.0166977
-0.0184831
-0.0259476
-0.0562115
-0.1035812
-0.1394828
-0.1420761
-0.1215060
-0.1091690
-0.1220754
-0.1446866
-0.1505465
-0.1371638
-0.1300510
-0.1493846
-0.1803970
-0.1861879
-0.1501368
-0.0977491
-0.0712493
-0.0859109
-0.1173871
-0.1314581
-0.1191145
-0.0978222
-0.0828004
-0.0663256
-0.0293470
0.0313691
0.0947573
0.1356066
0.1507407
0.1658809
0.2212811
0.3508469
0.5647056
0.8369394
1.1045273
1.2884181
1.3336892
1.2415653
1.0635213
0.8595545
0.6588659
0.4593709
0.2602994
0.0858798
-0.0294376
-0.0763525
-0.0831440
-0.0888039
-0.1072774
-0.1229021
-0.1191831
-0.1042719
-0.1027125
-0.1248666
-0.1521572
-0.1567647
-0.1328564
-0.1026476
-0.0907178
-0.0974987
-0.1026124
-0.0919224
-0.0741904
-0.0676663
-0.0748279
-0.0779419
-0.0618523
-0.0358934
-0.0265571
-0.0477585
-0.0839554
-0.1074136
-0.1098557
-0.1104472
-0.1301945
-0.1638547
-0.1838782
-0.1721815
-0.1419864
-0.1240088
-0.1334998
-0.1561813
-0.1675912
-0.1612946
-0.1531209
-0.1589971
-0.1750033
-0.1831158
-0.1733684
-0.1543454
-0.1407081
-0.1352593
-0.1274908
-0.1077633
-0.0773295
-0.0425382
-0.0037846
0.0438150
0.0983534
0.1454415
0.1699533
0.1726933
0.1702177
0.1757484
0.1840891
0.1802244
0.1614645
0.1442501
0.1448308
0.1567896
0.1548001
0.1229179
0.0743585
0.0377762
0.0248797
0.0179579
-0.0069224
-0.0486343
-0.0801388
-0.0802896
-0.0604903
-0.0537225
-0.0780259
-0.1166370
-0.1372416
-0.1276658
-0.1076528
-0.1048619
-0.1234312
-0.1400876
-0.1307039
-0.0970521
-0.0652336
-0.0591402
-0.0778163
-0.0989538
-0.1025053
-0.0893269
-0.0771753
-0.0800973
-0.0932359
-0.0985879
-0.0852315
-0.0622151
-0.0499634
-0.0593073
-0.0809340
-0.0965479
-0.0987925
-0.0974316
-0.1054558
-0.1222235
-0.1341269
-0.1321141
-0.1244574
-0.1281664
-0.1485031
-0.1715545
-0.1796757
-0.1715116
-0.1620848
-0.1625719
-0.1646321
-0.1493795
-0.1114430
-0.0694366
-0.0489149
-0.0559354
-0.0711720
-0.0715882
-0.0552230
-0.0413549
-0.0468524
-0.0662690
-0.0776932
-0.0666443
-0.0412737
-0.0236546
-0.0284044
-0.0515624
-0.0791687
-0.1035189
-0.1287930
-0.1613547
-0.1971571
-0.2211880
-0.2204618
-0.1975798
-0.1708172
-0.1595623
-0.1683328
-0.1847455
-0.1936570
-0.1930325
-0.1943935
-0.2067652
-0.2217824
-0.2177067
-0.1799994
-0.1175845
-0.0576000
-0.0232548
-0.0160375
-0.0184035
-0.0127236
0.0027883
0.0169521
0.0255918
0.0507432
0.1389766
0.3327493
0.6311266
0.9710355
1.2512699
1.3887191
1.3653395
1.2278295
1.0427430
0.8498549
0.6541779
0.4543574
0.2686224
0.1279180
0.0468759
0.0087002
-0.0179445
-0.0498616
-0.0804765
-0.0977692
-0.1041534
-0.1140020
-0.1339325
-0.1519618
-0.1497030
-0.1233843
-0.0892110
-0.0673066
-0.0628965
-0.0654748
-0.0652385
-0.0663490
-0.0809793
-0.1112359
-0.1411633
-0.1504090
-0.1362623
-0.1196514
-0.1264228
-0.1615747
-0.2029169
-0.2216987
-0.2099185
-0.1864318
-0.1756721
-0.1817664
-0.1858736
-0.1693785
-0.1371801
-0.1150438
-0.1234125
-0.1559561
-0.1860272
-0.1937207
-0.1839056
-0.1760643
-0.1784922
-0.1768344
-0.1502426
-0.0966016
-0.0378190
0.0010728
0.0157767
0.0236611
0.0420289
0.0686320
0.0854369
0.0801431
0.0610610
0.0495463
0.0589472
0.0822217
0.0994620
0.0959596
0.0733035
0.0455259
0.0263753
0.0191422
0.0160195
0.0062151
-0.0138790
-0.0367471
-0.0499968
-0.0480708
-0.0386336
-0.0365821
-0.0505711
-0.0754418
-0.0986294
-0.1135296
-0.1245117
-0.1376383
-0.1485887
-0.1438590
-0.1160450
-0.0761216
-0.0469874
-0.0429663
-0.0564890
-0.0665080
-0.0601357
-0.0449016
-0.0393860
-0.0531158
-0.0770236
-0.0930190
-0.0909645
-0.0758758
-0.0608253
-0.0551800
-0.0590348
-0.0659477
-0.0692636
-0.0671954
-0.0641592
-0.0673276
-0.0798150
-0.0959192
-0.1043311
-0.0982053
-0.0822767
-0.0682332
-0.0621845
-0.0584811
-0.0480586
-0.0319323
-0.0227368
-0.0305752
-0.0490270
-0.0587653
-0.0466458
-0.0199289
0.0000663
-0.0018135
-0.0219359
-0.0452528
-0.0628571
-0.0796316
-0.1043362
-0.1347212
-0.1553778
-0.1512720
-0.1227669
-0.0869131
-0.0642580
-0.0638959
-0.0792602
-0.0960873
-0.1041111
-0.1030919
-0.0998549
-0.0998353
-0.1001869
-0.0906791
-0.0630544
-0.0213778
0.0175583
0.0367962
0.0335928
0.0202912
0.0103355
0.0056931
0.0005735
-0.0045387
0.0013637
0.0271931
0.0683199
0.1169589
0.1866823
0.3179172
0.5455471
0.8537054
1.1655673
1.3858207
1.4603569
1.4006281
1.2574931
1.0778334
0.8848212
0.6887029
0.5036337
0.3493866
0.2408951
0.1805809
0.1592651
0.1602958
0.1634807
0.1520523
0.1225130
0.0877437
0.0655087
0.0605142
0.0588131
0.0419176
0.0057745
-0.0361558
-0.0681334
-0.0875369
-0.1037473
-0.1241261
-0.1447730
-0.1561907
-0.1558116
-0.1523109
-0.1572496
-0.1738763
-0.1948602
-0.2101246
-0.2158408
-0.2159440
-0.2158014
-0.2149089
-0.2060312
-0.1824154
-0.1469324
-0.1135794
-0.0975037
-0.1014182
-0.1122428
-0.1132621
-0.1006938
-0.0871500
-0.0871782
-0.0997139
-0.1070080
-0.0925718
-0.0595432
-0.0292988
-0.0209329
-0.0329489
-0.0461812
-0.0441368
-0.0287680
-0.0156106
-0.0149337
-0.0201367
-0.0158694
0.0037482
0.0277891
0.0409874
0.0421611
0.0467083
0.0684885
0.1008302
0.1198130
0.1091136
0.0799674
0.0623306
0.0740415
0.1006500
0.1092796
0.0832598
0.0403482
0.0141719
0.0187731
0.0349535
0.0329249
0.0056352
-0.0239646
-0.0288111
-0.0074434
0.0147892
0.0131011
-0.0114682
-0.0355861
-0.0400682
-0.0291893
-0.0227987
-0.0321813
-0.0474017
-0.0491934
-0.0307463
-0.0051528
0.0083233
0.0027185
-0.0133044
-0.0286866
-0.0427735
-0.0628417
-0.0905690
-0.1150116
-0.1219652
-0.1100836
-0.0953636
-0.0975796
-0.1217141
-0.1533113
-0.1727525
-0.1741832
-0.1699224
-0.1758057
-0.1925371
-0.2027688
-0.1879370
-0.1482647
-0.1050875
-0.0820681
-0.0837827
-0.0936189
-0.0931332
-0.0820015
-0.0765913
-0.0886159
-0.1082369
-0.1119538
-0.0877748
-0.0496761
-0.0243646
-0.0241482
-0.0353428
-0.0342758
-0.0125034
0.0161769
0.0326825
0.0327699
0.0281691
0.0301058
0.0361870
0.0351405
0.0213748
0.0008113
-0.0178171
-0.0335807
-0.0520868
-0.0747761
-0.0936845
-0.0996411
-0.0943315
-0.0905392
-0.0985435
-0.1141159
-0.1231215
-0.1184767
-0.1095329
-0.1115381
-0.1263106
-0.1372432
-0.1267424
-0.0979441
-0.0754284
-0.0816830
-0.1136787
-0.1453719
-0.1540056
-0.1416047
-0.1285568
-0.1278433
-0.1299333
-0.1149815
-0.0770239
-0.0319317
-0.0011596
0.0084993
0.0063221
0.0017973
-0.0066212
-0.0246377
-0.0485569
-0.0651943
-0.0666790
-0.0604996
-0.0603486
-0.0687995
-0.0747545
-0.0698609
-0.0623004
-0.0681643
-0.0896724
-0.1087029
-0.1067051
-0.0880640
-0.0770238
-0.0898202
-0.1155209
-0.1298994
-0.1258020
-0.1218553
-0.1377078
-0.1665477
-0.1805061
-0.1641178
-0.1350815
-0.1256708
-0.1459647
-0.1728613
-0.1781107
-0.1616082
-0.1501278
-0.1635349
-0.1891492
-0.1943394
-0.1619721
-0.1079243
-0.0625212
-0.0388475
-0.0227010
0.0079626
0.0578751
0.1103164
0.1472284
0.1741438
0.2276072
0.3566075
0.5874334
0.8941867
1.1985033
1.4061855
1.4602071
1.3709688
1.1985753
1.0026940
0.8055227
0.5994701
0.3846237
0.1905976
0.0567363
-0.0068390
-0.0316227
-0.0600903
-0.1048412
-0.1428038
-0.1498576
-0.1345106
-0.1308578
-0.1597457
-0.2049769
-0.2327503
-0.2300184
-0.2153323
-0.2108420
-0.2122553
-0.1947824
-0.1468446
-0.0885394
-0.0517815
-0.0469628
-0.0559983
-0.0569850
-0.0478000
-0.0417659
-0.0460197
-0.0521401
-0.0482624
-0.0340219
-0.0202548
-0.0177502
-0.0302356
-0.0555416
-0.0873999
-0.1153751
-0.1292139
-0.1281669
-0.1237844
-0.1288141
-0.1438762
-0.1596195
-0.1720260
-0.1887187
-0.2152629
-0.2402621
-0.2436675
-0.2218382
-0.1964341
-0.1918646
-0.2076151
-0.2206996
-0.2148351
-0.1975857
-0.1834566
-0.1679834
-0.1306858
-0.0646564
0.0077963
0.0568619
0.0771733
0.0882378
0.1039805
0.1138636
0.1015373
0.0742820
0.0603056
0.0745547
0.0980519
0.0997166
0.0736759
0.0441341
0.0322297
0.0287527
0.0080509
-0.0358888
-0.0785681
-0.0932077
-0.0819034
-0.0714013
-0.0809809
-0.1030749
-0.1176731
-0.1184811
-0.1176470
-0.1264899
-0.1393649
-0.1405503
-0.1236198
-0.0989370
-0.0817045
-0.0762369
-0.0741458
-0.0661198
-0.0521701
-0.0391426
-0.0298577
-0.0174391
0.0078427
0.0462788
0.0852790
0.1106107
0.1218260
0.1355126
0.1734494
0.2509385
0.3792878
0.5738372
0.8446175
1.1664928
1.4613351
1.6279018
1.6087362
1.4349432
1.2011377
0.9913319
0.8276086
0.6864892
0.5524472
0.4419896
0.3754572
0.3405496
0.2988677
0.2286303
0.1491634
0.0957536
0.0759916
0.0610045
0.0205350
-0.0425740
-0.0992840
-0.1307055
-0.1476818
-0.1718776
-0.2054248
-0.2279359
-0.2230681
-0.2002489
-0.1851093
-0.1915301
-0.2091057
-0.2188870
-0.2161471
-0.2130997
-0.2208466
-0.2340659
-0.2361702
-0.2171535
-0.1829397
-0.1474349
-0.1187569
-0.0950209
-0.0712100
-0.0464394
-0.0239043
-0.0065849
0.0046485
0.0096190
0.0077778
-0.0012589
-0.0175612
-0.0411202
-0.0698682
-0.0965584
-0.1108897
-0.1091393
-0.1016511
-0.1059055
-0.1285903
-0.1569094
-0.1724080
-0.1732483
-0.1770825
-0.1983449
-0.2270629
-0.2374838
-0.2183929
-0.1878999
-0.1730192
-0.1785020
-0.1834811
-0.1690724
-0.1404331
-0.1148967
-0.0934908
-0.0560964
0.0105075
0.0874357
0.1363454
0.1378374
0.1100989
0.0858825
0.0767548
0.0673931
0.0432913
0.0138658
0.0014523
0.0119115
0.0256499
0.0205656
-0.0025183
-0.0234701
-0.0292576
-0.0287729
-0.0385049
-0.0597159
-0.0774183
-0.0812266
-0.0790411
-0.0849394
-0.0980671
-0.1019639
-0.0863020
-0.0619335
-0.0476917
-0.0449389
-0.0339644
0.0005300
0.0460597
0.0719589
0.0622301
0.0321378
0.0086286
-0.0005806
-0.0111427
-0.0361437
-0.0648953
-0.0742954
-0.0582804
-0.0377185
-0.0379655
-0.0615783
-0.0884255
-0.1004727
-0.0995904
-0.0991690
-0.1048860
-0.1108634
-0.1130557
-0.1175868
-0.1308070
-0.1459619
-0.1480408
-0.1331382
-0.1162341
-0.1142633
-0.1244629
-0.1267826
-0.1094624
-0.0858890
-0.0798463
-0.0959078
-0.1119944
-0.1049521
-0.0788958
-0.0613734
-0.0708271
-0.0937340
-0.0988095
-0.0721882
-0.0333760
-0.0144852
-0.0268892
-0.0519610
-0.0638507
-0.0570415
-0.0487928
-0.0565384
-0.0773927
-0.0920564
-0.0867614
-0.0676535
-0.0523964
-0.0501610
-0.0532641
-0.0488461
-0.0353819
-0.0240387
-0.0240164
-0.0307648
-0.0322835
-0.0258646
-0.0238534
-0.0400840
-0.0730176
-0.1065890
-0.1281284
-0.1411225
-0.1567817
-0.1754102
-0.1822806
-0.1648345
-0.1304529
-0.1019283
-0.0946690
-0.1022256
-0.1066312
-0.1000107
-0.0913400
-0.0917869
-0.0981618
-0.0945844
-0.0691521
-0.0255870
0.0216774
0.0612702
0.0944305
0.1372947
0.2192036
0.3741714
0.6192755
0.9276471
1.2217188
1.4058493
1.4224911
1.2871127
1.0702213
0.8424324
0.6325526
0.4328452
0.2367643
0.0642518
-0.0517365
-0.0993827
-0.1031671
-0.1029189
-0.1194311
-0.1427614
-0.1532693
-0.1496217
-0.1516574
-0.1754638
-0.2102871
-0.2257413
-0.2037382
-0.1603015
-0.1316680
-0.1381137
-0.1645592
-0.1793449
-0.1701633
-0.1566752
-0.1656937
-0.1976847
-0.2236465
-0.2167832
-0.1831591
-0.1560798
-0.1600387
-0.1847312
-0.1981666
-0.1835432
-0.1580120
-0.1525829
-0.1764793
-0.2060599
-0.2099419
-0.1816216
-0.1441502
-0.1240784
-0.1254121
-0.1314238
-0.1286747
-0.1233418
-0.1316097
