-0.0838090
-0.0510936
-0.0287240
-0.0262382
-0.0298996
-0.0223072
-0.0037722
0.0117790
0.0178466
0.0235062
0.0387760
0.0588589
0.0693531
0.0653427
0.0588864
0.0651936
0.0850862
0.1047440
0.1112870
0.1048646
0.0956378
0.0942824
0.1108045
0.1624072
0.2759246
0.4730615
0.7452260
1.0399592
1.2765391
1.3856603
1.3457601
1.1880262
0.9676528
0.7286555
0.4929002
0.2753296
0.0979825
-0.0194260
-0.0803340
-0.1123419
-0.1407814
-0.1650939
-0.1686629
-0.1504088
-0.1354797
-0.1472408
-0.1750920
-0.1828052
-0.1516210
-0.1045626
-0.0787435
-0.0789572
-0.0724311
-0.0332769
0.0198761
0.0427901
0.0186477
-0.0218555
-0.0388460
-0.0309421
-0.0319234
-0.0622216
-0.0987060
-0.1017200
-0.0647385
-0.0241578
-0.0181804
-0.0465226
-0.0779527
-0.0908845
-0.0943738
-0.1075720
-0.1300467
-0.1428792
-0.1362618
-0.1246206
-0.1289680
-0.1503405
-0.1691790
-0.1708693
-0.1640255
-0.1684473
-0.1890217
-0.2090447
-0.2106520
-0.1956416
-0.1806618
-0.1740714
-0.1644308
-0.1347909
-0.0843699
-0.0310529
0.0071694
0.0286947
0.0445632
0.0622259
0.0777648
0.0836367
0.0790123
0.0694639
0.0591959
0.0479104
0.0351545
0.0234867
0.0149886
0.0070665
-0.0051534
-0.0229689
-0.0434587
-0.0645470
-0.0871766
-0.1106475
-0.1289471
-0.1360704
-0.1348158
-0.1360502
-0.1470858
-0.1637778
-0.1775172
-0.1879005
-0.2027681
-0.2242974
-0.2406495
-0.2370560
-0.2136375
-0.1861018
-0.1670429
-0.1519441
-0.1286612
-0.0977035
-0.0750770
-0.0720242
-0.0778587
-0.0702111
-0.0418544
-0.0102430
0.0034303
-0.0003051
-0.0018468
0.0099920
0.0215836
0.0115490
-0.0196513
-0.0459213
-0.0442104
-0.0213532
-0.0063282
-0.0174523
-0.0439402
-0.0620032
-0.0628171
-0.0576517
-0.0576608
-0.0583143
-0.0485032
-0.0272232
0.0010121
0.0491173
0.1533543
0.3413553
0.5899997
0.8226760
0.9582106
0.9672780
0.8822849
0.7561627
0.6178469
0.4687365
0.3127284
0.1751754
0.0853042
0.0451006
0.0251996
-0.0049241
-0.0470091
-0.0785008
-0.0845208
-0.0782996
-0.0860345
-0.1155535
-0.1476107
-0.1606066
-0.1580038
-0.1638529
-0.1912557
-0.2230652
-0.2302721
-0.2072737
-0.1812925
-0.1833432
-0.2143028
-0.2457263
-0.2535169
-0.2437603
-0.2409005
-0.2549933
-0.2693962
-0.2631254
-0.2382788
-0.2176746
-0.2165688
-0.2246509
-0.2199896
-0.1956743
-0.1655219
-0.1439821
-0.1282872
-0.1057600
-0.0746632
-0.0493099
-0.0420935
-0.0467155
-0.0457250
-0.0329856
-0.0213532
-0.0250770
-0.0398056
-0.0464005
-0.0339524
-0.0129861
-0.0028354
-0.0095764
-0.0212636
-0.0242527
-0.0188548
-0.0159530
-0.0216453
-0.0308074
-0.0364502
-0.0404635
-0.0511164
-0.0719772
-0.0981678
-0.1242475
-0.1511216
-0.1814042
-0.2103944
-0.2275391
-0.2289905
-0.2245367
-0.2267147
-0.2331009
-0.2250075
-0.1882636
-0.1332781
-0.0885389
-0.0718689
-0.0720941
-0.0636291
-0.0374544
-0.0113617
-0.0068145
-0.0203440
-0.0241222
0.0056662
0.0686738
0.1542233
0.2709852
0.4508974
0.7140399
1.0294678
1.3168919
1.4920546
1.5136075
1.3926157
1.1690428
0.8885330
0.5974226
0.3422760
0.1565589
0.0428881
-0.0251553
-0.0773806
-0.1235712
-0.1574683
-0.1794768
-0.2059268
-0.2513600
-0.3072996
-0.3470509
-0.3526117
-0.3310910
-0.3020172
-0.2742863
-0.2426934
-0.2055599
-0.1760635
-0.1689863
-0.1791360
-0.1815134
-0.1571729
-0.1154187
-0.0853092
-0.0854124
-0.1060247
-0.1222718
-0.1206016
-0.1088278
-0.1025563
-0.1075979
-0.1179126
-0.1269597
-0.1359595
-0.1502804
-0.1713630
-0.1953467
-0.2185208
-0.2403637
-0.2597651
-0.2713302
-0.2695683
-0.2571762
-0.2458891
-0.2464362
-0.2581312
-0.2698844
-0.2709755
-0.2588907
-0.2363378
-0.2033364
-0.1556919
-0.0921535
-0.0209558
0.0432055
0.0891816
0.1157459
0.1287405
0.1339363
0.1332547
0.1257763
0.1100077
0.0853758
0.0534121
0.0180231
-0.0166637
-0.0494528
-0.0821578
-0.1155307
-0.1456700
-0.1660035
-0.1735610
-0.1725249
-0.1704615
-0.1711144
-0.1720842
-0.1699735
-0.1661345
-0.1652346
-0.1682797
-0.1692717
-0.1601413
-0.1379621
-0.1058989
-0.0679596
-0.0256861
0.0183003
0.0554356
0.0742807
0.0712434
0.0565990
0.0457751
0.0433639
0.0388946
0.0210357
-0.0068348
-0.0303542
-0.0433001
-0.0565079
-0.0828918
-0.1172159
-0.1388038
-0.1365822
-0.1248361
-0.1273805
-0.1485405
-0.1684848
-0.1699571
-0.1612813
-0.1640723
-0.1815871
-0.1916126
-0.1758139
-0.1469453
-0.1358932
-0.1536242
-0.1774613
-0.1795315
-0.1597498
-0.1407041
-0.1333886
-0.1212146
-0.0839375
-0.0286322
0.0147455
0.0279760
0.0240509
0.0273512
0.0426373
0.0532656
0.0473417
0.0342421
0.0308629
0.0392297
0.0458503
0.0414496
0.0353604
0.0518357
0.1196242
0.2647558
0.4985230
0.7951127
1.0796093
1.2551748
1.2618509
1.1161121
0.8899803
0.6501229
0.4196275
0.1950691
-0.0141213
-0.1770658
-0.2706565
-0.3047624
-0.3108178
-0.3101053
-0.3007263
-0.2738823
-0.2331127
-0.1920538
-0.1586128
-0.1297036
-0.1017118
-0.0785579
-0.0653262
-0.0593398
-0.0546422
-0.0536478
-0.0660068
-0.0925965
-0.1169410
-0.1198851
-0.1020809
-0.0856443
-0.0908710
-0.1149943
-0.1374751
-0.1438863
-0.1394233
-0.1385086
-0.1469467
-0.1591053
-0.1698540
-0.1822291
-0.2011292
-0.2243389
-0.2441968
-0.2560148
-0.2603848
-0.2579936
-0.2477042
-0.2322348
-0.2216001
-0.2255737
-0.2424716
-0.2591906
-0.2642138
-0.2580380
-0.2480029
-0.2348804
-0.2099852
-0.1675898
-0.1159007
-0.0706044
-0.0383066
-0.0113522
0.0195663
0.0524450
0.0778715
0.0934294
0.1078476
0.1281613
0.1465043
0.1449954
0.1148547
0.0674448
0.0237914
-0.0050792
-0.0239458
-0.0403871
-0.0518068
-0.0499550
-0.0359381
-0.0237744
-0.0247282
-0.0291006
-0.0058569
0.0796079
0.2470358
0.4949379
0.8015092
1.1228250
1.3924539
1.5383445
1.5192151
1.3542640
1.1143495
0.8760538
0.6785597
0.5204002
0.3896277
0.2875830
0.2215600
0.1838627
0.1509130
0.1075172
0.0657174
0.0512628
0.0707447
0.0988235
0.1026533
0.0755746
0.0407202
0.0220465
0.0189910
0.0137376
-0.0016819
-0.0143464
-0.0090427
0.0078721
0.0106917
-0.0176658
-0.0643754
-0.0983967
-0.1031267
-0.0926982
-0.0934405
-0.1132098
-0.1350788
-0.1416688
-0.1393649
-0.1523818
-0.1932932
-0.2450449
-0.2764780
-0.2745322
-0.2568461
-0.2510977
-0.2655589
-0.2839229
-0.2872734
-0.2749391
-0.2608786
-0.2535981
-0.2451932
-0.2206823
-0.1744033
-0.1149019
-0.0551798
-0.0006618
0.0529456
0.1118837
0.1761360
0.2383976
0.2893400
0.3234199
0.3411845
0.3473493
0.3459776
0.3365021
0.3153747
0.2829011
0.2468484
0.2157666
0.1879061
0.1503001
0.0929476
0.0241886
-0.0315592
-0.0550696
-0.0519735
-0.0489079
-0.0679442
-0.1055280
-0.1387085
-0.1513470
-0.1503422
-0.1543044
-0.1699422
-0.1848001
-0.1837889
-0.1684503
-0.1558229
-0.1583835
-0.1681247
-0.1626995
-0.1268957
-0.0665652
-0.0019663
0.0494637
0.0820202
0.0970392
0.0955359
0.0781275
0.0495548
0.0195861
-0.0016990
-0.0096319
-0.0075456
-0.0053814
-0.0146414
-0.0408807
-0.0778923
-0.1096192
-0.1214895
-0.1133048
-0.1007408
-0.1012845
-0.1175096
-0.1360291
-0.1438375
-0.1428094
-0.1449009
-0.1545302
-0.1607391
-0.1497328
-0.1235943
-0.1031404
-0.1099659
-0.1449672
-0.1849268
-0.2013666
-0.1842990
-0.1490015
-0.1206522
-0.1122836
-0.1160416
-0.1139024
-0.0963563
-0.0711942
-0.0540986
-0.0508365
-0.0508566
-0.0408772
-0.0234566
-0.0172164
-0.0358890
-0.0698952
-0.0931523
-0.0886930
-0.0643195
-0.0411421
-0.0296042
-0.0213843
-0.0043878
0.0224413
0.0581364
0.1227985
0.2595446
0.4994454
0.8189733
1.1356149
1.3519810
1.4113727
1.3199084
1.1257257
0.8830435
0.6324875
0.4034105
0.2205319
0.0993044
0.0349759
0.0025844
-0.0260310
-0.0625284
-0.0984483
-0.1198725
-0.1242892
-0.1230142
-0.1286619
-0.1426640
-0.1567557
-0.1655872
-0.1740308
-0.1896819
-0.2109033
-0.2271129
-0.2312496
-0.2274457
-0.2238130
-0.2209712
-0.2122870
-0.1950901
-0.1771293
-0.1690987
-0.1726294
-0.1792811
-0.1819489
-0.1837426
-0.1923606
-0.2073812
-0.2180706
-0.2153840
-0.2022513
-0.1885843
-0.1785946
-0.1679224
-0.1533865
-0.1406265
-0.1386298
-0.1484847
-0.1614929
-0.1696656
-0.1756322
-0.1890207
-0.2130055
-0.2380554
-0.2521170
-0.2553323
-0.2600953
-0.2752241
-0.2936964
-0.2992029
-0.2832240
-0.2522723
-0.2185468
-0.1873964
-0.1568421
-0.1276573
-0.1087382
-0.1086520
-0.1230761
-0.1353294
-0.1317151
-0.1136752
-0.0920007
-0.0718058
-0.0487542
-0.0205658
0.0037383
0.0112387
0.0007625
-0.0131770
-0.0141116
0.0001525
0.0168283
0.0229087
0.0179144
0.0108520
0.0075044
0.0049702
-0.0012042
-0.0089451
-0.0114838
-0.0050526
0.0079766
0.0221428
0.0319168
0.0321452
0.0192851
-0.0053769
-0.0347561
-0.0605514
-0.0800892
-0.0984513
-0.1230191
-0.1556286
-0.1904968
-0.2194257
-0.2371674
-0.2411028
-0.2288369
-0.2001982
-0.1616041
-0.1248383
-0.0992976
-0.0860989
-0.0799101
-0.0746374
-0.0663750
-0.0527731
-0.0322470
-0.0047897
0.0268586
0.0573908
0.0806011
0.0911216
0.0852512
0.0620996
0.0261141
-0.0120772
-0.0408534
-0.0561799
-0.0642078
-0.0739444
-0.0881870
-0.1027682
-0.1131720
-0.1192823
-0.1232668
-0.1245256
-0.1183142
-0.1001166
-0.0711245
-0.0368825
0.0035971
0.0688942
0.1911475
0.3927701
0.6598060
0.9360934
1.1484879
1.2476362
1.2330144
1.1416771
1.0123075
0.8598222
0.6831502
0.4910400
0.3117019
0.1744500
0.0861257
0.0294009
-0.0174779
-0.0629607
-0.1032339
-0.1350959
-0.1624005
-0.1897222
-0.2147367
-0.2313253
-0.2389308
-0.2443218
-0.2535745
-0.2667356
-0.2822598
-0.3018515
-0.3259336
-0.3465803
-0.3511680
-0.3349185
-0.3065967
-0.2796813
-0.2596582
-0.2417926
-0.2195591
-0.1915093
-0.1588843
-0.1203122
-0.0738655
-0.0246256
0.0146899
0.0339509
0.0339569
0.0217810
0.0015200
-0.0243644
-0.0464423
-0.0503977
-0.0326835
-0.0091203
-0.0012865
-0.0150511
-0.0374981
-0.0552008
-0.0695086
-0.0895602
-0.1141261
-0.1286231
-0.1227017
-0.1043045
-0.0896963
-0.0829767
-0.0746788
-0.0612809
-0.0549657
-0.0659028
-0.0813860
-0.0747225
-0.0363815
0.0125561
0.0426106
0.0456789
0.0364632
0.0281953
0.0171855
-0.0048331
-0.0312027
-0.0437860
-0.0360896
-0.0233054
-0.0237444
-0.0369220
-0.0486077
-0.0538431
-0.0629696
-0.0820149
-0.0980405
-0.0935194
-0.0712515
-0.0548358
-0.0622845
-0.0859822
-0.1034048
-0.1035188
-0.0955726
-0.0918851
-0.0902442
-0.0798137
-0.0602520
-0.0451513
-0.0446481
-0.0533495
-0.0614993
-0.0714567
-0.0927299
-0.1214295
-0.1356061
-0.1177764
-0.0777020
-0.0451312
-0.0388392
-0.0481152
-0.0485124
-0.0321548
-0.0148781
-0.0119385
-0.0154109
-0.0048386
0.0228019
0.0461762
0.0476684
0.0389895
0.0477904
0.0814858
0.1184357
0.1440756
0.1889239
0.3133586
0.5419895
0.8154481
1.0202345
1.0762870
0.9958333
0.8559091
0.7203873
0.5958883
0.4567545
0.2946577
0.1331589
0.0011783
-0.0936884
-0.1619218
-0.2111113
-0.2372601
-0.2360847
-0.2144532
-0.1853449
-0.1556632
-0.1257843
-0.0993997
-0.0849528
-0.0841944
-0.0863060
-0.0793157
-0.0636642
-0.0488908
-0.0398774
-0.0335315
-0.0286031
-0.0304543
-0.0413124
-0.0507448
-0.0438873
-0.0205121
0.0005326
0.0015633
-0.0122592
-0.0193434
-0.0103543
-0.0008576
-0.0089090
-0.0280895
-0.0353051
-0.0238208
-0.0144676
-0.0278125
-0.0555724
-0.0711455
-0.0648433
-0.0554040
-0.0616607
-0.0724315
-0.0565563
-0.0026580
0.0627118
0.1039975
0.1163776
0.1248547
0.1460202
0.1665222
0.1671763
0.1559733
0.1609863
0.1919389
0.2235670
0.2239128
0.1909241
0.1519358
0.1298228
0.1200044
0.1048037
0.0821707
0.0685512
0.0723753
0.0762064
0.0546982
0.0057546
-0.0467018
-0.0810112
-0.0988418
-0.1145674
-0.1328095
-0.1452124
-0.1462892
-0.1432538
-0.1467768
-0.1560975
-0.1580812
-0.1416013
-0.1097249
-0.0750080
-0.0447791
-0.0161728
0.0135909
0.0382023
0.0483646
0.0438465
0.0344087
0.0297878
0.0326113
0.0400790
0.0480710
0.0527214
0.0508997
0.0409110
0.0227873
-0.0013710
-0.0271161
-0.0494459
-0.0657839
-0.0759138
-0.0793686
-0.0762438
-0.0716165
-0.0752518
-0.0933559
-0.1213089
-0.1463806
-0.1579873
-0.1562398
-0.1520307
-0.1576873
-0.1749133
-0.1923179
-0.1967771
-0.1854015
-0.1632618
-0.1325285
-0.0908895
-0.0411021
0.0050455
0.0366035
0.0542575
0.0677832
0.0839886
0.1001125
0.1098082
0.1135870
0.1196333
0.1320201
0.1414891
0.1342957
0.1101366
0.0836010
0.0646772
0.0456644
0.0145388
-0.0239141
-0.0500879
-0.0529416
-0.0439977
-0.0448346
-0.0644528
-0.0926751
-0.1147579
-0.1280047
-0.1402138
-0.1537219
-0.1592994
-0.1512739
-0.1423883
-0.1528575
-0.1846180
-0.2161484
-0.2260988
-0.2141366
-0.1932260
-0.1677797
-0.1284175
-0.0689068
-0.0022155
0.0459208
0.0613472
0.0567760
0.0577786
0.0731913
0.0859300
0.0765675
0.0488778
0.0242237
0.0146692
0.0112368
-0.0007696
-0.0226446
-0.0419767
-0.0479067
-0.0435092
-0.0426350
-0.0546147
-0.0737916
-0.0872585
-0.0917081
-0.0967336
-0.1101319
-0.1261167
-0.1316791
-0.1206098
-0.0985617
-0.0778219
-0.0682788
-0.0683221
-0.0626636
-0.0350528
0.0130340
0.0607524
0.0897472
0.1076350
0.1497156
0.2581406
0.4539664
0.7190356
0.9997722
1.2315724
1.3652003
1.3779813
1.2731826
1.0783951
0.8393132
0.6022320
0.3971561
0.2375039
0.1292496
0.0714005
0.0498867
0.0410439
0.0252459
-0.0039951
-0.0415413
-0.0771999
-0.1032567
-0.1194743
-0.1295010
-0.1324421
-0.1240662
-0.1083296
-0.0998298
-0.1096040
-0.1339901
-0.1618251
-0.1871328
-0.2105140
-0.2332224
-0.2541910
-0.2699305
-0.2766710
-0.2769412
-0.2817884
-0.2978281
-0.3129263
-0.3053902
-0.2692228
-0.2209461
-0.1796550
-0.1495237
-0.1241740
-0.0995040
-0.0785715
-0.0685533
-0.0729078
-0.0827699
-0.0808873
-0.0613155
-0.0398361
-0.0355247
-0.0466135
-0.0541136
-0.0447627
-0.0213819
0.0038437
0.0169368
0.0090547
-0.0147585
-0.0395517
-0.0600487
-0.0866620
-0.1237814
-0.1541929
-0.1574048
-0.1347967
-0.1062985
-0.0902960
-0.0938220
-0.1114072
-0.1265514
-0.1260526
-0.1174058
-0.1174331
-0.1218430
-0.1076589
-0.0714294
-0.0408716
-0.0384433
-0.0547338
-0.0669664
-0.0632535
-0.0427550
-0.0144628
0.0012186
-0.0049711
-0.0087706
0.0154490
0.0457440
0.0396484
0.0067987
-0.0016723
0.0192084
0.0181066
-0.0173928
-0.0289417
0.0129737
