-0.0859907
-0.0984400
-0.0473394
-0.0087175
-0.0159240
-0.0348300
-0.0356091
-0.0297559
-0.0370468
-0.0602732
-0.0933938
-0.1224340
-0.1246140
-0.0971901
-0.0771014
-0.0991677
-0.1437461
-0.1600452
-0.1360208
-0.1112548
-0.1201830
-0.1522698
-0.1734919
-0.1653996
-0.1375174
-0.1151914
-0.1170083
-0.1352914
-0.1424133
-0.1231242
-0.0911273
-0.0652826
-0.0434055
-0.0138641
0.0188134
0.0374336
0.0350502
0.0199347
0.0017776
-0.0154359
-0.0295837
-0.0379880
-0.0374261
-0.0242487
-0.0001990
0.0215916
0.0272349
0.0215756
0.0247490
0.0434381
0.0568661
0.0398751
-0.0071188
-0.0579987
-0.0862903
-0.0873006
-0.0797582
-0.0873216
-0.1145180
-0.1421244
-0.1511954
-0.1470902
-0.1501786
-0.1659878
-0.1775235
-0.1692030
-0.1477922
-0.1347905
-0.1437652
-0.1684123
-0.1898085
-0.1939427
-0.1827293
-0.1659013
-0.1430990
-0.1024599
-0.0413717
0.0203181
0.0572194
0.0642745
0.0575718
0.0526854
0.0508262
0.0455990
0.0353972
0.0256754
0.0210966
0.0177842
0.0060889
-0.0166317
-0.0395686
-0.0511586
-0.0558624
-0.0686000
-0.0914322
-0.1065568
-0.0982708
-0.0743351
-0.0580836
-0.0628684
-0.0807023
-0.0954048
-0.1019842
-0.1100098
-0.1276410
-0.1458624
-0.1457122
-0.1240074
-0.1042914
-0.1136117
-0.1512876
-0.1892060
-0.2023900
-0.1911571
-0.1719750
-0.1546037
-0.1338303
-0.1011294
-0.0593481
-0.0228598
-0.0027126
0.0053312
0.0136896
0.0254498
0.0310064
0.0236732
0.0107590
0.0040098
0.0049095
0.0059361
0.0024269
-0.0042145
-0.0137589
-0.0299203
-0.0526777
-0.0715458
-0.0718517
-0.0504285
-0.0232003
-0.0118412
-0.0207989
-0.0331114
-0.0341372
-0.0337638
-0.0549025
-0.1008974
-0.1459178
-0.1630792
-0.1548213
-0.1479988
-0.1618009
-0.1882040
-0.2063594
-0.2111024
-0.2195837
-0.2462981
-0.2769099
-0.2768170
-0.2288062
-0.1549836
-0.0953170
-0.0687968
-0.0622036
-0.0535505
-0.0371222
-0.0234248
-0.0215455
-0.0275775
-0.0298090
-0.0215974
-0.0068572
0.0062697
0.0138763
0.0170489
0.0182660
0.0217210
0.0343149
0.0586912
0.0845018
0.0939019
0.0791657
0.0495704
0.0173267
-0.0174983
-0.0614180
-0.1099591
-0.1447974
-0.1526826
-0.1429100
-0.1390448
-0.1517637
-0.1660541
-0.1619364
-0.1446352
-0.1424584
-0.1693449
-0.1986407
-0.1856546
-0.1154565
-0.0196231
0.0564863
0.0985301
0.1370752
0.2262459
0.4108461
0.7004748
1.0556602
1.3916117
1.6089142
1.6456426
1.5171314
1.3040879
1.0905706
0.9065805
0.7298744
0.5377071
0.3453594
0.1912707
0.0959294
0.0463252
0.0167342
-0.0075030
-0.0298624
-0.0557807
-0.0941670
-0.1442741
-0.1893202
-0.2113895
-0.2121673
-0.2119217
-0.2256559
-0.2472593
-0.2629817
-0.2742710
-0.2957498
-0.3296052
-0.3528629
-0.3383003
-0.2848262
-0.2198392
-0.1704110
-0.1374906
-0.1028415
-0.0585615
-0.0210911
-0.0103462
-0.0198150
-0.0181714
0.0158273
0.0676643
0.1031520
0.1063374
0.0933472
0.0886858
0.0960322
0.0978212
0.0799317
0.0489576
0.0217615
0.0024904
-0.0224063
-0.0643759
-0.1146237
-0.1525292
-0.1698141
-0.1784964
-0.1934334
-0.2141592
-0.2289689
-0.2327350
-0.2336354
-0.2410934
-0.2511936
-0.2476688
-0.2180206
-0.1676037
-0.1165219
-0.0823137
-0.0661642
-0.0554313
-0.0375912
-0.0113720
0.0131863
0.0242555
0.0201794
0.0136367
0.0211764
0.0461041
0.0743771
0.0907286
0.0960248
0.1031719
0.1167115
0.1238768
0.1104490
0.0816746
0.0602856
0.0616493
0.0757884
0.0795395
0.0648102
0.0468209
0.0408851
0.0388122
0.0184945
-0.0243669
-0.0650873
-0.0757156
-0.0553910
-0.0284304
-0.0159682
-0.0175760
-0.0209737
-0.0211196
-0.0230071
-0.0287103
-0.0303496
-0.0198966
-0.0012209
0.0140546
0.0216296
0.0286326
0.0412076
0.0555818
0.0673003
0.0837666
0.1176399
0.1670544
0.2109884
0.2295127
0.2242823
0.2128462
0.2041749
0.1875728
0.1504058
0.1022225
0.0717903
0.0761957
0.0989639
0.1069933
0.0884091
0.0653660
0.0660535
0.0909518
0.1141869
0.1158596
0.1044066
0.1033122
0.1205700
0.1380242
0.1321336
0.1005794
0.0637590
0.0413474
0.0332425
0.0260002
0.0129143
0.0017173
0.0036309
0.0203776
0.0430662
0.0602257
0.0674086
0.0766574
0.1225866
0.2536217
0.5017186
0.8466892
1.2083866
1.4850233
1.6141519
1.6048536
1.5117469
1.3785339
1.2097869
0.9960092
0.7555452
0.5398701
0.3946873
0.3213512
0.2814675
0.2381795
0.1885691
0.1543486
0.1459072
0.1438679
0.1199627
0.0712592
0.0255672
0.0108996
0.0248289
0.0383607
0.0276819
-0.0030346
-0.0308853
-0.0413887
-0.0416464
-0.0466900
-0.0583738
-0.0639789
-0.0557194
-0.0445578
-0.0485184
-0.0694634
-0.0885383
-0.0870186
-0.0669274
-0.0464558
-0.0369304
-0.0303777
-0.0129527
0.0129707
0.0271263
0.0147408
-0.0132198
-0.0304050
-0.0259158
-0.0172045
-0.0269165
-0.0515809
-0.0624017
-0.0393104
0.0025643
0.0272266
0.0178059
-0.0043411
-0.0048878
0.0223348
0.0471937
0.0393707
0.0066826
-0.0108335
0.0147145
0.0679864
0.1079920
0.1123869
0.0979124
0.0972835
0.1225908
0.1565141
0.1770446
0.1831401
0.1912414
0.2102869
0.2288060
0.2301324
0.2144104
0.1979773
0.1916016
0.1868506
0.1683139
0.1353547
0.1049702
0.0913777
0.0874044
0.0716680
0.0344823
-0.0090084
-0.0364678
-0.0466540
-0.0623932
-0.1019136
-0.1525972
-0.1805984
-0.1670369
-0.1290754
-0.1015435
-0.1002869
-0.1085078
-0.1000335
-0.0711359
-0.0437953
-0.0380764
-0.0483603
-0.0524397
-0.0408618
-0.0289295
-0.0368707
-0.0642414
-0.0907894
-0.1018029
-0.1057369
-0.1221513
-0.1547554
-0.1832061
-0.1855879
-0.1659516
-0.1529963
-0.1694042
-0.2075104
-0.2403461
-0.2541791
-0.2627335
-0.2865954
-0.3241665
-0.3501115
-0.3433430
-0.3110453
-0.2800272
-0.2656822
-0.2558129
-0.2286637
-0.1823448
-0.1384702
-0.1154031
-0.1052511
-0.0839428
-0.0417237
0.0038792
0.0282064
0.0277480
0.0225005
0.0300939
0.0433397
0.0390125
0.0081541
-0.0290158
-0.0436479
-0.0317334
-0.0209192
-0.0414145
-0.0934612
-0.1474664
-0.1755084
-0.1787431
-0.1817206
-0.2021887
-0.2313520
-0.2463070
-0.2388924
-0.2265197
-0.2326882
-0.2611327
-0.2936295
-0.3112882
-0.3119065
-0.3045094
-0.2922770
-0.2677376
-0.2259130
-0.1770614
-0.1407075
-0.1263356
-0.1241428
-0.1182062
-0.1064584
-0.1023212
-0.1155665
-0.1368066
-0.1460035
-0.1352499
-0.1180769
-0.1136989
-0.1244787
-0.1331358
-0.1238507
-0.1036251
-0.0982073
-0.1245095
-0.1692573
-0.1991129
-0.1934734
-0.1655006
-0.1491470
-0.1660149
-0.2059722
-0.2396210
-0.2477408
-0.2369234
-0.2268702
-0.2256276
-0.2213657
-0.1991872
-0.1617606
-0.1286030
-0.1152652
-0.1177942
-0.1204641
-0.1160858
-0.1134883
-0.1231198
-0.1392049
-0.1424150
-0.1224382
-0.0934722
-0.0813358
-0.0951415
-0.1175253
-0.1262292
-0.1208730
-0.1216692
-0.1417421
-0.1678527
-0.1741666
-0.1530834
-0.1260104
-0.1207859
-0.1422825
-0.1703790
-0.1857101
-0.1901525
-0.1975420
-0.2089792
-0.2058902
-0.1698299
-0.1043571
-0.0338721
0.0169802
0.0412467
0.0533380
0.0846337
0.1769222
0.3675786
0.6621738
1.0109733
1.3184276
1.4931699
1.5043293
1.3946737
1.2369713
1.0740151
0.8974764
0.6803220
0.4252854
0.1800115
0.0051094
-0.0735470
-0.0838652
-0.0816269
-0.1050038
-0.1510800
-0.1920410
-0.2095255
-0.2109473
-0.2143673
-0.2226024
-0.2169663
-0.1779344
-0.1097767
-0.0413846
-0.0016478
0.0040391
-0.0083528
-0.0237770
-0.0431309
-0.0751183
-0.1181074
-0.1558869
-0.1727489
-0.1697643
-0.1630084
-0.1658504
-0.1761234
-0.1831765
-0.1854662
-0.1953334
-0.2228059
-0.2579082
-0.2760093
-0.2640236
-0.2380145
-0.2294028
-0.2521880
-0.2871557
-0.3022123
-0.2873975
-0.2644595
-0.2582737
-0.2624928
-0.2416226
-0.1709737
-0.0703056
0.0086460
0.0294329
0.0027750
-0.0294468
-0.0381104
-0.0308945
-0.0341085
-0.0572952
-0.0816843
-0.0829849
-0.0592892
-0.0317881
-0.0202223
-0.0235659
-0.0267131
-0.0215794
-0.0162100
-0.0227903
-0.0409583
-0.0569160
-0.0592005
-0.0522585
-0.0513934
-0.0644448
-0.0817491
-0.0869730
-0.0768756
-0.0667610
-0.0741693
-0.0983010
-0.1184708
-0.1149038
-0.0906001
-0.0701157
-0.0746056
-0.0990109
-0.1172064
-0.1111565
-0.0922043
-0.0895689
-0.1173722
-0.1565338
-0.1726383
-0.1516204
-0.1149960
-0.0977956
-0.1126460
-0.1386795
-0.1465059
-0.1303536
-0.1114293
-0.1107886
-0.1249703
-0.1323442
-0.1205739
-0.1015004
-0.0963095
-0.1094199
-0.1221827
-0.1138035
-0.0852172
-0.0585576
-0.0534603
-0.0678208
-0.0838370
-0.0895269
-0.0892383
-0.0928539
-0.1002138
-0.1013726
-0.0916368
-0.0810135
-0.0843098
-0.1024295
-0.1180314
-0.1131909
-0.0899107
-0.0688288
-0.0663100
-0.0765322
-0.0800345
-0.0683980
-0.0549914
-0.0584965
-0.0789419
-0.0954071
-0.0891218
-0.0654345
-0.0488526
-0.0566774
-0.0817872
-0.1036954
-0.1128874
-0.1185494
-0.1319922
-0.1485098
-0.1510375
-0.1307405
-0.0989264
-0.0759070
-0.0700498
-0.0709311
-0.0631981
-0.0440349
-0.0243620
-0.0140380
-0.0098400
-0.0003988
0.0186572
0.0378230
0.0433308
0.0326091
0.0185266
0.0170913
0.0308681
0.0470316
0.0567518
0.0798921
0.1672355
0.3679373
0.6831333
1.0459512
1.3508463
1.5137105
1.5167117
1.4049759
1.2439729
1.0770352
0.9141731
0.7491729
0.5796477
0.4131841
0.2633750
0.1451607
0.0695596
0.0347080
0.0201697
-0.0033495
-0.0509876
-0.1089698
-0.1469820
-0.1486412
-0.1285165
-0.1165538
-0.1273221
-0.1491428
-0.1636815
-0.1692343
-0.1781849
-0.1945799
-0.2045558
-0.1945327
-0.1732664
-0.1663116
-0.1865298
-0.2167994
-0.2278486
-0.2104480
-0.1825510
-0.1633349
-0.1483316
-0.1181756
-0.0690507
-0.0236280
-0.0065968
-0.0160445
-0.0280987
-0.0285495
-0.0294223
-0.0483995
-0.0787576
-0.0914729
-0.0698646
-0.0332314
-0.0171528
-0.0324692
-0.0536898
-0.0520768
-0.0320431
-0.0241466
-0.0425421
-0.0608801
-0.0392651
0.0281666
0.1021097
0.1380286
0.1320284
0.1213583
0.1411387
0.1875369
0.2267937
0.2353089
0.2231789
0.2175744
0.2301779
0.2472054
0.2492033
0.2331721
0.2118316
0.1953927
0.1802866
0.1570436
0.1251691
0.0961558
0.0816977
0.0813345
0.0825164
0.0708947
0.0393306
-0.0103194
-0.0692601
-0.1241012
-0.1613782
-0.1752397
-0.1720223
-0.1644052
-0.1585068
-0.1475741
-0.1210563
-0.0805793
-0.0440894
-0.0303924
-0.0389020
-0.0478975
-0.0361061
-0.0055039
0.0203945
0.0219507
0.0043359
-0.0099811
-0.0088969
-0.0064666
-0.0274286
-0.0768403
-0.1298617
-0.1555370
-0.1495278
-0.1387464
-0.1517854
-0.1886143
-0.2241995
-0.2406311
-0.2482205
-0.2694129
-0.3050469
-0.3255864
-0.3013773
-0.2384367
-0.1768749
-0.1512168
-0.1569703
-0.1613183
-0.1440523
-0.1196142
-0.1151195
-0.1330781
-0.1454647
-0.1266868
-0.0853204
-0.0559247
-0.0601540
-0.0828006
-0.0903009
-0.0690343
-0.0384912
-0.0257799
-0.0340327
-0.0423666
-0.0347551
-0.0204840
-0.0216998
-0.0454582
-0.0755386
-0.0927014
-0.0965107
-0.1017920
-0.1163399
-0.1298716
-0.1280931
-0.1120501
-0.0962586
-0.0883369
-0.0787836
-0.0563651
-0.0288183
-0.0187155
-0.0359576
-0.0612972
-0.0650032
-0.0413848
-0.0175129
-0.0233584
-0.0574089
-0.0889605
-0.0948522
-0.0862167
-0.0923204
-0.1211905
-0.1460926
-0.1359593
-0.0938844
-0.0569658
-0.0564945
-0.0843785
-0.1038872
-0.0907771
-0.0568640
-0.0311197
-0.0241590
-0.0196330
-0.0008947
0.0226376
0.0240139
-0.0072614
-0.0478063
-0.0624705
-0.0412999
-0.0081786
0.0087837
0.0095595
0.0186335
0.0512285
0.0939479
0.1289985
0.1759044
0.2952060
0.5354562
0.8709996
1.1976322
1.3992433
1.4268739
1.3193227
1.1536203
0.9799738
0.8013748
0.6042745
0.3962833
0.2105697
0.0804569
0.0172053
0.0108479
0.0433804
0.0951779
0.1433425
0.1650253
0.1497378
0.1071775
0.0576846
0.0126792
-0.0334036
-0.0898660
-0.1507746
-0.1942470
-0.2035078
-0.1868781
-0.1731214
-0.1854002
-0.2209173
-0.2570334
-0.2758923
-0.2806396
-0.2870872
-0.3019687
-0.3128125
-0.3007048
-0.2615876
-0.2123666
-0.1750240
-0.1561636
-0.1439767
-0.1247114
-0.0990204
-0.0794488
-0.0725595
-0.0674486
-0.0455883
-0.0021663
0.0453485
0.0721909
0.0688377
0.0464239
0.0206170
-0.0053107
-0.0378517
-0.0760425
-0.1035957
-0.1032560
-0.0780773
-0.0533068
-0.0532824
-0.0771322
-0.1004114
-0.1015334
-0.0835411
-0.0666841
-0.0609206
-0.0513028
-0.0148846
0.0491545
0.1115982
0.1393645
0.1287797
0.1089525
0.1101811
0.1317467
0.1453099
0.1304306
0.1016730
0.0954052
0.1300274
0.1839603
0.2160695
0.2059164
0.1701605
0.1394541
0.1240242
0.1062847
0.0659966
0.0070741
-0.0441078
-0.0650795
-0.0580922
-0.0445067
-0.0422299
-0.0513312
-0.0599258
-0.0598411
-0.0545533
-0.0536516
-0.0622883
-0.0766305
-0.0883632
-0.0928908
-0.0937991
-0.0999229
-0.1173022
-0.1428104
-0.1657809
-0.1771232
-0.1772042
-0.1737016
-0.1713989
-0.1662322
-0.1518971
-0.1315909
-0.1192885
-0.1266049
-0.1499488
-0.1742722
-0.1900194
-0.2024391
-0.2205329
-0.2387939
-0.2364576
-0.1992015
-0.1391817
-0.0876946
-0.0656828
-0.0646305
-0.0596902
-0.0393629
-0.0167379
-0.0099953
-0.0172350
-0.0172396
0.0043776
0.0357490
0.0505377
0.0377377
0.0142580
0.0054009
0.0164103
0.0282781
0.0215844
-0.0006880
-0.0178403
-0.0167952
-0.0077008
-0.0124282
-0.0406928
-0.0813313
-0.1164766
-0.1395818
-0.1563525
-0.1707977
-0.1767829
-0.1665064
-0.1439577
-0.1242780
-0.1182867
-0.1214007
-0.1214533
-0.1157595
-0.1150113
-0.1276479
-0.1441388
-0.1431661
-0.1156009
-0.0784263
-0.0598259
-0.0699413
-0.0900215
-0.0929282
-0.0723618
-0.0481858
-0.0424586
-0.0536951
-0.0582620
-0.0371893
0.0010534
0.0263156
0.0149608
-0.0283227
-0.0759544
-0.1027723
-0.1053061
-0.0977982
-0.0926169
-0.0874603
-0.0721889
-0.0456278
-0.0217919
-0.0175012
-0.0352492
-0.0612245
-0.0808957
-0.0937470
-0.1099280
-0.1339553
-0.1566929
-0.1660485
-0.1624030
-0.1582007
-0.1616911
-0.1662195
-0.1599339
-0.1434661
-0.1309406
-0.1306343
-0.1300270
-0.1075238
-0.0597490
-0.0107213
0.0113286
0.0039049
-0.0088878
-0.0060196
0.0064551
0.0067161
-0.0105784
-0.0226544
-0.0044147
0.0387338
0.0724108
0.0700532
0.0424177
0.0244848
0.0347802
0.0550127
0.0534796
0.0235361
-0.0082880
-0.0115598
0.0201785
0.0783266
0.1716624
0.3353679
0.5947193
0.9180781
1.2146623
1.3897094
1.4086382
1.3104107
1.1614781
0.9997879
0.8221901
0.6181404
0.4051914
