-0.0251754
-0.0351513
-0.0171482
-0.0092540
-0.0107493
0.0103785
0.0555745
0.0904307
0.0981279
0.0973789
0.1047511
0.1123961
0.1089670
0.0980868
0.0907995
0.0958412
0.1166147
0.1439356
0.1577114
0.1511031
0.1447752
0.1595165
0.1832824
0.1865077
0.1652923
0.1474022
0.1543122
0.1752994
0.1839990
0.1690957
0.1435693
0.1283519
0.1284598
0.1254399
0.0983649
0.0520647
0.0141651
0.0012673
0.0010793
-0.0049491
-0.0147110
-0.0134133
0.0004612
0.0113662
0.0069693
-0.0076593
-0.0170630
-0.0120363
0.0010423
0.0067412
-0.0019890
-0.0149024
-0.0176913
-0.0112969
-0.0098721
-0.0206157
-0.0353644
-0.0436121
-0.0445263
-0.0427451
-0.0402598
-0.0374870
-0.0375575
-0.0447350
-0.0593661
-0.0751320
-0.0810224
-0.0695151
-0.0464110
-0.0291311
-0.0299872
-0.0433919
-0.0545264
-0.0578657
-0.0608702
-0.0704965
-0.0819875
-0.0821335
-0.0614957
-0.0247869
0.0090025
0.0200784
0.0052660
-0.0194526
-0.0357950
-0.0402195
-0.0428392
-0.0533922
-0.0712517
-0.0865814
-0.0890789
-0.0781264
-0.0657183
-0.0660859
-0.0808052
-0.0973315
-0.1035516
-0.1001742
-0.0969306
-0.0998311
-0.1047289
-0.1022696
-0.0884665
-0.0710537
-0.0634289
-0.0692674
-0.0748840
-0.0614929
-0.0253085
0.0177994
0.0479430
0.0604337
0.0735672
0.1233351
0.2480993
0.4668197
0.7607084
1.0715902
1.3216767
1.4464251
1.4238878
1.2823301
1.0783704
0.8614047
0.6543257
0.4628316
0.2940094
0.1598402
0.0662381
0.0061276
-0.0344552
-0.0656446
-0.0898644
-0.1069807
-0.1210648
-0.1391570
-0.1616022
-0.1767158
-0.1707890
-0.1446229
-0.1161772
-0.1046142
-0.1134788
-0.1299666
-0.1378758
-0.1303320
-0.1127528
-0.0956581
-0.0841462
-0.0741028
-0.0591051
-0.0396471
-0.0236000
-0.0184208
-0.0248407
-0.0372850
-0.0484470
-0.0544261
-0.0575510
-0.0633865
-0.0732763
-0.0813919
-0.0815835
-0.0758369
-0.0729137
-0.0788264
-0.0911335
-0.1030563
-0.1114356
-0.1193263
-0.1305344
-0.1424680
-0.1471090
-0.1413816
-0.1343061
-0.1390333
-0.1575920
-0.1783387
-0.1898013
-0.1915289
-0.1873860
-0.1728921
-0.1371845
-0.0792684
-0.0170883
0.0251013
0.0392380
0.0401369
0.0472050
0.0620635
0.0697507
0.0619077
0.0503908
0.0517113
0.0634833
0.0663943
0.0497400
0.0252328
0.0101534
0.0034295
-0.0122408
-0.0444868
-0.0762851
-0.0838076
-0.0667508
-0.0523138
-0.0651141
-0.0994547
-0.1294279
-0.1435895
-0.1579199
-0.1900325
-0.2304453
-0.2504814
-0.2366391
-0.2067754
-0.1885648
-0.1885895
-0.1893195
-0.1744379
-0.1492287
-0.1317637
-0.1283391
-0.1255736
-0.1087472
-0.0815982
-0.0621152
-0.0613884
-0.0730260
-0.0833865
-0.0859951
-0.0833159
-0.0791437
-0.0742528
-0.0688710
-0.0660840
-0.0714569
-0.0896395
-0.1211564
-0.1618029
-0.2047443
-0.2433484
-0.2730693
-0.2921634
-0.3009916
-0.3000545
-0.2896298
-0.2732993
-0.2604684
-0.2602312
-0.2702297
-0.2755218
-0.2631606
-0.2367018
-0.2119878
-0.1984387
-0.1890105
-0.1714840
-0.1469003
-0.1311193
-0.1352703
-0.1480251
-0.1440541
-0.1127597
-0.0735692
-0.0565603
-0.0695832
-0.0917646
-0.1010276
-0.1003241
-0.1099198
-0.1374323
-0.1653275
-0.1722756
-0.1611470
-0.1574533
-0.1788217
-0.2132531
-0.2340638
-0.2327856
-0.2273228
-0.2348230
-0.2459823
-0.2357638
-0.1963783
-0.1488991
-0.1191822
-0.1100514
-0.1034334
-0.0854010
-0.0602181
-0.0382183
-0.0168865
0.0209293
0.0946486
0.2198301
0.4117121
0.6783467
0.9951138
1.2893891
1.4695468
1.4851058
1.3606874
1.1678756
0.9654291
0.7689364
0.5711606
0.3770284
0.2100797
0.0897177
0.0130605
-0.0369868
-0.0719212
-0.0923079
-0.0990569
-0.1003012
-0.1029490
-0.1038486
-0.0967970
-0.0862377
-0.0860085
-0.1023564
-0.1242354
-0.1352982
-0.1327836
-0.1291374
-0.1347038
-0.1439882
-0.1431126
-0.1288578
-0.1144468
-0.1139307
-0.1253916
-0.1356754
-0.1405234
-0.1519025
-0.1809344
-0.2190141
-0.2440593
-0.2459503
-0.2390090
-0.2448808
-0.2663155
-0.2838847
-0.2795476
-0.2580501
-0.2399565
-0.2356587
-0.2336494
-0.2173999
-0.1873941
-0.1587483
-0.1389400
-0.1174033
-0.0815914
-0.0372324
-0.0048972
0.0031426
-0.0035710
-0.0058094
0.0039179
0.0167723
0.0228546
0.0243092
0.0290951
0.0356360
0.0313339
0.0084408
-0.0240545
-0.0491497
-0.0601132
-0.0652115
-0.0746579
-0.0879101
-0.0962941
-0.0950629
-0.0888044
-0.0847441
-0.0837928
-0.0806661
-0.0720401
-0.0615093
-0.0548174
-0.0521422
-0.0480973
-0.0392371
-0.0288251
-0.0233056
-0.0261138
-0.0359017
-0.0485177
-0.0585944
-0.0607529
-0.0526378
-0.0379103
-0.0245345
-0.0183200
-0.0184631
-0.0211082
-0.0274031
-0.0448884
-0.0774144
-0.1150089
-0.1397812
-0.1453387
-0.1463955
-0.1633344
-0.1981567
-0.2318903
-0.2475170
-0.2492703
-0.2535036
-0.2637190
-0.2636635
-0.2388852
-0.1988227
-0.1691042
-0.1623073
-0.1649914
-0.1581946
-0.1432689
-0.1371026
-0.1436328
-0.1432115
-0.1173601
-0.0758080
-0.0473750
-0.0453037
-0.0529526
-0.0479892
-0.0310375
-0.0201241
-0.0207916
-0.0156867
0.0105673
0.0464973
0.0658039
0.0608949
0.0504501
0.0511019
0.0591575
0.0772654
0.1500074
0.3425183
0.6629804
1.0145850
1.2482846
1.2776387
1.1408454
0.9482453
0.7768460
0.6237597
0.4537814
0.2688817
0.1149064
0.0275519
-0.0079643
-0.0357375
-0.0793219
-0.1252901
-0.1521649
-0.1607182
-0.1689466
-0.1855085
-0.1995837
-0.1979198
-0.1834491
-0.1710607
-0.1684261
-0.1684674
-0.1621488
-0.1521334
-0.1479452
-0.1501697
-0.1467576
-0.1274445
-0.0973206
-0.0720122
-0.0612230
-0.0610279
-0.0621684
-0.0614754
-0.0621593
-0.0651123
-0.0649394
-0.0568872
-0.0451263
-0.0402737
-0.0483344
-0.0648959
-0.0812072
-0.0931063
-0.1017484
-0.1080373
-0.1104050
-0.1081128
-0.1033702
-0.0988862
-0.0956027
-0.0943703
-0.0976214
-0.1062119
-0.1149314
-0.1148360
-0.1025958
-0.0857951
-0.0753255
-0.0722434
-0.0661062
-0.0488011
-0.0264950
-0.0125845
-0.0096061
-0.0046693
0.0139235
0.0403295
0.0574898
0.0585996
0.0554598
0.0622085
0.0755675
0.0783163
0.0628884
0.0444352
0.0441011
0.0615451
0.0721717
0.0551478
0.0184480
-0.0109152
-0.0198387
-0.0238547
-0.0450863
-0.0814635
-0.1064121
-0.1002735
-0.0752469
-0.0631822
-0.0804847
-0.1116968
-0.1298330
-0.1266960
-0.1162869
-0.1108298
-0.1037342
-0.0819101
-0.0489028
-0.0259463
-0.0283413
-0.0475683
-0.0618326
-0.0611515
-0.0558111
-0.0596723
-0.0715423
-0.0782926
-0.0738960
-0.0683900
-0.0754563
-0.0957632
-0.1173089
-0.1302751
-0.1361630
-0.1415909
-0.1479445
-0.1504583
-0.1453380
-0.1345480
-0.1240868
-0.1197593
-0.1239135
-0.1332300
-0.1390904
-0.1334821
-0.1174453
-0.1018594
-0.0956465
-0.0929527
-0.0770785
-0.0406569
0.0019390
0.0288267
0.0366738
0.0447160
0.0687301
0.0973817
0.1029378
0.0741099
0.0290650
-0.0075718
-0.0325742
-0.0605145
-0.0960845
-0.1226565
-0.1244315
-0.1116891
-0.1121735
-0.1373935
-0.1686514
-0.1825191
-0.1815738
-0.1881236
-0.2094812
-0.2235576
-0.2065864
-0.1668444
-0.1387347
-0.1436552
-0.1673936
-0.1812365
-0.1772623
-0.1725527
-0.1805445
-0.1904376
-0.1815671
-0.1507641
-0.1145548
-0.0850535
-0.0552087
-0.0141628
0.0306247
0.0578190
0.0585960
0.0487196
0.0490984
0.0602594
0.0638485
0.0478255
0.0215948
0.0025989
-0.0056031
-0.0140055
-0.0284789
-0.0389195
-0.0335635
-0.0187289
-0.0147527
-0.0294000
-0.0395544
-0.0022057
0.1178500
0.3293347
0.6120201
0.9194307
1.1828272
1.3282551
1.3115945
1.1495800
0.9141277
0.6857568
0.5037821
0.3577428
0.2234881
0.1018528
0.0190757
-0.0062371
0.0117809
0.0375914
0.0470512
0.0442632
0.0465019
0.0581967
0.0647732
0.0512010
0.0206942
-0.0093909
-0.0282634
-0.0426693
-0.0651617
-0.0955733
-0.1192152
-0.1235154
-0.1125699
-0.1032551
-0.1090907
-0.1302037
-0.1574683
-0.1822472
-0.2004923
-0.2108236
-0.2134768
-0.2118368
-0.2113305
-0.2142724
-0.2177572
-0.2192390
-0.2222677
-0.2321688
-0.2455244
-0.2487381
-0.2309761
-0.1970783
-0.1641712
-0.1454958
-0.1402370
-0.1391016
-0.1354139
-0.1274906
-0.1133388
-0.0897486
-0.0586696
-0.0293462
-0.0090633
0.0059093
0.0239087
0.0422103
0.0453641
0.0246563
-0.0052862
-0.0180349
-0.0048869
0.0139888
0.0125469
-0.0111600
-0.0345063
-0.0386877
-0.0296685
-0.0267227
-0.0359336
-0.0436465
-0.0362425
-0.0177857
-0.0025922
0.0044029
0.0112704
0.0234550
0.0333888
0.0308735
0.0186889
0.0101924
0.0116783
0.0140900
0.0056470
-0.0119885
-0.0259311
-0.0291344
-0.0286733
-0.0342154
-0.0431852
-0.0436834
-0.0315847
-0.0183955
-0.0186303
-0.0327877
-0.0474673
-0.0515420
-0.0476961
-0.0464949
-0.0524682
-0.0595418
-0.0597454
-0.0535342
-0.0498591
-0.0565696
-0.0718383
-0.0855482
-0.0892714
-0.0849453
-0.0833356
-0.0930544
-0.1107737
-0.1234795
-0.1219038
-0.1111389
-0.1054875
-0.1120052
-0.1218402
-0.1203896
-0.1040230
-0.0824585
-0.0646865
-0.0482222
-0.0263251
-0.0021894
0.0114448
0.0087664
0.0012465
0.0056792
0.0232939
0.0372549
0.0335862
0.0194833
0.0145678
0.0251131
0.0344243
0.0228917
-0.0068622
-0.0313527
-0.0324466
-0.0162694
-0.0032783
-0.0042188
-0.0119606
-0.0163739
-0.0199342
-0.0329865
-0.0560199
-0.0741011
-0.0727758
-0.0561281
-0.0438042
-0.0500696
-0.0703924
-0.0907731
-0.1060002
-0.1229566
-0.1460164
-0.1653343
-0.1649205
-0.1415126
-0.1106675
-0.0916269
-0.0884173
-0.0890439
-0.0822509
-0.0704715
-0.0641406
-0.0668002
-0.0706849
-0.0671038
-0.0571067
-0.0496853
-0.0517056
-0.0621826
-0.0750151
-0.0837989
-0.0836588
-0.0724693
-0.0538947
-0.0377535
-0.0327160
-0.0369057
-0.0391062
-0.0327593
-0.0267964
-0.0371278
-0.0657426
-0.0930268
-0.0960495
-0.0737547
-0.0491483
-0.0445841
-0.0583941
-0.0696652
-0.0642471
-0.0501412
-0.0445283
-0.0502090
-0.0520798
-0.0383116
-0.0186749
-0.0152019
-0.0354632
-0.0617575
-0.0705605
-0.0590310
-0.0464774
-0.0495614
-0.0620458
-0.0635969
-0.0459774
-0.0238692
-0.0172224
-0.0275191
-0.0373852
-0.0332533
-0.0221208
-0.0217157
-0.0370618
-0.0525988
-0.0488157
-0.0230161
0.0088667
0.0286865
0.0309029
0.0222111
0.0116793
0.0046808
0.0041499
0.0121100
0.0269949
0.0416196
0.0473850
0.0410662
0.0257224
0.0050867
-0.0198421
-0.0467389
-0.0672196
-0.0710981
-0.0572875
-0.0378805
-0.0280736
-0.0319798
-0.0408563
-0.0458925
-0.0493058
-0.0591606
-0.0747863
-0.0835471
-0.0758652
-0.0599488
-0.0550542
-0.0688397
-0.0867798
-0.0885971
-0.0726042
-0.0574663
-0.0585225
-0.0683342
-0.0664779
-0.0464034
-0.0246254
-0.0196468
-0.0275369
-0.0265837
-0.0061621
0.0175399
0.0207744
0.0032962
-0.0085834
0.0073584
0.0415952
0.0620981
0.0498208
0.0184313
-0.0038228
-0.0065256
-0.0047344
-0.0151182
-0.0325545
-0.0364967
-0.0176932
0.0090892
0.0215259
0.0137939
-0.0008430
-0.0091527
-0.0126712
-0.0207069
-0.0338962
-0.0417639
-0.0374537
-0.0292083
-0.0323234
-0.0509838
-0.0725379
-0.0807174
-0.0709450
-0.0502985
-0.0254597
0.0045348
0.0433914
0.0894876
0.1348334
0.1698355
0.1876057
0.1882448
0.1869585
0.2202446
0.3353984
0.5594459
0.8685200
1.1878592
1.4289699
1.5357409
1.5036750
1.3644163
1.1589987
0.9242712
0.6931159
0.4934763
0.3404441
0.2316422
0.1547769
0.1002723
0.0648610
0.0444014
0.0290449
0.0101202
-0.0098462
-0.0195385
-0.0136351
-0.0016929
0.0017098
-0.0060220
-0.0139155
-0.0143401
-0.0157517
-0.0321336
-0.0609987
-0.0801057
-0.0716768
-0.0463415
-0.0351260
-0.0555923
-0.0919684
-0.1142203
-0.1133488
-0.1095959
-0.1242049
-0.1512815
-0.1652356
-0.1530790
-0.1298697
-0.1190807
-0.1250531
-0.1324148
-0.1297914
-0.1240866
-0.1273127
-0.1365973
-0.1364253
-0.1202279
-0.1010850
-0.0959701
-0.1039561
-0.1069411
-0.0915705
-0.0641083
-0.0409160
-0.0288982
-0.0204863
-0.0063776
0.0124528
0.0272150
0.0318010
0.0273341
0.0180685
0.0069921
-0.0037218
-0.0112486
-0.0138483
-0.0132190
-0.0132112
-0.0165206
-0.0239742
-0.0360297
-0.0520761
-0.0677424
-0.0759853
-0.0732653
-0.0630582
-0.0506905
-0.0361023
-0.0158766
0.0070050
0.0205401
0.0155236
-0.0017609
-0.0142236
-0.0128139
-0.0060908
-0.0073755
-0.0159514
-0.0177017
-0.0046970
0.0132370
0.0216038
0.0211886
0.0264892
0.0438314
0.0597532
0.0572370
0.0384324
0.0219769
0.0173324
0.0113120
-0.0131850
-0.0504284
-0.0742352
-0.0688057
-0.0486356
-0.0412364
-0.0548347
-0.0723058
-0.0769156
-0.0735594
-0.0775007
-0.0885038
-0.0881800
-0.0654480
-0.0352408
-0.0237115
-0.0379408
-0.0587826
-0.0648250
-0.0554759
-0.0448084
-0.0380823
-0.0245713
0.0044067
0.0389225
0.0595697
0.0605244
0.0552764
0.0573171
0.0620698
0.0545352
0.0322355
0.0121153
0.0108783
0.0232141
0.0259104
0.0036745
-0.0342524
-0.0657516
-0.0803472
-0.0872519
-0.0998765
-0.1185441
-0.1326875
-0.1370447
-0.1389660
-0.1473810
-0.1590166
-0.1608815
-0.1460386
-0.1219427
-0.1006803
-0.0847748
-0.0680241
-0.0497693
-0.0413132
-0.0528171
-0.0766352
-0.0910311
-0.0830715
-0.0630257
-0.0513828
-0.0543946
-0.0592738
-0.0544045
-0.0466114
-0.0516100
-0.0705257
-0.0852135
-0.0802492
-0.0628889
-0.0541604
-0.0629831
-0.0781363
-0.0879607
-0.0988539
-0.1251780
-0.1640269
-0.1916600
-0.1901417
-0.1702333
-0.1588793
-0.1657138
-0.1715223
-0.1536271
-0.1153589
-0.0822384
-0.0713443
-0.0739685
-0.0718866
-0.0629551
-0.0618701
-0.0773207
-0.0978672
-0.1050449
-0.0949805
-0.0800444
-0.0704823
-0.0619775
-0.0446608
-0.0192252
0.0022862
0.0110052
0.0107357
0.0111911
0.0180279
0.0374875
0.0910296
0.2155618
0.4363446
0.7324583
1.0307806
1.2422115
1.3140065
1.2554236
1.1179555
0.9523042
0.7816759
0.6093958
0.4426269
0.3012586
0.2030925
0.1460085
0.1104092
0.0792861
0.0515212
0.0334429
0.0217987
0.0019955
-0.0351543
-0.0801678
-0.1137696
-0.1282240
-0.1346459
-0.1470588
-0.1637126
-0.1699292
-0.1590553
-0.1443552
-0.1456908
-0.1667907
-0.1909949
-0.2003157
-0.1940615
-0.1851005
-0.1806695
-0.1732172
-0.1523292
-0.1211491
-0.0954329
-0.0861129
-0.0870842
-0.0828499
-0.0660080
-0.0438079
-0.0280053
-0.0222262
-0.0213723
-0.0206496
-0.0208322
-0.0239997
-0.0277423
-0.0271276
-0.0221980
-0.0206741
-0.0313013
-0.0548992
-0.0830406
-0.1055479
-0.1185608
-0.1251769
-0.1292075
-0.1296342
-0.1219708
-0.1049348
-0.0846617
-0.0706471
-0.0664389
-0.0648852
-0.0540989
-0.0286526
0.0061663
