-0.0752076
-0.0565054
-0.0455951
-0.0470387
-0.0420691
-0.0117179
0.0279969
0.0409240
0.0183229
-0.0118488
-0.0242517
-0.0240807
-0.0307417
-0.0499668
-0.0703475
-0.0789600
-0.0746488
-0.0693563
-0.0768265
-0.0968363
-0.1136403
-0.1145092
-0.1046769
-0.0969776
-0.0919848
-0.0785336
-0.0522202
-0.0236847
-0.0064996
-0.0022218
0.0008814
0.0162920
0.0455045
0.0747183
0.0886174
0.0889329
0.0937138
0.1143930
0.1393881
0.1470270
0.1316191
0.1096802
0.1001371
0.1033680
0.1023625
0.0838465
0.0564195
0.0442346
0.0597091
0.0855370
0.0903802
0.0628224
0.0233500
0.0002403
-0.0008662
0.0007106
-0.0148774
-0.0462366
-0.0733348
-0.0792000
-0.0674217
-0.0571876
-0.0614403
-0.0732328
-0.0760108
-0.0640758
-0.0479001
-0.0401462
-0.0417077
-0.0431438
-0.0365966
-0.0239997
-0.0143798
-0.0142162
-0.0212024
-0.0286341
-0.0351388
-0.0462324
-0.0644013
-0.0816215
-0.0865702
-0.0786139
-0.0705986
-0.0762813
-0.0964072
-0.1182296
-0.1288311
-0.1287236
-0.1309960
-0.1454753
-0.1652028
-0.1724435
-0.1589891
-0.1371426
-0.1282786
-0.1420922
-0.1686231
-0.1891857
-0.1933389
-0.1855296
-0.1761618
-0.1670425
-0.1478516
-0.1094608
-0.0597279
-0.0217830
-0.0137772
-0.0310691
-0.0502948
-0.0518044
-0.0379936
-0.0288044
-0.0384537
-0.0580323
-0.0643993
-0.0468129
-0.0204270
-0.0098855
-0.0221994
-0.0406524
-0.0449753
-0.0325060
-0.0174243
-0.0127467
-0.0172573
-0.0201267
-0.0150592
-0.0073287
-0.0074746
-0.0197400
-0.0345290
-0.0255654
0.0482446
0.2278534
0.5221245
0.8796721
1.1988535
1.3826324
1.3980494
1.2884770
1.1289724
0.9677531
0.8058705
0.6258949
0.4325910
0.2614824
0.1491350
0.0998370
0.0838986
0.0663249
0.0344956
-0.0000982
-0.0220150
-0.0311087
-0.0430924
-0.0726083
-0.1162643
-0.1536665
-0.1669353
-0.1591123
-0.1517922
-0.1642628
-0.1959689
-0.2294419
-0.2486213
-0.2524916
-0.2507785
-0.2486613
-0.2394067
-0.2139085
-0.1749172
-0.1372355
-0.1128402
-0.0994040
-0.0862073
-0.0692051
-0.0563633
-0.0574138
-0.0706616
-0.0818663
-0.0763791
-0.0519642
-0.0197289
0.0065038
0.0202854
0.0226088
0.0156346
0.0001700
-0.0208642
-0.0402975
-0.0509916
-0.0522416
-0.0507734
-0.0546959
-0.0659160
-0.0782864
-0.0839496
-0.0820493
-0.0800173
-0.0846166
-0.0921801
-0.0900175
-0.0688935
-0.0333529
0.0020093
0.0274450
0.0483736
0.0784823
0.1211853
0.1604892
0.1750861
0.1628091
0.1467969
0.1528892
0.1817463
0.2075523
0.2055988
0.1778084
0.1475834
0.1306639
0.1163834
0.0817984
0.0224552
-0.0372751
-0.0682800
-0.0680453
-0.0626691
-0.0775843
-0.1114512
-0.1420192
-0.1541145
-0.1559845
-0.1669554
-0.1934048
-0.2214673
-0.2332713
-0.2260700
-0.2121866
-0.2024038
-0.1950790
-0.1836340
-0.1699007
-0.1637789
-0.1692804
-0.1760745
-0.1689970
-0.1451292
-0.1181607
-0.1043520
-0.1057401
-0.1096422
-0.1048730
-0.0953793
-0.0947150
-0.1079400
-0.1234155
-0.1253203
-0.1123720
-0.1004074
-0.1053368
-0.1255345
-0.1432347
-0.1433815
-0.1291444
-0.1167826
-0.1156458
-0.1165807
-0.1024073
-0.0665413
-0.0136745
0.0622120
0.1952893
0.4306210
0.7768443
1.1710973
1.4969201
1.6508120
1.6058722
1.4195882
1.1822975
0.9552541
0.7501339
0.5554876
0.3717927
0.2186668
0.1148025
0.0586383
0.0303358
0.0090942
-0.0142121
-0.0390119
-0.0636828
-0.0889015
-0.1149148
-0.1404363
-0.1655117
-0.1921472
-0.2195833
-0.2410965
-0.2492085
-0.2442123
-0.2343082
-0.2255387
-0.2140784
-0.1925037
-0.1642403
-0.1471197
-0.1567339
-0.1854571
-0.2036493
-0.1877124
-0.1466891
-0.1157799
-0.1206298
-0.1508274
-0.1722368
-0.1640295
-0.1386229
-0.1234240
-0.1276216
-0.1334040
-0.1206287
-0.0936973
-0.0775536
-0.0883064
-0.1150701
-0.1344918
-0.1381171
-0.1382360
-0.1472990
-0.1595886
-0.1587654
-0.1401314
-0.1178597
-0.1076597
-0.1072038
-0.0995876
-0.0758084
-0.0478788
-0.0356874
-0.0436315
-0.0555858
-0.0534828
-0.0362920
-0.0181374
-0.0112865
-0.0157799
-0.0249132
-0.0349346
-0.0452548
-0.0514814
-0.0443789
-0.0193700
0.0146981
0.0404413
0.0471782
0.0393143
0.0280298
0.0170434
0.0006283
-0.0240772
-0.0476087
-0.0558803
-0.0474006
-0.0385077
-0.0475053
-0.0739684
-0.0978176
-0.1016397
-0.0914772
-0.0903933
-0.1103588
-0.1355972
-0.1389799
-0.1137142
-0.0830800
-0.0762927
-0.0984721
-0.1289076
-0.1474773
-0.1562360
-0.1710437
-0.1960128
-0.2145222
-0.2087984
-0.1831674
-0.1610231
-0.1588610
-0.1695512
-0.1745417
-0.1678350
-0.1609862
-0.1642075
-0.1695360
-0.1588110
-0.1269804
-0.0910663
-0.0723753
-0.0729404
-0.0748983
-0.0631951
-0.0430019
-0.0305584
-0.0305002
-0.0295695
-0.0145077
0.0095884
0.0241830
0.0188942
0.0023058
-0.0108571
-0.0188291
-0.0335799
-0.0628029
-0.0968072
-0.1174003
-0.1175766
-0.1077508
-0.1024967
-0.1059247
-0.1124247
-0.1173670
-0.1213118
-0.1243558
-0.1226626
-0.1143635
-0.1056601
-0.1056283
-0.1144925
-0.1217265
-0.1188256
-0.1107211
-0.1090319
-0.1140938
-0.1102617
-0.0838511
-0.0422362
-0.0080235
0.0064720
0.0121011
0.0256466
0.0444624
0.0469881
0.0202966
-0.0202226
-0.0458810
-0.0478319
-0.0477654
-0.0723081
-0.1218497
-0.1708238
-0.1969056
-0.2021097
-0.2024946
-0.2045536
-0.2003944
-0.1849237
-0.1682931
-0.1655472
-0.1779589
-0.1916426
-0.1951546
-0.1925571
-0.1952083
-0.2040354
-0.2060570
-0.1894111
-0.1569543
-0.1215223
-0.0907479
-0.0617673
-0.0306620
-0.0012407
0.0193319
0.0306428
0.0397057
0.0514160
0.0627238
0.0684631
0.0692163
0.0682435
0.0613055
0.0366776
-0.0088486
-0.0566075
-0.0772272
-0.0598172
-0.0260219
-0.0088149
-0.0179544
-0.0328803
-0.0319325
-0.0213643
-0.0268672
-0.0577581
-0.0902942
-0.0933930
-0.0641211
-0.0238996
0.0243721
0.1221618
0.3202241
0.6121460
0.9126215
1.1138341
1.1667158
1.1052573
0.9955652
0.8717555
0.7259967
0.5505152
0.3714651
0.2331252
0.1556601
0.1194896
0.0924820
0.0638185
0.0452597
0.0450078
0.0514953
0.0461915
0.0250663
0.0000786
-0.0184959
-0.0333760
-0.0513481
-0.0693330
-0.0768763
-0.0723293
-0.0692353
-0.0813342
-0.1042993
-0.1194359
-0.1170340
-0.1097685
-0.1169953
-0.1380568
-0.1489133
-0.1288379
-0.0860295
-0.0506835
-0.0427544
-0.0521888
-0.0544451
-0.0416901
-0.0316052
-0.0435550
-0.0719881
-0.0902728
-0.0808294
-0.0554860
-0.0422056
-0.0545488
-0.0791780
-0.0934443
-0.0901416
-0.0812886
-0.0801363
-0.0854367
-0.0859908
-0.0771051
-0.0672308
-0.0675074
-0.0788672
-0.0928042
-0.1028801
-0.1106997
-0.1192577
-0.1244189
-0.1175882
-0.0970196
-0.0728516
-0.0580213
-0.0548659
-0.0534001
-0.0438169
-0.0284372
-0.0183599
-0.0184660
-0.0193843
-0.0075697
0.0173801
0.0392226
0.0414949
0.0264384
0.0143061
0.0218817
0.0431893
0.0549772
0.0427225
0.0184488
0.0088683
0.0257316
0.0518774
0.0593811
0.0389843
0.0069294
-0.0173135
-0.0340449
-0.0587899
-0.0969219
-0.1307341
-0.1369269
-0.1137628
-0.0837537
-0.0676771
-0.0618405
-0.0465240
-0.0139145
0.0206437
0.0381108
0.0401001
0.0463002
0.0682703
0.0934085
0.0997504
0.0827933
0.0604281
0.0503875
0.0497432
0.0425570
0.0243975
0.0101653
0.0141591
0.0290430
0.0329124
0.0167007
-0.0037630
-0.0079808
0.0019062
0.0026797
-0.0196291
-0.0486857
-0.0547611
-0.0311475
-0.0051455
-0.0078965
-0.0380172
-0.0630537
-0.0573935
-0.0308380
-0.0137541
-0.0181420
-0.0229718
-0.0014989
0.0434572
0.0795966
0.0804734
0.0536837
0.0294173
0.0252192
0.0296478
0.0215471
-0.0023060
-0.0253431
-0.0337816
-0.0323324
-0.0344398
-0.0434022
-0.0506660
-0.0516352
-0.0546858
-0.0691999
-0.0888376
-0.0949118
-0.0786064
-0.0540338
-0.0435971
-0.0525826
-0.0652089
-0.0676300
-0.0678807
-0.0852903
-0.1212434
-0.1494449
-0.1418294
-0.1014571
-0.0620136
-0.0516614
-0.0623444
-0.0611132
-0.0309421
0.0072170
0.0179997
-0.0064748
-0.0358515
-0.0348085
-0.0017636
0.0307773
0.0324610
0.0052851
-0.0241869
-0.0366968
-0.0373542
-0.0416597
-0.0528585
-0.0598203
-0.0548884
-0.0455899
-0.0448190
-0.0541825
-0.0636176
-0.0671601
-0.0725177
-0.0908012
-0.1198941
-0.1439046
-0.1503887
-0.1441513
-0.1409405
-0.1496266
-0.1646486
-0.1756577
-0.1792554
-0.1776248
-0.1691389
-0.1474880
-0.1123792
-0.0759979
-0.0530548
-0.0448936
-0.0386423
-0.0245072
-0.0100415
-0.0119429
-0.0335937
-0.0561407
-0.0565110
-0.0331338
-0.0090825
-0.0079137
-0.0298089
-0.0551899
-0.0696884
-0.0788589
-0.0948508
-0.1133122
-0.1120933
-0.0765546
-0.0217430
0.0175060
0.0203016
-0.0005528
-0.0156311
-0.0123566
-0.0050882
-0.0112576
-0.0253970
-0.0250921
-0.0008828
0.0312979
0.0570009
0.0999219
0.2189637
0.4564930
0.7856469
1.1124698
1.3357003
1.4101075
1.3591246
1.2357693
1.0775668
0.8953163
0.6928308
0.4862359
0.3020925
0.1616672
0.0702800
0.0194628
-0.0047041
-0.0153656
-0.0222002
-0.0302822
-0.0406032
-0.0528376
-0.0676107
-0.0849694
-0.1013465
-0.1111846
-0.1136340
-0.1158385
-0.1263145
-0.1448705
-0.1620476
-0.1700126
-0.1714107
-0.1744045
-0.1804619
-0.1821001
-0.1748951
-0.1675750
-0.1743510
-0.1969101
-0.2195274
-0.2259022
-0.2176050
-0.2098557
-0.2090773
-0.2018188
-0.1714418
-0.1224685
-0.0804737
-0.0655046
-0.0714003
-0.0768674
-0.0738101
-0.0759284
-0.0959813
-0.1216850
-0.1238962
-0.0899378
-0.0411314
-0.0113328
-0.0115758
-0.0233989
-0.0271139
-0.0273787
-0.0432645
-0.0770524
-0.1042028
-0.0997520
-0.0688794
-0.0428827
-0.0447961
-0.0663925
-0.0828277
-0.0836796
-0.0809813
-0.0876275
-0.0981126
-0.0973471
-0.0832830
-0.0707504
-0.0710604
-0.0758118
-0.0674214
-0.0423113
-0.0158529
-0.0032168
-0.0021837
0.0001483
0.0077769
0.0105562
-0.0008144
-0.0215208
-0.0390117
-0.0485188
-0.0554098
-0.0626959
-0.0641517
-0.0547776
-0.0435250
-0.0476077
-0.0726896
-0.1043810
-0.1235866
-0.1274758
-0.1301367
-0.1429085
-0.1600895
-0.1678430
-0.1635714
-0.1599793
-0.1689253
-0.1867538
-0.2001514
-0.2039974
-0.2070721
-0.2181492
-0.2314106
-0.2313806
-0.2119732
-0.1851445
-0.1671051
-0.1587014
-0.1448054
-0.1140847
-0.0745082
-0.0447914
-0.0323139
-0.0253378
-0.0091277
0.0148899
0.0311639
0.0298054
0.0183247
0.0110569
0.0111056
0.0080015
-0.0074559
-0.0313739
-0.0520804
-0.0636667
-0.0705425
-0.0804832
-0.0977696
-0.1228130
-0.1525597
-0.1781209
-0.1872888
-0.1767522
-0.1611362
-0.1619454
-0.1833622
-0.2043982
-0.2018498
-0.1787940
-0.1617613
-0.1675492
-0.1816762
-0.1781372
-0.1561003
-0.1440907
-0.1628179
-0.1936274
-0.1957281
-0.1532768
-0.0931799
-0.0505419
-0.0259255
0.0105431
0.0735949
0.1349214
0.1499867
0.1073939
0.0407719
-0.0094988
-0.0364861
-0.0620896
-0.0993299
-0.1326528
-0.1399454
-0.1245674
-0.1141782
-0.1278322
-0.1539794
-0.1671101
-0.1608965
-0.1554354
-0.1701828
-0.1977096
-0.2115930
-0.1984280
-0.1743426
-0.1664662
-0.1827230
-0.2056446
-0.2147571
-0.2084372
-0.2005559
-0.2001083
-0.2003849
-0.1883796
-0.1597767
-0.1219095
-0.0850076
-0.0543523
-0.0297941
-0.0082670
0.0150359
0.0447811
0.0811336
0.1173497
0.1440129
0.1570527
0.1631896
0.1819773
0.2462295
0.3945031
0.6458699
0.9663283
1.2616531
1.4224879
1.3966447
1.2239168
0.9962278
0.7811572
0.5852975
0.3870475
0.1897614
0.0294687
-0.0660839
-0.1096011
-0.1365170
-0.1635689
-0.1780854
-0.1674757
-0.1442741
-0.1315915
-0.1308191
-0.1182315
-0.0768722
-0.0215582
0.0158821
0.0213541
0.0092748
-0.0002580
-0.0043192
-0.0117854
-0.0232662
-0.0280510
-0.0216839
-0.0165402
-0.0282047
-0.0560272
-0.0850288
-0.1060209
-0.1252147
-0.1501955
-0.1733045
-0.1775969
-0.1589234
-0.1346232
-0.1264221
-0.1384999
-0.1567135
-0.1670712
-0.1691430
-0.1704310
-0.1730174
-0.1702057
-0.1544876
-0.1247325
-0.0858141
-0.0450730
-0.0100645
0.0144250
0.0307061
0.0475867
0.0714678
0.0984185
0.1191148
0.1322683
0.1480386
0.1740525
0.2014320
0.2117050
0.1988451
0.1783314
0.1696201
0.1731911
0.1716491
0.1531405
0.1257618
0.1043469
0.0892402
0.0675491
0.0351747
0.0074233
0.0009659
0.0108332
0.0154517
0.0051895
-0.0039643
0.0080079
0.0356971
0.0513545
0.0391794
0.0169698
0.0153993
0.0394386
0.0605572
0.0501464
0.0127830
-0.0211565
-0.0323991
-0.0323499
-0.0429978
-0.0658202
-0.0802709
-0.0724032
-0.0555770
-0.0565910
-0.0850034
-0.1234988
-0.1493718
-0.1589809
-0.1662412
-0.1808727
-0.1962857
-0.2013130
-0.1975646
-0.1978499
-0.2076643
-0.2149941
-0.2030463
-0.1703925
-0.1330189
-0.1058549
-0.0874106
-0.0664516
-0.0405737
-0.0212567
-0.0185194
-0.0260411
-0.0274404
-0.0160991
-0.0023106
0.0017670
-0.0012808
0.0008386
0.0099092
0.0104976
-0.0112609
-0.0464978
-0.0694331
-0.0660541
-0.0507294
-0.0491262
-0.0679141
-0.0886450
-0.0923819
-0.0826390
-0.0775280
-0.0829071
-0.0829660
-0.0610575
-0.0234160
0.0054481
0.0099822
-0.0010307
-0.0090359
-0.0094518
-0.0136746
-0.0288682
-0.0445398
-0.0445822
-0.0283597
-0.0121306
-0.0087723
-0.0130046
-0.0115028
-0.0030607
0.0000598
-0.0075758
-0.0111928
0.0092447
0.0535199
0.1023445
0.1517850
0.2406095
0.4278238
0.7308707
1.0857458
1.3767697
1.5150354
1.4941467
1.3750286
1.2226510
1.0599623
0.8769186
0.6713593
0.4710760
0.3158269
0.2242191
0.1821544
0.1609088
0.1415913
0.1218188
0.1043392
0.0857344
0.0584178
0.0211586
-0.0162404
-0.0409324
-0.0496726
-0.0521395
-0.0604490
-0.0759467
-0.0887741
-0.0917863
-0.0921428
-0.1040849
-0.1288373
-0.1468339
-0.1364862
-0.1007968
-0.0685590
-0.0640762
-0.0792428
-0.0832532
-0.0608131
-0.0323702
-0.0293268
-0.0532670
-0.0707431
-0.0525760
-0.0102943
0.0158950
0.0036581
-0.0271922
-0.0413415
-0.0307760
-0.0205148
-0.0325376
-0.0555757
-0.0587715
-0.0302663
0.0086677
0.0303588
0.0330703
0.0390400
0.0635083
0.0953331
0.1120796
0.1079114
0.0987651
0.1006952
0.1108469
0.1142328
0.1049650
0.0937878
0.0940817
0.1064864
0.1214268
0.1331642
0.1447058
0.1581737
0.1669367
0.1629294
0.1494313
0.1396205
0.1400709
0.1407933
0.1271261
0.0998296
0.0767950
0.0723269
0.0798516
0.0809093
0.0693984
0.0592325
0.0645307
0.0780707
0.0776172
0.0540275
0.0252789
0.0165119
0.0291447
0.0374945
0.0183297
-0.0220548
-0.0560808
-0.0681138
-0.0720339
-0.0923203
-0.1326858
-0.1707732
-0.1845777
-0.1775347
