-0.0217768
-0.0033346
0.0029500
0.0060127
0.0097143
0.0113055
0.0130524
0.0190033
0.0229617
0.0145924
-0.0025943
-0.0128004
-0.0101464
-0.0085389
-0.0244459
-0.0562345
-0.0853345
-0.0956710
-0.0897756
-0.0855117
-0.0957237
-0.1123944
-0.1167510
-0.1058763
-0.0994329
-0.1127567
-0.1315991
-0.1264181
-0.0902283
-0.0497771
-0.0346789
-0.0436207
-0.0484311
-0.0288217
0.0044455
0.0240471
0.0195923
0.0095150
0.0172033
0.0418086
0.0606954
0.0584477
0.0430186
0.0302346
0.0221788
0.0095569
-0.0089945
-0.0201024
-0.0105084
0.0164836
0.0429450
0.0533139
0.0473199
0.0366267
0.0318096
0.0354614
0.0466407
0.0660558
0.0928410
0.1197385
0.1376019
0.1446783
0.1465830
0.1462535
0.1387064
0.1183653
0.0881838
0.0576018
0.0323670
0.0099877
-0.0134605
-0.0347939
-0.0462697
-0.0478775
-0.0526231
-0.0734887
-0.1052241
-0.1258477
-0.1203584
-0.0986933
-0.0845491
-0.0884378
-0.0982977
-0.0973624
-0.0843601
-0.0706903
-0.0609841
-0.0448712
-0.0120988
0.0289036
0.0556628
0.0567500
0.0456987
0.0439734
0.0536495
0.0556627
0.0365369
0.0085585
-0.0032722
0.0088904
0.0261525
0.0242859
-0.0005006
-0.0307903
-0.0501341
-0.0601587
-0.0734473
-0.0936736
-0.1089744
-0.1060803
-0.0862428
-0.0635971
-0.0502600
-0.0470475
-0.0475709
-0.0464151
-0.0418115
-0.0342291
-0.0260085
-0.0213620
-0.0232893
-0.0292637
-0.0320827
-0.0275658
-0.0210355
-0.0229176
-0.0360473
-0.0500613
-0.0522936
-0.0432003
-0.0359179
-0.0393693
-0.0474595
-0.0496806
-0.0485564
-0.0584096
-0.0849264
-0.1126900
-0.1196551
-0.1023972
-0.0798754
-0.0695960
-0.0665335
-0.0532292
-0.0282361
-0.0131940
-0.0256856
-0.0528298
-0.0632222
-0.0447586
-0.0196953
-0.0167625
-0.0362526
-0.0525757
-0.0489919
-0.0380396
-0.0421262
-0.0620864
-0.0762253
-0.0703020
-0.0572932
-0.0603343
-0.0826276
-0.1052961
-0.1148986
-0.1215414
-0.1426867
-0.1758770
-0.1982487
-0.1933930
-0.1701256
-0.1504813
-0.1444191
-0.1420823
-0.1285306
-0.0993733
-0.0608443
-0.0207521
0.0157352
0.0445234
0.0633898
0.0751883
0.0860216
0.1008785
0.1297658
0.2027630
0.3672056
0.6485247
1.0030833
1.3188742
1.4804341
1.4443024
1.2550524
0.9934319
0.7164791
0.4460691
0.1978531
-0.0005568
-0.1266708
-0.1867290
-0.2096882
-0.2189750
-0.2193184
-0.2110474
-0.2037578
-0.2055424
-0.2053453
-0.1807887
-0.1275902
-0.0715719
-0.0433485
-0.0453893
-0.0530291
-0.0475166
-0.0380004
-0.0451436
-0.0701904
-0.0914690
-0.0921794
-0.0813423
-0.0804568
-0.0954648
-0.1117497
-0.1160439
-0.1127991
-0.1136717
-0.1181344
-0.1139615
-0.0959052
-0.0749788
-0.0651246
-0.0660554
-0.0655516
-0.0569888
-0.0475452
-0.0464859
-0.0504926
-0.0462612
-0.0264847
0.0018870
0.0260877
0.0395997
0.0435996
0.0410228
0.0346040
0.0294821
0.0318285
0.0424920
0.0550271
0.0624623
0.0641003
0.0632650
0.0603051
0.0520864
0.0389679
0.0280109
0.0257159
0.0292749
0.0290406
0.0196809
0.0047229
-0.0112982
-0.0299676
-0.0529811
-0.0718358
-0.0718599
-0.0497349
-0.0213749
-0.0063885
-0.0066169
-0.0061855
0.0066287
0.0240482
0.0296195
0.0200776
0.0087050
0.0059935
0.0045127
-0.0105913
-0.0393558
-0.0640358
-0.0709121
-0.0681675
-0.0753359
-0.0976847
-0.1193842
-0.1247135
-0.1197235
-0.1261253
-0.1547625
-0.1916480
-0.2134806
-0.2131873
-0.2047237
-0.2029628
-0.2050095
-0.1959879
-0.1705703
-0.1420158
-0.1273298
-0.1275814
-0.1275541
-0.1138718
-0.0886821
-0.0637309
-0.0450214
-0.0283735
-0.0097732
0.0058744
0.0112905
0.0102927
0.0181762
0.0450241
0.0816461
0.1067632
0.1077896
0.0903936
0.0670109
0.0414590
0.0097680
-0.0264671
-0.0552676
-0.0666312
-0.0660808
-0.0703526
-0.0892087
-0.1157671
-0.1366920
-0.1477736
-0.1546941
-0.1605019
-0.1597359
-0.1483356
-0.1343000
-0.1317213
-0.1442563
-0.1601570
-0.1665398
-0.1648743
-0.1673809
-0.1783792
-0.1842010
-0.1654066
-0.1181590
-0.0603465
-0.0152210
0.0098460
0.0275288
0.0548072
0.0946067
0.1328407
0.1523603
0.1491616
0.1346948
0.1219964
0.1104078
0.0866939
0.0431386
-0.0078624
-0.0421017
-0.0480071
-0.0392913
-0.0398909
-0.0583852
-0.0822612
-0.0977135
-0.1085090
-0.1291694
-0.1619267
-0.1892896
-0.1942211
-0.1827083
-0.1784423
-0.1947857
-0.2190935
-0.2287836
-0.2177901
-0.2000612
-0.1882990
-0.1780129
-0.1574081
-0.1275242
-0.1035497
-0.0946110
-0.0894947
-0.0690924
-0.0310007
0.0059770
0.0251706
0.0344374
0.0577530
0.1041233
0.1520364
0.1708372
0.1555516
0.1336861
0.1350197
0.1609140
0.1928154
0.2329660
0.3264809
0.5275756
0.8350654
1.1645741
1.3945230
1.4480785
1.3357371
1.1252382
0.8792829
0.6252978
0.3745065
0.1504489
-0.0143561
-0.1067678
-0.1462871
-0.1645847
-0.1768923
-0.1791713
-0.1690018
-0.1581074
-0.1597455
-0.1710324
-0.1767634
-0.1698311
-0.1594523
-0.1557542
-0.1530477
-0.1365603
-0.1044956
-0.0744390
-0.0629514
-0.0641496
-0.0566860
-0.0318017
-0.0060995
-0.0013113
-0.0165248
-0.0289424
-0.0224739
-0.0075383
-0.0073807
-0.0294390
-0.0580223
-0.0753746
-0.0821244
-0.0915630
-0.1079857
-0.1192963
-0.1134055
-0.0957810
-0.0844669
-0.0889979
-0.1001707
-0.1023573
-0.0910170
-0.0738283
-0.0574894
-0.0400712
-0.0181853
0.0035185
0.0155031
0.0155186
0.0130872
0.0195874
0.0363362
0.0556913
0.0730047
0.0929985
0.1216905
0.1545770
0.1775407
0.1809243
0.1699688
0.1586569
0.1541143
0.1499224
0.1355608
0.1098551
0.0820646
0.0597082
0.0386245
0.0083177
-0.0331723
-0.0732643
-0.0964021
-0.1006654
-0.0999534
-0.1088334
-0.1275340
-0.1441353
-0.1504295
-0.1520278
-0.1607145
-0.1784436
-0.1923171
-0.1870268
-0.1610952
-0.1291962
-0.1086032
-0.1042591
-0.1063030
-0.0997818
-0.0759008
-0.0361260
0.0115654
0.0598177
0.1073992
0.1603504
0.2299353
0.3310514
0.4815909
0.6966814
0.9723218
1.2662301
1.4973476
1.5787140
1.4690684
1.2036616
0.8751450
0.5773968
0.3578579
0.2126434
0.1161000
0.0490470
0.0033777
-0.0277712
-0.0540528
-0.0820060
-0.1110800
-0.1385998
-0.1659328
-0.1962448
-0.2272189
-0.2503437
-0.2595794
-0.2586033
-0.2567508
-0.2584048
-0.2589930
-0.2516728
-0.2351401
-0.2132164
-0.1891164
-0.1635247
-0.1381394
-0.1176181
-0.1057670
-0.1011711
-0.0989419
-0.0966575
-0.0963729
-0.0997972
-0.1033143
-0.1002350
-0.0882324
-0.0728433
-0.0626451
-0.0618769
-0.0685636
-0.0785347
-0.0891575
-0.0991221
-0.1068643
-0.1110648
-0.1124383
-0.1139516
-0.1190360
-0.1296664
-0.1453966
-0.1631628
-0.1782176
-0.1868131
-0.1889941
-0.1879535
-0.1852212
-0.1766893
-0.1553508
-0.1193265
-0.0762174
-0.0377010
-0.0097108
0.0107468
0.0291557
0.0460608
0.0572343
0.0593206
0.0527860
0.0398353
0.0223336
0.0026880
-0.0159088
-0.0325445
-0.0503269
-0.0716764
-0.0920597
-0.1028579
-0.1033295
-0.1062817
-0.1258379
-0.1589313
-0.1847681
-0.1868801
-0.1722493
-0.1626357
-0.1681140
-0.1769628
-0.1749845
-0.1673252
-0.1717068
-0.1913714
-0.2057538
-0.1943537
-0.1632235
-0.1375195
-0.1286256
-0.1202406
-0.0935593
-0.0576972
-0.0417703
-0.0559448
-0.0730110
-0.0580232
-0.0108221
0.0320060
0.0380899
0.0122300
-0.0163740
-0.0311392
-0.0413621
-0.0604613
-0.0839854
-0.0968261
-0.0955243
-0.0925737
-0.0984510
-0.1090480
-0.1158255
-0.1211806
-0.1343926
-0.1538347
-0.1633011
-0.1509835
-0.1264066
-0.1115492
-0.1167587
-0.1320547
-0.1430823
-0.1486858
-0.1573682
-0.1700427
-0.1743987
-0.1593147
-0.1307986
-0.1092503
-0.1109092
-0.1333833
-0.1579634
-0.1636228
-0.1401532
-0.0927260
-0.0367299
0.0135315
0.0536562
0.0868379
0.1135869
0.1297787
0.1425856
0.1878530
0.3194477
0.5660074
0.8912007
1.2004570
1.3951503
1.4282642
1.3162939
1.1082697
0.8507528
0.5784381
0.3231497
0.1166583
-0.0205415
-0.0904285
-0.1150869
-0.1232108
-0.1362305
-0.1604264
-0.1867788
-0.1998209
-0.1921365
-0.1723976
-0.1567554
-0.1513203
-0.1470242
-0.1353794
-0.1259510
-0.1402262
-0.1850480
-0.2379446
-0.2660690
-0.2591392
-0.2370226
-0.2226342
-0.2142069
-0.1915072
-0.1465731
-0.0980171
-0.0699913
-0.0633966
-0.0568370
-0.0356548
-0.0109193
-0.0039691
-0.0173496
-0.0302678
-0.0240278
-0.0039463
0.0099413
0.0093094
0.0054373
0.0095754
0.0146425
0.0046470
-0.0207558
-0.0410787
-0.0381763
-0.0180011
-0.0019374
0.0010791
0.0044211
0.0221816
0.0453772
0.0493199
0.0243309
-0.0101443
-0.0273043
-0.0230893
-0.0163736
-0.0208519
-0.0271575
-0.0184950
0.0030292
0.0165526
0.0097848
-0.0033546
0.0004765
0.0237273
0.0432428
0.0372297
0.0096615
-0.0172942
-0.0305315
-0.0376125
-0.0509713
-0.0688888
-0.0784358
-0.0741630
-0.0665786
-0.0703812
-0.0890054
-0.1140046
-0.1365645
-0.1547778
-0.1698575
-0.1801654
-0.1821891
-0.1755674
-0.1640856
-0.1521232
-0.1428285
-0.1398221
-0.1467556
-0.1617037
-0.1731604
-0.1660688
-0.1350870
-0.0918925
-0.0576256
-0.0464056
-0.0548504
-0.0666870
-0.0675141
-0.0559112
-0.0410651
-0.0304141
-0.0212758
-0.0065359
0.0118691
0.0192639
0.0025695
-0.0316258
-0.0581894
-0.0568857
-0.0336024
-0.0142272
-0.0170579
-0.0356902
-0.0516157
-0.0588103
-0.0685625
-0.0900624
-0.1145975
-0.1254271
-0.1199355
-0.1140575
-0.1233722
-0.1464782
-0.1716686
-0.1951689
-0.2242952
-0.2617297
-0.2946137
-0.3055546
-0.2916877
-0.2664175
-0.2422982
-0.2188160
-0.1903562
-0.1603560
-0.1395676
-0.1304817
-0.1212336
-0.0999818
-0.0718056
-0.0550849
-0.0606071
-0.0791095
-0.0921335
-0.0919002
-0.0861708
-0.0845235
-0.0852921
-0.0792190
-0.0632290
-0.0456032
-0.0362759
-0.0353455
-0.0344411
-0.0282299
-0.0192565
-0.0063985
0.0315750
0.1347549
0.3346871
0.6201410
0.9279432
1.1716091
1.2862917
1.2546521
1.0995732
0.8616352
0.5858855
0.3200991
0.1081122
-0.0277024
-0.0974359
-0.1304157
-0.1476356
-0.1494663
-0.1310326
-0.1029852
-0.0886150
-0.0998562
-0.1237884
-0.1386224
-0.1396300
-0.1420338
-0.1578130
-0.1774632
-0.1811818
-0.1654400
-0.1505656
-0.1586585
-0.1881827
-0.2154654
-0.2205312
-0.2065645
-0.1920324
-0.1876918
-0.1864002
-0.1752848
-0.1525170
-0.1277938
-0.1079530
-0.0878655
-0.0592289
-0.0262593
-0.0070089
-0.0155636
-0.0447428
-0.0711773
-0.0794906
-0.0782344
-0.0876348
-0.1123775
-0.1325105
-0.1256729
-0.0956174
-0.0719945
-0.0792590
-0.1100838
-0.1345169
-0.1338719
-0.1190409
-0.1127223
-0.1195413
-0.1218857
-0.1055789
-0.0812730
-0.0731458
-0.0884967
-0.1065494
-0.1010522
-0.0694608
-0.0339388
-0.0144917
-0.0077502
0.0041161
0.0279610
0.0504254
0.0555067
0.0456109
0.0393978
0.0494731
0.0675472
0.0743485
0.0611643
0.0375632
0.0187223
0.0100775
0.0072300
0.0082584
0.0219490
0.0643518
0.1521316
0.3014764
0.5269029
0.8283719
1.1703946
1.4757410
1.6517561
1.6381429
1.4412686
1.1284339
0.7885601
0.4904954
0.2651153
0.1129796
0.0214602
-0.0234773
-0.0341871
-0.0227580
-0.0025394
0.0126324
0.0124354
-0.0046980
-0.0304619
-0.0532033
-0.0675630
-0.0774973
-0.0892277
-0.1027322
-0.1127589
-0.1182445
-0.1271312
-0.1483187
-0.1794167
-0.2063798
-0.2177249
-0.2173273
-0.2199342
-0.2340870
-0.2530571
-0.2648747
-0.2685074
-0.2750853
-0.2920346
-0.3106417
-0.3145776
-0.3006616
-0.2860213
-0.2903270
-0.3118268
-0.3252920
-0.3061713
-0.2552479
-0.1970483
-0.1547220
-0.1299053
-0.1085756
-0.0829100
-0.0616894
-0.0575885
-0.0684524
-0.0765160
-0.0671192
-0.0446812
-0.0270910
-0.0254661
-0.0330897
-0.0355347
-0.0285246
-0.0217456
-0.0249131
-0.0342721
-0.0368817
-0.0279368
-0.0199039
-0.0311196
-0.0653646
-0.1050800
-0.1265144
-0.1213290
-0.1024423
-0.0892306
-0.0890088
-0.0941498
-0.0956194
-0.0957223
-0.1052574
-0.1290985
-0.1574658
-0.1733626
-0.1683923
-0.1501125
-0.1336265
-0.1270360
-0.1261352
-0.1227492
-0.1160275
-0.1133507
-0.1199287
-0.1297479
-0.1298403
-0.1148746
-0.0960465
-0.0926589
-0.1134587
-0.1473232
-0.1737813
-0.1819731
-0.1772815
-0.1698841
-0.1611655
-0.1453490
-0.1229070
-0.1061360
-0.1072804
-0.1231865
-0.1365399
-0.1335231
-0.1171472
-0.1013194
-0.0950055
-0.0966128
-0.1027434
-0.1156754
-0.1375412
-0.1603066
-0.1687656
-0.1564401
-0.1349271
-0.1231715
-0.1279260
-0.1382048
-0.1396571
-0.1308726
-0.1224286
-0.1214665
-0.1219052
-0.1125024
-0.0926652
-0.0762545
-0.0775148
-0.0941797
-0.1069808
-0.0974327
-0.0656188
-0.0289496
-0.0033709
0.0116944
0.0277131
0.0494721
0.0713776
0.0976458
0.1625952
0.3176712
0.5852543
0.9212668
1.2277035
1.4082825
1.4184304
1.2720605
1.0152278
0.7024141
0.3900362
0.1308029
-0.0440034
-0.1390211
-0.1842217
-0.2063208
-0.2132799
-0.2057661
-0.1933105
-0.1889754
-0.1906341
-0.1797319
-0.1449320
-0.1005443
-0.0730610
-0.0716298
-0.0809968
-0.0851413
-0.0878459
-0.1018717
-0.1239824
-0.1339874
-0.1215129
-0.1028010
-0.1016115
-0.1186966
-0.1323018
-0.1301663
-0.1286899
-0.1509088
-0.1917869
-0.2190003
-0.2111642
-0.1848511
-0.1752423
-0.1950032
-0.2226212
-0.2314360
-0.2192545
-0.2026703
-0.1896361
-0.1698173
-0.1332546
-0.0882379
-0.0533551
-0.0364374
-0.0296235
-0.0243301
-0.0220132
-0.0258871
-0.0290050
-0.0196639
0.0018099
0.0198980
0.0216504
0.0127880
0.0103543
0.0214626
0.0363376
0.0440371
0.0483304
0.0614941
0.0843476
0.0998463
0.0897965
0.0542879
0.0107010
-0.0245972
-0.0489537
-0.0680866
-0.0839842
-0.0929625
-0.0942674
-0.0954064
-0.1061930
-0.1288641
-0.1558740
-0.1767754
-0.1858133
-0.1834905
-0.1733814
-0.1591859
-0.1442685
-0.1323450
-0.1273066
-0.1313764
-0.1424364
-0.1531380
-0.1543730
-0.1417465
-0.1190246
-0.0941042
-0.0713070
-0.0488787
-0.0244658
-0.0008355
0.0163634
0.0257267
0.0314536
0.0360697
0.0347378
0.0205143
-0.0054306
-0.0331564
-0.0553920
-0.0762178
-0.1043159
-0.1388684
-0.1674368
-0.1799291
-0.1806203
-0.1819572
-0.1883805
-0.1922535
-0.1872512
-0.1797577
-0.1809203
-0.1893401
-0.1891896
-0.1687990
-0.1362175
-0.1105569
-0.0995929
-0.0927379
-0.0781154
-0.0599811
-0.0523846
-0.0577552
-0.0605047
-0.0459798
-0.0203414
-0.0044669
-0.0089398
-0.0223549
-0.0276515
-0.0242130
-0.0263618
-0.0409509
-0.0550392
-0.0514054
-0.0324448
-0.0209610
-0.0353031
-0.0686618
-0.0969901
-0.1049255
-0.0988752
-0.0942190
-0.0940537
-0.0824914
-0.0344073
0.0730260
0.2542990
0.5077892
0.8028183
1.0758343
