-0.0465404
-0.0507935
-0.0869279
-0.0959162
-0.0782418
-0.0815379
-0.1148203
-0.1362752
-0.1208080
-0.0890784
-0.0685982
-0.0666674
-0.0839204
-0.1204453
-0.1643804
-0.1992771
-0.2224492
-0.2363428
-0.2301241
-0.1947346
-0.1498016
-0.1291140
-0.1401605
-0.1589889
-0.1640316
-0.1569674
-0.1512991
-0.1556625
-0.1675808
-0.1730543
-0.1568260
-0.1228531
-0.0975268
-0.1017246
-0.1265597
-0.1470879
-0.1524644
-0.1515094
-0.1547968
-0.1623608
-0.1661915
-0.1581840
-0.1389487
-0.1213111
-0.1181462
-0.1248076
-0.1233640
-0.1072258
-0.0902044
-0.0861717
-0.0912422
-0.0937214
-0.0924832
-0.0963776
-0.1102223
-0.1284106
-0.1405704
-0.1402083
-0.1288334
-0.1118557
-0.0903495
-0.0619737
-0.0325340
-0.0153298
-0.0054276
0.0404514
0.1798534
0.4308111
0.7442906
1.0300338
1.2081202
1.2456609
1.1624114
1.0100218
0.8394238
0.6771832
0.5250842
0.3771246
0.2365203
0.1205795
0.0497518
0.0268178
0.0268466
0.0163161
-0.0143095
-0.0447920
-0.0556999
-0.0551048
-0.0664262
-0.0968926
-0.1300647
-0.1491916
-0.1580137
-0.1734156
-0.2013970
-0.2268388
-0.2304958
-0.2134671
-0.1976579
-0.1996124
-0.2118846
-0.2172738
-0.2138588
-0.2128708
-0.2139529
-0.1982873
-0.1530480
-0.0927365
-0.0464569
-0.0270701
-0.0207023
-0.0073653
0.0141514
0.0270519
0.0210058
0.0083652
0.0090976
0.0228847
0.0273401
0.0072202
-0.0250583
-0.0462836
-0.0525807
-0.0613305
-0.0849269
-0.1139077
-0.1300422
-0.1291601
-0.1245411
-0.1292402
-0.1411028
-0.1488205
-0.1494071
-0.1511838
-0.1557468
-0.1454055
-0.1002113
-0.0266820
0.0421180
0.0800278
0.0934297
0.1072587
0.1313726
0.1499662
0.1441888
0.1172688
0.0913558
0.0807889
0.0747747
0.0515244
0.0070838
-0.0378985
-0.0626683
-0.0698596
-0.0776690
-0.0938158
-0.1074048
-0.1069364
-0.0975742
-0.0960920
-0.1129290
-0.1433513
-0.1744232
-0.1965577
-0.2069961
-0.2046591
-0.1865685
-0.1526118
-0.1115008
-0.0767027
-0.0552512
-0.0434350
-0.0330165
-0.0171741
0.0093459
0.0489675
0.0979093
0.1523739
0.2254204
0.3512623
0.5569776
0.8195852
1.0542839
1.1585782
1.0834167
0.8701972
0.6181549
0.4107808
0.2686188
0.1651920
0.0758030
0.0025858
-0.0412443
-0.0560082
-0.0570804
-0.0576160
-0.0575048
-0.0501814
-0.0361615
-0.0261349
-0.0297077
-0.0432183
-0.0521883
-0.0464384
-0.0295512
-0.0119132
0.0016673
0.0133263
0.0229579
0.0226695
0.0027501
-0.0373223
-0.0846120
-0.1209191
-0.1376138
-0.1427755
-0.1518013
-0.1709503
-0.1926184
-0.2065407
-0.2111939
-0.2118662
-0.2110542
-0.2050318
-0.1896095
-0.1666282
-0.1439000
-0.1294744
-0.1263245
-0.1321243
-0.1424657
-0.1520876
-0.1538620
-0.1417413
-0.1181408
-0.0949289
-0.0818821
-0.0754400
-0.0642800
-0.0460173
-0.0319572
-0.0314930
-0.0357409
-0.0231808
0.0163734
0.0667107
0.0985807
0.0991639
0.0847355
0.0807253
0.0920275
0.0994660
0.0860890
0.0593115
0.0413943
0.0419361
0.0470564
0.0365678
0.0068374
-0.0262644
-0.0449067
-0.0463710
-0.0421167
-0.0428110
-0.0482654
-0.0527909
-0.0558351
-0.0624241
-0.0743889
-0.0866575
-0.0939363
-0.0972015
-0.1006778
-0.1044536
-0.1034554
-0.0941186
-0.0799840
-0.0686075
-0.0624936
-0.0551524
-0.0390206
-0.0166866
0.0003056
0.0058203
0.0075932
0.0162744
0.0287307
0.0297773
0.0126313
-0.0082794
-0.0108838
0.0089218
0.0304079
0.0295252
0.0044344
-0.0250853
-0.0430885
-0.0552603
-0.0765465
-0.1066915
-0.1283566
-0.1306231
-0.1244585
-0.1280602
-0.1426609
-0.1523676
-0.1475948
-0.1394999
-0.1460207
-0.1686196
-0.1906870
-0.1992940
-0.2008517
-0.2094376
-0.2239188
-0.2263012
-0.2049859
-0.1712326
-0.1455331
-0.1321724
-0.1160728
-0.0842413
-0.0415027
-0.0017334
0.0293065
0.0559509
0.0816240
0.1048780
0.1277223
0.1591500
0.2025487
0.2439545
0.2666838
0.2854133
0.3564039
0.5353593
0.8153859
1.1116347
1.3159997
1.3703206
1.2891152
1.1216913
0.9054056
0.6576714
0.3997453
0.1701386
0.0061074
-0.0841411
-0.1233897
-0.1386282
-0.1377467
-0.1154396
-0.0755918
-0.0378339
-0.0195532
-0.0176904
-0.0137196
0.0051383
0.0341530
0.0604146
0.0788699
0.0944772
0.1091859
0.1129544
0.0935354
0.0541240
0.0144763
-0.0091836
-0.0213277
-0.0396675
-0.0736244
-0.1168652
-0.1607105
-0.2060670
-0.2557377
-0.2994783
-0.3171104
-0.3010239
-0.2700694
-0.2533468
-0.2602532
-0.2736540
-0.2752185
-0.2690854
-0.2712176
-0.2794832
-0.2687292
-0.2220901
-0.1578019
-0.1129958
-0.1019020
-0.1007318
-0.0785154
-0.0354920
-0.0019003
0.0002273
-0.0155291
-0.0166698
0.0088809
0.0389994
0.0442132
0.0206317
-0.0095567
-0.0258211
-0.0288205
-0.0311563
-0.0362827
-0.0337316
-0.0152820
0.0092069
0.0168938
-0.0056394
-0.0471609
-0.0821853
-0.0968303
-0.1009058
-0.1125419
-0.1351717
-0.1559795
-0.1666430
-0.1771569
-0.2014370
-0.2310162
-0.2329137
-0.1815469
-0.0908340
-0.0062503
0.0386321
0.0522738
0.0670250
0.0966185
0.1226792
0.1246968
0.1116699
0.1140992
0.1495409
0.2096322
0.2862138
0.3997521
0.5856725
0.8448028
1.1123796
1.2870127
1.2988478
1.1544827
0.9210002
0.6723754
0.4505810
0.2663631
0.1210727
0.0190814
-0.0377932
-0.0596256
-0.0666238
-0.0771403
-0.0984233
-0.1289181
-0.1662899
-0.2086365
-0.2472133
-0.2635490
-0.2410445
-0.1823416
-0.1128734
-0.0633216
-0.0461522
-0.0488974
-0.0505466
-0.0434636
-0.0371755
-0.0409032
-0.0474058
-0.0401099
-0.0163310
0.0031382
-0.0065544
-0.0460031
-0.0873839
-0.1012028
-0.0856035
-0.0665040
-0.0691853
-0.0936835
-0.1209404
-0.1396896
-0.1595478
-0.1946019
-0.2404774
-0.2760449
-0.2877916
-0.2848282
-0.2852035
-0.2917117
-0.2881887
-0.2602960
-0.2140141
-0.1690580
-0.1365597
-0.1094449
-0.0762977
-0.0387596
-0.0092877
0.0059400
0.0141530
0.0240577
0.0338026
0.0371979
0.0385357
0.0522152
0.0841866
0.1190736
0.1321402
0.1141122
0.0794285
0.0478781
0.0224255
-0.0091136
-0.0516654
-0.0907381
-0.1088599
-0.1102933
-0.1201733
-0.1559466
-0.2055237
-0.2396306
-0.2437771
-0.2316241
-0.2253838
-0.2293163
-0.2292188
-0.2165606
-0.2040298
-0.2104345
-0.2336145
-0.2474990
-0.2294309
-0.1848215
-0.1397619
-0.1130789
-0.1025554
-0.0971468
-0.0929547
-0.0916167
-0.0893334
-0.0779987
-0.0589070
-0.0469453
-0.0541240
-0.0723084
-0.0808970
-0.0729143
-0.0650159
-0.0754724
-0.0981792
-0.1088504
-0.0967203
-0.0791591
-0.0790880
-0.0959075
-0.1089207
-0.1068616
-0.1021425
-0.1115433
-0.1315372
-0.1406126
-0.1195774
-0.0564174
0.0679764
0.2778753
0.5661605
0.8634573
1.0680700
1.1248621
1.0706196
0.9892338
0.9230597
0.8403380
0.6915478
0.4818895
0.2736657
0.1229262
0.0317311
-0.0317173
-0.0818514
-0.1027799
-0.0841030
-0.0499514
-0.0390181
-0.0624306
-0.0954176
-0.1115955
-0.1132799
-0.1213486
-0.1441153
-0.1681800
-0.1791028
-0.1801880
-0.1856137
-0.2013341
-0.2202388
-0.2342025
-0.2429215
-0.2483702
-0.2471676
-0.2352717
-0.2180843
-0.2079092
-0.2086943
-0.2093139
-0.1974337
-0.1765071
-0.1615644
-0.1579803
-0.1524010
-0.1300696
-0.0967535
-0.0754217
-0.0798191
-0.0978111
-0.1063944
-0.1004179
-0.0986582
-0.1186014
-0.1515168
-0.1705280
-0.1630281
-0.1471217
-0.1512585
-0.1822264
-0.2200238
-0.2430253
-0.2501337
-0.2542867
-0.2602184
-0.2575112
-0.2365531
-0.2035324
-0.1730151
-0.1486075
-0.1195345
-0.0790041
-0.0386183
-0.0166828
-0.0141703
-0.0110397
0.0100362
0.0418851
0.0603922
0.0514905
0.0245306
-0.0016710
-0.0197934
-0.0364995
-0.0575263
-0.0777731
-0.0886204
-0.0899539
-0.0895255
-0.0921800
-0.0959744
-0.1002448
-0.1110447
-0.1327275
-0.1567666
-0.1663244
-0.1543607
-0.1325134
-0.1176349
-0.1115968
-0.0999217
-0.0718472
-0.0369124
-0.0162891
-0.0183756
-0.0289567
-0.0289931
-0.0180858
-0.0138154
-0.0279608
-0.0506003
-0.0626915
-0.0604067
-0.0594178
-0.0738951
-0.0978349
-0.1127282
-0.1109739
-0.1043161
-0.1071358
-0.1182827
-0.1265651
-0.1311490
-0.1455181
-0.1760873
-0.2050936
-0.2063076
-0.1779099
-0.1488868
-0.1459121
-0.1601608
-0.1573794
-0.1206857
-0.0721579
-0.0444804
-0.0382476
-0.0211909
0.0276884
0.0875660
0.1249530
0.1517399
0.2358725
0.4379403
0.7368432
1.0284014
1.2037604
1.2285445
1.1470163
1.0196630
0.8687249
0.6841571
0.4675162
0.2534314
0.0848853
-0.0230685
-0.0874853
-0.1298795
-0.1537567
-0.1511325
-0.1230620
-0.0859178
-0.0579016
-0.0443053
-0.0372248
-0.0262751
-0.0075296
0.0151808
0.0336764
0.0401904
0.0325891
0.0170319
0.0031913
-0.0059605
-0.0181712
-0.0420624
-0.0735564
-0.0969953
-0.1023494
-0.0974345
-0.0984485
-0.1106108
-0.1246671
-0.1334650
-0.1443706
-0.1682044
-0.1986583
-0.2123489
-0.1941853
-0.1573367
-0.1300488
-0.1228477
-0.1169452
-0.0899362
-0.0471917
-0.0184372
-0.0224018
-0.0432713
-0.0484790
-0.0263534
0.0013265
0.0052298
-0.0192958
-0.0503829
-0.0667796
-0.0697904
-0.0757970
-0.0920832
-0.1068891
-0.1043405
-0.0839320
-0.0608594
-0.0489424
-0.0480612
-0.0492742
-0.0478539
-0.0472795
-0.0517524
-0.0594979
-0.0656899
-0.0693944
-0.0738589
-0.0799635
-0.0831583
-0.0791808
-0.0702256
-0.0616946
-0.0539525
-0.0424424
-0.0275630
-0.0190813
-0.0250926
-0.0385306
-0.0419374
-0.0286733
-0.0142282
-0.0200665
-0.0470008
-0.0712070
-0.0700027
-0.0471391
-0.0268429
-0.0247952
-0.0331111
-0.0369559
-0.0379486
-0.0509869
-0.0785324
-0.0990746
-0.0892566
-0.0539384
-0.0252793
-0.0291193
-0.0576006
-0.0799891
-0.0780548
-0.0642821
-0.0636509
-0.0834755
-0.1073709
-0.1173099
-0.1142159
-0.1131943
-0.1231146
-0.1373424
-0.1443790
-0.1414657
-0.1338634
-0.1238575
-0.1062766
-0.0764747
-0.0392941
-0.0067687
0.0124510
0.0190411
0.0190353
0.0174929
0.0173460
0.0205897
0.0262068
0.0283116
0.0219200
0.0122463
0.0131689
0.0314870
0.0548905
0.0618812
0.0451569
0.0197936
0.0039839
-0.0044164
-0.0244115
-0.0641494
-0.1052302
-0.1224065
-0.1156513
-0.1121714
-0.1325989
-0.1630548
-0.1698298
-0.1400004
-0.0979561
-0.0778722
-0.0865508
-0.1006101
-0.0973722
-0.0789755
-0.0626295
-0.0546495
-0.0433221
-0.0172055
0.0178493
0.0449274
0.0550782
0.0537100
0.0488230
0.0398751
0.0221908
-0.0012273
-0.0176074
-0.0146151
0.0096520
0.0462618
0.0822054
0.1091701
0.1336625
0.1848875
0.3074814
0.5304475
0.8292475
1.1188648
1.2978507
1.3138051
1.1920976
1.0015999
0.7950735
0.5857791
0.3763709
0.1942854
0.0836499
0.0613541
0.0926660
0.1201945
0.1155027
0.0950588
0.0858310
0.0863638
0.0712683
0.0294089
-0.0168203
-0.0373575
-0.0317785
-0.0294443
-0.0524701
-0.0892119
-0.1112495
-0.1103978
-0.1076472
-0.1234906
-0.1489606
-0.1550138
-0.1282584
-0.0878074
-0.0628123
-0.0596947
-0.0590246
-0.0427962
-0.0157850
0.0043272
0.0122383
0.0225362
0.0515104
0.0974015
0.1422619
0.1702761
0.1797608
0.1784063
0.1729935
0.1669852
0.1634901
0.1632396
0.1587994
0.1373594
0.0945221
0.0427157
-0.0000292
-0.0298968
-0.0599363
-0.0996981
-0.1374771
-0.1507040
-0.1343464
-0.1110546
-0.1071056
-0.1220633
-0.1304387
-0.1138964
-0.0826431
-0.0581851
-0.0409645
-0.0074622
0.0576902
0.1369530
0.1964437
0.2232363
0.2353605
0.2532749
0.2726780
0.2747550
0.2572986
0.2413161
0.2425684
0.2477846
0.2305573
0.1870695
0.1424677
0.1174501
0.1000260
0.0624901
0.0026544
-0.0464978
-0.0545611
-0.0318648
-0.0189366
-0.0399204
-0.0775974
-0.0987078
-0.0948400
-0.0877610
-0.0963396
-0.1102543
-0.1033271
-0.0669087
-0.0203330
0.0122633
0.0272676
0.0389722
0.0570147
0.0749369
0.0825238
0.0829666
0.0915175
0.1170511
0.1489079
0.1646863
0.1508812
0.1150662
0.0781982
0.0558472
0.0467335
0.0380997
0.0205792
-0.0031304
-0.0240136
-0.0395202
-0.0581017
-0.0891708
-0.1294764
-0.1627986
-0.1753936
-0.1703221
-0.1636411
-0.1664626
-0.1739690
-0.1739651
-0.1634865
-0.1523020
-0.1489197
-0.1469115
-0.1293567
-0.0871060
-0.0297653
0.0228182
0.0579375
0.0770578
0.0879589
0.0949539
0.0987432
0.1019464
0.1091926
0.1204647
0.1277798
0.1217542
0.1011128
0.0733568
0.0455113
0.0165130
-0.0189482
-0.0597675
-0.0949884
-0.1139201
-0.1197618
-0.1308234
-0.1655057
-0.2244306
-0.2871636
-0.3275090
-0.3336449
-0.3146598
-0.2882996
-0.2634020
-0.2354140
-0.1983582
-0.1575167
-0.1264326
-0.1115566
-0.1042075
-0.0909812
-0.0699278
-0.0515288
-0.0431299
-0.0382484
-0.0266391
-0.0121649
-0.0120072
-0.0341650
-0.0619456
-0.0695362
-0.0529042
-0.0367517
-0.0460394
-0.0767717
-0.1036648
-0.1149066
-0.1277816
-0.1633321
-0.2130784
-0.2432165
-0.2334258
-0.2013369
-0.1813731
-0.1854685
-0.1953493
-0.1926375
-0.1830948
-0.1822419
-0.1853111
-0.1674395
-0.1176884
-0.0609100
-0.0341558
-0.0444057
-0.0614048
-0.0555775
-0.0329079
-0.0226950
-0.0353561
-0.0461589
-0.0266636
0.0167163
0.0473166
0.0409618
0.0130983
-0.0029366
0.0033136
0.0141680
0.0230104
0.0677686
0.2099507
0.4727827
0.8021441
1.0936965
1.2621567
1.2889173
1.2118913
1.0803439
0.9228428
0.7491443
0.5673390
0.3907264
0.2322534
0.1008921
0.0049454
-0.0480105
-0.0603794
-0.0512560
-0.0465460
-0.0589677
-0.0807093
-0.0984394
-0.1121226
-0.1334058
-0.1661359
-0.1961769
-0.2059776
-0.1956606
-0.1825361
-0.1795744
-0.1819679
-0.1795428
-0.1762791
-0.1873810
-0.2157265
-0.2404931
-0.2370314
-0.2050818
-0.1691936
-0.1504704
-0.1460039
-0.1409882
-0.1337765
-0.1374288
-0.1557444
-0.1694111
-0.1555005
-0.1170098
-0.0827036
-0.0751740
-0.0868091
-0.0930473
-0.0839035
-0.0728813
-0.0746300
-0.0839461
-0.0841208
-0.0712346
-0.0603880
-0.0663008
-0.0855375
-0.1033294
-0.1131709
-0.1215465
-0.1333477
-0.1408886
-0.1327874
-0.1098855
-0.0857314
-0.0711824
-0.0639430
-0.0553356
-0.0425528
-0.0295042
-0.0180681
-0.0050106
0.0109535
0.0244137
0.0297204
0.0288854
0.0270198
0.0203772
-0.0034736
-0.0483675
-0.0965861
-0.1216190
-0.1163378
-0.1028535
-0.1089842
-0.1370671
-0.1622689
-0.1627507
-0.1450195
-0.1337203
-0.1394070
-0.1452059
-0.1292098
-0.0941310
-0.0663408
-0.0648121
-0.0782913
-0.0788545
-0.0550040
-0.0240551
-0.0100579
-0.0155371
-0.0207923
-0.0089621
0.0151871
0.0334667
0.0354864
0.0261127
0.0142352
0.0017636
-0.0132205
-0.0278289
-0.0355538
-0.0357326
-0.0362081
-0.0440883
-0.0574844
-0.0697886
-0.0793172
-0.0892926
