0.1833338
0.2401424
0.2648317
0.3230288
0.4322605
0.5557107
0.6693939
0.7755667
0.8597998
0.8898321
0.8595285
0.7931952
0.7043258
0.5838797
0.4302681
0.2609326
0.0927516
-0.0642381
-0.1945077
-0.2817665
-0.3263944
-0.3404262
-0.3287492
-0.2924185
-0.2449192
-0.2059415
-0.1811175
-0.1626053
-0.1459412
-0.1331208
-0.1238300
-0.1162067
-0.1119641
-0.1107314
-0.1053895
-0.0925285
-0.0806141
-0.0782825
-0.0811231
-0.0787112
-0.0683671
-0.0545819
-0.0416428
-0.0335423
-0.0341381
-0.0409420
-0.0451009
-0.0426663
-0.0395393
-0.0414515
-0.0461742
-0.0492505
-0.0503925
-0.0510092
-0.0520650
-0.0566556
-0.0679023
-0.0825132
-0.0930802
-0.0979058
-0.1019560
-0.1075599
-0.1110704
-0.1094621
-0.1040882
-0.0977718
-0.0937468
-0.0964943
-0.1076139
-0.1218538
-0.1328642
-0.1414024
-0.1522225
-0.1645932
-0.1719118
-0.1701856
-0.1627828
-0.1579883
-0.1642547
-0.1840837
-0.2089143
-0.2240726
-0.2231002
-0.2137469
-0.2061635
-0.1994966
-0.1848916
-0.1585647
-0.1273674
-0.1030006
-0.0929137
-0.0943545
-0.0958357
-0.0873967
-0.0701975
-0.0525332
-0.0367719
-0.0159870
0.0150598
0.0509818
0.0803035
0.0954685
0.0973050
0.0933325
0.0925848
0.0985591
0.1063048
0.1088547
0.1058768
0.1029978
0.1038429
0.1064495
0.1066135
0.1013483
0.0902456
0.0767978
0.0669286
0.0628393
0.0599842
0.0536174
0.0464756
0.0458383
0.0536546
0.0628817
0.0636877
0.0520342
0.0333461
0.0183908
0.0132505
0.0128353
0.0075982
-0.0027246
-0.0068187
0.0043073
0.0251065
0.0405461
0.0410487
0.0298806
0.0175761
0.0112284
0.0084638
0.0013212
-0.0131663
-0.0275242
-0.0315100
-0.0240896
-0.0141200
-0.0093613
-0.0084541
-0.0042036
0.0081698
0.0263855
0.0422965
0.0480611
0.0437263
0.0384101
0.0416811
0.0541744
0.0683448
0.0768793
0.0778630
0.0732032
0.0652870
0.0551800
0.0423082
0.0262698
0.0096521
-0.0027254
-0.0085971
-0.0103478
-0.0110735
-0.0107533
-0.0077859
-0.0020551
0.0052576
0.0130637
0.0202527
0.0260756
0.0316526
0.0389384
0.0471001
0.0521036
0.0512199
0.0463283
0.0418763
0.0409931
0.0440917
0.0500954
0.0592504
0.0760299
0.1082635
0.1613707
0.2344709
0.3242066
0.4299133
0.5496794
0.6701965
0.7647791
0.8058821
0.7819983
0.7040569
0.5956297
0.4744662
0.3414344
0.1884769
0.0183864
-0.1456646
-0.2729207
-0.3469345
-0.3742540
-0.3741329
-0.3623233
-0.3434417
-0.3154515
-0.2793441
-0.2432778
-0.2163339
-0.1994586
-0.1855938
-0.1692732
-0.1533002
-0.1446555
-0.1459638
-0.1524456
-0.1559042
-0.1509872
-0.1391962
-0.1277186
-0.1232566
-0.1264912
-0.1331174
-0.1393244
-0.1444043
-0.1486862
-0.1514822
-0.1515393
-0.1480459
-0.1412826
-0.1335404
-0.1286231
-0.1284637
-0.1303958
-0.1293452
-0.1226949
-0.1121888
-0.1018567
-0.0950434
-0.0923604
-0.0913924
-0.0895440
-0.0881481
-0.0920707
-0.1036817
-0.1187658
-0.1305196
-0.1369401
-0.1425160
-0.1526269
-0.1671046
-0.1794482
-0.1828429
-0.1778535
-0.1733788
-0.1779507
-0.1902411
-0.2004395
-0.2011537
-0.1943498
-0.1867753
-0.1812390
-0.1744613
-0.1623793
-0.1457055
-0.1297798
-0.1189391
-0.1112686
-0.1002891
-0.0828749
-0.0640984
-0.0522333
-0.0494888
-0.0493570
-0.0426677
-0.0249432
0.0010882
0.0278432
0.0477588
0.0579860
0.0614449
0.0632059
0.0660357
0.0692497
0.0704542
0.0677146
0.0612921
0.0540024
0.0485621
0.0439382
0.0360223
0.0229764
0.0081936
-0.0036258
-0.0121160
-0.0211179
-0.0331262
-0.0451180
-0.0505547
-0.0459536
-0.0356573
-0.0290014
-0.0315067
-0.0396858
-0.0460534
-0.0481232
-0.0498233
-0.0543256
-0.0587098
-0.0572520
-0.0483099
-0.0363711
-0.0276796
-0.0244900
-0.0235154
-0.0199469
-0.0128137
-0.0055833
-0.0014389
0.0004661
0.0032502
0.0084392
0.0152419
0.0222975
0.0283819
0.0322860
0.0338264
0.0346071
0.0362390
0.0378283
0.0363972
0.0302048
0.0214930
0.0158440
0.0179805
0.0268576
0.0351585
0.0354883
0.0276959
0.0187975
0.0151719
0.0159973
0.0147587
0.0060724
-0.0091997
-0.0242085
-0.0310315
-0.0267776
-0.0158432
-0.0057305
-0.0003654
0.0022888
0.0067728
0.0155303
0.0276035
0.0409873
0.0565101
0.0801200
0.1207544
0.1848401
0.2728391
0.3808578
0.5031667
0.6305238
0.7466059
0.8294892
0.8601055
0.8318104
0.7533256
0.6419689
0.5116890
0.3661740
0.2043835
0.0334526
-0.1253650
-0.2456537
-0.3119674
-0.3286715
-0.3150127
-0.2917662
-0.2699232
-0.2489875
-0.2245240
-0.1968394
-0.1724156
-0.1580911
-0.1552903
-0.1596826
-0.1650740
-0.1676366
-0.1678129
-0.1686675
-0.1717506
-0.1746609
-0.1735009
-0.1675310
-0.1604353
-0.1570280
-0.1592825
-0.1649947
-0.1693440
-0.1684032
-0.1626481
-0.1571415
-0.1571256
-0.1628694
-0.1690180
-0.1690578
-0.1608059
-0.1485224
-0.1397843
-0.1389789
-0.1431336
-0.1451115
-0.1415262
-0.1363493
-0.1357989
-0.1407419
-0.1455060
-0.1439500
-0.1358992
-0.1276857
-0.1266424
-0.1347407
-0.1473634
-0.1583348
-0.1656726
-0.1719281
-0.1797945
-0.1888354
-0.1962745
-0.1995436
-0.1980075
-0.1935615
-0.1897509
-0.1889707
-0.1899473
-0.1888100
-0.1831208
-0.1743255
-0.1658998
-0.1592503
-0.1514620
-0.1373139
-0.1144567
-0.0870293
-0.0630616
-0.0471543
-0.0361224
-0.0227128
-0.0033719
0.0181374
0.0343159
0.0407327
0.0400645
0.0399211
0.0458279
0.0556157
0.0613597
0.0574751
0.0463417
0.0354948
0.0299976
0.0282166
0.0245690
0.0157485
0.0043295
-0.0036243
-0.0046824
-0.0016166
-0.0005462
-0.0049742
-0.0132194
-0.0210395
-0.0256113
-0.0273123
-0.0290216
-0.0337861
-0.0419002
-0.0497448
-0.0522032
-0.0467679
-0.0354346
-0.0231243
-0.0145243
-0.0113048
-0.0109304
-0.0083681
-0.0003529
0.0113908
0.0215606
0.0263178
0.0272047
0.0302911
0.0409834
0.0586133
0.0759771
0.0852678
0.0850144
0.0805724
0.0777626
0.0772421
0.0755462
0.0702040
0.0625624
0.0561572
0.0533333
0.0532887
0.0528040
0.0489837
0.0416888
0.0333906
0.0267173
0.0221809
0.0179145
0.0114364
0.0024167
-0.0057214
-0.0079810
-0.0030340
0.0040198
0.0056830
-0.0006940
-0.0104441
-0.0164868
-0.0159939
-0.0120786
-0.0095666
-0.0095310
-0.0080535
-0.0005631
0.0126600
0.0258981
0.0331230
0.0331586
0.0297077
0.0273573
0.0281638
0.0311370
0.0338793
0.0349365
0.0352851
0.0374386
0.0427118
0.0495271
0.0546251
0.0557892
0.0535366
0.0506694
0.0500384
0.0519528
0.0536684
0.0521536
0.0475671
0.0434246
0.0431669
0.0469492
0.0516538
0.0534998
0.0509595
0.0460717
0.0429590
0.0442322
0.0485548
0.0521479
0.0527475
0.0518336
0.0532550
0.0600731
0.0724041
0.0878875
0.1048255
0.1258665
0.1588054
0.2133018
0.2962541
0.4090806
0.5470099
0.6987603
0.8466451
0.9687436
1.0439277
1.0584341
1.0106602
0.9102835
0.7712303
0.6043164
0.4169643
0.2198953
0.0321024
-0.1231790
-0.2288546
-0.2816108
-0.2911023
-0.2728210
-0.2409261
-0.2053020
-0.1721609
-0.1448611
-0.1237544
-0.1070712
-0.0936782
-0.0846492
-0.0810644
-0.0808354
-0.0794157
-0.0741542
-0.0670209
-0.0625166
-0.0633150
-0.0681109
-0.0732795
-0.0764206
-0.0785040
-0.0826436
-0.0906933
-0.1010489
-0.1096114
-0.1126454
-0.1092026
-0.1019407
-0.0958435
-0.0949163
-0.0990589
-0.1044652
-0.1076425
-0.1087189
-0.1104074
-0.1141993
-0.1182405
-0.1189920
-0.1148778
-0.1084900
-0.1051181
-0.1084995
-0.1175677
-0.1273277
-0.1328520
-0.1325949
-0.1287859
-0.1255122
-0.1258940
-0.1298047
-0.1341337
-0.1361751
-0.1369355
-0.1401767
-0.1477333
-0.1565448
-0.1612459
-0.1597990
-0.1560021
-0.1557064
-0.1602063
-0.1639197
-0.1596227
-0.1461211
-0.1298120
-0.1182190
-0.1126988
-0.1078336
-0.0969523
-0.0775077
-0.0521851
-0.0264115
-0.0047447
0.0117632
0.0256152
0.0400638
0.0555901
0.0688168
0.0751190
0.0729978
0.0663615
0.0620812
0.0644552
0.0718217
0.0787647
0.0813848
0.0802077
0.0788055
0.0806760
0.0869600
0.0955046
0.1016694
0.1014586
0.0951786
0.0877484
0.0843305
0.0850828
0.0844124
0.0760556
0.0595668
0.0418793
0.0318639
0.0328181
0.0401918
0.0462868
0.0464359
0.0408919
0.0325253
0.0241263
0.0172841
0.0122590
0.0084642
0.0056881
0.0050420
0.0081471
0.0149891
0.0228266
0.0278673
0.0286691
0.0279850
0.0304788
0.0377866
0.0460910
0.0495856
0.0466421
0.0419393
0.0420900
0.0492358
0.0586928
0.0624864
0.0557807
0.0412507
0.0277098
0.0235251
0.0301411
0.0414809
0.0495461
0.0506681
0.0468422
0.0418431
0.0366516
0.0288391
0.0162610
0.0007344
-0.0127320
-0.0204439
-0.0230879
-0.0241855
-0.0264444
-0.0301729
-0.0342301
-0.0371285
-0.0373416
-0.0339406
-0.0278552
-0.0222142
-0.0205891
-0.0242020
-0.0306763
-0.0359654
-0.0380243
-0.0384495
-0.0399880
-0.0425183
-0.0421661
-0.0347084
-0.0197688
-0.0019177
0.0120707
0.0178849
0.0172088
0.0170208
0.0240817
0.0389186
0.0556016
0.0685438
0.0799200
0.1000085
0.1399299
0.2042193
0.2905045
0.3950099
0.5151874
0.6441831
0.7635077
0.8456982
0.8688607
0.8301846
0.7445486
0.6297401
0.4936751
0.3356503
0.1581450
-0.0243475
-0.1883569
-0.3129009
-0.3889225
-0.4201277
-0.4174616
-0.3934420
-0.3592600
-0.3233559
-0.2904269
-0.2618886
-0.2379883
-0.2194221
-0.2068167
-0.1992965
-0.1943501
-0.1893449
-0.1832306
-0.1769353
-0.1720030
-0.1684591
-0.1640456
-0.1561843
-0.1451321
-0.1348887
-0.1302269
-0.1321912
-0.1364959
-0.1372017
-0.1330405
-0.1300082
-0.1361534
-0.1525699
-0.1701986
-0.1771578
-0.1698845
-0.1565880
-0.1494623
-0.1537723
-0.1644490
-0.1724551
-0.1735665
-0.1709246
-0.1700354
-0.1726287
-0.1758803
-0.1766496
-0.1750938
-0.1740610
-0.1760963
-0.1815903
-0.1889995
-0.1959943
-0.2007444
-0.2029999
-0.2041385
-0.2056911
-0.2075036
-0.2075449
-0.2039976
-0.1978000
-0.1926452
-0.1914198
-0.1922199
-0.1889074
-0.1769850
-0.1589411
-0.1425437
-0.1330259
-0.1273127
-0.1166562
-0.0951980
-0.0658845
-0.0379713
-0.0187869
-0.0079861
0.0002856
0.0102490
0.0202830
0.0257250
0.0248141
0.0210984
0.0202602
0.0250538
0.0329978
0.0382884
0.0360163
0.0254586
0.0102435
-0.0043150
-0.0144135
-0.0192938
-0.0205346
-0.0200207
-0.0183158
-0.0149936
-0.0106326
-0.0078218
-0.0090575
-0.0134080
-0.0163268
-0.0138385
-0.0068418
-0.0004657
0.0013288
0.0003461
0.0028539
0.0132254
0.0288429
0.0417443
0.0456438
0.0412015
0.0343630
0.0301109
0.0283823
0.0257116
0.0199445
0.0129593
0.0090373
0.0107580
0.0163627
0.0210646
0.0210119
0.0160691
0.0089859
0.0023237
-0.0035552
-0.0097637
-0.0166478
-0.0225632
-0.0251511
-0.0240063
-0.0217089
-0.0214869
-0.0237598
-0.0257879
-0.0252956
-0.0238422
-0.0254608
-0.0315160
-0.0375518
-0.0363700
-0.0250082
-0.0085271
0.0039340
0.0073802
0.0049871
0.0036878
0.0064157
0.0096743
0.0086376
0.0033594
-0.0010269
0.0000416
0.0055895
0.0101211
0.0092114
0.0035427
-0.0026474
-0.0064169
-0.0086236
-0.0117359
-0.0162173
-0.0198696
-0.0205055
-0.0186811
-0.0176987
-0.0209836
-0.0290445
-0.0385514
-0.0447237
-0.0454862
-0.0436388
-0.0443939
-0.0499894
-0.0565611
-0.0570025
-0.0478039
-0.0332218
-0.0219326
-0.0189123
-0.0209553
-0.0208163
-0.0153506
-0.0083840
-0.0052949
-0.0060301
-0.0048089
0.0033123
0.0166710
0.0284918
0.0338694
0.0345686
0.0366976
0.0443893
0.0568986
0.0721938
0.0924729
0.1251719
0.1786312
0.2572717
0.3603264
0.4829544
0.6160394
0.7441407
0.8457064
0.8994009
0.8940909
0.8341285
0.7339965
0.6065433
0.4562814
0.2844448
0.1000118
-0.0756751
-0.2165825
-0.3056574
-0.3429167
-0.3422494
-0.3211837
-0.2922917
-0.2611458
-0.2292706
-0.1978006
-0.1692358
-0.1469929
-0.1333628
-0.1273287
-0.1246425
-0.1211311
-0.1163783
-0.1134474
-0.1143937
-0.1166600
-0.1150126
-0.1072477
-0.0970693
-0.0904166
-0.0891089
-0.0891388
-0.0857862
-0.0795830
-0.0758341
-0.0780408
-0.0831321
-0.0844608
-0.0792718
-0.0720870
-0.0702600
-0.0766814
-0.0872601
-0.0952423
-0.0974715
-0.0964907
-0.0972480
-0.1023711
-0.1103872
-0.1175193
-0.1205942
-0.1189180
-0.1147091
-0.1121225
-0.1147908
-0.1230158
-0.1331454
-0.1404053
-0.1429327
-0.1430112
-0.1441052
-0.1467890
-0.1480683
-0.1449795
-0.1384010
-0.1325027
-0.1302798
-0.1303854
-0.1289461
-0.1239546
-0.1169331
-0.1103527
-0.1044882
-0.0973712
-0.0871362
-0.0734931
-0.0571021
-0.0386326
-0.0190579
-0.0001642
0.0164368
0.0310183
0.0454731
0.0605657
0.0740732
0.0829140
0.0872106
0.0908982
0.0972514
0.1043600
0.1063621
0.0996365
0.0871603
0.0761011
0.0711395
0.0705120
0.0686508
0.0623713
0.0542427
0.0501357
0.0538933
0.0643419
0.0768091
0.0869676
0.0934912
0.0978983
0.1024126
0.1078121
0.1128867
0.1157912
0.1160365
0.1152809
0.1160697
0.1195110
0.1240008
0.1264292
0.1250175
0.1210007
0.1171774
0.1147547
0.1121913
0.1076272
0.1020470
0.0991303
0.1016266
0.1083550
0.1152769
0.1194119
0.1213888
0.1244415
0.1317827
0.1455221
0.1677636
0.2019959
0.2532883
0.3273355
0.4281178
0.5531714
0.6879432
0.8051522
0.8743860
0.8782188
0.8221362
0.7282015
0.6168234
0.4929996
0.3496161
0.1837180
0.0091006
-0.1471254
-0.2602402
-0.3212208
-0.3374187
-0.3234316
-0.2922301
-0.2525157
-0.2103456
-0.1705061
-0.1363266
-0.1094543
-0.0902871
-0.0780802
-0.0704696
-0.0639573
-0.0562507
-0.0483451
-0.0432775
-0.0420657
-0.0415506
-0.0375528
-0.0303084
-0.0254047
-0.0280211
-0.0364893
-0.0429341
-0.0412019
-0.0338540
-0.0304873
-0.0387067
-0.0567768
-0.0751490
-0.0850162
-0.0854315
-0.0826993
-0.0836070
-0.0893563
-0.0953064
-0.0957753
-0.0891028
-0.0788718
-0.0709405
-0.0691936
-0.0733584
-0.0800746
-0.0858037
-0.0891723
-0.0912742
-0.0940770
-0.0982572
-0.1021740
-0.1030690
-0.0998170
-0.0947263
-0.0921294
-0.0944730
-0.0996888
-0.1030367
-0.1020833
-0.0995407
-0.1002678
-0.1050502
-0.1080852
-0.1018576
-0.0849782
-0.0645192
-0.0496161
-0.0424911
-0.0362894
-0.0222625
0.0009725
0.0256302
0.0422074
0.0484845
0.0510484
0.0582412
0.0720107
0.0865892
0.0945174
0.0935097
0.0878108
0.0837201
0.0841464
0.0869386
0.0876879
0.0840231
0.0777718
0.0734045
0.0741169
0.0788441
0.0829567
0.0822958
0.0769000
0.0706994
0.0673440
0.0664650
0.0643683
0.0584510
0.0506334
