-0.0426515
-0.0632638
-0.0523389
-0.0305577
-0.0133881
-0.0015916
0.0062797
0.0098159
0.0132081
0.0216956
0.0319490
0.0367152
0.0376736
0.0435629
0.0565826
0.0699381
0.0782642
0.0823180
0.0839045
0.0834119
0.0818831
0.0794012
0.0725346
0.0591795
0.0445426
0.0365336
0.0361792
0.0376770
0.0368273
0.0344157
0.0317631
0.0273646
0.0186421
0.0052627
-0.0085727
-0.0148332
-0.0081742
0.0062907
0.0155705
0.0124193
0.0036336
0.0017326
0.0108110
0.0236581
0.0309519
0.0303434
0.0273703
0.0292717
0.0373715
0.0452788
0.0460357
0.0405570
0.0361640
0.0367258
0.0378167
0.0328994
0.0214282
0.0091580
0.0022380
0.0020346
0.0042372
0.0024131
-0.0062558
-0.0184086
-0.0283477
-0.0335516
-0.0350988
-0.0342614
-0.0313897
-0.0275444
-0.0245092
-0.0229143
-0.0219942
-0.0209972
-0.0194943
-0.0170917
-0.0145911
-0.0147468
-0.0197946
-0.0280462
-0.0341544
-0.0331294
-0.0242653
-0.0120713
-0.0032812
-0.0010758
-0.0014254
0.0033725
0.0169709
0.0367110
0.0600612
0.0914004
0.1409757
0.2186236
0.3297081
0.4746208
0.6473406
0.8308208
0.9932381
1.0924034
1.0917181
0.9801437
0.7801349
0.5345217
0.2828067
0.0472748
-0.1628907
-0.3401585
-0.4741651
-0.5568596
-0.5893128
-0.5821347
-0.5488459
-0.4989732
-0.4380140
-0.3730736
-0.3152326
-0.2738108
-0.2492363
-0.2339442
-0.2206463
-0.2086154
-0.2019821
-0.2031034
-0.2081619
-0.2093530
-0.2018906
-0.1888836
-0.1783257
-0.1749677
-0.1762919
-0.1768938
-0.1751787
-0.1742230
-0.1766492
-0.1801561
-0.1788254
-0.1691498
-0.1549173
-0.1451963
-0.1459558
-0.1536133
-0.1581965
-0.1532524
-0.1417051
-0.1319210
-0.1293337
-0.1323924
-0.1355147
-0.1349363
-0.1317581
-0.1297257
-0.1305893
-0.1326373
-0.1340945
-0.1363979
-0.1422501
-0.1507103
-0.1560932
-0.1527853
-0.1408402
-0.1262634
-0.1152891
-0.1079515
-0.0978116
-0.0792954
-0.0551382
-0.0343888
-0.0218573
-0.0115283
0.0069069
0.0351743
0.0624300
0.0754456
0.0720072
0.0628743
0.0601113
0.0645438
0.0663361
0.0579976
0.0443347
0.0370841
0.0406055
0.0461648
0.0416769
0.0250591
0.0058386
-0.0059465
-0.0105929
-0.0177288
-0.0350594
-0.0591976
-0.0786133
-0.0855437
-0.0835867
-0.0826181
-0.0874178
-0.0932132
-0.0924049
-0.0838386
-0.0741758
-0.0704282
-0.0720440
-0.0711018
-0.0606955
-0.0426646
-0.0259721
-0.0173378
-0.0148356
-0.0116151
-0.0048034
0.0009835
-0.0008478
-0.0108225
-0.0214832
-0.0237307
-0.0153494
-0.0031396
0.0039056
0.0034435
0.0010730
0.0027894
0.0073113
0.0068746
-0.0044803
-0.0238858
-0.0410844
-0.0472187
-0.0426685
-0.0361177
-0.0356806
-0.0415240
-0.0477738
-0.0506339
-0.0526727
-0.0586331
-0.0684707
-0.0759913
-0.0746294
-0.0642371
-0.0518095
-0.0450803
-0.0452674
-0.0466257
-0.0434491
-0.0368034
-0.0334172
-0.0379454
-0.0470455
-0.0516469
-0.0454689
-0.0316113
-0.0203485
-0.0194946
-0.0268660
-0.0332113
-0.0327075
-0.0289895
-0.0295779
-0.0353895
-0.0378970
-0.0274572
-0.0034867
0.0248128
0.0481341
0.0671213
0.0929013
0.1389907
0.2143330
0.3233847
0.4680213
0.6432668
0.8290201
0.9890735
1.0834661
1.0864183
0.9962785
0.8317522
0.6202763
0.3883084
0.1581557
-0.0511702
-0.2237537
-0.3486079
-0.4215626
-0.4458008
-0.4314905
-0.3941188
-0.3498970
-0.3094308
-0.2748968
-0.2439261
-0.2160498
-0.1945045
-0.1819789
-0.1762010
-0.1711991
-0.1632554
-0.1550245
-0.1528980
-0.1598815
-0.1716084
-0.1802558
-0.1823812
-0.1820344
-0.1857480
-0.1950116
-0.2042030
-0.2058993
-0.1982188
-0.1871280
-0.1812882
-0.1840750
-0.1906361
-0.1931533
-0.1886996
-0.1811184
-0.1752632
-0.1706700
-0.1619663
-0.1452989
-0.1233294
-0.1030666
-0.0888041
-0.0781968
-0.0663880
-0.0536167
-0.0467309
-0.0516605
-0.0651547
-0.0759341
-0.0749412
-0.0639767
-0.0536756
-0.0530070
-0.0608640
-0.0677638
-0.0653926
-0.0540861
-0.0409404
-0.0313282
-0.0231944
-0.0097209
0.0131191
0.0418321
0.0675786
0.0829521
0.0874644
0.0869469
0.0873317
0.0889962
0.0878636
0.0821081
0.0762975
0.0771784
0.0852968
0.0925593
0.0899437
0.0776480
0.0656350
0.0623531
0.0638600
0.0572372
0.0363562
0.0120168
0.0029474
0.0160888
0.0381140
0.0482489
0.0386865
0.0207926
0.0114606
0.0153925
0.0222455
0.0202435
0.0100269
0.0036350
0.0110571
0.0299498
0.0487485
0.0578892
0.0567806
0.0512729
0.0467356
0.0442737
0.0423522
0.0404735
0.0405051
0.0444925
0.0517239
0.0585251
0.0611375
0.0587017
0.0534727
0.0483022
0.0439192
0.0387069
0.0315107
0.0247364
0.0236955
0.0315603
0.0448225
0.0549003
0.0552918
0.0472599
0.0381589
0.0340567
0.0340731
0.0320764
0.0239628
0.0129050
0.0067483
0.0099513
0.0185896
0.0238545
0.0204076
0.0110665
0.0035185
0.0027915
0.0068786
0.0095342
0.0073422
0.0037948
0.0057621
0.0157143
0.0282242
0.0351155
0.0339727
0.0305375
0.0320235
0.0386806
0.0435031
0.0412230
0.0365442
0.0410167
0.0605578
0.0878156
0.1096441
0.1226199
0.1393591
0.1787039
0.2514720
0.3573750
0.4933301
0.6583454
0.8446618
1.0240042
1.1482711
1.1714829
1.0767719
0.8846963
0.6366444
0.3705457
0.1101112
-0.1287556
-0.3283105
-0.4694756
-0.5417009
-0.5509171
-0.5169977
-0.4626884
-0.4033155
-0.3447192
-0.2886290
-0.2383332
-0.1988016
-0.1722126
-0.1547773
-0.1391571
-0.1207219
-0.1014400
-0.0869651
-0.0795255
-0.0744722
-0.0650507
-0.0505093
-0.0379561
-0.0349447
-0.0405564
-0.0451255
-0.0397893
-0.0264689
-0.0177384
-0.0255830
-0.0492787
-0.0745036
-0.0854991
-0.0790190
-0.0664773
-0.0622997
-0.0702887
-0.0814488
-0.0846855
-0.0786970
-0.0726287
-0.0753132
-0.0852867
-0.0926942
-0.0905219
-0.0819149
-0.0753807
-0.0743233
-0.0736731
-0.0670191
-0.0547958
-0.0434301
-0.0369267
-0.0315533
-0.0202427
-0.0013328
0.0190872
0.0342063
0.0444695
0.0569896
0.0773046
0.1032456
0.1274591
0.1448145
0.1562824
0.1660777
0.1763373
0.1851469
0.1892823
0.1882115
0.1851610
0.1843134
0.1869851
0.1904091
0.1901461
0.1838903
0.1733311
0.1623979
0.1534389
0.1451723
0.1348803
0.1226052
0.1121332
0.1068916
0.1053964
0.1022290
0.0941453
0.0843559
0.0795726
0.0826301
0.0888972
0.0909034
0.0865146
0.0816400
0.0841357
0.0953610
0.1085462
0.1154599
0.1138105
0.1077890
0.1023749
0.0984131
0.0934637
0.0865205
0.0807480
0.0809732
0.0885934
0.0995814
0.1080476
0.1116495
0.1129460
0.1153396
0.1183921
0.1179694
0.1111427
0.1002567
0.0911873
0.0871500
0.0847850
0.0772926
0.0615198
0.0410524
0.0219236
0.0064414
-0.0072561
-0.0198271
-0.0270519
-0.0234021
-0.0093022
0.0066081
0.0138894
0.0094662
0.0000999
-0.0045315
-0.0009679
0.0060413
0.0100829
0.0104627
0.0125308
0.0212675
0.0354759
0.0486069
0.0549526
0.0546219
0.0524647
0.0527392
0.0556682
0.0592659
0.0632269
0.0694519
0.0787670
0.0888501
0.0967383
0.1026383
0.1092983
0.1168791
0.1201058
0.1130240
0.0972520
0.0833908
0.0815008
0.0898805
0.0955996
0.0879274
0.0700988
0.0555068
0.0523322
0.0546706
0.0507100
0.0379866
0.0271352
0.0295689
0.0442913
0.0603671
0.0725178
0.0910872
0.1344311
0.2132468
0.3253321
0.4644195
0.6276872
0.8086475
0.9830535
1.1080038
1.1415556
1.0668174
0.8986061
0.6689694
0.4085745
0.1410110
-0.1111584
-0.3230507
-0.4746507
-0.5604869
-0.5896845
-0.5762876
-0.5311848
-0.4633237
-0.3851477
-0.3122478
-0.2556060
-0.2150667
-0.1820898
-0.1495438
-0.1185614
-0.0959380
-0.0858858
-0.0854858
-0.0882033
-0.0906771
-0.0950054
-0.1044269
-0.1175822
-0.1277897
-0.1284853
-0.1197343
-0.1093584
-0.1070782
-0.1168362
-0.1344129
-0.1521343
-0.1653227
-0.1740052
-0.1793550
-0.1803144
-0.1749833
-0.1649378
-0.1563859
-0.1553298
-0.1613462
-0.1673506
-0.1665289
-0.1590654
-0.1509368
-0.1461691
-0.1418295
-0.1317977
-0.1147457
-0.0966083
-0.0843866
-0.0785302
-0.0729827
-0.0628970
-0.0506445
-0.0425254
-0.0399920
-0.0365116
-0.0247465
-0.0057496
0.0114310
0.0200759
0.0239355
0.0329728
0.0510980
0.0703193
0.0788359
0.0742644
0.0665673
0.0668169
0.0746141
0.0788332
0.0706848
0.0536160
0.0388154
0.0325593
0.0307370
0.0260895
0.0179803
0.0123638
0.0128238
0.0149609
0.0117355
0.0028233
-0.0045842
-0.0051697
-0.0030081
-0.0067802
-0.0179745
-0.0272047
-0.0244120
-0.0112632
-0.0004119
-0.0016235
-0.0107583
-0.0147930
-0.0073301
0.0035843
0.0048687
-0.0055908
-0.0150049
-0.0087503
0.0140302
0.0393093
0.0519578
0.0489999
0.0392328
0.0319666
0.0281983
0.0224571
0.0109260
-0.0040657
-0.0170527
-0.0250194
-0.0291822
-0.0324232
-0.0365984
-0.0423782
-0.0500558
-0.0590507
-0.0668370
-0.0697592
-0.0660395
-0.0580992
-0.0512364
-0.0491854
-0.0506862
-0.0509282
-0.0470750
-0.0423092
-0.0435149
-0.0541695
-0.0696717
-0.0804988
-0.0805464
-0.0722886
-0.0635025
-0.0592035
-0.0575085
-0.0535511
-0.0463038
-0.0399836
-0.0385523
-0.0404160
-0.0401099
-0.0349391
-0.0283484
-0.0258589
-0.0284778
-0.0314845
-0.0301203
-0.0256836
-0.0249901
-0.0334564
-0.0490122
-0.0632072
-0.0684474
-0.0642929
-0.0570676
-0.0536407
-0.0553940
-0.0577415
-0.0552853
-0.0474481
-0.0388343
-0.0336926
-0.0302210
-0.0211362
-0.0001881
0.0328775
0.0753364
0.1298399
0.2083172
0.3249602
0.4827387
0.6649369
0.8388945
0.9683652
1.0251795
0.9950643
0.8794849
0.6961147
0.4758594
0.2532822
0.0536091
-0.1143507
-0.2532462
-0.3649391
-0.4428837
-0.4765257
-0.4632584
-0.4160052
-0.3584700
-0.3114177
-0.2814160
-0.2612674
-0.2411331
-0.2199501
-0.2063513
-0.2080658
-0.2207485
-0.2292623
-0.2220861
-0.2039872
-0.1916773
-0.1955411
-0.2079579
-0.2128252
-0.2056681
-0.1990043
-0.2039059
-0.2090975
-0.1860663
-0.1200969
-0.0342286
0.0237090
0.0215783
-0.0300141
-0.0917130
-0.1341680
-0.1604226
-0.1917651
-0.2374570
-0.2829279
-0.3063752
-0.3018032
-0.2829198
-0.2668013
-0.2579987
-0.2494200
-0.2348024
-0.2158252
-0.1968890
-0.1772427
-0.1520736
-0.1203272
-0.0867703
-0.0535269
-0.0125015
0.0473654
0.1217063
0.1828449
0.1979181
0.1602766
0.1018156
0.0686622
0.0800305
0.1100438
0.1112211
0.0572093
-0.0355414
-0.1247042
-0.1776468
-0.1918589
-0.1862312
-0.1780532
-0.1696852
-0.1538538
-0.1268282
-0.0939217
-0.0631953
-0.0367479
-0.0107475
0.0156120
0.0339003
0.0336093
0.0178542
0.0087059
0.0296651
0.0783728
0.1201401
0.1169202
0.0676814
0.0171475
0.0175732
0.0777666
0.1507177
0.1737433
0.1215331
0.0209242
-0.0816483
-0.1611117
-0.2222816
-0.2763109
-0.3191866
-0.3364400
-0.3227920
-0.2896656
-0.2528178
-0.2179668
-0.1818237
-0.1435871
-0.1090152
-0.0816401
-0.0550585
-0.0196628
0.0228519
0.0564755
0.0659121
0.0532533
0.0361658
0.0289983
0.0290378
0.0243428
0.0137069
0.0146285
0.0494029
0.1253190
0.2312194
0.3521681
0.4821486
0.6186296
0.7475010
0.8408431
0.8744147
0.8452746
0.7668748
0.6459827
0.4710609
0.2320701
-0.0458967
-0.2955777
-0.4455468
-0.4741575
-0.4280461
-0.3841171
-0.3884049
-0.4277075
-0.4563184
-0.4454430
-0.4042186
-0.3567764
-0.3089964
-0.2468456
-0.1671547
-0.0993940
-0.0843943
-0.1275457
-0.1806311
-0.1814548
-0.1165491
-0.0408133
-0.0286711
-0.1034945
-0.2167564
-0.2970506
-0.3168654
-0.3096239
-0.3251092
-0.3749226
-0.4235825
-0.4272895
-0.3746437
-0.2907622
-0.2109160
-0.1569076
-0.1341493
-0.1384101
-0.1569397
-0.1680535
-0.1526517
-0.1136898
-0.0796868
-0.0788401
-0.1055496
-0.1183268
-0.0794548
0.0009067
0.0650453
0.0581025
-0.0195491
-0.1107324
-0.1521917
-0.1269132
-0.0694736
-0.0267977
-0.0191133
-0.0366219
-0.0633755
-0.0935934
-0.1232945
-0.1350340
-0.1024394
-0.0155932
0.0993682
0.1904131
0.2143742
0.1672791
0.0854939
0.0184918
-0.0037218
0.0157758
0.0525449
0.0832358
0.0976141
0.0925162
0.0610056
-0.0040194
-0.0909581
-0.1589068
-0.1581044
-0.0720394
0.0585126
0.1589784
0.1753497
0.1104192
0.0120194
-0.0676221
-0.0998195
-0.0787522
-0.0118639
0.0792132
0.1566399
0.1830860
0.1502839
0.0869623
0.0312002
-0.0042972
-0.0341105
-0.0696662
-0.0983646
-0.1006368
-0.0807888
-0.0666866
-0.0747935
-0.0865518
-0.0707627
-0.0254513
0.0174233
0.0356525
0.0541541
0.1220174
0.2479128
0.3690712
0.3966657
0.2946711
0.1114580
-0.0635700
-0.1675025
-0.1908201
-0.1553906
-0.0861337
-0.0069854
0.0539379
0.0773108
0.0761680
0.0947105
0.1709019
0.2995254
0.4398565
0.5628493
0.6840302
0.8410856
1.0376246
1.2149074
1.2850765
1.1953138
0.9632755
0.6572881
0.3482843
0.0776908
-0.1421748
-0.3120161
-0.4351094
-0.5157501
-0.5582833
-0.5648019
-0.5378373
-0.4885197
-0.4388709
-0.4092414
-0.4003001
-0.3908440
-0.3589778
-0.3067322
-0.2596122
-0.2377430
-0.2293823
-0.2002352
-0.1343017
-0.0624076
-0.0404666
-0.0917437
-0.1720538
-0.2009064
-0.1351235
-0.0134333
0.0743836
0.0650364
-0.0288082
-0.1400320
-0.2092576
-0.2230081
-0.2000867
-0.1577257
-0.1016264
-0.0427004
-0.0061507
-0.0124994
-0.0531218
-0.0953436
-0.1160866
-0.1250795
-0.1491307
-0.1961565
-0.2422956
-0.2565824
-0.2320356
-0.1867700
-0.1385200
-0.0883570
-0.0334212
0.0128508
0.0255100
-0.0038261
-0.0512293
-0.0802651
-0.0762866
-0.0550340
-0.0369426
-0.0210711
0.0084566
0.0539086
0.0933883
0.1054452
0.0991687
0.1095774
0.1591311
0.2287259
0.2727640
0.2627281
0.2118655
0.1563709
0.1169702
0.0830391
0.0326498
-0.0370144
-0.1013531
-0.1281983
-0.1047590
-0.0480488
0.0073950
0.0330496
0.0237887
-0.0025841
-0.0223054
-0.0245840
-0.0157267
-0.0059465
0.0050872
0.0265434
0.0611278
0.0965983
0.1163579
0.1160060
0.1038197
0.0848371
0.0525756
0.0040691
-0.0400439
-0.0426938
0.0133454
0.0989313
0.1574577
0.1549755
0.1088107
0.0637509
0.0435348
0.0316050
-0.0013289
-0.0590465
-0.1146701
-0.1397944
-0.1311861
-0.1076210
-0.0870450
-0.0719738
-0.0539934
-0.0256336
0.0131073
0.0541056
0.0835717
0.0900843
0.0768103
0.0642279
0.0723337
0.0966202
0.1092873
0.0940849
0.0783691
0.1168137
0.2310945
0.3672274
0.4252895
0.3430150
0.1539301
-0.0375653
-0.1392127
-0.1329504
-0.0656271
0.0086577
0.0733690
0.1478571
0.2567261
0.4067787
0.5867040
0.7778559
