-0.2105552
-0.2155414
-0.1880378
-0.1666029
-0.1583316
-0.1395178
-0.1067091
-0.0818829
-0.0714038
-0.0578381
-0.0333873
-0.0109349
0.0004679
0.0067890
0.0143699
0.0241603
0.0399387
0.0639843
0.0858187
0.0918122
0.0842035
0.0757822
0.0689192
0.0551150
0.0331967
0.0135461
0.0043345
0.0041876
0.0074542
0.0086670
0.0046783
-0.0007982
0.0005667
0.0086888
0.0110115
-0.0009062
-0.0174297
-0.0221632
-0.0122106
0.0007370
0.0055996
0.0017583
-0.0027313
0.0020513
0.0190158
0.0384067
0.0455090
0.0370204
0.0251763
0.0236105
0.0343548
0.0500379
0.0622472
0.0655918
0.0602357
0.0535251
0.0537635
0.0598670
0.0618517
0.0534093
0.0397420
0.0315654
0.0347283
0.0457439
0.0540880
0.0499937
0.0341150
0.0182098
0.0121658
0.0124525
0.0084245
-0.0019646
-0.0088234
-0.0024169
0.0162829
0.0375647
0.0526013
0.0619504
0.0772960
0.1141962
0.1818552
0.2813358
0.4119128
0.5705172
0.7387443
0.8751164
0.9299260
0.8738098
0.7154279
0.4950837
0.2606149
0.0425368
-0.1537393
-0.3327579
-0.4872796
-0.5947849
-0.6360495
-0.6138798
-0.5525483
-0.4814032
-0.4185786
-0.3656500
-0.3150248
-0.2634712
-0.2184906
-0.1900062
-0.1776292
-0.1701145
-0.1573048
-0.1392445
-0.1234373
-0.1163063
-0.1178825
-0.1225633
-0.1246285
-0.1240891
-0.1261892
-0.1339749
-0.1432328
-0.1465986
-0.1407455
-0.1277436
-0.1120698
-0.0991791
-0.0946246
-0.1004873
-0.1128113
-0.1249006
-0.1330287
-0.1378145
-0.1410570
-0.1426383
-0.1402166
-0.1319869
-0.1207134
-0.1137013
-0.1155462
-0.1211346
-0.1198043
-0.1076118
-0.0919728
-0.0822654
-0.0786730
-0.0728593
-0.0583901
-0.0384911
-0.0233566
-0.0198545
-0.0237526
-0.0233910
-0.0121684
0.0043588
0.0158161
0.0195549
0.0226893
0.0324930
0.0481595
0.0624671
0.0692243
0.0684930
0.0658635
0.0667715
0.0708094
0.0721321
0.0658596
0.0528017
0.0375157
0.0240179
0.0146539
0.0105621
0.0105255
0.0104578
0.0064250
-0.0016905
-0.0102564
-0.0151748
-0.0151502
-0.0129604
-0.0132656
-0.0170534
-0.0180619
-0.0074746
0.0161857
0.0432007
0.0600230
0.0603470
0.0494121
0.0388123
0.0368530
0.0423644
0.0477702
0.0489450
0.0507894
0.0610886
0.0799115
0.0980923
0.1067200
0.1061876
0.1053357
0.1129816
0.1306150
0.1527150
0.1748008
0.2025644
0.2529603
0.3443625
0.4824241
0.6506660
0.8104767
0.9120489
0.9147813
0.8075004
0.6134755
0.3752406
0.1321949
-0.0916620
-0.2858121
-0.4459781
-0.5699920
-0.6574505
-0.7093295
-0.7253923
-0.7023357
-0.6380650
-0.5412640
-0.4355680
-0.3492173
-0.2968401
-0.2708657
-0.2507950
-0.2206675
-0.1795054
-0.1385785
-0.1101744
-0.0973199
-0.0924024
-0.0853068
-0.0728796
-0.0605620
-0.0556429
-0.0594829
-0.0654992
-0.0643152
-0.0523988
-0.0367419
-0.0293947
-0.0355069
-0.0477647
-0.0545160
-0.0526118
-0.0500543
-0.0559163
-0.0694509
-0.0800881
-0.0778610
-0.0635823
-0.0486209
-0.0444342
-0.0526137
-0.0654358
-0.0747647
-0.0785924
-0.0798372
-0.0818030
-0.0854546
-0.0885403
-0.0860808
-0.0739050
-0.0537645
-0.0339070
-0.0224820
-0.0199112
-0.0184058
-0.0093791
0.0084923
0.0284818
0.0433140
0.0532546
0.0655625
0.0855462
0.1098794
0.1300966
0.1412693
0.1454570
0.1478440
0.1518914
0.1577583
0.1626887
0.1621513
0.1528266
0.1366421
0.1216697
0.1169401
0.1239682
0.1327598
0.1286390
0.1064219
0.0779948
0.0625962
0.0676157
0.0807358
0.0830246
0.0687471
0.0502640
0.0437246
0.0518823
0.0619212
0.0595473
0.0440242
0.0284748
0.0257492
0.0356876
0.0471429
0.0507335
0.0473821
0.0451892
0.0507661
0.0641700
0.0799583
0.0915819
0.0957037
0.0937314
0.0895291
0.0854822
0.0805944
0.0720411
0.0586716
0.0438338
0.0347627
0.0374355
0.0506447
0.0660388
0.0755513
0.0787319
0.0820340
0.0913018
0.1057047
0.1186988
0.1243552
0.1230502
0.1211565
0.1244427
0.1314721
0.1344411
0.1272467
0.1122868
0.0989642
0.0959024
0.1044932
0.1190004
0.1325859
0.1442430
0.1609999
0.1939887
0.2527059
0.3419885
0.4605223
0.5972566
0.7275697
0.8160015
0.8282932
0.7467832
0.5796692
0.3583302
0.1237128
-0.0906803
-0.2689379
-0.4105842
-0.5202024
-0.5981121
-0.6382633
-0.6332979
-0.5826117
-0.4974019
-0.3978277
-0.3033374
-0.2238705
-0.1591680
-0.1056134
-0.0634429
-0.0377482
-0.0325201
-0.0433998
-0.0572677
-0.0613304
-0.0538288
-0.0447387
-0.0448000
-0.0543191
-0.0634037
-0.0625983
-0.0524720
-0.0428926
-0.0432834
-0.0535435
-0.0645422
-0.0676943
-0.0637161
-0.0614815
-0.0685733
-0.0834853
-0.0967227
-0.0990755
-0.0897317
-0.0776266
-0.0744895
-0.0849275
-0.1025556
-0.1161947
-0.1199317
-0.1168876
-0.1136602
-0.1119481
-0.1057806
-0.0869070
-0.0535563
-0.0144174
0.0167137
0.0313664
0.0320103
0.0277210
0.0252315
0.0247422
0.0236017
0.0225003
0.0268198
0.0411073
0.0622730
0.0799271
0.0856580
0.0821974
0.0815307
0.0928023
0.1129542
0.1300471
0.1348080
0.1277438
0.1156600
0.1033921
0.0905363
0.0758015
0.0620361
0.0542405
0.0524853
0.0496662
0.0387692
0.0215326
0.0075093
0.0042288
0.0099819
0.0168783
0.0194981
0.0192505
0.0208384
0.0259872
0.0315280
0.0332867
0.0307012
0.0268993
0.0250577
0.0261078
0.0297736
0.0358740
0.0436037
0.0508047
0.0552357
0.0560065
0.0529748
0.0457613
0.0350668
0.0248931
0.0214679
0.0279937
0.0400402
0.0474425
0.0426784
0.0279778
0.0128415
0.0034803
-0.0039008
-0.0171284
-0.0358561
-0.0483853
-0.0427277
-0.0199515
0.0054192
0.0188422
0.0188150
0.0159567
0.0197748
0.0282535
0.0321585
0.0287427
0.0280222
0.0435744
0.0789840
0.1268283
0.1819884
0.2534124
0.3588945
0.5050169
0.6703310
0.8085148
0.8710948
0.8323350
0.6980439
0.4955149
0.2571003
0.0103892
-0.2229122
-0.4252131
-0.5830034
-0.6885487
-0.7411214
-0.7459966
-0.7112687
-0.6450011
-0.5556630
-0.4553239
-0.3610232
-0.2903603
-0.2528028
-0.2433651
-0.2452465
-0.2415333
-0.2272917
-0.2110663
-0.2040312
-0.2077826
-0.2131726
-0.2102019
-0.1974757
-0.1820290
-0.1716842
-0.1686275
-0.1694136
-0.1694795
-0.1670048
-0.1631807
-0.1600737
-0.1588239
-0.1590953
-0.1590937
-0.1563950
-0.1503049
-0.1438774
-0.1420815
-0.1465228
-0.1524201
-0.1521378
-0.1422623
-0.1270787
-0.1150048
-0.1112516
-0.1131864
-0.1126390
-0.1035487
-0.0881363
-0.0754287
-0.0731310
-0.0805561
-0.0892457
-0.0903680
-0.0818896
-0.0692157
-0.0591976
-0.0536077
-0.0485388
-0.0396681
-0.0268005
-0.0127022
0.0010825
0.0154957
0.0315366
0.0485766
0.0656641
0.0828542
0.0997524
0.1133987
0.1196098
0.1175686
0.1121663
0.1096365
0.1097492
0.1037191
0.0823290
0.0468088
0.0101400
-0.0136318
-0.0209513
-0.0195248
-0.0191597
-0.0232268
-0.0281079
-0.0285063
-0.0221982
-0.0109536
0.0010710
0.0091784
0.0098247
0.0026439
-0.0084771
-0.0176007
-0.0214259
-0.0216019
-0.0215663
-0.0215843
-0.0182659
-0.0090634
0.0040461
0.0159260
0.0225614
0.0236621
0.0220310
0.0212996
0.0237216
0.0287179
0.0328243
0.0318141
0.0244289
0.0147551
0.0098570
0.0133319
0.0209142
0.0237065
0.0164230
0.0016691
-0.0142139
-0.0280492
-0.0412536
-0.0553911
-0.0684349
-0.0760186
-0.0751834
-0.0661217
-0.0512071
-0.0338741
-0.0186044
-0.0101464
-0.0104477
-0.0160013
-0.0201745
-0.0199116
-0.0194191
-0.0252897
-0.0377688
-0.0485532
-0.0483137
-0.0357705
-0.0187483
-0.0069654
-0.0044239
-0.0079464
-0.0113479
-0.0102919
-0.0042427
0.0042688
0.0113231
0.0137255
0.0114988
0.0088023
0.0109458
0.0192615
0.0294163
0.0356866
0.0365343
0.0351660
0.0351071
0.0366197
0.0379014
0.0389606
0.0437088
0.0588518
0.0918243
0.1499669
0.2400142
0.3651327
0.5193526
0.6836491
0.8282502
0.9208854
0.9365096
0.8647832
0.7139180
0.5091772
0.2841109
0.0671165
-0.1281293
-0.3007717
-0.4512027
-0.5707342
-0.6428258
-0.6555819
-0.6141942
-0.5413093
-0.4642881
-0.4003002
-0.3511131
-0.3094219
-0.2690130
-0.2304178
-0.1994709
-0.1815825
-0.1766827
-0.1788476
-0.1808538
-0.1795188
-0.1769706
-0.1771529
-0.1814599
-0.1876244
-0.1922439
-0.1939011
-0.1938689
-0.1943476
-0.1965782
-0.2003442
-0.2040535
-0.2047861
-0.1999004
-0.1907721
-0.1844615
-0.1884193
-0.2013192
-0.2107445
-0.2034628
-0.1794978
-0.1545349
-0.1462785
-0.1579052
-0.1757631
-0.1836497
-0.1783790
-0.1705960
-0.1716058
-0.1817813
-0.1922790
-0.1956549
-0.1926511
-0.1897098
-0.1925208
-0.2022517
-0.2155145
-0.2262510
-0.2289931
-0.2227214
-0.2119462
-0.2023296
-0.1940993
-0.1808179
-0.1565119
-0.1240935
-0.0946108
-0.0764577
-0.0662945
-0.0528723
-0.0300651
-0.0040242
0.0138341
0.0195651
0.0206513
0.0275988
0.0431394
0.0600462
0.0684080
0.0643565
0.0525885
0.0417890
0.0377811
0.0397916
0.0419760
0.0386900
0.0296719
0.0208955
0.0195643
0.0271112
0.0371330
0.0410179
0.0358950
0.0268663
0.0216701
0.0235354
0.0287922
0.0305683
0.0249866
0.0150525
0.0091896
0.0149961
0.0328144
0.0548381
0.0713655
0.0790651
0.0832918
0.0915954
0.1048017
0.1157643
0.1183473
0.1172354
0.1268697
0.1596213
0.2162014
0.2894318
0.3771692
0.4887579
0.6348498
0.8074211
0.9685902
1.0620041
1.0424575
0.9030463
0.6790600
0.4253388
0.1846758
-0.0288453
-0.2213023
-0.3965151
-0.5418396
-0.6347604
-0.6622137
-0.6328800
-0.5712753
-0.5012198
-0.4347586
-0.3736397
-0.3169818
-0.2659077
-0.2231757
-0.1915833
-0.1732900
-0.1686011
-0.1736832
-0.1803674
-0.1808232
-0.1739148
-0.1658749
-0.1628489
-0.1628402
-0.1569556
-0.1396929
-0.1167434
-0.1007822
-0.0992871
-0.1074117
-0.1130709
-0.1082720
-0.0951861
-0.0822197
-0.0755838
-0.0747821
-0.0747171
-0.0705428
-0.0607494
-0.0475699
-0.0357127
-0.0296045
-0.0298513
-0.0321068
-0.0308809
-0.0252592
-0.0199096
-0.0193976
-0.0220331
-0.0206867
-0.0100693
0.0076316
0.0250033
0.0367994
0.0442643
0.0523062
0.0636662
0.0766226
0.0874397
0.0936183
0.0952083
0.0951511
0.0992442
0.1135922
0.1391056
0.1680692
0.1882991
0.1926851
0.1848254
0.1746561
0.1685569
0.1641400
0.1544010
0.1358548
0.1120792
0.0903330
0.0761851
0.0711405
0.0730871
0.0771643
0.0772855
0.0697745
0.0569690
0.0460408
0.0425735
0.0452224
0.0476084
0.0455929
0.0418211
0.0425867
0.0508161
0.0630023
0.0728684
0.0768616
0.0754493
0.0703141
0.0624057
0.0531625
0.0456018
0.0420279
0.0407873
0.0371379
0.0284229
0.0177289
0.0112998
0.0121143
0.0166219
0.0183398
0.0146029
0.0093161
0.0087523
0.0147817
0.0226287
0.0256287
0.0225308
0.0205393
0.0312300
0.0628370
0.1159484
0.1871102
0.2772083
0.3951188
0.5496194
0.7339163
0.9166943
1.0504061
1.0932463
1.0293675
0.8735616
0.6595199
0.4225274
0.1883550
-0.0280785
-0.2184522
-0.3763704
-0.4944843
-0.5643779
-0.5804964
-0.5468570
-0.4805717
-0.4062821
-0.3435175
-0.2971887
-0.2598636
-0.2234103
-0.1884403
-0.1626969
-0.1513699
-0.1505656
-0.1509646
-0.1470624
-0.1416245
-0.1411576
-0.1482772
-0.1591071
-0.1670707
-0.1678306
-0.1607965
-0.1478232
-0.1322636
-0.1190693
-0.1135367
-0.1175154
-0.1264136
-0.1317773
-0.1288278
-0.1214398
-0.1180261
-0.1216473
-0.1253529
-0.1189612
-0.1004722
-0.0792231
-0.0666511
-0.0645844
-0.0640197
-0.0554730
-0.0389158
-0.0224595
-0.0126995
-0.0088930
-0.0067800
-0.0049653
-0.0045750
-0.0036310
0.0041217
0.0220837
0.0437565
0.0560790
0.0515898
0.0365818
0.0257895
0.0287404
0.0419429
0.0543102
0.0588306
0.0579799
0.0589065
0.0656496
0.0767089
0.0881820
0.0968528
0.1002763
0.0963965
0.0853628
0.0714106
0.0606411
0.0553109
0.0510916
0.0419745
0.0284608
0.0192805
0.0233368
0.0402933
0.0605379
0.0744480
0.0801295
0.0815761
0.0814803
0.0786858
0.0726442
0.0671665
0.0669858
0.0713207
0.0738925
0.0708281
0.0667885
0.0707251
0.0855129
0.1038906
0.1157074
0.1177489
0.1148334
0.1121020
0.1087251
0.1002534
0.0856681
0.0700901
0.0602474
0.0584929
0.0619969
0.0668311
0.0711176
0.0737105
0.0714459
0.0601468
0.0394388
0.0155176
-0.0028599
-0.0122461
-0.0178651
-0.0278364
-0.0435231
-0.0565756
-0.0569934
-0.0443324
-0.0296639
-0.0253277
-0.0330406
-0.0429284
-0.0439761
-0.0342543
-0.0207290
-0.0106565
-0.0048202
0.0011399
0.0108236
0.0239592
0.0384120
0.0531970
0.0681951
0.0814852
0.0886984
0.0863790
0.0761872
0.0650715
0.0602655
0.0633674
0.0693344
0.0719039
0.0703157
0.0701321
0.0767839
0.0888246
0.0989356
0.1021736
0.1024791
0.1106623
0.1374071
0.1899977
0.2746909
0.3970855
0.5541210
0.7234055
0.8634460
0.9304342
0.9005775
0.7800728
0.5959354
0.3781220
0.1486662
-0.0768045
-0.2826787
-0.4517434
-0.5699652
-0.6318681
-0.6411893
-0.6072746
-0.5414453
-0.4558970
-0.3636743
-0.2771030
-0.2048605
-0.1505512
-0.1142817
-0.0949921
-0.0904801
-0.0957558
-0.1035939
-0.1088166
-0.1122258
-0.1188687
-0.1314283
-0.1460540
-0.1559950
-0.1591091
-0.1600319
-0.1639700
-0.1696339
-0.1702045
-0.1612643
-0.1460082
-0.1318078
-0.1230390
-0.1187575
-0.1163401
-0.1145494
-0.1119254
-0.1045834
-0.0890940
-0.0683404
-0.0520308
-0.0486425
-0.0565794
-0.0649181
-0.0638232
-0.0535329
-0.0424193
-0.0371224
-0.0361426
-0.0331663
-0.0248557
-0.0137445
-0.0040127
0.0033962
0.0100933
0.0158034
0.0171434
0.0121677
0.0048160
0.0022604
0.0068465
0.0123813
0.0108263
0.0029319
0.0000411
0.0132699
0.0411884
0.0700893
0.0872393
0.0926683
0.0968084
0.1077444
0.1231717
0.1350648
0.1392968
0.1380144
0.1338419
0.1258768
0.1135274
0.1019101
0.0994145
0.1086688
0.1219798
0.1278169
0.1216547
0.1094103
0.1007078
0.1003474
0.1063608
0.1139805
0.1193096
0.1199721
0.1152536
0.1073765
0.1013358
0.1010406
0.1048214
0.1058745
0.0984004
0.0835241
0.0688300
0.0618738
0.0639227
0.0694722
0.0713938
0.0668182
0.0588365
0.0530442
0.0523632
0.0549674
0.0571145
0.0576768
0.0592385
0.0644471
0.0720187
0.0774823
0.0780381
0.0756919
0.0748968
0.0778303
0.0831798
0.0893546
0.0971227
0.1077680
0.1193531
0.1266533
0.1257321
0.1180437
0.1092601
0.1041333
0.1029056
0.1024549
0.1001267
0.0961964
0.0932710
0.0939569
