-0.0322951
-0.0192354
-0.0034740
0.0160624
0.0382194
0.0620218
0.0897611
0.1284269
0.1889984
0.2840952
0.4239591
0.6102342
0.8285322
1.0443109
1.2085347
1.2752443
1.2231554
1.0664598
0.8454739
0.6036534
0.3690689
0.1531459
-0.0378774
-0.1943395
-0.3063345
-0.3723114
-0.4010413
-0.4043903
-0.3898416
-0.3608221
-0.3220401
-0.2811520
-0.2443553
-0.2125236
-0.1837595
-0.1590879
-0.1432703
-0.1390334
-0.1420612
-0.1438539
-0.1400002
-0.1344726
-0.1348917
-0.1440783
-0.1572196
-0.1672396
-0.1718276
-0.1745135
-0.1795291
-0.1868776
-0.1928606
-0.1946850
-0.1935774
-0.1931740
-0.1954069
-0.1985008
-0.1988981
-0.1946258
-0.1866153
-0.1773199
-0.1687780
-0.1619488
-0.1569775
-0.1532875
-0.1496197
-0.1448961
-0.1395992
-0.1359536
-0.1359340
-0.1385912
-0.1394753
-0.1332370
-0.1174246
-0.0943491
-0.0697848
-0.0499471
-0.0389337
-0.0376191
-0.0438439
-0.0535292
-0.0622762
-0.0667028
-0.0649802
-0.0568182
-0.0433652
-0.0268101
-0.0092810
0.0083167
0.0261242
0.0436375
0.0584263
0.0673064
0.0693407
0.0674715
0.0664692
0.0687730
0.0723369
0.0726210
0.0665487
0.0546770
0.0404034
0.0279039
0.0203104
0.0181281
0.0183432
0.0160398
0.0088487
0.0004774
-0.0015298
0.0066040
0.0191551
0.0241513
0.0139496
-0.0071373
-0.0265689
-0.0354063
-0.0360709
-0.0381222
-0.0471547
-0.0589778
-0.0647258
-0.0605218
-0.0512778
-0.0454678
-0.0471509
-0.0532095
-0.0573830
-0.0560492
-0.0503219
-0.0437423
-0.0387492
-0.0348971
-0.0294733
-0.0198102
-0.0061290
0.0070676
0.0131173
0.0083115
-0.0041402
-0.0156166
-0.0187023
-0.0132825
-0.0062625
-0.0047481
-0.0089547
-0.0118484
-0.0061994
0.0077406
0.0215671
0.0257757
0.0177663
0.0035798
-0.0074951
-0.0100708
-0.0056749
-0.0002098
0.0009971
-0.0034900
-0.0111635
-0.0178208
-0.0204577
-0.0194644
-0.0187047
-0.0225808
-0.0317387
-0.0415626
-0.0459603
-0.0434351
-0.0390727
-0.0395986
-0.0460750
-0.0520562
-0.0499010
-0.0391366
-0.0277360
-0.0242027
-0.0286603
-0.0329645
-0.0300846
-0.0223315
-0.0190545
-0.0263065
-0.0399524
-0.0496165
-0.0488331
-0.0404962
-0.0326131
-0.0300260
-0.0311122
-0.0316252
-0.0298136
-0.0270931
-0.0251675
-0.0241914
-0.0234693
-0.0222212
-0.0189945
-0.0116779
0.0002856
0.0136731
0.0227199
0.0235702
0.0175023
0.0093093
0.0024705
-0.0036018
-0.0113339
-0.0207071
-0.0282190
-0.0303748
-0.0275671
-0.0239423
-0.0236011
-0.0272093
-0.0320406
-0.0348161
-0.0344491
-0.0323618
-0.0304121
-0.0286956
-0.0255536
-0.0197015
-0.0120199
-0.0050189
-0.0006402
0.0012760
0.0024496
0.0042403
0.0062348
0.0066753
0.0043154
-0.0000309
-0.0035525
-0.0029156
0.0037623
0.0151400
0.0261436
0.0302361
0.0241298
0.0111124
-0.0011197
-0.0070933
-0.0082691
-0.0106975
-0.0177888
-0.0258847
-0.0277349
-0.0205949
-0.0102246
-0.0059084
-0.0112569
-0.0204829
-0.0241936
-0.0186636
-0.0092159
-0.0047656
-0.0092074
-0.0177007
-0.0209966
-0.0138284
0.0001355
0.0113393
0.0127214
0.0056911
-0.0018134
-0.0031300
0.0009984
0.0037426
-0.0004428
-0.0096716
-0.0159473
-0.0128035
-0.0015458
0.0101803
0.0156429
0.0145583
0.0121000
0.0135972
0.0203946
0.0297601
0.0376177
0.0412516
0.0401845
0.0353470
0.0278001
0.0180882
0.0065005
-0.0059855
-0.0167949
-0.0222482
-0.0201608
-0.0125681
-0.0050044
-0.0017623
-0.0015994
0.0011513
0.0107501
0.0255472
0.0396062
0.0487576
0.0546860
0.0627250
0.0759112
0.0922596
0.1088750
0.1286895
0.1624846
0.2242218
0.3245977
0.4677185
0.6502886
0.8600352
1.0734750
1.2571172
1.3750220
1.4002900
1.3241869
1.1580141
0.9279137
0.6665624
0.4053512
0.1685411
-0.0295207
-0.1829219
-0.2898656
-0.3502763
-0.3682890
-0.3558514
-0.3305826
-0.3069493
-0.2883796
-0.2685616
-0.2413358
-0.2095967
-0.1841735
-0.1737002
-0.1759562
-0.1798329
-0.1758991
-0.1646389
-0.1545447
-0.1531514
-0.1603666
-0.1695948
-0.1741558
-0.1725777
-0.1685969
-0.1668028
-0.1684021
-0.1708228
-0.1708614
-0.1679621
-0.1648403
-0.1653761
-0.1715527
-0.1816429
-0.1912707
-0.1968403
-0.1981399
-0.1972363
-0.1949982
-0.1898191
-0.1807004
-0.1712664
-0.1692902
-0.1806350
-0.2029087
-0.2258147
-0.2393326
-0.2424033
-0.2430837
-0.2496335
-0.2619503
-0.2723675
-0.2743238
-0.2692497
-0.2649252
-0.2677894
-0.2769315
-0.2849192
-0.2842226
-0.2735194
-0.2586934
-0.2479984
-0.2455821
-0.2485329
-0.2496092
-0.2434143
-0.2308234
-0.2173907
-0.2068836
-0.1966432
-0.1802324
-0.1547349
-0.1244988
-0.0973200
-0.0777603
-0.0647597
-0.0549682
-0.0471094
-0.0426545
-0.0427091
-0.0449411
-0.0440930
-0.0357852
-0.0199054
-0.0004980
0.0172844
0.0302630
0.0383014
0.0432666
0.0469755
0.0498332
0.0514847
0.0526630
0.0556854
0.0626560
0.0735594
0.0864901
0.0993749
0.1113297
0.1232625
0.1379193
0.1585746
0.1866215
0.2215399
0.2662075
0.3335620
0.4444429
0.6110276
0.8152261
1.0026111
1.1047452
1.0781507
0.9296015
0.7068261
0.4646537
0.2373543
0.0370428
-0.1302859
-0.2536956
-0.3221596
-0.3363020
-0.3120058
-0.2717393
-0.2324935
-0.2007927
-0.1761814
-0.1567049
-0.1411886
-0.1290921
-0.1204362
-0.1154416
-0.1128926
-0.1092964
-0.1014073
-0.0902110
-0.0813770
-0.0806661
-0.0886992
-0.1005105
-0.1103893
-0.1170132
-0.1233805
-0.1315099
-0.1381257
-0.1371515
-0.1269599
-0.1139817
-0.1078326
-0.1127133
-0.1239419
-0.1327801
-0.1343088
-0.1307219
-0.1275004
-0.1270929
-0.1269233
-0.1232871
-0.1157615
-0.1067662
-0.0978525
-0.0884096
-0.0781193
-0.0686537
-0.0616525
-0.0561569
-0.0498766
-0.0430815
-0.0395152
-0.0418934
-0.0468366
-0.0463866
-0.0363007
-0.0221333
-0.0147407
-0.0188709
-0.0277758
-0.0303322
-0.0221902
-0.0082221
0.0049674
0.0162223
0.0289933
0.0457460
0.0654827
0.0863605
0.1083764
0.1318937
0.1544686
0.1715303
0.1811855
0.1866990
0.1922710
0.1970029
0.1953561
0.1841133
0.1670623
0.1516417
0.1420271
0.1365728
0.1310821
0.1230222
0.1127139
0.1020813
0.0933260
0.0881746
0.0867876
0.0865196
0.0827014
0.0724816
0.0583727
0.0466336
0.0411708
0.0399361
0.0382986
0.0349996
0.0333322
0.0370316
0.0467372
0.0604646
0.0755511
0.0889653
0.0970165
0.0971346
0.0910630
0.0852937
0.0861914
0.0934391
0.0992194
0.0956477
0.0832625
0.0708741
0.0664858
0.0692639
0.0708926
0.0638938
0.0480854
0.0299855
0.0171500
0.0127965
0.0146050
0.0176941
0.0184689
0.0161554
0.0119945
0.0080304
0.0061678
0.0069584
0.0087859
0.0089055
0.0058650
0.0009772
-0.0024927
-0.0017487
0.0030439
0.0080497
0.0082729
0.0019212
-0.0077131
-0.0153725
-0.0188351
-0.0205405
-0.0247047
-0.0333960
-0.0450142
-0.0557528
-0.0625014
-0.0649199
-0.0650016
-0.0646044
-0.0634091
-0.0592192
-0.0503943
-0.0387091
-0.0300706
-0.0307600
-0.0406926
-0.0505662
-0.0482739
-0.0296031
-0.0013397
0.0274346
0.0561502
0.0939261
0.1518342
0.2371870
0.3555803
0.5132833
0.7097150
0.9231887
1.1073555
1.2102972
1.2042687
1.0989032
0.9257991
0.7126648
0.4742511
0.2244790
-0.0111854
-0.2015374
-0.3280072
-0.3951369
-0.4224885
-0.4274793
-0.4162710
-0.3887881
-0.3485288
-0.3052109
-0.2692030
-0.2459266
-0.2354605
-0.2347088
-0.2386495
-0.2418025
-0.2413686
-0.2391967
-0.2393722
-0.2434234
-0.2482243
-0.2485876
-0.2418823
-0.2306187
-0.2208159
-0.2173648
-0.2204032
-0.2259974
-0.2301573
-0.2321225
-0.2342258
-0.2389123
-0.2453712
-0.2488079
-0.2441849
-0.2318122
-0.2183648
-0.2107555
-0.2092922
-0.2084404
-0.2042822
-0.1994597
-0.2000396
-0.2087453
-0.2224032
-0.2354836
-0.2447355
-0.2497602
-0.2502154
-0.2448661
-0.2347316
-0.2254642
-0.2234654
-0.2289465
-0.2351150
-0.2356715
-0.2316344
-0.2292516
-0.2323643
-0.2386831
-0.2429793
-0.2417611
-0.2342820
-0.2208792
-0.2026016
-0.1828393
-0.1672031
-0.1589223
-0.1538185
-0.1425325
-0.1203078
-0.0935514
-0.0738176
-0.0649927
-0.0589358
-0.0450488
-0.0225121
-0.0013905
0.0077505
0.0038579
-0.0049498
-0.0102289
-0.0103065
-0.0088127
-0.0085420
-0.0092736
-0.0110670
-0.0161282
-0.0253071
-0.0348292
-0.0395740
-0.0395211
-0.0406749
-0.0487332
-0.0628674
-0.0765131
-0.0840158
-0.0860557
-0.0883004
-0.0947229
-0.1028315
-0.1061419
-0.1008839
-0.0892567
-0.0764611
-0.0660237
-0.0581124
-0.0507217
-0.0415432
-0.0295572
-0.0156711
-0.0016013
0.0120175
0.0261851
0.0426850
0.0635356
0.0910891
0.1281833
0.1794091
0.2541184
0.3671966
0.5319624
0.7463033
0.9820194
1.1882075
1.3105701
1.3163813
1.2086045
1.0191620
0.7879060
0.5451981
0.3094565
0.0943522
-0.0866643
-0.2227399
-0.3097446
-0.3512214
-0.3564341
-0.3377456
-0.3081077
-0.2782917
-0.2539920
-0.2345822
-0.2159319
-0.1962906
-0.1792625
-0.1695612
-0.1663622
-0.1633836
-0.1563857
-0.1485197
-0.1465589
-0.1527528
-0.1619568
-0.1667704
-0.1645537
-0.1589564
-0.1549009
-0.1531187
-0.1507635
-0.1468592
-0.1446222
-0.1470317
-0.1521335
-0.1552385
-0.1548582
-0.1537157
-0.1537469
-0.1526980
-0.1471236
-0.1375656
-0.1290965
-0.1262652
-0.1279694
-0.1281832
-0.1222439
-0.1115467
-0.1007165
-0.0909017
-0.0784118
-0.0606449
-0.0410109
-0.0263014
-0.0204638
-0.0223131
-0.0279984
-0.0336526
-0.0359783
-0.0324293
-0.0224139
-0.0084417
0.0050124
0.0154913
0.0259517
0.0423585
0.0659396
0.0888554
0.1002983
0.0974942
0.0891198
0.0874266
0.0979903
0.1167011
0.1345439
0.1443996
0.1447720
0.1388957
0.1311345
0.1242697
0.1192490
0.1155929
0.1111002
0.1024016
0.0872506
0.0662270
0.0422147
0.0193786
0.0026232
-0.0044717
-0.0029575
0.0018180
0.0060133
0.0120018
0.0250223
0.0447267
0.0616320
0.0636179
0.0469919
0.0213356
0.0022814
-0.0019075
0.0035055
0.0074450
0.0054280
0.0022933
0.0037829
0.0090541
0.0128381
0.0128805
0.0136596
0.0236426
0.0494602
0.0912023
0.1415759
0.1894997
0.2260757
0.2501440
0.2716868
0.3109271
0.3906759
0.5242005
0.7066798
0.9157128
1.1177412
1.2751734
1.3545989
1.3374194
1.2274230
1.0477147
0.8281270
0.5930323
0.3579044
0.1343159
-0.0638431
-0.2205184
-0.3249368
-0.3786649
-0.3941805
-0.3866328
-0.3676296
-0.3446791
-0.3218524
-0.2991003
-0.2737900
-0.2457623
-0.2202539
-0.2042484
-0.2001538
-0.2037875
-0.2082830
-0.2096704
-0.2089453
-0.2088434
-0.2089779
-0.2054774
-0.1959573
-0.1831215
-0.1720603
-0.1655724
-0.1638652
-0.1668798
-0.1737546
-0.1807830
-0.1835357
-0.1821293
-0.1821470
-0.1885682
-0.1992478
-0.2056279
-0.2009143
-0.1880208
-0.1783701
-0.1809876
-0.1929562
-0.2027481
-0.2030831
-0.1978530
-0.1955209
-0.1984569
-0.2005466
-0.1932614
-0.1722909
-0.1402068
-0.1053308
-0.0774510
-0.0621294
-0.0577602
-0.0580119
-0.0573184
-0.0544799
-0.0510752
-0.0459198
-0.0323270
-0.0047182
0.0303066
0.0541662
0.0539327
0.0396617
0.0382934
0.0670072
0.1149897
0.1544809
0.1691805
0.1693021
0.1774489
0.2008048
0.2203853
0.2104308
0.1671977
0.1145241
0.0801862
0.0711121
0.0744295
0.0782734
0.0848829
0.1024917
0.1290962
0.1484125
0.1429043
0.1100908
0.0646861
0.0240473
-0.0069527
-0.0351055
-0.0653394
-0.0923588
-0.1061816
-0.1024802
-0.0862640
-0.0681009
-0.0576947
-0.0578428
-0.0619754
-0.0590128
-0.0431692
-0.0196082
-0.0002665
0.0058546
-0.0010609
-0.0138231
-0.0257644
-0.0346033
-0.0372919
-0.0240076
0.0146053
0.0696470
0.1094117
0.1028480
0.0508402
-0.0101055
-0.0389732
-0.0251249
0.0071637
0.0259515
0.0210990
0.0075944
0.0039486
0.0129730
0.0257245
0.0381506
0.0547323
0.0749059
0.0847599
0.0691866
0.0298819
-0.0142429
-0.0452008
-0.0621045
-0.0790412
-0.1082607
-0.1459260
-0.1744296
-0.1787440
-0.1598489
-0.1323322
-0.1115347
-0.1044694
-0.1090799
-0.1165996
-0.1150538
-0.0959218
-0.0602770
-0.0176370
0.0205816
0.0447502
0.0467520
0.0223465
-0.0224099
-0.0683199
-0.0905469
-0.0743216
-0.0283851
0.0169227
0.0309883
0.0081645
-0.0278849
-0.0465005
-0.0359809
-0.0079065
0.0194397
0.0379113
0.0518601
0.0684978
0.0885096
0.1076669
0.1290648
0.1718135
0.2623123
0.4136840
0.6139464
0.8326908
1.0350400
1.1891201
1.2673161
1.2491403
1.1283120
0.9196809
0.6586449
0.3880609
0.1387742
-0.0788709
-0.2633814
-0.4052365
-0.4872619
-0.5025278
-0.4677980
-0.4165101
-0.3773729
-0.3565606
-0.3376191
-0.3004321
-0.2441484
-0.1918385
-0.1707564
-0.1879704
-0.2251315
-0.2543362
-0.2584010
-0.2404375
-0.2181117
-0.2073054
-0.2085846
-0.2098510
-0.2018604
-0.1878201
-0.1772205
-0.1750913
-0.1802426
-0.1904411
-0.2051940
-0.2239291
-0.2430043
-0.2547538
-0.2519063
-0.2368344
-0.2252395
-0.2346673
-0.2666924
-0.3028523
-0.3193925
-0.3054522
-0.2699016
-0.2352528
-0.2234837
-0.2409956
-0.2739054
-0.2993532
-0.3024756
-0.2838846
-0.2558422
-0.2344134
-0.2299205
-0.2375678
-0.2385839
-0.2172565
-0.1787263
-0.1471708
-0.1452152
-0.1744875
-0.2133430
-0.2328983
-0.2203231
-0.1904332
-0.1721858
-0.1811635
-0.2065405
-0.2240454
-0.2164735
-0.1816289
-0.1291228
-0.0754818
-0.0379156
-0.0258570
-0.0364197
-0.0569229
-0.0700975
-0.0608539
-0.0265854
0.0168790
0.0451526
0.0445290
0.0205019
-0.0102961
-0.0318672
-0.0353182
-0.0217986
-0.0009054
0.0180808
0.0336717
0.0480329
0.0580448
0.0558722
0.0375743
0.0076197
-0.0230416
-0.0409243
-0.0373670
-0.0175269
0.0017026
0.0077102
0.0024031
-0.0069730
-0.0199797
-0.0380779
-0.0520263
-0.0437532
-0.0033587
0.0568275
0.1042358
0.1054089
0.0526590
-0.0253944
-0.0862709
-0.1094005
-0.1055695
-0.0941825
-0.0830739
-0.0722283
-0.0637431
-0.0596555
-0.0563297
-0.0472045
-0.0289428
-0.0049834
0.0126978
0.0087353
-0.0201103
-0.0561341
-0.0759125
-0.0731511
-0.0593716
-0.0459351
-0.0344864
-0.0212097
-0.0008991
0.0290252
0.0592160
0.0692354
0.0497655
0.0201742
0.0126360
0.0401195
0.0856133
0.1167134
0.1063097
0.0515660
-0.0167762
-0.0540973
-0.0421051
-0.0021739
0.0371070
0.0733262
0.1254807
0.2129581
0.3491946
0.5387926
0.7659794
0.9951133
1.1895435
1.3198741
1.3569806
1.2822379
1.1110179
0.8832933
0.6260590
0.3487305
0.0753381
-0.1537371
-0.3205807
-0.4385102
-0.5159456
-0.5459067
-0.5351310
-0.5024740
-0.4440624
-0.3485542
-0.2521066
-0.2155575
-0.2286731
-0.2057242
-0.1107423
