-0.3644973
-0.4689362
-0.5259374
-0.5404721
-0.5198837
-0.4776616
-0.4313306
-0.3932729
-0.3639054
-0.3355815
-0.3035027
-0.2716872
-0.2479031
-0.2343386
-0.2252596
-0.2140807
-0.2011102
-0.1927896
-0.1934537
-0.1992897
-0.2016075
-0.1960644
-0.1878373
-0.1868926
-0.1978351
-0.2145448
-0.2251768
-0.2228371
-0.2116532
-0.2025864
-0.2034813
-0.2131644
-0.2245479
-0.2321212
-0.2354433
-0.2360926
-0.2336112
-0.2264246
-0.2162803
-0.2092945
-0.2106721
-0.2187830
-0.2261947
-0.2272990
-0.2239545
-0.2225962
-0.2263865
-0.2317233
-0.2327560
-0.2278071
-0.2199830
-0.2122447
-0.2040365
-0.1936420
-0.1823244
-0.1740325
-0.1706626
-0.1688972
-0.1626399
-0.1482001
-0.1266905
-0.1022559
-0.0793855
-0.0618599
-0.0522048
-0.0499961
-0.0505636
-0.0470199
-0.0350397
-0.0158899
0.0053334
0.0239072
0.0374919
0.0450203
0.0457827
0.0408313
0.0341876
0.0304635
0.0303790
0.0297431
0.0243618
0.0159523
0.0118141
0.0175962
0.0307532
0.0421160
0.0440768
0.0365470
0.0247985
0.0128853
0.0009623
-0.0108842
-0.0184020
-0.0154613
-0.0015092
0.0145970
0.0204152
0.0109301
-0.0062737
-0.0175244
-0.0152722
-0.0041184
0.0048814
0.0053745
0.0010512
0.0004278
0.0071938
0.0162838
0.0193776
0.0136217
0.0043049
-0.0010134
-0.0002144
0.0022447
0.0016371
-0.0007616
0.0012187
0.0112013
0.0247846
0.0324207
0.0280589
0.0147056
0.0012412
-0.0060357
-0.0084173
-0.0116703
-0.0187891
-0.0265810
-0.0294490
-0.0258567
-0.0201775
-0.0177426
-0.0185206
-0.0168693
-0.0085078
0.0025942
0.0059374
-0.0052218
-0.0250785
-0.0381565
-0.0327377
-0.0122207
0.0072954
0.0115492
0.0008069
-0.0115230
-0.0123497
-0.0006187
0.0137284
0.0208327
0.0197610
0.0169898
0.0182832
0.0237902
0.0308909
0.0399765
0.0556783
0.0822785
0.1194639
0.1647071
0.2211160
0.3025158
0.4284614
0.6104164
0.8386555
1.0800511
1.2892433
1.4261124
1.4686047
1.4146459
1.2757652
1.0702100
0.8205257
0.5536139
0.2980561
0.0773424
-0.0962978
-0.2219116
-0.3039118
-0.3465225
-0.3540965
-0.3355755
-0.3057770
-0.2793029
-0.2618998
-0.2486108
-0.2318264
-0.2114748
-0.1964142
-0.1950488
-0.2051355
-0.2144284
-0.2125573
-0.2019524
-0.1957166
-0.2039497
-0.2227972
-0.2380440
-0.2395315
-0.2310326
-0.2253893
-0.2308060
-0.2432804
-0.2526134
-0.2542745
-0.2535764
-0.2580505
-0.2674117
-0.2728277
-0.2662791
-0.2494720
-0.2326683
-0.2251007
-0.2272421
-0.2322546
-0.2339267
-0.2324495
-0.2328109
-0.2385495
-0.2476822
-0.2545077
-0.2548415
-0.2494295
-0.2428260
-0.2394214
-0.2402583
-0.2429063
-0.2440383
-0.2424109
-0.2396338
-0.2378083
-0.2360984
-0.2299671
-0.2147698
-0.1908222
-0.1645995
-0.1438111
-0.1304723
-0.1190945
-0.1024918
-0.0794124
-0.0555294
-0.0364008
-0.0205014
-0.0009233
0.0256674
0.0533052
0.0716590
0.0767717
0.0754271
0.0775910
0.0849351
0.0885016
0.0787521
0.0571445
0.0361009
0.0268762
0.0284120
0.0293745
0.0211663
0.0077791
0.0018375
0.0109746
0.0289228
0.0408546
0.0377714
0.0253393
0.0181337
0.0250948
0.0408383
0.0513305
0.0478592
0.0351933
0.0261439
0.0285752
0.0381901
0.0440137
0.0402402
0.0318369
0.0284795
0.0339901
0.0426760
0.0457415
0.0401434
0.0307231
0.0246185
0.0248023
0.0290354
0.0337360
0.0375478
0.0411942
0.0451041
0.0482315
0.0491386
0.0476619
0.0454699
0.0452790
0.0491104
0.0563397
0.0635546
0.0681798
0.0738799
0.0912018
0.1290417
0.1822075
0.2277252
0.2372003
0.1972533
0.1202903
0.0353825
-0.0324636
-0.0759017
-0.1015282
-0.1164686
-0.1205278
-0.1099877
-0.0856686
-0.0552091
-0.0279860
-0.0089143
0.0032801
0.0132990
0.0252975
0.0403042
0.0561146
0.0699057
0.0822477
0.0989460
0.1278236
0.1730179
0.2341559
0.3138657
0.4258111
0.5900301
0.8129781
1.0679140
1.2965035
1.4357770
1.4511486
1.3499845
1.1676689
0.9415826
0.6953235
0.4414939
0.1929542
-0.0320908
-0.2150925
-0.3445089
-0.4173742
-0.4354031
-0.4020635
-0.3247711
-0.2196187
-0.1122844
-0.0313478
0.0032049
-0.0113385
-0.0607587
-0.1226211
-0.1766931
-0.2108181
-0.2215653
-0.2129791
-0.1951909
-0.1809906
-0.1790513
-0.1878867
-0.1974337
-0.1990240
-0.1942939
-0.1922549
-0.1961162
-0.1947096
-0.1705326
-0.1183189
-0.0549312
-0.0091739
-0.0007261
-0.0280031
-0.0744939
-0.1244789
-0.1721198
-0.2178832
-0.2599615
-0.2912581
-0.3043467
-0.2984918
-0.2819353
-0.2672624
-0.2627957
-0.2664109
-0.2679327
-0.2596876
-0.2453435
-0.2362172
-0.2372944
-0.2393298
-0.2290567
-0.2075379
-0.1930736
-0.2006030
-0.2195423
-0.2190570
-0.1799039
-0.1177608
-0.0682014
-0.0472883
-0.0333344
0.0063453
0.0725805
0.1253638
0.1213133
0.0574644
-0.0252474
-0.0798785
-0.0905311
-0.0731884
-0.0485381
-0.0221214
0.0097291
0.0437974
0.0679352
0.0744657
0.0694456
0.0652230
0.0663174
0.0663217
0.0584089
0.0455266
0.0383955
0.0446141
0.0610410
0.0760919
0.0782291
0.0634213
0.0379303
0.0160948
0.0130362
0.0338488
0.0660391
0.0841368
0.0672806
0.0171341
-0.0403672
-0.0730507
-0.0657760
-0.0294959
0.0099489
0.0314588
0.0298249
0.0124608
-0.0102310
-0.0302264
-0.0414850
-0.0400491
-0.0275223
-0.0124302
-0.0039776
-0.0027365
0.0005986
0.0146949
0.0357079
0.0479881
0.0385814
0.0112314
-0.0150835
-0.0223912
-0.0088077
0.0118893
0.0243975
0.0250741
0.0225888
0.0278780
0.0441200
0.0649427
0.0805262
0.0851546
0.0798889
0.0691119
0.0554661
0.0389030
0.0204824
0.0053695
-0.0002763
0.0035355
0.0076828
0.0003948
-0.0218909
-0.0502955
-0.0708733
-0.0763528
-0.0705544
-0.0624020
-0.0575267
-0.0559279
-0.0553463
-0.0545164
-0.0538205
-0.0552139
-0.0615585
-0.0727225
-0.0798606
-0.0660447
-0.0187157
0.0542765
0.1225309
0.1524325
0.1333315
0.0857447
0.0426706
0.0218357
0.0151351
0.0027207
-0.0252358
-0.0601665
-0.0842941
-0.0850368
-0.0617027
-0.0220074
0.0261479
0.0818891
0.1544347
0.2602158
0.4137906
0.6163533
0.8494581
1.0794740
1.2700082
1.3931269
1.4331542
1.3855628
1.2569436
1.0662688
0.8415663
0.6094416
0.3846158
0.1701037
-0.0306699
-0.2020582
-0.3192661
-0.3668624
-0.3558428
-0.3207866
-0.2970012
-0.2975774
-0.3104438
-0.3155864
-0.3040686
-0.2819203
-0.2594215
-0.2401103
-0.2208353
-0.2000458
-0.1826229
-0.1750242
-0.1769617
-0.1802672
-0.1768853
-0.1667475
-0.1561061
-0.1480257
-0.1363854
-0.1119206
-0.0758435
-0.0466199
-0.0498169
-0.0972155
-0.1738685
-0.2463780
-0.2862166
-0.2880535
-0.2688642
-0.2519046
-0.2510328
-0.2659516
-0.2866497
-0.2999073
-0.2950390
-0.2702942
-0.2376919
-0.2184836
-0.2264405
-0.2513260
-0.2619130
-0.2322927
-0.1693818
-0.1130402
-0.1046209
-0.1516289
-0.2215155
-0.2699556
-0.2764160
-0.2549965
-0.2345678
-0.2311035
-0.2382844
-0.2403116
-0.2293397
-0.2100287
-0.1905047
-0.1721260
-0.1485392
-0.1135287
-0.0691360
-0.0262428
0.0030280
0.0145841
0.0154996
0.0185766
0.0328577
0.0572227
0.0812450
0.0922617
0.0838117
0.0600651
0.0334951
0.0171128
0.0158559
0.0228362
0.0241538
0.0102204
-0.0151981
-0.0374059
-0.0440420
-0.0367248
-0.0287352
-0.0306551
-0.0392682
-0.0419052
-0.0314080
-0.0147631
-0.0052459
-0.0067895
-0.0089527
0.0008515
0.0217901
0.0395040
0.0423095
0.0347498
0.0322111
0.0426878
0.0569805
0.0586704
0.0423031
0.0191780
0.0048995
0.0036457
0.0067338
0.0050852
-0.0010367
-0.0062897
-0.0105156
-0.0193983
-0.0339062
-0.0435146
-0.0347744
-0.0070494
0.0236091
0.0390038
0.0367308
0.0314865
0.0379627
0.0544836
0.0657472
0.0610137
0.0465821
0.0388277
0.0467660
0.0638681
0.0765956
0.0783999
0.0741743
0.0727612
0.0777235
0.0861245
0.0946178
0.1046181
0.1213770
0.1502853
0.1966557
0.2692707
0.3812091
0.5428096
0.7498334
0.9761291
1.1783574
1.3120449
1.3495643
1.2884380
1.1456015
0.9445573
0.7068465
0.4524071
0.2031673
-0.0180064
-0.1938596
-0.3184580
-0.3963187
-0.4361753
-0.4457874
-0.4318690
-0.4023474
-0.3656206
-0.3268874
-0.2873541
-0.2490027
-0.2189151
-0.2056283
-0.2097228
-0.2198859
-0.2213431
-0.2094954
-0.1942515
-0.1895040
-0.1984728
-0.2108384
-0.2146736
-0.2092432
-0.2040310
-0.2062671
-0.2128933
-0.2162142
-0.2146120
-0.2139392
-0.2182343
-0.2225622
-0.2180444
-0.2034777
-0.1890169
-0.1862697
-0.1955079
-0.2049758
-0.2037018
-0.1934902
-0.1867641
-0.1933467
-0.2111644
-0.2298681
-0.2414233
-0.2456972
-0.2468094
-0.2465534
-0.2429897
-0.2350223
-0.2263965
-0.2233455
-0.2280497
-0.2356181
-0.2384005
-0.2328083
-0.2212330
-0.2078464
-0.1937864
-0.1768579
-0.1552232
-0.1304962
-0.1067996
-0.0868439
-0.0693658
-0.0508607
-0.0297367
-0.0082884
0.0095524
0.0222768
0.0329349
0.0475405
0.0703502
0.0988226
0.1227279
0.1300334
0.1159524
0.0869766
0.0555037
0.0299867
0.0101266
-0.0087981
-0.0280217
-0.0429557
-0.0490980
-0.0490297
-0.0514697
-0.0625789
-0.0794383
-0.0934254
-0.0993651
-0.0997965
-0.1002978
-0.1024311
-0.1025738
-0.0971361
-0.0875033
-0.0789844
-0.0750876
-0.0737529
-0.0700032
-0.0620239
-0.0535471
-0.0497216
-0.0511869
-0.0527502
-0.0476983
-0.0332970
-0.0127038
0.0078477
0.0238138
0.0348218
0.0429704
0.0494761
0.0537547
0.0555447
0.0567188
0.0602314
0.0675700
0.0776311
0.0879095
0.0965634
0.1035364
0.1100793
0.1177210
0.1285627
0.1473594
0.1834508
0.2502588
0.3617897
0.5265497
0.7396757
0.9767636
1.1959322
1.3514292
1.4122681
1.3730820
1.2500183
1.0672391
0.8465240
0.6069711
0.3699738
0.1590781
-0.0085867
-0.1305684
-0.2163377
-0.2749752
-0.3066542
-0.3073634
-0.2807409
-0.2426200
-0.2122950
-0.1990404
-0.1971262
-0.1937897
-0.1821049
-0.1666084
-0.1573779
-0.1597574
-0.1701442
-0.1807000
-0.1868918
-0.1905867
-0.1968937
-0.2083193
-0.2215040
-0.2297352
-0.2293509
-0.2236946
-0.2200341
-0.2224034
-0.2280644
-0.2311846
-0.2293675
-0.2260298
-0.2264130
-0.2315818
-0.2367892
-0.2362150
-0.2292573
-0.2215519
-0.2196208
-0.2250526
-0.2339708
-0.2412289
-0.2446055
-0.2458139
-0.2483455
-0.2538534
-0.2597644
-0.2607653
-0.2537286
-0.2415458
-0.2314618
-0.2287071
-0.2311857
-0.2307014
-0.2205901
-0.2029706
-0.1876342
-0.1822556
-0.1837248
-0.1806785
-0.1652915
-0.1415745
-0.1210824
-0.1107835
-0.1059403
-0.0951366
-0.0720695
-0.0420492
-0.0165903
-0.0018983
0.0063755
0.0168119
0.0321268
0.0467238
0.0536644
0.0523462
0.0486999
0.0486245
0.0519699
0.0530274
0.0467722
0.0343998
0.0224748
0.0168009
0.0174832
0.0194852
0.0168941
0.0068099
-0.0090881
-0.0255895
-0.0374815
-0.0434159
-0.0462121
-0.0486719
-0.0494487
-0.0440562
-0.0303325
-0.0124687
0.0011105
0.0045488
-0.0005930
-0.0077856
-0.0129200
-0.0181206
-0.0273313
-0.0393767
-0.0475787
-0.0464612
-0.0371498
-0.0253871
-0.0153998
-0.0068421
0.0026529
0.0131327
0.0213004
0.0238218
0.0209723
0.0162397
0.0125852
0.0101965
0.0078993
0.0050561
0.0011206
-0.0051520
-0.0141942
-0.0238289
-0.0308110
-0.0345848
-0.0383084
-0.0451705
-0.0538479
-0.0584519
-0.0539082
-0.0416574
-0.0291110
-0.0224742
-0.0207179
-0.0180385
-0.0119028
-0.0065349
-0.0075152
-0.0143682
-0.0200702
-0.0178697
-0.0079360
0.0029190
0.0081491
0.0081593
0.0097243
0.0184752
0.0327383
0.0457699
0.0535948
0.0594077
0.0702472
0.0904115
0.1186054
0.1513637
0.1896369
0.2426848
0.3252499
0.4496109
0.6182596
0.8208198
1.0341694
1.2248064
1.3556361
1.3975508
1.3399058
1.1926962
0.9799224
0.7301976
0.4703981
0.2234897
0.0079884
-0.1636923
-0.2875816
-0.3675636
-0.4102986
-0.4203430
-0.4013879
-0.3618032
-0.3160841
-0.2784087
-0.2544953
-0.2401743
-0.2278223
-0.2144128
-0.2040428
-0.2027703
-0.2106761
-0.2195339
-0.2193850
-0.2076234
-0.1912373
-0.1804229
-0.1802831
-0.1876619
-0.1946649
-0.1954869
-0.1909701
-0.1867798
-0.1869955
-0.1901860
-0.1922207
-0.1917854
-0.1918439
-0.1960779
-0.2048791
-0.2146905
-0.2208461
-0.2216416
-0.2202167
-0.2219517
-0.2294610
-0.2402922
-0.2493127
-0.2526499
-0.2498850
-0.2441925
-0.2405938
-0.2421872
-0.2470015
-0.2496985
-0.2474025
-0.2431595
-0.2427969
-0.2485873
-0.2562953
-0.2584174
-0.2508042
-0.2366134
-0.2230845
-0.2136946
-0.2045233
-0.1896693
-0.1691956
-0.1495099
-0.1358354
-0.1261062
-0.1129949
-0.0912722
-0.0630705
-0.0363973
-0.0181814
-0.0082651
-0.0005312
0.0100878
0.0228366
0.0334593
0.0393734
0.0414018
0.0419174
0.0428959
0.0449567
0.0468995
0.0466178
0.0434709
0.0394904
0.0377206
0.0395839
0.0436684
0.0463421
0.0441794
0.0375561
0.0318870
0.0333844
0.0427953
0.0543485
0.0610848
0.0603395
0.0546649
0.0494674
0.0499171
0.0580379
0.0715447
0.0861214
0.0994304
0.1133950
0.1342475
0.1717011
0.2367331
0.3376278
0.4769815
0.6510873
0.8481705
1.0437255
1.1996348
1.2748290
1.2442207
1.1127659
0.9138711
0.6921060
0.4809504
0.2912914
0.1193347
-0.0351980
-0.1604525
-0.2418072
-0.2766780
-0.2778178
-0.2632077
-0.2441538
-0.2220298
-0.1945508
-0.1642380
-0.1397873
-0.1283444
-0.1279334
-0.1299642
-0.1286515
-0.1253514
-0.1240330
-0.1258560
-0.1291194
-0.1319764
-0.1338484
-0.1355464
-0.1387245
-0.1444118
-0.1521306
-0.1608739
-0.1696320
-0.1760575
-0.1770119
-0.1728692
-0.1693716
-0.1719714
-0.1790296
-0.1833207
-0.1800512
-0.1715243
-0.1642359
-0.1625357
-0.1643884
-0.1629108
-0.1538354
-0.1418978
-0.1371351
-0.1437455
-0.1554173
-0.1629973
-0.1637098
-0.1611078
-0.1592553
-0.1597695
-0.1625222
-0.1664966
-0.1703624
-0.1730492
-0.1733414
-0.1699954
-0.1640319
-0.1589226
-0.1549580
-0.1452260
-0.1223920
-0.0893762
-0.0583590
-0.0383626
-0.0278204
-0.0201142
-0.0126138
-0.0087787
-0.0131889
-0.0246171
-0.0334163
-0.0287408
-0.0109599
0.0064975
0.0116287
0.0074293
0.0070561
0.0183011
0.0370506
0.0534606
0.0605171
0.0590738
0.0581041
0.0672436
0.0860353
0.1037482
0.1119943
0.1129174
0.1127781
0.1136111
0.1145797
0.1153057
0.1137684
0.1064613
0.0942390
0.0829933
0.0766960
0.0757631
0.0824169
0.0987789
0.1187088
0.1316626
0.1362534
0.1396643
0.1432816
0.1418829
0.1381221
0.1424107
0.1545966
0.1600347
0.1472482
0.1158565
0.0677946
0.0104417
-0.0317026
-0.0360918
-0.0207105
