-0.2358396
-0.1958037
-0.1684363
-0.1528820
-0.1417927
-0.1283494
-0.1120309
-0.0976637
-0.0894681
-0.0867786
-0.0857505
-0.0844943
-0.0853422
-0.0914633
-0.1017655
-0.1103143
-0.1116456
-0.1066520
-0.1026127
-0.1068343
-0.1200457
-0.1360156
-0.1475350
-0.1526468
-0.1551684
-0.1595390
-0.1654883
-0.1678286
-0.1615090
-0.1470270
-0.1308853
-0.1203363
-0.1171231
-0.1162135
-0.1110007
-0.1000522
-0.0885258
-0.0824260
-0.0814171
-0.0780609
-0.0649777
-0.0426337
-0.0191032
-0.0017126
0.0102024
0.0231746
0.0406773
0.0581311
0.0681716
0.0702909
0.0732414
0.0864215
0.1091971
0.1301230
0.1374768
0.1300621
0.1169515
0.1070584
0.1002742
0.0894153
0.0698761
0.0458468
0.0265388
0.0170247
0.0136499
0.0084374
-0.0027638
-0.0170060
-0.0284817
-0.0347244
-0.0378692
-0.0404187
-0.0412205
-0.0365559
-0.0249730
-0.0101712
0.0015879
0.0070807
0.0088658
0.0121105
0.0187404
0.0252880
0.0270282
0.0240025
0.0220709
0.0272510
0.0389910
0.0496753
0.0515018
0.0439975
0.0342153
0.0291133
0.0283209
0.0255192
0.0170046
0.0073240
0.0048045
0.0116217
0.0199974
0.0195893
0.0082667
-0.0058769
-0.0137854
-0.0154443
-0.0188388
-0.0288408
-0.0393241
-0.0386523
-0.0229233
-0.0015644
0.0118049
0.0133228
0.0119662
0.0183116
0.0317799
0.0410885
0.0379441
0.0288424
0.0311839
0.0568596
0.1004889
0.1448151
0.1775101
0.2022336
0.2343318
0.2883626
0.3714165
0.4864529
0.6363170
0.8183978
1.0133210
1.1824589
1.2830228
1.2907174
1.2097542
1.0617233
0.8663572
0.6343252
0.3770477
0.1187595
-0.1061888
-0.2707561
-0.3703910
-0.4206857
-0.4404280
-0.4376889
-0.4118570
-0.3662088
-0.3145318
-0.2734276
-0.2489642
-0.2328043
-0.2123568
-0.1842981
-0.1574200
-0.1423877
-0.1399963
-0.1407488
-0.1355948
-0.1251432
-0.1171126
-0.1160692
-0.1181797
-0.1166708
-0.1104051
-0.1048637
-0.1048510
-0.1084342
-0.1096869
-0.1065494
-0.1035899
-0.1059459
-0.1122443
-0.1159697
-0.1138934
-0.1107695
-0.1140704
-0.1252321
-0.1381653
-0.1465078
-0.1504810
-0.1552358
-0.1631372
-0.1695439
-0.1673212
-0.1549783
-0.1389603
-0.1273299
-0.1220227
-0.1182552
-0.1110057
-0.1005088
-0.0906850
-0.0831508
-0.0742932
-0.0589761
-0.0367864
-0.0136533
0.0035307
0.0137533
0.0224539
0.0349785
0.0505148
0.0635536
0.0706604
0.0740539
0.0780047
0.0831229
0.0856723
0.0822031
0.0732045
0.0612762
0.0469468
0.0286825
0.0077573
-0.0092051
-0.0155749
-0.0128007
-0.0104973
-0.0166063
-0.0287125
-0.0373408
-0.0377090
-0.0358042
-0.0412010
-0.0549290
-0.0669132
-0.0666467
-0.0552264
-0.0448078
-0.0458798
-0.0569554
-0.0681475
-0.0732915
-0.0755800
-0.0807610
-0.0876682
-0.0884788
-0.0783521
-0.0623992
-0.0511905
-0.0498078
-0.0532868
-0.0537320
-0.0501285
-0.0484827
-0.0523590
-0.0566374
-0.0533285
-0.0422164
-0.0322532
-0.0313632
-0.0372982
-0.0409904
-0.0381849
-0.0347974
-0.0391774
-0.0507664
-0.0594802
-0.0570616
-0.0464991
-0.0378503
-0.0361777
-0.0372347
-0.0357179
-0.0339390
-0.0386223
-0.0501183
-0.0590677
-0.0561993
-0.0437656
-0.0341181
-0.0361475
-0.0453489
-0.0495163
-0.0433816
-0.0345843
-0.0341757
-0.0439736
-0.0560640
-0.0633995
-0.0669780
-0.0715194
-0.0774181
-0.0803990
-0.0784757
-0.0756957
-0.0769174
-0.0804543
-0.0790027
-0.0687593
-0.0552981
-0.0479862
-0.0494829
-0.0538325
-0.0555431
-0.0571959
-0.0650375
-0.0784963
-0.0882518
-0.0865439
-0.0772415
-0.0726606
-0.0799564
-0.0928678
-0.0989301
-0.0940838
-0.0872763
-0.0891914
-0.0985859
-0.1029620
-0.0928562
-0.0725771
-0.0550828
-0.0478663
-0.0463809
-0.0414916
-0.0311900
-0.0228505
-0.0237829
-0.0313506
-0.0345240
-0.0255529
-0.0084643
0.0053166
0.0088813
0.0056909
0.0037533
0.0060968
0.0086638
0.0072401
0.0045866
0.0088763
0.0246573
0.0468024
0.0652298
0.0757004
0.0847397
0.1043769
0.1449231
0.2143453
0.3209719
0.4697278
0.6509764
0.8339321
0.9759452
1.0434786
1.0272073
0.9383418
0.7925669
0.6006513
0.3751455
0.1412813
-0.0661486
-0.2206606
-0.3180864
-0.3716457
-0.3947160
-0.3908400
-0.3601140
-0.3112141
-0.2622877
-0.2279781
-0.2073922
-0.1880120
-0.1620546
-0.1362721
-0.1234896
-0.1263795
-0.1335615
-0.1329506
-0.1262059
-0.1266969
-0.1428240
-0.1660270
-0.1784324
-0.1729899
-0.1632553
-0.1698271
-0.1970295
-0.2263225
-0.2349932
-0.2196817
-0.1986711
-0.1912438
-0.1977370
-0.2016849
-0.1900145
-0.1679241
-0.1522960
-0.1521994
-0.1593058
-0.1587008
-0.1463250
-0.1323317
-0.1278310
-0.1322152
-0.1354775
-0.1306065
-0.1205011
-0.1128629
-0.1113842
-0.1142504
-0.1201419
-0.1317900
-0.1505212
-0.1684825
-0.1710440
-0.1503553
-0.1154008
-0.0855228
-0.0732500
-0.0749157
-0.0781173
-0.0758812
-0.0715332
-0.0707585
-0.0721158
-0.0678723
-0.0538452
-0.0356190
-0.0228143
-0.0182862
-0.0159468
-0.0098122
-0.0022598
-0.0008638
-0.0082429
-0.0178737
-0.0208015
-0.0151146
-0.0075340
-0.0058796
-0.0112527
-0.0186665
-0.0246062
-0.0313240
-0.0418902
-0.0527405
-0.0547777
-0.0432069
-0.0243380
-0.0105609
-0.0086578
-0.0142008
-0.0178482
-0.0164776
-0.0168429
-0.0272468
-0.0462045
-0.0615576
-0.0622307
-0.0497685
-0.0365015
-0.0326213
-0.0366834
-0.0390621
-0.0331966
-0.0220957
-0.0138100
-0.0116046
-0.0101629
-0.0023721
0.0113168
0.0226164
0.0249502
0.0211826
0.0201988
0.0268298
0.0370284
0.0430403
0.0419018
0.0379032
0.0369564
0.0396549
0.0412039
0.0383052
0.0341178
0.0342752
0.0386823
0.0401604
0.0326446
0.0192909
0.0105534
0.0138379
0.0255545
0.0338631
0.0296848
0.0150888
0.0004263
-0.0065323
-0.0072249
-0.0078276
-0.0105352
-0.0117724
-0.0083573
-0.0025203
0.0005812
-0.0008075
-0.0026043
0.0011064
0.0124359
0.0290996
0.0500327
0.0808739
0.1324372
0.2133563
0.3244437
0.4583582
0.6006854
0.7294005
0.8166948
0.8377746
0.7829759
0.6634296
0.5046180
0.3322197
0.1612218
-0.0035001
-0.1577065
-0.2909997
-0.3907226
-0.4512344
-0.4767217
-0.4746851
-0.4493461
-0.4033446
-0.3445355
-0.2878975
-0.2480535
-0.2287560
-0.2204466
-0.2100782
-0.1942531
-0.1816473
-0.1818530
-0.1935568
-0.2055564
-0.2083894
-0.2024962
-0.1947297
-0.1891331
-0.1830390
-0.1720800
-0.1574077
-0.1458804
-0.1420110
-0.1411443
-0.1334748
-0.1156367
-0.0961025
-0.0872150
-0.0927056
-0.1045550
-0.1117362
-0.1106642
-0.1067287
-0.1063320
-0.1085328
-0.1057331
-0.0929345
-0.0747522
-0.0614526
-0.0586362
-0.0628847
-0.0675319
-0.0702046
-0.0732179
-0.0779092
-0.0807048
-0.0757043
-0.0611031
-0.0424116
-0.0281877
-0.0221336
-0.0202410
-0.0159710
-0.0066103
0.0065018
0.0219395
0.0395119
0.0578547
0.0733545
0.0830123
0.0878651
0.0925859
0.1009025
0.1108124
0.1148430
0.1066730
0.0881618
0.0686360
0.0562283
0.0504526
0.0438162
0.0301233
0.0108113
-0.0063989
-0.0151693
-0.0175417
-0.0226824
-0.0370692
-0.0562101
-0.0683395
-0.0670431
-0.0583840
-0.0543411
-0.0604757
-0.0714743
-0.0782244
-0.0776442
-0.0747044
-0.0752654
-0.0786168
-0.0787775
-0.0725029
-0.0630456
-0.0547691
-0.0469294
-0.0358756
-0.0220353
-0.0109009
-0.0061792
-0.0044377
0.0015592
0.0146295
0.0293658
0.0370402
0.0343032
0.0263075
0.0204429
0.0178644
0.0131925
0.0024884
-0.0111252
-0.0210914
-0.0246657
-0.0245112
-0.0239283
-0.0226296
-0.0181059
-0.0107518
-0.0064358
-0.0119134
-0.0263798
-0.0393239
-0.0399535
-0.0291346
-0.0193991
-0.0217724
-0.0340583
-0.0433789
-0.0393524
-0.0235237
-0.0060763
0.0053920
0.0123643
0.0203689
0.0297043
0.0349034
0.0340240
0.0341293
0.0435669
0.0605800
0.0742440
0.0776151
0.0766767
0.0840295
0.1050742
0.1328924
0.1575061
0.1787565
0.2079651
0.2569298
0.3286320
0.4214225
0.5385499
0.6848672
0.8494021
0.9951221
1.0735029
1.0540878
0.9419057
0.7679774
0.5643869
0.3480610
0.1260600
-0.0878751
-0.2674496
-0.3876303
-0.4432502
-0.4512062
-0.4342824
-0.4048490
-0.3638764
-0.3118109
-0.2566481
-0.2104427
-0.1788880
-0.1562102
-0.1323876
-0.1054742
-0.0842021
-0.0768710
-0.0801369
-0.0819146
-0.0745346
-0.0618804
-0.0529179
-0.0504605
-0.0480487
-0.0377281
-0.0198109
-0.0035185
0.0028836
0.0012230
0.0004549
0.0052519
0.0110700
0.0117395
0.0085948
0.0088564
0.0159459
0.0242570
0.0245030
0.0135453
-0.0018219
-0.0114490
-0.0120829
-0.0095650
-0.0100229
-0.0113572
-0.0066655
0.0049615
0.0153506
0.0164660
0.0101078
0.0062509
0.0125027
0.0266702
0.0400497
0.0476075
0.0538184
0.0670326
0.0885791
0.1103628
0.1245851
0.1330397
0.1439227
0.1610225
0.1795044
0.1925488
0.1995926
0.2067304
0.2196587
0.2370091
0.2512093
0.2562224
0.2532925
0.2475097
0.2401144
0.2278419
0.2103302
0.1940084
0.1854734
0.1826701
0.1758038
0.1576771
0.1321381
0.1115063
0.1048534
0.1085396
0.1097461
0.1005939
0.0870293
0.0813352
0.0872753
0.0963018
0.0985779
0.0941187
0.0911255
0.0951663
0.1022778
0.1032625
0.0943779
0.0826530
0.0790014
0.0862930
0.0968714
0.1026823
0.1044871
0.1084184
0.1162209
0.1233876
0.1268126
0.1304161
0.1409104
0.1587660
0.1751188
0.1792918
0.1701234
0.1582487
0.1548809
0.1593539
0.1611290
0.1540061
0.1440116
0.1412147
0.1470605
0.1530438
0.1506613
0.1399383
0.1279176
0.1203152
0.1160291
0.1105774
0.1039517
0.1019218
0.1078919
0.1165016
0.1191774
0.1148290
0.1108387
0.1130828
0.1187166
0.1207946
0.1182985
0.1197042
0.1364788
0.1737315
0.2288968
0.3014567
0.4020942
0.5456420
0.7296045
0.9205503
1.0659041
1.1221790
1.0752003
0.9392671
0.7423118
0.5117295
0.2695694
0.0353599
-0.1719113
-0.3378088
-0.4570787
-0.5309074
-0.5600500
-0.5447996
-0.4926968
-0.4218644
-0.3529172
-0.2978814
-0.2576631
-0.2283953
-0.2083614
-0.1989793
-0.2000085
-0.2052144
-0.2055078
-0.1979674
-0.1893743
-0.1879043
-0.1929720
-0.1968317
-0.1952868
-0.1925080
-0.1940759
-0.1980955
-0.1954731
-0.1792068
-0.1532807
-0.1314403
-0.1249080
-0.1307649
-0.1349079
-0.1273626
-0.1116383
-0.0974144
-0.0878358
-0.0779054
-0.0635039
-0.0476048
-0.0367495
-0.0335535
-0.0342040
-0.0336909
-0.0328499
-0.0377232
-0.0500713
-0.0614584
-0.0617645
-0.0530736
-0.0494247
-0.0606379
-0.0805368
-0.0943161
-0.0950725
-0.0895413
-0.0876379
-0.0887455
-0.0806445
-0.0535014
-0.0138746
0.0189973
0.0324987
0.0326149
0.0337048
0.0402192
0.0441885
0.0393714
0.0314064
0.0315284
0.0433410
0.0583890
0.0644892
0.0576169
0.0450132
0.0361880
0.0325355
0.0286506
0.0226992
0.0200959
0.0249710
0.0325425
0.0336095
0.0242535
0.0082207
-0.0083653
-0.0218208
-0.0314592
-0.0377416
-0.0405460
-0.0397411
-0.0379873
-0.0408321
-0.0509390
-0.0633862
-0.0706688
-0.0722953
-0.0754267
-0.0851086
-0.0971727
-0.1022889
-0.0952923
-0.0800493
-0.0664535
-0.0621239
-0.0655170
-0.0678332
-0.0622887
-0.0490456
-0.0298542
-0.0024005
0.0356471
0.0802728
0.1255077
0.1751381
0.2453944
0.3518561
0.4911722
0.6335034
0.7338975
0.7568465
0.6955527
0.5696739
0.4062438
0.2247236
0.0370568
-0.1465625
-0.3165017
-0.4642745
-0.5803886
-0.6540307
-0.6786756
-0.6581188
-0.6061170
-0.5403414
-0.4750453
-0.4162058
-0.3629568
-0.3148269
-0.2759197
-0.2496656
-0.2322995
-0.2164197
-0.1999338
-0.1866465
-0.1784110
-0.1717995
-0.1636068
-0.1557316
-0.1527428
-0.1563414
-0.1631656
-0.1678365
-0.1689617
-0.1717387
-0.1817023
-0.1956508
-0.2033359
-0.1999396
-0.1917511
-0.1860485
-0.1802619
-0.1665440
-0.1443251
-0.1228054
-0.1112087
-0.1098756
-0.1112238
-0.1080309
-0.1006725
-0.0956855
-0.0962199
-0.0961510
-0.0871076
-0.0694224
-0.0511391
-0.0373445
-0.0264997
-0.0170970
-0.0107717
-0.0063797
0.0032321
0.0242667
0.0538481
0.0811700
0.0962110
0.0975576
0.0927412
0.0897990
0.0877947
0.0786161
0.0594768
0.0386880
0.0252769
0.0176725
0.0082620
-0.0044511
-0.0148587
-0.0197291
-0.0223735
-0.0268762
-0.0323693
-0.0342865
-0.0298944
-0.0224026
-0.0189264
-0.0223585
-0.0265827
-0.0238892
-0.0160415
-0.0119808
-0.0146582
-0.0176433
-0.0167329
-0.0172274
-0.0251744
-0.0368660
-0.0422230
-0.0360592
-0.0226399
-0.0105911
-0.0049371
-0.0031333
0.0009522
0.0084143
0.0132801
0.0111319
0.0054402
0.0010741
-0.0037687
-0.0126112
-0.0213051
-0.0216126
-0.0129978
-0.0037575
-0.0003874
-0.0015042
-0.0026399
-0.0025518
-0.0038730
-0.0094072
-0.0172917
-0.0200493
-0.0122134
0.0006642
0.0063680
0.0012975
-0.0049426
-0.0032635
0.0031210
0.0050562
0.0002135
-0.0053187
-0.0046371
0.0041099
0.0163249
0.0236483
0.0215211
0.0147034
0.0113567
0.0124288
0.0123274
0.0089604
0.0059734
0.0049000
0.0022242
-0.0045231
-0.0133205
-0.0207518
-0.0237775
-0.0192960
-0.0070063
0.0084384
0.0225436
0.0358773
0.0496172
0.0603217
0.0649443
0.0672106
0.0728530
0.0820835
0.0928248
0.1081063
0.1350298
0.1801835
0.2505589
0.3534108
0.4879113
0.6380660
0.7760767
0.8696902
0.8884354
0.8149341
0.6578775
0.4490141
0.2227461
0.0013979
-0.2015163
-0.3742997
-0.5076922
-0.5959431
-0.6353337
-0.6282083
-0.5885311
-0.5348095
-0.4760593
-0.4116941
-0.3441252
-0.2820171
-0.2306520
-0.1877869
-0.1500323
-0.1167865
-0.0887451
-0.0682717
-0.0581375
-0.0541060
-0.0446044
-0.0257424
-0.0104373
-0.0131076
-0.0306572
-0.0479327
-0.0566322
-0.0595096
-0.0610366
-0.0631073
-0.0662087
-0.0682883
-0.0669533
-0.0663411
-0.0738316
-0.0864998
-0.0915495
-0.0851487
-0.0793903
-0.0845572
-0.0954938
-0.1014658
-0.0990198
-0.0901105
-0.0779589
-0.0686911
-0.0669083
-0.0678229
-0.0646588
-0.0630561
-0.0741375
-0.0934758
-0.1021625
-0.0900480
-0.0647782
-0.0386910
-0.0199557
-0.0135750
-0.0163984
-0.0142634
0.0019819
0.0226795
0.0351724
0.0450740
0.0655828
0.0941015
0.1168268
0.1290687
0.1353119
0.1377765
0.1389456
0.1442829
0.1495152
0.1399188
0.1155945
0.0996411
0.1062267
0.1195398
0.1197706
0.1096885
0.1001897
0.0911200
0.0814239
0.0762000
0.0711589
0.0543875
0.0328258
0.0278464
0.0367364
0.0331806
0.0140414
0.0063190
0.0187095
0.0291280
0.0293183
0.0356166
0.0479456
0.0491771
0.0501765
0.0766803
0.1083399
0.1006874
0.0712353
0.0795675
0.1144155
0.1049482
0.0675825
0.1171609
0.2724358
