0.1435305
-0.0815799
-0.2907907
-0.4838471
-0.6452609
-0.7528877
-0.7933270
-0.7706287
-0.7037351
-0.6167532
-0.5288465
-0.4490813
-0.3783570
-0.3159099
-0.2639876
-0.2258728
-0.1999845
-0.1784506
-0.1541495
-0.1292302
-0.1140966
-0.1158799
-0.1288673
-0.1389381
-0.1381055
-0.1322654
-0.1322379
-0.1382861
-0.1372170
-0.1168636
-0.0816324
-0.0506137
-0.0397024
-0.0474618
-0.0594888
-0.0646175
-0.0643181
-0.0668497
-0.0756759
-0.0858268
-0.0900621
-0.0856925
-0.0751470
-0.0626233
-0.0521423
-0.0472888
-0.0495959
-0.0561797
-0.0610203
-0.0606340
-0.0579766
-0.0588594
-0.0641611
-0.0672893
-0.0607650
-0.0446717
-0.0270244
-0.0155572
-0.0104731
-0.0061729
0.0008840
0.0078820
0.0097080
0.0061503
0.0038360
0.0109236
0.0303014
0.0577431
0.0858276
0.1093511
0.1278356
0.1440592
0.1606192
0.1774631
0.1921858
0.2025489
0.2086693
0.2125278
0.2151801
0.2147671
0.2079352
0.1935976
0.1750142
0.1575618
0.1441290
0.1328007
0.1192878
0.1018067
0.0838268
0.0722759
0.0727813
0.0856298
0.1051888
0.1230039
0.1325702
0.1328982
0.1286718
0.1267495
0.1311959
0.1404796
0.1493471
0.1541221
0.1565845
0.1621802
0.1737431
0.1871966
0.1945673
0.1920902
0.1849626
0.1829582
0.1907603
0.2031205
0.2102752
0.2080510
0.2019516
0.2010814
0.2085498
0.2180818
0.2194033
0.2064022
0.1808817
0.1501948
0.1221111
0.1008056
0.0857421
0.0734409
0.0609992
0.0490426
0.0415458
0.0421556
0.0500719
0.0595764
0.0641246
0.0613835
0.0544780
0.0483596
0.0449586
0.0418979
0.0360321
0.0282709
0.0245491
0.0312687
0.0492662
0.0725877
0.0937968
0.1103026
0.1246567
0.1387168
0.1491996
0.1507071
0.1428727
0.1325713
0.1278666
0.1306395
0.1364351
0.1407169
0.1427231
0.1422886
0.1356871
0.1185549
0.0935337
0.0715868
0.0624200
0.0641261
0.0653262
0.0586564
0.0498388
0.0508881
0.0648884
0.0801949
0.0810700
0.0629047
0.0357020
0.0135388
0.0025803
-0.0007360
-0.0026854
-0.0059567
-0.0093378
-0.0105067
-0.0076728
-0.0000779
0.0109462
0.0214523
0.0271927
0.0275352
0.0265063
0.0290899
0.0366078
0.0462863
0.0551005
0.0630821
0.0725029
0.0845613
0.0975056
0.1073626
0.1094988
0.1001452
0.0788975
0.0514378
0.0284622
0.0186944
0.0211242
0.0251338
0.0202720
0.0065927
-0.0052601
-0.0044784
0.0098525
0.0289772
0.0433904
0.0504605
0.0542556
0.0604932
0.0730001
0.0932397
0.1200672
0.1491913
0.1758428
0.2018009
0.2408395
0.3146242
0.4385323
0.6065725
0.7865977
0.9299587
0.9905249
0.9431842
0.7928137
0.5695810
0.3135053
0.0576509
-0.1796672
-0.3903981
-0.5670945
-0.6988491
-0.7763003
-0.7988423
-0.7755605
-0.7196866
-0.6435833
-0.5586676
-0.4768860
-0.4084955
-0.3572683
-0.3194491
-0.2889673
-0.2632378
-0.2427387
-0.2258989
-0.2077473
-0.1859405
-0.1664765
-0.1593894
-0.1669553
-0.1784809
-0.1799504
-0.1687612
-0.1561191
-0.1536148
-0.1597490
-0.1625245
-0.1546426
-0.1425162
-0.1383256
-0.1454231
-0.1550178
-0.1572648
-0.1522672
-0.1482416
-0.1512713
-0.1602600
-0.1711659
-0.1816396
-0.1891277
-0.1878820
-0.1734898
-0.1517686
-0.1390583
-0.1489379
-0.1778915
-0.2066529
-0.2174798
-0.2093714
-0.1955172
-0.1875931
-0.1854021
-0.1817952
-0.1738640
-0.1658393
-0.1620331
-0.1610352
-0.1588381
-0.1551854
-0.1532197
-0.1527734
-0.1476312
-0.1324130
-0.1110173
-0.0945297
-0.0890309
-0.0875950
-0.0772927
-0.0540705
-0.0281197
-0.0132254
-0.0124551
-0.0162597
-0.0138006
-0.0035501
0.0078492
0.0145081
0.0162894
0.0156086
0.0128292
0.0072506
0.0011841
-0.0005892
0.0029558
0.0054076
-0.0015233
-0.0180956
-0.0340373
-0.0377773
-0.0282293
-0.0163911
-0.0147321
-0.0252864
-0.0384171
-0.0427234
-0.0353398
-0.0227149
-0.0128770
-0.0084150
-0.0064698
-0.0032165
0.0032004
0.0129085
0.0247736
0.0356379
0.0408677
0.0381111
0.0310460
0.0277369
0.0334259
0.0447419
0.0522018
0.0492347
0.0383894
0.0282888
0.0252528
0.0288785
0.0351204
0.0415768
0.0490316
0.0602577
0.0808464
0.1217635
0.1970305
0.3129167
0.4559139
0.5922954
0.6831486
0.7034887
0.6499200
0.5339214
0.3722975
0.1851028
-0.0027174
-0.1664958
-0.2937597
-0.3895197
-0.4656249
-0.5237106
-0.5510893
-0.5353877
-0.4817390
-0.4127398
-0.3511975
-0.3050703
-0.2696157
-0.2402105
-0.2182653
-0.2048563
-0.1941777
-0.1781187
-0.1565779
-0.1391294
-0.1344799
-0.1400469
-0.1442045
-0.1385089
-0.1258301
-0.1160029
-0.1151855
-0.1209062
-0.1264215
-0.1273302
-0.1231443
-0.1147723
-0.1034622
-0.0924253
-0.0867731
-0.0892197
-0.0957195
-0.0972089
-0.0873982
-0.0691997
-0.0527306
-0.0462022
-0.0485666
-0.0511653
-0.0463115
-0.0339613
-0.0206110
-0.0130159
-0.0133113
-0.0186699
-0.0239274
-0.0249270
-0.0215486
-0.0187556
-0.0232441
-0.0364993
-0.0504311
-0.0519082
-0.0343153
-0.0053223
0.0183994
0.0259293
0.0218814
0.0210953
0.0339126
0.0572684
0.0795077
0.0919620
0.0950116
0.0946376
0.0956713
0.0989405
0.1029659
0.1061368
0.1069584
0.1038696
0.0964126
0.0864012
0.0765640
0.0674757
0.0568206
0.0427613
0.0276659
0.0172779
0.0157044
0.0215799
0.0291693
0.0326384
0.0293302
0.0204346
0.0102493
0.0046842
0.0081279
0.0193644
0.0307343
0.0340050
0.0291520
0.0262403
0.0357258
0.0559738
0.0725857
0.0724679
0.0582476
0.0466655
0.0517822
0.0706980
0.0865690
0.0847800
0.0650302
0.0386197
0.0170461
0.0051290
0.0028529
0.0086958
0.0183855
0.0232172
0.0149285
-0.0056223
-0.0270652
-0.0378437
-0.0379653
-0.0384029
-0.0480620
-0.0630693
-0.0708709
-0.0644638
-0.0503617
-0.0415720
-0.0444853
-0.0546905
-0.0646334
-0.0719053
-0.0784253
-0.0840621
-0.0847003
-0.0769230
-0.0618571
-0.0427100
-0.0201124
0.0075172
0.0388295
0.0671833
0.0855483
0.0935671
0.0982928
0.1076423
0.1243366
0.1467353
0.1739254
0.2083288
0.2546432
0.3193755
0.4115921
0.5389080
0.6957095
0.8524835
0.9605304
0.9748952
0.8797992
0.6954906
0.4610860
0.2097822
-0.0417777
-0.2846922
-0.5043102
-0.6789082
-0.7912805
-0.8395797
-0.8363273
-0.7982477
-0.7377634
-0.6624906
-0.5795965
-0.4981987
-0.4272251
-0.3718419
-0.3322371
-0.3048251
-0.2836133
-0.2613282
-0.2320057
-0.1948045
-0.1553103
-0.1214902
-0.0970426
-0.0785543
-0.0596648
-0.0382651
-0.0192033
-0.0092310
-0.0092572
-0.0125085
-0.0111251
-0.0041107
0.0022116
0.0014216
-0.0065272
-0.0162258
-0.0227417
-0.0255572
-0.0276501
-0.0326950
-0.0434734
-0.0608003
-0.0815384
-0.0979762
-0.1024393
-0.0954175
-0.0883814
-0.0950563
-0.1178012
-0.1439737
-0.1579732
-0.1566945
-0.1513137
-0.1537391
-0.1634929
-0.1693790
-0.1625437
-0.1452358
-0.1264673
-0.1118961
-0.1005687
-0.0903971
-0.0825852
-0.0781722
-0.0725980
-0.0580855
-0.0324663
-0.0026228
0.0232836
0.0455262
0.0718288
0.1065772
0.1437961
0.1726878
0.1887096
0.1965957
0.2023332
0.2049304
0.1983378
0.1803040
0.1563538
0.1343903
0.1178909
0.1061106
0.0987120
0.0965466
0.0977200
0.0964618
0.0885272
0.0765028
0.0670876
0.0627892
0.0584523
0.0475107
0.0306430
0.0162823
0.0123874
0.0193084
0.0312961
0.0429629
0.0522008
0.0581985
0.0603940
0.0606067
0.0631322
0.0697130
0.0757964
0.0756434
0.0720580
0.0775489
0.1021619
0.1404085
0.1733935
0.1856647
0.1787249
0.1666452
0.1602678
0.1590066
0.1576857
0.1561108
0.1575843
0.1601591
0.1554101
0.1383126
0.1149399
0.0965504
0.0868558
0.0786866
0.0641719
0.0452100
0.0310037
0.0262296
0.0251068
0.0186163
0.0053584
-0.0073135
-0.0121528
-0.0092174
-0.0039498
-0.0010914
-0.0024003
-0.0080051
-0.0161467
-0.0211937
-0.0153912
0.0043066
0.0313840
0.0539957
0.0654271
0.0699575
0.0775962
0.0932980
0.1121858
0.1251169
0.1275217
0.1223361
0.1160341
0.1135608
0.1160664
0.1206215
0.1211813
0.1122082
0.0940299
0.0745062
0.0631571
0.0621069
0.0633373
0.0563915
0.0396460
0.0236174
0.0223327
0.0410699
0.0724709
0.1041627
0.1300283
0.1559969
0.1982411
0.2763606
0.4030066
0.5715373
0.7485489
0.8809593
0.9192865
0.8441307
0.6761688
0.4605954
0.2378720
0.0248419
-0.1795290
-0.3732942
-0.5389106
-0.6516466
-0.6987908
-0.6890719
-0.6436686
-0.5796213
-0.5025581
-0.4138127
-0.3213025
-0.2406631
-0.1851817
-0.1558460
-0.1419921
-0.1308796
-0.1162314
-0.0995581
-0.0863242
-0.0813954
-0.0855642
-0.0939946
-0.0985379
-0.0940005
-0.0835698
-0.0772472
-0.0831140
-0.0992087
-0.1145398
-0.1189208
-0.1117475
-0.1007647
-0.0929996
-0.0883033
-0.0816203
-0.0696482
-0.0541736
-0.0400737
-0.0313303
-0.0280237
-0.0253681
-0.0159910
0.0042446
0.0307079
0.0510274
0.0542406
0.0408605
0.0235317
0.0158683
0.0194666
0.0224414
0.0116083
-0.0141092
-0.0426193
-0.0598305
-0.0607321
-0.0505951
-0.0381962
-0.0293588
-0.0255782
-0.0261446
-0.0299927
-0.0356838
-0.0408199
-0.0426832
-0.0397076
-0.0317138
-0.0185409
0.0005044
0.0248611
0.0509563
0.0737110
0.0904943
0.1032284
0.1161391
0.1313441
0.1467118
0.1581881
0.1643012
0.1680114
0.1736466
0.1823224
0.1911915
0.1971051
0.1999124
0.2017539
0.2040206
0.2056083
0.2034825
0.1944409
0.1773151
0.1548679
0.1335787
0.1201757
0.1168467
0.1192125
0.1195604
0.1133470
0.1033205
0.0968308
0.0983337
0.1046038
0.1077742
0.1029606
0.0926804
0.0843742
0.0841857
0.0924516
0.1039169
0.1120696
0.1140694
0.1120518
0.1098159
0.1086379
0.1065584
0.1011624
0.0923884
0.0830632
0.0776416
0.0802536
0.0925008
0.1118427
0.1323121
0.1484856
0.1605214
0.1752040
0.1999592
0.2348520
0.2733874
0.3155132
0.3794069
0.4931690
0.6659984
0.8638236
1.0166102
1.0572902
0.9622529
0.7610359
0.5102165
0.2566024
0.0197283
-0.1985944
-0.3949217
-0.5558184
-0.6647828
-0.7135699
-0.7071150
-0.6602275
-0.5901787
-0.5101114
-0.4271276
-0.3458215
-0.2729060
-0.2167041
-0.1807060
-0.1581133
-0.1350990
-0.1021896
-0.0635673
-0.0338571
-0.0237053
-0.0283090
-0.0315861
-0.0219650
-0.0025298
0.0149707
0.0240459
0.0293755
0.0398240
0.0581567
0.0784409
0.0919627
0.0942282
0.0870332
0.0762603
0.0690154
0.0707181
0.0807461
0.0895101
0.0836064
0.0587343
0.0277034
0.0115157
0.0197102
0.0407757
0.0540659
0.0506756
0.0406655
0.0396690
0.0507498
0.0616905
0.0596967
0.0459061
0.0334153
0.0326604
0.0421892
0.0541317
0.0647098
0.0760377
0.0895453
0.1024633
0.1125387
0.1233459
0.1413502
0.1671016
0.1915802
0.2038097
0.2026008
0.1990356
0.2056942
0.2240056
0.2437766
0.2546900
0.2559745
0.2542500
0.2543384
0.2543685
0.2490914
0.2358435
0.2166974
0.1960001
0.1770052
0.1608290
0.1472711
0.1350087
0.1210541
0.1023159
0.0797269
0.0600490
0.0511133
0.0541110
0.0612933
0.0621110
0.0520355
0.0361260
0.0247650
0.0256556
0.0388632
0.0584725
0.0778408
0.0925116
0.0995773
0.0978084
0.0902735
0.0844465
0.0860198
0.0920381
0.0926740
0.0817977
0.0652559
0.0568017
0.0645621
0.0818387
0.0926331
0.0869284
0.0697344
0.0546772
0.0503813
0.0547383
0.0606062
0.0632081
0.0613280
0.0550863
0.0458737
0.0374768
0.0340639
0.0355867
0.0361474
0.0285779
0.0115076
-0.0085214
-0.0230070
-0.0296438
-0.0333876
-0.0389964
-0.0441178
-0.0412760
-0.0259282
-0.0011268
0.0251268
0.0453392
0.0554858
0.0550328
0.0465433
0.0361014
0.0328023
0.0445535
0.0712806
0.1024837
0.1248684
0.1349463
0.1439002
0.1697698
0.2263168
0.3194303
0.4492985
0.6085509
0.7745673
0.9068355
0.9598428
0.9066859
0.7545363
0.5373788
0.2925854
0.0436764
-0.1971343
-0.4164040
-0.5956290
-0.7197233
-0.7850618
-0.7979121
-0.7683196
-0.7079114
-0.6310652
-0.5532288
-0.4851214
-0.4284941
-0.3786182
-0.3315125
-0.2884236
-0.2531455
-0.2266765
-0.2069745
-0.1936992
-0.1897438
-0.1958514
-0.2056239
-0.2089334
-0.2007436
-0.1853897
-0.1719528
-0.1657313
-0.1636964
-0.1578378
-0.1435301
-0.1248853
-0.1111696
-0.1079605
-0.1129702
-0.1204030
-0.1271930
-0.1336696
-0.1397299
-0.1428712
-0.1408988
-0.1359767
-0.1346757
-0.1422950
-0.1563954
-0.1673580
-0.1670750
-0.1568013
-0.1454729
-0.1411375
-0.1450639
-0.1524827
-0.1564292
-0.1515846
-0.1376615
-0.1201979
-0.1061786
-0.0975022
-0.0893874
-0.0759956
-0.0575043
-0.0412389
-0.0351813
-0.0395256
-0.0448903
-0.0402222
-0.0227849
0.0005772
0.0214478
0.0368579
0.0484725
0.0582797
0.0671704
0.0757188
0.0838828
0.0904702
0.0942058
0.0946942
0.0915928
0.0840745
0.0724699
0.0598033
0.0501866
0.0449172
0.0401782
0.0296749
0.0116620
-0.0060522
-0.0108677
0.0020241
0.0229469
0.0364152
0.0361564
0.0293462
0.0267459
0.0315907
0.0382679
0.0389734
0.0303793
0.0154989
0.0007144
-0.0088447
-0.0115297
-0.0083713
-0.0024291
0.0007691
-0.0048245
-0.0206831
-0.0411115
-0.0572290
-0.0636169
-0.0614669
-0.0568626
-0.0559039
-0.0590742
-0.0597952
-0.0510103
-0.0340392
-0.0182755
-0.0108550
-0.0091786
-0.0053402
0.0043116
0.0162049
0.0246991
0.0278540
0.0278921
0.0271482
0.0251145
0.0211465
0.0195339
0.0278006
0.0470329
0.0667601
0.0739915
0.0667173
0.0548397
0.0481123
0.0465833
0.0429706
0.0313338
0.0128495
-0.0047194
-0.0127635
-0.0084497
0.0041147
0.0194484
0.0359931
0.0553894
0.0789794
0.1069335
0.1398439
0.1811685
0.2405873
0.3340485
0.4735707
0.6509125
0.8313242
0.9659292
1.0128479
0.9529418
0.7952935
0.5719274
0.3218650
0.0730605
-0.1628402
-0.3797166
-0.5644724
-0.6966883
-0.7594846
-0.7515028
-0.6904846
-0.6037007
-0.5113003
-0.4191193
-0.3288281
-0.2502840
-0.1975142
-0.1742296
-0.1698013
-0.1699915
-0.1674688
-0.1627102
-0.1596263
-0.1607934
-0.1640439
-0.1643717
-0.1608017
-0.1582377
-0.1599371
-0.1623833
-0.1613226
-0.1584842
-0.1578113
-0.1589138
-0.1586056
-0.1554340
-0.1494198
-0.1415203
-0.1357226
-0.1358947
-0.1380225
-0.1325454
-0.1175405
-0.1021090
-0.0932871
-0.0875105
-0.0785004
-0.0652541
-0.0488473
-0.0300700
-0.0132903
-0.0035671
0.0021955
0.0113407
0.0222640
0.0272340
0.0277066
0.0312322
0.0334883
0.0228188
0.0040971
-0.0045270
-0.0021900
-0.0060010
-0.0132892
0.0064841
0.0652364
