-0.1050381
-0.1437770
-0.1436561
-0.1486492
-0.1670101
-0.1735096
-0.1606014
-0.1460499
-0.1381792
-0.1294010
-0.1207169
-0.1216942
-0.1270902
-0.1204862
-0.1021352
-0.0904274
-0.0939497
-0.1008946
-0.0975170
-0.0812381
-0.0549058
-0.0221087
0.0106070
0.0370354
0.0566375
0.0706854
0.0787988
0.0862994
0.1057802
0.1401226
0.1716166
0.1809803
0.1725211
0.1682778
0.1801590
0.1993927
0.2135167
0.2249141
0.2493394
0.2972376
0.3550595
0.3867954
0.3623686
0.2881601
0.2034492
0.1438527
0.1138656
0.0954956
0.0730785
0.0441602
0.0149788
-0.0059203
-0.0127732
-0.0073601
0.0020458
0.0084959
0.0117313
0.0163420
0.0280335
0.0507195
0.0824183
0.1140543
0.1366819
0.1497974
0.1591742
0.1684409
0.1772375
0.1850423
0.1906262
0.1893079
0.1776838
0.1614023
0.1522624
0.1558755
0.1658670
0.1714069
0.1679106
0.1594704
0.1520855
0.1454590
0.1334056
0.1147808
0.1009599
0.1047012
0.1204682
0.1250062
0.1038436
0.0713040
0.0558759
0.0674711
0.0866856
0.0881769
0.0697457
0.0540624
0.0616762
0.0856291
0.0968949
0.0753714
0.0303573
-0.0130692
-0.0421341
-0.0627877
-0.0810576
-0.0896436
-0.0778804
-0.0482058
-0.0159038
0.0061719
0.0187138
0.0321604
0.0544897
0.0838501
0.1122734
0.1341358
0.1485092
0.1546634
0.1506390
0.1384262
0.1257907
0.1184225
0.1125506
0.0994038
0.0757467
0.0468427
0.0204041
0.0008708
-0.0114083
-0.0188416
-0.0246964
-0.0301483
-0.0323560
-0.0260712
-0.0074493
0.0228413
0.0587337
0.0917330
0.1181369
0.1452047
0.1889533
0.2637604
0.3710366
0.4924818
0.5910658
0.6247109
0.5713149
0.4467645
0.2945768
0.1517599
0.0229720
-0.1120586
-0.2677034
-0.4303505
-0.5652304
-0.6426191
-0.6569502
-0.6230020
-0.5589824
-0.4778799
-0.3924857
-0.3188708
-0.2677568
-0.2351647
-0.2080429
-0.1800203
-0.1581036
-0.1531267
-0.1663547
-0.1868143
-0.2006567
-0.2025898
-0.1990285
-0.2009941
-0.2145070
-0.2375151
-0.2634327
-0.2843865
-0.2918763
-0.2794335
-0.2483079
-0.2095571
-0.1779826
-0.1624532
-0.1604326
-0.1603786
-0.1508443
-0.1305656
-0.1102618
-0.1020914
-0.1065402
-0.1117882
-0.1069013
-0.0938196
-0.0852877
-0.0924368
-0.1156282
-0.1464715
-0.1768060
-0.2042555
-0.2289504
-0.2470843
-0.2510538
-0.2365808
-0.2071282
-0.1705495
-0.1347433
-0.1082595
-0.1001844
-0.1128594
-0.1347635
-0.1465633
-0.1386261
-0.1220217
-0.1195252
-0.1438522
-0.1842175
-0.2148956
-0.2178356
-0.1969387
-0.1704204
-0.1512508
-0.1370358
-0.1173830
-0.0873110
-0.0525021
-0.0236949
-0.0064748
0.0057191
0.0287743
0.0742556
0.1350223
0.1851439
0.1973981
0.1637896
0.1011427
0.0382892
-0.0024800
-0.0144910
-0.0025947
0.0245896
0.0559950
0.0757184
0.0682442
0.0322630
-0.0125225
-0.0381883
-0.0309911
-0.0006242
0.0320148
0.0537717
0.0657486
0.0745095
0.0813744
0.0825552
0.0778985
0.0744535
0.0778462
0.0823901
0.0754765
0.0536738
0.0304195
0.0239122
0.0386478
0.0618928
0.0776253
0.0804716
0.0750977
0.0658800
0.0525513
0.0374366
0.0321003
0.0495331
0.0874733
0.1246145
0.1391634
0.1304711
0.1177574
0.1170807
0.1241340
0.1220060
0.1022944
0.0743726
0.0547242
0.0514661
0.0613662
0.0790159
0.1036156
0.1347761
0.1659375
0.1887453
0.2063663
0.2389080
0.3110820
0.4322888
0.5864161
0.7368239
0.8396920
0.8585954
0.7771147
0.6055881
0.3771074
0.1329646
-0.0944823
-0.2910242
-0.4568729
-0.5947115
-0.7004477
-0.7638709
-0.7762493
-0.7369040
-0.6552948
-0.5499930
-0.4443386
-0.3574205
-0.2947636
-0.2476897
-0.2036768
-0.1583965
-0.1182499
-0.0924851
-0.0841956
-0.0890963
-0.1014875
-0.1187833
-0.1388054
-0.1550716
-0.1597060
-0.1529653
-0.1462700
-0.1513846
-0.1669553
-0.1792409
-0.1771449
-0.1641455
-0.1538419
-0.1551655
-0.1638746
-0.1682559
-0.1612297
-0.1459832
-0.1315748
-0.1258880
-0.1326601
-0.1506245
-0.1711371
-0.1787323
-0.1611181
-0.1226439
-0.0849186
-0.0689338
-0.0749605
-0.0817628
-0.0671966
-0.0300457
0.0081062
0.0223308
0.0063706
-0.0229046
-0.0409816
-0.0351080
-0.0108296
0.0161651
0.0323950
0.0337941
0.0258916
0.0188956
0.0204355
0.0302990
0.0413227
0.0459176
0.0426904
0.0376394
0.0389497
0.0496350
0.0646626
0.0758211
0.0796337
0.0795495
0.0800569
0.0802731
0.0749481
0.0612489
0.0429914
0.0278118
0.0208635
0.0216488
0.0267257
0.0347311
0.0474322
0.0648976
0.0805553
0.0833065
0.0659729
0.0317282
-0.0075900
-0.0389437
-0.0546577
-0.0539478
-0.0398889
-0.0154161
0.0175723
0.0553050
0.0898353
0.1121684
0.1193158
0.1179385
0.1193234
0.1285453
0.1370921
0.1272961
0.0878017
0.0276157
-0.0261741
-0.0483957
-0.0364650
-0.0119368
-0.0010065
-0.0121370
-0.0309032
-0.0353494
-0.0166237
0.0139949
0.0367803
0.0412386
0.0328712
0.0251411
0.0274291
0.0401195
0.0572636
0.0708148
0.0735393
0.0618597
0.0385268
0.0120864
-0.0083978
-0.0197877
-0.0261738
-0.0328571
-0.0390996
-0.0386617
-0.0287384
-0.0166493
-0.0147529
-0.0281381
-0.0490108
-0.0639926
-0.0659646
-0.0585188
-0.0505654
-0.0480731
-0.0500357
-0.0498042
-0.0388147
-0.0104188
0.0364580
0.0949793
0.1528334
0.2005869
0.2399456
0.2834475
0.3453843
0.4332099
0.5461050
0.6764334
0.8071012
0.9077707
0.9406062
0.8787257
0.7249829
0.5134460
0.2889429
0.0800688
-0.1116377
-0.2978908
-0.4797115
-0.6363972
-0.7365227
-0.7595121
-0.7095265
-0.6129527
-0.5038649
-0.4080210
-0.3344303
-0.2776520
-0.2274075
-0.1784881
-0.1348814
-0.1059007
-0.0970710
-0.1030729
-0.1100280
-0.1065708
-0.0935094
-0.0820701
-0.0823705
-0.0939306
-0.1072215
-0.1135068
-0.1126122
-0.1114976
-0.1160452
-0.1248028
-0.1306412
-0.1276302
-0.1155822
-0.0987399
-0.0818609
-0.0678787
-0.0574001
-0.0486679
-0.0384778
-0.0248356
-0.0096253
0.0014601
0.0020961
-0.0106925
-0.0344759
-0.0626550
-0.0881654
-0.1069176
-0.1185946
-0.1250770
-0.1285239
-0.1302938
-0.1307742
-0.1302253
-0.1299165
-0.1312460
-0.1321900
-0.1253304
-0.1025491
-0.0643040
-0.0239286
-0.0000728
-0.0021123
-0.0218552
-0.0402939
-0.0437365
-0.0335990
-0.0201942
-0.0081787
0.0092685
0.0408698
0.0839718
0.1234347
0.1441437
0.1436587
0.1325755
0.1236487
0.1210101
0.1189514
0.1096973
0.0915796
0.0699870
0.0514823
0.0379526
0.0264261
0.0138413
0.0014758
-0.0055806
-0.0038315
0.0035919
0.0083443
0.0046357
-0.0044952
-0.0097040
-0.0042258
0.0104690
0.0273753
0.0404357
0.0476827
0.0498814
0.0486193
0.0461607
0.0452445
0.0469977
0.0492318
0.0490809
0.0488680
0.0575334
0.0824286
0.1184101
0.1482862
0.1581659
0.1526889
0.1518649
0.1703913
0.2010857
0.2216914
0.2195767
0.2079810
0.2140882
0.2486210
0.2885211
0.2933443
0.2414121
0.1503742
0.0626090
0.0114383
0.0007266
0.0126037
0.0287035
0.0414206
0.0488076
0.0467318
0.0315947
0.0091934
-0.0055465
-0.0020457
0.0141433
0.0267713
0.0265936
0.0207244
0.0228272
0.0363639
0.0506690
0.0534631
0.0444674
0.0353103
0.0381420
0.0571892
0.0906320
0.1359080
0.1898294
0.2468087
0.3042283
0.3719656
0.4699658
0.6067245
0.7566554
0.8635380
0.8741948
0.7746274
0.5962595
0.3884872
0.1847638
-0.0086681
-0.1981177
-0.3823711
-0.5463834
-0.6691072
-0.7339994
-0.7353507
-0.6813479
-0.5935238
-0.4986836
-0.4150393
-0.3440239
-0.2773168
-0.2130457
-0.1635547
-0.1448767
-0.1581227
-0.1831429
-0.1927361
-0.1738043
-0.1345047
-0.0921219
-0.0568801
-0.0286452
-0.0061413
0.0058369
0.0007876
-0.0194438
-0.0415867
-0.0494997
-0.0368545
-0.0126093
0.0053747
0.0033190
-0.0187852
-0.0474707
-0.0654702
-0.0640973
-0.0496573
-0.0386023
-0.0444710
-0.0673214
-0.0948980
-0.1136121
-0.1181373
-0.1115723
-0.0991378
-0.0837484
-0.0669040
-0.0514153
-0.0416166
-0.0406666
-0.0476028
-0.0567981
-0.0608062
-0.0554584
-0.0438111
-0.0347257
-0.0351741
-0.0421995
-0.0438309
-0.0309168
-0.0085203
0.0074082
0.0069898
-0.0016437
-0.0003589
0.0194921
0.0489885
0.0739698
0.0915018
0.1096264
0.1315218
0.1457717
0.1373221
0.1072396
0.0764782
0.0665052
0.0773713
0.0879965
0.0786055
0.0508266
0.0248471
0.0185567
0.0309610
0.0449566
0.0445554
0.0297211
0.0161625
0.0209533
0.0464097
0.0761440
0.0873727
0.0695907
0.0334080
0.0013257
-0.0114816
-0.0087360
-0.0066954
-0.0173518
-0.0383213
-0.0577229
-0.0659964
-0.0618682
-0.0497157
-0.0351730
-0.0236369
-0.0191891
-0.0213605
-0.0231048
-0.0146648
0.0085105
0.0413789
0.0731841
0.0961135
0.1109576
0.1254489
0.1473182
0.1772847
0.2067665
0.2234261
0.2237813
0.2246631
0.2606935
0.3631649
0.5337574
0.7354174
0.9094842
1.0052620
1.0000578
0.9003798
0.7310536
0.5222958
0.2990017
0.0741528
-0.1495195
-0.3682353
-0.5649053
-0.7098472
-0.7780571
-0.7687487
-0.7080741
-0.6317241
-0.5634150
-0.5068303
-0.4531304
-0.3932542
-0.3256708
-0.2579934
-0.2036568
-0.1742042
-0.1705833
-0.1808550
-0.1883454
-0.1839894
-0.1711291
-0.1583848
-0.1490886
-0.1392189
-0.1252788
-0.1114485
-0.1065046
-0.1140784
-0.1282377
-0.1395206
-0.1437091
-0.1433540
-0.1421398
-0.1405033
-0.1373122
-0.1333107
-0.1302671
-0.1271358
-0.1201698
-0.1089955
-0.1009516
-0.1054697
-0.1223958
-0.1383518
-0.1382464
-0.1208960
-0.1010246
-0.0947018
-0.1041558
-0.1178177
-0.1233367
-0.1179792
-0.1069864
-0.0956646
-0.0856364
-0.0766126
-0.0671589
-0.0522995
-0.0243455
0.0189012
0.0664475
0.0989562
0.1051372
0.0931993
0.0838915
0.0914823
0.1122102
0.1309854
0.1376183
0.1356643
0.1367613
0.1480670
0.1650736
0.1749403
0.1660526
0.1361968
0.0945926
0.0572012
0.0376909
0.0388881
0.0506995
0.0573639
0.0497535
0.0333121
0.0246623
0.0384545
0.0738626
0.1114273
0.1242831
0.0968119
0.0365710
-0.0305749
-0.0785075
-0.0972701
-0.0951954
-0.0874188
-0.0826958
-0.0794385
-0.0713710
-0.0548068
-0.0310537
-0.0048593
0.0169973
0.0268559
0.0201909
0.0012376
-0.0170616
-0.0225422
-0.0146680
-0.0039842
0.0009611
0.0044873
0.0181522
0.0435597
0.0645934
0.0615350
0.0335088
0.0029490
-0.0056636
0.0094948
0.0269053
0.0251483
0.0034324
-0.0220926
-0.0375739
-0.0414972
-0.0368007
-0.0209220
0.0098071
0.0476465
0.0731663
0.0730093
0.0565275
0.0499429
0.0721977
0.1188657
0.1715868
0.2212080
0.2785709
0.3629379
0.4825988
0.6265771
0.7701150
0.8832569
0.9359869
0.9042825
0.7810908
0.5847956
0.3530785
0.1226857
-0.0877625
-0.2759646
-0.4394765
-0.5648229
-0.6344745
-0.6423796
-0.6002039
-0.5295802
-0.4512705
-0.3807187
-0.3271330
-0.2902954
-0.2593105
-0.2217343
-0.1782272
-0.1441982
-0.1307883
-0.1258695
-0.1031209
-0.0548923
-0.0084497
0.0028039
-0.0140506
-0.0059686
0.0718484
0.1961813
0.2812351
0.2529657
0.1185116
-0.0405642
-0.1415755
-0.1637286
-0.1438255
-0.1245475
-0.1180545
-0.1150001
-0.1115076
-0.1149769
-0.1276663
-0.1377152
-0.1327691
-0.1174907
-0.1103892
-0.1228768
-0.1459313
-0.1592243
-0.1504063
-0.1231640
-0.0894747
-0.0592938
-0.0382709
-0.0296180
-0.0324178
-0.0388734
-0.0388051
-0.0300657
-0.0222514
-0.0265771
-0.0421313
-0.0548787
-0.0513344
-0.0315850
-0.0078643
0.0076575
0.0114249
0.0069060
-0.0001416
-0.0023598
0.0088453
0.0366885
0.0713748
0.0950109
0.1001934
0.1025160
0.1275840
0.1808595
0.2327024
0.2395332
0.1840059
0.0943930
0.0224564
0.0003066
0.0169546
0.0348647
0.0283633
0.0072954
0.0057229
0.0479691
0.1229767
0.1889871
0.2041702
0.1574944
0.0748724
-0.0025194
-0.0471803
-0.0571703
-0.0455560
-0.0232612
0.0070696
0.0452389
0.0884792
0.1355867
0.1938204
0.2764907
0.3892051
0.5161205
0.6193455
0.6541891
0.5916121
0.4353157
0.2234351
0.0111326
-0.1587343
-0.2777763
-0.3679820
-0.4524562
-0.5275279
-0.5646856
-0.5412929
-0.4677690
-0.3822695
-0.3197212
-0.2888455
-0.2773337
-0.2702849
-0.2557483
-0.2167542
-0.1341620
-0.0109694
0.1081563
0.1561801
0.0957526
-0.0447518
-0.1901208
-0.2755567
-0.2878617
-0.2576743
-0.2218169
-0.1970789
-0.1820112
-0.1703591
-0.1572303
-0.1389678
-0.1161719
-0.0975879
-0.0947474
-0.1093419
-0.1292533
-0.1408021
-0.1427738
-0.1437786
-0.1466043
-0.1416238
-0.1193968
-0.0857700
-0.0582760
-0.0474817
-0.0473197
-0.0461977
-0.0426243
-0.0440653
-0.0525912
-0.0601226
-0.0612796
-0.0631846
-0.0720690
-0.0706548
-0.0221563
0.0901343
0.2272660
0.3102190
0.2823651
0.1598060
0.0182376
-0.0702167
-0.0870737
-0.0611185
-0.0250981
0.0121029
0.0546061
0.0959326
0.1178238
0.1113365
0.0898023
0.0752877
0.0749931
0.0758283
0.0618230
0.0324080
0.0018454
-0.0158524
-0.0178124
-0.0098811
0.0014475
0.0123744
0.0203231
0.0238524
0.0250582
0.0293654
0.0406279
0.0568133
0.0716355
0.0798624
0.0797590
0.0711492
0.0541399
0.0318646
0.0131600
0.0090660
0.0243874
0.0529874
0.0826126
0.1044217
0.1170388
0.1219300
0.1177514
0.1021706
0.0790294
0.0602030
0.0568396
0.0681598
0.0808345
0.0811353
0.0676738
0.0515914
0.0448365
0.0496504
0.0595032
0.0679256
0.0738360
0.0784466
0.0800096
0.0742534
0.0596677
0.0402735
0.0223690
0.0097311
0.0028979
0.0017816
0.0064915
0.0148121
0.0207767
0.0183365
0.0073125
-0.0053229
-0.0112213
-0.0077367
0.0011388
0.0104465
0.0197532
0.0325769
0.0511817
0.0729178
0.0916373
0.1020248
0.1027039
0.0964918
0.0887606
0.0848929
0.0873692
0.0941673
0.1007597
0.1050732
0.1106519
0.1241102
0.1496510
0.1878047
0.2403267
0.3136225
0.4124436
0.5273948
0.6302863
0.6858046
0.6708545
0.5843928
0.4412827
0.2605372
0.0608287
-0.1371102
-0.3116221
-0.4484807
-0.5468342
-0.6131185
-0.6483607
-0.6444516
-0.5953211
-0.5104904
-0.4145251
-0.3318388
-0.2725298
-0.2323008
-0.2029154
-0.1800495
-0.1624899
-0.1485023
-0.1362467
-0.1264771
-0.1213838
-0.1196449
-0.1148876
-0.1015370
-0.0819308
-0.0654157
-0.0592083
-0.0611510
-0.0628732
-0.0597871
-0.0563222
-0.0603588
-0.0732648
-0.0868654
-0.0909000
-0.0831883
-0.0720922
-0.0689403
-0.0778040
-0.0918290
-0.0986296
-0.0894222
-0.0646194
-0.0328524
-0.0056752
0.0080981
0.0061672
-0.0060367
-0.0175764
-0.0183168
-0.0067398
0.0070620
0.0079260
