0.1114358
0.1469508
0.1086683
0.0115213
-0.0975883
-0.1685239
-0.1725988
-0.1128955
-0.0205610
0.0607144
0.0977770
0.0862021
0.0486699
0.0138089
-0.0037154
-0.0021296
0.0229772
0.0821529
0.1723833
0.2581059
0.2853848
0.2258649
0.1068585
-0.0083159
-0.0727803
-0.0871271
-0.0792012
-0.0614891
-0.0184590
0.0628800
0.1596496
0.2213077
0.2141420
0.1536938
0.0904024
0.0662880
0.0897054
0.1493617
0.2417693
0.3741209
0.5387083
0.6922385
0.7699124
0.7257422
0.5620606
0.3229762
0.0628730
-0.1784875
-0.3773640
-0.5161684
-0.5838185
-0.5886466
-0.5642703
-0.5523445
-0.5721700
-0.6054242
-0.6126579
-0.5678430
-0.4797612
-0.3822226
-0.3050572
-0.2542094
-0.2168676
-0.1812217
-0.1481564
-0.1247324
-0.1103442
-0.0928962
-0.0597128
-0.0117942
0.0331609
0.0525209
0.0353982
-0.0093592
-0.0593953
-0.0933058
-0.1022895
-0.0918651
-0.0743613
-0.0589008
-0.0469862
-0.0373528
-0.0348408
-0.0519126
-0.0967508
-0.1569277
-0.1975223
-0.1834345
-0.1118318
-0.0243933
0.0194805
-0.0077855
-0.0734245
-0.1087687
-0.0707205
0.0155672
0.0767497
0.0597023
-0.0154905
-0.0708454
-0.0425895
0.0575526
0.1506574
0.1600858
0.0750308
-0.0496039
-0.1485238
-0.1962582
-0.2072860
-0.2004200
-0.1760389
-0.1292504
-0.0730060
-0.0331320
-0.0157015
0.0119269
0.0942732
0.2357114
0.3790854
0.4438404
0.3903856
0.2493233
0.0908977
-0.0307163
-0.1053998
-0.1505261
-0.1785681
-0.1852669
-0.1641470
-0.1233762
-0.0833088
-0.0590919
-0.0493875
-0.0424608
-0.0303137
-0.0150807
-0.0033463
0.0029563
0.0090076
0.0211254
0.0391509
0.0557646
0.0643679
0.0672640
0.0741985
0.0920797
0.1182372
0.1463855
0.1782730
0.2243164
0.2874278
0.3458136
0.3577107
0.2914923
0.1559159
-0.0001504
-0.1211516
-0.1809426
-0.1899277
-0.1731856
-0.1469401
-0.1150478
-0.0804910
-0.0523400
-0.0393106
-0.0396378
-0.0412336
-0.0332726
-0.0167034
-0.0023625
0.0006277
-0.0065908
-0.0149860
-0.0164900
-0.0099454
-0.0000763
0.0078730
0.0131653
0.0207056
0.0371966
0.0651589
0.1002470
0.1346852
0.1637853
0.1894583
0.2169488
0.2465129
0.2670752
0.2596306
0.2106529
0.1247495
0.0239783
-0.0664438
-0.1325555
-0.1735146
-0.1924214
-0.1886629
-0.1605430
-0.1136027
-0.0624068
-0.0207850
0.0101727
0.0432548
0.0949140
0.1759946
0.2909471
0.4382608
0.6034404
0.7516394
0.8361358
0.8240047
0.7177509
0.5507740
0.3597148
0.1608145
-0.0471622
-0.2604415
-0.4569641
-0.6091322
-0.7068659
-0.7618715
-0.7872679
-0.7777590
-0.7153526
-0.5949548
-0.4407489
-0.2945424
-0.1874119
-0.1225624
-0.0844310
-0.0617548
-0.0593142
-0.0874723
-0.1436895
-0.2076243
-0.2545667
-0.2724218
-0.2664252
-0.2499809
-0.2319815
-0.2115057
-0.1830366
-0.1462013
-0.1102226
-0.0886595
-0.0897384
-0.1110768
-0.1419300
-0.1694040
-0.1841429
-0.1834991
-0.1718198
-0.1580227
-0.1509894
-0.1538351
-0.1601920
-0.1577296
-0.1397432
-0.1147892
-0.1011206
-0.1074461
-0.1199644
-0.1126426
-0.0726792
-0.0144719
0.0339029
0.0583134
0.0707339
0.0919926
0.1235220
0.1403636
0.1151273
0.0474166
-0.0333251
-0.0934185
-0.1205382
-0.1249388
-0.1211562
-0.1133210
-0.0978702
-0.0760126
-0.0584065
-0.0544937
-0.0579308
-0.0472352
-0.0060571
0.0562244
0.1081486
0.1256919
0.1203267
0.1345962
0.2030669
0.3127772
0.4041881
0.4177770
0.3439307
0.2267738
0.1197927
0.0420990
-0.0206777
-0.0811304
-0.1279226
-0.1415879
-0.1228660
-0.0934350
-0.0661060
-0.0234922
0.0622344
0.1861248
0.2955743
0.3282551
0.2667096
0.1520459
0.0440094
-0.0279618
-0.0744674
-0.1164235
-0.1554093
-0.1745758
-0.1620500
-0.1264110
-0.0876993
-0.0569760
-0.0285740
0.0084177
0.0555109
0.1033265
0.1409817
0.1632351
0.1701167
0.1643354
0.1507052
0.1355187
0.1233733
0.1131861
0.0972977
0.0660919
0.0164639
-0.0424210
-0.0926056
-0.1183519
-0.1150341
-0.0893092
-0.0537252
-0.0220657
-0.0064472
-0.0137149
-0.0414768
-0.0773681
-0.1042609
-0.1098970
-0.0942219
-0.0667147
-0.0347939
0.0036624
0.0528186
0.1043792
0.1363306
0.1317826
0.0998592
0.0744449
0.0871816
0.1371265
0.1856702
0.1849875
0.1178050
0.0138620
-0.0713596
-0.0959565
-0.0559596
0.0204722
0.0983284
0.1598046
0.2128201
0.2812077
0.3841608
0.5182184
0.6525393
0.7402264
0.7413268
0.6470130
0.4887187
0.3201411
0.1807563
0.0701569
-0.0430721
-0.1854426
-0.3486730
-0.4929414
-0.5794426
-0.6014529
-0.5850013
-0.5605101
-0.5361264
-0.4997208
-0.4430993
-0.3783288
-0.3289290
-0.3084830
-0.3097853
-0.3126810
-0.3005053
-0.2705242
-0.2316444
-0.1941690
-0.1625225
-0.1368086
-0.1181161
-0.1091412
-0.1093462
-0.1110735
-0.1016970
-0.0716368
-0.0239598
0.0220324
0.0398625
0.0140666
-0.0470735
-0.1157953
-0.1623037
-0.1716442
-0.1495577
-0.1150142
-0.0840938
-0.0566277
-0.0181792
0.0420879
0.1136847
0.1651907
0.1646277
0.1041170
0.0091163
-0.0765703
-0.1202922
-0.1216100
-0.1076135
-0.1076327
-0.1298107
-0.1575769
-0.1660069
-0.1439983
-0.1046146
-0.0732072
-0.0615352
-0.0536585
-0.0223575
0.0377951
0.0974450
0.1186101
0.0968496
0.0752008
0.1093601
0.2113079
0.3253257
0.3661448
0.2904389
0.1367352
-0.0039815
-0.0596909
-0.0275415
0.0352186
0.0637439
0.0343954
-0.0264748
-0.0734238
-0.0805389
-0.0545940
-0.0182564
0.0131021
0.0387096
0.0642729
0.0928025
0.1226437
0.1499299
0.1702336
0.1784622
0.1701685
0.1466364
0.1191778
0.1036386
0.1058889
0.1149797
0.1170796
0.1170300
0.1393690
0.2020953
0.2902243
0.3596633
0.3704623
0.3181645
0.2341453
0.1564905
0.1009576
0.0585472
0.0157420
-0.0288382
-0.0660078
-0.0848756
-0.0755155
-0.0302068
0.0483577
0.1417935
0.2294786
0.3122340
0.4157356
0.5600245
0.7228488
0.8402628
0.8531557
0.7563071
0.5972773
0.4253840
0.2503182
0.0599654
-0.1283911
-0.2566653
-0.2804005
-0.2284900
-0.1920191
-0.2441659
-0.3723973
-0.4932849
-0.5334355
-0.4930672
-0.4315024
-0.3986046
-0.3894729
-0.3652661
-0.3058829
-0.2315750
-0.1759817
-0.1487992
-0.1292459
-0.0919055
-0.0354072
0.0135778
0.0248927
-0.0032358
-0.0352751
-0.0249325
0.0432743
0.1348778
0.1889261
0.1674732
0.0895973
0.0172496
0.0008899
0.0335373
0.0589933
0.0275535
-0.0563991
-0.1405341
-0.1736671
-0.1478878
-0.0974502
-0.0609789
-0.0437942
-0.0146538
0.0595612
0.1732471
0.2755681
0.3071032
0.2478383
0.1340938
0.0298223
-0.0228158
-0.0304610
-0.0296087
-0.0426736
-0.0566855
-0.0467639
-0.0134428
0.0130084
0.0059739
-0.0273815
-0.0531853
-0.0440371
-0.0013565
0.0525238
0.0983589
0.1332805
0.1636701
0.1920605
0.2149733
0.2291849
0.2333506
0.2263791
0.2154616
0.2279553
0.2997401
0.4338017
0.5704230
0.6163080
0.5213947
0.3321841
0.1622432
0.0988850
0.1312925
0.1690087
0.1316315
0.0196640
-0.0995398
-0.1640021
-0.1659109
-0.1363498
-0.1014795
-0.0640586
-0.0183610
0.0334198
0.0851309
0.1390034
0.2033706
0.2746107
0.3271872
0.3304966
0.2782870
0.1969153
0.1221567
0.0721313
0.0445325
0.0311871
0.0247944
0.0139417
-0.0156207
-0.0670049
-0.1226345
-0.1548152
-0.1483655
-0.1126747
-0.0714960
-0.0421239
-0.0258172
-0.0159019
-0.0071233
0.0080642
0.0443155
0.1092973
0.1810651
0.2124452
0.1714440
0.0773329
-0.0111914
-0.0471309
-0.0330946
-0.0089192
-0.0058938
-0.0175400
-0.0160169
0.0084773
0.0334083
0.0310268
0.0015575
-0.0287244
-0.0391224
-0.0347698
-0.0337246
-0.0410406
-0.0406966
-0.0123963
0.0443495
0.1016542
0.1208404
0.0852717
0.0212257
-0.0141363
0.0276172
0.1468523
0.2868241
0.3676923
0.3459636
0.2539837
0.1803742
0.2024218
0.3290012
0.5015846
0.6428929
0.7045110
0.6802756
0.5902192
0.4586705
0.3032516
0.1352351
-0.0380580
-0.2136004
-0.3897113
-0.5557872
-0.6857737
-0.7490629
-0.7325210
-0.6521146
-0.5441196
-0.4457283
-0.3783183
-0.3403554
-0.3145133
-0.2869805
-0.2621879
-0.2553143
-0.2691527
-0.2827842
-0.2677740
-0.2168679
-0.1556960
-0.1230718
-0.1355389
-0.1708225
-0.1902923
-0.1789021
-0.1578866
-0.1555352
-0.1718872
-0.1792510
-0.1554262
-0.1099303
-0.0761286
-0.0800216
-0.1166694
-0.1548939
-0.1637757
-0.1342210
-0.0767012
-0.0059636
0.0630409
0.1067965
0.0963557
0.0224103
-0.0822829
-0.1543498
-0.1441713
-0.0580970
0.0396208
0.0729577
0.0137772
-0.0973503
-0.1889805
-0.2179867
-0.1943275
-0.1567505
-0.1334397
-0.1247959
-0.1143606
-0.0901874
-0.0570686
-0.0306243
-0.0204006
-0.0203535
-0.0167796
-0.0030992
0.0152489
0.0283471
0.0320322
0.0322685
0.0400130
0.0587138
0.0770040
0.0799327
0.0702184
0.0720466
0.1075990
0.1720664
0.2361932
0.2720116
0.2733229
0.2535481
0.2282196
0.2006699
0.1633220
0.1109671
0.0497591
-0.0081404
-0.0548725
-0.0881853
-0.1067041
-0.1103786
-0.1028328
-0.0849492
-0.0467049
0.0247146
0.1238387
0.2193244
0.2736283
0.2718694
0.2323189
0.1899551
0.1676483
0.1590216
0.1377896
0.0846304
0.0059162
-0.0704743
-0.1130351
-0.1034434
-0.0481288
0.0192987
0.0544866
0.0332955
-0.0297865
-0.0952454
-0.1291543
-0.1209339
-0.0791365
-0.0186966
0.0470426
0.1069365
0.1494212
0.1633244
0.1446687
0.1017041
0.0495564
0.0003128
-0.0389683
-0.0622034
-0.0661496
-0.0567804
-0.0469198
-0.0449229
-0.0490380
-0.0523655
-0.0480315
-0.0295849
0.0070214
0.0591096
0.1192880
0.1853200
0.2669706
0.3802432
0.5299477
0.6912397
0.8082096
0.8221406
0.7138079
0.5203275
0.3072360
0.1239776
-0.0152253
-0.1181733
-0.1953006
-0.2546391
-0.3077759
-0.3719478
-0.4586407
-0.5551667
-0.6219194
-0.6202649
-0.5498451
-0.4534462
-0.3797747
-0.3435150
-0.3234702
-0.2944007
-0.2552403
-0.2269249
-0.2255051
-0.2395889
-0.2383991
-0.2052347
-0.1587490
-0.1348542
-0.1500422
-0.1891997
-0.2266035
-0.2489797
-0.2571453
-0.2551982
-0.2446099
-0.2257613
-0.2009575
-0.1752725
-0.1540338
-0.1390937
-0.1286632
-0.1190938
-0.1017455
-0.0601741
0.0166953
0.1104871
0.1710786
0.1519828
0.0511629
-0.0860196
-0.2020644
-0.2634049
-0.2695097
-0.2390085
-0.1926484
-0.1471738
-0.1179546
-0.1160202
-0.1350466
-0.1480896
-0.1314762
-0.0942331
-0.0720675
-0.0853814
-0.1101159
-0.0978060
-0.0241923
0.0828477
0.1615156
0.1655150
0.1051570
0.0437873
0.0480709
0.1342382
0.2574584
0.3489122
0.3647846
0.3115616
0.2350872
0.1816978
0.1591764
0.1329172
0.0640720
-0.0485785
-0.1651639
-0.2378776
-0.2458694
-0.2068462
-0.1626770
-0.1473985
-0.1582685
-0.1586884
-0.1174330
-0.0456311
0.0122181
0.0293042
0.0375640
0.1088848
0.2797341
0.4862487
0.5894426
0.4928596
0.2458587
0.0164908
-0.0522295
0.0398765
0.1731785
0.2370710
0.2305524
0.2455325
0.3637004
0.5712826
0.7677944
0.8509219
0.7913891
0.6352704
0.4517168
0.2848489
0.1393105
-0.0082092
-0.1826721
-0.3811616
-0.5654813
-0.6912359
-0.7452717
-0.7493552
-0.7299086
-0.6934098
-0.6328684
-0.5505512
-0.4672179
-0.4059779
-0.3674489
-0.3274705
-0.2670709
-0.1999815
-0.1567734
-0.1416365
-0.1226143
-0.0742378
-0.0166771
0.0024762
-0.0378771
-0.1071468
-0.1524394
-0.1483763
-0.1173842
-0.1025452
-0.1220289
-0.1542761
-0.1691356
-0.1642022
-0.1611906
-0.1733762
-0.1902494
-0.1923441
-0.1680696
-0.1156338
-0.0420370
0.0340765
0.0864487
0.0948178
0.0559862
-0.0142442
-0.0862455
-0.1299693
-0.1332028
-0.1082524
-0.0789354
-0.0639503
-0.0715165
-0.0976071
-0.1217106
-0.1150178
-0.0667135
-0.0012757
0.0381153
0.0253066
-0.0273021
-0.0753197
-0.0710283
0.0003518
0.1033590
0.1770919
0.1854011
0.1434805
0.0980079
0.0876373
0.1181428
0.1612707
0.1753449
0.1417611
0.0905499
0.0821538
0.1531336
0.2758940
0.3703004
0.3584597
0.2237788
0.0310903
-0.1164189
-0.1568829
-0.1135844
-0.0594483
-0.0452057
-0.0677317
-0.0950864
-0.1029743
-0.0876730
-0.0599866
-0.0340919
-0.0176193
-0.0093554
-0.0049090
0.0005093
0.0142099
0.0404520
0.0694671
0.0832976
0.0785851
0.0738234
0.0881140
0.1217271
0.1615378
0.1935419
0.2037154
0.1795427
0.1227027
0.0555413
0.0075799
-0.0039029
0.0172588
0.0480892
0.0589485
0.0357226
-0.0076823
-0.0453091
-0.0651319
-0.0714963
-0.0684272
-0.0547296
-0.0333204
-0.0117179
0.0070903
0.0251663
0.0448491
0.0736682
0.1275952
0.2138275
0.3100492
0.3715273
0.3607716
0.2688481
0.1172603
-0.0518956
-0.1950410
-0.2881355
-0.3297804
-0.3260957
-0.2846578
-0.2242502
-0.1716572
-0.1383090
-0.1129281
-0.0851616
-0.0614943
-0.0474094
-0.0289250
0.0120732
0.0708923
0.1227567
0.1559011
0.2001896
0.3173048
0.5440054
0.8281325
1.0333046
1.0375226
0.8371062
0.5425909
0.2743337
0.0758512
-0.0793947
-0.2267576
-0.3693097
-0.4837513
-0.5532096
-0.5883612
-0.6073710
-0.5946574
-0.5023628
-0.3137845
-0.0946244
0.0423739
0.0277287
-0.1133054
-0.2870714
-0.3999311
-0.4177875
-0.3791277
-0.3478724
-0.3467502
-0.3442911
-0.3070682
-0.2440265
-0.1900540
-0.1650724
-0.1620383
-0.1599777
-0.1379155
-0.0904980
-0.0400085
-0.0202264
-0.0403456
-0.0748235
-0.0910087
-0.0758413
-0.0395943
-0.0100403
-0.0167716
-0.0585390
-0.0897901
-0.0649786
0.0031352
0.0516827
0.0347648
-0.0362259
-0.1149451
-0.1608143
-0.1601277
-0.1283614
-0.0937423
-0.0675715
-0.0368633
0.0062334
0.0453972
0.0643325
0.0689807
0.0662003
0.0409865
-0.0213425
-0.1060381
-0.1830409
-0.2360142
-0.2615736
-0.2583753
-0.2342444
-0.2066544
-0.1813285
-0.1471616
-0.1012215
-0.0570732
-0.0208194
0.0162289
0.0544455
0.0825340
0.1028020
0.1314716
0.1703520
0.2085027
0.2529007
0.3221534
0.4054474
0.4608929
0.4587264
0.3987557
0.2914717
0.1565943
0.0337711
-0.0432656
-0.0807131
-0.1029393
-0.1087031
-0.0819170
-0.0302076
0.0227804
0.0678564
0.1023420
0.1158882
0.1165635
0.1397542
0.1933732
0.2275207
0.1997189
0.1380788
0.1004786
0.1044556
0.1318698
0.1625379
0.1691763
0.1252282
0.0536253
0.0213348
0.0545245
0.1084663
0.1419109
0.1576066
0.1514435
0.1021654
0.0381737
0.0293950
0.0826169
0.1291034
0.1368208
0.1393048
0.1388269
0.0951140
0.0285059
0.0095244
0.0293527
0.0185141
0.0024943
0.0718320
0.1865320
0.2125155
0.1771083
0.2406675
0.3484440
0.1982866
-0.2957487
