-0.6375984
-0.6501350
-0.4323216
-0.3100729
-0.3378897
-0.3305552
-0.2326563
-0.1686825
-0.1817941
-0.1779774
-0.1220901
-0.0847753
-0.0900274
-0.0828857
-0.0522177
-0.0450415
-0.0601682
-0.0502851
-0.0232516
-0.0309394
-0.0667112
-0.0738135
-0.0450890
-0.0257567
-0.0303266
-0.0353692
-0.0381413
-0.0518773
-0.0624081
-0.0521750
-0.0440912
-0.0652175
-0.0941014
-0.0963290
-0.0824847
-0.0818616
-0.0896670
-0.0864441
-0.0796540
-0.0840839
-0.0899193
-0.0858836
-0.0842294
-0.0922663
-0.0899871
-0.0619200
-0.0196652
0.0271113
0.0856357
0.1463572
0.1726715
0.1476727
0.1010745
0.0730178
0.0780033
0.1109848
0.1556279
0.1803187
0.1613629
0.1185026
0.0970926
0.1118837
0.1386545
0.1601230
0.1853357
0.2208177
0.2536603
0.2675301
0.2527415
0.2035245
0.1277193
0.0535169
0.0068822
-0.0081505
0.0080632
0.0643804
0.1473829
0.1978011
0.1571350
0.0355814
-0.0900705
-0.1438914
-0.1061288
-0.0186940
0.0460614
0.0366721
-0.0362021
-0.1125049
-0.1402353
-0.1091385
-0.0344168
0.0600631
0.1345248
0.1449834
0.0868861
0.0097342
-0.0295377
-0.0172130
0.0198140
0.0511539
0.0691051
0.0896502
0.1308290
0.1807686
0.1939006
0.1373177
0.0362962
-0.0468305
-0.0770174
-0.0720284
-0.0696007
-0.0906293
-0.1317538
-0.1728075
-0.1903396
-0.1791056
-0.1593754
-0.1521926
-0.1540816
-0.1483871
-0.1324816
-0.1186349
-0.1140808
-0.1124996
-0.0998108
-0.0618795
0.0018126
0.0639965
0.0835345
0.0459798
-0.0190430
-0.0682875
-0.0815375
-0.0642358
-0.0320717
-0.0036628
0.0066126
0.0020793
0.0027121
0.0232465
0.0579626
0.0874594
0.0908477
0.0540793
-0.0177003
-0.0939686
-0.1390752
-0.1425885
-0.1217320
-0.0977906
-0.0822431
-0.0804073
-0.0910023
-0.1019186
-0.1005298
-0.0887747
-0.0776559
-0.0695546
-0.0568513
-0.0344915
-0.0025935
0.0413619
0.1047345
0.1970744
0.3287126
0.5014306
0.6919304
0.8541344
0.9483659
0.9632044
0.9055947
0.7835814
0.6092292
0.4073546
0.2076616
0.0307828
-0.1135096
-0.2215981
-0.2945359
-0.3349024
-0.3427683
-0.3215884
-0.2867259
-0.2564925
-0.2337037
-0.2074669
-0.1741103
-0.1443239
-0.1279381
-0.1233367
-0.1245024
-0.1286116
-0.1344060
-0.1408069
-0.1476833
-0.1521574
-0.1475214
-0.1333269
-0.1217798
-0.1248017
-0.1387881
-0.1511193
-0.1571720
-0.1615280
-0.1666908
-0.1702540
-0.1706454
-0.1684251
-0.1646854
-0.1626985
-0.1660845
-0.1717401
-0.1718741
-0.1668063
-0.1664368
-0.1736193
-0.1756361
-0.1594478
-0.1281067
-0.0957010
-0.0721579
-0.0579052
-0.0477393
-0.0360223
-0.0225594
-0.0143391
-0.0162077
-0.0214335
-0.0193412
-0.0104350
-0.0043761
-0.0042927
-0.0038356
0.0001368
0.0026860
0.0004533
-0.0023682
0.0002822
0.0105395
0.0265566
0.0434390
0.0559331
0.0642434
0.0734431
0.0833356
0.0855895
0.0769705
0.0680701
0.0704534
0.0807293
0.0858841
0.0801206
0.0685557
0.0575795
0.0485422
0.0391688
0.0269463
0.0130181
0.0038113
0.0044168
0.0103419
0.0125727
0.0109538
0.0139743
0.0242339
0.0339590
0.0380593
0.0426184
0.0559782
0.0780716
0.1021020
0.1214118
0.1325390
0.1363637
0.1376005
0.1397600
0.1418523
0.1435671
0.1494445
0.1616427
0.1729222
0.1749624
0.1705415
0.1689766
0.1716153
0.1704383
0.1607140
0.1480829
0.1422432
0.1471400
0.1565641
0.1580193
0.1446378
0.1246804
0.1135266
0.1144076
0.1147238
0.1048642
0.0919822
0.0888999
0.0962725
0.1030603
0.1006027
0.0901810
0.0788971
0.0720065
0.0682209
0.0618744
0.0515127
0.0438610
0.0443978
0.0470067
0.0406653
0.0248856
0.0100161
0.0025623
-0.0009222
-0.0041170
-0.0034133
0.0066548
0.0255312
0.0465715
0.0623002
0.0699209
0.0737232
0.0801345
0.0889264
0.0940814
0.0961828
0.1072606
0.1379687
0.1867604
0.2498086
0.3362754
0.4621719
0.6263725
0.7969265
0.9228204
0.9608546
0.8976713
0.7518905
0.5558559
0.3356525
0.1092039
-0.1035872
-0.2813757
-0.4143195
-0.5071233
-0.5650483
-0.5842902
-0.5610786
-0.5046790
-0.4359265
-0.3746921
-0.3300511
-0.2990590
-0.2731036
-0.2472633
-0.2235469
-0.2042670
-0.1863202
-0.1661705
-0.1465290
-0.1321847
-0.1222337
-0.1128190
-0.1050366
-0.1030842
-0.1056733
-0.1057071
-0.0986690
-0.0869912
-0.0765772
-0.0722403
-0.0752959
-0.0828501
-0.0907304
-0.0981356
-0.1063477
-0.1125703
-0.1108689
-0.1015761
-0.0938372
-0.0950698
-0.1026664
-0.1096549
-0.1139647
-0.1181338
-0.1234075
-0.1279594
-0.1292273
-0.1263538
-0.1219987
-0.1213718
-0.1265231
-0.1325702
-0.1331429
-0.1277232
-0.1190156
-0.1056906
-0.0845872
-0.0589826
-0.0370717
-0.0211549
-0.0045753
0.0186039
0.0453677
0.0672927
0.0800058
0.0881335
0.1013026
0.1237615
0.1476946
0.1604334
0.1593337
0.1543741
0.1537798
0.1534630
0.1453330
0.1302787
0.1161823
0.1062422
0.0958341
0.0802233
0.0607004
0.0425227
0.0287310
0.0162794
-0.0010038
-0.0239137
-0.0442119
-0.0534634
-0.0539329
-0.0550963
-0.0601472
-0.0628898
-0.0589754
-0.0531441
-0.0519776
-0.0542341
-0.0520952
-0.0400125
-0.0205547
-0.0025087
0.0070894
0.0101507
0.0149623
0.0250504
0.0345137
0.0378908
0.0402795
0.0515421
0.0725073
0.0929529
0.1031895
0.1035656
0.1027956
0.1099995
0.1280926
0.1535031
0.1841571
0.2289781
0.3061179
0.4282204
0.5889448
0.7617498
0.9070479
0.9822379
0.9564727
0.8266865
0.6208776
0.3825389
0.1490823
-0.0597232
-0.2399897
-0.3938874
-0.5187321
-0.6040826
-0.6411623
-0.6340225
-0.5975364
-0.5447326
-0.4802303
-0.4060642
-0.3293025
-0.2620021
-0.2148993
-0.1898315
-0.1762056
-0.1581028
-0.1300096
-0.1041694
-0.0965955
-0.1047222
-0.1032891
-0.0660470
0.0068509
0.0821435
0.1169139
0.0958305
0.0481009
0.0218913
0.0364101
0.0614039
0.0477409
-0.0234254
-0.1235997
-0.2043929
-0.2375051
-0.2306190
-0.2109099
-0.1968818
-0.1862441
-0.1680593
-0.1402384
-0.1105925
-0.0850103
-0.0628441
-0.0433854
-0.0273187
-0.0071340
0.0369798
0.1221678
0.2402923
0.3517041
0.4059940
0.3764374
0.2801144
0.1636922
0.0658170
-0.0072646
-0.0701654
-0.1297250
-0.1746366
-0.1906687
-0.1775615
-0.1477798
-0.1123345
-0.0710722
-0.0172774
0.0481026
0.1080073
0.1391580
0.1339888
0.1123426
0.1091217
0.1473414
0.2171718
0.2759932
0.2744969
0.1981995
0.0919789
0.0350089
0.0756287
0.1832838
0.2673731
0.2503112
0.1299382
-0.0229416
-0.1263649
-0.1506260
-0.1277653
-0.1065455
-0.1052155
-0.1080519
-0.0964660
-0.0710771
-0.0446148
-0.0250822
-0.0117443
-0.0017424
0.0064365
0.0157641
0.0321952
0.0593613
0.0900295
0.1049825
0.0861179
0.0345900
-0.0253969
-0.0630125
-0.0606842
-0.0198967
0.0449244
0.1128654
0.1614057
0.1740775
0.1481899
0.0956902
0.0366407
-0.0100706
-0.0351831
-0.0427217
-0.0447568
-0.0505741
-0.0604861
-0.0686790
-0.0691724
-0.0594108
-0.0420190
-0.0243731
-0.0136526
-0.0110774
-0.0127345
-0.0155925
-0.0195460
-0.0236435
-0.0244607
-0.0202250
-0.0144433
-0.0134876
-0.0201765
-0.0286720
-0.0255304
0.0007455
0.0477761
0.0985866
0.1366091
0.1618047
0.1910791
0.2452403
0.3374653
0.4694597
0.6298558
0.7921392
0.9172028
0.9648702
0.9115718
0.7646603
0.5614346
0.3491182
0.1597511
0.0013551
-0.1302782
-0.2366128
-0.3138372
-0.3592913
-0.3754395
-0.3686325
-0.3467699
-0.3179864
-0.2902877
-0.2716137
-0.2677159
-0.2767456
-0.2869947
-0.2849157
-0.2677211
-0.2460534
-0.2328183
-0.2306323
-0.2309224
-0.2244188
-0.2120167
-0.2046117
-0.2100689
-0.2202204
-0.2153030
-0.1850409
-0.1425329
-0.1124615
-0.1064278
-0.1140276
-0.1177600
-0.1120665
-0.1059632
-0.1099245
-0.1233568
-0.1354315
-0.1362937
-0.1242065
-0.1005288
-0.0626260
-0.0094415
0.0451080
0.0724665
0.0508413
-0.0133142
-0.0878395
-0.1394373
-0.1566532
-0.1524081
-0.1474446
-0.1514960
-0.1590936
-0.1615879
-0.1595619
-0.1607069
-0.1678340
-0.1739045
-0.1696638
-0.1528713
-0.1289770
-0.1052739
-0.0855607
-0.0687242
-0.0512386
-0.0313221
-0.0104919
0.0089388
0.0261461
0.0406981
0.0515457
0.0591337
0.0665295
0.0759106
0.0851957
0.0903147
0.0895346
0.0835724
0.0731384
0.0592035
0.0450371
0.0353273
0.0325374
0.0347308
0.0368801
0.0344502
0.0267175
0.0165937
0.0064718
-0.0043626
-0.0160063
-0.0234173
-0.0202634
-0.0080152
0.0030005
0.0039522
-0.0035449
-0.0107946
-0.0123870
-0.0109003
-0.0117876
-0.0153608
-0.0151696
-0.0053130
0.0111281
0.0235914
0.0254245
0.0213355
0.0208909
0.0264999
0.0314106
0.0292355
0.0223997
0.0204056
0.0309550
0.0523800
0.0736143
0.0825298
0.0760660
0.0621270
0.0510589
0.0462791
0.0436521
0.0380506
0.0288806
0.0200336
0.0154427
0.0142686
0.0108790
0.0012606
-0.0110386
-0.0181865
-0.0177096
-0.0157639
-0.0192458
-0.0271063
-0.0317996
-0.0283692
-0.0202910
-0.0160812
-0.0203991
-0.0287235
-0.0318518
-0.0261407
-0.0174307
-0.0132068
-0.0129002
-0.0089604
0.0034493
0.0212660
0.0384170
0.0533195
0.0704995
0.0960921
0.1327209
0.1792704
0.2368710
0.3150618
0.4285851
0.5834917
0.7640964
0.9334543
1.0479974
1.0764530
1.0122878
0.8732742
0.6887102
0.4839349
0.2745122
0.0718609
-0.1104200
-0.2582476
-0.3632091
-0.4250680
-0.4492458
-0.4435901
-0.4171851
-0.3803431
-0.3433481
-0.3125507
-0.2866725
-0.2594393
-0.2288407
-0.2026631
-0.1913494
-0.1952784
-0.2026106
-0.2013564
-0.1915385
-0.1835801
-0.1853847
-0.1925736
-0.1925202
-0.1785259
-0.1590417
-0.1504084
-0.1595560
-0.1761294
-0.1835470
-0.1761382
-0.1631588
-0.1571371
-0.1609658
-0.1665966
-0.1646100
-0.1541958
-0.1438053
-0.1419730
-0.1482625
-0.1546534
-0.1552334
-0.1517324
-0.1485906
-0.1452952
-0.1362726
-0.1180867
-0.0953757
-0.0791647
-0.0786205
-0.0933048
-0.1136336
-0.1299442
-0.1406126
-0.1499772
-0.1593806
-0.1631649
-0.1542953
-0.1321614
-0.1038469
-0.0783764
-0.0597581
-0.0448054
-0.0277522
-0.0073086
0.0117814
0.0249409
0.0339780
0.0451086
0.0612088
0.0777955
0.0869879
0.0847144
0.0740959
0.0619957
0.0517661
0.0397011
0.0202881
-0.0048213
-0.0255239
-0.0327401
-0.0280342
-0.0222709
-0.0253067
-0.0378877
-0.0527473
-0.0622792
-0.0651179
-0.0657795
-0.0683040
-0.0713448
-0.0705688
-0.0648880
-0.0581360
-0.0544439
-0.0538836
-0.0534240
-0.0509699
-0.0476319
-0.0461825
-0.0469354
-0.0449178
-0.0328205
-0.0088194
0.0192525
0.0400436
0.0495992
0.0546618
0.0645074
0.0805788
0.0950245
0.0992632
0.0934272
0.0865311
0.0866386
0.0917954
0.0926888
0.0840965
0.0707622
0.0605152
0.0542391
0.0457157
0.0306825
0.0130959
0.0011802
-0.0017702
-0.0013969
-0.0064342
-0.0190301
-0.0322512
-0.0383380
-0.0380456
-0.0391273
-0.0455776
-0.0514907
-0.0476382
-0.0327898
-0.0161235
-0.0075829
-0.0064752
-0.0008300
0.0209085
0.0583719
0.1024552
0.1519985
0.2249975
0.3483886
0.5334478
0.7599273
0.9827763
1.1535509
1.2387878
1.2257063
1.1186086
0.9342487
0.6993414
0.4462692
0.2038284
-0.0115377
-0.1949105
-0.3430076
-0.4473625
-0.4993688
-0.5009961
-0.4679543
-0.4211201
-0.3746772
-0.3317497
-0.2901874
-0.2514347
-0.2227011
-0.2100626
-0.2109378
-0.2156892
-0.2169894
-0.2158958
-0.2180022
-0.2251800
-0.2326742
-0.2341528
-0.2285824
-0.2212917
-0.2177550
-0.2168401
-0.2119241
-0.1994176
-0.1841097
-0.1736156
-0.1683970
-0.1605319
-0.1436645
-0.1221679
-0.1080177
-0.1081864
-0.1164412
-0.1191773
-0.1097424
-0.0954781
-0.0888058
-0.0922150
-0.0951994
-0.0871078
-0.0700667
-0.0562130
-0.0533374
-0.0568347
-0.0569943
-0.0517751
-0.0492770
-0.0568868
-0.0702475
-0.0762218
-0.0676610
-0.0524669
-0.0449352
-0.0490300
-0.0540228
-0.0479318
-0.0321284
-0.0193939
-0.0181711
-0.0219543
-0.0162196
0.0050159
0.0318719
0.0490712
0.0523780
0.0519875
0.0592369
0.0730998
0.0825966
0.0809658
0.0735043
0.0703200
0.0741266
0.0778611
0.0739043
0.0632562
0.0540781
0.0519710
0.0540462
0.0539222
0.0508682
0.0509053
0.0583736
0.0692568
0.0750994
0.0723452
0.0654964
0.0611013
0.0606462
0.0604963
0.0579043
0.0552435
0.0572068
0.0644322
0.0717900
0.0739541
0.0712019
0.0677436
0.0650673
0.0598653
0.0497592
0.0390124
0.0359607
0.0443937
0.0588144
0.0693127
0.0710211
0.0677876
0.0658876
0.0651522
0.0585398
0.0413019
0.0186902
0.0023042
-0.0011821
0.0038295
0.0072939
0.0040471
-0.0017491
-0.0022537
0.0048087
0.0133723
0.0159166
0.0123374
0.0102922
0.0161944
0.0273711
0.0347018
0.0325336
0.0242986
0.0177822
0.0161012
0.0150429
0.0097105
0.0022370
0.0006017
0.0092349
0.0228567
0.0316795
0.0318280
0.0280946
0.0262512
0.0255388
0.0208680
0.0109859
0.0013669
-0.0020909
-0.0005332
-0.0011142
-0.0082480
-0.0178399
-0.0221012
-0.0193266
-0.0160027
-0.0178377
-0.0208684
-0.0145389
0.0062158
0.0344412
0.0583594
0.0742473
0.0906427
0.1201394
0.1696758
0.2414229
0.3419684
0.4843479
0.6734627
0.8865010
1.0712641
1.1703670
1.1528506
1.0266931
0.8249445
0.5825878
0.3250155
0.0717679
-0.1572199
-0.3438326
-0.4790743
-0.5646491
-0.6063039
-0.6079845
-0.5742321
-0.5158838
-0.4489790
-0.3863418
-0.3318122
-0.2837179
-0.2421135
-0.2103704
-0.1903453
-0.1789602
-0.1713007
-0.1658956
-0.1647649
-0.1682014
-0.1719437
-0.1714090
-0.1674693
-0.1651771
-0.1662859
-0.1657727
-0.1580078
-0.1449702
-0.1351735
-0.1336099
-0.1350495
-0.1296058
-0.1145871
-0.0986240
-0.0927663
-0.0985149
-0.1065622
-0.1075907
-0.1023574
-0.0994435
-0.1040677
-0.1117821
-0.1141985
-0.1091166
-0.1028386
-0.1026564
-0.1091066
-0.1169299
-0.1225951
-0.1284790
-0.1384388
-0.1507200
-0.1580053
-0.1556448
-0.1482675
-0.1459936
-0.1537759
-0.1659419
-0.1721381
-0.1677170
-0.1568996
-0.1459217
-0.1349796
-0.1186372
-0.0938498
-0.0655039
-0.0424206
-0.0284097
-0.0189561
-0.0071342
0.0087728
0.0249098
0.0382126
0.0508145
0.0668506
0.0858301
0.1011276
0.1060089
0.1005189
0.0913233
0.0846913
0.0806779
0.0749135
0.0653095
0.0553884
0.0503337
0.0506412
0.0509928
0.0458076
0.0352346
0.0248087
0.0190714
0.0163052
0.0105141
-0.0012531
-0.0144150
-0.0206748
-0.0165309
-0.0074084
-0.0027506
-0.0070688
-0.0163022
-0.0230535
-0.0246197
-0.0249340
-0.0287179
-0.0351042
-0.0383351
-0.0345463
-0.0263940
