-0.3204777
-0.2699813
-0.1842232
-0.1107705
-0.0662727
-0.0367093
-0.0144976
-0.0053606
-0.0065189
-0.0055624
0.0000265
0.0025061
0.0016437
0.0054651
0.0144920
0.0205960
0.0208728
0.0198800
0.0195215
0.0180398
0.0168014
0.0175184
0.0157079
0.0075017
-0.0001373
0.0027864
0.0130016
0.0165161
0.0082647
0.0002902
0.0072610
0.0283528
0.0466351
0.0477367
0.0404392
0.0539071
0.1046256
0.1671667
0.1938370
0.1727999
0.1544164
0.2026943
0.3207460
0.4369768
0.4713764
0.4119698
0.3222429
0.2743393
0.2788690
0.2839941
0.2414072
0.1631920
0.1063162
0.1082880
0.1516319
0.1914989
0.2035418
0.1967611
0.1891019
0.1839512
0.1724337
0.1513661
0.1322760
0.1305228
0.1470934
0.1649255
0.1651753
0.1451770
0.1195517
0.1075525
0.1212068
0.1592672
0.2050086
0.2321142
0.2219892
0.1803033
0.1348765
0.1146700
0.1284196
0.1596045
0.1796461
0.1694108
0.1339128
0.0984339
0.0889300
0.1143353
0.1657634
0.2305310
0.3068179
0.4058016
0.5368616
0.6852263
0.8042207
0.8378540
0.7596050
0.5914315
0.3841350
0.1791894
-0.0121962
-0.1986418
-0.3832623
-0.5497275
-0.6713665
-0.7317962
-0.7351805
-0.6975193
-0.6325655
-0.5492348
-0.4585857
-0.3754722
-0.3101578
-0.2607282
-0.2159738
-0.1658303
-0.1099375
-0.0579520
-0.0218333
-0.0069584
-0.0107370
-0.0291725
-0.0614701
-0.1056179
-0.1515354
-0.1831866
-0.1899324
-0.1758725
-0.1575476
-0.1510054
-0.1585964
-0.1675957
-0.1634384
-0.1451590
-0.1265262
-0.1218534
-0.1328065
-0.1493849
-0.1604393
-0.1609078
-0.1513243
-0.1347268
-0.1157937
-0.1014266
-0.0988658
-0.1096531
-0.1241971
-0.1252983
-0.1014720
-0.0579083
-0.0124866
0.0196190
0.0366039
0.0467782
0.0579760
0.0712887
0.0832873
0.0923014
0.1016004
0.1157668
0.1340115
0.1487282
0.1521356
0.1437507
0.1302655
0.1186800
0.1103947
0.1012327
0.0864019
0.0662222
0.0474355
0.0373199
0.0353844
0.0324260
0.0197109
-0.0014029
-0.0203598
-0.0276613
-0.0232318
-0.0146913
-0.0083244
-0.0027815
0.0075531
0.0237276
0.0397111
0.0509154
0.0631799
0.0892030
0.1358271
0.1989077
0.2727540
0.3606902
0.4700613
0.5939405
0.6998590
0.7419139
0.6899282
0.5506077
0.3610362
0.1612025
-0.0276986
-0.2014528
-0.3567919
-0.4828921
-0.5679704
-0.6093800
-0.6145930
-0.5938536
-0.5542365
-0.5009765
-0.4422845
-0.3895134
-0.3504208
-0.3231826
-0.2998299
-0.2764810
-0.2583042
-0.2532586
-0.2625932
-0.2790850
-0.2934595
-0.3006866
-0.3005953
-0.2949162
-0.2855668
-0.2755012
-0.2690251
-0.2686405
-0.2710702
-0.2690330
-0.2595837
-0.2495236
-0.2490322
-0.2590474
-0.2677476
-0.2620085
-0.2418877
-0.2221203
-0.2186057
-0.2335000
-0.2536800
-0.2636986
-0.2596305
-0.2496883
-0.2425298
-0.2378887
-0.2298134
-0.2163350
-0.2024779
-0.1938937
-0.1904245
-0.1872214
-0.1802924
-0.1683817
-0.1491711
-0.1166757
-0.0669189
-0.0081268
0.0382925
0.0533759
0.0401790
0.0249578
0.0345621
0.0712245
0.1103425
0.1231491
0.1013337
0.0608577
0.0244424
0.0021168
-0.0120136
-0.0273102
-0.0444325
-0.0558010
-0.0549034
-0.0422837
-0.0233555
-0.0035405
0.0133255
0.0237626
0.0242695
0.0135200
-0.0044409
-0.0198735
-0.0229011
-0.0118777
0.0046411
0.0175132
0.0300500
0.0596928
0.1246090
0.2288600
0.3620122
0.5116830
0.6705048
0.8248751
0.9385792
0.9590055
0.8527079
0.6388411
0.3814168
0.1419439
-0.0610239
-0.2452130
-0.4233658
-0.5767443
-0.6712489
-0.6929193
-0.6603659
-0.6034201
-0.5377212
-0.4650209
-0.3921783
-0.3376105
-0.3138311
-0.3107047
-0.3057235
-0.2911118
-0.2825612
-0.2964926
-0.3239306
-0.3350557
-0.3107516
-0.2636181
-0.2232597
-0.2039623
-0.1939841
-0.1782449
-0.1635871
-0.1720579
-0.2096089
-0.2520982
-0.2702947
-0.2636938
-0.2572556
-0.2603246
-0.2386769
-0.1419635
0.0350679
0.2244475
0.3277454
0.2929357
0.1510725
-0.0194066
-0.1584608
-0.2542490
-0.3197320
-0.3578777
-0.3587301
-0.3230745
-0.2742354
-0.2392782
-0.2224250
-0.2035985
-0.1640927
-0.1092404
-0.0625808
-0.0400094
-0.0344679
-0.0268657
-0.0074050
0.0178751
0.0392220
0.0556439
0.0730357
0.0936409
0.1118956
0.1209749
0.1203822
0.1151002
0.1086379
0.0996775
0.0861090
0.0699136
0.0563031
0.0505282
0.0594348
0.0941624
0.1618419
0.2467798
0.3039842
0.2863770
0.1920348
0.0851969
0.0579878
0.1554523
0.3302717
0.4750537
0.5097990
0.4474330
0.3782940
0.3896325
0.4937564
0.6238387
0.6908572
0.6462391
0.5025261
0.3087958
0.1120985
-0.0638604
-0.2151425
-0.3425121
-0.4415230
-0.5038302
-0.5245836
-0.5070950
-0.4598094
-0.3885871
-0.2938448
-0.1792429
-0.0649596
0.0119643
0.0185708
-0.0470921
-0.1496889
-0.2400610
-0.2882144
-0.2966015
-0.2854322
-0.2692944
-0.2489682
-0.2211508
-0.1881348
-0.1538048
-0.1144099
-0.0618897
-0.0001265
0.0467895
0.0500744
0.0033816
-0.0671373
-0.1223547
-0.1408611
-0.1313419
-0.1171423
-0.1118122
-0.1108338
-0.1042527
-0.0919352
-0.0832222
-0.0833983
-0.0847584
-0.0731793
-0.0427193
-0.0026441
0.0299768
0.0449760
0.0481453
0.0572954
0.0889167
0.1460459
0.2156274
0.2753842
0.3043633
0.2916391
0.2404706
0.1668570
0.0928941
0.0378445
0.0113310
0.0116726
0.0294355
0.0538303
0.0783566
0.1025391
0.1290251
0.1583509
0.1854479
0.2016129
0.2022994
0.1947349
0.1957052
0.2172816
0.2536096
0.2865309
0.3095678
0.3451448
0.4301986
0.5773178
0.7497980
0.8815987
0.9290068
0.9048493
0.8598289
0.8288591
0.7972495
0.7206322
0.5752323
0.3843344
0.1953171
0.0356431
-0.1038972
-0.2432265
-0.3759505
-0.4641833
-0.4736367
-0.4138009
-0.3400365
-0.3104730
-0.3354154
-0.3666707
-0.3392494
-0.2306732
-0.0860536
0.0147429
0.0215266
-0.0457008
-0.1163992
-0.1315459
-0.0903360
-0.0383754
-0.0123720
-0.0006020
0.0384463
0.1202047
0.2054643
0.2371741
0.2074896
0.1793812
0.2297643
0.3665831
0.5066867
0.5425031
0.4346918
0.2425799
0.0687020
-0.0238011
-0.0456634
-0.0488823
-0.0708544
-0.1082277
-0.1332831
-0.1260814
-0.0913035
-0.0507801
-0.0233570
-0.0097610
0.0054797
0.0362652
0.0779324
0.1104716
0.1215226
0.1236236
0.1425041
0.1867398
0.2347802
0.2577021
0.2528704
0.2484317
0.2723944
0.3220843
0.3677327
0.3818000
0.3585879
0.3095410
0.2542894
0.2238593
0.2579280
0.3724006
0.5194001
0.5983214
0.5365113
0.3708245
0.2347458
0.2425050
0.3774256
0.5019879
0.4868822
0.3310677
0.1534242
0.0718130
0.0989497
0.1548137
0.1638544
0.1231397
0.0787184
0.0586675
0.0494952
0.0336939
0.0258630
0.0536924
0.1111106
0.1547264
0.1596281
0.1646488
0.2368547
0.3842152
0.5246695
0.5682630
0.5321557
0.5490684
0.7345301
1.0405903
1.2570181
1.1764248
0.7696858
0.2069199
-0.2841739
-0.5787869
-0.6973783
-0.7290768
-0.7399535
-0.7461339
-0.7396789
-0.7124972
-0.6582523
-0.5734066
-0.4695688
-0.3777063
-0.3271048
-0.3176259
-0.3194824
-0.3038406
-0.2692773
-0.2346368
-0.2111315
-0.1901705
-0.1594220
-0.1226918
-0.0978184
-0.0980476
-0.1210995
-0.1546047
-0.1846953
-0.1979095
-0.1843636
-0.1496806
-0.1225208
-0.1375715
-0.1997507
-0.2656513
-0.2701024
-0.1802150
-0.0265330
0.1189284
0.1953703
0.1874103
0.1172293
0.0151925
-0.0975723
-0.2058308
-0.2931386
-0.3456768
-0.3613948
-0.3498420
-0.3206682
-0.2748075
-0.2101290
-0.1342950
-0.0654654
-0.0145007
0.0315654
0.0987351
0.1905065
0.2660447
0.2679867
0.1853688
0.0876859
0.0794347
0.2024086
0.3794590
0.4680473
0.3856106
0.1882747
0.0221698
-0.0082404
0.0725771
0.1485224
0.1278924
0.0206873
-0.0889158
-0.1309779
-0.1043682
-0.0539755
-0.0121363
0.0281397
0.0897670
0.1776594
0.2762749
0.3746181
0.4804595
0.6017759
0.7171562
0.7750506
0.7317260
0.5918572
0.4065836
0.2268865
0.0613507
-0.1130411
-0.2970982
-0.4368881
-0.4605454
-0.3557188
-0.2050184
-0.1314396
-0.1981951
-0.3586095
-0.5035635
-0.5566654
-0.5250658
-0.4680295
-0.4306273
-0.4132648
-0.3946139
-0.3665902
-0.3398850
-0.3238078
-0.3130809
-0.2972696
-0.2762831
-0.2602679
-0.2553823
-0.2547068
-0.2448112
-0.2186689
-0.1809306
-0.1438752
-0.1212568
-0.1224144
-0.1437438
-0.1621211
-0.1441037
-0.0747683
0.0158217
0.0609473
0.0058460
-0.1415113
-0.3081768
-0.4125116
-0.4299833
-0.4047205
-0.3953007
-0.4121497
-0.4137576
-0.3638176
-0.2811804
-0.2208563
-0.2047259
-0.1845006
-0.0890538
0.0878821
0.2569844
0.3019428
0.1833639
-0.0257446
-0.2052020
-0.2838533
-0.2752687
-0.2348201
-0.1985291
-0.1651377
-0.1216804
-0.0689565
-0.0192995
0.0196351
0.0494716
0.0720577
0.0844375
0.0857556
0.0835861
0.0874599
0.0969764
0.1012488
0.0915798
0.0713693
0.0513787
0.0381408
0.0308930
0.0285858
0.0340137
0.0474715
0.0594739
0.0561314
0.0345275
0.0097812
0.0025072
0.0186205
0.0442416
0.0619889
0.0703508
0.0850927
0.1235458
0.1912986
0.2839121
0.3950111
0.5151540
0.6217675
0.6772334
0.6463949
0.5214721
0.3298371
0.1152513
-0.0898315
-0.2751440
-0.4406315
-0.5797167
-0.6772740
-0.7218139
-0.7157218
-0.6728816
-0.6091478
-0.5370245
-0.4670050
-0.4086519
-0.3670076
-0.3391771
-0.3177528
-0.2987724
-0.2845285
-0.2771844
-0.2715606
-0.2578069
-0.2324189
-0.2044365
-0.1882356
-0.1900650
-0.2030070
-0.2152655
-0.2216985
-0.2259465
-0.2324238
-0.2390386
-0.2393819
-0.2308775
-0.2184173
-0.2093684
-0.2065938
-0.2075055
-0.2084849
-0.2076637
-0.2031202
-0.1912682
-0.1701706
-0.1445794
-0.1248931
-0.1184136
-0.1215502
-0.1226189
-0.1135310
-0.0976832
-0.0849016
-0.0794057
-0.0751993
-0.0640368
-0.0454509
-0.0261495
-0.0101098
0.0072446
0.0327655
0.0650058
0.0931792
0.1078860
0.1109598
0.1123598
0.1177447
0.1218813
0.1158604
0.0990709
0.0812681
0.0725370
0.0734199
0.0762603
0.0747335
0.0697595
0.0662600
0.0668902
0.0710032
0.0784383
0.0909579
0.1084618
0.1259849
0.1376707
0.1441205
0.1533750
0.1732497
0.2048127
0.2463749
0.3032433
0.3887813
0.5109909
0.6565260
0.7892643
0.8666565
0.8601631
0.7647024
0.5951688
0.3785698
0.1476745
-0.0656655
-0.2391258
-0.3651421
-0.4468104
-0.4881689
-0.4899451
-0.4552877
-0.3967907
-0.3337616
-0.2809952
-0.2415865
-0.2118029
-0.1912046
-0.1847614
-0.1940328
-0.2089941
-0.2126243
-0.1955143
-0.1650618
-0.1387612
-0.1282591
-0.1304796
-0.1337590
-0.1308734
-0.1249262
-0.1233316
-0.1280795
-0.1332728
-0.1319329
-0.1239724
-0.1167295
-0.1180363
-0.1293131
-0.1448828
-0.1566043
-0.1586978
-0.1496573
-0.1319060
-0.1105821
-0.0914665
-0.0781816
-0.0705595
-0.0661381
-0.0635309
-0.0635003
-0.0656649
-0.0647747
-0.0528606
-0.0273458
0.0035304
0.0261750
0.0345037
0.0366881
0.0471808
0.0714425
0.0998089
0.1176696
0.1212163
0.1216071
0.1330087
0.1576130
0.1835710
0.1970553
0.1946347
0.1835918
0.1724707
0.1639316
0.1566381
0.1511258
0.1511453
0.1593321
0.1734585
0.1880219
0.1988163
0.2050982
0.2081154
0.2094814
0.2115959
0.2177411
0.2293836
0.2433902
0.2541653
0.2601033
0.2672110
0.2852560
0.3211620
0.3776858
0.4570441
0.5602754
0.6776620
0.7799877
0.8256505
0.7841326
0.6565497
0.4733830
0.2716884
0.0746060
-0.1091665
-0.2724246
-0.4029967
-0.4912741
-0.5388794
-0.5543998
-0.5408110
-0.4921308
-0.4060315
-0.2978696
-0.1973199
-0.1281128
-0.0913778
-0.0696386
-0.0458293
-0.0167683
0.0102890
0.0293108
0.0402463
0.0442165
0.0394338
0.0251297
0.0077058
-0.0011896
0.0053231
0.0226064
0.0395078
0.0495053
0.0548690
0.0596121
0.0612398
0.0526373
0.0320528
0.0082755
-0.0062293
-0.0066431
0.0011683
0.0082870
0.0112864
0.0127025
0.0154529
0.0196280
0.0248325
0.0330523
0.0471395
0.0671345
0.0898808
0.1123151
0.1334459
0.1525328
0.1673291
0.1763869
0.1826794
0.1924256
0.2089199
0.2285814
0.2445545
0.2538159
0.2593200
0.2652541
0.2722222
0.2784038
0.2837693
0.2899657
0.2951645
0.2918319
0.2730993
0.2418022
0.2107299
0.1919444
0.1863815
0.1851793
0.1803918
0.1720792
0.1644071
0.1576655
0.1475945
0.1327541
0.1193236
0.1158360
0.1239085
0.1368932
0.1483713
0.1595976
0.1764857
0.2005670
0.2259955
0.2461597
0.2609297
0.2761064
0.2984835
0.3352344
0.3969798
0.4939264
0.6209532
0.7451048
0.8140160
0.7852621
0.6533491
0.4507471
0.2240050
0.0082169
-0.1806401
-0.3377847
-0.4612694
-0.5507285
-0.6079617
-0.6339727
-0.6265011
-0.5842705
-0.5145967
-0.4339086
-0.3581805
-0.2936408
-0.2387876
-0.1942145
-0.1659029
-0.1561959
-0.1546321
-0.1438025
-0.1170435
-0.0874691
-0.0752382
-0.0853980
-0.1013940
-0.1024027
-0.0851453
-0.0656784
-0.0602479
-0.0683082
-0.0766146
-0.0769835
-0.0747547
-0.0786254
-0.0868081
-0.0882600
-0.0771801
-0.0614740
-0.0539499
-0.0574311
-0.0624936
-0.0600375
-0.0523026
-0.0488876
-0.0539303
-0.0611287
-0.0620515
-0.0560352
-0.0491697
-0.0450497
-0.0401640
-0.0292807
-0.0124958
0.0056065
0.0225409
0.0404148
0.0609629
0.0806072
0.0930336
0.0963080
0.0952266
0.0958926
0.0995581
0.1030563
0.1039448
0.1028260
0.1005923
0.0962235
0.0894615
0.0841631
0.0855420
0.0929935
0.0982983
0.0939581
0.0829579
0.0771593
0.0841417
0.0971280
0.1005277
0.0857512
0.0596739
0.0367192
0.0245613
0.0196572
0.0154514
0.0109666
0.0093873
0.0108528
0.0107011
0.0053197
-0.0035212
-0.0123333
-0.0217185
-0.0347144
-0.0490362
-0.0549018
-0.0440458
-0.0197990
0.0056454
0.0254311
0.0470686
0.0851581
0.1470480
0.2293774
0.3281215
0.4451239
0.5773664
0.6995463
0.7649313
0.7325741
0.5980820
0.3972376
0.1784121
-0.0284615
-0.2176090
-0.3888837
-0.5312646
-0.6274734
-0.6709707
-0.6727640
-0.6502519
-0.6127730
-0.5606924
-0.4963398
-0.4308329
-0.3778887
-0.3430876
-0.3219498
-0.3078072
-0.2983475
-0.2933680
-0.2893287
-0.2804206
-0.2658512
-0.2531382
-0.2513348
-0.2611366
-0.2735224
-0.2786042
-0.2744169
-0.2663857
-0.2601040
-0.2571380
-0.2574401
-0.2620975
-0.2705282
-0.2761088
-0.2689414
-0.2458305
-0.2161581
-0.1945587
-0.1867038
-0.1842971
-0.1757739
-0.1604341
-0.1489713
-0.1495847
-0.1568102
-0.1573427
-0.1462119
-0.1332957
-0.1313642
-0.1394648
-0.1418248
-0.1244178
-0.0904396
