0.1475864
-0.0256095
-0.3276996
-0.5506074
-0.6350240
-0.6623687
-0.6727171
-0.6328551
-0.5479118
-0.4732638
-0.4211450
-0.3559322
-0.2781262
-0.2273634
-0.2053844
-0.1721249
-0.1178992
-0.0748181
-0.0579265
-0.0510670
-0.0481491
-0.0591008
-0.0788990
-0.0926310
-0.1038005
-0.1210533
-0.1296212
-0.1124682
-0.0861935
-0.0797940
-0.0889497
-0.0837501
-0.0522814
-0.0103080
0.0210412
0.0257090
-0.0037557
-0.0517472
-0.0837397
-0.0836376
-0.0718484
-0.0715440
-0.0764053
-0.0683006
-0.0478729
-0.0297455
-0.0219842
-0.0238285
-0.0300297
-0.0283089
-0.0080386
0.0212231
0.0361901
0.0305877
0.0224828
0.0263780
0.0358358
0.0386816
0.0324681
0.0204117
0.0074986
0.0037365
0.0169788
0.0409130
0.0627499
0.0810527
0.1024448
0.1243436
0.1366624
0.1384929
0.1385492
0.1408347
0.1423250
0.1420216
0.1413513
0.1397700
0.1394286
0.1474617
0.1635802
0.1732770
0.1646762
0.1454281
0.1324508
0.1309755
0.1325423
0.1275363
0.1125238
0.0918504
0.0773756
0.0786227
0.0887874
0.0899489
0.0763726
0.0621670
0.0611769
0.0700422
0.0765753
0.0749803
0.0669785
0.0558339
0.0441900
0.0324764
0.0181909
0.0020652
-0.0075987
-0.0048813
0.0028772
0.0045613
0.0026553
0.0088684
0.0232669
0.0302567
0.0179884
-0.0066066
-0.0243527
-0.0209736
0.0007810
0.0221541
0.0255809
0.0153024
0.0149424
0.0391573
0.0747669
0.0969431
0.0969924
0.0857694
0.0757509
0.0695234
0.0634223
0.0549016
0.0462250
0.0430514
0.0470213
0.0505227
0.0454039
0.0369658
0.0404568
0.0616214
0.0897248
0.1135607
0.1370804
0.1762421
0.2472824
0.3596741
0.5108150
0.6802155
0.8314307
0.9241654
0.9283155
0.8351928
0.6638787
0.4533580
0.2382531
0.0300949
-0.1740968
-0.3685367
-0.5312069
-0.6377428
-0.6767342
-0.6541677
-0.5901059
-0.5096958
-0.4305063
-0.3570728
-0.2887445
-0.2286961
-0.1818943
-0.1489823
-0.1271700
-0.1142460
-0.1084833
-0.1081352
-0.1133743
-0.1243053
-0.1354650
-0.1387027
-0.1346415
-0.1348329
-0.1477675
-0.1670520
-0.1775490
-0.1706106
-0.1513830
-0.1339601
-0.1298280
-0.1376469
-0.1447721
-0.1423267
-0.1363221
-0.1380617
-0.1460970
-0.1464160
-0.1314221
-0.1111611
-0.1025245
-0.1111411
-0.1256417
-0.1279760
-0.1104386
-0.0848140
-0.0723113
-0.0814436
-0.0986782
-0.1039821
-0.0918630
-0.0735391
-0.0631735
-0.0674701
-0.0849898
-0.1086154
-0.1287220
-0.1379023
-0.1333195
-0.1150136
-0.0858520
-0.0541133
-0.0306355
-0.0197679
-0.0160787
-0.0117782
-0.0037346
0.0082557
0.0254883
0.0496520
0.0802913
0.1136234
0.1415838
0.1540416
0.1478715
0.1341030
0.1300839
0.1422291
0.1598375
0.1667495
0.1561558
0.1343756
0.1139287
0.1032511
0.1005778
0.0981225
0.0932116
0.0918958
0.0987338
0.1075158
0.1079472
0.0994101
0.0922757
0.0955482
0.1068142
0.1142915
0.1069374
0.0841521
0.0574592
0.0407178
0.0371679
0.0384531
0.0371754
0.0365534
0.0457767
0.0692315
0.1022114
0.1343897
0.1568009
0.1696478
0.1850816
0.2190681
0.2796943
0.3671484
0.4845634
0.6403934
0.8324860
1.0298101
1.1747629
1.2104310
1.1147588
0.9149576
0.6675336
0.4189613
0.1835153
-0.0423197
-0.2511079
-0.4174870
-0.5179574
-0.5506775
-0.5346064
-0.4935839
-0.4424099
-0.3849220
-0.3226679
-0.2637595
-0.2207452
-0.1991341
-0.1912288
-0.1835443
-0.1685966
-0.1488995
-0.1330064
-0.1291145
-0.1384452
-0.1522226
-0.1584661
-0.1545235
-0.1501046
-0.1552493
-0.1675628
-0.1739506
-0.1638905
-0.1398493
-0.1157655
-0.1051874
-0.1089108
-0.1145231
-0.1100159
-0.0963551
-0.0833854
-0.0750611
-0.0640941
-0.0421732
-0.0115910
0.0150083
0.0250026
0.0164578
0.0006352
-0.0070896
-0.0015282
0.0074831
0.0063283
-0.0075096
-0.0234562
-0.0286114
-0.0183148
0.0013634
0.0180776
0.0215608
0.0113008
-0.0033482
-0.0115333
-0.0089367
0.0016958
0.0146278
0.0247588
0.0308270
0.0373709
0.0512190
0.0741340
0.1005949
0.1234885
0.1393492
0.1472716
0.1463153
0.1366894
0.1221091
0.1091945
0.1043445
0.1099195
0.1215820
0.1306527
0.1320748
0.1296509
0.1309608
0.1380987
0.1463960
0.1512640
0.1526516
0.1529542
0.1539529
0.1562750
0.1592119
0.1603337
0.1568507
0.1477954
0.1345904
0.1204238
0.1090392
0.1015584
0.0935734
0.0786617
0.0570954
0.0384183
0.0324235
0.0388316
0.0477591
0.0489953
0.0395618
0.0242697
0.0108984
0.0037877
0.0010449
-0.0011848
-0.0022819
0.0022891
0.0135667
0.0252672
0.0291745
0.0231683
0.0132808
0.0086523
0.0138102
0.0243581
0.0312899
0.0315384
0.0327812
0.0449132
0.0679618
0.0919165
0.1078800
0.1155903
0.1196746
0.1223039
0.1215932
0.1156322
0.1063257
0.0990489
0.0988843
0.1082971
0.1297695
0.1692421
0.2333734
0.3232904
0.4349391
0.5655989
0.7127455
0.8607289
0.9726977
1.0051099
0.9356967
0.7776152
0.5660673
0.3316429
0.0864136
-0.1657351
-0.4088737
-0.6104534
-0.7402720
-0.7922893
-0.7846950
-0.7405764
-0.6733486
-0.5900229
-0.5009400
-0.4205271
-0.3592266
-0.3170843
-0.2854065
-0.2546271
-0.2217984
-0.1913160
-0.1687364
-0.1549637
-0.1466630
-0.1400572
-0.1326265
-0.1230971
-0.1123275
-0.1032745
-0.0980454
-0.0957187
-0.0945279
-0.0950627
-0.0998167
-0.1105858
-0.1271812
-0.1467825
-0.1631766
-0.1690110
-0.1617488
-0.1471295
-0.1351356
-0.1323059
-0.1377105
-0.1449491
-0.1476870
-0.1447034
-0.1400291
-0.1372187
-0.1342478
-0.1262908
-0.1131630
-0.1010228
-0.0958607
-0.0975419
-0.1012951
-0.1034039
-0.1042686
-0.1063558
-0.1093009
-0.1072622
-0.0932672
-0.0680738
-0.0429396
-0.0303066
-0.0314547
-0.0351291
-0.0282786
-0.0071078
0.0211122
0.0448302
0.0572825
0.0612284
0.0655039
0.0762395
0.0913198
0.1031601
0.1057760
0.0993126
0.0896298
0.0837155
0.0829779
0.0800865
0.0652343
0.0379071
0.0111593
0.0019560
0.0166586
0.0454193
0.0694960
0.0747479
0.0612565
0.0418693
0.0304459
0.0301271
0.0326070
0.0279617
0.0143741
-0.0003844
-0.0050078
0.0068563
0.0312759
0.0567071
0.0738106
0.0830999
0.0919918
0.1049479
0.1180995
0.1232898
0.1161375
0.1005744
0.0864436
0.0815923
0.0847684
0.0869381
0.0809091
0.0689824
0.0599042
0.0589935
0.0626888
0.0629192
0.0565311
0.0504186
0.0561631
0.0776411
0.1045547
0.1214370
0.1242804
0.1263242
0.1470335
0.1983972
0.2831877
0.4016529
0.5522382
0.7215693
0.8751479
0.9636944
0.9466125
0.8159008
0.5996885
0.3421463
0.0789664
-0.1709977
-0.3976955
-0.5905344
-0.7369694
-0.8258773
-0.8512129
-0.8160012
-0.7352842
-0.6330779
-0.5323052
-0.4447495
-0.3697095
-0.3026916
-0.2457836
-0.2083815
-0.1961092
-0.2003654
-0.2028493
-0.1920261
-0.1724817
-0.1563317
-0.1483190
-0.1426114
-0.1327642
-0.1208128
-0.1152100
-0.1214104
-0.1358375
-0.1489982
-0.1537938
-0.1502514
-0.1429102
-0.1359967
-0.1323574
-0.1342804
-0.1413386
-0.1476314
-0.1450794
-0.1314472
-0.1135298
-0.1010419
-0.0979804
-0.1002357
-0.1006789
-0.0963701
-0.0915634
-0.0934333
-0.1038059
-0.1153182
-0.1170891
-0.1048747
-0.0856848
-0.0725230
-0.0737269
-0.0853653
-0.0934733
-0.0859561
-0.0641486
-0.0417052
-0.0309290
-0.0313670
-0.0328880
-0.0280076
-0.0185602
-0.0106123
-0.0053066
0.0037145
0.0237099
0.0539968
0.0844144
0.1034798
0.1080095
0.1042826
0.1008187
0.1015545
0.1051287
0.1080774
0.1080062
0.1053282
0.1025426
0.1007342
0.0970504
0.0877262
0.0741872
0.0640371
0.0639665
0.0716906
0.0760818
0.0666926
0.0444228
0.0226388
0.0158420
0.0259409
0.0405938
0.0457893
0.0386542
0.0270677
0.0191396
0.0159072
0.0133850
0.0083366
0.0007124
-0.0078450
-0.0159251
-0.0225353
-0.0265826
-0.0277466
-0.0281073
-0.0308888
-0.0357505
-0.0369273
-0.0293140
-0.0161316
-0.0066123
-0.0043353
-0.0010020
0.0148745
0.0440058
0.0740567
0.0921723
0.0981770
0.1038210
0.1192941
0.1425998
0.1641541
0.1808856
0.2024443
0.2424052
0.3067741
0.3940658
0.5032341
0.6340815
0.7762317
0.9007409
0.9683167
0.9504782
0.8459799
0.6786787
0.4797238
0.2703934
0.0594283
-0.1469712
-0.3361079
-0.4898979
-0.5927491
-0.6382308
-0.6313833
-0.5871290
-0.5247037
-0.4596267
-0.3984888
-0.3406588
-0.2846643
-0.2332515
-0.1931950
-0.1701301
-0.1624253
-0.1601882
-0.1522893
-0.1359603
-0.1191927
-0.1127917
-0.1196604
-0.1316099
-0.1366724
-0.1303075
-0.1198782
-0.1171333
-0.1255497
-0.1364580
-0.1391968
-0.1338391
-0.1312757
-0.1404933
-0.1578162
-0.1697235
-0.1654847
-0.1466262
-0.1247664
-0.1107510
-0.1056619
-0.1019071
-0.0923658
-0.0777941
-0.0656008
-0.0623331
-0.0671954
-0.0718630
-0.0672293
-0.0526251
-0.0388852
-0.0397165
-0.0579126
-0.0811881
-0.0936246
-0.0911011
-0.0841681
-0.0857810
-0.0974556
-0.1081871
-0.1065096
-0.0924294
-0.0764961
-0.0676404
-0.0639989
-0.0567717
-0.0412138
-0.0213414
-0.0042623
0.0077321
0.0189405
0.0357827
0.0610190
0.0908368
0.1166908
0.1310274
0.1326954
0.1273644
0.1224846
0.1211277
0.1199328
0.1132350
0.1002415
0.0881161
0.0863455
0.0971436
0.1124879
0.1214234
0.1191489
0.1081446
0.0924362
0.0738231
0.0542113
0.0390543
0.0352940
0.0443341
0.0579291
0.0637092
0.0568422
0.0455820
0.0431926
0.0538930
0.0679918
0.0713045
0.0586517
0.0384620
0.0256823
0.0302711
0.0505129
0.0758245
0.0963951
0.1112964
0.1281771
0.1563438
0.2018373
0.2698874
0.3702191
0.5150159
0.7050047
0.9129411
1.0828967
1.1548263
1.0999210
0.9371895
0.7159456
0.4806601
0.2498748
0.0238429
-0.1933689
-0.3822627
-0.5171954
-0.5851920
-0.5950072
-0.5686607
-0.5254733
-0.4742025
-0.4176837
-0.3607823
-0.3116046
-0.2758564
-0.2518300
-0.2320362
-0.2106560
-0.1899367
-0.1782650
-0.1802393
-0.1888943
-0.1901483
-0.1765420
-0.1556443
-0.1430447
-0.1463690
-0.1567533
-0.1570035
-0.1387626
-0.1112666
-0.0920957
-0.0891230
-0.0929562
-0.0880319
-0.0698092
-0.0492322
-0.0406292
-0.0470453
-0.0580885
-0.0610898
-0.0532599
-0.0427935
-0.0388770
-0.0421468
-0.0461488
-0.0472498
-0.0502885
-0.0627297
-0.0844879
-0.1058722
-0.1163240
-0.1142753
-0.1074686
-0.1035842
-0.1016235
-0.0940864
-0.0779958
-0.0616655
-0.0577367
-0.0690777
-0.0835938
-0.0844883
-0.0652855
-0.0343182
-0.0053317
0.0153196
0.0325928
0.0554065
0.0865108
0.1197160
0.1461466
0.1620313
0.1704928
0.1773295
0.1859463
0.1951323
0.2002243
0.1969328
0.1856205
0.1720527
0.1628884
0.1600183
0.1597912
0.1577344
0.1531672
0.1486412
0.1452459
0.1394871
0.1259055
0.1032018
0.0769148
0.0548347
0.0399255
0.0290151
0.0185647
0.0100829
0.0085563
0.0160359
0.0279296
0.0361326
0.0359830
0.0303362
0.0265343
0.0288465
0.0341435
0.0358711
0.0322834
0.0296033
0.0361116
0.0531729
0.0726043
0.0833935
0.0815034
0.0732253
0.0686188
0.0717836
0.0783131
0.0821266
0.0828730
0.0849720
0.0903421
0.0946277
0.0917389
0.0810100
0.0683083
0.0595803
0.0538895
0.0438225
0.0233854
-0.0047940
-0.0306865
-0.0451292
-0.0465890
-0.0407353
-0.0351543
-0.0346436
-0.0394337
-0.0458637
-0.0490556
-0.0466819
-0.0410603
-0.0370619
-0.0370570
-0.0376189
-0.0318819
-0.0162952
0.0046248
0.0212430
0.0274584
0.0260092
0.0243386
0.0257922
0.0264960
0.0213054
0.0114469
0.0048585
0.0087211
0.0220511
0.0360556
0.0421158
0.0394933
0.0348676
0.0342548
0.0362417
0.0344164
0.0270278
0.0236590
0.0406191
0.0875294
0.1578929
0.2357551
0.3156408
0.4154225
0.5623708
0.7580352
0.9549165
1.0745097
1.0588256
0.9118645
0.6926883
0.4662036
0.2579055
0.0531602
-0.1645652
-0.3802918
-0.5530178
-0.6499905
-0.6714052
-0.6432671
-0.5923855
-0.5312713
-0.4624483
-0.3892100
-0.3186325
-0.2574442
-0.2098653
-0.1798918
-0.1714217
-0.1825015
-0.2008163
-0.2095199
-0.2002137
-0.1790224
-0.1583720
-0.1440942
-0.1327104
-0.1202921
-0.1099706
-0.1081667
-0.1149237
-0.1213856
-0.1184271
-0.1065409
-0.0953306
-0.0932374
-0.0994135
-0.1063704
-0.1088434
-0.1081032
-0.1084656
-0.1123916
-0.1197174
-0.1290853
-0.1378931
-0.1422952
-0.1406027
-0.1375337
-0.1423121
-0.1594044
-0.1811153
-0.1922839
-0.1848479
-0.1673389
-0.1577504
-0.1662249
-0.1861871
-0.2033255
-0.2113166
-0.2161465
-0.2255170
-0.2375399
-0.2424680
-0.2346790
-0.2201477
-0.2104924
-0.2103596
-0.2123216
-0.2048073
-0.1840514
-0.1570448
-0.1330939
-0.1140976
-0.0939108
-0.0663283
-0.0326281
-0.0016272
0.0168315
0.0191117
0.0108036
0.0040978
0.0109355
0.0352004
0.0685765
0.0943153
0.0986759
0.0823947
0.0614627
0.0542276
0.0654049
0.0824137
0.0881736
0.0778828
0.0631414
0.0595969
0.0706727
0.0835550
0.0814111
0.0599555
0.0322963
0.0174756
0.0238575
0.0429568
0.0586086
0.0618589
0.0575934
0.0576861
0.0681817
0.0830298
0.0900957
0.0832844
0.0690337
0.0612574
0.0696797
0.0917810
0.1145870
0.1243782
0.1167951
0.0997991
0.0872000
0.0878888
0.0997718
0.1134713
0.1220117
0.1273478
0.1378880
0.1596916
0.1896560
0.2169495
0.2314699
0.2320307
0.2274948
0.2304080
0.2491939
0.2861457
0.3429837
0.4274092
0.5503996
0.7111591
0.8811749
1.0059461
1.0306811
0.9328521
0.7344046
0.4832327
0.2216184
-0.0305253
-0.2674584
-0.4795849
-0.6469351
-0.7491440
-0.7788873
-0.7453022
-0.6674664
-0.5669956
-0.4644814
-0.3766713
-0.3120127
-0.2685755
-0.2387140
-0.2170496
-0.2033315
-0.1974640
-0.1938683
-0.1836247
-0.1632383
-0.1397474
-0.1247018
-0.1220185
-0.1228073
-0.1138887
-0.0919876
-0.0686633
-0.0600873
-0.0714264
-0.0912603
-0.1014380
-0.0927251
-0.0716579
-0.0532915
-0.0478740
-0.0537488
-0.0611911
-0.0616098
-0.0536580
-0.0427711
-0.0364027
-0.0388562
-0.0484875
-0.0587651
-0.0629150
-0.0590807
-0.0516357
-0.0471997
-0.0490093
-0.0550464
-0.0613586
-0.0664996
-0.0721400
-0.0795168
-0.0860863
-0.0862556
-0.0754753
-0.0538102
-0.0262948
-0.0004111
0.0175479
0.0256623
0.0275932
0.0304773
0.0401414
0.0571297
0.0772484
0.0963956
0.1149060
0.1366848
0.1637236
0.1918365
0.2127068
0.2208628
0.2187211
0.2144059
0.2142507
0.2172283
0.2165526
0.2066229
0.1885695
0.1694752
0.1565256
0.1515974
0.1505211
0.1466790
0.1355422
0.1172748
0.0966148
0.0804166
0.0736924
