-0.0635558
-0.0723169
-0.0536873
-0.0333659
-0.0207703
-0.0127525
-0.0090923
-0.0111888
-0.0131229
-0.0069482
0.0051813
0.0132314
0.0124255
0.0073170
0.0043064
0.0062526
0.0129414
0.0209954
0.0245105
0.0213461
0.0181213
0.0239985
0.0397141
0.0569688
0.0689090
0.0785661
0.0979839
0.1420214
0.2215310
0.3376245
0.4794419
0.6261567
0.7498102
0.8182825
0.8034459
0.6944554
0.5050981
0.2665944
0.0125204
-0.2310181
-0.4461189
-0.6200544
-0.7431389
-0.8088042
-0.8160858
-0.7724344
-0.6928718
-0.5951152
-0.4949224
-0.4039892
-0.3285496
-0.2684055
-0.2191402
-0.1770581
-0.1419724
-0.1156948
-0.0993281
-0.0918538
-0.0895545
-0.0870220
-0.0813903
-0.0765739
-0.0809724
-0.0985186
-0.1220267
-0.1369548
-0.1333782
-0.1155037
-0.0992767
-0.0988153
-0.1138436
-0.1311379
-0.1388821
-0.1380066
-0.1381028
-0.1441286
-0.1501515
-0.1462297
-0.1291506
-0.1054524
-0.0849976
-0.0724427
-0.0646385
-0.0555441
-0.0427342
-0.0284435
-0.0150424
-0.0014057
0.0156546
0.0377791
0.0638113
0.0910820
0.1167997
0.1387683
0.1560511
0.1694836
0.1814170
0.1943402
0.2084583
0.2199414
0.2231384
0.2168697
0.2082896
0.2077403
0.2181294
0.2305701
0.2321840
0.2182526
0.1959786
0.1763509
0.1630387
0.1498643
0.1290579
0.1008803
0.0737940
0.0553572
0.0447330
0.0349697
0.0210504
0.0041082
-0.0112153
-0.0213491
-0.0257223
-0.0263056
-0.0266425
-0.0304649
-0.0392750
-0.0499913
-0.0554630
-0.0494372
-0.0328406
-0.0145005
-0.0033345
0.0009381
0.0076910
0.0249351
0.0503996
0.0749437
0.0945127
0.1168756
0.1560166
0.2215750
0.3154449
0.4370999
0.5864466
0.7550257
0.9132137
1.0122921
1.0083444
0.8903528
0.6868587
0.4454465
0.2049173
-0.0165933
-0.2135121
-0.3791187
-0.5010407
-0.5679059
-0.5784196
-0.5442831
-0.4856556
-0.4234154
-0.3723557
-0.3372748
-0.3134558
-0.2922351
-0.2685877
-0.2447266
-0.2268901
-0.2189918
-0.2189520
-0.2199554
-0.2150245
-0.2019799
-0.1854254
-0.1731858
-0.1689636
-0.1679376
-0.1606446
-0.1421968
-0.1175481
-0.0969307
-0.0858045
-0.0798714
-0.0706846
-0.0557370
-0.0415552
-0.0362441
-0.0402661
-0.0458990
-0.0450542
-0.0360839
-0.0233783
-0.0125490
-0.0068335
-0.0062262
-0.0078219
-0.0071065
-0.0009301
0.0093715
0.0183506
0.0215369
0.0209287
0.0244777
0.0386279
0.0611086
0.0820381
0.0925696
0.0919853
0.0865610
0.0830372
0.0840327
0.0883645
0.0937065
0.0986301
0.1033609
0.1092841
0.1170943
0.1247136
0.1273842
0.1209791
0.1060998
0.0886683
0.0753302
0.0674276
0.0597972
0.0463115
0.0268739
0.0087760
0.0010726
0.0070982
0.0210882
0.0312519
0.0276204
0.0097392
-0.0121384
-0.0249309
-0.0238201
-0.0159786
-0.0126145
-0.0171610
-0.0220826
-0.0178791
-0.0045304
0.0074521
0.0079559
-0.0017806
-0.0104435
-0.0086302
0.0018020
0.0105956
0.0097984
0.0006418
-0.0090904
-0.0128460
-0.0106411
-0.0083504
-0.0125918
-0.0254325
-0.0427294
-0.0572001
-0.0638687
-0.0637757
-0.0631421
-0.0685145
-0.0814310
-0.0966370
-0.1052493
-0.1005816
-0.0827063
-0.0589613
-0.0398397
-0.0321895
-0.0343150
-0.0377766
-0.0353958
-0.0278982
-0.0217549
-0.0201549
-0.0172837
-0.0027608
0.0283762
0.0710908
0.1164786
0.1629260
0.2215657
0.3101551
0.4387773
0.5966460
0.7489090
0.8475059
0.8527254
0.7538354
0.5739449
0.3534608
0.1247283
-0.0999756
-0.3175571
-0.5149166
-0.6649982
-0.7441742
-0.7524349
-0.7140208
-0.6573257
-0.5950641
-0.5241842
-0.4423012
-0.3598181
-0.2939864
-0.2532649
-0.2308058
-0.2136552
-0.1958933
-0.1813422
-0.1752046
-0.1758942
-0.1757245
-0.1680046
-0.1522504
-0.1333503
-0.1174337
-0.1086877
-0.1079180
-0.1117875
-0.1137632
-0.1085703
-0.0975505
-0.0884003
-0.0872474
-0.0906801
-0.0875354
-0.0701174
-0.0432524
-0.0210188
-0.0140081
-0.0199606
-0.0267701
-0.0239890
-0.0111439
0.0041059
0.0141870
0.0175991
0.0185841
0.0229346
0.0339243
0.0502591
0.0668022
0.0783738
0.0845456
0.0909764
0.1049969
0.1289411
0.1575408
0.1819068
0.1963087
0.2016918
0.2033909
0.2057981
0.2088662
0.2090178
0.2031077
0.1919685
0.1805845
0.1742302
0.1731684
0.1709717
0.1596680
0.1381485
0.1152005
0.1026371
0.1045349
0.1134992
0.1177035
0.1112282
0.0976376
0.0847113
0.0769295
0.0728028
0.0679083
0.0594481
0.0485837
0.0398456
0.0383685
0.0459850
0.0586689
0.0686707
0.0710043
0.0681252
0.0670529
0.0717251
0.0797506
0.0876487
0.0981052
0.1208154
0.1673034
0.2466816
0.3644749
0.5187981
0.6912925
0.8422800
0.9227327
0.9003047
0.7782500
0.5887493
0.3671224
0.1330619
-0.1044350
-0.3295889
-0.5140385
-0.6308995
-0.6728166
-0.6546489
-0.5998613
-0.5262968
-0.4439289
-0.3614732
-0.2898912
-0.2372461
-0.2014508
-0.1709060
-0.1347504
-0.0939575
-0.0626608
-0.0574504
-0.0831830
-0.1275443
-0.1694697
-0.1941446
-0.2011582
-0.1994399
-0.1961421
-0.1917075
-0.1843501
-0.1756667
-0.1694241
-0.1661026
-0.1617055
-0.1529794
-0.1419049
-0.1330527
-0.1271513
-0.1196867
-0.1068551
-0.0910609
-0.0780964
-0.0689659
-0.0570794
-0.0354998
-0.0062275
0.0197117
0.0321874
0.0314748
0.0278192
0.0322449
0.0478031
0.0685112
0.0854114
0.0936953
0.0954162
0.0967494
0.1028003
0.1140560
0.1268314
0.1369757
0.1435249
0.1489215
0.1556132
0.1627392
0.1667720
0.1655536
0.1611276
0.1580542
0.1589341
0.1616914
0.1610399
0.1525444
0.1358945
0.1152305
0.0966690
0.0847349
0.0797258
0.0775638
0.0726544
0.0623976
0.0499033
0.0416902
0.0413343
0.0449660
0.0440673
0.0339218
0.0193327
0.0108709
0.0143806
0.0241773
0.0276638
0.0176698
0.0001253
-0.0114044
-0.0092286
0.0009171
0.0062216
0.0001428
-0.0113959
-0.0169761
-0.0118497
-0.0026555
-0.0005960
-0.0106241
-0.0270664
-0.0388170
-0.0383773
-0.0269299
-0.0123826
-0.0029735
-0.0013636
-0.0033169
-0.0022040
0.0038972
0.0090752
0.0045767
-0.0119550
-0.0323712
-0.0440749
-0.0408305
-0.0278995
-0.0170260
-0.0167260
-0.0266512
-0.0394559
-0.0468347
-0.0447915
-0.0357353
-0.0269542
-0.0256241
-0.0326993
-0.0410939
-0.0417779
-0.0333049
-0.0245990
-0.0265968
-0.0409032
-0.0578701
-0.0662677
-0.0638136
-0.0575573
-0.0550838
-0.0569413
-0.0574407
-0.0508669
-0.0356873
-0.0139267
0.0113955
0.0378734
0.0646089
0.0930242
0.1265011
0.1688210
0.2242406
0.3000866
0.4061074
0.5441547
0.6932265
0.8066724
0.8324777
0.7450538
0.5616875
0.3283773
0.0883523
-0.1380882
-0.3478269
-0.5357394
-0.6850452
-0.7754775
-0.7974986
-0.7577670
-0.6740581
-0.5680512
-0.4612861
-0.3718213
-0.3089914
-0.2698781
-0.2429097
-0.2174393
-0.1912765
-0.1697282
-0.1581666
-0.1560180
-0.1574435
-0.1566775
-0.1521715
-0.1463667
-0.1426720
-0.1427988
-0.1458817
-0.1491340
-0.1495497
-0.1460165
-0.1404245
-0.1363339
-0.1356296
-0.1359636
-0.1319061
-0.1195421
-0.1003653
-0.0802263
-0.0640099
-0.0516833
-0.0400271
-0.0275491
-0.0161104
-0.0071493
0.0021796
0.0169424
0.0379050
0.0583962
0.0693154
0.0677181
0.0598840
0.0555482
0.0594089
0.0683944
0.0764038
0.0806949
0.0837727
0.0902261
0.1023930
0.1184766
0.1340156
0.1452959
0.1520497
0.1570773
0.1629582
0.1691030
0.1723554
0.1705173
0.1648500
0.1588734
0.1550348
0.1528680
0.1500667
0.1446642
0.1361049
0.1250086
0.1126275
0.1002558
0.0883655
0.0762955
0.0636737
0.0525611
0.0472999
0.0511038
0.0627080
0.0768792
0.0880344
0.0928620
0.0902423
0.0808137
0.0677389
0.0562003
0.0493745
0.0443603
0.0343106
0.0166212
-0.0018220
-0.0100874
-0.0048276
0.0051853
0.0078638
0.0004647
-0.0084509
-0.0097454
-0.0041369
-0.0003675
-0.0042650
-0.0120868
-0.0152583
-0.0100125
-0.0009531
0.0042836
0.0024427
-0.0033733
-0.0077929
-0.0082398
-0.0063982
-0.0057574
-0.0080101
-0.0112132
-0.0109619
-0.0037059
0.0102784
0.0266533
0.0397563
0.0462817
0.0476274
0.0497934
0.0605306
0.0845929
0.1207859
0.1658131
0.2242152
0.3136275
0.4530965
0.6374111
0.8201187
0.9281701
0.9046667
0.7465950
0.5043081
0.2430942
0.0018353
-0.2162253
-0.4194303
-0.6004984
-0.7338686
-0.7962078
-0.7862999
-0.7256359
-0.6426216
-0.5568593
-0.4752177
-0.3982409
-0.3278891
-0.2696435
-0.2285130
-0.2035192
-0.1862757
-0.1660927
-0.1382514
-0.1081257
-0.0864028
-0.0787620
-0.0791648
-0.0728522
-0.0463805
0.0031463
0.0651886
0.1199761
0.1481955
0.1427520
0.1154000
0.0901647
0.0842946
0.0912174
0.0828225
0.0324750
-0.0606027
-0.1676164
-0.2493011
-0.2790384
-0.2518950
-0.1800448
-0.0867695
-0.0032457
0.0399406
0.0300589
-0.0152365
-0.0575814
-0.0669485
-0.0443259
-0.0157988
-0.0046636
-0.0104815
-0.0147190
-0.0032799
0.0197707
0.0397418
0.0481409
0.0493244
0.0522440
0.0594546
0.0658146
0.0661046
0.0612983
0.0567830
0.0557670
0.0557180
0.0514019
0.0408908
0.0281919
0.0198431
0.0187783
0.0213320
0.0202589
0.0110604
-0.0040585
-0.0179449
-0.0239845
-0.0201997
-0.0089150
0.0062282
0.0220373
0.0352139
0.0420418
0.0404199
0.0324167
0.0236973
0.0193645
0.0201126
0.0225406
0.0229677
0.0206806
0.0180965
0.0191850
0.0282385
0.0482128
0.0767966
0.1024044
0.1063382
0.0737328
0.0060692
-0.0765571
-0.1471568
-0.1881397
-0.1989941
-0.1914208
-0.1789937
-0.1698302
-0.1645773
-0.1580725
-0.1440688
-0.1219198
-0.0994979
-0.0862293
-0.0805409
-0.0669603
-0.0316178
0.0178031
0.0534919
0.0560046
0.0411396
0.0504547
0.1077494
0.1856456
0.2221585
0.1760170
0.0666368
-0.0411335
-0.0911046
-0.0757124
-0.0291465
0.0095360
0.0232799
0.0156087
-0.0040904
-0.0274132
-0.0444496
-0.0446288
-0.0248854
0.0064189
0.0400126
0.0828176
0.1616252
0.3033518
0.5052043
0.7210604
0.8793327
0.9216961
0.8342088
0.6484629
0.4153062
0.1751677
-0.0522654
-0.2579884
-0.4315428
-0.5621588
-0.6485959
-0.7010938
-0.7296076
-0.7319770
-0.6981093
-0.6272341
-0.5382146
-0.4595535
-0.4086039
-0.3813117
-0.3614113
-0.3372473
-0.3090921
-0.2832235
-0.2630325
-0.2468644
-0.2317507
-0.2163892
-0.2006977
-0.1847544
-0.1692798
-0.1559556
-0.1457731
-0.1372394
-0.1274710
-0.1155365
-0.1038622
-0.0952932
-0.0887904
-0.0791957
-0.0625874
-0.0421127
-0.0270307
-0.0235476
-0.0254371
-0.0157505
0.0177091
0.0652415
0.0947485
0.0741949
0.0011110
-0.0877976
-0.1396160
-0.1244041
-0.0579298
0.0113566
0.0394456
0.0169166
-0.0302109
-0.0650937
-0.0672828
-0.0418886
-0.0077041
0.0219147
0.0481678
0.0796214
0.1180471
0.1532754
0.1737359
0.1818356
0.1956025
0.2307548
0.2796979
0.3115097
0.2980218
0.2428496
0.1832601
0.1594545
0.1786146
0.2079929
0.2042585
0.1518059
0.0747517
0.0131289
-0.0124174
-0.0140105
-0.0179138
-0.0355335
-0.0540606
-0.0542757
-0.0340774
-0.0116530
-0.0060520
-0.0180301
-0.0321340
-0.0351926
-0.0278441
-0.0165725
0.0002603
0.0312433
0.0755744
0.1141660
0.1241353
0.1028949
0.0728514
0.0584405
0.0602250
0.0555316
0.0247994
-0.0264522
-0.0737067
-0.0980917
-0.1005591
-0.0924287
-0.0783372
-0.0540154
-0.0194636
0.0123941
0.0250654
0.0156612
-0.0008876
-0.0063109
0.0035815
0.0169493
0.0201466
0.0122766
0.0062441
0.0177755
0.0541301
0.1106739
0.1744383
0.2307364
0.2715527
0.3039961
0.3516746
0.4411859
0.5775924
0.7278924
0.8313797
0.8345606
0.7243676
0.5322233
0.3069839
0.0824141
-0.1330629
-0.3408825
-0.5320247
-0.6832455
-0.7712082
-0.7887245
-0.7487269
-0.6752443
-0.5905058
-0.5066590
-0.4250052
-0.3415455
-0.2552851
-0.1737342
-0.1106583
-0.0768259
-0.0714831
-0.0827056
-0.0966205
-0.1067891
-0.1152668
-0.1256783
-0.1363139
-0.1400778
-0.1305684
-0.1080300
-0.0799787
-0.0564296
-0.0437395
-0.0414928
-0.0442009
-0.0459848
-0.0443793
-0.0405007
-0.0362270
-0.0315583
-0.0245357
-0.0131482
0.0029577
0.0220265
0.0404945
0.0539669
0.0597583
0.0603194
0.0637888
0.0786042
0.1053415
0.1341648
0.1524495
0.1564277
0.1550694
0.1616099
0.1810426
0.2060290
0.2244575
0.2300644
0.2260137
0.2201389
0.2184052
0.2222334
0.2295465
0.2367907
0.2409204
0.2413632
0.2404428
0.2406950
0.2411938
0.2376171
0.2271786
0.2131311
0.2029963
0.2018105
0.2077722
0.2147007
0.2174934
0.2141723
0.2041722
0.1880988
0.1707965
0.1620483
0.1696669
0.1898472
0.2063577
0.2024622
0.1748580
0.1355484
0.1006957
0.0794121
0.0731080
0.0813913
0.1033715
0.1326432
0.1561360
0.1634036
0.1574550
0.1527106
0.1603188
0.1783218
0.2001182
0.2317653
0.2953314
0.4103306
0.5716311
0.7477007
0.9003239
1.0035171
1.0433813
1.0059182
0.8745260
0.6453490
0.3443913
0.0250207
-0.2559242
-0.4638320
-0.5939783
-0.6597296
-0.6758388
-0.6508454
-0.5906906
-0.5059306
-0.4140476
-0.3338431
-0.2757482
-0.2361117
-0.2016963
-0.1622723
-0.1206469
-0.0901509
-0.0811286
-0.0894509
-0.0987144
-0.0941490
-0.0747244
-0.0525558
-0.0416133
-0.0467399
-0.0613455
-0.0734446
-0.0743416
-0.0644681
-0.0530913
-0.0513658
-0.0627279
-0.0786110
-0.0848445
-0.0742238
-0.0532648
-0.0359408
-0.0306517
-0.0337635
-0.0353362
-0.0293283
-0.0173493
-0.0044363
0.0057666
0.0113921
0.0114003
0.0075853
0.0067396
0.0167289
0.0377166
0.0588525
0.0673344
0.0623613
0.0585786
0.0735648
0.1113820
0.1588245
0.1973554
0.2178366
0.2244746
0.2273847
0.2334588
0.2430173
0.2516535
0.2536542
0.2457439
0.2303774
0.2151602
0.2061984
0.2006332
0.1878715
0.1610542
0.1270377
0.1018938
0.0945544
0.0964222
0.0898563
0.0672196
0.0394415
0.0245759
0.0292766
0.0431167
0.0500844
0.0430020
0.0262433
0.0075683
-0.0090061
-0.0223015
-0.0297741
-0.0277722
-0.0163127
-0.0015052
0.0086272
0.0111736
0.0110034
0.0163764
0.0316573
0.0536726
0.0747191
0.0893955
0.0990179
0.1092830
0.1231038
0.1358907
0.1389808
0.1285765
0.1107540
0.0962730
0.0899310
0.0859530
0.0748480
0.0543521
0.0322234
0.0177975
0.0120580
0.0075653
-0.0019417
-0.0136563
-0.0188367
-0.0135306
-0.0047477
-0.0048853
-0.0199012
-0.0431269
-0.0604464
-0.0612120
-0.0446854
-0.0175808
0.0128644
0.0432177
0.0734541
0.1054645
0.1439883
0.1983014
0.2796122
0.3923927
0.5249325
0.6475951
0.7224870
0.7194545
