0.0318488
0.0283667
0.0221858
0.0172280
0.0149827
0.0128834
0.0075953
-0.0010287
-0.0097409
-0.0151334
-0.0164667
-0.0155372
-0.0146116
-0.0148336
-0.0159497
-0.0166618
-0.0153011
-0.0112065
-0.0061847
-0.0039872
-0.0069056
-0.0122649
-0.0133037
-0.0051789
0.0093332
0.0210798
0.0227318
0.0159230
0.0093606
0.0092917
0.0125592
0.0103455
-0.0010320
-0.0144069
-0.0183343
-0.0094670
0.0029223
0.0059192
-0.0037782
-0.0166639
-0.0208425
-0.0146957
-0.0079912
-0.0104612
-0.0206641
-0.0274234
-0.0220901
-0.0080479
0.0027996
0.0024237
-0.0055802
-0.0107964
-0.0073771
0.0006546
0.0054773
0.0054561
0.0075943
0.0198392
0.0421592
0.0667110
0.0872235
0.1073992
0.1393083
0.1940853
0.2756350
0.3835984
0.5196695
0.6863250
0.8761761
1.0633759
1.2095847
1.2828868
1.2737777
1.1942384
1.0625067
0.8894963
0.6790476
0.4388266
0.1888796
-0.0407458
-0.2208281
-0.3340661
-0.3805470
-0.3760336
-0.3439990
-0.3047411
-0.2678822
-0.2337054
-0.2014736
-0.1755010
-0.1619226
-0.1602347
-0.1609268
-0.1539712
-0.1394426
-0.1277341
-0.1283409
-0.1395896
-0.1507084
-0.1533862
-0.1495622
-0.1474775
-0.1517082
-0.1586235
-0.1611150
-0.1560176
-0.1463073
-0.1373929
-0.1326805
-0.1323018
-0.1343611
-0.1364871
-0.1370383
-0.1360343
-0.1348955
-0.1344120
-0.1329526
-0.1278510
-0.1193475
-0.1122546
-0.1119895
-0.1184205
-0.1248665
-0.1245777
-0.1180478
-0.1125468
-0.1137495
-0.1188373
-0.1193557
-0.1109918
-0.0991441
-0.0937076
-0.0988046
-0.1089065
-0.1153551
-0.1155365
-0.1144338
-0.1174276
-0.1230974
-0.1242568
-0.1157751
-0.1002690
-0.0855744
-0.0770907
-0.0731504
-0.0676000
-0.0561011
-0.0396329
-0.0224672
-0.0074848
0.0064612
0.0230567
0.0446137
0.0692027
0.0912705
0.1054526
0.1106408
0.1107621
0.1111800
0.1137190
0.1152145
0.1114796
0.1028410
0.0950416
0.0937481
0.0980522
0.1002059
0.0926574
0.0755635
0.0570432
0.0457657
0.0433263
0.0439446
0.0413721
0.0356161
0.0326364
0.0376421
0.0490883
0.0594831
0.0620796
0.0567513
0.0494083
0.0458260
0.0461761
0.0456167
0.0400336
0.0307663
0.0233205
0.0215081
0.0233649
0.0232857
0.0181158
0.0106495
0.0067255
0.0089376
0.0136474
0.0146093
0.0095819
0.0030407
0.0019669
0.0087604
0.0183673
0.0226395
0.0178115
0.0078493
0.0003765
-0.0008202
0.0008311
-0.0010263
-0.0081181
-0.0149087
-0.0142602
-0.0057163
0.0027797
0.0024174
-0.0071812
-0.0170204
-0.0177426
-0.0092370
-0.0003814
0.0009295
-0.0035385
-0.0046465
0.0035471
0.0169355
0.0257977
0.0251566
0.0193117
0.0159789
0.0173532
0.0182890
0.0130598
0.0024983
-0.0064299
-0.0076246
-0.0015060
0.0062334
0.0105247
0.0110480
0.0112304
0.0143244
0.0207497
0.0284787
0.0351429
0.0396449
0.0422125
0.0433425
0.0428420
0.0399157
0.0342190
0.0267651
0.0195371
0.0139064
0.0094179
0.0044690
-0.0015431
-0.0070067
-0.0096615
-0.0097019
-0.0108316
-0.0172114
-0.0286586
-0.0391029
-0.0408504
-0.0314987
-0.0170000
-0.0072676
-0.0077083
-0.0144402
-0.0178924
-0.0115404
0.0023882
0.0152593
0.0196024
0.0146032
0.0051699
-0.0032285
-0.0084522
-0.0113166
-0.0127052
-0.0118341
-0.0072141
0.0012528
0.0114385
0.0201804
0.0253122
0.0267306
0.0255699
0.0222856
0.0158432
0.0055647
-0.0058282
-0.0119499
-0.0074065
0.0061047
0.0190084
0.0209825
0.0101356
-0.0050916
-0.0139358
-0.0133014
-0.0091891
-0.0082167
-0.0090997
-0.0041461
0.0108127
0.0297737
0.0414706
0.0408004
0.0339846
0.0315384
0.0367427
0.0422804
0.0385999
0.0247251
0.0097662
0.0036826
0.0073604
0.0123991
0.0103125
0.0010342
-0.0080285
-0.0106914
-0.0086048
-0.0085933
-0.0139251
-0.0196512
-0.0178742
-0.0074840
0.0029550
0.0034699
-0.0064315
-0.0166941
-0.0173752
-0.0093093
-0.0023920
-0.0031104
-0.0058125
0.0015378
0.0232164
0.0496973
0.0673147
0.0729008
0.0766078
0.0899366
0.1134513
0.1389632
0.1637940
0.2003849
0.2694832
0.3830886
0.5336969
0.6986091
0.8524712
0.9753890
1.0524441
1.0712582
1.0245657
0.9158324
0.7600752
0.5767125
0.3806376
0.1803567
-0.0154167
-0.1908177
-0.3248462
-0.4027438
-0.4267523
-0.4152390
-0.3895964
-0.3604344
-0.3257442
-0.2817815
-0.2342701
-0.1972623
-0.1805056
-0.1791733
-0.1778632
-0.1654125
-0.1450522
-0.1293597
-0.1260637
-0.1303237
-0.1310784
-0.1232420
-0.1121028
-0.1063431
-0.1087629
-0.1147360
-0.1183574
-0.1180890
-0.1161695
-0.1143721
-0.1122109
-0.1091803
-0.1069807
-0.1082050
-0.1131684
-0.1191779
-0.1233692
-0.1258148
-0.1294358
-0.1369589
-0.1480509
-0.1591624
-0.1660179
-0.1667375
-0.1632856
-0.1601102
-0.1608596
-0.1657758
-0.1720817
-0.1770246
-0.1804373
-0.1839885
-0.1880497
-0.1902598
-0.1881031
-0.1826043
-0.1781617
-0.1780562
-0.1810115
-0.1834175
-0.1846765
-0.1886820
-0.1989530
-0.2131811
-0.2243206
-0.2275638
-0.2250452
-0.2225448
-0.2222414
-0.2205578
-0.2137197
-0.2036672
-0.1962545
-0.1935253
-0.1898225
-0.1772137
-0.1543311
-0.1283842
-0.1080734
-0.0955914
-0.0864202
-0.0761341
-0.0655546
-0.0584202
-0.0552637
-0.0516676
-0.0432939
-0.0314207
-0.0219200
-0.0186044
-0.0188513
-0.0169130
-0.0112394
-0.0070809
-0.0106520
-0.0209274
-0.0287050
-0.0251837
-0.0114018
0.0021466
0.0061721
0.0022742
0.0008076
0.0090271
0.0227310
0.0309535
0.0285018
0.0219799
0.0221477
0.0311938
0.0397118
0.0372730
0.0246909
0.0137924
0.0147056
0.0249896
0.0327908
0.0302600
0.0220989
0.0199449
0.0292363
0.0432352
0.0505151
0.0472644
0.0409147
0.0417361
0.0521885
0.0652876
0.0723877
0.0708887
0.0642380
0.0564095
0.0484663
0.0403633
0.0337509
0.0308234
0.0306205
0.0287568
0.0226776
0.0166172
0.0190223
0.0334717
0.0527599
0.0637429
0.0590398
0.0436528
0.0295539
0.0240681
0.0243562
0.0232860
0.0192726
0.0184877
0.0270302
0.0427124
0.0568167
0.0643255
0.0707500
0.0875105
0.1215455
0.1718333
0.2369491
0.3236029
0.4435221
0.5990319
0.7717052
0.9269851
1.0317173
1.0688692
1.0381876
0.9468987
0.8027846
0.6153580
0.3998244
0.1766226
-0.0334393
-0.2131303
-0.3493947
-0.4336838
-0.4649306
-0.4526428
-0.4148691
-0.3702768
-0.3301319
-0.2964818
-0.2666478
-0.2386726
-0.2133416
-0.1930743
-0.1801870
-0.1756166
-0.1779356
-0.1832515
-0.1869491
-0.1864316
-0.1823022
-0.1766999
-0.1706992
-0.1638258
-0.1561179
-0.1498167
-0.1480075
-0.1514492
-0.1575560
-0.1631235
-0.1675422
-0.1723522
-0.1777122
-0.1807227
-0.1784949
-0.1725231
-0.1683911
-0.1699793
-0.1745189
-0.1750698
-0.1687970
-0.1617136
-0.1632428
-0.1754335
-0.1889393
-0.1913169
-0.1793674
-0.1622256
-0.1519769
-0.1522065
-0.1564720
-0.1570427
-0.1532288
-0.1503560
-0.1517942
-0.1538848
-0.1493165
-0.1346433
-0.1137995
-0.0947779
-0.0836077
-0.0809716
-0.0830910
-0.0851943
-0.0850120
-0.0839451
-0.0846989
-0.0871422
-0.0867901
-0.0785246
-0.0623390
-0.0445571
-0.0322025
-0.0261409
-0.0208299
-0.0113384
0.0004762
0.0082558
0.0094594
0.0095816
0.0166572
0.0320618
0.0481565
0.0553791
0.0508320
0.0395259
0.0281491
0.0188277
0.0090431
-0.0034238
-0.0165456
-0.0252510
-0.0262997
-0.0218570
-0.0182666
-0.0209552
-0.0298549
-0.0395409
-0.0443764
-0.0440643
-0.0438140
-0.0483539
-0.0560429
-0.0600850
-0.0560940
-0.0474662
-0.0420109
-0.0433907
-0.0471727
-0.0460711
-0.0383902
-0.0301003
-0.0283257
-0.0335808
-0.0390597
-0.0371805
-0.0261868
-0.0107920
0.0022534
0.0087733
0.0089236
0.0062681
0.0051353
0.0072719
0.0101321
0.0092573
0.0034930
-0.0024035
-0.0017316
0.0068010
0.0164425
0.0184407
0.0110389
0.0014738
-0.0018243
0.0015356
0.0037037
-0.0021864
-0.0137378
-0.0212434
-0.0176882
-0.0060191
0.0037242
0.0040503
-0.0034421
-0.0107281
-0.0118985
-0.0087287
-0.0079934
-0.0139011
-0.0237075
-0.0307179
-0.0310838
-0.0273456
-0.0255553
-0.0293427
-0.0368526
-0.0431145
-0.0449625
-0.0435478
-0.0424342
-0.0436900
-0.0457804
-0.0448665
-0.0382286
-0.0271456
-0.0168052
-0.0126724
-0.0159305
-0.0224059
-0.0266360
-0.0271965
-0.0275028
-0.0311535
-0.0372479
-0.0412484
-0.0404087
-0.0372254
-0.0365770
-0.0398342
-0.0431500
-0.0422340
-0.0378555
-0.0351862
-0.0376196
-0.0425142
-0.0438619
-0.0385341
-0.0289977
-0.0201925
-0.0149105
-0.0126611
-0.0120134
-0.0125637
-0.0142568
-0.0158958
-0.0155636
-0.0123669
-0.0065471
0.0024870
0.0168224
0.0373223
0.0610081
0.0836456
0.1065236
0.1399704
0.1986239
0.2927420
0.4243176
0.5903143
0.7858811
1.0005374
1.2110817
1.3829289
1.4846207
1.5043408
1.4517376
1.3424339
1.1817458
0.9657987
0.6992481
0.4100184
0.1436064
-0.0600537
-0.1871933
-0.2515269
-0.2780541
-0.2855522
-0.2813203
-0.2675089
-0.2484484
-0.2311583
-0.2205361
-0.2157361
-0.2116293
-0.2037795
-0.1924321
-0.1821395
-0.1774679
-0.1787914
-0.1822229
-0.1837139
-0.1830782
-0.1837090
-0.1882213
-0.1946238
-0.1973595
-0.1926342
-0.1826550
-0.1740351
-0.1716274
-0.1740908
-0.1757325
-0.1725204
-0.1661022
-0.1621692
-0.1651131
-0.1739356
-0.1828413
-0.1858699
-0.1816110
-0.1740564
-0.1690999
-0.1699528
-0.1752755
-0.1810549
-0.1842349
-0.1851502
-0.1869280
-0.1922958
-0.2004835
-0.2072602
-0.2085859
-0.2047917
-0.2011978
-0.2040386
-0.2150767
-0.2300718
-0.2429111
-0.2512624
-0.2575098
-0.2639353
-0.2682819
-0.2658228
-0.2559527
-0.2450272
-0.2410738
-0.2456985
-0.2522560
-0.2525933
-0.2451898
-0.2359290
-0.2307807
-0.2285458
-0.2217059
-0.2043752
-0.1785235
-0.1518625
-0.1301595
-0.1124434
-0.0937548
-0.0718448
-0.0504852
-0.0360008
-0.0307362
-0.0302808
-0.0273475
-0.0183068
-0.0059107
0.0038445
0.0069147
0.0037321
-0.0020752
-0.0067772
-0.0091422
-0.0110566
-0.0155894
-0.0236470
-0.0321980
-0.0364200
-0.0344723
-0.0303227
-0.0311168
-0.0408597
-0.0565758
-0.0712654
-0.0807689
-0.0869847
-0.0939025
-0.1013948
-0.1043265
-0.0980699
-0.0840248
-0.0690114
-0.0593182
-0.0555863
-0.0533884
-0.0484687
-0.0411301
-0.0353745
-0.0339266
-0.0345379
-0.0315044
-0.0209014
-0.0044770
0.0113440
0.0204193
0.0215212
0.0186478
0.0168607
0.0177745
0.0191654
0.0187003
0.0173222
0.0184851
0.0242183
0.0323199
0.0376427
0.0363785
0.0293823
0.0213565
0.0166238
0.0156830
0.0159446
0.0155501
0.0160463
0.0212748
0.0338906
0.0531680
0.0767522
0.1058876
0.1501413
0.2263665
0.3501381
0.5244537
0.7339859
0.9494558
1.1388523
1.2774534
1.3509282
1.3526059
1.2806774
1.1391297
0.9401999
0.7036269
0.4521556
0.2076509
-0.0093251
-0.1794187
-0.2883688
-0.3339537
-0.3295104
-0.2988697
-0.2647294
-0.2385305
-0.2191520
-0.2005557
-0.1809722
-0.1653593
-0.1597359
-0.1639006
-0.1702671
-0.1703160
-0.1626353
-0.1545876
-0.1553578
-0.1668139
-0.1815991
-0.1907805
-0.1929053
-0.1945002
-0.2016351
-0.2122013
-0.2175287
-0.2115552
-0.1977142
-0.1861833
-0.1840841
-0.1886166
-0.1904030
-0.1837518
-0.1729570
-0.1677196
-0.1724590
-0.1809638
-0.1822713
-0.1719186
-0.1569395
-0.1490471
-0.1525939
-0.1599301
-0.1595588
-0.1486489
-0.1362538
-0.1336290
-0.1422435
-0.1522751
-0.1527021
-0.1421726
-0.1298958
-0.1263637
-0.1335187
-0.1439086
-0.1490341
-0.1478817
-0.1469152
-0.1521062
-0.1617815
-0.1677003
-0.1631279
-0.1498440
-0.1370811
-0.1329643
-0.1364662
-0.1380763
-0.1290212
-0.1098433
-0.0894890
-0.0759643
-0.0682767
-0.0577017
-0.0368977
-0.0078702
0.0190189
0.0342404
0.0375514
0.0372190
0.0410146
0.0487174
0.0538368
0.0517975
0.0451380
0.0404186
0.0408279
0.0426454
0.0391943
0.0279501
0.0132200
0.0016780
-0.0041322
-0.0073026
-0.0121310
-0.0192893
-0.0256444
-0.0281894
-0.0277162
-0.0286658
-0.0350949
-0.0462890
-0.0566287
-0.0607045
-0.0587709
-0.0564042
-0.0583589
-0.0633199
-0.0653678
-0.0605534
-0.0514962
-0.0450553
-0.0454379
-0.0501223
-0.0531512
-0.0520836
-0.0504732
-0.0529322
-0.0586932
-0.0612239
-0.0543274
-0.0382775
-0.0200358
-0.0074562
-0.0026219
-0.0003225
0.0066579
0.0204696
0.0368395
0.0512414
0.0661436
0.0916762
0.1393292
0.2154478
0.3205635
0.4533068
0.6118521
0.7883672
0.9614039
1.0971501
1.1637067
1.1481910
1.0611969
0.9247539
0.7559989
0.5615791
0.3456098
0.1208634
-0.0887842
-0.2572512
-0.3685756
-0.4225651
-0.4308656
-0.4089073
-0.3703206
-0.3254084
-0.2816597
-0.2446623
-0.2184516
-0.2042252
-0.1983734
-0.1935274
-0.1841425
-0.1717460
-0.1632712
-0.1629843
-0.1664825
-0.1640665
-0.1509586
-0.1336611
-0.1245873
-0.1294859
-0.1412648
-0.1478172
-0.1453726
-0.1419101
-0.1468753
-0.1596978
-0.1703629
-0.1706434
-0.1629581
-0.1575421
-0.1615607
-0.1717732
-0.1781481
-0.1742492
-0.1632071
-0.1533666
-0.1493057
-0.1482004
-0.1442197
-0.1349223
-0.1232530
-0.1144318
-0.1113056
-0.1121430
-0.1126738
-0.1104228
-0.1068292
-0.1049184
-0.1054779
-0.1061336
-0.1038962
-0.0981980
-0.0917406
-0.0885019
-0.0901632
-0.0941106
-0.0957739
-0.0935075
-0.0903446
-0.0901128
-0.0923586
-0.0920159
-0.0841507
-0.0688153
-0.0512912
-0.0373130
-0.0276695
-0.0180595
-0.0050829
0.0085483
0.0167616
0.0181527
0.0190025
0.0267460
0.0413437
0.0547102
0.0590359
0.0550372
0.0511147
0.0537608
0.0594635
0.0580424
0.0448266
0.0276380
0.0195801
0.0255230
0.0375536
0.0435001
0.0381738
0.0261356
0.0152334
0.0086903
0.0034179
-0.0045311
-0.0139409
-0.0191838
-0.0169672
-0.0106113
-0.0066122
-0.0080454
-0.0124207
-0.0153960
-0.0157966
-0.0171828
-0.0242347
-0.0366273
-0.0471230
-0.0480593
-0.0402757
-0.0333981
-0.0359227
-0.0464200
-0.0558185
-0.0573761
-0.0530424
-0.0500546
-0.0518956
-0.0534111
-0.0463135
-0.0299940
-0.0145874
-0.0109316
-0.0187911
-0.0278956
-0.0300829
-0.0273182
-0.0272365
-0.0333202
-0.0408661
-0.0418519
-0.0332690
-0.0205625
-0.0119587
-0.0094570
-0.0076986
-0.0025661
0.0023204
0.0004987
-0.0078320
-0.0142391
-0.0095795
0.0082619
0.0329161
0.0547742
0.0697114
0.0842036
0.1105166
0.1567793
0.2246444
0.3163559
0.4378024
0.5895137
0.7558608
0.9059536
1.0061862
1.0352753
0.9930519
0.8959185
0.7596819
0.5864396
0.3728325
0.1304950
-0.1089274
-0.3111135
-0.4563759
-0.5408657
-0.5705839
-0.5581612
-0.5183242
-0.4622930
-0.4006718
-0.3497159
-0.3225950
-0.3112333
