0.0334279
0.0517298
0.0638984
0.0605040
0.0449756
0.0330662
0.0371962
0.0523677
0.0608137
0.0513975
0.0315433
0.0174387
0.0143005
0.0109776
-0.0042916
-0.0267409
-0.0386753
-0.0301753
-0.0113160
-0.0002779
-0.0017894
-0.0027131
0.0097448
0.0301193
0.0396198
0.0278576
0.0046605
-0.0117959
-0.0148943
-0.0132782
-0.0160372
-0.0202880
-0.0170589
-0.0060750
0.0016980
-0.0020535
-0.0111664
-0.0118472
-0.0004484
0.0105574
0.0068573
-0.0103589
-0.0254619
-0.0266366
-0.0190009
-0.0170421
-0.0265821
-0.0388216
-0.0430047
-0.0406666
-0.0429846
-0.0547662
-0.0659128
-0.0619956
-0.0415797
-0.0191989
-0.0101397
-0.0149931
-0.0216902
-0.0212677
-0.0174470
-0.0186810
-0.0236829
-0.0199952
0.0008346
0.0293267
0.0438610
0.0325198
0.0076674
-0.0038334
0.0143057
0.0536379
0.0925940
0.1212121
0.1529834
0.2129104
0.3166302
0.4625797
0.6407827
0.8412644
1.0478498
1.2256224
1.3238008
1.3013010
1.1550266
0.9233113
0.6597716
0.4017225
0.1606077
-0.0628494
-0.2603327
-0.4142445
-0.5104820
-0.5486884
-0.5401068
-0.4993209
-0.4403763
-0.3777665
-0.3248101
-0.2871044
-0.2586459
-0.2278868
-0.1896655
-0.1509531
-0.1243017
-0.1160683
-0.1215064
-0.1304260
-0.1358247
-0.1364901
-0.1331485
-0.1250962
-0.1120923
-0.0983966
-0.0922238
-0.0989505
-0.1144585
-0.1267982
-0.1267879
-0.1180546
-0.1153307
-0.1303990
-0.1586517
-0.1809847
-0.1814069
-0.1637354
-0.1497098
-0.1588711
-0.1896741
-0.2207886
-0.2310413
-0.2175763
-0.1947905
-0.1775759
-0.1678947
-0.1575570
-0.1410873
-0.1228357
-0.1113019
-0.1086935
-0.1077363
-0.0982999
-0.0760769
-0.0453549
-0.0155353
0.0036724
0.0052894
-0.0127366
-0.0453408
-0.0804490
-0.1038426
-0.1067348
-0.0902437
-0.0631122
-0.0350604
-0.0115275
0.0067395
0.0205688
0.0295187
0.0319174
0.0274787
0.0199036
0.0165657
0.0243561
0.0442184
0.0692164
0.0890548
0.0980716
0.0992963
0.1001166
0.1037736
0.1058903
0.0998839
0.0849320
0.0672632
0.0536456
0.0451800
0.0385631
0.0323193
0.0294217
0.0327940
0.0397946
0.0435094
0.0400876
0.0332927
0.0303662
0.0338358
0.0389282
0.0395542
0.0357827
0.0342801
0.0413198
0.0557473
0.0686982
0.0700401
0.0560144
0.0324599
0.0115712
0.0041377
0.0120561
0.0266289
0.0350476
0.0308139
0.0189598
0.0104214
0.0106300
0.0143203
0.0124126
0.0030669
-0.0063261
-0.0089100
-0.0080172
-0.0141869
-0.0320596
-0.0526292
-0.0608976
-0.0507645
-0.0299790
-0.0098778
0.0067023
0.0240332
0.0412289
0.0468066
0.0299013
-0.0040378
-0.0334323
-0.0396167
-0.0248398
-0.0089096
-0.0077506
-0.0175130
-0.0212482
-0.0093279
0.0102416
0.0227590
0.0253597
0.0315292
0.0571032
0.1046100
0.1641553
0.2300328
0.3145305
0.4424288
0.6283947
0.8560057
1.0765266
1.2295797
1.2712179
1.1910044
1.0097988
0.7641780
0.4905415
0.2180530
-0.0302706
-0.2356256
-0.3857897
-0.4793082
-0.5250881
-0.5357311
-0.5206679
-0.4859202
-0.4394321
-0.3937640
-0.3606966
-0.3423392
-0.3288795
-0.3069672
-0.2712753
-0.2281437
-0.1888491
-0.1608808
-0.1458706
-0.1430489
-0.1505138
-0.1618113
-0.1647119
-0.1488072
-0.1172153
-0.0891370
-0.0865537
-0.1150000
-0.1570221
-0.1863538
-0.1902226
-0.1780779
-0.1683490
-0.1676319
-0.1646998
-0.1456902
-0.1134832
-0.0889213
-0.0906631
-0.1142255
-0.1333348
-0.1240027
-0.0872752
-0.0472264
-0.0268282
-0.0275924
-0.0335774
-0.0327626
-0.0303628
-0.0396471
-0.0625261
-0.0836264
-0.0853374
-0.0667576
-0.0448651
-0.0365018
-0.0413587
-0.0444252
-0.0339286
-0.0138993
0.0020569
0.0072753
0.0094646
0.0210896
0.0441791
0.0667227
0.0745962
0.0661302
0.0540647
0.0533417
0.0676478
0.0878279
0.1023691
0.1085339
0.1135805
0.1261557
0.1470530
0.1681859
0.1802752
0.1813755
0.1776725
0.1758372
0.1750825
0.1676367
0.1474712
0.1179769
0.0898778
0.0709239
0.0581377
0.0413337
0.0147069
-0.0158631
-0.0379220
-0.0445884
-0.0407653
-0.0373883
-0.0408254
-0.0487488
-0.0553612
-0.0586322
-0.0614980
-0.0669694
-0.0737774
-0.0775994
-0.0759879
-0.0711456
-0.0676883
-0.0683013
-0.0719354
-0.0756396
-0.0772263
-0.0759543
-0.0713028
-0.0620206
-0.0470717
-0.0277455
-0.0083618
0.0060427
0.0131785
0.0142342
0.0109452
0.0030937
-0.0094130
-0.0220805
-0.0259656
-0.0150443
0.0061923
0.0246345
0.0301048
0.0248112
0.0196798
0.0211881
0.0241903
0.0196861
0.0079282
-0.0002263
0.0035122
0.0133653
0.0149423
0.0022126
-0.0143941
-0.0193057
-0.0099310
-0.0004018
-0.0062081
-0.0271229
-0.0476520
-0.0538871
-0.0472463
-0.0403626
-0.0416106
-0.0468464
-0.0467699
-0.0396546
-0.0340926
-0.0390920
-0.0533114
-0.0654448
-0.0649679
-0.0515499
-0.0339505
-0.0212848
-0.0169020
-0.0199176
-0.0292537
-0.0431757
-0.0555702
-0.0567670
-0.0418017
-0.0181057
-0.0019658
-0.0040910
-0.0180016
-0.0246504
-0.0106055
0.0181515
0.0413803
0.0435293
0.0269153
0.0066956
-0.0048352
-0.0071358
-0.0060040
-0.0030716
0.0063283
0.0250157
0.0465651
0.0590682
0.0573630
0.0507676
0.0579541
0.0946735
0.1670646
0.2754334
0.4206365
0.6026737
0.8111198
1.0175934
1.1798798
1.2567660
1.2236298
1.0799906
0.8482073
0.5671656
0.2825687
0.0335370
-0.1602212
-0.3013779
-0.4038365
-0.4763352
-0.5158372
-0.5159143
-0.4796345
-0.4225671
-0.3633144
-0.3123389
-0.2699204
-0.2324553
-0.1980423
-0.1666426
-0.1391108
-0.1194009
-0.1157002
-0.1337288
-0.1659823
-0.1908896
-0.1887413
-0.1614170
-0.1342468
-0.1344843
-0.1662354
-0.2074634
-0.2323446
-0.2352410
-0.2312569
-0.2349427
-0.2429601
-0.2403570
-0.2213541
-0.1988236
-0.1911758
-0.2023852
-0.2179975
-0.2204168
-0.2052474
-0.1816021
-0.1593814
-0.1404141
-0.1224820
-0.1075029
-0.1007656
-0.1020238
-0.1020434
-0.0920289
-0.0758898
-0.0696527
-0.0865614
-0.1233173
-0.1621721
-0.1863404
-0.1924681
-0.1885696
-0.1824723
-0.1750073
-0.1641703
-0.1521638
-0.1446573
-0.1432743
-0.1422136
-0.1346924
-0.1215470
-0.1106047
-0.1065260
-0.1029757
-0.0871060
-0.0523246
-0.0055726
0.0385212
0.0693211
0.0846699
0.0854952
0.0707305
0.0410411
0.0059181
-0.0181066
-0.0198037
-0.0031606
0.0172793
0.0312499
0.0410347
0.0538639
0.0682683
0.0722766
0.0574987
0.0328726
0.0200310
0.0327960
0.0624970
0.0853722
0.0843484
0.0628584
0.0385923
0.0264227
0.0281481
0.0359006
0.0413245
0.0401848
0.0311490
0.0144063
-0.0073790
-0.0294006
-0.0485017
-0.0658211
-0.0833100
-0.0976863
-0.1006886
-0.0873014
-0.0625187
-0.0376244
-0.0195002
-0.0053841
0.0108294
0.0287987
0.0410246
0.0426332
0.0394902
0.0436922
0.0608463
0.0840378
0.1013041
0.1070107
0.1039438
0.0960205
0.0830962
0.0644577
0.0442440
0.0291572
0.0203130
0.0109595
-0.0044698
-0.0202481
-0.0227611
-0.0064872
0.0159346
0.0238613
0.0095856
-0.0138323
-0.0272737
-0.0255213
-0.0192680
-0.0182103
-0.0170244
-0.0016879
0.0318074
0.0696139
0.0931961
0.0982554
0.0974504
0.1050651
0.1237275
0.1497100
0.1891112
0.2629931
0.3925783
0.5788256
0.7962661
1.0046877
1.1653133
1.2489011
1.2368078
1.1237382
0.9238561
0.6712180
0.4073535
0.1630745
-0.0496362
-0.2293498
-0.3718461
-0.4674151
-0.5105876
-0.5090853
-0.4803285
-0.4389988
-0.3896180
-0.3320100
-0.2721992
-0.2246738
-0.2021172
-0.2039329
-0.2166824
-0.2256601
-0.2246691
-0.2153020
-0.2006763
-0.1834034
-0.1687356
-0.1648500
-0.1757954
-0.1941648
-0.2044170
-0.1969135
-0.1786410
-0.1673113
-0.1733186
-0.1891686
-0.1987917
-0.1961204
-0.1909350
-0.1949722
-0.2051287
-0.2045066
-0.1811013
-0.1427982
-0.1110129
-0.0998570
-0.1043817
-0.1101699
-0.1108069
-0.1115581
-0.1170565
-0.1219577
-0.1180479
-0.1071586
-0.1002355
-0.1020629
-0.1023965
-0.0877651
-0.0609334
-0.0424304
-0.0488278
-0.0719914
-0.0850681
-0.0703894
-0.0381005
-0.0148312
-0.0164734
-0.0355691
-0.0536568
-0.0599690
-0.0554986
-0.0437068
-0.0243516
0.0021746
0.0295836
0.0500341
0.0636793
0.0797322
0.1051568
0.1337770
0.1499449
0.1438356
0.1211969
0.0972299
0.0830218
0.0795948
0.0826671
0.0885818
0.0943426
0.0955976
0.0890464
0.0773754
0.0686141
0.0676741
0.0689895
0.0604697
0.0364619
0.0054387
-0.0171930
-0.0234337
-0.0179968
-0.0100358
-0.0033769
0.0027057
0.0057706
-0.0012476
-0.0210863
-0.0440816
-0.0536857
-0.0427227
-0.0230788
-0.0163659
-0.0336763
-0.0655694
-0.0925509
-0.1034576
-0.1015866
-0.0946498
-0.0837214
-0.0651236
-0.0411585
-0.0241604
-0.0268005
-0.0487143
-0.0748208
-0.0880743
-0.0834561
-0.0691892
-0.0560364
-0.0478986
-0.0425853
-0.0381688
-0.0355576
-0.0355844
-0.0363680
-0.0348126
-0.0299989
-0.0244938
-0.0226097
-0.0274512
-0.0389554
-0.0540517
-0.0686442
-0.0799648
-0.0875916
-0.0923658
-0.0943007
-0.0920436
-0.0851764
-0.0765833
-0.0705165
-0.0672028
-0.0611202
-0.0470222
-0.0270983
-0.0093634
0.0017478
0.0105133
0.0235543
0.0400074
0.0515037
0.0528659
0.0501140
0.0547218
0.0700394
0.0865915
0.0930593
0.0901905
0.0904816
0.1041537
0.1295371
0.1602991
0.2003105
0.2675151
0.3819425
0.5506921
0.7627958
0.9929584
1.2054715
1.3567694
1.4045423
1.3268979
1.1391386
0.8890987
0.6287416
0.3852019
0.1580136
-0.0573817
-0.2477487
-0.3863593
-0.4575216
-0.4733091
-0.4645411
-0.4562829
-0.4525418
-0.4421976
-0.4155656
-0.3736684
-0.3250138
-0.2786923
-0.2414481
-0.2167256
-0.2024521
-0.1914996
-0.1787361
-0.1678711
-0.1671195
-0.1758703
-0.1792008
-0.1610808
-0.1244363
-0.0945403
-0.0980746
-0.1374469
-0.1872316
-0.2170073
-0.2169517
-0.2010865
-0.1889216
-0.1880546
-0.1938496
-0.1999952
-0.2046428
-0.2079023
-0.2084468
-0.2049217
-0.1988203
-0.1934300
-0.1896613
-0.1844268
-0.1743341
-0.1606488
-0.1494452
-0.1465271
-0.1529053
-0.1650476
-0.1775055
-0.1840626
-0.1787386
-0.1598374
-0.1341997
-0.1146511
-0.1100964
-0.1175477
-0.1250176
-0.1229364
-0.1124551
-0.1021177
-0.0967982
-0.0915006
-0.0776191
-0.0548564
-0.0344797
-0.0288396
-0.0378284
-0.0466146
-0.0370847
-0.0023905
0.0474464
0.0924161
0.1158887
0.1143426
0.0968933
0.0767518
0.0627643
0.0567464
0.0555281
0.0539573
0.0476235
0.0357759
0.0232301
0.0185883
0.0281190
0.0491021
0.0693284
0.0761004
0.0684602
0.0598342
0.0656288
0.0868547
0.1071859
0.1073253
0.0821720
0.0442152
0.0117226
-0.0053884
-0.0096428
-0.0095960
-0.0119336
-0.0192469
-0.0318383
-0.0482360
-0.0645094
-0.0767381
-0.0854452
-0.0942769
-0.1014103
-0.0951793
-0.0645269
-0.0163098
0.0217484
0.0214765
-0.0193487
-0.0721457
-0.1016603
-0.0961090
-0.0730598
-0.0566402
-0.0527882
-0.0492964
-0.0363653
-0.0199934
-0.0130905
-0.0187815
-0.0278498
-0.0309183
-0.0269172
-0.0171294
0.0040473
0.0446593
0.0988374
0.1400231
0.1387827
0.0911894
0.0267840
-0.0155469
-0.0199251
-0.0012293
0.0162453
0.0230641
0.0277220
0.0416692
0.0675870
0.1036830
0.1561670
0.2433633
0.3852601
0.5879508
0.8357539
1.0935538
1.3136477
1.4451602
1.4495300
1.3191072
1.0846851
0.8010471
0.5186284
0.2630723
0.0369095
-0.1628403
-0.3299821
-0.4502574
-0.5139857
-0.5252433
-0.4989385
-0.4518193
-0.3977105
-0.3475058
-0.3073228
-0.2748042
-0.2415389
-0.2034823
-0.1684157
-0.1497939
-0.1520854
-0.1644609
-0.1717897
-0.1719213
-0.1787459
-0.2047132
-0.2411910
-0.2611103
-0.2446779
-0.2012847
-0.1632290
-0.1575149
-0.1842493
-0.2202775
-0.2404515
-0.2356943
-0.2148098
-0.1925586
-0.1759773
-0.1598212
-0.1334402
-0.0925486
-0.0464333
-0.0146341
-0.0141711
-0.0462206
-0.0941331
-0.1361730
-0.1613443
-0.1727834
-0.1775977
-0.1771555
-0.1683374
-0.1508067
-0.1294723
-0.1100353
-0.0942225
-0.0797665
-0.0635940
-0.0439684
-0.0202836
0.0067901
0.0328468
0.0487022
0.0464232
0.0294772
0.0145649
0.0186337
0.0425283
0.0694199
0.0808754
0.0743528
0.0651372
0.0719640
0.1005045
0.1394392
0.1712511
0.1860131
0.1851499
0.1750545
0.1614623
0.1503323
0.1485818
0.1580714
0.1687701
0.1624514
0.1274388
0.0713122
0.0182651
-0.0087546
-0.0063127
0.0077843
0.0114429
-0.0027721
-0.0250147
-0.0414640
-0.0468568
-0.0447004
-0.0399911
-0.0348640
-0.0297200
-0.0252063
-0.0215249
-0.0163305
-0.0052377
0.0130529
0.0314848
0.0373910
0.0239940
-0.0007825
-0.0193640
-0.0194742
-0.0038488
0.0140869
0.0229431
0.0223191
0.0206399
0.0247091
0.0318577
0.0335071
0.0260424
0.0154345
0.0099044
0.0106090
0.0120883
0.0104718
0.0082091
0.0100961
0.0160002
0.0186095
0.0093327
-0.0125771
-0.0372142
-0.0517995
-0.0512492
-0.0400362
-0.0251415
-0.0107406
-0.0003785
-0.0004634
-0.0176103
-0.0513128
-0.0894684
-0.1125535
-0.1060633
-0.0727285
-0.0321911
-0.0053025
0.0029442
0.0048367
0.0158288
0.0407664
0.0722000
0.0979373
0.1087603
0.1016273
0.0794840
0.0507693
0.0290555
0.0287392
0.0546498
0.0940615
0.1235534
0.1281720
0.1136771
0.1000393
0.1073856
0.1513336
0.2466648
0.4051598
0.6232204
0.8715623
1.1007362
1.2619139
1.3273413
1.2938577
1.1695155
0.9618075
0.6827011
0.3619921
0.0478243
-0.2110028
-0.3854136
-0.4744777
-0.5010348
-0.4987832
-0.4942154
-0.4922625
-0.4781315
-0.4361467
-0.3694528
-0.3025665
-0.2636924
-0.2611910
-0.2755802
-0.2770680
-0.2531649
-0.2171821
-0.1886581
-0.1704334
-0.1498014
-0.1189370
-0.0870281
-0.0706551
-0.0759454
-0.0926445
-0.1054914
-0.1106393
-0.1190984
-0.1420709
-0.1751511
-0.2020196
-0.2130839
-0.2135453
-0.2111824
-0.2040577
-0.1868725
-0.1655312
-0.1573254
-0.1740264
-0.2069981
-0.2319245
-0.2310632
-0.2114728
-0.1971648
-0.1999641
-0.2031900
-0.1816975
-0.1356922
-0.0951203
-0.0880878
-0.1110950
-0.1332503
-0.1262202
-0.0891380
-0.0480994
-0.0327440
-0.0509837
-0.0852191
-0.1114035
-0.1171979
-0.1020089
-0.0701766
-0.0328537
-0.0101862
-0.0192156
-0.0567923
-0.0983927
-0.1146626
-0.0908246
-0.0376223
0.0130950
0.0318027
0.0183940
0.0030418
0.0160806
0.0605108
0.1144938
0.1517585
0.1562544
0.1276245
0.0805933
0.0342300
-0.0015130
-0.0236142
-0.0236354
0.0076468
0.0600954
0.1032806
0.1129815
0.0906065
0.0566638
0.0375795
0.0550417
0.1063481
0.1530434
0.1522313
0.1044863
0.0484599
0.0062872
-0.0336558
-0.0715328
-0.0737440
-0.0214816
