-0.1630453
-0.1603487
-0.1535744
-0.1480552
-0.1486658
-0.1534720
-0.1548245
-0.1478241
-0.1369134
-0.1323245
-0.1392540
-0.1515332
-0.1574166
-0.1519007
-0.1424441
-0.1418050
-0.1554494
-0.1764690
-0.1926100
-0.1976191
-0.1958891
-0.1972886
-0.2083952
-0.2280254
-0.2495112
-0.2664175
-0.2768922
-0.2839135
-0.2917539
-0.3015070
-0.3095211
-0.3107018
-0.3041336
-0.2951756
-0.2907237
-0.2916641
-0.2908126
-0.2796156
-0.2570078
-0.2305859
-0.2083580
-0.1899536
-0.1670187
-0.1324823
-0.0887644
-0.0463224
-0.0143454
0.0065823
0.0227550
0.0393443
0.0550396
0.0645579
0.0656081
0.0626746
0.0637437
0.0731173
0.0870241
0.0962166
0.0935755
0.0801156
0.0639285
0.0529935
0.0485955
0.0454708
0.0381854
0.0271729
0.0183006
0.0164519
0.0199634
0.0221752
0.0187707
0.0128194
0.0114980
0.0177735
0.0263776
0.0289499
0.0231438
0.0160102
0.0177837
0.0319623
0.0513444
0.0639038
0.0628922
0.0517277
0.0396662
0.0331721
0.0313632
0.0291868
0.0244063
0.0211027
0.0258514
0.0400186
0.0562136
0.0636095
0.0576775
0.0443829
0.0341006
0.0314502
0.0316700
0.0269882
0.0157635
0.0045344
0.0009709
0.0055051
0.0108003
0.0096643
0.0027165
-0.0025744
-0.0002478
0.0076381
0.0132314
0.0112751
0.0049277
0.0032115
0.0127407
0.0321004
0.0546223
0.0765084
0.1013854
0.1364847
0.1856034
0.2479046
0.3242329
0.4224710
0.5527415
0.7136649
0.8819116
1.0171995
1.0821948
1.0625701
0.9709271
0.8322081
0.6645408
0.4722176
0.2548501
0.0218957
-0.2018371
-0.3849517
-0.5051040
-0.5588476
-0.5590776
-0.5246403
-0.4718567
-0.4126452
-0.3559562
-0.3077185
-0.2693051
-0.2379566
-0.2104396
-0.1868768
-0.1706043
-0.1636127
-0.1621754
-0.1581018
-0.1455237
-0.1265064
-0.1091462
-0.0996774
-0.0966363
-0.0929285
-0.0835079
-0.0709596
-0.0634422
-0.0668582
-0.0790095
-0.0918267
-0.0992797
-0.1022272
-0.1050982
-0.1089906
-0.1097211
-0.1030574
-0.0909198
-0.0814038
-0.0822134
-0.0939393
-0.1098989
-0.1226966
-0.1306376
-0.1373033
-0.1453592
-0.1522093
-0.1526563
-0.1454217
-0.1360371
-0.1325559
-0.1380329
-0.1474263
-0.1527972
-0.1521104
-0.1519934
-0.1604188
-0.1768357
-0.1911209
-0.1930373
-0.1818433
-0.1657723
-0.1527587
-0.1430926
-0.1316620
-0.1163013
-0.1019353
-0.0952090
-0.0957583
-0.0948101
-0.0833144
-0.0603617
-0.0326432
-0.0068200
0.0155961
0.0358589
0.0528356
0.0625959
0.0638213
0.0624189
0.0683860
0.0862448
0.1089854
0.1235633
0.1234204
0.1143898
0.1070175
0.1040080
0.0974450
0.0793267
0.0535807
0.0353510
0.0368201
0.0541251
0.0701506
0.0712145
0.0596742
0.0486116
0.0454849
0.0442421
0.0344563
0.0154845
-0.0014687
-0.0053544
0.0029808
0.0125888
0.0149478
0.0121228
0.0112224
0.0131016
0.0107671
0.0001800
-0.0110853
-0.0102774
0.0055280
0.0243980
0.0315633
0.0250086
0.0168689
0.0195049
0.0326849
0.0464371
0.0551393
0.0647739
0.0841323
0.1118374
0.1371297
0.1544525
0.1733465
0.2111012
0.2778470
0.3721671
0.4893988
0.6270980
0.7766846
0.9112947
0.9898442
0.9812505
0.8874602
0.7403514
0.5737253
0.3990461
0.2091872
0.0025153
-0.2016859
-0.3723196
-0.4874165
-0.5445371
-0.5541848
-0.5283224
-0.4768767
-0.4117420
-0.3482718
-0.2991192
-0.2670656
-0.2462689
-0.2309205
-0.2206229
-0.2165614
-0.2152428
-0.2094508
-0.1956984
-0.1786252
-0.1665755
-0.1629189
-0.1622287
-0.1553811
-0.1386255
-0.1173594
-0.1006106
-0.0924006
-0.0894801
-0.0868381
-0.0832328
-0.0804895
-0.0791935
-0.0773081
-0.0733400
-0.0695683
-0.0706529
-0.0782735
-0.0878191
-0.0922557
-0.0900838
-0.0877074
-0.0919503
-0.1012795
-0.1072863
-0.1053480
-0.1012543
-0.1052594
-0.1204716
-0.1393134
-0.1522715
-0.1588291
-0.1675963
-0.1849876
-0.2059689
-0.2188592
-0.2188556
-0.2132501
-0.2117188
-0.2146244
-0.2144581
-0.2075157
-0.1994982
-0.1974432
-0.1986666
-0.1915871
-0.1687161
-0.1365918
-0.1097724
-0.0947061
-0.0826567
-0.0609907
-0.0292910
-0.0000683
0.0167920
0.0261367
0.0414805
0.0690088
0.1009313
0.1246866
0.1358335
0.1397851
0.1418880
0.1392654
0.1252504
0.1008442
0.0775344
0.0661344
0.0648582
0.0617995
0.0489753
0.0308655
0.0179657
0.0141392
0.0127510
0.0052992
-0.0080146
-0.0181765
-0.0179907
-0.0108273
-0.0066640
-0.0103409
-0.0170069
-0.0200269
-0.0198922
-0.0220780
-0.0276011
-0.0298122
-0.0221138
-0.0068246
0.0061639
0.0099858
0.0083621
0.0107236
0.0202990
0.0301276
0.0327667
0.0314004
0.0372951
0.0563234
0.0817557
0.1018779
0.1118431
0.1154140
0.1167226
0.1142311
0.1045629
0.0904481
0.0813437
0.0840452
0.0939447
0.0987481
0.0916809
0.0783569
0.0687727
0.0649763
0.0601225
0.0491144
0.0363719
0.0309869
0.0355036
0.0417454
0.0388156
0.0247879
0.0089311
0.0012916
0.0014185
-0.0000989
-0.0091638
-0.0205904
-0.0247616
-0.0195798
-0.0129187
-0.0135344
-0.0219136
-0.0311919
-0.0359884
-0.0382016
-0.0426328
-0.0479760
-0.0457118
-0.0301383
-0.0071329
0.0109412
0.0188329
0.0231599
0.0322784
0.0445885
0.0501974
0.0437363
0.0325877
0.0302016
0.0413998
0.0564322
0.0614613
0.0537974
0.0435649
0.0399431
0.0399470
0.0341306
0.0208873
0.0100587
0.0113148
0.0222559
0.0307251
0.0283340
0.0194835
0.0156346
0.0215465
0.0299829
0.0317076
0.0283479
0.0313694
0.0484043
0.0751795
0.1039651
0.1379805
0.1941847
0.2913073
0.4357029
0.6175218
0.8176452
1.0159167
1.1924758
1.3244434
1.3875773
1.3662527
1.2621918
1.0913386
0.8723147
0.6199603
0.3499487
0.0863966
-0.1387020
-0.2966242
-0.3761617
-0.3897655
-0.3652715
-0.3286960
-0.2923395
-0.2570272
-0.2225414
-0.1935985
-0.1765015
-0.1722020
-0.1738187
-0.1717210
-0.1622861
-0.1517166
-0.1496170
-0.1583757
-0.1707524
-0.1787415
-0.1825651
-0.1888702
-0.2011644
-0.2143591
-0.2194897
-0.2133805
-0.2031237
-0.2000689
-0.2086871
-0.2223706
-0.2314960
-0.2343233
-0.2374147
-0.2456870
-0.2550686
-0.2562844
-0.2445370
-0.2246699
-0.2075418
-0.2013137
-0.2052460
-0.2118317
-0.2152902
-0.2170668
-0.2221960
-0.2317157
-0.2407037
-0.2436014
-0.2401629
-0.2361867
-0.2387878
-0.2500025
-0.2643875
-0.2741521
-0.2775107
-0.2805864
-0.2899762
-0.3048845
-0.3181791
-0.3244310
-0.3255918
-0.3289675
-0.3400086
-0.3566413
-0.3709918
-0.3778165
-0.3805308
-0.3865676
-0.3966400
-0.4013879
-0.3903117
-0.3627935
-0.3291346
-0.3012647
-0.2826175
-0.2662436
-0.2427080
-0.2103494
-0.1771424
-0.1516440
-0.1333574
-0.1137404
-0.0858353
-0.0509886
-0.0167433
0.0097698
0.0265017
0.0365181
0.0439909
0.0498068
0.0518334
0.0498114
0.0479611
0.0508647
0.0578503
0.0633962
0.0628777
0.0569254
0.0505716
0.0485945
0.0508350
0.0518422
0.0464921
0.0362788
0.0283800
0.0279150
0.0327051
0.0361852
0.0338185
0.0261474
0.0173258
0.0114170
0.0087854
0.0057707
-0.0007457
-0.0085724
-0.0119120
-0.0081591
-0.0012858
0.0021337
-0.0007557
-0.0067630
-0.0097109
-0.0062081
0.0007610
0.0048886
0.0041478
0.0038162
0.0101565
0.0224406
0.0335534
0.0379277
0.0370030
0.0371878
0.0437479
0.0561304
0.0683273
0.0747460
0.0764828
0.0803796
0.0908664
0.1043004
0.1127493
0.1122225
0.1060400
0.1010332
0.1011559
0.1039441
0.1031297
0.0959136
0.0871655
0.0843339
0.0885184
0.0933934
0.0933677
0.0898450
0.0880517
0.0899776
0.0925604
0.0923850
0.0911349
0.0957837
0.1122624
0.1386570
0.1670778
0.1945586
0.2308132
0.2929688
0.3935407
0.5347618
0.7108554
0.9092718
1.1075322
1.2727710
1.3703265
1.3782602
1.2976444
1.1492931
0.9574165
0.7342614
0.4817265
0.2082558
-0.0591095
-0.2823592
-0.4322962
-0.5020837
-0.5059398
-0.4678318
-0.4094560
-0.3447315
-0.2824025
-0.2305625
-0.1954606
-0.1761943
-0.1642373
-0.1504764
-0.1322226
-0.1135306
-0.1003102
-0.0950701
-0.0947647
-0.0938554
-0.0906070
-0.0890829
-0.0929179
-0.0988365
-0.0998505
-0.0945211
-0.0896605
-0.0930493
-0.1055354
-0.1208913
-0.1321536
-0.1378832
-0.1426981
-0.1510301
-0.1604325
-0.1633645
-0.1566388
-0.1464704
-0.1420517
-0.1460584
-0.1536698
-0.1593920
-0.1625588
-0.1667685
-0.1752180
-0.1861111
-0.1928124
-0.1904543
-0.1824787
-0.1780527
-0.1823960
-0.1922689
-0.2017273
-0.2093165
-0.2178739
-0.2293160
-0.2415502
-0.2501197
-0.2527425
-0.2527455
-0.2565835
-0.2659985
-0.2741552
-0.2726669
-0.2617759
-0.2502385
-0.2448560
-0.2427242
-0.2344207
-0.2134094
-0.1825014
-0.1520479
-0.1306017
-0.1161043
-0.0979691
-0.0693954
-0.0354882
-0.0070749
0.0114231
0.0252950
0.0422213
0.0642416
0.0863161
0.1011886
0.1062586
0.1062227
0.1076786
0.1113125
0.1120958
0.1075270
0.1021230
0.1019237
0.1070282
0.1113588
0.1082334
0.0953690
0.0762889
0.0575452
0.0430210
0.0308467
0.0173156
0.0028002
-0.0086491
-0.0146076
-0.0162389
-0.0156995
-0.0146613
-0.0148468
-0.0168342
-0.0184822
-0.0173253
-0.0143225
-0.0125999
-0.0125165
-0.0102180
-0.0014472
0.0139551
0.0305410
0.0401274
0.0387978
0.0322373
0.0311445
0.0394125
0.0496783
0.0528084
0.0489474
0.0462900
0.0509279
0.0606956
0.0679787
0.0667725
0.0577554
0.0470682
0.0390651
0.0309871
0.0173795
-0.0008819
-0.0158030
-0.0210744
-0.0183066
-0.0137679
-0.0120175
-0.0135636
-0.0159663
-0.0162302
-0.0139728
-0.0123825
-0.0144311
-0.0189001
-0.0219527
-0.0211053
-0.0153878
-0.0038548
0.0124362
0.0284370
0.0390222
0.0446299
0.0503252
0.0598677
0.0728972
0.0870859
0.1012350
0.1173235
0.1406229
0.1760227
0.2238038
0.2826579
0.3586241
0.4665973
0.6177482
0.8043635
0.9970804
1.1562408
1.2491312
1.2638440
1.2107684
1.1084226
0.9656418
0.7789866
0.5476055
0.2875254
0.0304320
-0.1896010
-0.3496058
-0.4439688
-0.4811684
-0.4742451
-0.4345155
-0.3741058
-0.3094585
-0.2560302
-0.2192619
-0.1941741
-0.1735597
-0.1542042
-0.1370828
-0.1254525
-0.1219666
-0.1244181
-0.1252623
-0.1184289
-0.1060663
-0.0965055
-0.0964942
-0.1063958
-0.1205757
-0.1311442
-0.1344238
-0.1356137
-0.1439370
-0.1612351
-0.1786685
-0.1868148
-0.1857879
-0.1831997
-0.1852298
-0.1919770
-0.1990847
-0.2020643
-0.2007982
-0.2001977
-0.2040401
-0.2086286
-0.2061242
-0.1941821
-0.1788157
-0.1678371
-0.1647732
-0.1684061
-0.1741469
-0.1762440
-0.1727802
-0.1685010
-0.1693036
-0.1744936
-0.1779137
-0.1760519
-0.1718111
-0.1709025
-0.1769365
-0.1886689
-0.1999879
-0.2049229
-0.2048698
-0.2077407
-0.2171637
-0.2259277
-0.2237134
-0.2087044
-0.1883763
-0.1712003
-0.1601579
-0.1518146
-0.1393159
-0.1186055
-0.0933355
-0.0711425
-0.0543586
-0.0378075
-0.0163765
0.0091814
0.0345300
0.0554642
0.0687372
0.0738944
0.0754359
0.0789762
0.0842557
0.0857168
0.0805892
0.0728298
0.0686499
0.0709561
0.0775391
0.0820421
0.0785571
0.0685444
0.0607112
0.0601595
0.0607199
0.0531206
0.0382498
0.0264640
0.0246137
0.0286246
0.0290199
0.0209091
0.0088464
0.0027554
0.0070093
0.0136421
0.0109662
-0.0003970
-0.0065148
0.0019997
0.0172923
0.0238686
0.0163823
0.0034352
-0.0032849
-0.0001148
0.0063495
0.0062592
-0.0026579
-0.0117620
-0.0118617
-0.0049637
-0.0006169
-0.0022007
-0.0035669
0.0007688
0.0087879
0.0155429
0.0192848
0.0217639
0.0261125
0.0344334
0.0444333
0.0499606
0.0482078
0.0437878
0.0416910
0.0393631
0.0306173
0.0146779
-0.0033970
-0.0187730
-0.0292641
-0.0348490
-0.0388502
-0.0463827
-0.0578036
-0.0669813
-0.0693464
-0.0679041
-0.0681424
-0.0709674
-0.0736957
-0.0742675
-0.0721302
-0.0686598
-0.0678048
-0.0716975
-0.0752671
-0.0712479
-0.0613825
-0.0559704
-0.0604451
-0.0683284
-0.0693886
-0.0599109
-0.0441225
-0.0302480
-0.0250299
-0.0271377
-0.0266656
-0.0161349
-0.0004566
0.0094646
0.0110341
0.0118378
0.0187848
0.0309852
0.0420989
0.0455422
0.0400605
0.0340923
0.0405427
0.0627351
0.0904159
0.1151551
0.1452821
0.2001677
0.2937086
0.4275012
0.5938226
0.7773742
0.9555880
1.1020068
1.1906104
1.2011598
1.1293638
0.9932196
0.8205146
0.6262054
0.4082666
0.1676214
-0.0754374
-0.2877975
-0.4414122
-0.5253593
-0.5489992
-0.5356019
-0.5059923
-0.4657095
-0.4113141
-0.3463876
-0.2840636
-0.2353816
-0.2023985
-0.1813833
-0.1661979
-0.1508002
-0.1352236
-0.1267770
-0.1295240
-0.1365015
-0.1387231
-0.1372267
-0.1390639
-0.1457561
-0.1529220
-0.1575843
-0.1597158
-0.1603491
-0.1627283
-0.1703089
-0.1798297
-0.1828475
-0.1779859
-0.1742867
-0.1783211
-0.1856940
-0.1895220
-0.1896112
-0.1891502
-0.1896163
-0.1923808
-0.1985756
-0.2055111
-0.2102467
-0.2166229
-0.2299412
-0.2451025
-0.2504480
-0.2442215
-0.2374215
-0.2392137
-0.2479095
-0.2562197
-0.2576005
-0.2490669
-0.2355724
-0.2286085
-0.2324994
-0.2366312
-0.2301474
-0.2189330
-0.2177165
-0.2297666
-0.2443229
-0.2504216
-0.2452004
-0.2332752
-0.2249196
-0.2288856
-0.2406992
-0.2450699
-0.2350421
-0.2195313
-0.2065835
-0.1906242
-0.1639877
-0.1307804
-0.1012273
-0.0804089
-0.0680656
-0.0610284
-0.0523033
-0.0371739
-0.0220925
-0.0168540
-0.0177452
-0.0116761
0.0022497
0.0097778
0.0022214
-0.0130927
-0.0248557
-0.0284666
-0.0246967
-0.0189320
-0.0198647
-0.0279645
-0.0296203
-0.0146510
0.0065698
0.0168441
0.0160664
0.0169856
0.0239809
0.0310097
0.0347507
0.0361550
0.0347561
0.0325025
0.0354637
0.0423081
0.0415430
0.0290919
0.0157219
0.0081691
-0.0017350
-0.0190758
-0.0333928
-0.0356183
-0.0324447
-0.0334881
-0.0382632
-0.0434226
-0.0478437
-0.0456026
-0.0311385
-0.0148524
-0.0142494
-0.0268130
-0.0323661
-0.0244832
-0.0178980
-0.0231091
-0.0353326
-0.0489931
-0.0616544
-0.0653067
-0.0554200
-0.0445444
-0.0451768
-0.0467510
-0.0333463
-0.0144216
-0.0119020
-0.0264974
-0.0424210
-0.0541626
-0.0633613
-0.0626296
-0.0478935
-0.0326362
-0.0275429
-0.0242575
-0.0194216
-0.0293385
-0.0578539
-0.0786624
-0.0748144
-0.0654794
-0.0683404
-0.0684832
-0.0505227
-0.0276769
-0.0146149
-0.0062317
-0.0022429
-0.0121124
-0.0201019
0.0061591
0.0580043
0.0921236
0.1080274
0.1565937
0.2586537
0.3850261
0.5279850
0.7098509
0.9050787
1.0429723
1.1047924
1.1245922
1.0868429
0.9408000
0.7274949
0.5489823
0.3865938
0.1223880
-0.2016241
-0.3402693
-0.1757188
