-0.1202769
-0.0884177
-0.0422748
-0.0058293
0.0076032
0.0087970
0.0210035
0.0565751
0.1088533
0.1703299
0.2564180
0.4009274
0.6148156
0.8438131
0.9755657
0.9075242
0.6251384
0.2204346
-0.1688378
-0.4461757
-0.5953348
-0.6500961
-0.6413622
-0.5787084
-0.4723783
-0.3537680
-0.2621211
-0.2135259
-0.1918994
-0.1730424
-0.1515515
-0.1390114
-0.1398459
-0.1386910
-0.1163441
-0.0737352
-0.0331903
-0.0149993
-0.0174109
-0.0225134
-0.0181815
-0.0085601
-0.0026899
0.0010997
0.0138709
0.0400933
0.0685859
0.0831054
0.0802403
0.0726231
0.0731304
0.0790141
0.0754899
0.0552586
0.0309842
0.0249073
0.0455752
0.0768281
0.0917007
0.0776242
0.0476429
0.0271582
0.0305531
0.0509446
0.0712242
0.0826540
0.0915117
0.1090517
0.1379566
0.1703743
0.1980980
0.2217175
0.2478371
0.2783931
0.3061076
0.3230428
0.3327058
0.3499067
0.3856719
0.4330051
0.4708270
0.4840537
0.4787638
0.4754334
0.4870675
0.5060152
0.5136467
0.5014477
0.4795670
0.4636857
0.4560533
0.4428524
0.4107204
0.3630102
0.3168441
0.2841719
0.2583182
0.2215330
0.1659398
0.1053904
0.0648943
0.0576155
0.0724996
0.0849283
0.0795546
0.0626013
0.0522024
0.0576255
0.0687405
0.0660572
0.0409420
0.0057488
-0.0163313
-0.0121007
0.0099993
0.0282538
0.0275668
0.0118021
-0.0023985
-0.0030941
0.0056954
0.0094262
-0.0010989
-0.0195813
-0.0297183
-0.0205732
0.0032939
0.0262351
0.0354742
0.0312267
0.0242583
0.0241837
0.0299638
0.0316743
0.0218912
0.0051810
-0.0050666
-0.0007754
0.0101020
0.0091811
-0.0141987
-0.0509461
-0.0804207
-0.0914056
-0.0930065
-0.1023679
-0.1222494
-0.1345388
-0.1189073
-0.0768441
-0.0338602
-0.0163079
-0.0272478
-0.0464389
-0.0530340
-0.0461290
-0.0425194
-0.0560858
-0.0815822
-0.0993657
-0.0952185
-0.0744684
-0.0564296
-0.0556038
-0.0689798
-0.0816243
-0.0836149
-0.0801049
-0.0843727
-0.1022713
-0.1253630
-0.1395194
-0.1383322
-0.1268037
-0.1139480
-0.1052689
-0.1024614
-0.1058446
-0.1131327
-0.1175883
-0.1125694
-0.0996702
-0.0887056
-0.0860356
-0.0848189
-0.0720942
-0.0470721
-0.0277133
-0.0337968
-0.0638315
-0.0936495
-0.1003432
-0.0847194
-0.0669181
-0.0618346
-0.0636973
-0.0558499
-0.0315057
-0.0013106
0.0179528
0.0184201
0.0049699
-0.0120873
-0.0257196
-0.0356964
-0.0469109
-0.0644001
-0.0871838
-0.1056961
-0.1078716
-0.0910929
-0.0679911
-0.0574239
-0.0679278
-0.0909141
-0.1107893
-0.1202153
-0.1240566
-0.1299912
-0.1384175
-0.1424557
-0.1358961
-0.1195766
-0.1008211
-0.0880290
-0.0851244
-0.0891674
-0.0928167
-0.0910541
-0.0871820
-0.0909466
-0.1079189
-0.1301553
-0.1398698
-0.1246064
-0.0884482
-0.0474527
-0.0153533
0.0049166
0.0181610
0.0304861
0.0471923
0.0727983
0.1095794
0.1589847
0.2299201
0.3434100
0.5162619
0.7271353
0.8992292
0.9321552
0.7696791
0.4456374
0.0629699
-0.2755684
-0.5206428
-0.6726346
-0.7434538
-0.7352860
-0.6543402
-0.5301152
-0.4075211
-0.3177953
-0.2616798
-0.2222325
-0.1893568
-0.1680419
-0.1657305
-0.1785214
-0.1927891
-0.1975360
-0.1921220
-0.1832417
-0.1774667
-0.1764947
-0.1763543
-0.1697643
-0.1514916
-0.1237021
-0.0952753
-0.0737596
-0.0578744
-0.0395860
-0.0142197
0.0127501
0.0300623
0.0312125
0.0197797
0.0052288
-0.0044968
-0.0063392
-0.0016641
0.0043905
0.0047251
-0.0037366
-0.0141362
-0.0135650
0.0028919
0.0229949
0.0269378
0.0082637
-0.0174072
-0.0276972
-0.0168439
-0.0005940
0.0031771
-0.0042757
-0.0039110
0.0193534
0.0601727
0.0997206
0.1260144
0.1436080
0.1639833
0.1909399
0.2179609
0.2375846
0.2497751
0.2608782
0.2770749
0.3003730
0.3291950
0.3598264
0.3864606
0.4021741
0.4028843
0.3909935
0.3733317
0.3540353
0.3301423
0.2957143
0.2504013
0.2025363
0.1623923
0.1319721
0.1021043
0.0611403
0.0078685
-0.0446481
-0.0802714
-0.0962498
-0.1072689
-0.1306128
-0.1665870
-0.1954633
-0.1959612
-0.1671603
-0.1310524
-0.1125944
-0.1175531
-0.1304438
-0.1331996
-0.1237482
-0.1157460
-0.1222841
-0.1420101
-0.1604254
-0.1627014
-0.1458580
-0.1215912
-0.1083088
-0.1171731
-0.1421143
-0.1637696
-0.1668099
-0.1554386
-0.1497989
-0.1638775
-0.1869881
-0.1907208
-0.1571756
-0.0993748
-0.0510143
-0.0357413
-0.0482822
-0.0649926
-0.0685281
-0.0597783
-0.0497778
-0.0464178
-0.0499506
-0.0560112
-0.0587099
-0.0530834
-0.0397957
-0.0282481
-0.0302806
-0.0469830
-0.0641166
-0.0657592
-0.0527814
-0.0423713
-0.0461120
-0.0533492
-0.0432349
-0.0125133
0.0165178
0.0198710
-0.0013245
-0.0242522
-0.0328435
-0.0351789
-0.0498059
-0.0808355
-0.1132055
-0.1304881
-0.1294079
-0.1146079
-0.0869260
-0.0440537
0.0123619
0.0826046
0.1833636
0.3401353
0.5469068
0.7333666
0.7912150
0.6530172
0.3516792
-0.0013940
-0.2997445
-0.5050854
-0.6361833
-0.7124328
-0.7235483
-0.6547609
-0.5269070
-0.3964810
-0.3128152
-0.2802298
-0.2641703
-0.2300455
-0.1731415
-0.1152218
-0.0795581
-0.0714689
-0.0786051
-0.0848236
-0.0827836
-0.0759656
-0.0716008
-0.0724448
-0.0741827
-0.0696076
-0.0554397
-0.0358599
-0.0196180
-0.0132853
-0.0168121
-0.0249674
-0.0323391
-0.0370567
-0.0408235
-0.0459551
-0.0515809
-0.0521742
-0.0410534
-0.0170006
0.0126714
0.0370133
0.0501967
0.0554938
0.0610100
0.0720375
0.0871909
0.1009111
0.1093176
0.1143874
0.1233944
0.1440527
0.1782981
0.2185478
0.2501703
0.2612097
0.2536262
0.2449870
0.2553191
0.2891984
0.3310852
0.3600451
0.3695343
0.3722265
0.3857249
0.4147080
0.4474970
0.4687225
0.4730888
0.4661742
0.4545678
0.4391664
0.4183939
0.3934680
0.3665971
0.3359699
0.2978864
0.2553436
0.2200275
0.2009736
0.1918784
0.1746615
0.1389957
0.0963666
0.0702196
0.0708632
0.0838229
0.0866098
0.0749506
0.0669335
0.0797788
0.1072448
0.1243725
0.1129501
0.0780101
0.0391089
0.0098485
-0.0110971
-0.0315191
-0.0536477
-0.0723537
-0.0822179
-0.0829556
-0.0786282
-0.0749860
-0.0779880
-0.0906166
-0.1078954
-0.1180466
-0.1141244
-0.1048500
-0.1085023
-0.1322635
-0.1601644
-0.1665761
-0.1431008
-0.1093712
-0.0946813
-0.1095230
-0.1373186
-0.1540547
-0.1529408
-0.1475316
-0.1530120
-0.1692473
-0.1833356
-0.1846468
-0.1736016
-0.1573561
-0.1413913
-0.1267416
-0.1126431
-0.0989558
-0.0861340
-0.0749917
-0.0675888
-0.0667117
-0.0717234
-0.0746942
-0.0643717
-0.0380685
-0.0091587
0.0017558
-0.0136609
-0.0418638
-0.0598197
-0.0574575
-0.0465045
-0.0465479
-0.0636275
-0.0842950
-0.0909807
-0.0813976
-0.0709276
-0.0764387
-0.0999877
-0.1286672
-0.1477169
-0.1522735
-0.1490237
-0.1496040
-0.1608651
-0.1772119
-0.1820388
-0.1615733
-0.1210724
-0.0848066
-0.0742923
-0.0846030
-0.0856340
-0.0495517
0.0263733
0.1294595
0.2604563
0.4374674
0.6568738
0.8529841
0.9160272
0.7702315
0.4416054
0.0463709
-0.2905916
-0.5101718
-0.6251873
-0.6717344
-0.6667698
-0.6092935
-0.5068221
-0.3872491
-0.2839403
-0.2156131
-0.1819817
-0.1721046
-0.1718638
-0.1682942
-0.1561624
-0.1429844
-0.1420098
-0.1556508
-0.1680200
-0.1586366
-0.1245935
-0.0863756
-0.0692330
-0.0789097
-0.0972493
-0.1020663
-0.0897448
-0.0768230
-0.0804676
-0.1000631
-0.1186636
-0.1204446
-0.1052456
-0.0872765
-0.0813750
-0.0901795
-0.1030488
-0.1065562
-0.0960836
-0.0777513
-0.0603048
-0.0463495
-0.0311721
-0.0087280
0.0213906
0.0517740
0.0720868
0.0781242
0.0770324
0.0821418
0.1009862
0.1285849
0.1535413
0.1708775
0.1880432
0.2173925
0.2624303
0.3121482
0.3500529
0.3689668
0.3761898
0.3844497
0.3996203
0.4177293
0.4314657
0.4373697
0.4378209
0.4382931
0.4422233
0.4463857
0.4413001
0.4187093
0.3803031
0.3380822
0.3040716
0.2787343
0.2504609
0.2085300
0.1576277
0.1179701
0.1081264
0.1264046
0.1500988
0.1542217
0.1317149
0.0967945
0.0702129
0.0609025
0.0599690
0.0517405
0.0313863
0.0114054
0.0090889
0.0272186
0.0490147
0.0536544
0.0361913
0.0110146
-0.0041632
-0.0064211
-0.0087540
-0.0233888
-0.0459224
-0.0584018
-0.0483276
-0.0224263
-0.0004572
0.0030437
-0.0101388
-0.0265477
-0.0339088
-0.0303264
-0.0240824
-0.0255040
-0.0371913
-0.0506210
-0.0530005
-0.0393342
-0.0188429
-0.0086632
-0.0190744
-0.0440133
-0.0677810
-0.0823101
-0.0950567
-0.1157309
-0.1362682
-0.1307304
-0.0805027
0.0014318
0.0757671
0.1090685
0.1011584
0.0809581
0.0764241
0.0895830
0.1005614
0.0932050
0.0730888
0.0597694
0.0648836
0.0811819
0.0919559
0.0877307
0.0728033
0.0576893
0.0472764
0.0367763
0.0189214
-0.0057484
-0.0271306
-0.0345431
-0.0265641
-0.0117596
-0.0012427
-0.0012291
-0.0107286
-0.0240086
-0.0356759
-0.0454204
-0.0583226
-0.0791919
-0.1055611
-0.1268133
-0.1322700
-0.1223771
-0.1116970
-0.1171625
-0.1400228
-0.1610375
-0.1581757
-0.1300991
-0.0982383
-0.0828780
-0.0796409
-0.0637060
-0.0177714
0.0471962
0.1014654
0.1259125
0.1288217
0.1317787
0.1419848
0.1444885
0.1236079
0.0865602
0.0594262
0.0597628
0.0780237
0.0882999
0.0750296
0.0466618
0.0237420
0.0160914
0.0135490
-0.0009087
-0.0310302
-0.0625240
-0.0782592
-0.0760007
-0.0699984
-0.0764084
-0.0984465
-0.1253170
-0.1446766
-0.1555365
-0.1677332
-0.1877715
-0.2072373
-0.2092515
-0.1875997
-0.1563934
-0.1376780
-0.1394629
-0.1472773
-0.1378624
-0.1015666
-0.0520691
-0.0139894
0.0001930
0.0016433
0.0137859
0.0494774
0.0987759
0.1375846
0.1478640
0.1315274
0.1066314
0.0893509
0.0786842
0.0603619
0.0271766
-0.0073181
-0.0199121
-0.0033662
0.0224180
0.0279716
0.0030901
-0.0336975
-0.0557870
-0.0576719
-0.0604248
-0.0863337
-0.1310460
-0.1659310
-0.1686342
-0.1468673
-0.1293523
-0.1358804
-0.1591872
-0.1748418
-0.1657671
-0.1364192
-0.1043356
-0.0789622
-0.0498373
0.0033474
0.0898970
0.2004698
0.3226144
0.4619859
0.6406844
0.8641091
1.0832264
1.1959225
1.1043580
0.7904075
0.3427886
-0.0936351
-0.4048408
-0.5591161
-0.5920444
-0.5564352
-0.4875808
-0.4029286
-0.3178797
-0.2519721
-0.2190912
-0.2155872
-0.2216909
-0.2166227
-0.1943297
-0.1674659
-0.1572137
-0.1756602
-0.2133453
-0.2447487
-0.2511745
-0.2397439
-0.2354457
-0.2517142
-0.2724651
-0.2674486
-0.2241055
-0.1605166
-0.1068429
-0.0773616
-0.0625831
-0.0464924
-0.0268087
-0.0154541
-0.0214195
-0.0386922
-0.0529744
-0.0559153
-0.0488000
-0.0355615
-0.0185258
-0.0012447
0.0104319
0.0138310
0.0139612
0.0193997
0.0332714
0.0494872
0.0588399
0.0590861
0.0582838
0.0670719
0.0880056
0.1136799
0.1342076
0.1438622
0.1415382
0.1301155
0.1175425
0.1135339
0.1198552
0.1254338
0.1165948
0.0943315
0.0791646
0.0957476
0.1505264
0.2236827
0.2839147
0.3129999
0.3170960
0.3151696
0.3185931
0.3227503
0.3151713
0.2882103
0.2453652
0.1995090
0.1649819
0.1474684
0.1399639
0.1301626
0.1117353
0.0867051
0.0584798
0.0274754
-0.0046582
-0.0305624
-0.0421103
-0.0412095
-0.0426627
-0.0612889
-0.0936567
-0.1160132
-0.1066111
-0.0713828
-0.0423085
-0.0464831
-0.0789586
-0.1089088
-0.1106349
-0.0857074
-0.0563043
-0.0406702
-0.0363533
-0.0263400
-0.0000672
0.0337472
0.0564767
0.0593824
0.0500668
0.0399749
0.0313993
0.0200805
0.0064468
-0.0021890
-0.0019198
-0.0000108
-0.0063832
-0.0159594
-0.0054988
0.0444740
0.1269201
0.2199039
0.3263358
0.4867907
0.7287985
0.9968796
1.1518270
1.0662258
0.7359871
0.2978009
-0.0707467
-0.2774884
-0.3547455
-0.3884327
-0.4223667
-0.4343498
-0.3903741
-0.2999859
-0.2108282
-0.1604611
-0.1458969
-0.1378340
-0.1143587
-0.0780723
-0.0471241
-0.0359102
-0.0445118
-0.0626758
-0.0799489
-0.0916162
-0.0989854
-0.1076094
-0.1230974
-0.1439952
-0.1592553
-0.1574943
-0.1400328
-0.1215443
-0.1164449
-0.1265007
-0.1418785
-0.1519146
-0.1544175
-0.1561207
-0.1639072
-0.1745019
-0.1745246
-0.1532661
-0.1143311
-0.0721093
-0.0375340
-0.0095264
0.0204226
0.0575352
0.0975440
0.1306481
0.1529359
0.1734255
0.2058473
0.2520119
0.2976513
0.3279725
0.3439877
0.3592339
0.3820124
0.4053223
0.4156341
0.4101699
0.4037538
0.4161390
0.4509426
0.4896028
0.5097333
0.5074746
0.4967452
0.4879017
0.4746539
0.4446425
0.3971913
0.3454221
0.3019200
0.2654844
0.2235392
0.1684137
0.1103840
0.0705740
0.0584008
0.0597916
0.0525113
0.0313447
0.0131914
0.0173713
0.0444204
0.0745179
0.0848062
0.0689318
0.0411134
0.0202599
0.0105474
0.0011538
-0.0150783
-0.0298813
-0.0310451
-0.0207003
-0.0151921
-0.0270513
-0.0516228
-0.0732571
-0.0836841
-0.0926151
-0.1171160
-0.1586994
-0.1956483
-0.2049847
-0.1905713
-0.1810448
-0.1977831
-0.2317443
-0.2556401
-0.2538935
-0.2357743
-0.2209969
-0.2166011
-0.2102099
-0.1870536
-0.1517763
-0.1272512
-0.1284948
-0.1436493
-0.1477334
-0.1320397
-0.1120189
-0.1063322
-0.1149254
-0.1200780
-0.1060747
-0.0765169
-0.0524109
-0.0514319
-0.0691089
-0.0845741
-0.0853730
-0.0800003
-0.0829540
-0.0947476
-0.1033342
-0.1011786
-0.0940547
-0.0937803
-0.1065425
-0.1287401
-0.1529757
-0.1774590
-0.2061434
-0.2363739
-0.2518846
-0.2379003
-0.2026785
-0.1737838
-0.1696203
-0.1819168
-0.1895472
-0.1832303
-0.1725671
-0.1727107
-0.1872155
-0.2024650
-0.1990327
-0.1702856
-0.1276416
-0.0849553
-0.0409623
0.0206052
0.1192088
0.2678294
0.4617884
0.6624847
0.7963558
0.7878600
0.6068898
0.2905462
-0.0752613
-0.3969778
-0.6134028
-0.7150834
-0.7315505
-0.6982057
-0.6348743
-0.5513075
-0.4608960
-0.3817950
-0.3288084
-0.3063624
-0.3039342
-0.2990412
-0.2751766
-0.2397488
-0.2150845
-0.2090977
-0.2049084
-0.1834235
-0.1470431
-0.1161315
-0.1081293
-0.1225323
-0.1413849
-0.1451751
-0.1335257
-0.1261313
-0.1358675
-0.1480452
-0.1388296
-0.1090547
-0.0847304
-0.0852552
-0.1041674
-0.1213431
-0.1238630
-0.1151948
-0.1107871
-0.1214330
-0.1365998
-0.1330926
-0.1062335
-0.0794321
-0.0729094
-0.0768108
-0.0685476
-0.0442074
-0.0179024
0.0003454
0.0129938
0.0293826
0.0601234
0.1064813
0.1502472
0.1694366
0.1686543
0.1746038
0.1966732
0.2157096
0.2190676
0.2203458
0.2335906
0.2531463
0.2699818
0.2841923
0.2936691
0.2949540
0.2973617
0.3065975
0.2980956
0.2476975
0.1855659
0.1668852
0.1872012
0.1893882
0.1622253
0.1552809
0.1718227
0.1328298
-0.0004475
