0.0797654
0.1091971
0.1191963
0.1139196
0.1136467
0.1281067
0.1435914
0.1413802
0.1247883
0.1198081
0.1467315
0.1968315
0.2424859
0.2680934
0.2845168
0.3116703
0.3530876
0.3935068
0.4193060
0.4339767
0.4505581
0.4737315
0.4950266
0.5044579
0.5009279
0.4890872
0.4708879
0.4456076
0.4168342
0.3931755
0.3789115
0.3670686
0.3458988
0.3117167
0.2718009
0.2340037
0.1973529
0.1562348
0.1120800
0.0760268
0.0576881
0.0534244
0.0487151
0.0321765
0.0052675
-0.0222130
-0.0439067
-0.0620375
-0.0815061
-0.1015569
-0.1152847
-0.1173925
-0.1112509
-0.1071539
-0.1130679
-0.1272402
-0.1404136
-0.1452732
-0.1425562
-0.1366433
-0.1258372
-0.0997642
-0.0482963
0.0288259
0.1253148
0.2415863
0.3873057
0.5595596
0.7136359
0.7639363
0.6322116
0.3120457
-0.1076386
-0.4879232
-0.7214031
-0.7852146
-0.7292994
-0.6221877
-0.5068945
-0.3968462
-0.2971672
-0.2182840
-0.1692161
-0.1462657
-0.1355656
-0.1269522
-0.1215101
-0.1241222
-0.1318758
-0.1339534
-0.1236180
-0.1075667
-0.1008742
-0.1126611
-0.1379297
-0.1632264
-0.1783473
-0.1816042
-0.1759715
-0.1638913
-0.1471588
-0.1294238
-0.1155061
-0.1074529
-0.1026471
-0.0965656
-0.0864830
-0.0717865
-0.0521010
-0.0275532
-0.0013920
0.0199226
0.0316774
0.0358890
0.0396329
0.0480973
0.0609442
0.0761259
0.0947497
0.1191787
0.1470264
0.1708936
0.1861892
0.1971134
0.2119516
0.2330958
0.2550470
0.2731889
0.2909708
0.3146979
0.3424442
0.3629851
0.3678827
0.3614174
0.3549316
0.3530410
0.3504098
0.3429249
0.3363590
0.3386333
0.3454284
0.3402225
0.3117867
0.2681432
0.2287500
0.2037683
0.1856166
0.1621832
0.1336160
0.1111296
0.1006993
0.0942105
0.0798095
0.0570899
0.0366745
0.0254313
0.0181094
0.0070613
-0.0036019
-0.0002775
0.0218205
0.0471807
0.0522858
0.0300888
-0.0013992
-0.0177087
-0.0136749
-0.0074952
-0.0188379
-0.0461727
-0.0686067
-0.0691548
-0.0529946
-0.0414245
-0.0495856
-0.0723050
-0.0916899
-0.0964349
-0.0919388
-0.0919774
-0.1026183
-0.1160117
-0.1197577
-0.1107681
-0.0986173
-0.0952930
-0.1027990
-0.1121375
-0.1146877
-0.1128778
-0.1170931
-0.1314322
-0.1451519
-0.1415652
-0.1157998
-0.0811901
-0.0563571
-0.0473711
-0.0449021
-0.0383482
-0.0292739
-0.0283385
-0.0402351
-0.0553808
-0.0587339
-0.0458291
-0.0279952
-0.0213080
-0.0313897
-0.0491771
-0.0604163
-0.0589339
-0.0519780
-0.0535016
-0.0708406
-0.0960245
-0.1106675
-0.1021850
-0.0770611
-0.0571239
-0.0603494
-0.0841737
-0.1083714
-0.1152256
-0.1065319
-0.0999441
-0.1091192
-0.1294206
-0.1442389
-0.1438490
-0.1355238
-0.1346527
-0.1479373
-0.1671111
-0.1787272
-0.1784322
-0.1748257
-0.1798954
-0.1964664
-0.2149460
-0.2216418
-0.2102231
-0.1864847
-0.1635638
-0.1520585
-0.1521487
-0.1534366
-0.1436386
-0.1200062
-0.0927772
-0.0754928
-0.0704713
-0.0649077
-0.0435332
-0.0058287
0.0306937
0.0459348
0.0361353
0.0167248
0.0064252
0.0096505
0.0149562
0.0091479
-0.0090061
-0.0284751
-0.0370581
-0.0322814
-0.0231565
-0.0222151
-0.0342849
-0.0515155
-0.0605490
-0.0568619
-0.0517956
-0.0623099
-0.0915175
-0.1209453
-0.1259262
-0.1005603
-0.0657378
-0.0500033
-0.0626140
-0.0872271
-0.1016176
-0.1002458
-0.0956658
-0.1007569
-0.1141101
-0.1234827
-0.1201930
-0.1076544
-0.0970627
-0.0970711
-0.1074485
-0.1203031
-0.1260005
-0.1193198
-0.1025787
-0.0838082
-0.0704201
-0.0628412
-0.0543544
-0.0384071
-0.0163851
0.0027300
0.0109083
0.0088090
0.0046965
0.0060073
0.0122249
0.0160954
0.0123808
0.0060546
0.0113455
0.0415534
0.1004280
0.1859733
0.3026371
0.4633069
0.6689685
0.8802659
1.0138698
0.9816736
0.7504577
0.3733389
-0.0368399
-0.3722201
-0.5809664
-0.6705961
-0.6755559
-0.6265307
-0.5436387
-0.4451725
-0.3524902
-0.2842836
-0.2481426
-0.2383120
-0.2404388
-0.2389948
-0.2240817
-0.1959094
-0.1642296
-0.1407654
-0.1289008
-0.1204846
-0.1046027
-0.0799098
-0.0565229
-0.0446956
-0.0430632
-0.0399181
-0.0258623
-0.0036581
0.0149449
0.0212012
0.0174435
0.0137565
0.0177466
0.0278679
0.0357450
0.0339087
0.0219243
0.0070852
-0.0001844
0.0061335
0.0219711
0.0352054
0.0358154
0.0253249
0.0152181
0.0150407
0.0227120
0.0276575
0.0233113
0.0152668
0.0161931
0.0330033
0.0599371
0.0844703
0.0990896
0.1066562
0.1154434
0.1308108
0.1516347
0.1727340
0.1895655
0.2017385
0.2133173
0.2291104
0.2493790
0.2684045
0.2795051
0.2816793
0.2801833
0.2798537
0.2789134
0.2714188
0.2565877
0.2436688
0.2441952
0.2582226
0.2705757
0.2636176
0.2339029
0.1947098
0.1623019
0.1415605
0.1254075
0.1057786
0.0826364
0.0625968
0.0511438
0.0476339
0.0469600
0.0442317
0.0376231
0.0286524
0.0213292
0.0197734
0.0240320
0.0282752
0.0263861
0.0214026
0.0270702
0.0558178
0.1036868
0.1491200
0.1693779
0.1596709
0.1364497
0.1214869
0.1219379
0.1253527
0.1139327
0.0834964
0.0484385
0.0284398
0.0305453
0.0437024
0.0500112
0.0412282
0.0247943
0.0142285
0.0144298
0.0176083
0.0137196
0.0028833
-0.0044248
0.0012133
0.0184564
0.0366239
0.0446784
0.0384881
0.0219605
0.0037184
-0.0079375
-0.0100242
-0.0072628
-0.0086157
-0.0184740
-0.0298538
-0.0284433
-0.0065532
0.0267715
0.0521869
0.0580431
0.0505509
0.0447859
0.0471932
0.0495218
0.0401011
0.0187094
-0.0017766
-0.0085875
-0.0027454
0.0015028
-0.0089610
-0.0331374
-0.0577317
-0.0710282
-0.0736953
-0.0760790
-0.0863727
-0.1023226
-0.1140466
-0.1143076
-0.1059600
-0.0995032
-0.1035264
-0.1177015
-0.1345255
-0.1464863
-0.1510630
-0.1504865
-0.1487549
-0.1488203
-0.1509560
-0.1528633
-0.1515455
-0.1451510
-0.1329241
-0.1141978
-0.0888918
-0.0596313
-0.0327141
-0.0156145
-0.0119912
-0.0181432
-0.0248245
-0.0241603
-0.0160573
-0.0080816
-0.0088769
-0.0210992
-0.0393500
-0.0540411
-0.0585925
-0.0550581
-0.0523846
-0.0565224
-0.0616118
-0.0540154
-0.0279110
0.0045188
0.0224725
0.0182655
0.0085673
0.0222860
0.0779800
0.1752731
0.3067218
0.4690553
0.6514680
0.8104593
0.8679572
0.7528462
0.4577918
0.0584420
-0.3274000
-0.6078911
-0.7572025
-0.8021724
-0.7792420
-0.7057601
-0.5865731
-0.4378769
-0.2956114
-0.1970227
-0.1548950
-0.1509201
-0.1538141
-0.1441809
-0.1245925
-0.1093120
-0.1063638
-0.1093962
-0.1052423
-0.0873132
-0.0610193
-0.0379094
-0.0263374
-0.0265458
-0.0315385
-0.0319137
-0.0226831
-0.0079747
0.0017125
-0.0006740
-0.0107173
-0.0153756
-0.0053785
0.0146275
0.0291229
0.0262923
0.0100242
-0.0033077
-0.0002026
0.0185896
0.0416262
0.0593639
0.0718797
0.0859148
0.1067208
0.1324883
0.1548751
0.1650753
0.1615337
0.1528304
0.1516575
0.1639431
0.1832611
0.1970498
0.1999233
0.2009471
0.2157679
0.2498666
0.2908829
0.3202205
0.3322498
0.3391736
0.3556909
0.3815032
0.4020024
0.4058580
0.3990746
0.3997086
0.4188981
0.4484131
0.4677718
0.4631287
0.4381929
0.4074570
0.3816454
0.3611557
0.3408147
0.3169819
0.2898891
0.2624841
0.2389341
0.2225255
0.2125417
0.2029913
0.1860927
0.1585610
0.1245355
0.0911210
0.0604110
0.0274507
-0.0118487
-0.0516684
-0.0787403
-0.0856926
-0.0800113
-0.0774588
-0.0872066
-0.1049500
-0.1197690
-0.1253778
-0.1240131
-0.1211137
-0.1185125
-0.1139066
-0.1061696
-0.0989892
-0.0977092
-0.1031983
-0.1103698
-0.1129693
-0.1092160
-0.1031757
-0.1013402
-0.1068083
-0.1150117
-0.1155957
-0.1009226
-0.0739275
-0.0467045
-0.0304278
-0.0265198
-0.0272372
-0.0241255
-0.0159173
-0.0086548
-0.0080898
-0.0122362
-0.0127876
-0.0048364
0.0060210
0.0082613
-0.0034618
-0.0218706
-0.0338223
-0.0340229
-0.0315728
-0.0411287
-0.0661049
-0.0919826
-0.0994022
-0.0846867
-0.0650015
-0.0615498
-0.0789720
-0.1026867
-0.1152900
-0.1136274
-0.1098560
-0.1172831
-0.1361417
-0.1533003
-0.1554731
-0.1420247
-0.1247414
-0.1161615
-0.1189316
-0.1255043
-0.1266414
-0.1202512
-0.1126486
-0.1106839
-0.1122509
-0.1064868
-0.0858067
-0.0571588
-0.0382865
-0.0410370
-0.0590969
-0.0735971
-0.0715093
-0.0585494
-0.0532319
-0.0672645
-0.0922282
-0.1072409
-0.1000684
-0.0790844
-0.0639130
-0.0662157
-0.0808907
-0.0942875
-0.0986085
-0.0982006
-0.1030674
-0.1167822
-0.1309532
-0.1323494
-0.1160226
-0.0910596
-0.0729724
-0.0702193
-0.0776021
-0.0824081
-0.0775061
-0.0685588
-0.0668846
-0.0744580
-0.0786228
-0.0651091
-0.0356567
-0.0087573
-0.0011070
-0.0105439
-0.0198473
-0.0170435
-0.0096129
-0.0165615
-0.0461384
-0.0835243
-0.1036697
-0.0969513
-0.0794948
-0.0761289
-0.0946932
-0.1195295
-0.1296710
-0.1208792
-0.1086556
-0.1103619
-0.1256691
-0.1361163
-0.1251158
-0.0974889
-0.0765661
-0.0807977
-0.1048280
-0.1252617
-0.1245439
-0.1078456
-0.0960350
-0.1023743
-0.1173793
-0.1188888
-0.0976955
-0.0697803
-0.0591745
-0.0701727
-0.0823245
-0.0750912
-0.0525090
-0.0376094
-0.0429362
-0.0527871
-0.0397687
0.0022029
0.0473580
0.0642838
0.0494121
0.0282185
0.0235383
0.0311039
0.0319322
0.0227995
0.0239349
0.0555948
0.1172550
0.1986665
0.3072201
0.4688958
0.6876250
0.9022614
0.9979959
0.8809728
0.5556975
0.1314535
-0.2519921
-0.5129122
-0.6558179
-0.7286573
-0.7628946
-0.7536612
-0.6870441
-0.5745140
-0.4545207
-0.3619963
-0.3017981
-0.2543801
-0.2033466
-0.1522002
-0.1152293
-0.0983453
-0.0925178
-0.0839612
-0.0677506
-0.0513025
-0.0456991
-0.0539362
-0.0673547
-0.0731411
-0.0650504
-0.0477870
-0.0328016
-0.0296431
-0.0384100
-0.0489232
-0.0494615
-0.0386513
-0.0275117
-0.0276400
-0.0383175
-0.0474175
-0.0445298
-0.0310832
-0.0172947
-0.0107481
-0.0090982
-0.0040163
0.0085525
0.0237658
0.0344280
0.0404115
0.0490246
0.0664541
0.0912204
0.1158449
0.1323961
0.1366446
0.1305005
0.1220706
0.1206541
0.1290199
0.1411929
0.1493583
0.1527968
0.1590286
0.1755716
0.2005159
0.2222794
0.2305868
0.2278042
0.2268447
0.2366185
0.2523658
0.2630586
0.2661780
0.2709864
0.2867338
0.3105301
0.3287498
0.3303034
0.3180299
0.3059709
0.3039168
0.3052679
0.2932592
0.2604539
0.2192702
0.1903389
0.1811367
0.1781921
0.1607429
0.1215805
0.0744859
0.0408697
0.0286273
0.0250804
0.0117788
-0.0154740
-0.0437261
-0.0583736
-0.0576382
-0.0516390
-0.0513111
-0.0602524
-0.0746315
-0.0878420
-0.0952073
-0.0959729
-0.0923668
-0.0875753
-0.0836823
-0.0791828
-0.0683034
-0.0461986
-0.0170168
0.0060831
0.0127017
0.0062150
0.0001927
0.0040283
0.0140915
0.0187025
0.0100442
-0.0085637
-0.0256316
-0.0317222
-0.0278347
-0.0240269
-0.0298625
-0.0462921
-0.0655887
-0.0777281
-0.0783853
-0.0736975
-0.0762771
-0.0924482
-0.1130589
-0.1213624
-0.1119681
-0.0982638
-0.0977613
-0.1120947
-0.1253065
-0.1224364
-0.1072018
-0.0983319
-0.1073033
-0.1222245
-0.1186227
-0.0875735
-0.0483745
-0.0289113
-0.0359480
-0.0499139
-0.0483866
-0.0296639
-0.0118114
-0.0121681
-0.0305048
-0.0511561
-0.0592410
-0.0534917
-0.0438545
-0.0396331
-0.0428954
-0.0513983
-0.0622312
-0.0713008
-0.0746276
-0.0738075
-0.0765731
-0.0874615
-0.0997431
-0.1013716
-0.0897349
-0.0774200
-0.0807355
-0.1021550
-0.1258060
-0.1331155
-0.1234452
-0.1155166
-0.1254336
-0.1467515
-0.1577771
-0.1472396
-0.1264135
-0.1147297
-0.1189920
-0.1298925
-0.1352094
-0.1318443
-0.1250200
-0.1188306
-0.1103585
-0.0940131
-0.0698859
-0.0448288
-0.0255031
-0.0140148
-0.0108589
-0.0168999
-0.0293408
-0.0403873
-0.0452077
-0.0490420
-0.0611751
-0.0820316
-0.1003341
-0.1042722
-0.0936472
-0.0801943
-0.0764780
-0.0846227
-0.0960748
-0.1020766
-0.1019771
-0.0996648
-0.0955836
-0.0875031
-0.0772415
-0.0693889
-0.0621253
-0.0462706
-0.0178553
0.0125294
0.0285494
0.0263873
0.0212477
0.0343988
0.0751015
0.1388048
0.2257948
0.3565284
0.5542696
0.8006687
1.0113913
1.0707056
0.9060432
0.5409847
0.0844462
-0.3314018
-0.6168676
-0.7526052
-0.7709942
-0.7164568
-0.6199566
-0.5004068
-0.3764854
-0.2691737
-0.1942706
-0.1552872
-0.1422994
-0.1374461
-0.1264014
-0.1086071
-0.0950377
-0.0941176
-0.1013194
-0.1033939
-0.0908944
-0.0665508
-0.0440862
-0.0384021
-0.0528082
-0.0749447
-0.0885321
-0.0898986
-0.0901383
-0.1008478
-0.1206142
-0.1354461
-0.1299688
-0.0994997
-0.0550593
-0.0162740
0.0041760
0.0098174
0.0134624
0.0235720
0.0395751
0.0568258
0.0713849
0.0818399
0.0910987
0.1056848
0.1295379
0.1585292
0.1831364
0.1962630
0.1985908
0.1989296
0.2089376
0.2322791
0.2574195
0.2669008
0.2574149
0.2463789
0.2544745
0.2840941
0.3177336
0.3353845
0.3317752
0.3190828
0.3144036
0.3230543
0.3342803
0.3349974
0.3252956
0.3165423
0.3171055
0.3260430
0.3389487
0.3522820
0.3612476
0.3603432
0.3487905
0.3316771
0.3141673
0.2968108
0.2765193
0.2506422
0.2217685
0.1995051
0.1929188
0.1979242
0.1970671
0.1770645
0.1433894
0.1129778
0.0956152
0.0866221
0.0745619
0.0520545
0.0220672
-0.0029038
-0.0110821
-0.0042097
0.0024262
-0.0052871
-0.0280910
-0.0554292
-0.0745905
-0.0782096
-0.0699778
-0.0644308
-0.0739966
-0.0936777
-0.1044495
-0.0941205
-0.0699317
-0.0494997
-0.0443751
-0.0527377
-0.0625064
-0.0608083
-0.0450442
-0.0249409
-0.0109718
-0.0036723
0.0020449
0.0076823
0.0128905
0.0208171
0.0327990
0.0414582
0.0384686
0.0275175
0.0214703
0.0271386
0.0383940
0.0432789
0.0347069
0.0173776
0.0065229
0.0144000
0.0351348
0.0491385
0.0450385
0.0299696
0.0164802
0.0092404
0.0078867
0.0115042
0.0141039
0.0055036
-0.0159691
-0.0384416
-0.0495132
-0.0490343
-0.0467164
-0.0531432
-0.0734754
-0.1028577
-0.1287412
-0.1449810
-0.1601979
-0.1826713
-0.2017897
-0.1974210
-0.1650480
-0.1195454
-0.0776052
-0.0489779
-0.0400884
-0.0501958
-0.0647361
-0.0659898
-0.0513318
-0.0331709
-0.0242616
-0.0291786
-0.0421549
-0.0463271
-0.0267957
0.0065239
0.0226707
0.0071541
-0.0185771
-0.0268504
-0.0175531
-0.0093676
-0.0129718
-0.0267613
-0.0445390
-0.0547040
-0.0461521
-0.0255337
-0.0139993
-0.0202181
-0.0340418
-0.0492163
-0.0684489
-0.0844743
-0.0866088
-0.0894705
-0.1197684
-0.1681186
-0.1918591
-0.1742676
-0.1425594
-0.1205877
-0.1063702
-0.1011340
-0.1101438
-0.1089815
-0.0679627
-0.0180655
-0.0216226
-0.0610723
-0.0407078
0.0651971
