-0.2546169
-0.2367815
-0.1984352
-0.1571803
-0.1362210
-0.1432091
-0.1634018
-0.1742064
-0.1659551
-0.1485108
-0.1393925
-0.1471212
-0.1650210
-0.1782285
-0.1757836
-0.1587556
-0.1400581
-0.1361379
-0.1551056
-0.1899070
-0.2234785
-0.2427650
-0.2485912
-0.2511639
-0.2559563
-0.2556471
-0.2372834
-0.1967589
-0.1448526
-0.0991102
-0.0710077
-0.0606317
-0.0608249
-0.0638795
-0.0654655
-0.0659810
-0.0696514
-0.0792902
-0.0883513
-0.0792647
-0.0348165
0.0458558
0.1457868
0.2499203
0.3657229
0.5153078
0.6969767
0.8530270
0.8856817
0.7206808
0.3684383
-0.0715340
-0.4689774
-0.7365031
-0.8628277
-0.8901631
-0.8665665
-0.8156037
-0.7401299
-0.6442462
-0.5464422
-0.4715022
-0.4310983
-0.4129805
-0.3898577
-0.3409858
-0.2683167
-0.1942303
-0.1439993
-0.1281036
-0.1373598
-0.1520914
-0.1570842
-0.1522155
-0.1515533
-0.1696122
-0.2034408
-0.2275786
-0.2125207
-0.1542565
-0.0848035
-0.0469593
-0.0540196
-0.0763457
-0.0720259
-0.0308527
0.0160234
0.0314045
0.0126533
-0.0071753
0.0035068
0.0428203
0.0821314
0.0987933
0.0964054
0.0948341
0.1079665
0.1347087
0.1665932
0.1970488
0.2230543
0.2443243
0.2656702
0.2974175
0.3472179
0.4093936
0.4659649
0.5017950
0.5181636
0.5293732
0.5468907
0.5696185
0.5895911
0.6031874
0.6136046
0.6237591
0.6303206
0.6257500
0.6044311
0.5660346
0.5148546
0.4576402
0.4005261
0.3449332
0.2864258
0.2214122
0.1574114
0.1132436
0.1027199
0.1162557
0.1232608
0.0980296
0.0436550
-0.0123293
-0.0462485
-0.0596925
-0.0722607
-0.0967564
-0.1255545
-0.1410687
-0.1357563
-0.1196216
-0.1099665
-0.1163178
-0.1343294
-0.1510509
-0.1556414
-0.1486232
-0.1433977
-0.1559836
-0.1882346
-0.2207488
-0.2276699
-0.2032550
-0.1725972
-0.1708717
-0.2086726
-0.2589455
-0.2811227
-0.2597119
-0.2187666
-0.1977642
-0.2133312
-0.2446164
-0.2552066
-0.2283443
-0.1813483
-0.1476796
-0.1459976
-0.1653551
-0.1783232
-0.1678674
-0.1426524
-0.1275597
-0.1393190
-0.1700330
-0.1931890
-0.1864107
-0.1511408
-0.1123575
-0.0978048
-0.1137447
-0.1392080
-0.1462330
-0.1287690
-0.1112424
-0.1252056
-0.1753719
-0.2303017
-0.2498697
-0.2232682
-0.1788325
-0.1556477
-0.1667918
-0.1916252
-0.2018523
-0.1906879
-0.1754293
-0.1760222
-0.1959409
-0.2227682
-0.2416120
-0.2452388
-0.2352555
-0.2194243
-0.2086341
-0.2114262
-0.2264113
-0.2402638
-0.2378493
-0.2180432
-0.1984165
-0.1999074
-0.2240270
-0.2464325
-0.2365458
-0.1863161
-0.1203371
-0.0763531
-0.0733536
-0.0967726
-0.1147460
-0.1096490
-0.0935340
-0.0918014
-0.1126894
-0.1360304
-0.1342148
-0.1027791
-0.0671814
-0.0584283
-0.0837266
-0.1222450
-0.1477917
-0.1525827
-0.1489780
-0.1525783
-0.1679266
-0.1890021
-0.2071623
-0.2152343
-0.2083422
-0.1877577
-0.1647818
-0.1548567
-0.1628850
-0.1760089
-0.1759214
-0.1598663
-0.1457682
-0.1523818
-0.1747789
-0.1841862
-0.1559556
-0.0969904
-0.0421640
-0.0221354
-0.0357144
-0.0539727
-0.0490570
-0.0174232
0.0224783
0.0506621
0.0628502
0.0723033
0.1007102
0.1684062
0.2875826
0.4558373
0.6503131
0.8285815
0.9400483
0.9423338
0.8136306
0.5588438
0.2126615
-0.1624512
-0.4913571
-0.7148345
-0.8153942
-0.8195492
-0.7733702
-0.7117293
-0.6460354
-0.5752889
-0.5025625
-0.4380734
-0.3896232
-0.3558833
-0.3305963
-0.3094161
-0.2896299
-0.2665488
-0.2365170
-0.2049541
-0.1862171
-0.1897222
-0.2058543
-0.2101529
-0.1856022
-0.1407566
-0.1027537
-0.0903771
-0.0949507
-0.0893314
-0.0550960
0.0004236
0.0523433
0.0798259
0.0795888
0.0632475
0.0463207
0.0389273
0.0416505
0.0465222
0.0436238
0.0314393
0.0229081
0.0381535
0.0860713
0.1517115
0.2056494
0.2300226
0.2354363
0.2498711
0.2905480
0.3484195
0.4005017
0.4350557
0.4629677
0.5057589
0.5747342
0.6615604
0.7459601
0.8099797
0.8467354
0.8613182
0.8674130
0.8802137
0.9053121
0.9309147
0.9347324
0.9042982
0.8515532
0.8040063
0.7787173
0.7651299
0.7346394
0.6672404
0.5687619
0.4632903
0.3711525
0.2954745
0.2278718
0.1625217
0.1021390
0.0527143
0.0169862
-0.0055847
-0.0153244
-0.0122861
-0.0004774
0.0098080
0.0073504
-0.0093471
-0.0271105
-0.0278325
-0.0065984
0.0213422
0.0358644
0.0350479
0.0390937
0.0677583
0.1152674
0.1519103
0.1525188
0.1214937
0.0874247
0.0740452
0.0794006
0.0832386
0.0699030
0.0404775
0.0063556
-0.0216284
-0.0365111
-0.0350735
-0.0213479
-0.0090455
-0.0142546
-0.0420423
-0.0808840
-0.1116429
-0.1225290
-0.1167104
-0.1080288
-0.1103347
-0.1281191
-0.1529207
-0.1674991
-0.1574435
-0.1238222
-0.0848810
-0.0611056
-0.0557336
-0.0512717
-0.0259017
0.0305500
0.1198181
0.2479090
0.4210661
0.6203431
0.7844327
0.8311516
0.7090131
0.4351090
0.0851908
-0.2531181
-0.5214533
-0.6978720
-0.7811589
-0.7805730
-0.7187331
-0.6305755
-0.5471759
-0.4783198
-0.4139020
-0.3424387
-0.2656695
-0.1959603
-0.1445173
-0.1151149
-0.1058251
-0.1107376
-0.1189508
-0.1181686
-0.1060919
-0.0971959
-0.1101970
-0.1439844
-0.1708876
-0.1621638
-0.1213140
-0.0856121
-0.0895977
-0.1286825
-0.1625608
-0.1547392
-0.1065879
-0.0524834
-0.0241641
-0.0216553
-0.0172769
0.0159952
0.0819048
0.1625342
0.2361226
0.2915856
0.3306528
0.3625929
0.3988078
0.4486473
0.5146007
0.5880780
0.6513723
0.6896051
0.7060211
0.7246095
0.7713733
0.8484997
0.9284092
0.9768786
0.9830037
0.9658070
0.9527515
0.9542884
0.9591303
0.9502110
0.9210136
0.8766935
0.8246857
0.7694842
0.7154883
0.6678469
0.6253715
0.5755403
0.5035573
0.4091856
0.3116079
0.2343026
0.1849989
0.1515638
0.1172328
0.0787642
0.0494062
0.0448908
0.0675748
0.1042823
0.1377527
0.1581252
0.1644594
0.1595416
0.1461416
0.1264978
0.1020192
0.0730245
0.0406910
0.0099484
-0.0109996
-0.0158976
-0.0066105
0.0051209
0.0029795
-0.0238453
-0.0723557
-0.1257547
-0.1629284
-0.1721054
-0.1601021
-0.1493129
-0.1609875
-0.1957023
-0.2298025
-0.2353655
-0.2066141
-0.1659182
-0.1428944
-0.1485228
-0.1696311
-0.1855866
-0.1871353
-0.1793808
-0.1704533
-0.1616305
-0.1495190
-0.1343842
-0.1215628
-0.1139973
-0.1076250
-0.0976589
-0.0874573
-0.0864484
-0.0978647
-0.1117384
-0.1139694
-0.1032856
-0.0965157
-0.1127387
-0.1502696
-0.1824288
-0.1812181
-0.1464359
-0.1082753
-0.0992980
-0.1255578
-0.1657882
-0.1948825
-0.2043877
-0.2026863
-0.2022163
-0.2099967
-0.2265794
-0.2470408
-0.2603882
-0.2532269
-0.2218967
-0.1827660
-0.1641700
-0.1814435
-0.2203046
-0.2496630
-0.2522083
-0.2395020
-0.2357978
-0.2500005
-0.2662626
-0.2609294
-0.2255553
-0.1723421
-0.1199683
-0.0788580
-0.0517984
-0.0432810
-0.0590041
-0.0931676
-0.1234938
-0.1282340
-0.1095440
-0.0938037
-0.1036573
-0.1309835
-0.1422599
-0.1131373
-0.0556979
-0.0079184
0.0042227
-0.0090082
-0.0150821
0.0091462
0.0669372
0.1594316
0.2990871
0.4912000
0.6997757
0.8412575
0.8259584
0.6179486
0.2621010
-0.1447675
-0.5111349
-0.7870673
-0.9588802
-1.0266160
-0.9981225
-0.9003881
-0.7801423
-0.6794374
-0.6078206
-0.5426051
-0.4594502
-0.3619214
-0.2794970
-0.2376081
-0.2328706
-0.2388848
-0.2326910
-0.2114790
-0.1860022
-0.1655680
-0.1526232
-0.1457756
-0.1408036
-0.1297235
-0.1056853
-0.0721860
-0.0445953
-0.0382311
-0.0532331
-0.0722818
-0.0755171
-0.0593963
-0.0407013
-0.0407530
-0.0650375
-0.0978557
-0.1155538
-0.1045862
-0.0696917
-0.0284555
0.0020568
0.0171504
0.0262078
0.0429298
0.0731556
0.1110339
0.1446005
0.1637418
0.1658851
0.1591691
0.1610840
0.1892664
0.2478370
0.3204256
0.3786316
0.4024577
0.3973413
0.3914509
0.4118144
0.4593650
0.5081194
0.5308435
0.5250854
0.5132982
0.5195754
0.5486795
0.5859745
0.6126697
0.6180104
0.5990121
0.5550217
0.4886026
0.4113314
0.3412601
0.2879304
0.2415826
0.1839942
0.1119398
0.0450072
0.0063955
-0.0020314
-0.0026069
-0.0204773
-0.0608493
-0.1062948
-0.1343890
-0.1379486
-0.1299290
-0.1304329
-0.1490486
-0.1775463
-0.1970441
-0.1929333
-0.1669616
-0.1371107
-0.1231334
-0.1288854
-0.1390685
-0.1348068
-0.1117782
-0.0825521
-0.0635286
-0.0614387
-0.0699457
-0.0755691
-0.0676920
-0.0472713
-0.0281604
-0.0278399
-0.0529523
-0.0916428
-0.1213867
-0.1284075
-0.1218198
-0.1259980
-0.1548629
-0.1943780
-0.2145817
-0.1992743
-0.1598949
-0.1196668
-0.0897161
-0.0640526
-0.0315928
0.0175438
0.0996579
0.2388855
0.4417833
0.6601386
0.7882899
0.7208926
0.4337091
0.0132955
-0.3968940
-0.6861285
-0.8251962
-0.8484820
-0.8070902
-0.7389517
-0.6651263
-0.5956330
-0.5340600
-0.4825290
-0.4461833
-0.4298597
-0.4269242
-0.4152279
-0.3733385
-0.3051093
-0.2423424
-0.2154788
-0.2227669
-0.2345997
-0.2273218
-0.2047390
-0.1850288
-0.1766347
-0.1748434
-0.1756663
-0.1806184
-0.1854574
-0.1741279
-0.1336672
-0.0748230
-0.0297915
-0.0230497
-0.0454897
-0.0624195
-0.0480373
-0.0080059
0.0326083
0.0572216
0.0693427
0.0827584
0.1095328
0.1568846
0.2257401
0.3059980
0.3772358
0.4219651
0.4417981
0.4586337
0.4956450
0.5542961
0.6113050
0.6416620
0.6452829
0.6482213
0.6765382
0.7311235
0.7882738
0.8208921
0.8172963
0.7842721
0.7379880
0.6921706
0.6504487
0.6062599
0.5494076
0.4745456
0.3865906
0.2996013
0.2279118
0.1746317
0.1288952
0.0769614
0.0160393
-0.0443466
-0.0927773
-0.1243998
-0.1409880
-0.1486134
-0.1567454
-0.1742350
-0.2009402
-0.2237883
-0.2253521
-0.2001822
-0.1638089
-0.1429443
-0.1523298
-0.1801989
-0.2000837
-0.1989549
-0.1905399
-0.1979942
-0.2260555
-0.2543545
-0.2580226
-0.2328455
-0.2006706
-0.1911311
-0.2160202
-0.2588213
-0.2895396
-0.2916070
-0.2753008
-0.2657906
-0.2787809
-0.3059628
-0.3213140
-0.3026836
-0.2518654
-0.1953160
-0.1624183
-0.1609515
-0.1743387
-0.1818455
-0.1782911
-0.1738357
-0.1785457
-0.1902456
-0.1968048
-0.1886584
-0.1684591
-0.1485271
-0.1402256
-0.1477311
-0.1699942
-0.2020420
-0.2319792
-0.2444873
-0.2360212
-0.2242789
-0.2330387
-0.2641801
-0.2906850
-0.2833815
-0.2438525
-0.2060260
-0.2022391
-0.2294753
-0.2535497
-0.2476786
-0.2214797
-0.2068872
-0.2197717
-0.2444313
-0.2556992
-0.2460321
-0.2259025
-0.2058865
-0.1878701
-0.1714765
-0.1595813
-0.1536928
-0.1486920
-0.1381416
-0.1255023
-0.1250548
-0.1458695
-0.1750788
-0.1840615
-0.1564931
-0.1073143
-0.0686547
-0.0579766
-0.0641173
-0.0633462
-0.0443415
-0.0172700
-0.0019925
-0.0072379
-0.0175310
0.0004539
0.0760787
0.2166542
0.4071643
0.6200848
0.8185746
0.9521998
0.9614500
0.8018786
0.4768235
0.0521126
-0.3667109
-0.6849579
-0.8602008
-0.9045014
-0.8564894
-0.7571929
-0.6444058
-0.5500549
-0.4888558
-0.4518544
-0.4195943
-0.3837245
-0.3532891
-0.3403702
-0.3428899
-0.3434097
-0.3247212
-0.2858305
-0.2420265
-0.2104519
-0.1978206
-0.2001377
-0.2072280
-0.2050829
-0.1822603
-0.1425918
-0.1074865
-0.0953723
-0.0981861
-0.0871035
-0.0458565
0.0068709
0.0338376
0.0176684
-0.0199342
-0.0385474
-0.0178334
0.0254365
0.0586237
0.0671494
0.0641176
0.0713718
0.0996859
0.1463885
0.2010929
0.2487353
0.2759070
0.2831997
0.2878854
0.3065045
0.3353228
0.3545146
0.3536235
0.3482154
0.3660095
0.4154206
0.4719662
0.5016556
0.4980904
0.4897160
0.5069145
0.5487376
0.5887497
0.6075142
0.6083891
0.6031721
0.5948767
0.5796194
0.5570639
0.5308366
0.5005853
0.4601927
0.4066263
0.3480864
0.2984263
0.2608239
0.2209205
0.1627992
0.0911246
0.0297516
-0.0035211
-0.0132897
-0.0147840
-0.0150292
-0.0133234
-0.0136129
-0.0243648
-0.0449207
-0.0606476
-0.0579481
-0.0426723
-0.0377769
-0.0575687
-0.0854589
-0.0859732
-0.0452240
0.0064158
0.0224520
-0.0093546
-0.0539712
-0.0683164
-0.0455485
-0.0168423
-0.0157873
-0.0466399
-0.0847532
-0.1023439
-0.0914877
-0.0637153
-0.0330240
-0.0061907
0.0116033
0.0132641
-0.0004651
-0.0149364
-0.0160148
-0.0091125
-0.0147815
-0.0432271
-0.0784901
-0.0911690
-0.0667816
-0.0222875
0.0059456
-0.0056660
-0.0458655
-0.0808837
-0.0887007
-0.0773163
-0.0702878
-0.0815619
-0.1062829
-0.1287073
-0.1344442
-0.1199681
-0.0954839
-0.0773239
-0.0756892
-0.0900455
-0.1131954
-0.1348662
-0.1444726
-0.1394419
-0.1320972
-0.1403784
-0.1676035
-0.1952456
-0.1987451
-0.1698051
-0.1243384
-0.0906179
-0.0871165
-0.1082662
-0.1328014
-0.1463330
-0.1508181
-0.1515600
-0.1459499
-0.1330292
-0.1250657
-0.1355172
-0.1559379
-0.1563612
-0.1148221
-0.0446724
0.0103016
0.0117771
-0.0365687
-0.0882984
-0.0967310
-0.0609255
-0.0244493
-0.0276447
-0.0681745
-0.1105550
-0.1259150
-0.1166414
-0.1069079
-0.1146948
-0.1330700
-0.1393347
-0.1237233
-0.1035235
-0.1018641
-0.1176615
-0.1282110
-0.1205835
-0.1079515
-0.1108311
-0.1307831
-0.1481404
-0.1426108
-0.1142608
-0.0854854
-0.0801241
-0.0982335
-0.1154490
-0.1102581
-0.0860068
-0.0617336
-0.0489496
-0.0447300
-0.0411831
-0.0327658
-0.0176946
0.0007393
0.0161822
0.0256712
0.0297322
0.0250692
0.0063785
-0.0205872
-0.0382630
-0.0375565
-0.0316879
-0.0414086
-0.0698253
-0.0973757
-0.1002459
-0.0729913
-0.0362416
-0.0202245
-0.0351610
-0.0609970
-0.0729589
-0.0710027
-0.0727830
-0.0839247
-0.0924205
-0.0917753
-0.0919767
-0.1017409
-0.1119198
-0.1038449
-0.0697078
-0.0228852
0.0096837
0.0097795
-0.0120855
-0.0243434
-0.0080876
0.0233389
0.0440842
0.0457835
0.0402301
0.0427281
0.0631708
0.1041628
0.1556620
0.1968803
0.2126724
0.2042598
0.1811092
0.1520857
0.1277193
0.1170997
0.1153106
0.1064856
0.0869144
0.0738471
0.0845404
0.1166191
0.1544355
0.1867427
0.2181914
0.2743755
0.3914325
0.5810228
0.8006993
0.9710671
1.0241033
0.9298074
0.6931885
0.3541724
-0.0112927
-0.3196239
-0.5243711
-0.6290866
-0.6618993
-0.6485572
-0.6009276
-0.5159775
-0.3927613
-0.2604369
-0.1720043
-0.1512112
-0.1606333
-0.1431389
-0.0826780
-0.0074595
0.0490933
0.0700782
0.0560411
0.0278809
0.0166140
0.0325067
0.0558742
0.0668350
0.0644223
0.0514216
0.0304082
0.0226258
0.0541173
0.1099878
0.1399047
0.1234732
0.0926797
0.0785122
0.0785135
0.0878387
0.1125692
0.1377586
0.1333639
0.1062920
0.0954973
0.1085578
0.1225961
0.1476209
0.2108138
0.2758375
0.2761041
0.2418489
0.2765861
0.3713638
0.3729184
0.2068646
