0.1087138
0.1382324
0.1551205
0.1677631
0.1871347
0.2153633
0.2441744
0.2654997
0.2826529
0.3086887
0.3523226
0.4065067
0.4531271
0.4797735
0.4905313
0.4989732
0.5116603
0.5212960
0.5170776
0.4990858
0.4785711
0.4632967
0.4460054
0.4110975
0.3525873
0.2821147
0.2172780
0.1642059
0.1150900
0.0628414
0.0138746
-0.0176626
-0.0277536
-0.0302961
-0.0438800
-0.0718580
-0.0989326
-0.1088770
-0.1033818
-0.1003365
-0.1132188
-0.1347404
-0.1432019
-0.1249584
-0.0890597
-0.0588788
-0.0500105
-0.0574928
-0.0645282
-0.0618451
-0.0564353
-0.0611528
-0.0779459
-0.0939412
-0.0947457
-0.0801051
-0.0646389
-0.0630388
-0.0761709
-0.0929724
-0.1047006
-0.1140807
-0.1287220
-0.1478533
-0.1599965
-0.1556839
-0.1400483
-0.1291700
-0.1332913
-0.1462358
-0.1535100
-0.1492813
-0.1414693
-0.1385635
-0.1349980
-0.1152601
-0.0743123
-0.0298072
-0.0084782
-0.0193080
-0.0437406
-0.0552857
-0.0469978
-0.0357244
-0.0390731
-0.0531660
-0.0579328
-0.0430136
-0.0219267
-0.0165902
-0.0313630
-0.0491799
-0.0545466
-0.0539080
-0.0670089
-0.0998024
-0.1333859
-0.1439665
-0.1303841
-0.1160886
-0.1231834
-0.1492829
-0.1735453
-0.1826863
-0.1847658
-0.1952514
-0.2144311
-0.2248679
-0.2116822
-0.1802826
-0.1501296
-0.1327979
-0.1210616
-0.1013269
-0.0728519
-0.0488987
-0.0376347
-0.0271752
0.0041519
0.0634092
0.1373493
0.2176510
0.3262255
0.4989869
0.7310237
0.9401548
1.0019082
0.8398680
0.4918547
0.0877012
-0.2418840
-0.4415495
-0.5319960
-0.5555646
-0.5342173
-0.4747078
-0.3933164
-0.3176682
-0.2644451
-0.2272087
-0.1923889
-0.1610438
-0.1464377
-0.1518367
-0.1610132
-0.1569618
-0.1447739
-0.1462920
-0.1703724
-0.1966191
-0.1958900
-0.1642424
-0.1283185
-0.1148070
-0.1210558
-0.1219532
-0.1029339
-0.0774883
-0.0680381
-0.0747655
-0.0715388
-0.0346128
0.0300810
0.0930454
0.1321431
0.1512614
0.1674049
0.1865338
0.1995667
0.2008180
0.2014964
0.2186308
0.2531985
0.2865541
0.3017983
0.3045187
0.3161165
0.3460685
0.3771761
0.3842990
0.3661135
0.3510402
0.3675717
0.4121573
0.4521342
0.4607144
0.4438527
0.4289754
0.4305853
0.4343535
0.4181436
0.3830734
0.3549728
0.3530352
0.3641579
0.3559665
0.3140682
0.2584799
0.2192533
0.2012688
0.1811596
0.1396917
0.0894992
0.0634912
0.0767376
0.1070035
0.1173530
0.0944738
0.0586965
0.0368364
0.0327619
0.0296121
0.0161935
0.0019553
0.0030245
0.0194591
0.0333519
0.0297427
0.0138920
0.0037032
0.0070891
0.0125087
0.0044315
-0.0154452
-0.0276291
-0.0161563
0.0130965
0.0377945
0.0412781
0.0269993
0.0114655
0.0056452
0.0053064
-0.0008904
-0.0163265
-0.0317880
-0.0358583
-0.0275743
-0.0166738
-0.0119039
-0.0114500
-0.0060649
0.0094292
0.0294091
0.0427995
0.0446156
0.0410097
0.0419572
0.0495964
0.0556847
0.0512606
0.0370993
0.0227348
0.0156097
0.0131973
0.0068988
-0.0068767
-0.0208349
-0.0232646
-0.0110139
0.0049230
0.0087282
-0.0046756
-0.0248642
-0.0381382
-0.0436992
-0.0553590
-0.0857898
-0.1299017
-0.1662655
-0.1771011
-0.1666128
-0.1572675
-0.1667583
-0.1904226
-0.2082123
-0.2070650
-0.1923946
-0.1769992
-0.1629938
-0.1391398
-0.0961337
-0.0412412
0.0051608
0.0280619
0.0315288
0.0328533
0.0436165
0.0583401
0.0626238
0.0510958
0.0354003
0.0336959
0.0521647
0.0768211
0.0844646
0.0636140
0.0253976
-0.0074691
-0.0233040
-0.0318549
-0.0509940
-0.0845146
-0.1161392
-0.1269465
-0.1173429
-0.1090485
-0.1235018
-0.1588699
-0.1907877
-0.1969920
-0.1792298
-0.1583646
-0.1491634
-0.1442598
-0.1250258
-0.0855120
-0.0416841
-0.0160643
-0.0151300
-0.0235618
-0.0203184
0.0016737
0.0328322
0.0619542
0.0912150
0.1369778
0.2196681
0.3529503
0.5340974
0.7331215
0.8883838
0.9238277
0.7885511
0.4935254
0.1134771
-0.2524440
-0.5318782
-0.7033187
-0.7814087
-0.7878430
-0.7383123
-0.6489660
-0.5421701
-0.4391211
-0.3498746
-0.2751084
-0.2156681
-0.1748341
-0.1502859
-0.1292942
-0.0977842
-0.0552310
-0.0173558
-0.0009565
-0.0062898
-0.0167998
-0.0166880
-0.0060207
0.0034951
0.0053820
0.0071071
0.0213085
0.0507389
0.0834766
0.1026975
0.1010549
0.0860685
0.0714110
0.0627478
0.0532533
0.0342551
0.0090512
-0.0068489
-0.0008169
0.0225939
0.0444867
0.0501392
0.0445831
0.0481088
0.0748449
0.1167806
0.1514302
0.1655230
0.1685754
0.1816559
0.2145704
0.2561374
0.2861976
0.2952838
0.2921456
0.2930446
0.3047933
0.3191478
0.3239390
0.3181378
0.3138084
0.3228953
0.3435508
0.3603618
0.3577450
0.3332318
0.2983733
0.2668138
0.2412805
0.2126317
0.1716547
0.1203566
0.0706467
0.0332041
0.0090352
-0.0094348
-0.0312876
-0.0603555
-0.0923419
-0.1176383
-0.1293771
-0.1310523
-0.1355657
-0.1538152
-0.1818430
-0.2000717
-0.1892621
-0.1505857
-0.1087029
-0.0909579
-0.1021122
-0.1215688
-0.1259223
-0.1114002
-0.0929438
-0.0848987
-0.0866750
-0.0865547
-0.0755233
-0.0554569
-0.0355421
-0.0233278
-0.0198477
-0.0215464
-0.0246045
-0.0274186
-0.0311879
-0.0389043
-0.0512938
-0.0621192
-0.0606828
-0.0434835
-0.0228553
-0.0190420
-0.0406335
-0.0743210
-0.0964915
-0.0954223
-0.0813466
-0.0744458
-0.0835738
-0.0979984
-0.1006070
-0.0874991
-0.0718160
-0.0683391
-0.0777087
-0.0878294
-0.0886427
-0.0827033
-0.0815911
-0.0936714
-0.1152378
-0.1326951
-0.1342844
-0.1216394
-0.1104010
-0.1180327
-0.1486522
-0.1880008
-0.2139343
-0.2151868
-0.2022528
-0.1980236
-0.2144457
-0.2388439
-0.2463718
-0.2260712
-0.1913098
-0.1635020
-0.1492193
-0.1368552
-0.1145927
-0.0872318
-0.0721757
-0.0792851
-0.0978679
-0.1062989
-0.0938701
-0.0704586
-0.0546069
-0.0555427
-0.0683748
-0.0830814
-0.0940775
-0.1023802
-0.1127064
-0.1291596
-0.1506900
-0.1692340
-0.1745608
-0.1640819
-0.1485199
-0.1453005
-0.1626346
-0.1892997
-0.2038922
-0.1979196
-0.1876538
-0.1974384
-0.2301412
-0.2593938
-0.2552989
-0.2159033
-0.1694220
-0.1453727
-0.1463495
-0.1493552
-0.1328404
-0.0993129
-0.0702325
-0.0611761
-0.0660617
-0.0664099
-0.0520908
-0.0299459
-0.0146117
-0.0150875
-0.0297687
-0.0506638
-0.0709514
-0.0899542
-0.1113483
-0.1358085
-0.1564182
-0.1637755
-0.1562491
-0.1434636
-0.1380347
-0.1435582
-0.1513328
-0.1500469
-0.1391970
-0.1312369
-0.1380583
-0.1558413
-0.1662610
-0.1537903
-0.1203898
-0.0831885
-0.0596617
-0.0541532
-0.0543777
-0.0392601
0.0058230
0.0775596
0.1603097
0.2480470
0.3606132
0.5295976
0.7558582
0.9752948
1.0754883
0.9665102
0.6529319
0.2395859
-0.1408425
-0.4141232
-0.5872665
-0.6983521
-0.7574669
-0.7416552
-0.6395001
-0.4869346
-0.3507313
-0.2767636
-0.2582295
-0.2550760
-0.2392129
-0.2157382
-0.2037130
-0.2069032
-0.2092414
-0.1942481
-0.1618280
-0.1259489
-0.1004610
-0.0887672
-0.0848345
-0.0818849
-0.0795241
-0.0825807
-0.0936412
-0.1076001
-0.1137342
-0.1035351
-0.0785574
-0.0519841
-0.0398062
-0.0461180
-0.0569626
-0.0526227
-0.0280514
0.0007362
0.0124975
0.0029292
-0.0091864
0.0017470
0.0439476
0.0987675
0.1367153
0.1452467
0.1404007
0.1496883
0.1846247
0.2316860
0.2684534
0.2853721
0.2916895
0.3029652
0.3245972
0.3474090
0.3585703
0.3553859
0.3468116
0.3422940
0.3420291
0.3387260
0.3261644
0.3048753
0.2819747
0.2667782
0.2636496
0.2662518
0.2600456
0.2334135
0.1875673
0.1355520
0.0913744
0.0590381
0.0310989
-0.0013222
-0.0363316
-0.0610464
-0.0658588
-0.0568523
-0.0498101
-0.0520180
-0.0542492
-0.0426290
-0.0160345
0.0104187
0.0189358
0.0059189
-0.0139604
-0.0207430
-0.0072023
0.0156990
0.0306047
0.0296106
0.0190707
0.0119023
0.0162116
0.0284725
0.0359805
0.0286733
0.0108488
-0.0013041
0.0030058
0.0156725
0.0167754
-0.0044103
-0.0372740
-0.0597994
-0.0608777
-0.0524245
-0.0573649
-0.0837222
-0.1123734
-0.1142233
-0.0798232
-0.0291875
0.0079331
0.0187480
0.0146464
0.0159136
0.0314238
0.0514785
0.0587882
0.0468985
0.0280487
0.0220183
0.0368875
0.0607435
0.0717340
0.0571512
0.0256201
0.0010662
0.0005303
0.0152281
0.0173887
-0.0093896
-0.0485689
-0.0650385
-0.0424089
-0.0028690
0.0122394
-0.0186528
-0.0778595
-0.1270720
-0.1447916
-0.1443074
-0.1544531
-0.1859009
-0.2207951
-0.2346730
-0.2228752
-0.2030185
-0.1952959
-0.2035859
-0.2142479
-0.2110010
-0.1911846
-0.1678664
-0.1554094
-0.1539283
-0.1499763
-0.1318035
-0.1012722
-0.0709178
-0.0518676
-0.0447441
-0.0401484
-0.0279149
-0.0077183
0.0096399
0.0132605
0.0044038
-0.0035166
0.0027931
0.0238849
0.0452237
0.0476840
0.0245975
-0.0096081
-0.0318750
-0.0352578
-0.0378551
-0.0618811
-0.1053077
-0.1403980
-0.1427629
-0.1185942
-0.0991366
-0.1075576
-0.1344014
-0.1498486
-0.1395136
-0.1208235
-0.1187699
-0.1311596
-0.1273216
-0.0789611
0.0201521
0.1676318
0.3681745
0.6147100
0.8505795
0.9681081
0.8697008
0.5478768
0.1084656
-0.2927494
-0.5476921
-0.6439624
-0.6334367
-0.5703009
-0.4816461
-0.3795913
-0.2786784
-0.1946808
-0.1354068
-0.0996951
-0.0826250
-0.0773902
-0.0738379
-0.0609188
-0.0350496
-0.0063054
0.0078142
-0.0008941
-0.0218793
-0.0374934
-0.0436116
-0.0526781
-0.0745085
-0.1003592
-0.1111775
-0.0988260
-0.0744126
-0.0559794
-0.0505648
-0.0486246
-0.0354989
-0.0085715
0.0181008
0.0283752
0.0225309
0.0184400
0.0341217
0.0708480
0.1125346
0.1396839
0.1457718
0.1432708
0.1521070
0.1785012
0.2067290
0.2166029
0.2088806
0.2082733
0.2389355
0.2989466
0.3605640
0.3956238
0.4010915
0.3994020
0.4122820
0.4356094
0.4446546
0.4247074
0.3904026
0.3706272
0.3781037
0.3983881
0.4066841
0.3913543
0.3617499
0.3361439
0.3225060
0.3106990
0.2844445
0.2404443
0.1932719
0.1612753
0.1497610
0.1471859
0.1347590
0.1009677
0.0516123
0.0065620
-0.0170085
-0.0194944
-0.0155294
-0.0172810
-0.0244271
-0.0292034
-0.0262669
-0.0168283
-0.0069438
-0.0032914
-0.0087320
-0.0211402
-0.0364286
-0.0506635
-0.0587591
-0.0556317
-0.0423958
-0.0284932
-0.0232821
-0.0265280
-0.0299692
-0.0268717
-0.0177652
-0.0083019
-0.0032076
-0.0008558
0.0063625
0.0228186
0.0401653
0.0421592
0.0221279
-0.0077235
-0.0277616
-0.0300544
-0.0242965
-0.0260548
-0.0397976
-0.0526172
-0.0464973
-0.0197266
0.0062997
0.0071161
-0.0184559
-0.0474704
-0.0589285
-0.0553879
-0.0565650
-0.0751324
-0.1016211
-0.1129648
-0.0961601
-0.0633669
-0.0406290
-0.0403223
-0.0491854
-0.0468662
-0.0312904
-0.0193185
-0.0244708
-0.0405005
-0.0481283
-0.0352736
-0.0105196
0.0027416
-0.0121428
-0.0479394
-0.0804670
-0.0935894
-0.0935562
-0.0972451
-0.1112176
-0.1259284
-0.1275093
-0.1121010
-0.0900877
-0.0772726
-0.0799612
-0.0891993
-0.0926548
-0.0902632
-0.0923173
-0.1025907
-0.1108551
-0.1053744
-0.0881664
-0.0738294
-0.0739551
-0.0837996
-0.0852192
-0.0659896
-0.0370825
-0.0243287
-0.0373924
-0.0525219
-0.0353516
0.0202454
0.0842123
0.1224374
0.1310401
0.1375230
0.1741567
0.2556517
0.3814501
0.5499518
0.7542112
0.9528848
1.0558711
0.9669491
0.6622421
0.2269239
-0.1947920
-0.4919229
-0.6389796
-0.6765749
-0.6572215
-0.6091259
-0.5381224
-0.4497505
-0.3610332
-0.2908469
-0.2461121
-0.2227386
-0.2149921
-0.2163352
-0.2152206
-0.2013859
-0.1775377
-0.1558000
-0.1399761
-0.1189615
-0.0819584
-0.0352316
0.0012703
0.0137746
0.0098175
0.0119180
0.0329032
0.0582369
0.0603861
0.0342532
0.0100349
0.0224706
0.0714711
0.1214847
0.1384431
0.1212520
0.0980318
0.0967132
0.1196096
0.1444126
0.1502966
0.1418426
0.1428386
0.1669794
0.2018483
0.2242227
0.2248629
0.2149246
0.2130307
0.2289799
0.2562031
0.2788089
0.2899795
0.3027878
0.3365845
0.3923613
0.4482552
0.4809410
0.4863497
0.4789455
0.4759292
0.4823849
0.4871410
0.4735299
0.4382456
0.3977211
0.3713228
0.3607504
0.3507676
0.3268809
0.2867715
0.2379008
0.1903870
0.1500743
0.1134537
0.0718490
0.0245191
-0.0163604
-0.0382413
-0.0420585
-0.0399340
-0.0431607
-0.0550916
-0.0701965
-0.0766509
-0.0656593
-0.0422302
-0.0219559
-0.0143679
-0.0144366
-0.0121572
-0.0045772
0.0032962
0.0036352
-0.0088970
-0.0306109
-0.0478232
-0.0501891
-0.0451573
-0.0506438
-0.0719995
-0.0941015
-0.0985079
-0.0828456
-0.0623785
-0.0567741
-0.0739380
-0.1020780
-0.1199765
-0.1195243
-0.1141625
-0.1204186
-0.1371757
-0.1499297
-0.1495966
-0.1393344
-0.1279407
-0.1239992
-0.1311628
-0.1413437
-0.1376065
-0.1122106
-0.0786417
-0.0589033
-0.0606362
-0.0702083
-0.0654568
-0.0346664
0.0108029
0.0420202
0.0387775
0.0121680
-0.0070632
-0.0035060
0.0087172
0.0071767
-0.0141553
-0.0430533
-0.0614209
-0.0577553
-0.0378104
-0.0252091
-0.0414379
-0.0818872
-0.1191459
-0.1318626
-0.1245393
-0.1193128
-0.1335254
-0.1628260
-0.1817245
-0.1669445
-0.1266916
-0.0984495
-0.1081950
-0.1396176
-0.1549067
-0.1391897
-0.1121360
-0.0999897
-0.1071113
-0.1127036
-0.0880468
-0.0195329
0.0820317
0.2004423
0.3409519
0.5212156
0.7252339
0.8780280
0.8818807
0.6837956
0.3165576
-0.1116303
-0.4709674
-0.6800312
-0.7436619
-0.7236151
-0.6730857
-0.6057953
-0.5192814
-0.4245049
-0.3447014
-0.2977104
-0.2844567
-0.2865068
-0.2760873
-0.2398719
-0.1925757
-0.1586159
-0.1453142
-0.1437922
-0.1470681
-0.1524975
-0.1539900
-0.1482088
-0.1432990
-0.1469383
-0.1510337
-0.1412990
-0.1161879
-0.0853821
-0.0572581
-0.0374898
-0.0296341
-0.0269180
-0.0146553
0.0096296
0.0305815
0.0376425
0.0393231
0.0473274
0.0620901
0.0814417
0.1065076
0.1312164
0.1432373
0.1428383
0.1444513
0.1546810
0.1662080
0.1760396
0.1900319
0.2072357
0.2205335
0.2341987
0.2594506
0.2917659
0.3135106
0.3185024
0.3143249
0.3046987
0.2903920
0.2804189
0.2797695
0.2746716
0.2530274
0.2285154
0.2203081
0.2213375
0.2111947
0.1866867
0.1559661
0.1193130
0.0799205
0.0543899
0.0476363
0.0377610
0.0091994
-0.0220811
-0.0378573
-0.0448481
-0.0520130
-0.0525151
-0.0499025
-0.0675163
-0.1095451
-0.1482151
-0.1688921
-0.1890305
-0.2169399
-0.2367730
-0.2476740
-0.2664201
-0.2804034
-0.2580228
-0.2166306
-0.2119924
-0.2478519
-0.2700526
-0.2618417
-0.2626319
-0.2813710
-0.2832750
-0.2726498
-0.2854931
-0.2926572
-0.2337521
-0.1565826
-0.1697108
-0.2289555
-0.1563545
0.0551791
