-0.0448183
-0.0281571
-0.0145652
-0.0032755
0.0027371
0.0031184
0.0008985
-0.0020633
-0.0057624
-0.0072543
-0.0000141
0.0175153
0.0346879
0.0357659
0.0165923
-0.0092456
-0.0247076
-0.0288130
-0.0379484
-0.0661772
-0.1066785
-0.1357156
-0.1355077
-0.1121735
-0.0908336
-0.0933417
-0.1200210
-0.1514710
-0.1675708
-0.1658661
-0.1624957
-0.1745721
-0.2006355
-0.2192208
-0.2090347
-0.1717348
-0.1334869
-0.1220828
-0.1419669
-0.1719090
-0.1863202
-0.1777154
-0.1593070
-0.1485761
-0.1498730
-0.1514356
-0.1372275
-0.1024421
-0.0601844
-0.0334138
-0.0368919
-0.0635523
-0.0893221
-0.0950161
-0.0850058
-0.0819930
-0.1013544
-0.1327033
-0.1503661
-0.1418108
-0.1215963
-0.1150659
-0.1313269
-0.1563472
-0.1717743
-0.1755383
-0.1812843
-0.2004824
-0.2293900
-0.2535053
-0.2609201
-0.2496206
-0.2255655
-0.1989069
-0.1820919
-0.1854990
-0.2088194
-0.2365936
-0.2472596
-0.2311746
-0.2001268
-0.1764869
-0.1709059
-0.1712465
-0.1557929
-0.1185079
-0.0791985
-0.0650732
-0.0810877
-0.1015124
-0.0943192
-0.0530492
0.0002606
0.0465046
0.0999218
0.1987407
0.3589674
0.5372949
0.6454576
0.6091808
0.4207476
0.1404610
-0.1492985
-0.3934614
-0.5781678
-0.7089513
-0.7841873
-0.7917811
-0.7285981
-0.6178227
-0.5018306
-0.4142810
-0.3585903
-0.3150180
-0.2684005
-0.2257714
-0.2047654
-0.2078218
-0.2141327
-0.2003331
-0.1663403
-0.1357763
-0.1298711
-0.1446708
-0.1568944
-0.1499998
-0.1300786
-0.1158981
-0.1178630
-0.1297407
-0.1382122
-0.1358390
-0.1245224
-0.1107553
-0.1007726
-0.0987163
-0.1055442
-0.1179924
-0.1302266
-0.1386111
-0.1445789
-0.1506486
-0.1527299
-0.1386624
-0.0979569
-0.0342663
0.0339033
0.0879255
0.1256935
0.1625432
0.2141718
0.2789454
0.3394806
0.3833933
0.4202257
0.4727513
0.5492676
0.6284667
0.6776536
0.6867124
0.6792312
0.6865871
0.7138796
0.7369387
0.7337172
0.7130385
0.7065440
0.7325982
0.7736052
0.7925166
0.7693097
0.7169423
0.6620499
0.6155181
0.5656166
0.4973240
0.4131600
0.3332833
0.2771833
0.2468464
0.2268040
0.1990170
0.1580362
0.1137803
0.0813467
0.0678376
0.0670760
0.0655720
0.0541849
0.0358389
0.0228904
0.0263168
0.0459958
0.0702243
0.0843948
0.0816056
0.0673525
0.0547136
0.0526982
0.0569141
0.0528522
0.0318029
0.0041187
-0.0071907
0.0099774
0.0402834
0.0522865
0.0292103
-0.0132437
-0.0432716
-0.0471465
-0.0428268
-0.0567220
-0.0906199
-0.1182929
-0.1158377
-0.0891095
-0.0662973
-0.0669476
-0.0854588
-0.1056462
-0.1238112
-0.1504432
-0.1909426
-0.2325937
-0.2553679
-0.2527408
-0.2364853
-0.2208362
-0.2073335
-0.1885109
-0.1625764
-0.1381652
-0.1239573
-0.1185318
-0.1135652
-0.1043926
-0.0933476
-0.0828878
-0.0696582
-0.0488063
-0.0234475
-0.0058943
-0.0062045
-0.0200543
-0.0314288
-0.0293194
-0.0196930
-0.0175652
-0.0271978
-0.0340219
-0.0200485
0.0126340
0.0375712
0.0276822
-0.0154696
-0.0595378
-0.0729148
-0.0586706
-0.0531319
-0.0879542
-0.1555501
-0.2156126
-0.2360784
-0.2247966
-0.2189930
-0.2450714
-0.2917447
-0.3236648
-0.3190562
-0.2904545
-0.2679125
-0.2653091
-0.2667687
-0.2457727
-0.1944392
-0.1326516
-0.0899746
-0.0798661
-0.0905383
-0.0991662
-0.0941196
-0.0833846
-0.0820334
-0.0930085
-0.1017270
-0.0900401
-0.0552620
-0.0152602
0.0058446
-0.0014620
-0.0241339
-0.0395227
-0.0371259
-0.0277200
-0.0307080
-0.0523245
-0.0760297
-0.0739418
-0.0281941
0.0575986
0.1668905
0.2888959
0.4254649
0.5750412
0.7094790
0.7732867
0.7154572
0.5290687
0.2622024
-0.0103719
-0.2293953
-0.3730425
-0.4485404
-0.4719144
-0.4575860
-0.4196490
-0.3720836
-0.3234187
-0.2757009
-0.2328019
-0.2055268
-0.2011550
-0.2084868
-0.2024196
-0.1701138
-0.1295431
-0.1146567
-0.1401423
-0.1854950
-0.2175415
-0.2256106
-0.2286050
-0.2474959
-0.2785677
-0.2997637
-0.2989643
-0.2862241
-0.2764259
-0.2691241
-0.2528920
-0.2244241
-0.1925913
-0.1621177
-0.1232362
-0.0660341
-0.0013482
0.0439132
0.0577507
0.0632121
0.0979400
0.1722167
0.2548497
0.3059566
0.3191873
0.3243266
0.3499876
0.3929995
0.4282098
0.4408093
0.4401679
0.4433924
0.4548133
0.4668397
0.4755322
0.4862088
0.5023391
0.5172034
0.5239277
0.5300246
0.5511748
0.5870869
0.6128398
0.6046840
0.5728477
0.5578998
0.5884550
0.6470253
0.6847971
0.6703210
0.6182179
0.5678747
0.5396182
0.5189684
0.4824633
0.4284499
0.3751470
0.3343439
0.2994286
0.2619493
0.2288308
0.2125729
0.2076334
0.1889526
0.1403833
0.0787989
0.0401904
0.0393769
0.0501616
0.0325197
-0.0217668
-0.0781232
-0.0972937
-0.0792853
-0.0629160
-0.0828629
-0.1336637
-0.1784490
-0.1884248
-0.1690128
-0.1485329
-0.1463286
-0.1546963
-0.1498777
-0.1166158
-0.0608961
-0.0027501
0.0384485
0.0526169
0.0404855
0.0125129
-0.0154216
-0.0314622
-0.0366013
-0.0431629
-0.0619247
-0.0892949
-0.1079130
-0.1023724
-0.0762381
-0.0522867
-0.0527337
-0.0780298
-0.1067122
-0.1171016
-0.1082027
-0.0991901
-0.1102821
-0.1449276
-0.1883467
-0.2204318
-0.2298797
-0.2189341
-0.1986738
-0.1815346
-0.1750873
-0.1768279
-0.1729747
-0.1479053
-0.1013599
-0.0555245
-0.0383800
-0.0562734
-0.0857512
-0.0966705
-0.0835637
-0.0712846
-0.0879096
-0.1335645
-0.1790864
-0.1962567
-0.1862300
-0.1750618
-0.1833755
-0.2058141
-0.2210024
-0.2156607
-0.1943460
-0.1692324
-0.1478610
-0.1329570
-0.1287178
-0.1402240
-0.1645012
-0.1862915
-0.1891857
-0.1735703
-0.1595274
-0.1661348
-0.1873641
-0.1932510
-0.1586324
-0.0901122
-0.0225940
0.0115952
0.0105659
0.0010849
0.0097189
0.0360107
0.0551770
0.0477358
0.0247895
0.0223506
0.0715926
0.1758968
0.3144185
0.4621043
0.6018001
0.7174513
0.7811526
0.7555522
0.6168266
0.3782486
0.0895680
-0.1885293
-0.4106548
-0.5540884
-0.6132033
-0.5976110
-0.5353464
-0.4670468
-0.4251567
-0.4133017
-0.4073861
-0.3810904
-0.3324361
-0.2840970
-0.2570323
-0.2473503
-0.2329099
-0.2004600
-0.1601095
-0.1317280
-0.1226860
-0.1234804
-0.1224752
-0.1187994
-0.1188244
-0.1240385
-0.1279224
-0.1260955
-0.1249164
-0.1341278
-0.1509389
-0.1577894
-0.1406768
-0.1071325
-0.0808772
-0.0782210
-0.0927097
-0.1034250
-0.0959687
-0.0747083
-0.0564711
-0.0532329
-0.0595043
-0.0550429
-0.0202778
0.0482818
0.1341492
0.2109072
0.2600377
0.2847496
0.3074330
0.3493024
0.4093754
0.4647720
0.4936351
0.4972275
0.4988393
0.5219397
0.5693531
0.6215590
0.6540968
0.6584446
0.6483133
0.6459913
0.6614259
0.6830485
0.6878043
0.6611003
0.6102025
0.5596113
0.5302777
0.5197682
0.5036357
0.4591335
0.3873469
0.3099839
0.2455190
0.1919186
0.1334002
0.0612759
-0.0140045
-0.0708398
-0.0953066
-0.0924386
-0.0806953
-0.0773993
-0.0892283
-0.1122714
-0.1364273
-0.1512443
-0.1540826
-0.1549604
-0.1682127
-0.1947971
-0.2156418
-0.2081376
-0.1702297
-0.1251448
-0.1005069
-0.1036074
-0.1179860
-0.1230123
-0.1141159
-0.1026897
-0.0996399
-0.1048965
-0.1135796
-0.1249618
-0.1390703
-0.1487290
-0.1444018
-0.1284165
-0.1164913
-0.1193965
-0.1267248
-0.1162893
-0.0821187
-0.0488737
-0.0520440
-0.1009883
-0.1647744
-0.1998291
-0.1921694
-0.1684767
-0.1648676
-0.1899110
-0.2213045
-0.2335297
-0.2216652
-0.1990814
-0.1798455
-0.1689201
-0.1670184
-0.1770790
-0.1994896
-0.2221488
-0.2241361
-0.1970029
-0.1602220
-0.1466493
-0.1689040
-0.2050126
-0.2219654
-0.2111405
-0.1956382
-0.2023419
-0.2307993
-0.2532766
-0.2453958
-0.2128364
-0.1837699
-0.1761701
-0.1789055
-0.1681509
-0.1369901
-0.1022021
-0.0838980
-0.0860482
-0.0988021
-0.1133765
-0.1285003
-0.1433733
-0.1507644
-0.1429340
-0.1250056
-0.1168890
-0.1351119
-0.1722025
-0.2000555
-0.1977708
-0.1735744
-0.1557278
-0.1631450
-0.1877532
-0.2047416
-0.1972293
-0.1707214
-0.1458304
-0.1389802
-0.1505687
-0.1695051
-0.1845159
-0.1891860
-0.1816154
-0.1666541
-0.1574868
-0.1662929
-0.1886444
-0.2018790
-0.1854995
-0.1437570
-0.1041249
-0.0904625
-0.0980102
-0.0978053
-0.0683131
-0.0208409
0.0117107
0.0131606
0.0068457
0.0372003
0.1321689
0.2864683
0.4742714
0.6654083
0.8252285
0.9088159
0.8711718
0.6942222
0.4067034
0.0742084
-0.2351110
-0.4786541
-0.6397530
-0.7129797
-0.7017618
-0.6302617
-0.5435773
-0.4829454
-0.4585256
-0.4496255
-0.4310285
-0.3964846
-0.3579587
-0.3272174
-0.3023416
-0.2725840
-0.2330541
-0.1902065
-0.1525693
-0.1213737
-0.0941095
-0.0729001
-0.0621767
-0.0585761
-0.0504855
-0.0314595
-0.0107340
-0.0058018
-0.0231032
-0.0470345
-0.0510190
-0.0236844
0.0149533
0.0280560
-0.0024446
-0.0555970
-0.0902700
-0.0847819
-0.0563901
-0.0417424
-0.0589057
-0.0879994
-0.0889991
-0.0400871
0.0410961
0.1150046
0.1574202
0.1768317
0.1978663
0.2350584
0.2848193
0.3355195
0.3780929
0.4088376
0.4293212
0.4472854
0.4751665
0.5223012
0.5843146
0.6409520
0.6703230
0.6696710
0.6594588
0.6625078
0.6805682
0.6954436
0.6911554
0.6691674
0.6418639
0.6173386
0.5938585
0.5660115
0.5321071
0.4945987
0.4547138
0.4096597
0.3580723
0.3070559
0.2684223
0.2452573
0.2258067
0.1943496
0.1468280
0.0939696
0.0509175
0.0247749
0.0088582
-0.0130118
-0.0527932
-0.1046334
-0.1467038
-0.1610445
-0.1527392
-0.1472060
-0.1657545
-0.2020123
-0.2239259
-0.2044825
-0.1536924
-0.1151698
-0.1238588
-0.1685269
-0.2033544
-0.1971600
-0.1638533
-0.1414635
-0.1480014
-0.1648202
-0.1614923
-0.1298240
-0.0892616
-0.0617240
-0.0487719
-0.0380997
-0.0264232
-0.0240778
-0.0350317
-0.0447542
-0.0379524
-0.0216872
-0.0176822
-0.0311478
-0.0393776
-0.0194706
0.0172993
0.0291271
-0.0130130
-0.0893233
-0.1468642
-0.1549256
-0.1385029
-0.1490499
-0.2054010
-0.2739219
-0.3075430
-0.2929871
-0.2539473
-0.2176260
-0.1894609
-0.1573846
-0.1071774
-0.0259422
0.1028238
0.2916483
0.5238688
0.7372535
0.8472382
0.8006381
0.6104496
0.3384039
0.0495773
-0.2122128
-0.4170434
-0.5400437
-0.5721020
-0.5340923
-0.4693896
-0.4155044
-0.3803680
-0.3455945
-0.2930590
-0.2273458
-0.1708888
-0.1399467
-0.1309433
-0.1299314
-0.1279433
-0.1241712
-0.1212868
-0.1237375
-0.1364166
-0.1583748
-0.1792190
-0.1873293
-0.1827347
-0.1789045
-0.1896129
-0.2133786
-0.2319116
-0.2275466
-0.2041695
-0.1861778
-0.1909698
-0.2054629
-0.1978112
-0.1526823
-0.0879868
-0.0351335
-0.0088651
0.0008413
0.0126158
0.0347632
0.0614711
0.0841825
0.1034766
0.1273288
0.1592941
0.1944836
0.2293979
0.2690993
0.3185553
0.3708039
0.4111910
0.4336255
0.4482900
0.4723705
0.5142689
0.5654460
0.6069161
0.6266425
0.6320125
0.6423247
0.6679743
0.7002263
0.7213534
0.7195440
0.6933042
0.6488218
0.5974835
0.5504915
0.5094932
0.4636837
0.4004987
0.3205202
0.2412846
0.1850205
0.1591484
0.1469476
0.1213999
0.0722118
0.0158418
-0.0251615
-0.0475621
-0.0655459
-0.0889733
-0.1150922
-0.1415786
-0.1751887
-0.2198533
-0.2615712
-0.2743763
-0.2454984
-0.1932775
-0.1553032
-0.1543244
-0.1773007
-0.1928783
-0.1872275
-0.1740738
-0.1699616
-0.1729519
-0.1728643
-0.1714951
-0.1792015
-0.1940653
-0.1968516
-0.1718857
-0.1288773
-0.0990599
-0.1071448
-0.1467617
-0.1862415
-0.2006509
-0.1947743
-0.1915211
-0.2037849
-0.2258443
-0.2480337
-0.2672031
-0.2805300
-0.2796506
-0.2579431
-0.2204998
-0.1835523
-0.1645697
-0.1706553
-0.1919695
-0.2074213
-0.2021846
-0.1811772
-0.1634933
-0.1640013
-0.1804781
-0.1949006
-0.1863972
-0.1497506
-0.1056935
-0.0870543
-0.1081907
-0.1507995
-0.1837088
-0.1926646
-0.1873827
-0.1856768
-0.1973823
-0.2202147
-0.2440749
-0.2586221
-0.2595315
-0.2488457
-0.2320900
-0.2183796
-0.2194354
-0.2399887
-0.2689275
-0.2876064
-0.2882409
-0.2777536
-0.2635938
-0.2441625
-0.2153681
-0.1793919
-0.1437888
-0.1165850
-0.1034927
-0.1047698
-0.1127954
-0.1161316
-0.1079472
-0.0909431
-0.0764777
-0.0776317
-0.0948768
-0.1059136
-0.0810694
-0.0184988
0.0436438
0.0628911
0.0389493
0.0158136
0.0389353
0.1184748
0.2346437
0.3695297
0.5238976
0.6965797
0.8475408
0.8939141
0.7622020
0.4537933
0.0547723
-0.3215811
-0.6004051
-0.7647124
-0.8338077
-0.8352749
-0.7886151
-0.7025288
-0.5850953
-0.4563984
-0.3463764
-0.2774747
-0.2508680
-0.2483277
-0.2453470
-0.2278713
-0.2033131
-0.1918345
-0.2001504
-0.2087103
-0.1935013
-0.1564151
-0.1238659
-0.1172438
-0.1336320
-0.1542323
-0.1638017
-0.1626688
-0.1656305
-0.1871398
-0.2227120
-0.2481835
-0.2422985
-0.2073939
-0.1653636
-0.1378286
-0.1311510
-0.1329374
-0.1212747
-0.0871165
-0.0505839
-0.0434734
-0.0692716
-0.0908035
-0.0663649
0.0072080
0.0925591
0.1477218
0.1615407
0.1598961
0.1796637
0.2320948
0.2922673
0.3292046
0.3418537
0.3569220
0.3962826
0.4579599
0.5250285
0.5792135
0.6069699
0.6065252
0.5920249
0.5814023
0.5780640
0.5701907
0.5467661
0.5094815
0.4726670
0.4554344
0.4661947
0.4888077
0.4928050
0.4649924
0.4225658
0.3881148
0.3623684
0.3308620
0.2871403
0.2378813
0.1921459
0.1557534
0.1316702
0.1186343
0.1119624
0.1069897
0.0969726
0.0721955
0.0335723
0.0033667
0.0041172
0.0255236
0.0310675
0.0030789
-0.0350684
-0.0491543
-0.0342643
-0.0180085
-0.0313216
-0.0787726
-0.1324410
-0.1576831
-0.1505346
-0.1419723
-0.1573379
-0.1839384
-0.1919948
-0.1741257
-0.1452513
-0.1143845
-0.0793020
-0.0443805
-0.0222303
-0.0162490
-0.0154693
-0.0080166
0.0069480
0.0177319
0.0090961
-0.0173077
-0.0319269
-0.0052961
0.0490741
0.0820234
0.0676631
0.0329969
0.0177971
0.0270545
0.0376735
0.0333462
0.0168304
0.0007170
-0.0014910
0.0169793
0.0538907
0.1118591
0.2075260
0.3476277
0.5004406
0.6120002
0.6458827
0.5875963
0.4254773
0.1651823
-0.1373817
-0.3926014
-0.5384100
-0.5728726
-0.5351122
-0.4749330
-0.4291139
-0.3996782
-0.3598068
-0.2984007
-0.2444664
-0.2289067
-0.2427093
-0.2550122
-0.2498694
-0.2229284
-0.1702636
-0.1085341
-0.0783012
-0.0965860
-0.1297454
-0.1386451
-0.1247359
-0.1106668
-0.1068558
-0.1165064
-0.1378625
-0.1448447
-0.1074456
-0.0466888
-0.0211934
-0.0446053
-0.0703330
-0.0707442
-0.0684725
-0.0748469
-0.0673130
-0.0449127
-0.0330683
-0.0196617
0.0330575
0.1041672
0.1352557
0.1414275
0.1894048
0.2593413
0.2675437
0.2441135
0.3153071
0.4548834
0.4432639
0.1823100
