0.0059420
0.0166261
-0.0054473
-0.0219227
-0.0260311
-0.0362757
-0.0523452
-0.0555050
-0.0451917
-0.0413742
-0.0512760
-0.0607452
-0.0597099
-0.0540488
-0.0506564
-0.0489756
-0.0485789
-0.0501538
-0.0489539
-0.0403110
-0.0305585
-0.0305721
-0.0400157
-0.0486168
-0.0508665
-0.0497953
-0.0489993
-0.0500280
-0.0546660
-0.0614555
-0.0632356
-0.0558979
-0.0462588
-0.0442228
-0.0505384
-0.0584842
-0.0638066
-0.0670454
-0.0697225
-0.0735740
-0.0800382
-0.0861512
-0.0849663
-0.0742613
-0.0611967
-0.0549535
-0.0582184
-0.0678759
-0.0792666
-0.0874207
-0.0891678
-0.0870127
-0.0870160
-0.0909528
-0.0945783
-0.0948517
-0.0942946
-0.0966113
-0.1020255
-0.1083467
-0.1134272
-0.1161695
-0.1181507
-0.1234095
-0.1326932
-0.1390114
-0.1338786
-0.1181349
-0.1024278
-0.0965079
-0.1008995
-0.1085494
-0.1117736
-0.1084293
-0.1039279
-0.1059854
-0.1150544
-0.1219252
-0.1177049
-0.1044344
-0.0929735
-0.0917927
-0.1000807
-0.1101326
-0.1143443
-0.1115135
-0.1079884
-0.1108989
-0.1193056
-0.1246431
-0.1209541
-0.1114037
-0.1029922
-0.0981979
-0.0944660
-0.0895553
-0.0845319
-0.0822380
-0.0841905
-0.0883852
-0.0897877
-0.0837114
-0.0684634
-0.0445357
-0.0135777
0.0207077
0.0557396
0.1003007
0.1794363
0.3204136
0.5289779
0.7807903
1.0356056
1.2540131
1.3969590
1.4161241
1.2619100
0.9198962
0.4494377
-0.0205966
-0.3547198
-0.4900994
-0.4648454
-0.3721393
-0.2870525
-0.2311873
-0.1916590
-0.1572939
-0.1320289
-0.1221731
-0.1224311
-0.1199893
-0.1102508
-0.1026226
-0.1073980
-0.1201811
-0.1251233
-0.1139706
-0.0966899
-0.0904196
-0.1008603
-0.1175719
-0.1262238
-0.1227702
-0.1152987
-0.1132801
-0.1164465
-0.1157847
-0.1055682
-0.0915075
-0.0843237
-0.0869601
-0.0918023
-0.0903890
-0.0824102
-0.0739184
-0.0689705
-0.0649352
-0.0557771
-0.0392360
-0.0201237
-0.0055543
0.0030151
0.0113394
0.0255539
0.0458692
0.0682230
0.0901394
0.1130695
0.1401900
0.1734381
0.2115358
0.2495376
0.2816813
0.3065427
0.3287365
0.3540302
0.3830531
0.4108847
0.4328274
0.4500116
0.4688525
0.4941605
0.5224749
0.5437968
0.5515005
0.5490892
0.5446092
0.5393481
0.5256636
0.4968004
0.4559068
0.4133750
0.3765555
0.3436883
0.3076536
0.2646929
0.2188756
0.1776995
0.1438771
0.1130856
0.0803019
0.0464312
0.0171119
-0.0037309
-0.0173174
-0.0277906
-0.0383402
-0.0493550
-0.0592149
-0.0668818
-0.0739878
-0.0835299
-0.0959646
-0.1076797
-0.1143021
-0.1149462
-0.1126777
-0.1114743
-0.1129884
-0.1153291
-0.1147040
-0.1092578
-0.1015702
-0.0963364
-0.0953629
-0.0959324
-0.0942873
-0.0896031
-0.0843132
-0.0816064
-0.0828649
-0.0866817
-0.0902563
-0.0923638
-0.0945234
-0.0982763
-0.1019234
-0.1015935
-0.0957716
-0.0876936
-0.0828925
-0.0847077
-0.0918864
-0.1001094
-0.1062173
-0.1110148
-0.1168871
-0.1225353
-0.1223367
-0.1129762
-0.0996779
-0.0932210
-0.0997335
-0.1141538
-0.1245568
-0.1233634
-0.1145637
-0.1094947
-0.1148648
-0.1255771
-0.1306797
-0.1258806
-0.1180570
-0.1169882
-0.1247749
-0.1347940
-0.1397654
-0.1390979
-0.1383514
-0.1424517
-0.1499507
-0.1541802
-0.1500496
-0.1390806
-0.1273951
-0.1197778
-0.1167870
-0.1167601
-0.1187083
-0.1228573
-0.1293433
-0.1367163
-0.1415279
-0.1402213
-0.1326821
-0.1237684
-0.1200960
-0.1246315
-0.1343502
-0.1429675
-0.1461520
-0.1449888
-0.1445981
-0.1484556
-0.1539402
-0.1549361
-0.1494285
-0.1427090
-0.1413341
-0.1449492
-0.1464341
-0.1406365
-0.1312576
-0.1273097
-0.1325667
-0.1400560
-0.1388275
-0.1259703
-0.1093735
-0.0971941
-0.0871569
-0.0695203
-0.0389229
0.0024733
0.0561901
0.1376618
0.2692573
0.4608806
0.6983657
0.9499633
1.1789406
1.3447435
1.3953948
1.2749668
0.9600383
0.5011049
0.0227423
-0.3351101
-0.4958565
-0.4822251
-0.3834633
-0.2870017
-0.2312352
-0.2073312
-0.1922503
-0.1759061
-0.1630001
-0.1593142
-0.1627263
-0.1662714
-0.1651558
-0.1592266
-0.1513025
-0.1451839
-0.1438588
-0.1474564
-0.1530705
-0.1577736
-0.1615982
-0.1664565
-0.1721100
-0.1745016
-0.1694081
-0.1580293
-0.1477845
-0.1457289
-0.1507475
-0.1540227
-0.1487332
-0.1380541
-0.1312710
-0.1321720
-0.1338141
-0.1261019
-0.1072017
-0.0856647
-0.0711575
-0.0643659
-0.0572172
-0.0429199
-0.0240230
-0.0087333
0.0002160
0.0103636
0.0317869
0.0661066
0.1051141
0.1397875
0.1687485
0.1973509
0.2298160
0.2637360
0.2927993
0.3144670
0.3338332
0.3588977
0.3921400
0.4276367
0.4567024
0.4758487
0.4892108
0.5036989
0.5215267
0.5367012
0.5391841
0.5238713
0.4958156
0.4654976
0.4383669
0.4099035
0.3717886
0.3224299
0.2702738
0.2261324
0.1925448
0.1617520
0.1250436
0.0833854
0.0468251
0.0228164
0.0072965
-0.0104596
-0.0350074
-0.0594951
-0.0741162
-0.0778809
-0.0798265
-0.0884812
-0.1020495
-0.1109849
-0.1101221
-0.1057294
-0.1083792
-0.1200054
-0.1313499
-0.1332436
-0.1276198
-0.1245515
-0.1292693
-0.1353140
-0.1321202
-0.1180213
-0.1034802
-0.1006454
-0.1109122
-0.1244298
-0.1316672
-0.1331904
-0.1365920
-0.1455569
-0.1550372
-0.1577365
-0.1529778
-0.1472619
-0.1466965
-0.1506210
-0.1534763
-0.1523396
-0.1512198
-0.1567387
-0.1697286
-0.1826179
-0.1862733
-0.1789853
-0.1678078
-0.1613201
-0.1620116
-0.1658106
-0.1680744
-0.1689972
-0.1725974
-0.1805687
-0.1883244
-0.1886429
-0.1794971
-0.1670985
-0.1603527
-0.1627727
-0.1703321
-0.1765861
-0.1789272
-0.1797849
-0.1824174
-0.1863172
-0.1874331
-0.1830989
-0.1759044
-0.1715487
-0.1728369
-0.1767763
-0.1780398
-0.1747141
-0.1701488
-0.1693299
-0.1736998
-0.1796065
-0.1819777
-0.1794754
-0.1755375
-0.1742104
-0.1758827
-0.1779708
-0.1790544
-0.1806643
-0.1844395
-0.1886144
-0.1887695
-0.1827120
-0.1741733
-0.1703887
-0.1749680
-0.1836589
-0.1886355
-0.1870843
-0.1837039
-0.1836404
-0.1848028
-0.1799918
-0.1668082
-0.1526276
-0.1472235
-0.1510608
-0.1538227
-0.1462138
-0.1312260
-0.1200700
-0.1165027
-0.1093151
-0.0839159
-0.0388655
0.0154516
0.0770071
0.1662804
0.3137665
0.5310381
0.7950734
1.0599257
1.2789552
1.4129381
1.4234241
1.2750919
0.9618088
0.5361805
0.1048647
-0.2212083
-0.3869035
-0.4145582
-0.3726443
-0.3226675
-0.2880246
-0.2612611
-0.2310996
-0.1998943
-0.1792685
-0.1751160
-0.1805166
-0.1830791
-0.1772411
-0.1684211
-0.1657718
-0.1717494
-0.1790751
-0.1780797
-0.1671195
-0.1551653
-0.1531688
-0.1628524
-0.1749289
-0.1786867
-0.1725033
-0.1643465
-0.1625802
-0.1672557
-0.1705917
-0.1654076
-0.1524018
-0.1388493
-0.1306136
-0.1265052
-0.1209801
-0.1113892
-0.1010217
-0.0946205
-0.0918542
-0.0863457
-0.0717359
-0.0487608
-0.0257209
-0.0108421
-0.0036203
0.0056220
0.0267129
0.0601296
0.0968107
0.1272264
0.1502555
0.1733022
0.2042420
0.2434844
0.2837029
0.3169454
0.3416403
0.3627355
0.3858766
0.4123475
0.4392666
0.4632250
0.4830155
0.4995972
0.5142727
0.5266443
0.5336523
0.5306601
0.5142965
0.4850605
0.4474412
0.4070571
0.3668699
0.3259074
0.2822069
0.2372013
0.1961996
0.1634537
0.1371904
0.1109330
0.0801818
0.0469341
0.0170519
-0.0061140
-0.0244397
-0.0414007
-0.0569359
-0.0673023
-0.0703110
-0.0694769
-0.0714958
-0.0795856
-0.0905221
-0.0987075
-0.1021467
-0.1036276
-0.1067829
-0.1121387
-0.1168852
-0.1175212
-0.1124774
-0.1030080
-0.0924067
-0.0843518
-0.0811448
-0.0825344
-0.0860025
-0.0889088
-0.0909734
-0.0941930
-0.0995334
-0.1041356
-0.1032718
-0.0958158
-0.0869679
-0.0842631
-0.0903590
-0.1001480
-0.1056789
-0.1042712
-0.1013398
-0.1044468
-0.1146292
-0.1247192
-0.1269183
-0.1211735
-0.1148832
-0.1146475
-0.1197714
-0.1244701
-0.1253513
-0.1252199
-0.1291732
-0.1379319
-0.1462510
-0.1481845
-0.1431025
-0.1358647
-0.1317189
-0.1321552
-0.1354655
-0.1396029
-0.1434827
-0.1465521
-0.1487310
-0.1509355
-0.1544705
-0.1591042
-0.1622248
-0.1609980
-0.1558300
-0.1509509
-0.1503517
-0.1529644
-0.1531653
-0.1472255
-0.1386816
-0.1356721
-0.1423096
-0.1535389
-0.1594895
-0.1549960
-0.1445136
-0.1375808
-0.1395522
-0.1468609
-0.1513392
-0.1489285
-0.1437512
-0.1435763
-0.1516587
-0.1631964
-0.1695029
-0.1656596
-0.1548281
-0.1456722
-0.1450521
-0.1521282
-0.1591340
-0.1583777
-0.1492020
-0.1384001
-0.1335891
-0.1357522
-0.1382598
-0.1336445
-0.1213114
-0.1076143
-0.0977783
-0.0890662
-0.0737046
-0.0476247
-0.0124505
0.0337786
0.1056126
0.2246463
0.4016113
0.6244151
0.8646824
1.0927573
1.2801827
1.3865437
1.3547974
1.1387569
0.7504163
0.2816128
-0.1325784
-0.3884823
-0.4676626
-0.4287262
-0.3515913
-0.2857927
-0.2398313
-0.2044452
-0.1761699
-0.1596525
-0.1562913
-0.1588877
-0.1587927
-0.1547008
-0.1518443
-0.1537309
-0.1571385
-0.1558011
-0.1477955
-0.1383194
-0.1351850
-0.1416892
-0.1536096
-0.1628714
-0.1642879
-0.1593043
-0.1537899
-0.1522782
-0.1538552
-0.1532689
-0.1463404
-0.1346861
-0.1247699
-0.1215414
-0.1229596
-0.1215507
-0.1118849
-0.0962395
-0.0823988
-0.0757692
-0.0738519
-0.0686618
-0.0546135
-0.0338368
-0.0135044
0.0018856
0.0150258
0.0325265
0.0577902
0.0877650
0.1166036
0.1419003
0.1669712
0.1970677
0.2335424
0.2719456
0.3059943
0.3332787
0.3568538
0.3814832
0.4089272
0.4369586
0.4621564
0.4828904
0.4997561
0.5138586
0.5250460
0.5314977
0.5305072
0.5196046
0.4976365
0.4657627
0.4276075
0.3874670
0.3473841
0.3062677
0.2628804
0.2196837
0.1823519
0.1542840
0.1319303
0.1070072
0.0744717
0.0382325
0.0080273
-0.0100615
-0.0197371
-0.0305174
-0.0476679
-0.0667995
-0.0787313
-0.0790304
-0.0722304
-0.0672768
-0.0697762
-0.0784889
-0.0880718
-0.0943043
-0.0970016
-0.0988596
-0.1019978
-0.1053487
-0.1050366
-0.0976678
-0.0841633
-0.0706160
-0.0643076
-0.0675791
-0.0755968
-0.0811429
-0.0819568
-0.0825387
-0.0880917
-0.0973674
-0.1028142
-0.0983775
-0.0866284
-0.0772343
-0.0778289
-0.0865487
-0.0941429
-0.0936819
-0.0877950
-0.0858564
-0.0940860
-0.1087788
-0.1193556
-0.1179244
-0.1060036
-0.0924720
-0.0855299
-0.0867185
-0.0919801
-0.0971225
-0.1012689
-0.1055958
-0.1105092
-0.1151337
-0.1188201
-0.1217663
-0.1239503
-0.1245078
-0.1230391
-0.1212636
-0.1224148
-0.1283356
-0.1373043
-0.1453226
-0.1498190
-0.1517060
-0.1533688
-0.1549380
-0.1534107
-0.1459619
-0.1338819
-0.1226626
-0.1177193
-0.1197748
-0.1245074
-0.1270236
-0.1267127
-0.1272583
-0.1316093
-0.1375859
-0.1395068
-0.1344378
-0.1261005
-0.1218231
-0.1255526
-0.1342065
-0.1410023
-0.1420780
-0.1395759
-0.1385029
-0.1413363
-0.1461523
-0.1493624
-0.1490158
-0.1451684
-0.1384551
-0.1299770
-0.1224865
-0.1196909
-0.1225728
-0.1267324
-0.1255004
-0.1170677
-0.1072277
-0.1024209
-0.0997995
-0.0875192
-0.0578449
-0.0177182
0.0199169
0.0583933
0.1265455
0.2582093
0.4598546
0.7019215
0.9438370
1.1608289
1.3359642
1.4261743
1.3542442
1.0603311
0.5766049
0.0456503
-0.3542790
-0.5227291
-0.4917788
-0.3784793
-0.2862122
-0.2442755
-0.2246232
-0.1975405
-0.1637853
-0.1418513
-0.1395286
-0.1456698
-0.1456720
-0.1373063
-0.1294642
-0.1296265
-0.1362120
-0.1420640
-0.1421940
-0.1373536
-0.1320496
-0.1305871
-0.1341989
-0.1403164
-0.1442702
-0.1428116
-0.1369965
-0.1315311
-0.1305795
-0.1338614
-0.1369928
-0.1356383
-0.1290696
-0.1198504
-0.1109103
-0.1034595
-0.0970824
-0.0907196
-0.0834028
-0.0748944
-0.0660900
-0.0581510
-0.0504360
-0.0395367
-0.0214973
0.0041885
0.0330550
0.0590583
0.0801098
0.1000772
0.1248193
0.1561483
0.1899778
0.2204638
0.2456550
0.2689698
0.2954667
0.3269170
0.3602596
0.3904606
0.4148548
0.4349530
0.4541639
0.4737649
0.4911612
0.5021442
0.5047736
0.5009064
0.4938914
0.4848298
0.4711548
0.4489098
0.4164710
0.3762113
0.3328562
0.2904510
0.2505950
0.2127468
0.1756837
0.1391010
0.1046347
0.0753378
0.0531982
0.0365133
0.0203611
0.0010092
-0.0196577
-0.0351068
-0.0409531
-0.0409346
-0.0446764
-0.0580931
-0.0763234
-0.0878038
-0.0861959
-0.0774195
-0.0737481
-0.0812095
-0.0939509
-0.1011707
-0.0983168
-0.0904673
-0.0855360
-0.0860297
-0.0881436
-0.0874980
-0.0838618
-0.0801621
-0.0786233
-0.0792055
-0.0810599
-0.0837826
-0.0868680
-0.0892666
-0.0905667
-0.0920227
-0.0951119
-0.0989139
-0.1001066
-0.0965606
-0.0905427
-0.0871548
-0.0891361
-0.0940208
-0.0973282
-0.0981128
-0.0998805
-0.1053521
-0.1115206
-0.1117754
-0.1035326
-0.0926898
-0.0891201
-0.0972866
-0.1117157
-0.1221802
-0.1233745
-0.1193552
-0.1186059
-0.1251364
-0.1346604
-0.1392807
-0.1355339
-0.1277693
-0.1239102
-0.1280812
-0.1372397
-0.1447355
-0.1469527
-0.1463650
-0.1481632
-0.1542027
-0.1605677
-0.1610504
-0.1528495
-0.1390632
-0.1261775
-0.1192977
-0.1190946
-0.1222923
-0.1247220
-0.1245012
-0.1230731
-0.1233081
-0.1261593
-0.1290387
-0.1280654
-0.1224775
-0.1164261
-0.1153569
-0.1202387
-0.1261486
-0.1273799
-0.1236396
-0.1202732
-0.1222034
-0.1283946
-0.1327156
-0.1296803
-0.1188441
-0.1043384
-0.0914394
-0.0835255
-0.0804535
-0.0782629
-0.0711984
-0.0559662
-0.0339014
-0.0060873
0.0356782
0.1108240
0.2382088
0.4200438
0.6386396
0.8685952
1.0859478
1.2579698
1.3265055
1.2187746
0.8980429
0.4172099
-0.0825575
-0.4446776
-0.5895849
-0.5511598
-0.4311863
-0.3190466
-0.2464651
-0.2018329
-0.1697968
-0.1500630
-0.1462028
-0.1507602
-0.1491894
-0.1357457
-0.1193828
-0.1124506
-0.1168652
-0.1238537
-0.1254642
-0.1228093
-0.1223064
-0.1265125
-0.1312250
-0.1312739
-0.1270194
-0.1239441
-0.1264743
-0.1332236
-0.1384229
-0.1375356
-0.1313348
-0.1248238
-0.1223706
-0.1236718
-0.1242086
-0.1196962
-0.1102101
-0.0997912
-0.0918034
-0.0849963
-0.0748874
-0.0593110
-0.0418731
-0.0288241
-0.0222062
-0.0168010
-0.0046637
0.0172597
0.0444699
0.0699410
0.0913034
0.1125327
0.1387308
0.1701436
0.2021205
0.2308425
0.2580931
0.2894045
0.3273718
0.3675270
0.4016717
0.4255836
0.4430868
0.4620008
0.4858950
0.5100326
0.5256430
0.5281183
0.5208298
0.5109291
0.5016718
0.4890571
0.4659471
0.4293726
0.3838350
0.3375675
0.2956076
0.2565267
0.2159243
0.1728957
0.1324490
0.1008974
0.0788880
0.0598842
0.0364585
0.0079603
-0.0190677
-0.0385075
-0.0516126
-0.0648689
-0.0810493
-0.0944840
-0.0972138
-0.0895150
-0.0820193
-0.0857067
-0.1004206
-0.1150987
-0.1199348
-0.1170038
