0.2776947
0.2871454
0.1827825
0.1215588
0.1332317
0.1300070
0.0813301
0.0436913
0.0413820
0.0362249
0.0124928
-0.0024958
-0.0030380
-0.0128820
-0.0294262
-0.0265806
-0.0102499
-0.0117797
-0.0306835
-0.0376378
-0.0291118
-0.0295673
-0.0439934
-0.0524522
-0.0478165
-0.0414970
-0.0374815
-0.0326451
-0.0340691
-0.0475011
-0.0596993
-0.0579192
-0.0534335
-0.0616687
-0.0742839
-0.0745540
-0.0653985
-0.0600928
-0.0597871
-0.0601002
-0.0653981
-0.0783972
-0.0893244
-0.0905896
-0.0886908
-0.0899436
-0.0896703
-0.0854992
-0.0847725
-0.0892157
-0.0886865
-0.0786596
-0.0679563
-0.0620676
-0.0546281
-0.0414440
-0.0278373
-0.0174744
-0.0082472
-0.0017083
-0.0020154
-0.0044747
-0.0001955
0.0073116
0.0050715
-0.0093924
-0.0246443
-0.0315401
-0.0307573
-0.0262610
-0.0228490
-0.0268698
-0.0383904
-0.0473254
-0.0478759
-0.0502076
-0.0659389
-0.0884495
-0.1001553
-0.0947634
-0.0817169
-0.0729377
-0.0737216
-0.0817275
-0.0878960
-0.0837766
-0.0726213
-0.0657764
-0.0647863
-0.0577106
-0.0379204
-0.0146671
0.0020611
0.0166871
0.0403874
0.0771054
0.1253417
0.1887842
0.2794879
0.4118152
0.5907143
0.7988263
0.9966654
1.1424580
1.2079917
1.1679318
0.9869747
0.6454856
0.1883896
-0.2662214
-0.5856277
-0.7015916
-0.6448144
-0.5124058
-0.3971465
-0.3330517
-0.2981762
-0.2626169
-0.2248784
-0.2017417
-0.1988435
-0.2045700
-0.2062007
-0.1999518
-0.1879905
-0.1751896
-0.1677574
-0.1684380
-0.1736930
-0.1785796
-0.1814431
-0.1820305
-0.1799524
-0.1768640
-0.1744633
-0.1690167
-0.1548913
-0.1351546
-0.1207584
-0.1164729
-0.1150171
-0.1081525
-0.0968319
-0.0871172
-0.0814549
-0.0765065
-0.0656829
-0.0436067
-0.0124814
0.0170623
0.0367388
0.0507888
0.0700021
0.0978382
0.1287834
0.1583422
0.1876511
0.2191498
0.2537366
0.2915785
0.3311663
0.3690308
0.4040858
0.4395851
0.4772219
0.5129314
0.5424920
0.5674218
0.5912664
0.6138742
0.6331154
0.6481792
0.6573189
0.6561393
0.6416999
0.6152383
0.5789012
0.5339772
0.4840889
0.4351169
0.3893904
0.3438557
0.2955247
0.2449481
0.1940280
0.1452020
0.1029954
0.0709650
0.0463124
0.0224364
-0.0025134
-0.0239497
-0.0376887
-0.0443114
-0.0472407
-0.0505914
-0.0579627
-0.0692212
-0.0795805
-0.0855461
-0.0898853
-0.0968828
-0.1051276
-0.1095027
-0.1084292
-0.1050499
-0.1029657
-0.1041853
-0.1092018
-0.1160164
-0.1212104
-0.1242469
-0.1279216
-0.1327699
-0.1349067
-0.1318143
-0.1264616
-0.1231681
-0.1229063
-0.1248029
-0.1285768
-0.1333663
-0.1375831
-0.1417217
-0.1481037
-0.1565815
-0.1636831
-0.1668777
-0.1667510
-0.1649726
-0.1633805
-0.1644624
-0.1688175
-0.1726170
-0.1714687
-0.1661400
-0.1606190
-0.1556757
-0.1488720
-0.1403115
-0.1337832
-0.1317750
-0.1324852
-0.1320322
-0.1282219
-0.1237077
-0.1266009
-0.1441995
-0.1727975
-0.1968373
-0.2024998
-0.1911089
-0.1768715
-0.1733018
-0.1833821
-0.1996794
-0.2112315
-0.2126434
-0.2088127
-0.2090699
-0.2159436
-0.2226142
-0.2220260
-0.2145282
-0.2050432
-0.1965765
-0.1888091
-0.1804211
-0.1709003
-0.1615450
-0.1549195
-0.1515233
-0.1478072
-0.1398914
-0.1277287
-0.1123678
-0.0909839
-0.0588015
-0.0139402
0.0455938
0.1295344
0.2531990
0.4230840
0.6244094
0.8221416
0.9724591
1.0348797
0.9793377
0.7904573
0.4765483
0.0838871
-0.3012762
-0.5831415
-0.7081399
-0.6944592
-0.6099745
-0.5198882
-0.4517194
-0.4001149
-0.3536370
-0.3129120
-0.2867514
-0.2771203
-0.2737522
-0.2657925
-0.2548388
-0.2509380
-0.2568225
-0.2625160
-0.2572609
-0.2419304
-0.2270265
-0.2215107
-0.2257111
-0.2329162
-0.2360845
-0.2340153
-0.2313850
-0.2320457
-0.2335488
-0.2300428
-0.2190468
-0.2030797
-0.1862877
-0.1721439
-0.1626560
-0.1564734
-0.1488341
-0.1363723
-0.1210821
-0.1069578
-0.0938896
-0.0776723
-0.0555104
-0.0294368
-0.0045887
0.0151672
0.0312791
0.0506630
0.0794620
0.1157825
0.1513029
0.1812133
0.2096664
0.2438567
0.2854339
0.3295717
0.3702827
0.4049255
0.4350423
0.4638175
0.4914924
0.5134298
0.5247427
0.5264555
0.5242716
0.5209819
0.5126414
0.4927792
0.4586570
0.4136088
0.3649357
0.3187080
0.2746989
0.2275726
0.1752144
0.1242897
0.0845035
0.0581474
0.0380927
0.0156847
-0.0115635
-0.0393903
-0.0616617
-0.0761760
-0.0870070
-0.1003944
-0.1175320
-0.1329006
-0.1406200
-0.1406775
-0.1380275
-0.1376623
-0.1415684
-0.1482271
-0.1537627
-0.1554430
-0.1548902
-0.1557636
-0.1577907
-0.1559979
-0.1472855
-0.1354446
-0.1279039
-0.1286565
-0.1351880
-0.1413776
-0.1433284
-0.1433025
-0.1471460
-0.1564763
-0.1650375
-0.1654679
-0.1586292
-0.1530676
-0.1553840
-0.1638406
-0.1716349
-0.1742771
-0.1733939
-0.1745518
-0.1810995
-0.1894076
-0.1914769
-0.1835050
-0.1703721
-0.1600948
-0.1552580
-0.1515594
-0.1436008
-0.1307306
-0.1182669
-0.1136472
-0.1194295
-0.1290223
-0.1315087
-0.1224707
-0.1088178
-0.1019043
-0.1071545
-0.1208042
-0.1346256
-0.1426678
-0.1450185
-0.1463316
-0.1503178
-0.1560433
-0.1606727
-0.1644768
-0.1703643
-0.1788577
-0.1867249
-0.1915229
-0.1953237
-0.2025711
-0.2146943
-0.2268878
-0.2304400
-0.2204075
-0.2024131
-0.1893988
-0.1886824
-0.1936408
-0.1914424
-0.1782444
-0.1629776
-0.1550785
-0.1512216
-0.1366956
-0.0997251
-0.0419467
0.0286277
0.1156492
0.2400779
0.4201834
0.6442687
0.8680346
1.0407701
1.1290661
1.1127751
0.9690011
0.6796087
0.2670818
-0.1805123
-0.5367382
-0.7089774
-0.6975044
-0.5864384
-0.4730387
-0.4009599
-0.3548076
-0.3063411
-0.2538881
-0.2173783
-0.2075799
-0.2113113
-0.2071730
-0.1896046
-0.1731089
-0.1733074
-0.1874705
-0.1969224
-0.1879008
-0.1660043
-0.1483764
-0.1450571
-0.1513001
-0.1560863
-0.1538456
-0.1473861
-0.1422773
-0.1401494
-0.1372979
-0.1294515
-0.1170411
-0.1042866
-0.0933905
-0.0821914
-0.0685473
-0.0546183
-0.0445987
-0.0389577
-0.0323615
-0.0173807
0.0094082
0.0438162
0.0767575
0.1022895
0.1231077
0.1466166
0.1759815
0.2073773
0.2362610
0.2637814
0.2956011
0.3355554
0.3814013
0.4264162
0.4651950
0.4982204
0.5299681
0.5620557
0.5901137
0.6092491
0.6210484
0.6321453
0.6454977
0.6549632
0.6494882
0.6227344
0.5792288
0.5311565
0.4877076
0.4470097
0.4001116
0.3434828
0.2851944
0.2369194
0.2015419
0.1710299
0.1359431
0.0950478
0.0553687
0.0241535
0.0020227
-0.0153932
-0.0300054
-0.0385055
-0.0391593
-0.0387314
-0.0476088
-0.0671152
-0.0857156
-0.0907618
-0.0825127
-0.0740803
-0.0775675
-0.0916659
-0.1036157
-0.1031118
-0.0931151
-0.0855644
-0.0871573
-0.0925889
-0.0932243
-0.0889660
-0.0874633
-0.0926875
-0.0988732
-0.0975758
-0.0884065
-0.0802748
-0.0817653
-0.0914935
-0.0995113
-0.0988815
-0.0941628
-0.0958324
-0.1067837
-0.1180517
-0.1196195
-0.1125926
-0.1076391
-0.1124042
-0.1232916
-0.1302357
-0.1280091
-0.1214494
-0.1191374
-0.1226684
-0.1241509
-0.1155055
-0.0984376
-0.0826383
-0.0750372
-0.0741664
-0.0754350
-0.0781338
-0.0843775
-0.0926972
-0.0963456
-0.0900994
-0.0782638
-0.0733529
-0.0840426
-0.1045279
-0.1190457
-0.1187573
-0.1116301
-0.1127914
-0.1268658
-0.1436993
-0.1515102
-0.1503981
-0.1506331
-0.1595582
-0.1734314
-0.1831661
-0.1859241
-0.1876351
-0.1932791
-0.1984229
-0.1945674
-0.1815016
-0.1687857
-0.1633051
-0.1602744
-0.1507478
-0.1350674
-0.1227606
-0.1179822
-0.1098879
-0.0818747
-0.0291279
0.0386461
0.1155666
0.2170048
0.3701155
0.5819150
0.8192626
1.0241885
1.1468321
1.1600381
1.0486864
0.8028542
0.4368229
0.0144321
-0.3592873
-0.5900480
-0.6507514
-0.5915206
-0.4939057
-0.4124817
-0.3546903
-0.3054996
-0.2590810
-0.2237834
-0.2060415
-0.2007800
-0.1988871
-0.1972952
-0.1975087
-0.1974272
-0.1902549
-0.1731098
-0.1534700
-0.1430506
-0.1448293
-0.1493613
-0.1460511
-0.1354676
-0.1267661
-0.1241953
-0.1213220
-0.1103162
-0.0928599
-0.0781334
-0.0715387
-0.0691348
-0.0637766
-0.0539596
-0.0442181
-0.0373190
-0.0288519
-0.0117773
0.0145127
0.0425522
0.0650039
0.0819704
0.0984871
0.1172247
0.1368623
0.1567107
0.1793283
0.2075004
0.2407157
0.2759323
0.3107186
0.3444112
0.3766384
0.4062320
0.4328067
0.4591315
0.4898944
0.5262798
0.5626723
0.5912162
0.6097556
0.6226699
0.6329425
0.6361801
0.6251084
0.5989411
0.5655527
0.5335996
0.5038271
0.4693981
0.4246963
0.3725137
0.3212374
0.2755210
0.2323376
0.1875706
0.1440183
0.1095217
0.0875358
0.0726766
0.0565624
0.0359310
0.0137590
-0.0058557
-0.0217413
-0.0348232
-0.0453083
-0.0523887
-0.0566714
-0.0610858
-0.0677401
-0.0746538
-0.0778826
-0.0770951
-0.0765887
-0.0795752
-0.0836273
-0.0838969
-0.0795724
-0.0747266
-0.0730152
-0.0737952
-0.0743741
-0.0747137
-0.0780695
-0.0862523
-0.0951278
-0.0968335
-0.0878311
-0.0739024
-0.0653684
-0.0672530
-0.0753871
-0.0820498
-0.0837157
-0.0827164
-0.0828495
-0.0848174
-0.0859764
-0.0840169
-0.0803682
-0.0791353
-0.0822465
-0.0865886
-0.0869999
-0.0815069
-0.0723930
-0.0624831
-0.0518953
-0.0389416
-0.0235141
-0.0090174
-0.0005871
-0.0006214
-0.0057539
-0.0092476
-0.0074955
-0.0039570
-0.0058509
-0.0166696
-0.0319231
-0.0422769
-0.0416910
-0.0336164
-0.0288248
-0.0354739
-0.0509368
-0.0648334
-0.0704829
-0.0715302
-0.0761309
-0.0863761
-0.0959533
-0.0982356
-0.0943757
-0.0916143
-0.0941780
-0.0982530
-0.0976246
-0.0927845
-0.0907778
-0.0947077
-0.0967308
-0.0855306
-0.0604165
-0.0343002
-0.0208342
-0.0201933
-0.0190953
-0.0035582
0.0310799
0.0838341
0.1596197
0.2726845
0.4341491
0.6343106
0.8378873
0.9971738
1.0698118
1.0270832
0.8547594
0.5587156
0.1775001
-0.2133648
-0.5221265
-0.6828159
-0.6905263
-0.6001374
-0.4865889
-0.3985620
-0.3422837
-0.3015075
-0.2661409
-0.2405708
-0.2304531
-0.2295849
-0.2235833
-0.2050367
-0.1817627
-0.1683608
-0.1703625
-0.1785696
-0.1794492
-0.1693101
-0.1566521
-0.1515985
-0.1553129
-0.1601854
-0.1586025
-0.1500599
-0.1399976
-0.1330255
-0.1286014
-0.1236979
-0.1182454
-0.1154917
-0.1163492
-0.1156777
-0.1066304
-0.0884697
-0.0682379
-0.0540201
-0.0472975
-0.0422969
-0.0321964
-0.0152140
0.0054430
0.0267682
0.0497397
0.0773680
0.1101002
0.1447299
0.1777581
0.2084467
0.2383323
0.2691033
0.3016483
0.3361543
0.3721095
0.4084819
0.4444368
0.4796297
0.5133178
0.5432200
0.5656790
0.5776255
0.5791543
0.5741323
0.5670275
0.5581243
0.5424236
0.5143251
0.4732749
0.4241525
0.3726096
0.3212102
0.2700738
0.2198170
0.1726369
0.1305436
0.0933843
0.0594749
0.0282783
0.0014597
-0.0196642
-0.0369638
-0.0539552
-0.0711386
-0.0847112
-0.0912421
-0.0926907
-0.0953665
-0.1040968
-0.1183162
-0.1335741
-0.1456146
-0.1526107
-0.1546464
-0.1527560
-0.1490919
-0.1468592
-0.1483000
-0.1524318
-0.1561461
-0.1581548
-0.1603483
-0.1640382
-0.1664986
-0.1638148
-0.1568249
-0.1513868
-0.1516504
-0.1552763
-0.1574340
-0.1583058
-0.1634913
-0.1758595
-0.1892801
-0.1934713
-0.1854062
-0.1734586
-0.1685409
-0.1727507
-0.1792617
-0.1824462
-0.1842063
-0.1888950
-0.1953704
-0.1976987
-0.1927794
-0.1836966
-0.1747468
-0.1661965
-0.1564549
-0.1478543
-0.1463430
-0.1536331
-0.1618845
-0.1597597
-0.1446524
-0.1267383
-0.1192851
-0.1261862
-0.1405827
-0.1541370
-0.1643625
-0.1725804
-0.1783789
-0.1794078
-0.1760735
-0.1735708
-0.1777168
-0.1894192
-0.2041880
-0.2167034
-0.2247139
-0.2284966
-0.2284826
-0.2253151
-0.2214526
-0.2199716
-0.2207815
-0.2200697
-0.2153277
-0.2095530
-0.2078450
-0.2099324
-0.2088630
-0.1986608
-0.1814435
-0.1642060
-0.1486045
-0.1267669
-0.0888126
-0.0317503
0.0435825
0.1442995
0.2874275
0.4826519
0.7115843
0.9271891
1.0746416
1.1110276
1.0086872
0.7549934
0.3679891
-0.0816131
-0.4779465
-0.7139137
-0.7565949
-0.6648096
-0.5387080
-0.4468327
-0.3957365
-0.3589002
-0.3214384
-0.2918843
-0.2802267
-0.2793927
-0.2735775
-0.2578428
-0.2416334
-0.2339785
-0.2321552
-0.2279274
-0.2203354
-0.2163360
-0.2189542
-0.2205136
-0.2114978
-0.1936965
-0.1796711
-0.1783679
-0.1848694
-0.1867588
-0.1784985
-0.1663284
-0.1593220
-0.1588176
-0.1582728
-0.1516323
-0.1391378
-0.1248657
-0.1111909
-0.0977347
-0.0845721
-0.0732858
-0.0635013
-0.0504211
-0.0283960
0.0030855
0.0386901
0.0726814
0.1034204
0.1320577
0.1591507
0.1851242
0.2134306
0.2497889
0.2957596
0.3441107
0.3837201
0.4106064
0.4324976
0.4603553
0.4959133
0.5298915
0.5527615
0.5645317
0.5719508
0.5779704
0.5774610
0.5638627
0.5371822
0.5031197
0.4655140
0.4226801
0.3722592
0.3175859
0.2666234
0.2244434
0.1887446
0.1538245
0.1174729
0.0821973
0.0505336
0.0218194
-0.0054491
-0.0299871
-0.0485296
-0.0600085
-0.0672912
-0.0743286
-0.0828727
-0.0930316
-0.1059140
-0.1231530
-0.1426864
-0.1570044
-0.1587596
-0.1489141
-0.1371342
-0.1322552
-0.1335043
-0.1333811
-0.1286743
-0.1252535
-0.1299609
-0.1400178
-0.1445702
-0.1378872
-0.1280044
-0.1289170
-0.1445962
-0.1640208
-0.1734735
-0.1711930
-0.1669867
-0.1686909
-0.1732083
-0.1722395
-0.1633164
-0.1516112
-0.1422915
-0.1356176
-0.1309269
-0.1314597
-0.1407580
-0.1548273
-0.1626444
-0.1576080
-0.1466660
-0.1443289
-0.1569499
-0.1754995
-0.1852170
-0.1801867
-0.1661574
-0.1509705
-0.1367286
-0.1225800
-0.1109859
-0.1064221
-0.1081367
-0.1088225
-0.1035271
-0.0977013
-0.1019890
-0.1180682
-0.1333646
-0.1334208
-0.1185562
-0.1044700
-0.1052341
-0.1189239
-0.1329611
-0.1415088
-0.1523155
-0.1743241
-0.2023288
-0.2191339
-0.2137227
-0.1936745
-0.1769713
-0.1734960
-0.1781496
-0.1815121
-0.1818547
-0.1828500
-0.1826963
-0.1728158
-0.1503542
-0.1273239
-0.1206354
-0.1318126
-0.1412457
-0.1265090
-0.0845611
-0.0308270
0.0250837
0.0982229
0.2175840
0.3957257
0.6111752
0.8198438
0.9777609
1.0488704
0.9983755
0.7972568
0.4506651
0.0248566
-0.3664029
-0.6201677
-0.7029959
-0.6593212
-0.5654115
-0.4747217
-0.4007800
-0.3387247
-0.2896552
-0.2609669
-0.2517243
-0.2484347
-0.2379556
-0.2200676
-0.2039861
-0.1950224
-0.1891012
-0.1804647
-0.1703968
-0.1652111
-0.1672067
-0.1709600
-0.1690193
-0.1590263
-0.1444605
-0.1307636
-0.1227929
-0.1241111
-0.1343992
-0.1459530
-0.1459067
-0.1262491
-0.0926692
-0.0612499
-0.0444680
-0.0407198
-0.0382970
-0.0285047
-0.0129577
0.0016846
0.0131550
0.0254078
