-0.0150406
-0.0253800
-0.0300302
-0.0356238
-0.0473602
-0.0613294
-0.0679128
-0.0628942
-0.0530801
-0.0492591
-0.0544452
-0.0613346
-0.0620589
-0.0583415
-0.0593809
-0.0696656
-0.0816464
-0.0829679
-0.0705514
-0.0550810
-0.0502117
-0.0585853
-0.0703882
-0.0753563
-0.0736418
-0.0732617
-0.0786013
-0.0848173
-0.0846505
-0.0782862
-0.0735481
-0.0764436
-0.0842336
-0.0895674
-0.0899845
-0.0905084
-0.0962150
-0.1046105
-0.1078600
-0.1022250
-0.0928180
-0.0877750
-0.0893236
-0.0927708
-0.0939277
-0.0947883
-0.1000212
-0.1090723
-0.1146203
-0.1102853
-0.0986625
-0.0896164
-0.0900617
-0.0968042
-0.1008134
-0.0979757
-0.0937161
-0.0961355
-0.1058804
-0.1147126
-0.1144164
-0.1056369
-0.0964689
-0.0926243
-0.0908020
-0.0831002
-0.0672217
-0.0501828
-0.0409006
-0.0404538
-0.0416075
-0.0378084
-0.0304462
-0.0258701
-0.0266811
-0.0286471
-0.0269224
-0.0230870
-0.0233221
-0.0295460
-0.0351665
-0.0321964
-0.0219555
-0.0156903
-0.0228802
-0.0404576
-0.0560354
-0.0617726
-0.0626939
-0.0698330
-0.0864904
-0.1036978
-0.1098558
-0.1030914
-0.0923761
-0.0871016
-0.0878858
-0.0885419
-0.0849559
-0.0792177
-0.0750520
-0.0719540
-0.0657208
-0.0536604
-0.0372429
-0.0194981
-0.0011053
0.0210497
0.0538077
0.1082420
0.1988835
0.3380489
0.5267303
0.7492859
0.9761447
1.1691134
1.2819339
1.2608745
1.0606781
0.6795192
0.1885214
-0.2799044
-0.5929631
-0.6899620
-0.6112770
-0.4611080
-0.3352864
-0.2707320
-0.2483262
-0.2329279
-0.2088054
-0.1842403
-0.1727137
-0.1754969
-0.1811534
-0.1779008
-0.1646630
-0.1509249
-0.1468167
-0.1533479
-0.1619864
-0.1635293
-0.1569883
-0.1494492
-0.1475382
-0.1500376
-0.1497969
-0.1427449
-0.1335349
-0.1306850
-0.1362584
-0.1423983
-0.1396806
-0.1279585
-0.1166955
-0.1140472
-0.1173812
-0.1161477
-0.1035162
-0.0834279
-0.0655541
-0.0546300
-0.0466263
-0.0355825
-0.0218861
-0.0111837
-0.0053572
0.0022218
0.0199794
0.0476600
0.0752397
0.0932490
0.1027936
0.1139090
0.1342980
0.1611309
0.1848256
0.2002564
0.2127140
0.2321680
0.2627205
0.2990060
0.3324522
0.3592244
0.3813913
0.4018867
0.4202682
0.4337974
0.4416938
0.4470642
0.4536847
0.4606793
0.4613119
0.4483978
0.4213726
0.3874427
0.3552529
0.3274860
0.2998367
0.2671483
0.2302726
0.1963171
0.1714414
0.1535370
0.1332680
0.1033351
0.0662815
0.0322467
0.0091435
-0.0041989
-0.0152489
-0.0291689
-0.0437714
-0.0530886
-0.0553269
-0.0560213
-0.0622230
-0.0740392
-0.0837799
-0.0845068
-0.0783783
-0.0749258
-0.0808714
-0.0926889
-0.1000961
-0.0968743
-0.0875179
-0.0824744
-0.0870829
-0.0965685
-0.1026195
-0.1033469
-0.1045361
-0.1111928
-0.1203274
-0.1238255
-0.1177260
-0.1070790
-0.1011797
-0.1046358
-0.1137363
-0.1214693
-0.1251042
-0.1277766
-0.1329238
-0.1389461
-0.1406510
-0.1353782
-0.1264643
-0.1204489
-0.1211985
-0.1265462
-0.1304597
-0.1290659
-0.1249792
-0.1249705
-0.1324686
-0.1427312
-0.1465586
-0.1392620
-0.1256562
-0.1158308
-0.1158396
-0.1226248
-0.1283428
-0.1293796
-0.1298187
-0.1352214
-0.1444397
-0.1499861
-0.1466941
-0.1377572
-0.1307649
-0.1289876
-0.1284086
-0.1233297
-0.1133324
-0.1035124
-0.0981123
-0.0953745
-0.0899591
-0.0799830
-0.0697529
-0.0646774
-0.0649669
-0.0659911
-0.0641874
-0.0608793
-0.0601767
-0.0644255
-0.0721050
-0.0792928
-0.0827385
-0.0821519
-0.0802690
-0.0808794
-0.0863796
-0.0963371
-0.1077236
-0.1170194
-0.1231575
-0.1282802
-0.1344636
-0.1398967
-0.1402612
-0.1348292
-0.1294417
-0.1311761
-0.1399317
-0.1469414
-0.1430315
-0.1284964
-0.1137213
-0.1085624
-0.1108845
-0.1072227
-0.0859653
-0.0481916
-0.0025039
0.0511545
0.1295499
0.2550602
0.4352706
0.6524744
0.8708401
1.0509300
1.1565391
1.1522955
1.0064482
0.7105742
0.3049845
-0.1189046
-0.4544959
-0.6339056
-0.6591845
-0.5879915
-0.4889588
-0.4037000
-0.3403176
-0.2924453
-0.2581236
-0.2408085
-0.2387766
-0.2412758
-0.2377246
-0.2278301
-0.2196794
-0.2187195
-0.2212532
-0.2193871
-0.2105962
-0.2005605
-0.1963240
-0.1981201
-0.1998463
-0.1976137
-0.1951721
-0.1985105
-0.2063181
-0.2092180
-0.1997348
-0.1812390
-0.1652942
-0.1603347
-0.1637191
-0.1650270
-0.1569398
-0.1425181
-0.1312646
-0.1282599
-0.1285638
-0.1230885
-0.1087478
-0.0912570
-0.0782869
-0.0713111
-0.0646180
-0.0517105
-0.0321151
-0.0114298
0.0056252
0.0212981
0.0423413
0.0714955
0.1034860
0.1306153
0.1508528
0.1687867
0.1893662
0.2126107
0.2350065
0.2550582
0.2760278
0.3021938
0.3326414
0.3604865
0.3795896
0.3909477
0.4004289
0.4105298
0.4167805
0.4132914
0.4003715
0.3851253
0.3743810
0.3673544
0.3556386
0.3312196
0.2949090
0.2559663
0.2226640
0.1943384
0.1641694
0.1290078
0.0943016
0.0685779
0.0540658
0.0438455
0.0287108
0.0067687
-0.0146848
-0.0277857
-0.0336382
-0.0409550
-0.0550090
-0.0707494
-0.0788221
-0.0767187
-0.0713705
-0.0709021
-0.0760287
-0.0807557
-0.0807105
-0.0789563
-0.0821217
-0.0911740
-0.0985468
-0.0963987
-0.0863987
-0.0784910
-0.0797679
-0.0870094
-0.0913360
-0.0886485
-0.0839372
-0.0854910
-0.0955451
-0.1070070
-0.1099976
-0.1019325
-0.0903146
-0.0848924
-0.0880642
-0.0941772
-0.0973141
-0.0977582
-0.1003217
-0.1073533
-0.1144094
-0.1137607
-0.1030522
-0.0897892
-0.0850034
-0.0918011
-0.1022983
-0.1072778
-0.1068157
-0.1087110
-0.1171336
-0.1260014
-0.1254480
-0.1139590
-0.1017926
-0.1006239
-0.1104115
-0.1193248
-0.1180419
-0.1111731
-0.1107375
-0.1196137
-0.1267806
-0.1210065
-0.1053265
-0.0937438
-0.0944126
-0.1000397
-0.0968851
-0.0813794
-0.0644454
-0.0582166
-0.0613628
-0.0614990
-0.0516026
-0.0388086
-0.0340567
-0.0371497
-0.0377391
-0.0303859
-0.0227352
-0.0256687
-0.0382394
-0.0467577
-0.0399558
-0.0227821
-0.0123059
-0.0194975
-0.0376990
-0.0514887
-0.0550360
-0.0573144
-0.0686270
-0.0865950
-0.0990056
-0.0985200
-0.0906107
-0.0863576
-0.0899121
-0.0951331
-0.0943797
-0.0884209
-0.0850515
-0.0878380
-0.0897883
-0.0812633
-0.0622800
-0.0426585
-0.0296582
-0.0192930
-0.0013650
0.0307363
0.0796513
0.1531144
0.2684774
0.4420581
0.6696492
0.9163339
1.1260545
1.2415688
1.2181074
1.0295334
0.6805823
0.2261118
-0.2274807
-0.5609851
-0.7046275
-0.6752018
-0.5552138
-0.4316074
-0.3457171
-0.2910137
-0.2478477
-0.2127379
-0.1948211
-0.1940557
-0.1945630
-0.1818903
-0.1601384
-0.1464692
-0.1505721
-0.1640856
-0.1707645
-0.1640412
-0.1524338
-0.1482414
-0.1532384
-0.1576507
-0.1527312
-0.1409072
-0.1313573
-0.1282360
-0.1273232
-0.1237538
-0.1187131
-0.1164820
-0.1171230
-0.1148177
-0.1040286
-0.0865979
-0.0714941
-0.0661585
-0.0683373
-0.0684965
-0.0607272
-0.0485473
-0.0382462
-0.0292356
-0.0145905
0.0092926
0.0367086
0.0577537
0.0687269
0.0765611
0.0921652
0.1189458
0.1490795
0.1727450
0.1898757
0.2097083
0.2386872
0.2724710
0.3016384
0.3224186
0.3388635
0.3556479
0.3720615
0.3846722
0.3947852
0.4103088
0.4372047
0.4691947
0.4900578
0.4893572
0.4737141
0.4586097
0.4500247
0.4386993
0.4134208
0.3759038
0.3393712
0.3136443
0.2946131
0.2698573
0.2337195
0.1941945
0.1631031
0.1415440
0.1194157
0.0897153
0.0583215
0.0362979
0.0257327
0.0178649
0.0046245
-0.0120542
-0.0239175
-0.0273557
-0.0283566
-0.0356236
-0.0495854
-0.0607391
-0.0606193
-0.0524811
-0.0479019
-0.0535201
-0.0648470
-0.0735482
-0.0768232
-0.0774497
-0.0774215
-0.0750251
-0.0683056
-0.0594790
-0.0542490
-0.0559212
-0.0610422
-0.0633194
-0.0624440
-0.0657099
-0.0781574
-0.0936172
-0.0997681
-0.0918291
-0.0778743
-0.0700153
-0.0727660
-0.0809396
-0.0871098
-0.0893316
-0.0911463
-0.0948354
-0.0970613
-0.0935088
-0.0865171
-0.0839653
-0.0896342
-0.0984689
-0.1036038
-0.1049769
-0.1078023
-0.1142935
-0.1204373
-0.1212136
-0.1168435
-0.1126028
-0.1125964
-0.1147437
-0.1136430
-0.1086484
-0.1061342
-0.1112048
-0.1196015
-0.1220706
-0.1159259
-0.1076778
-0.1035051
-0.1014179
-0.0952575
-0.0838251
-0.0728252
-0.0676327
-0.0659607
-0.0596892
-0.0450463
-0.0293400
-0.0239854
-0.0303091
-0.0365577
-0.0319421
-0.0204063
-0.0159492
-0.0252101
-0.0388897
-0.0417277
-0.0291471
-0.0127263
-0.0090849
-0.0234736
-0.0453263
-0.0608827
-0.0680360
-0.0753203
-0.0876538
-0.0989887
-0.1012570
-0.0959370
-0.0924503
-0.0968019
-0.1055848
-0.1115338
-0.1125519
-0.1132145
-0.1169645
-0.1187947
-0.1094195
-0.0878500
-0.0656697
-0.0547675
-0.0531630
-0.0477439
-0.0296689
-0.0007682
0.0374608
0.0967140
0.1988474
0.3583697
0.5672989
0.7957754
1.0050429
1.1564907
1.2077940
1.1105563
0.8321191
0.3964252
-0.0963864
-0.5053765
-0.7232005
-0.7339235
-0.6106764
-0.4585771
-0.3491198
-0.2934617
-0.2652195
-0.2409144
-0.2182106
-0.2043592
-0.1996711
-0.1969943
-0.1918691
-0.1871239
-0.1875913
-0.1929455
-0.1965133
-0.1912517
-0.1772812
-0.1624331
-0.1540534
-0.1519067
-0.1513854
-0.1515429
-0.1556789
-0.1642659
-0.1715240
-0.1706841
-0.1607813
-0.1473230
-0.1370547
-0.1319587
-0.1279938
-0.1206249
-0.1112767
-0.1054798
-0.1040286
-0.1001047
-0.0877814
-0.0697830
-0.0530337
-0.0391245
-0.0238070
-0.0051607
0.0121223
0.0222920
0.0268930
0.0358489
0.0587083
0.0940140
0.1291932
0.1534435
0.1692377
0.1876681
0.2138510
0.2420297
0.2652994
0.2846266
0.3058259
0.3314832
0.3588805
0.3839294
0.4047880
0.4221337
0.4367867
0.4472947
0.4511394
0.4490597
0.4457002
0.4435520
0.4382605
0.4229918
0.3961990
0.3624771
0.3272446
0.2933266
0.2612825
0.2300570
0.1980880
0.1660020
0.1372036
0.1139659
0.0941786
0.0735335
0.0497450
0.0240069
0.0004610
-0.0153308
-0.0207661
-0.0205990
-0.0239381
-0.0350514
-0.0496566
-0.0616055
-0.0702040
-0.0789283
-0.0892077
-0.0976339
-0.0986825
-0.0900967
-0.0767665
-0.0682259
-0.0699532
-0.0779940
-0.0844142
-0.0862683
-0.0860004
-0.0852192
-0.0830305
-0.0798997
-0.0783182
-0.0790088
-0.0801237
-0.0808991
-0.0832115
-0.0886370
-0.0955907
-0.0997447
-0.0970949
-0.0881129
-0.0792813
-0.0779544
-0.0847616
-0.0939610
-0.1018604
-0.1104133
-0.1206622
-0.1278362
-0.1271308
-0.1210518
-0.1167155
-0.1175054
-0.1206693
-0.1221888
-0.1215998
-0.1220343
-0.1259521
-0.1305637
-0.1292581
-0.1199200
-0.1096675
-0.1071337
-0.1114769
-0.1142534
-0.1117515
-0.1096263
-0.1139202
-0.1223287
-0.1269512
-0.1231850
-0.1141390
-0.1071840
-0.1061859
-0.1067750
-0.1011220
-0.0880373
-0.0746571
-0.0661592
-0.0587598
-0.0473562
-0.0358567
-0.0332605
-0.0406939
-0.0482578
-0.0459616
-0.0347329
-0.0253900
-0.0272937
-0.0379632
-0.0451502
-0.0414512
-0.0348309
-0.0393967
-0.0564206
-0.0718330
-0.0748145
-0.0718810
-0.0775256
-0.0952455
-0.1135440
-0.1197813
-0.1141756
-0.1088227
-0.1131956
-0.1220810
-0.1215782
-0.1082575
-0.0962717
-0.0994732
-0.1109712
-0.1095954
-0.0862893
-0.0555975
-0.0384545
-0.0395607
-0.0449597
-0.0375811
-0.0100831
0.0384144
0.1154440
0.2389935
0.4215902
0.6500708
0.8861112
1.0857760
1.2093945
1.2120584
1.0449875
0.6922034
0.2142120
-0.2559870
-0.5787677
-0.6885334
-0.6252599
-0.4931602
-0.3827330
-0.3215359
-0.2879446
-0.2584971
-0.2330299
-0.2209014
-0.2201536
-0.2182977
-0.2069748
-0.1893260
-0.1752064
-0.1720833
-0.1785700
-0.1855822
-0.1855892
-0.1801758
-0.1761419
-0.1761342
-0.1769723
-0.1753900
-0.1710845
-0.1655172
-0.1615137
-0.1620283
-0.1655712
-0.1656460
-0.1589100
-0.1507457
-0.1478782
-0.1482870
-0.1436516
-0.1300325
-0.1119169
-0.0972591
-0.0914150
-0.0935251
-0.0961954
-0.0912385
-0.0775086
-0.0602154
-0.0423913
-0.0223390
-0.0003488
0.0189004
0.0335788
0.0485702
0.0687013
0.0925319
0.1155651
0.1359527
0.1554313
0.1779684
0.2075779
0.2433961
0.2774950
0.3022352
0.3189038
0.3343392
0.3509624
0.3662490
0.3804539
0.3977039
0.4190311
0.4395652
0.4528517
0.4546774
0.4445874
0.4272282
0.4093130
0.3915202
0.3671282
0.3326374
0.2950216
0.2633813
0.2377963
0.2118738
0.1825075
0.1517717
0.1221042
0.0940732
0.0668913
0.0391872
0.0124416
-0.0063323
-0.0114522
-0.0090314
-0.0132427
-0.0297579
-0.0496595
-0.0622124
-0.0669825
-0.0705579
-0.0772938
-0.0861079
-0.0920658
-0.0902014
-0.0818599
-0.0760807
-0.0794640
-0.0868953
-0.0888751
-0.0855722
-0.0857332
-0.0931164
-0.1018569
-0.1049291
-0.1010068
-0.0938434
-0.0897090
-0.0930387
-0.1002238
-0.1017186
-0.0949981
-0.0901140
-0.0966055
-0.1102611
-0.1192471
-0.1186227
-0.1128220
-0.1082466
-0.1087003
-0.1139593
-0.1188873
-0.1184520
-0.1157554
-0.1187789
-0.1274601
-0.1321330
-0.1274911
-0.1197354
-0.1165614
-0.1178557
-0.1195132
-0.1195370
-0.1181301
-0.1179213
-0.1241405
-0.1373819
-0.1474932
-0.1436781
-0.1300326
-0.1218393
-0.1266406
-0.1374530
-0.1440467
-0.1429146
-0.1370698
-0.1328670
-0.1347840
-0.1375730
-0.1284930
-0.1041155
-0.0786205
-0.0673043
-0.0683274
-0.0695125
-0.0664724
-0.0640702
-0.0650800
-0.0667387
-0.0653970
-0.0588540
-0.0484442
-0.0417221
-0.0455644
-0.0541745
-0.0541477
-0.0447994
-0.0416783
-0.0548494
-0.0751066
-0.0875751
-0.0889888
-0.0865393
-0.0886905
-0.1003952
-0.1185066
-0.1305884
-0.1276409
-0.1174854
-0.1151112
-0.1217985
-0.1259346
-0.1220850
-0.1156950
-0.1104662
-0.1043654
-0.0970295
-0.0894840
-0.0789359
-0.0642126
-0.0511238
-0.0406354
-0.0170032
0.0410383
0.1426801
0.2867764
0.4698863
0.6790180
0.8835005
1.0441558
1.1229099
1.0798499
0.8826338
0.5402206
0.1217700
-0.2709321
-0.5509015
-0.6754839
-0.6566156
-0.5547965
-0.4442641
-0.3662774
-0.3185868
-0.2862731
-0.2637536
-0.2464922
-0.2262995
-0.2041668
-0.1904651
-0.1871957
-0.1858709
-0.1836928
-0.1842569
-0.1839550
-0.1769537
-0.1702523
-0.1732391
-0.1773443
-0.1680017
-0.1507114
-0.1424628
-0.1442443
-0.1448292
-0.1434259
-0.1457879
-0.1475097
-0.1429936
-0.1391726
-0.1400149
-0.1333442
-0.1137303
-0.0987982
-0.1006586
-0.1030947
-0.0901359
-0.0735515
-0.0686127
-0.0673796
-0.0581406
-0.0449427
-0.0288004
-0.0001850
0.0329534
0.0458897
0.0419381
0.0552488
0.0931193
0.1222377
0.1287930
0.1409053
0.1739131
0.2076011
0.2335909
0.2673690
0.3012312
0.3098608
0.3103598
0.3425886
0.3867564
0.3892553
0.3712675
0.4028413
0.4642050
0.4656805
0.4225621
0.4487900
0.5281547
0.4721975
0.2056167
