0.0665761
0.0622994
0.0062720
-0.0144088
0.0064760
0.0111234
-0.0167854
-0.0384403
-0.0355786
-0.0325255
-0.0446377
-0.0581416
-0.0634245
-0.0664261
-0.0661158
-0.0557412
-0.0451127
-0.0505858
-0.0658079
-0.0706064
-0.0645801
-0.0649417
-0.0751715
-0.0813594
-0.0772310
-0.0708280
-0.0684175
-0.0696406
-0.0750408
-0.0832660
-0.0861502
-0.0799189
-0.0742866
-0.0782075
-0.0851176
-0.0844131
-0.0785341
-0.0765037
-0.0789078
-0.0806120
-0.0808361
-0.0809643
-0.0797835
-0.0785243
-0.0823738
-0.0903696
-0.0928254
-0.0852608
-0.0761172
-0.0747514
-0.0800393
-0.0857544
-0.0891782
-0.0903106
-0.0900151
-0.0915873
-0.0968948
-0.1002414
-0.0945899
-0.0841303
-0.0810496
-0.0886685
-0.0968000
-0.0952179
-0.0838152
-0.0686492
-0.0552458
-0.0463363
-0.0401425
-0.0314428
-0.0193049
-0.0110176
-0.0125672
-0.0188331
-0.0201172
-0.0153444
-0.0119544
-0.0151042
-0.0227997
-0.0292379
-0.0283786
-0.0179160
-0.0045071
-0.0010397
-0.0135450
-0.0338912
-0.0492888
-0.0555781
-0.0581336
-0.0638871
-0.0754885
-0.0892701
-0.0966567
-0.0919346
-0.0803311
-0.0735410
-0.0758089
-0.0797536
-0.0774375
-0.0699243
-0.0637240
-0.0624377
-0.0636596
-0.0604963
-0.0460654
-0.0208242
0.0052868
0.0240200
0.0436097
0.0883827
0.1820688
0.3320401
0.5259680
0.7379304
0.9373359
1.0943988
1.1765778
1.1426554
0.9543924
0.6104370
0.1727758
-0.2485839
-0.5486044
-0.6784208
-0.6601451
-0.5610251
-0.4487439
-0.3591747
-0.2958727
-0.2513497
-0.2222889
-0.2069158
-0.1990432
-0.1920125
-0.1851069
-0.1814365
-0.1814620
-0.1816529
-0.1781518
-0.1702384
-0.1615806
-0.1579689
-0.1612161
-0.1657044
-0.1643065
-0.1573136
-0.1516631
-0.1514905
-0.1534865
-0.1519320
-0.1447564
-0.1342776
-0.1249532
-0.1203617
-0.1197714
-0.1182245
-0.1123665
-0.1048563
-0.1002290
-0.0979052
-0.0924773
-0.0799329
-0.0610124
-0.0395863
-0.0198788
-0.0037332
0.0113718
0.0297833
0.0515334
0.0713404
0.0859218
0.0997254
0.1206235
0.1514307
0.1875437
0.2214652
0.2485172
0.2699679
0.2914737
0.3167315
0.3427783
0.3642643
0.3820492
0.4034569
0.4327583
0.4647724
0.4897003
0.5022286
0.5048241
0.5037627
0.5024581
0.4976099
0.4826571
0.4564067
0.4262825
0.4002407
0.3772381
0.3494922
0.3133417
0.2738259
0.2379930
0.2067647
0.1748523
0.1378113
0.0987699
0.0676064
0.0514668
0.0457983
0.0377845
0.0200740
-0.0019380
-0.0183996
-0.0271565
-0.0342704
-0.0445350
-0.0554033
-0.0605915
-0.0577626
-0.0519373
-0.0510490
-0.0575469
-0.0655360
-0.0682399
-0.0670480
-0.0696081
-0.0790773
-0.0893615
-0.0924788
-0.0875952
-0.0808897
-0.0783982
-0.0806364
-0.0834184
-0.0831348
-0.0811970
-0.0823035
-0.0877176
-0.0924577
-0.0913185
-0.0858009
-0.0820279
-0.0828921
-0.0855601
-0.0865931
-0.0866015
-0.0889688
-0.0953252
-0.1027642
-0.1055111
-0.1004377
-0.0912316
-0.0852830
-0.0857657
-0.0890243
-0.0907637
-0.0919263
-0.0961471
-0.1034549
-0.1093739
-0.1098390
-0.1052804
-0.0998929
-0.0975276
-0.0982031
-0.0990431
-0.0990791
-0.1012518
-0.1072183
-0.1117261
-0.1063897
-0.0897371
-0.0700333
-0.0566066
-0.0509018
-0.0477914
-0.0436928
-0.0407987
-0.0429887
-0.0488192
-0.0504905
-0.0417701
-0.0266470
-0.0168638
-0.0190570
-0.0271173
-0.0302150
-0.0262740
-0.0235125
-0.0290992
-0.0402243
-0.0480019
-0.0482798
-0.0465460
-0.0517054
-0.0656740
-0.0807600
-0.0885421
-0.0895910
-0.0912689
-0.0966487
-0.1002893
-0.0967107
-0.0888710
-0.0843870
-0.0852175
-0.0851562
-0.0780256
-0.0656329
-0.0555972
-0.0515454
-0.0472270
-0.0320925
-0.0020106
0.0391280
0.0905704
0.1644402
0.2797665
0.4459756
0.6527557
0.8717209
1.0605264
1.1645804
1.1256392
0.9060263
0.5194621
0.0446251
-0.3973111
-0.6956636
-0.8022928
-0.7473505
-0.6097293
-0.4675344
-0.3637452
-0.3025679
-0.2673652
-0.2417912
-0.2205250
-0.2062432
-0.2001300
-0.1973483
-0.1914318
-0.1807487
-0.1693117
-0.1622303
-0.1611107
-0.1629766
-0.1631922
-0.1601802
-0.1570448
-0.1572458
-0.1591982
-0.1574255
-0.1493257
-0.1385100
-0.1305932
-0.1275695
-0.1273801
-0.1272838
-0.1258683
-0.1222583
-0.1150352
-0.1031393
-0.0880255
-0.0737216
-0.0630114
-0.0539316
-0.0426238
-0.0300192
-0.0218874
-0.0195826
-0.0139889
0.0063088
0.0409700
0.0761876
0.0986590
0.1088871
0.1187730
0.1375660
0.1629522
0.1866870
0.2065912
0.2294085
0.2609545
0.2969434
0.3272828
0.3481099
0.3651307
0.3845286
0.4049935
0.4212302
0.4322175
0.4422721
0.4546881
0.4672456
0.4745363
0.4730101
0.4628035
0.4456256
0.4227643
0.3961499
0.3698147
0.3471088
0.3255866
0.2977455
0.2596687
0.2173082
0.1809061
0.1536152
0.1289288
0.1001398
0.0695226
0.0459294
0.0341346
0.0286744
0.0193472
0.0022526
-0.0164097
-0.0285651
-0.0344544
-0.0415694
-0.0537390
-0.0654082
-0.0691188
-0.0658279
-0.0640034
-0.0690082
-0.0768374
-0.0798093
-0.0765613
-0.0738475
-0.0777852
-0.0852062
-0.0865558
-0.0779447
-0.0672649
-0.0654418
-0.0732499
-0.0807848
-0.0802277
-0.0751094
-0.0746305
-0.0813811
-0.0882254
-0.0874116
-0.0800547
-0.0745914
-0.0765115
-0.0822352
-0.0848402
-0.0838895
-0.0856233
-0.0929097
-0.0995131
-0.0978544
-0.0898127
-0.0848656
-0.0875230
-0.0914188
-0.0885978
-0.0817611
-0.0825462
-0.0964693
-0.1130429
-0.1152865
-0.0995989
-0.0820273
-0.0811456
-0.0967583
-0.1106669
-0.1090166
-0.0984666
-0.0964212
-0.1083156
-0.1201277
-0.1144124
-0.0900880
-0.0632913
-0.0495626
-0.0485644
-0.0482792
-0.0419453
-0.0360740
-0.0400559
-0.0518132
-0.0585916
-0.0516820
-0.0362637
-0.0250109
-0.0244976
-0.0302982
-0.0344684
-0.0350547
-0.0367270
-0.0429622
-0.0502334
-0.0520930
-0.0482937
-0.0468247
-0.0553585
-0.0724749
-0.0893967
-0.0995570
-0.1043409
-0.1092823
-0.1163475
-0.1212637
-0.1185752
-0.1086901
-0.0985985
-0.0945882
-0.0952851
-0.0941472
-0.0887453
-0.0843712
-0.0861612
-0.0894751
-0.0818942
-0.0562407
-0.0193018
0.0164149
0.0517992
0.1098687
0.2202560
0.3917209
0.6008337
0.8077818
0.9774508
1.0784842
1.0665605
0.8883035
0.5242173
0.0370897
-0.4316918
-0.7351684
-0.8113282
-0.7141468
-0.5588818
-0.4338907
-0.3569307
-0.3015365
-0.2487037
-0.2064424
-0.1888123
-0.1918814
-0.1970985
-0.1926963
-0.1838079
-0.1807673
-0.1833108
-0.1812216
-0.1691073
-0.1547784
-0.1498443
-0.1550294
-0.1595731
-0.1550606
-0.1452495
-0.1398153
-0.1413332
-0.1423261
-0.1351039
-0.1214762
-0.1107992
-0.1092098
-0.1128699
-0.1129855
-0.1062991
-0.0980474
-0.0937930
-0.0909480
-0.0812984
-0.0613299
-0.0370477
-0.0174172
-0.0048281
0.0061912
0.0213673
0.0397891
0.0560092
0.0685705
0.0840402
0.1101374
0.1453321
0.1785072
0.2008430
0.2160856
0.2361464
0.2667412
0.3001697
0.3240069
0.3359412
0.3477628
0.3732112
0.4123666
0.4501054
0.4712804
0.4760336
0.4778355
0.4869225
0.4988711
0.5010736
0.4881799
0.4680119
0.4519655
0.4418760
0.4283758
0.4020841
0.3644074
0.3254507
0.2920168
0.2607807
0.2249954
0.1855030
0.1513518
0.1291905
0.1151389
0.0992847
0.0770395
0.0536614
0.0368545
0.0264698
0.0138989
-0.0073671
-0.0323172
-0.0483238
-0.0489602
-0.0415877
-0.0394448
-0.0475725
-0.0589080
-0.0641175
-0.0627975
-0.0631551
-0.0711762
-0.0822583
-0.0855182
-0.0764520
-0.0632030
-0.0582955
-0.0649808
-0.0743971
-0.0768173
-0.0731245
-0.0727808
-0.0812308
-0.0920811
-0.0934894
-0.0817577
-0.0666384
-0.0616614
-0.0697958
-0.0808928
-0.0840907
-0.0803589
-0.0800768
-0.0891360
-0.1011071
-0.1048841
-0.0979544
-0.0891521
-0.0880315
-0.0939713
-0.0980987
-0.0954470
-0.0919201
-0.0966775
-0.1092252
-0.1182812
-0.1149325
-0.1037494
-0.0975552
-0.1022892
-0.1107109
-0.1121161
-0.1054974
-0.1001952
-0.1038237
-0.1123677
-0.1143207
-0.1037343
-0.0864640
-0.0726052
-0.0652774
-0.0596376
-0.0518868
-0.0453527
-0.0458776
-0.0533040
-0.0601682
-0.0589419
-0.0492548
-0.0376036
-0.0307274
-0.0299057
-0.0314851
-0.0319401
-0.0313886
-0.0322787
-0.0359218
-0.0411608
-0.0458878
-0.0492106
-0.0525321
-0.0588396
-0.0700143
-0.0840052
-0.0955387
-0.1009636
-0.1019937
-0.1031501
-0.1054440
-0.1044477
-0.0961438
-0.0839646
-0.0775617
-0.0826950
-0.0931030
-0.0953100
-0.0830902
-0.0650447
-0.0546964
-0.0537363
-0.0491611
-0.0284502
0.0068769
0.0482360
0.0998863
0.1851728
0.3267210
0.5200160
0.7300224
0.9142815
1.0436645
1.0955203
1.0332797
0.8127226
0.4279075
-0.0454476
-0.4661960
-0.7075107
-0.7364943
-0.6238922
-0.4789048
-0.3717369
-0.3086050
-0.2647245
-0.2269547
-0.2024403
-0.1974360
-0.2021482
-0.2008920
-0.1906847
-0.1826780
-0.1858278
-0.1947946
-0.1966609
-0.1867455
-0.1738372
-0.1693336
-0.1740053
-0.1780519
-0.1737605
-0.1650500
-0.1621976
-0.1682695
-0.1740979
-0.1683830
-0.1512269
-0.1351141
-0.1316646
-0.1386428
-0.1418587
-0.1306341
-0.1101925
-0.0965876
-0.0987451
-0.1075208
-0.1047102
-0.0823072
-0.0504893
-0.0259989
-0.0147658
-0.0078268
0.0066098
0.0298035
0.0525140
0.0670274
0.0765498
0.0914076
0.1173621
0.1500605
0.1812687
0.2082614
0.2352185
0.2662994
0.2996484
0.3292677
0.3521816
0.3727016
0.3987276
0.4332321
0.4696462
0.4967529
0.5088303
0.5104917
0.5108618
0.5133151
0.5119274
0.4985034
0.4725619
0.4431851
0.4200511
0.4029765
0.3818151
0.3474790
0.3018889
0.2555830
0.2162533
0.1819628
0.1464106
0.1088572
0.0763682
0.0558327
0.0453002
0.0348858
0.0166416
-0.0073964
-0.0279316
-0.0387594
-0.0430755
-0.0491424
-0.0610660
-0.0751762
-0.0850226
-0.0884464
-0.0892012
-0.0923650
-0.0990471
-0.1058958
-0.1094605
-0.1101761
-0.1113096
-0.1143616
-0.1168601
-0.1154407
-0.1104055
-0.1061311
-0.1067485
-0.1119832
-0.1177734
-0.1209661
-0.1226922
-0.1261533
-0.1311273
-0.1323535
-0.1251334
-0.1122458
-0.1032953
-0.1058956
-0.1179858
-0.1297944
-0.1334020
-0.1298435
-0.1267363
-0.1295365
-0.1359144
-0.1389693
-0.1352527
-0.1285350
-0.1255528
-0.1291288
-0.1362217
-0.1419790
-0.1444151
-0.1449241
-0.1451983
-0.1447573
-0.1420608
-0.1377542
-0.1355141
-0.1382832
-0.1438847
-0.1462862
-0.1423922
-0.1361992
-0.1339010
-0.1347817
-0.1296415
-0.1108601
-0.0836480
-0.0642187
-0.0642536
-0.0779337
-0.0872773
-0.0813634
-0.0678427
-0.0629782
-0.0717688
-0.0818114
-0.0780019
-0.0602987
-0.0439578
-0.0430657
-0.0569190
-0.0735235
-0.0838894
-0.0899378
-0.0986782
-0.1119880
-0.1247536
-0.1320501
-0.1349798
-0.1381080
-0.1429759
-0.1463874
-0.1450355
-0.1401819
-0.1367753
-0.1380595
-0.1413865
-0.1397976
-0.1285663
-0.1106246
-0.0947302
-0.0870186
-0.0842243
-0.0762140
-0.0555869
-0.0234127
0.0165792
0.0699148
0.1550512
0.2912171
0.4798242
0.6972262
0.9051351
1.0659941
1.1475018
1.1180457
0.9504709
0.6431170
0.2421223
-0.1621653
-0.4727184
-0.6335863
-0.6524682
-0.5835081
-0.4883350
-0.4064019
-0.3499913
-0.3153586
-0.2939006
-0.2772825
-0.2601659
-0.2425915
-0.2289379
-0.2224991
-0.2211522
-0.2195909
-0.2156140
-0.2123353
-0.2129960
-0.2148972
-0.2110652
-0.1988052
-0.1845763
-0.1779084
-0.1806486
-0.1845960
-0.1809281
-0.1703368
-0.1618044
-0.1616993
-0.1662132
-0.1657229
-0.1555725
-0.1407910
-0.1298305
-0.1251413
-0.1215770
-0.1138501
-0.1033633
-0.0958489
-0.0928776
-0.0880276
-0.0729580
-0.0467750
-0.0180056
0.0033998
0.0156541
0.0260711
0.0424526
0.0646685
0.0861340
0.1033776
0.1218899
0.1504477
0.1901373
0.2313678
0.2631164
0.2840865
0.3029466
0.3275144
0.3556632
0.3785583
0.3920132
0.4019598
0.4172680
0.4387081
0.4573598
0.4638021
0.4565889
0.4409031
0.4213583
0.3988694
0.3738496
0.3488623
0.3258607
0.3023165
0.2731451
0.2372937
0.2002771
0.1681493
0.1399486
0.1090314
0.0728589
0.0389599
0.0182396
0.0124815
0.0109691
0.0008254
-0.0204439
-0.0439165
-0.0598044
-0.0670772
-0.0721880
-0.0800601
-0.0884354
-0.0913403
-0.0864784
-0.0778242
-0.0714873
-0.0705593
-0.0742144
-0.0801470
-0.0863038
-0.0906852
-0.0913507
-0.0879098
-0.0827039
-0.0793975
-0.0796966
-0.0817030
-0.0822584
-0.0810994
-0.0818003
-0.0875372
-0.0961203
-0.1006703
-0.0962908
-0.0856890
-0.0771575
-0.0767455
-0.0830761
-0.0902252
-0.0948152
-0.0987937
-0.1049042
-0.1111131
-0.1117716
-0.1046628
-0.0950108
-0.0907887
-0.0945936
-0.1017963
-0.1067144
-0.1086311
-0.1104542
-0.1128891
-0.1126257
-0.1070559
-0.0988136
-0.0934742
-0.0931349
-0.0946260
-0.0950226
-0.0966502
-0.1036307
-0.1136350
-0.1164919
-0.1037098
-0.0786126
-0.0546038
-0.0427701
-0.0426179
-0.0455515
-0.0454349
-0.0433244
-0.0423555
-0.0414846
-0.0370628
-0.0295267
-0.0249307
-0.0279703
-0.0353070
-0.0386628
-0.0347177
-0.0295168
-0.0314855
-0.0414049
-0.0516323
-0.0554469
-0.0549527
-0.0579173
-0.0677568
-0.0793823
-0.0861061
-0.0885108
-0.0933646
-0.1035335
-0.1121775
-0.1098249
-0.0962936
-0.0822599
-0.0776351
-0.0806686
-0.0812376
-0.0740162
-0.0645295
-0.0601636
-0.0580304
-0.0463922
-0.0186642
0.0189472
0.0587016
0.1092800
0.1966701
0.3425931
0.5417944
0.7608424
0.9551984
1.0819467
1.0982018
0.9623539
0.6576871
0.2266161
-0.2235534
-0.5660857
-0.7245293
-0.7104383
-0.5993747
-0.4713630
-0.3684564
-0.2953601
-0.2443405
-0.2115438
-0.1947225
-0.1871045
-0.1804885
-0.1726091
-0.1670773
-0.1658350
-0.1650247
-0.1598028
-0.1507079
-0.1425357
-0.1379154
-0.1351045
-0.1325661
-0.1324473
-0.1368384
-0.1421226
-0.1407935
-0.1300760
-0.1162989
-0.1083363
-0.1076036
-0.1071722
-0.1011935
-0.0924521
-0.0881202
-0.0891251
-0.0871855
-0.0740147
-0.0514985
-0.0300713
-0.0172048
-0.0101060
-0.0009841
0.0127032
0.0263061
0.0362186
0.0467424
0.0658667
0.0949000
0.1254921
0.1487779
0.1658630
0.1863585
0.2160860
0.2489699
0.2738212
0.2886012
0.3047677
0.3352565
0.3791653
0.4209872
0.4460060
0.4548388
0.4609635
0.4746175
0.4918756
0.5009780
0.4973477
0.4889270
0.4858709
0.4876884
0.4834514
0.4642839
0.4327229
0.3983777
0.3666242
0.3348273
0.2996816
0.2644659
0.2355816
0.2127161
0.1865289
0.1488692
0.1040326
0.0666570
0.0471530
0.0407791
0.0329208
0.0147062
-0.0085143
-0.0247057
-0.0292812
-0.0296576
-0.0359305
-0.0493092
-0.0616453
-0.0657984
-0.0641536
-0.0654496
-0.0740947
-0.0847079
-0.0881608
-0.0819393
-0.0728928
