-0.1494695
-0.1739766
-0.1286901
-0.1073880
-0.1199297
-0.1088296
-0.0637968
-0.0320577
-0.0312655
-0.0291990
-0.0075142
0.0165543
0.0332476
0.0538195
0.0793624
0.0985703
0.1166835
0.1499221
0.1926724
0.2230400
0.2384761
0.2565943
0.2842943
0.3126437
0.3380458
0.3645596
0.3899890
0.4103436
0.4316478
0.4587227
0.4804940
0.4843746
0.4765178
0.4706735
0.4655341
0.4493443
0.4194790
0.3835839
0.3483939
0.3180944
0.2951109
0.2733298
0.2403776
0.1949705
0.1515561
0.1203869
0.0944282
0.0634449
0.0295590
0.0010333
-0.0193409
-0.0330577
-0.0421593
-0.0513978
-0.0652453
-0.0796967
-0.0863064
-0.0862845
-0.0905923
-0.1041113
-0.1192711
-0.1269599
-0.1251968
-0.1168576
-0.1074845
-0.1047755
-0.1116039
-0.1204606
-0.1226934
-0.1209474
-0.1240676
-0.1324446
-0.1375433
-0.1342545
-0.1256951
-0.1173417
-0.1130215
-0.1144940
-0.1193834
-0.1223952
-0.1229038
-0.1267254
-0.1359693
-0.1430574
-0.1404476
-0.1310776
-0.1237495
-0.1227980
-0.1267984
-0.1326058
-0.1365697
-0.1364386
-0.1353680
-0.1393019
-0.1479872
-0.1538412
-0.1518074
-0.1450003
-0.1390378
-0.1363754
-0.1374681
-0.1416687
-0.1455625
-0.1456650
-0.1435706
-0.1435411
-0.1451789
-0.1438281
-0.1379037
-0.1304664
-0.1238447
-0.1175418
-0.1107463
-0.1025642
-0.0912931
-0.0777944
-0.0673965
-0.0637530
-0.0630079
-0.0587364
-0.0506193
-0.0439159
-0.0424001
-0.0455343
-0.0502973
-0.0526055
-0.0497296
-0.0442466
-0.0424718
-0.0463385
-0.0504419
-0.0498522
-0.0471057
-0.0484993
-0.0566359
-0.0690654
-0.0814979
-0.0908537
-0.0979207
-0.1071982
-0.1202998
-0.1299523
-0.1262386
-0.1100419
-0.0949233
-0.0929928
-0.1020773
-0.1085717
-0.1010805
-0.0813053
-0.0632137
-0.0595641
-0.0666154
-0.0654295
-0.0426858
-0.0061875
0.0283045
0.0651554
0.1352241
0.2690696
0.4656371
0.6897371
0.8988289
1.0674189
1.1792470
1.1960605
1.0506361
0.6975574
0.1855197
-0.3316508
-0.6796732
-0.7780945
-0.6821712
-0.5210264
-0.3966407
-0.3314085
-0.2932387
-0.2542187
-0.2193148
-0.2061543
-0.2134143
-0.2204010
-0.2133863
-0.2002287
-0.1961498
-0.2033520
-0.2099827
-0.2051043
-0.1900051
-0.1758871
-0.1726551
-0.1795152
-0.1863168
-0.1848229
-0.1773397
-0.1724415
-0.1740298
-0.1776063
-0.1762385
-0.1673106
-0.1541047
-0.1429266
-0.1375983
-0.1350939
-0.1285086
-0.1160591
-0.1042434
-0.0992300
-0.0977129
-0.0899601
-0.0706744
-0.0440183
-0.0188674
-0.0011617
0.0101783
0.0215481
0.0381848
0.0588678
0.0785361
0.0960086
0.1162062
0.1438893
0.1777699
0.2117832
0.2402157
0.2615579
0.2798760
0.3022603
0.3318191
0.3630531
0.3873937
0.4036542
0.4195171
0.4415287
0.4664271
0.4840311
0.4873785
0.4790639
0.4678403
0.4585932
0.4459533
0.4203265
0.3811820
0.3407052
0.3110866
0.2907042
0.2667537
0.2302558
0.1848574
0.1413143
0.1065123
0.0784838
0.0505126
0.0195473
-0.0095416
-0.0290960
-0.0378887
-0.0430739
-0.0524313
-0.0668797
-0.0813734
-0.0909038
-0.0947082
-0.0965569
-0.1014515
-0.1099953
-0.1159890
-0.1125033
-0.1010191
-0.0917147
-0.0934215
-0.1052653
-0.1189760
-0.1273827
-0.1297088
-0.1301631
-0.1324944
-0.1357262
-0.1356765
-0.1309756
-0.1257486
-0.1247705
-0.1277501
-0.1306638
-0.1313458
-0.1312786
-0.1327840
-0.1366569
-0.1417614
-0.1451048
-0.1434597
-0.1370810
-0.1310351
-0.1308215
-0.1369292
-0.1448435
-0.1497772
-0.1505527
-0.1496937
-0.1503556
-0.1524353
-0.1519766
-0.1460510
-0.1377717
-0.1337889
-0.1365382
-0.1418430
-0.1450477
-0.1466559
-0.1502402
-0.1568099
-0.1631130
-0.1647055
-0.1598583
-0.1510688
-0.1428162
-0.1370722
-0.1314595
-0.1227490
-0.1111726
-0.0998828
-0.0913585
-0.0862132
-0.0843318
-0.0846991
-0.0846565
-0.0817115
-0.0762015
-0.0707493
-0.0674338
-0.0666696
-0.0680180
-0.0705146
-0.0726025
-0.0729812
-0.0715366
-0.0695124
-0.0697824
-0.0763364
-0.0906874
-0.1080310
-0.1200420
-0.1236428
-0.1249067
-0.1316404
-0.1430328
-0.1492222
-0.1418120
-0.1238564
-0.1082916
-0.1053938
-0.1118239
-0.1142237
-0.1049998
-0.0917084
-0.0870317
-0.0909975
-0.0886577
-0.0670205
-0.0296225
0.0104399
0.0516721
0.1147560
0.2286686
0.4045292
0.6229179
0.8461788
1.0387190
1.1694273
1.1967182
1.0675938
0.7527523
0.2937458
-0.1895266
-0.5538217
-0.7142396
-0.6883468
-0.5685816
-0.4494868
-0.3719478
-0.3243540
-0.2835905
-0.2462773
-0.2237734
-0.2198419
-0.2232729
-0.2213831
-0.2139095
-0.2103686
-0.2160268
-0.2240726
-0.2230950
-0.2108531
-0.1975943
-0.1944282
-0.2008408
-0.2065517
-0.2043697
-0.1974133
-0.1931097
-0.1933424
-0.1926189
-0.1848394
-0.1704033
-0.1564598
-0.1499938
-0.1505368
-0.1507006
-0.1446344
-0.1345174
-0.1270166
-0.1243114
-0.1208514
-0.1092491
-0.0881263
-0.0637292
-0.0440231
-0.0309531
-0.0188123
-0.0013147
0.0202640
0.0385180
0.0501684
0.0619935
0.0839770
0.1177521
0.1543603
0.1835911
0.2039659
0.2228038
0.2470463
0.2752649
0.3001500
0.3188598
0.3381413
0.3665120
0.4027309
0.4357544
0.4566629
0.4673866
0.4758569
0.4847944
0.4881185
0.4785244
0.4568365
0.4322698
0.4128723
0.3967375
0.3746481
0.3415566
0.3027594
0.2669209
0.2352789
0.2011433
0.1598518
0.1162095
0.0805331
0.0581642
0.0439116
0.0272562
0.0031946
-0.0227215
-0.0411857
-0.0502702
-0.0573747
-0.0694925
-0.0842317
-0.0928587
-0.0911479
-0.0846958
-0.0828869
-0.0888323
-0.0965405
-0.0985310
-0.0953758
-0.0954233
-0.1038917
-0.1146386
-0.1162162
-0.1057443
-0.0931338
-0.0900918
-0.0974599
-0.1056707
-0.1065115
-0.1018743
-0.1001584
-0.1054657
-0.1124472
-0.1128574
-0.1058440
-0.0991490
-0.0998311
-0.1066563
-0.1133825
-0.1170061
-0.1194828
-0.1222421
-0.1227913
-0.1182562
-0.1104214
-0.1052008
-0.1068150
-0.1133169
-0.1188335
-0.1203738
-0.1210423
-0.1251447
-0.1314000
-0.1339411
-0.1303268
-0.1254132
-0.1253398
-0.1297741
-0.1329134
-0.1316914
-0.1302409
-0.1346352
-0.1439753
-0.1487697
-0.1398908
-0.1188417
-0.0969354
-0.0832859
-0.0759011
-0.0670663
-0.0556983
-0.0499461
-0.0562842
-0.0691825
-0.0747548
-0.0647501
-0.0454315
-0.0317463
-0.0328544
-0.0440514
-0.0532009
-0.0538375
-0.0500697
-0.0492215
-0.0531233
-0.0585567
-0.0637009
-0.0705596
-0.0811835
-0.0944026
-0.1075139
-0.1195611
-0.1310571
-0.1404825
-0.1429536
-0.1346702
-0.1191664
-0.1068121
-0.1054875
-0.1122100
-0.1164491
-0.1119001
-0.1024300
-0.0953880
-0.0914868
-0.0837163
-0.0655070
-0.0374213
-0.0041062
0.0356125
0.0948179
0.1930496
0.3428943
0.5403271
0.7654999
0.9881163
1.1681748
1.2540310
1.1904782
0.9441146
0.5348227
0.0484116
-0.3888203
-0.6672309
-0.7481271
-0.6762715
-0.5415138
-0.4206905
-0.3433943
-0.2993090
-0.2686174
-0.2441706
-0.2304582
-0.2292960
-0.2321523
-0.2275599
-0.2132650
-0.1978217
-0.1901369
-0.1900411
-0.1903468
-0.1862308
-0.1803051
-0.1784820
-0.1822657
-0.1861109
-0.1827628
-0.1710544
-0.1574934
-0.1494489
-0.1477103
-0.1471532
-0.1440268
-0.1402143
-0.1393977
-0.1406028
-0.1375054
-0.1248048
-0.1048649
-0.0868982
-0.0782147
-0.0762113
-0.0706463
-0.0547943
-0.0328638
-0.0146159
-0.0035185
0.0073621
0.0271202
0.0563786
0.0864263
0.1088491
0.1246886
0.1426402
0.1682073
0.1968491
0.2200727
0.2372206
0.2575609
0.2891526
0.3281446
0.3618993
0.3821757
0.3929712
0.4049553
0.4239164
0.4459890
0.4634398
0.4729430
0.4767855
0.4772177
0.4726237
0.4603375
0.4407486
0.4161054
0.3866398
0.3512201
0.3120528
0.2754245
0.2456397
0.2197697
0.1908783
0.1565481
0.1222938
0.0952063
0.0750990
0.0542864
0.0273105
-0.0009398
-0.0196877
-0.0248639
-0.0242469
-0.0284666
-0.0392850
-0.0496801
-0.0545342
-0.0575400
-0.0658107
-0.0795655
-0.0901023
-0.0890536
-0.0783079
-0.0686837
-0.0683987
-0.0748182
-0.0792702
-0.0784929
-0.0780803
-0.0839843
-0.0935416
-0.0975977
-0.0910490
-0.0791161
-0.0721056
-0.0746371
-0.0814096
-0.0842741
-0.0823251
-0.0826423
-0.0903443
-0.1004331
-0.1024997
-0.0932415
-0.0814149
-0.0788414
-0.0878685
-0.0995654
-0.1041753
-0.1015397
-0.0997362
-0.1040419
-0.1098730
-0.1086722
-0.0994622
-0.0910839
-0.0918222
-0.0995640
-0.1049687
-0.1032977
-0.0998970
-0.1029588
-0.1129479
-0.1215271
-0.1210816
-0.1134826
-0.1077116
-0.1092127
-0.1139032
-0.1139986
-0.1077906
-0.1006268
-0.0963071
-0.0909177
-0.0777061
-0.0570268
-0.0387673
-0.0335168
-0.0417238
-0.0526499
-0.0547707
-0.0469674
-0.0385418
-0.0381334
-0.0441260
-0.0472190
-0.0415004
-0.0310361
-0.0252533
-0.0293345
-0.0402191
-0.0514182
-0.0601940
-0.0688588
-0.0794156
-0.0891613
-0.0938015
-0.0942528
-0.0970668
-0.1062458
-0.1167737
-0.1195910
-0.1130983
-0.1065517
-0.1095632
-0.1193085
-0.1215752
-0.1065278
-0.0816033
-0.0648946
-0.0646492
-0.0688892
-0.0588440
-0.0302730
0.0050455
0.0414688
0.0977832
0.2060295
0.3800427
0.5980019
0.8170843
1.0000375
1.1205338
1.1445064
1.0221090
0.7195732
0.2708990
-0.2074747
-0.5702396
-0.7291652
-0.6997499
-0.5724914
-0.4411095
-0.3507757
-0.2984233
-0.2652165
-0.2413745
-0.2261420
-0.2169519
-0.2073420
-0.1944551
-0.1826783
-0.1773008
-0.1772398
-0.1768566
-0.1738254
-0.1720393
-0.1756643
-0.1820737
-0.1828960
-0.1728236
-0.1564764
-0.1449145
-0.1446016
-0.1508072
-0.1532190
-0.1474880
-0.1392149
-0.1359518
-0.1372322
-0.1347552
-0.1224976
-0.1047669
-0.0924476
-0.0911146
-0.0943672
-0.0904756
-0.0752335
-0.0561412
-0.0428959
-0.0355516
-0.0244420
-0.0016249
0.0298137
0.0589260
0.0782135
0.0904196
0.1042803
0.1250407
0.1504472
0.1756779
0.1999931
0.2265611
0.2564973
0.2859723
0.3106728
0.3314021
0.3529099
0.3773811
0.4013568
0.4203918
0.4355330
0.4528287
0.4753777
0.4972318
0.5075149
0.5011713
0.4838043
0.4644521
0.4451722
0.4205109
0.3870264
0.3498350
0.3173064
0.2908136
0.2629460
0.2267473
0.1846239
0.1459403
0.1162752
0.0916441
0.0648121
0.0354632
0.0109403
-0.0034060
-0.0114309
-0.0214156
-0.0357850
-0.0488891
-0.0553334
-0.0575023
-0.0624506
-0.0723713
-0.0810446
-0.0811616
-0.0738022
-0.0682464
-0.0717787
-0.0815867
-0.0886562
-0.0887897
-0.0869926
-0.0900157
-0.0968832
-0.0995622
-0.0930552
-0.0825168
-0.0784516
-0.0850793
-0.0952810
-0.0985498
-0.0933470
-0.0892746
-0.0956712
-0.1096119
-0.1179447
-0.1117705
-0.0968145
-0.0876511
-0.0923086
-0.1045076
-0.1117355
-0.1094193
-0.1049424
-0.1073698
-0.1156561
-0.1199000
-0.1141392
-0.1045726
-0.1025236
-0.1106279
-0.1194811
-0.1191319
-0.1114440
-0.1080998
-0.1162806
-0.1291011
-0.1327486
-0.1225589
-0.1090523
-0.1063119
-0.1162302
-0.1272416
-0.1283788
-0.1209329
-0.1139901
-0.1109407
-0.1048265
-0.0881919
-0.0644076
-0.0457802
-0.0404681
-0.0441482
-0.0463845
-0.0433111
-0.0406122
-0.0436636
-0.0485383
-0.0462531
-0.0348264
-0.0231380
-0.0211521
-0.0285940
-0.0359746
-0.0364173
-0.0338719
-0.0381645
-0.0530641
-0.0713802
-0.0825447
-0.0837415
-0.0821064
-0.0862759
-0.0973408
-0.1086861
-0.1135636
-0.1116481
-0.1083961
-0.1088244
-0.1121465
-0.1124167
-0.1047042
-0.0907558
-0.0778987
-0.0716246
-0.0695919
-0.0640115
-0.0501921
-0.0312604
-0.0120979
0.0126341
0.0630734
0.1633592
0.3230013
0.5272886
0.7447542
0.9412957
1.0845485
1.1372226
1.0566154
0.8150886
0.4320896
-0.0120191
-0.4020282
-0.6430701
-0.7070834
-0.6375945
-0.5129785
-0.3990517
-0.3235385
-0.2811230
-0.2542734
-0.2305653
-0.2079284
-0.1904876
-0.1817741
-0.1807722
-0.1829296
-0.1843998
-0.1851813
-0.1877925
-0.1926320
-0.1952760
-0.1897479
-0.1752299
-0.1586521
-0.1491110
-0.1494204
-0.1540437
-0.1555552
-0.1519747
-0.1469218
-0.1435762
-0.1403724
-0.1332951
-0.1213130
-0.1081050
-0.0981860
-0.0923551
-0.0878209
-0.0821185
-0.0752118
-0.0672681
-0.0561491
-0.0392240
-0.0175724
0.0036087
0.0200400
0.0330255
0.0477881
0.0672250
0.0886611
0.1076911
0.1244639
0.1444426
0.1722395
0.2058854
0.2386966
0.2664377
0.2907703
0.3150394
0.3386866
0.3582094
0.3734135
0.3901091
0.4145822
0.4457977
0.4748176
0.4927584
0.4985460
0.4979281
0.4955859
0.4901541
0.4776689
0.4579576
0.4350849
0.4114817
0.3841961
0.3489252
0.3068978
0.2654114
0.2305558
0.2006509
0.1686748
0.1314268
0.0947072
0.0677870
0.0529110
0.0419968
0.0248714
0.0000154
-0.0242784
-0.0394172
-0.0457170
-0.0511427
-0.0616159
-0.0742578
-0.0811458
-0.0789720
-0.0733343
-0.0727877
-0.0797946
-0.0891161
-0.0948997
-0.0972444
-0.1003482
-0.1054510
-0.1083275
-0.1048684
-0.0974891
-0.0935683
-0.0970215
-0.1032886
-0.1046248
-0.0999203
-0.0967798
-0.1023305
-0.1134412
-0.1188340
-0.1116192
-0.0977846
-0.0904320
-0.0961880
-0.1091194
-0.1182770
-0.1192785
-0.1167965
-0.1167069
-0.1188032
-0.1188050
-0.1156321
-0.1133722
-0.1152729
-0.1184471
-0.1172650
-0.1114630
-0.1079578
-0.1129989
-0.1239171
-0.1309679
-0.1277094
-0.1178890
-0.1108544
-0.1112091
-0.1150692
-0.1167099
-0.1163313
-0.1186539
-0.1244686
-0.1269952
-0.1189355
-0.1018343
-0.0854771
-0.0771992
-0.0740285
-0.0676518
-0.0562755
-0.0482186
-0.0517299
-0.0630173
-0.0680392
-0.0575852
-0.0383749
-0.0264581
-0.0298733
-0.0405224
-0.0444989
-0.0384230
-0.0326863
-0.0384456
-0.0542663
-0.0680571
-0.0713893
-0.0688784
-0.0718032
-0.0841855
-0.0981928
-0.1039923
-0.1017092
-0.1009986
-0.1089901
-0.1212371
-0.1263931
-0.1189088
-0.1048728
-0.0946875
-0.0918783
-0.0912285
-0.0872732
-0.0812840
-0.0775229
-0.0743574
-0.0632989
-0.0384909
-0.0038277
0.0341608
0.0813285
0.1596705
0.2913636
0.4778610
0.6958071
0.9117788
1.0949396
1.2110184
1.2102092
1.0387750
0.6818361
0.2029130
-0.2661093
-0.5913794
-0.7121559
-0.6648415
-0.5410653
-0.4213071
-0.3382877
-0.2868391
-0.2535819
-0.2330999
-0.2240466
-0.2217031
-0.2196172
-0.2154837
-0.2111458
-0.2072291
-0.2011868
-0.1916749
-0.1822219
-0.1781029
-0.1803178
-0.1847964
-0.1875523
-0.1884183
-0.1886270
-0.1866345
-0.1789607
-0.1652967
-0.1506932
-0.1414203
-0.1394873
-0.1420860
-0.1452661
-0.1463342
-0.1430479
-0.1332147
-0.1170920
-0.0992018
-0.0853704
-0.0771628
-0.0704736
-0.0605688
-0.0476094
-0.0357381
-0.0269083
-0.0174064
-0.0016218
0.0215495
0.0474601
0.0708018
0.0905672
0.1093494
0.1290772
0.1493604
0.1701579
0.1939815
0.2233882
