-0.0969888
-0.2087451
-0.1206869
-0.0756563
-0.1307180
-0.1619848
-0.1315195
-0.1251602
-0.1651593
-0.1805266
-0.1561768
-0.1532950
-0.1814589
-0.1837598
-0.1509749
-0.1360786
-0.1530894
-0.1599301
-0.1423656
-0.1301676
-0.1321808
-0.1279641
-0.1166094
-0.1105150
-0.0939355
-0.0447768
0.0219078
0.0868594
0.1795734
0.3428412
0.5641210
0.7904040
0.9871758
1.1323888
1.1726657
1.0393402
0.7108389
0.2413478
-0.2537166
-0.6312214
-0.7869649
-0.7318278
-0.5835199
-0.4580263
-0.3856837
-0.3385733
-0.2965053
-0.2594796
-0.2289022
-0.2077429
-0.2018171
-0.2044537
-0.1987895
-0.1841060
-0.1772431
-0.1820427
-0.1825326
-0.1714145
-0.1598098
-0.1546228
-0.1506875
-0.1473553
-0.1488936
-0.1486076
-0.1366243
-0.1217680
-0.1215332
-0.1325851
-0.1347278
-0.1216209
-0.1055500
-0.0948823
-0.0870157
-0.0798984
-0.0728772
-0.0613124
-0.0449606
-0.0331685
-0.0283519
-0.0163086
0.0126576
0.0461737
0.0682983
0.0823629
0.1006295
0.1241708
0.1475240
0.1717073
0.1997894
0.2298099
0.2613705
0.2981317
0.3373683
0.3702200
0.3974755
0.4303199
0.4705824
0.5058923
0.5295202
0.5498532
0.5754605
0.6047105
0.6331811
0.6575195
0.6702059
0.6642982
0.6446020
0.6217779
0.5965197
0.5621352
0.5198004
0.4773426
0.4355461
0.3891075
0.3385600
0.2891413
0.2413536
0.1937126
0.1502132
0.1147669
0.0839148
0.0544765
0.0311943
0.0173213
0.0057152
-0.0109343
-0.0288856
-0.0414301
-0.0502835
-0.0605703
-0.0720646
-0.0823911
-0.0912370
-0.0962264
-0.0934888
-0.0867181
-0.0860003
-0.0937456
-0.1017805
-0.1054448
-0.1096195
-0.1174493
-0.1239879
-0.1248314
-0.1218393
-0.1179459
-0.1146988
-0.1153068
-0.1214329
-0.1279356
-0.1297740
-0.1317271
-0.1411208
-0.1535706
-0.1571185
-0.1491358
-0.1390693
-0.1356305
-0.1397857
-0.1483869
-0.1570698
-0.1619786
-0.1645458
-0.1704795
-0.1793335
-0.1820856
-0.1750071
-0.1678301
-0.1706266
-0.1800458
-0.1864569
-0.1880663
-0.1900770
-0.1950691
-0.2008269
-0.2037759
-0.2008053
-0.1923344
-0.1851023
-0.1854276
-0.1890187
-0.1856028
-0.1742482
-0.1645661
-0.1613456
-0.1581181
-0.1487977
-0.1367601
-0.1289611
-0.1277401
-0.1305107
-0.1324011
-0.1295472
-0.1248732
-0.1279194
-0.1424757
-0.1580922
-0.1619617
-0.1560325
-0.1536478
-0.1615384
-0.1736202
-0.1814171
-0.1835896
-0.1858293
-0.1956302
-0.2145846
-0.2327364
-0.2356755
-0.2213092
-0.2039855
-0.1978222
-0.2022011
-0.2079980
-0.2107542
-0.2115962
-0.2110615
-0.2083080
-0.2028031
-0.1930472
-0.1775434
-0.1590926
-0.1430373
-0.1291325
-0.1092651
-0.0727543
-0.0079461
0.0998934
0.2625811
0.4771511
0.7227047
0.9647670
1.1534799
1.2214797
1.1038448
0.7798553
0.3043909
-0.2005651
-0.5954067
-0.7893286
-0.7845551
-0.6637237
-0.5262218
-0.4270550
-0.3666901
-0.3236586
-0.2856708
-0.2552822
-0.2393421
-0.2378047
-0.2404093
-0.2348744
-0.2194475
-0.2037762
-0.1958949
-0.1935421
-0.1904974
-0.1853048
-0.1802633
-0.1772838
-0.1780844
-0.1832243
-0.1878618
-0.1836976
-0.1684150
-0.1490967
-0.1342580
-0.1264725
-0.1235521
-0.1219799
-0.1181116
-0.1103893
-0.1007529
-0.0901859
-0.0747480
-0.0515393
-0.0266154
-0.0098137
-0.0018212
0.0074196
0.0269559
0.0560935
0.0870534
0.1125309
0.1318946
0.1531836
0.1864678
0.2316825
0.2762786
0.3089780
0.3325100
0.3585245
0.3933111
0.4330334
0.4702746
0.5012660
0.5286887
0.5595630
0.5973855
0.6351883
0.6611174
0.6725445
0.6789735
0.6881445
0.6946861
0.6864205
0.6582264
0.6165498
0.5727167
0.5332832
0.4946201
0.4471008
0.3874598
0.3253692
0.2733708
0.2321858
0.1918540
0.1463979
0.1009921
0.0643683
0.0396535
0.0234367
0.0095699
-0.0065364
-0.0241964
-0.0384491
-0.0470373
-0.0542270
-0.0648494
-0.0774195
-0.0866784
-0.0902264
-0.0893272
-0.0863084
-0.0847446
-0.0889176
-0.0989884
-0.1091133
-0.1137985
-0.1141369
-0.1154053
-0.1207755
-0.1289252
-0.1351183
-0.1339957
-0.1251956
-0.1169012
-0.1190395
-0.1314927
-0.1435631
-0.1466986
-0.1434644
-0.1423364
-0.1476124
-0.1561816
-0.1612467
-0.1583728
-0.1503644
-0.1457811
-0.1498496
-0.1581319
-0.1625731
-0.1619875
-0.1622624
-0.1676265
-0.1762529
-0.1836062
-0.1861285
-0.1825906
-0.1755752
-0.1708032
-0.1718940
-0.1767426
-0.1811750
-0.1840686
-0.1866065
-0.1891014
-0.1911285
-0.1923223
-0.1908840
-0.1841134
-0.1724527
-0.1600664
-0.1497887
-0.1409364
-0.1336118
-0.1308354
-0.1337208
-0.1379645
-0.1379635
-0.1324328
-0.1247102
-0.1198088
-0.1215733
-0.1297795
-0.1395394
-0.1461912
-0.1505523
-0.1566393
-0.1653732
-0.1741893
-0.1816989
-0.1884329
-0.1936873
-0.1961266
-0.1974743
-0.2015361
-0.2089776
-0.2158800
-0.2177885
-0.2137333
-0.2072276
-0.2041807
-0.2071417
-0.2101873
-0.2035365
-0.1861110
-0.1692658
-0.1635209
-0.1647181
-0.1587687
-0.1388435
-0.1121149
-0.0868444
-0.0542031
0.0142665
0.1469352
0.3460778
0.5818237
0.8130597
1.0088434
1.1417922
1.1662103
1.0241717
0.6932274
0.2325804
-0.2263084
-0.5485691
-0.6724591
-0.6343141
-0.5259988
-0.4247204
-0.3546728
-0.3034115
-0.2602653
-0.2310533
-0.2225769
-0.2267812
-0.2261193
-0.2108834
-0.1878913
-0.1726532
-0.1734003
-0.1825270
-0.1849328
-0.1749580
-0.1620233
-0.1581365
-0.1636101
-0.1681732
-0.1632916
-0.1498820
-0.1356452
-0.1277031
-0.1266111
-0.1256716
-0.1175463
-0.1027179
-0.0893611
-0.0837307
-0.0829264
-0.0781903
-0.0632118
-0.0387372
-0.0116872
0.0097719
0.0231916
0.0346787
0.0524295
0.0774170
0.1032962
0.1253881
0.1463616
0.1723875
0.2063184
0.2452114
0.2827833
0.3147174
0.3432965
0.3755199
0.4144424
0.4542117
0.4868185
0.5123881
0.5392430
0.5740648
0.6145431
0.6514964
0.6766995
0.6896013
0.6975271
0.7075547
0.7169972
0.7143271
0.6913337
0.6521815
0.6086267
0.5683828
0.5299458
0.4868376
0.4350992
0.3779706
0.3240928
0.2795205
0.2413874
0.2018279
0.1582564
0.1168304
0.0852379
0.0649336
0.0511306
0.0376855
0.0212000
0.0027173
-0.0137671
-0.0259115
-0.0357911
-0.0463381
-0.0562336
-0.0612592
-0.0602917
-0.0571709
-0.0565090
-0.0595691
-0.0640610
-0.0666416
-0.0664111
-0.0668387
-0.0723089
-0.0814267
-0.0864978
-0.0822677
-0.0730656
-0.0682475
-0.0717081
-0.0784688
-0.0810779
-0.0776578
-0.0739170
-0.0775145
-0.0891644
-0.0996447
-0.0984189
-0.0857944
-0.0735395
-0.0722486
-0.0808153
-0.0898291
-0.0928158
-0.0920201
-0.0942579
-0.1024847
-0.1115412
-0.1131033
-0.1058146
-0.0985606
-0.1009695
-0.1120664
-0.1218780
-0.1237382
-0.1212637
-0.1225875
-0.1306589
-0.1403568
-0.1436092
-0.1369837
-0.1252843
-0.1173528
-0.1174284
-0.1213692
-0.1218268
-0.1154057
-0.1040861
-0.0923402
-0.0846194
-0.0830657
-0.0850700
-0.0847347
-0.0791146
-0.0719156
-0.0693385
-0.0735006
-0.0813573
-0.0887219
-0.0938498
-0.0979905
-0.1034246
-0.1104701
-0.1167300
-0.1206009
-0.1246069
-0.1326867
-0.1445235
-0.1555864
-0.1631050
-0.1689770
-0.1756938
-0.1817854
-0.1829759
-0.1772114
-0.1680857
-0.1630446
-0.1664048
-0.1731724
-0.1726487
-0.1610990
-0.1483399
-0.1468717
-0.1547008
-0.1539929
-0.1294115
-0.0850621
-0.0389794
0.0009972
0.0540056
0.1542429
0.3184543
0.5259053
0.7324139
0.8995700
1.0015182
1.0049276
0.8617171
0.5448068
0.0993233
-0.3514732
-0.6685822
-0.7817892
-0.7246708
-0.5932528
-0.4706941
-0.3849565
-0.3243642
-0.2761917
-0.2419169
-0.2241536
-0.2152995
-0.2053275
-0.1939079
-0.1880064
-0.1894496
-0.1903062
-0.1818382
-0.1653433
-0.1515749
-0.1489182
-0.1537711
-0.1548785
-0.1468210
-0.1358796
-0.1311395
-0.1331096
-0.1342846
-0.1289788
-0.1189038
-0.1093083
-0.1025103
-0.0960585
-0.0861751
-0.0726010
-0.0596273
-0.0509489
-0.0436308
-0.0298883
-0.0062428
0.0213325
0.0434917
0.0575782
0.0699162
0.0886801
0.1157250
0.1454505
0.1714711
0.1941824
0.2203661
0.2543589
0.2918292
0.3252214
0.3538829
0.3844760
0.4209583
0.4584646
0.4896285
0.5145312
0.5411250
0.5754565
0.6130862
0.6418949
0.6543392
0.6558919
0.6587492
0.6667636
0.6698284
0.6553024
0.6223389
0.5817052
0.5430452
0.5061508
0.4648983
0.4164454
0.3645774
0.3149040
0.2686005
0.2224550
0.1754838
0.1333118
0.1029144
0.0833728
0.0655635
0.0424926
0.0170090
-0.0030875
-0.0156773
-0.0271052
-0.0442393
-0.0654692
-0.0809466
-0.0826088
-0.0738923
-0.0676979
-0.0732796
-0.0867083
-0.0965431
-0.0974739
-0.0948754
-0.0960270
-0.1007261
-0.1026408
-0.0980149
-0.0906509
-0.0880060
-0.0932106
-0.1019458
-0.1079723
-0.1108261
-0.1155835
-0.1245889
-0.1325954
-0.1326070
-0.1247442
-0.1164192
-0.1142012
-0.1177751
-0.1220168
-0.1233139
-0.1230491
-0.1251019
-0.1302543
-0.1341343
-0.1321248
-0.1257741
-0.1220909
-0.1260817
-0.1360042
-0.1465631
-0.1545396
-0.1599658
-0.1635827
-0.1651907
-0.1643063
-0.1614575
-0.1585337
-0.1575506
-0.1588085
-0.1609986
-0.1635614
-0.1673595
-0.1715600
-0.1715515
-0.1628136
-0.1466857
-0.1300048
-0.1187374
-0.1136077
-0.1119852
-0.1120113
-0.1137561
-0.1171168
-0.1197775
-0.1183050
-0.1121289
-0.1057901
-0.1051981
-0.1111926
-0.1188751
-0.1242875
-0.1294896
-0.1390281
-0.1529217
-0.1657557
-0.1727003
-0.1746379
-0.1766284
-0.1819460
-0.1885136
-0.1919536
-0.1918747
-0.1931268
-0.1993237
-0.2068999
-0.2085009
-0.2016897
-0.1911427
-0.1820302
-0.1747026
-0.1673992
-0.1609305
-0.1571049
-0.1532079
-0.1414818
-0.1158190
-0.0770576
-0.0279066
0.0387347
0.1423766
0.2990580
0.4996407
0.7058839
0.8693853
0.9517416
0.9262622
0.7710602
0.4784550
0.0820840
-0.3298902
-0.6446553
-0.7859397
-0.7583142
-0.6354957
-0.5028412
-0.4051219
-0.3404644
-0.2917490
-0.2535850
-0.2303461
-0.2204062
-0.2131233
-0.2010501
-0.1881525
-0.1824592
-0.1835163
-0.1814454
-0.1690247
-0.1513971
-0.1405747
-0.1411221
-0.1452006
-0.1432039
-0.1355392
-0.1301267
-0.1303473
-0.1306007
-0.1245328
-0.1134094
-0.1036745
-0.0984240
-0.0944305
-0.0874582
-0.0779145
-0.0694266
-0.0625138
-0.0521617
-0.0334125
-0.0081582
0.0162612
0.0353150
0.0513976
0.0687256
0.0871045
0.1035594
0.1187654
0.1384872
0.1676555
0.2044809
0.2415928
0.2729279
0.2990455
0.3253552
0.3555230
0.3880499
0.4200408
0.4523310
0.4880927
0.5267925
0.5627310
0.5908613
0.6118917
0.6298169
0.6457018
0.6561337
0.6578781
0.6521470
0.6426066
0.6293976
0.6072586
0.5715207
0.5250367
0.4761536
0.4292269
0.3805777
0.3263831
0.2717830
0.2274704
0.1970028
0.1714558
0.1390109
0.0980980
0.0585871
0.0302740
0.0126000
-0.0027569
-0.0205435
-0.0363513
-0.0435444
-0.0430563
-0.0429327
-0.0487928
-0.0584051
-0.0666611
-0.0724969
-0.0782087
-0.0838324
-0.0857944
-0.0818265
-0.0751592
-0.0721919
-0.0761508
-0.0840757
-0.0906111
-0.0939971
-0.0968697
-0.1012458
-0.1050335
-0.1051070
-0.1021662
-0.0999620
-0.1001791
-0.1008401
-0.1005279
-0.1018548
-0.1085952
-0.1197692
-0.1284240
-0.1276660
-0.1180226
-0.1078528
-0.1055252
-0.1116506
-0.1201518
-0.1262726
-0.1310438
-0.1372029
-0.1435097
-0.1458134
-0.1429119
-0.1386912
-0.1377196
-0.1401999
-0.1424904
-0.1422437
-0.1417310
-0.1450334
-0.1522111
-0.1579256
-0.1570169
-0.1503837
-0.1435612
-0.1399396
-0.1375540
-0.1329269
-0.1258101
-0.1184963
-0.1116850
-0.1033510
-0.0923832
-0.0819692
-0.0773892
-0.0796476
-0.0827191
-0.0795387
-0.0710600
-0.0667977
-0.0743316
-0.0897196
-0.1010670
-0.1016199
-0.0969307
-0.0980395
-0.1092492
-0.1244948
-0.1354203
-0.1408987
-0.1468691
-0.1573645
-0.1683515
-0.1723435
-0.1677820
-0.1609243
-0.1580563
-0.1585621
-0.1574434
-0.1528371
-0.1482450
-0.1472279
-0.1480681
-0.1451593
-0.1352089
-0.1207497
-0.1068490
-0.0948649
-0.0801922
-0.0552795
-0.0123500
0.0577541
0.1659673
0.3185528
0.5067297
0.7021668
0.8627225
0.9429817
0.9035420
0.7207036
0.4006490
-0.0069947
-0.4117193
-0.7120321
-0.8424104
-0.8064800
-0.6696332
-0.5150850
-0.3972633
-0.3255513
-0.2818138
-0.2480053
-0.2196145
-0.2004751
-0.1915596
-0.1870664
-0.1798164
-0.1679589
-0.1553791
-0.1465409
-0.1423216
-0.1406383
-0.1394795
-0.1383769
-0.1375283
-0.1363658
-0.1332594
-0.1268576
-0.1179991
-0.1097934
-0.1047889
-0.1019949
-0.0977334
-0.0899642
-0.0810561
-0.0754115
-0.0742694
-0.0732927
-0.0658154
-0.0489166
-0.0262987
-0.0047331
0.0123690
0.0272896
0.0440790
0.0637815
0.0846154
0.1058036
0.1291761
0.1564847
0.1864604
0.2157738
0.2428163
0.2695773
0.2990151
0.3307986
0.3609433
0.3867694
0.4115673
0.4423825
0.4822290
0.5255657
0.5628257
0.5892695
0.6083255
0.6259521
0.6427126
0.6527155
0.6507175
0.6389700
0.6249663
0.6118530
0.5931407
0.5593739
0.5097929
0.4548360
0.4057431
0.3632289
0.3186038
0.2659868
0.2111779
0.1666643
0.1383502
0.1192501
0.0973503
0.0683193
0.0383500
0.0147769
-0.0030995
-0.0217801
-0.0437534
-0.0631689
-0.0724777
-0.0717514
-0.0694403
-0.0736592
-0.0839136
-0.0924951
-0.0938173
-0.0909850
-0.0920001
-0.0999648
-0.1087345
-0.1093099
-0.0999778
-0.0889588
-0.0865287
-0.0948554
-0.1062218
-0.1115684
-0.1102341
-0.1100441
-0.1173054
-0.1281077
-0.1316106
-0.1223281
-0.1074510
-0.1003714
-0.1071887
-0.1209724
-0.1298700
-0.1297793
-0.1274648
-0.1310603
-0.1394545
-0.1433480
-0.1368665
-0.1257450
-0.1219432
-0.1307184
-0.1451282
-0.1540859
-0.1544039
-0.1531538
-0.1582054
-0.1682487
-0.1738646
-0.1683840
-0.1560290
-0.1480009
-0.1510376
-0.1612684
-0.1694776
-0.1707850
-0.1678279
-0.1652123
-0.1628972
-0.1561934
-0.1417229
-0.1222051
-0.1048799
-0.0955611
-0.0945256
-0.0976566
-0.1004960
-0.1008446
-0.0985384
-0.0942732
-0.0891462
-0.0846049
-0.0820134
-0.0820776
-0.0848271
-0.0901281
-0.0980072
-0.1082539
-0.1196383
-0.1298400
-0.1368122
-0.1406707
-0.1440050
-0.1496820
-0.1579545
-0.1658363
-0.1696824
-0.1687244
-0.1661659
-0.1664498
-0.1708137
-0.1752799
-0.1736103
-0.1632542
-0.1488276
-0.1390073
-0.1386208
-0.1430748
-0.1413278
-0.1256617
-0.0983828
-0.0667619
-0.0295773
0.0299843
0.1339918
0.2889532
0.4746771
0.6543252
0.7942228
0.8714735
0.8639531
0.7426631
0.4881975
0.1240644
-0.2686595
-0.5819272
-0.7404657
-0.7424114
-0.6475701
-0.5280072
-0.4264182
-0.3514919
-0.2987680
-0.2660830
-0.2505547
-0.2412651
-0.2245270
-0.1976686
-0.1728763
-0.1639591
