-0.0720203
-0.0551989
-0.0544400
-0.0530250
-0.0397807
-0.0219369
-0.0168651
-0.0309426
-0.0493808
-0.0500917
-0.0275888
-0.0001195
0.0090172
-0.0042218
-0.0216792
-0.0241980
-0.0124675
-0.0042937
-0.0127608
-0.0310783
-0.0408473
-0.0331635
-0.0184694
-0.0153063
-0.0317196
-0.0592466
-0.0837002
-0.0991372
-0.1104529
-0.1241046
-0.1386417
-0.1452631
-0.1372747
-0.1183319
-0.1008130
-0.0954528
-0.1021010
-0.1106840
-0.1113592
-0.1033667
-0.0935411
-0.0869721
-0.0811087
-0.0700687
-0.0530644
-0.0356437
-0.0220954
-0.0097484
0.0059948
0.0220897
0.0281457
0.0193570
0.0067122
0.0090835
0.0329525
0.0627517
0.0750613
0.0625842
0.0411678
0.0314322
0.0354118
0.0344311
0.0102182
-0.0348773
-0.0807403
-0.1107718
-0.1269769
-0.1433083
-0.1673209
-0.1920519
-0.2061419
-0.2087218
-0.2112870
-0.2247362
-0.2465073
-0.2620708
-0.2592828
-0.2409530
-0.2232404
-0.2213334
-0.2355640
-0.2508365
-0.2506955
-0.2337082
-0.2161153
-0.2167389
-0.2385526
-0.2657831
-0.2772465
-0.2556123
-0.1780543
-0.0050722
0.2994508
0.7151442
1.1295517
1.3773095
1.3459740
1.0632262
0.6810789
0.3643998
0.1823989
0.0946767
0.0260374
-0.0569255
-0.1369207
-0.1903034
-0.2202038
-0.2450515
-0.2698107
-0.2817786
-0.2731058
-0.2563756
-0.2518738
-0.2640385
-0.2777660
-0.2782469
-0.2682496
-0.2618911
-0.2647681
-0.2664555
-0.2540856
-0.2290097
-0.2057809
-0.1953352
-0.1932202
-0.1866548
-0.1710056
-0.1552183
-0.1496419
-0.1514450
-0.1461208
-0.1242008
-0.0934760
-0.0716466
-0.0671905
-0.0702820
-0.0643028
-0.0450364
-0.0258411
-0.0227381
-0.0358405
-0.0479247
-0.0422133
-0.0201771
0.0000193
0.0026332
-0.0097423
-0.0202069
-0.0163647
-0.0032994
0.0027929
-0.0072527
-0.0254910
-0.0355321
-0.0302078
-0.0189057
-0.0169098
-0.0290498
-0.0458956
-0.0561304
-0.0603401
-0.0699757
-0.0921988
-0.1178955
-0.1277997
-0.1120075
-0.0820798
-0.0611814
-0.0613858
-0.0725200
-0.0750915
-0.0628530
-0.0493114
-0.0507310
-0.0653578
-0.0732116
-0.0572566
-0.0220485
0.0113313
0.0279786
0.0332616
0.0427664
0.0614074
0.0773535
0.0776334
0.0657670
0.0597209
0.0724633
0.0978378
0.1176532
0.1211328
0.1143890
0.1100326
0.1100414
0.1021234
0.0736491
0.0271287
-0.0199977
-0.0507624
-0.0630455
-0.0692081
-0.0828058
-0.1058501
-0.1281901
-0.1388700
-0.1382394
-0.1383947
-0.1503480
-0.1704640
-0.1816190
-0.1703923
-0.1431534
-0.1220961
-0.1227365
-0.1367782
-0.1413631
-0.1264196
-0.1085519
-0.1133788
-0.1459082
-0.1837738
-0.1987689
-0.1746437
-0.0956350
0.0734028
0.3705890
0.7798946
1.1918136
1.4440336
1.4285152
1.1735952
0.8217333
0.5213840
0.3325221
0.2231559
0.1376887
0.0552893
-0.0120352
-0.0563464
-0.0907239
-0.1302621
-0.1696380
-0.1892607
-0.1815900
-0.1635496
-0.1594851
-0.1753426
-0.1941853
-0.1969332
-0.1835016
-0.1710440
-0.1730722
-0.1836090
-0.1833103
-0.1602619
-0.1231591
-0.0931545
-0.0831992
-0.0869396
-0.0885872
-0.0813599
-0.0723166
-0.0685081
-0.0634189
-0.0430747
-0.0058247
0.0298501
0.0427112
0.0331836
0.0250188
0.0393407
0.0699611
0.0898423
0.0826712
0.0626872
0.0588678
0.0820347
0.1135907
0.1278094
0.1197034
0.1062834
0.1032068
0.1074678
0.1060431
0.0965116
0.0916107
0.1017176
0.1184365
0.1216258
0.1023066
0.0731060
0.0531182
0.0461057
0.0389643
0.0215098
0.0019939
-0.0015672
0.0160365
0.0385151
0.0448520
0.0326060
0.0202649
0.0254212
0.0443899
0.0574567
0.0531885
0.0423722
0.0451723
0.0675766
0.0951977
0.1105916
0.1124694
0.1146263
0.1278010
0.1474285
0.1613100
0.1658833
0.1698859
0.1817019
0.1981360
0.2093052
0.2116141
0.2102877
0.2090756
0.2037997
0.1903796
0.1751319
0.1691910
0.1710809
0.1622609
0.1278086
0.0796816
0.0493169
0.0513860
0.0622294
0.0469935
0.0100238
0.0049053
0.0797727
0.2120283
0.3092989
0.2855568
0.1374575
-0.0563269
-0.2073590
-0.2831222
-0.3053943
-0.3011844
-0.2726094
-0.2150892
-0.1471786
-0.1050498
-0.1072277
-0.1359579
-0.1566807
-0.1444598
-0.0806394
0.0676731
0.3386873
0.7251312
1.1332779
1.4131756
1.4532612
1.2592314
0.9444934
0.6436636
0.4299490
0.3001008
0.2162018
0.1487652
0.0879529
0.0342225
-0.0091486
-0.0386686
-0.0556882
-0.0701355
-0.0928358
-0.1212843
-0.1383573
-0.1309871
-0.1081638
-0.0935673
-0.0987272
-0.1097901
-0.1058103
-0.0856112
-0.0682727
-0.0671567
-0.0725148
-0.0652308
-0.0419607
-0.0181297
-0.0069423
-0.0041204
0.0027666
0.0164681
0.0292881
0.0379846
0.0499228
0.0704019
0.0914265
0.1023494
0.1092830
0.1317555
0.1743009
0.2108910
0.2108763
0.1803686
0.1649044
0.2019551
0.2758567
0.3299834
0.3243812
0.2727680
0.2182848
0.1812659
0.1434344
0.0840359
0.0173892
-0.0183068
-0.0064497
0.0269636
0.0430232
0.0318140
0.0157310
0.0155641
0.0258579
0.0278842
0.0172926
0.0083291
0.0125169
0.0240541
0.0314373
0.0361380
0.0498188
0.0739434
0.0925163
0.0903962
0.0719603
0.0534396
0.0406191
0.0255226
0.0071379
0.0030871
0.0294824
0.0738314
0.1024707
0.1006790
0.0955059
0.1261832
0.1922804
0.2434246
0.2289480
0.1533130
0.0736346
0.0427488
0.0628024
0.0964957
0.1133439
0.1146603
0.1168790
0.1234002
0.1192237
0.0882725
0.0307894
-0.0329665
-0.0711664
-0.0579405
0.0032296
0.0666750
0.0665442
-0.0280624
-0.1716328
-0.2671954
-0.2494761
-0.1482303
-0.0626434
-0.0686555
-0.1537067
-0.2416646
-0.2718341
-0.2453374
-0.2014251
-0.1671886
-0.1413737
-0.1184995
-0.1092206
-0.1254959
-0.1495527
-0.1273815
0.0011983
0.2611759
0.6188512
0.9853104
1.2447973
1.3047067
1.1494123
0.8583417
0.5596009
0.3449437
0.2171608
0.1179277
0.0065978
-0.0912812
-0.1151658
-0.0460247
0.0541944
0.0844262
-0.0111148
-0.1962275
-0.3745801
-0.4665056
-0.4620304
-0.4114225
-0.3720471
-0.3625043
-0.3604628
-0.3377406
-0.2937684
-0.2549722
-0.2450945
-0.2607497
-0.2773381
-0.2755468
-0.2580678
-0.2405123
-0.2303997
-0.2195673
-0.1974460
-0.1673424
-0.1448774
-0.1403595
-0.1470022
-0.1490271
-0.1384858
-0.1201916
-0.1013864
-0.0820457
-0.0583940
-0.0333538
-0.0185955
-0.0235963
-0.0435342
-0.0607549
-0.0603032
-0.0438707
-0.0272227
-0.0240990
-0.0340539
-0.0457466
-0.0495688
-0.0458526
-0.0428823
-0.0491205
-0.0662302
-0.0869026
-0.0992582
-0.0963462
-0.0842390
-0.0803762
-0.1000481
-0.1404526
-0.1780674
-0.1860208
-0.1576686
-0.1122929
-0.0756416
-0.0566951
-0.0469081
-0.0401650
-0.0455573
-0.0752762
-0.1233792
-0.1642821
-0.1756967
-0.1599969
-0.1390628
-0.1293857
-0.1275980
-0.1221697
-0.1127688
-0.1096664
-0.1145863
-0.1120269
-0.0867263
-0.0458471
-0.0154435
-0.0132857
-0.0304822
-0.0430177
-0.0380323
-0.0247808
-0.0216077
-0.0376412
-0.0687701
-0.1061407
-0.1424804
-0.1716089
-0.1899953
-0.2031596
-0.2246272
-0.2603095
-0.2952122
-0.3048863
-0.2841737
-0.2580969
-0.2569097
-0.2823794
-0.3064414
-0.3051638
-0.2872076
-0.2818739
-0.3011938
-0.3230286
-0.3170366
-0.2823891
-0.2510808
-0.2532667
-0.2872259
-0.3270250
-0.3499454
-0.3424399
-0.2785993
-0.1105844
0.1962194
0.6057386
0.9932541
1.2032309
1.1487348
0.8720256
0.5134173
0.2144610
0.0363413
-0.0471825
-0.0948541
-0.1420725
-0.1891006
-0.2257857
-0.2537477
-0.2822079
-0.3105564
-0.3256651
-0.3197411
-0.3049726
-0.3034867
-0.3232009
-0.3495005
-0.3630726
-0.3617026
-0.3603545
-0.3714407
-0.3896020
-0.3975193
-0.3843056
-0.3554626
-0.3251585
-0.3022426
-0.2866047
-0.2768353
-0.2748938
-0.2797714
-0.2808507
-0.2648118
-0.2312497
-0.1973468
-0.1825324
-0.1880135
-0.1943141
-0.1818382
-0.1535218
-0.1333569
-0.1394218
-0.1607686
-0.1668978
-0.1417445
-0.1031353
-0.0838562
-0.0957217
-0.1180481
-0.1226537
-0.1053257
-0.0881141
-0.0919141
-0.1126050
-0.1281595
-0.1263926
-0.1185803
-0.1230491
-0.1412584
-0.1572667
-0.1595551
-0.1554797
-0.1605251
-0.1782118
-0.1965831
-0.2037628
-0.2014100
-0.1998127
-0.2026786
-0.2023119
-0.1916503
-0.1765279
-0.1699800
-0.1745710
-0.1768350
-0.1629878
-0.1356409
-0.1088662
-0.0884639
-0.0649916
-0.0300593
0.0055864
0.0182494
-0.0015699
-0.0322593
-0.0376611
-0.0029355
0.0492964
0.0820263
0.0811791
0.0657781
0.0623293
0.0760623
0.0908047
0.0915540
0.0792471
0.0627497
0.0433447
0.0137389
-0.0278843
-0.0692085
-0.0949507
-0.1056382
-0.1184215
-0.1451600
-0.1742250
-0.1814054
-0.1591844
-0.1285997
-0.1179633
-0.1330194
-0.1532032
-0.1572986
-0.1475009
-0.1434169
-0.1536968
-0.1611859
-0.1428611
-0.1024312
-0.0739740
-0.0873755
-0.1327507
-0.1625502
-0.1253406
0.0071986
0.2398254
0.5603843
0.9292395
1.2626894
1.4483190
1.4058168
1.1505289
0.7951980
0.4756177
0.2625211
0.1381337
0.0483417
-0.0338017
-0.0963465
-0.1240322
-0.1275035
-0.1326352
-0.1502039
-0.1667102
-0.1663251
-0.1541408
-0.1505425
-0.1643784
-0.1802772
-0.1770318
-0.1534579
-0.1291701
-0.1210130
-0.1256800
-0.1278577
-0.1202197
-0.1100287
-0.1067791
-0.1082411
-0.1023832
-0.0824845
-0.0563199
-0.0373181
-0.0287184
-0.0214706
-0.0083156
0.0058528
0.0119271
0.0115311
0.0177377
0.0395065
0.0692628
0.0895218
0.0918524
0.0865926
0.0910453
0.1083670
0.1222205
0.1155838
0.0923765
0.0752037
0.0811342
0.1041079
0.1231410
0.1242468
0.1110698
0.0961584
0.0864648
0.0792797
0.0702655
0.0614150
0.0582346
0.0603478
0.0594777
0.0490273
0.0325559
0.0192441
0.0127090
0.0084524
0.0023012
-0.0026494
0.0003116
0.0124480
0.0263846
0.0329557
0.0309717
0.0285239
0.0331411
0.0424877
0.0485816
0.0508764
0.0596892
0.0834271
0.1159906
0.1415865
0.1512824
0.1508923
0.1517766
0.1571875
0.1609296
0.1592862
0.1602344
0.1759292
0.2055074
0.2307473
0.2334894
0.2146188
0.1898741
0.1677193
0.1389871
0.0923945
0.0353811
-0.0077538
-0.0203632
-0.0126823
-0.0124643
-0.0354063
-0.0681536
-0.0847600
-0.0785273
-0.0704019
-0.0823360
-0.1084921
-0.1210199
-0.1036710
-0.0718026
-0.0548679
-0.0630343
-0.0773269
-0.0742269
-0.0554507
-0.0472946
-0.0694673
-0.1099838
-0.1342748
-0.1119252
-0.0239820
0.1513432
0.4361158
0.8131603
1.1897300
1.4237223
1.4130808
1.1745251
0.8349171
0.5377290
0.3484282
0.2402479
0.1572027
0.0767325
0.0112977
-0.0311809
-0.0661517
-0.1099636
-0.1547859
-0.1780430
-0.1727777
-0.1582342
-0.1576517
-0.1717940
-0.1806712
-0.1704637
-0.1515035
-0.1443389
-0.1519676
-0.1551483
-0.1376138
-0.1079123
-0.0892176
-0.0910299
-0.0988961
-0.0931742
-0.0722706
-0.0533123
-0.0510079
-0.0592906
-0.0566961
-0.0302769
0.0089036
0.0372198
0.0435721
0.0384879
0.0386556
0.0483805
0.0592987
0.0641523
0.0657076
0.0720648
0.0861623
0.1018811
0.1109064
0.1121553
0.1116472
0.1126009
0.1101564
0.0997886
0.0875931
0.0857515
0.0973911
0.1109889
0.1118033
0.0960369
0.0721532
0.0504374
0.0336405
0.0181671
0.0030763
-0.0052874
-0.0008574
0.0112587
0.0170099
0.0087907
-0.0056700
-0.0131529
-0.0103785
-0.0054617
-0.0058238
-0.0090780
-0.0065460
0.0063965
0.0246722
0.0385156
0.0442847
0.0485594
0.0593508
0.0751140
0.0866488
0.0893906
0.0889128
0.0930100
0.1025781
0.1126472
0.1194839
0.1238222
0.1278111
0.1304506
0.1272877
0.1164073
0.1044931
0.1022469
0.1100011
0.1113767
0.0876306
0.0387318
-0.0142464
-0.0491964
-0.0632737
-0.0725737
-0.0930049
-0.1221893
-0.1412979
-0.1365751
-0.1174269
-0.1078649
-0.1190088
-0.1365756
-0.1400378
-0.1288257
-0.1218525
-0.1317907
-0.1470231
-0.1436192
-0.1139774
-0.0796009
-0.0720048
-0.1009203
-0.1443733
-0.1686730
-0.1478999
-0.0573160
0.1377963
0.4577451
0.8575353
1.2128346
1.3828503
1.3068296
1.0463792
0.7336915
0.4745906
0.2935472
0.1593693
0.0473197
-0.0351705
-0.0767319
-0.0932933
-0.1162870
-0.1568315
-0.1966616
-0.2157167
-0.2172642
-0.2202193
-0.2335128
-0.2463409
-0.2442176
-0.2290609
-0.2176578
-0.2197435
-0.2243252
-0.2145979
-0.1928470
-0.1795806
-0.1854493
-0.1943504
-0.1822811
-0.1477094
-0.1146437
-0.1059004
-0.1191006
-0.1311884
-0.1244033
-0.1046956
-0.0919930
-0.0933598
-0.0924814
-0.0706125
-0.0324051
-0.0017919
0.0063884
0.0009915
-0.0012712
0.0022040
-0.0003454
-0.0167451
-0.0378032
-0.0443986
-0.0275386
0.0002711
0.0169022
0.0137146
0.0018332
-0.0055163
-0.0091046
-0.0171666
-0.0300814
-0.0405892
-0.0464794
-0.0543456
-0.0696383
-0.0883598
-0.1008926
-0.1026754
-0.1003584
-0.1059668
-0.1224868
-0.1371238
-0.1343418
-0.1151715
-0.0968435
-0.0922192
-0.0967741
-0.0985025
-0.0936510
-0.0879096
-0.0863890
-0.0869866
-0.0824056
-0.0673521
-0.0447242
-0.0232600
-0.0071080
0.0082983
0.0255166
0.0356169
0.0284386
0.0104139
0.0023756
0.0174197
0.0470536
0.0711110
0.0771055
0.0685377
0.0567793
0.0458419
0.0264506
-0.0110265
-0.0589947
-0.0966685
-0.1146594
-0.1260945
-0.1467860
-0.1728184
-0.1874241
-0.1851299
-0.1787846
-0.1827835
-0.1960473
-0.2036863
-0.1942462
-0.1749453
-0.1668928
-0.1810199
-0.2023014
-0.2059695
-0.1874929
-0.1664183
-0.1606789
-0.1687389
-0.1800696
-0.1914285
-0.2034001
-0.2027312
-0.1519709
-0.0007873
0.2790958
0.6539201
1.0216041
1.2595948
1.2936857
1.1323135
0.8495667
0.5429278
0.2918724
0.1293769
0.0386986
-0.0206706
-0.0793488
-0.1430104
-0.1979645
-0.2257612
-0.2212238
-0.2032488
-0.2005234
-0.2208601
-0.2437141
-0.2493638
-0.2443757
-0.2482174
-0.2638519
-0.2741555
-0.2643525
-0.2393761
-0.2191268
-0.2184724
-0.2301005
-0.2308318
-0.2115171
-0.1935169
-0.2012999
-0.2238825
-0.2236011
-0.1845080
-0.1325183
-0.1020119
-0.0990541
-0.1049436
-0.1028311
-0.0922205
-0.0837808
-0.0841168
-0.0840114
-0.0669667
-0.0338986
-0.0081322
-0.0060164
-0.0155630
-0.0178851
-0.0153715
-0.0199378
-0.0261565
-0.0187240
0.0006585
0.0144552
0.0130893
0.0020358
-0.0094692
-0.0151840
-0.0153751
-0.0216934
-0.0458919
-0.0774469
-0.0907063
-0.0810236
-0.0708611
-0.0724991
-0.0730410
-0.0672274
-0.0727078
-0.0957049
-0.1117914
-0.0998303
-0.0690897
-0.0386048
-0.0167921
-0.0104427
-0.0217528
-0.0303308
-0.0151098
0.0045847
-0.0039758
-0.0209984
0.0040405
0.0630054
0.0957518
0.0947484
0.1137760
0.1514824
0.1364304
0.0840540
0.1576797
0.4706739
