-0.1626792
-0.1485914
-0.1466160
-0.1617958
-0.1807146
-0.1902494
-0.1917684
-0.1944360
-0.2002400
-0.2023050
-0.1968227
-0.1893199
-0.1858211
-0.1833409
-0.1760628
-0.1694208
-0.1792470
-0.2115167
-0.2464109
-0.2479019
-0.1877601
-0.0552912
0.1524078
0.4329274
0.7559479
1.0417245
1.1846580
1.1220512
0.8883401
0.5960375
0.3550488
0.2046196
0.1153276
0.0435648
-0.0254671
-0.0819294
-0.1195532
-0.1467792
-0.1732611
-0.1970829
-0.2104056
-0.2124090
-0.2107690
-0.2123215
-0.2180141
-0.2272684
-0.2411836
-0.2575357
-0.2665116
-0.2580204
-0.2343775
-0.2111929
-0.2024993
-0.2070035
-0.2119937
-0.2093279
-0.2032055
-0.2012328
-0.2022203
-0.1971953
-0.1815383
-0.1616298
-0.1475019
-0.1414601
-0.1368041
-0.1267370
-0.1111946
-0.0940499
-0.0764756
-0.0558815
-0.0307228
-0.0035876
0.0214575
0.0428119
0.0609701
0.0751581
0.0828619
0.0839780
0.0843642
0.0932502
0.1157468
0.1473782
0.1759704
0.1896622
0.1847309
0.1670318
0.1455806
0.1233314
0.0939378
0.0493742
-0.0075358
-0.0594573
-0.0873316
-0.0896580
-0.0877812
-0.1080886
-0.1565941
-0.2122009
-0.2469867
-0.2526869
-0.2452761
-0.2441682
-0.2513759
-0.2546245
-0.2480770
-0.2423428
-0.2498853
-0.2650557
-0.2668120
-0.2435275
-0.2090885
-0.1882283
-0.1879594
-0.1911055
-0.1803420
-0.1609866
-0.1515975
-0.1546255
-0.1482446
-0.1137573
-0.0633338
-0.0279720
-0.0171385
-0.0035502
0.0408380
0.0991163
0.1161713
0.0610151
-0.0223424
-0.0362456
0.0943909
0.3659584
0.7068389
1.0281721
1.2592723
1.3525434
1.2870840
1.0878296
0.8327646
0.6160435
0.4857495
0.4162472
0.3465774
0.2457638
0.1372130
0.0625338
0.0323027
0.0192651
-0.0057610
-0.0431751
-0.0731554
-0.0860394
-0.0939930
-0.1126302
-0.1402482
-0.1618469
-0.1703684
-0.1759200
-0.1913309
-0.2138179
-0.2270237
-0.2210812
-0.2055352
-0.1991412
-0.2091142
-0.2246347
-0.2313012
-0.2280341
-0.2261681
-0.2329004
-0.2399673
-0.2315593
-0.2024145
-0.1652790
-0.1393723
-0.1327666
-0.1373602
-0.1400238
-0.1359053
-0.1295848
-0.1253784
-0.1201624
-0.1071337
-0.0847493
-0.0594991
-0.0397024
-0.0281724
-0.0214332
-0.0142045
-0.0025604
0.0165102
0.0450390
0.0807364
0.1147226
0.1363401
0.1426654
0.1420540
0.1454890
0.1537540
0.1552832
0.1386425
0.1063480
0.0739461
0.0545878
0.0461179
0.0348178
0.0105305
-0.0246185
-0.0622042
-0.0975891
-0.1299220
-0.1540475
-0.1596219
-0.1433379
-0.1195167
-0.1117202
-0.1305489
-0.1626212
-0.1851496
-0.1900938
-0.1895937
-0.1971432
-0.2090000
-0.2094450
-0.1925468
-0.1718555
-0.1653927
-0.1753928
-0.1883572
-0.1936437
-0.1949987
-0.2006609
-0.2077565
-0.2042206
-0.1863802
-0.1674367
-0.1634082
-0.1738039
-0.1824681
-0.1776835
-0.1649349
-0.1559265
-0.1502783
-0.1367096
-0.1130344
-0.0959633
-0.1025859
-0.1227861
-0.1158082
-0.0356271
0.1428142
0.4179522
0.7650945
1.1289992
1.4162803
1.5217833
1.3935391
1.0844141
0.7297627
0.4561680
0.3001386
0.2102727
0.1217894
0.0215139
-0.0579144
-0.0924810
-0.0996012
-0.1154917
-0.1524650
-0.1899357
-0.2058047
-0.2055955
-0.2139386
-0.2422015
-0.2741593
-0.2865893
-0.2778859
-0.2693634
-0.2785790
-0.2975452
-0.3014061
-0.2763093
-0.2337933
-0.1966841
-0.1749982
-0.1599665
-0.1406770
-0.1207773
-0.1142712
-0.1264126
-0.1444522
-0.1507280
-0.1427021
-0.1354353
-0.1428841
-0.1599863
-0.1669505
-0.1511776
-0.1216111
-0.0991566
-0.0945403
-0.0990681
-0.0979196
-0.0888757
-0.0835974
-0.0904753
-0.1009976
-0.0975122
-0.0739425
-0.0444149
-0.0284680
-0.0296039
-0.0326280
-0.0232419
-0.0063076
0.0000041
-0.0120656
-0.0273177
-0.0231220
0.0039756
0.0322202
0.0373579
0.0182027
-0.0042377
-0.0118471
-0.0081702
-0.0093495
-0.0204666
-0.0280795
-0.0184536
0.0024506
0.0142741
0.0077154
-0.0021513
0.0065108
0.0340154
0.0560792
0.0524380
0.0337816
0.0328843
0.0673289
0.1163470
0.1404269
0.1245873
0.0998867
0.1224325
0.2340334
0.4413252
0.7209806
1.0294876
1.3038870
1.4685263
1.4663995
1.3005002
1.0430103
0.7909037
0.6006445
0.4612847
0.3293074
0.1858689
0.0564846
-0.0225740
-0.0483559
-0.0555520
-0.0795818
-0.1230545
-0.1619120
-0.1791005
-0.1838984
-0.1963142
-0.2190820
-0.2328030
-0.2197572
-0.1869907
-0.1609326
-0.1601540
-0.1778158
-0.1923165
-0.1914868
-0.1823752
-0.1784954
-0.1828011
-0.1864839
-0.1820998
-0.1727976
-0.1667179
-0.1654741
-0.1625105
-0.1533433
-0.1436941
-0.1439711
-0.1562117
-0.1697693
-0.1716778
-0.1598868
-0.1444566
-0.1364699
-0.1382026
-0.1448054
-0.1528933
-0.1639090
-0.1784389
-0.1903548
-0.1902424
-0.1753425
-0.1540923
-0.1393921
-0.1382260
-0.1488227
-0.1661767
-0.1868625
-0.2074337
-0.2214120
-0.2223418
-0.2110443
-0.1971581
-0.1902771
-0.1891139
-0.1815672
-0.1574013
-0.1206199
-0.0878568
-0.0737262
-0.0777306
-0.0852821
-0.0810669
-0.0619123
-0.0381480
-0.0232829
-0.0216613
-0.0253229
-0.0231990
-0.0137072
-0.0070066
-0.0129546
-0.0273783
-0.0337842
-0.0214041
0.0004222
0.0109183
0.0028370
-0.0058807
0.0080361
0.0412734
0.0589946
0.0288113
-0.0402702
-0.0968008
-0.0848776
0.0204779
0.2134828
0.4784692
0.7928591
1.1057280
1.3305668
1.3849518
1.2525949
1.0043790
0.7487335
0.5550671
0.4222042
0.3132501
0.2085738
0.1193742
0.0593763
0.0201239
-0.0186122
-0.0617853
-0.0937658
-0.1016215
-0.0955862
-0.0995141
-0.1230738
-0.1504770
-0.1595502
-0.1476811
-0.1338774
-0.1359930
-0.1511063
-0.1610642
-0.1544556
-0.1386584
-0.1297786
-0.1345768
-0.1456963
-0.1534489
-0.1573696
-0.1627952
-0.1684307
-0.1636131
-0.1415556
-0.1123002
-0.0963940
-0.1035261
-0.1211634
-0.1285355
-0.1207060
-0.1136704
-0.1234051
-0.1440465
-0.1527158
-0.1363467
-0.1081547
-0.0932807
-0.1008140
-0.1158064
-0.1193886
-0.1105086
-0.1029947
-0.1046633
-0.1071544
-0.0987432
-0.0812806
-0.0680103
-0.0657122
-0.0659226
-0.0575561
-0.0439210
-0.0402610
-0.0535121
-0.0706029
-0.0720802
-0.0553964
-0.0389330
-0.0413846
-0.0613448
-0.0805998
-0.0849493
-0.0768050
-0.0671988
-0.0610523
-0.0548032
-0.0461245
-0.0396126
-0.0404474
-0.0465226
-0.0513718
-0.0533497
-0.0565287
-0.0613047
-0.0596047
-0.0446063
-0.0232087
-0.0124655
-0.0213167
-0.0399422
-0.0511898
-0.0505226
-0.0495096
-0.0587161
-0.0722560
-0.0739924
-0.0574612
-0.0343556
-0.0217694
-0.0253083
-0.0382550
-0.0539540
-0.0721740
-0.0919758
-0.1048568
-0.1015994
-0.0852216
-0.0713709
-0.0729298
-0.0869020
-0.0997180
-0.1038985
-0.1048591
-0.1100970
-0.1163510
-0.1127248
-0.0959302
-0.0769724
-0.0696732
-0.0756891
-0.0852278
-0.0913798
-0.0979962
-0.1107426
-0.1247103
-0.1271538
-0.1132795
-0.0942642
-0.0855130
-0.0889636
-0.0921459
-0.0857212
-0.0766593
-0.0789227
-0.0930215
-0.1017726
-0.0896949
-0.0624459
-0.0412719
-0.0384594
-0.0438205
-0.0386346
-0.0194521
-0.0022856
-0.0022694
-0.0140468
-0.0169100
0.0017747
0.0331469
0.0584306
0.0697245
0.0745848
0.0811538
0.0850342
0.0753037
0.0515349
0.0292379
0.0250209
0.0374732
0.0460452
0.0308499
-0.0069911
-0.0461460
-0.0661962
-0.0664828
-0.0631276
-0.0690397
-0.0799977
-0.0818334
-0.0690346
-0.0520880
-0.0446225
-0.0462731
-0.0435399
-0.0293155
-0.0168477
-0.0277248
-0.0646292
-0.1004449
-0.0975100
-0.0345668
0.0894249
0.2734837
0.5220090
0.8209228
1.1074126
1.2798709
1.2588209
1.0506594
0.7516368
0.4821150
0.3078976
0.2154444
0.1521878
0.0833016
0.0122159
-0.0414423
-0.0715517
-0.0909501
-0.1141055
-0.1413296
-0.1610501
-0.1639448
-0.1521508
-0.1361036
-0.1256713
-0.1249804
-0.1328423
-0.1451729
-0.1572190
-0.1657877
-0.1705370
-0.1725075
-0.1711287
-0.1639363
-0.1505604
-0.1363763
-0.1298242
-0.1342875
-0.1433842
-0.1468052
-0.1417488
-0.1362394
-0.1383857
-0.1434519
-0.1360420
-0.1076766
-0.0697022
-0.0444006
-0.0423222
-0.0514023
-0.0510525
-0.0355718
-0.0197916
-0.0201442
-0.0333733
-0.0385781
-0.0210683
0.0096519
0.0290550
0.0236154
0.0043332
-0.0063392
0.0017635
0.0179843
0.0246276
0.0163603
0.0049922
0.0065398
0.0250801
0.0489588
0.0614272
0.0549025
0.0367295
0.0225221
0.0226093
0.0323770
0.0357208
0.0208678
-0.0052335
-0.0200849
-0.0066061
0.0281244
0.0571610
0.0587337
0.0368439
0.0156968
0.0137442
0.0251474
0.0285118
0.0127054
-0.0095148
-0.0155039
0.0018018
0.0261074
0.0361658
0.0288679
0.0208899
0.0278573
0.0454033
0.0538884
0.0415298
0.0195346
0.0112855
0.0268598
0.0513659
0.0605424
0.0464544
0.0251083
0.0185430
0.0318929
0.0499390
0.0553299
0.0477290
0.0434076
0.0563569
0.0816453
0.0991389
0.0938598
0.0714978
0.0528538
0.0532034
0.0678693
0.0783533
0.0723018
0.0567402
0.0507499
0.0645873
0.0866229
0.0921762
0.0659881
0.0161028
-0.0338738
-0.0652940
-0.0775938
-0.0831514
-0.0915959
-0.1005558
-0.1016917
-0.0938668
-0.0871449
-0.0918451
-0.1054130
-0.1141710
-0.1097258
-0.1005635
-0.1028423
-0.1190617
-0.1304939
-0.1162121
-0.0801390
-0.0540833
-0.0685767
-0.1200941
-0.1692058
-0.1697569
-0.0952762
0.0619884
0.3040985
0.6206254
0.9617341
1.2305624
1.3260853
1.2125417
0.9516691
0.6608108
0.4308732
0.2777029
0.1645894
0.0612407
-0.0254859
-0.0729917
-0.0806018
-0.0764708
-0.0892712
-0.1210215
-0.1513860
-0.1647145
-0.1669765
-0.1751134
-0.1943540
-0.2111736
-0.2092485
-0.1886735
-0.1662195
-0.1573900
-0.1613094
-0.1646523
-0.1587123
-0.1497826
-0.1512545
-0.1663673
-0.1815377
-0.1793254
-0.1577566
-0.1338206
-0.1258141
-0.1339522
-0.1415730
-0.1354983
-0.1215382
-0.1168011
-0.1277673
-0.1401204
-0.1332266
-0.1035630
-0.0701521
-0.0551148
-0.0613611
-0.0727704
-0.0752859
-0.0727460
-0.0790449
-0.0978824
-0.1158753
-0.1174031
-0.1028428
-0.0880383
-0.0855640
-0.0902747
-0.0867960
-0.0702495
-0.0548490
-0.0588966
-0.0831994
-0.1083164
-0.1140640
-0.0993297
-0.0812107
-0.0764318
-0.0860716
-0.0983430
-0.1034931
-0.1031590
-0.1049751
-0.1109224
-0.1143995
-0.1092256
-0.0986314
-0.0925567
-0.0963433
-0.1043752
-0.1061634
-0.0980418
-0.0874657
-0.0848735
-0.0915156
-0.0967292
-0.0886310
-0.0671088
-0.0444377
-0.0324419
-0.0307004
-0.0290792
-0.0211889
-0.0128924
-0.0156723
-0.0317197
-0.0475887
-0.0452524
-0.0206462
0.0100641
0.0247536
0.0163803
-0.0008870
-0.0064069
0.0069797
0.0274541
0.0371330
0.0297308
0.0161610
0.0134999
0.0284749
0.0515648
0.0669208
0.0672824
0.0587442
0.0519308
0.0503973
0.0486835
0.0409212
0.0291135
0.0205826
0.0168644
0.0079620
-0.0185070
-0.0616668
-0.1038645
-0.1256295
-0.1239425
-0.1141546
-0.1138686
-0.1260847
-0.1383842
-0.1376908
-0.1249471
-0.1148227
-0.1206224
-0.1395130
-0.1533861
-0.1454094
-0.1167602
-0.0876384
-0.0812346
-0.1047000
-0.1435014
-0.1724650
-0.1700513
-0.1200776
-0.0028528
0.2039466
0.5016838
0.8420133
1.1285521
1.2628495
1.2048821
0.9983840
0.7384237
0.5084512
0.3389443
0.2158230
0.1183411
0.0429071
-0.0063416
-0.0381020
-0.0736996
-0.1243774
-0.1749864
-0.1968533
-0.1783589
-0.1401393
-0.1175070
-0.1281070
-0.1585942
-0.1824947
-0.1872037
-0.1808934
-0.1766300
-0.1766924
-0.1744747
-0.1664518
-0.1566153
-0.1497372
-0.1449716
-0.1384259
-0.1300319
-0.1250492
-0.1285038
-0.1398495
-0.1537454
-0.1641493
-0.1657901
-0.1537664
-0.1268335
-0.0929487
-0.0671964
-0.0591165
-0.0626477
-0.0627669
-0.0528043
-0.0413964
-0.0400249
-0.0466739
-0.0465362
-0.0298103
-0.0052128
0.0079744
0.0010736
-0.0144955
-0.0211427
-0.0158665
-0.0127280
-0.0245784
-0.0467545
-0.0616399
-0.0571971
-0.0381879
-0.0201829
-0.0154007
-0.0245203
-0.0395085
-0.0520937
-0.0596979
-0.0651526
-0.0725661
-0.0835028
-0.0954008
-0.1027415
-0.1015598
-0.0950602
-0.0939136
-0.1078276
-0.1354142
-0.1638976
-0.1805783
-0.1848048
-0.1880716
-0.2016907
-0.2240203
-0.2408791
-0.2407880
-0.2301534
-0.2301164
-0.2549788
-0.2945161
-0.3213349
-0.3176942
-0.2938745
-0.2780745
-0.2871602
-0.3073987
-0.3051258
-0.2582361
-0.1784291
-0.1026248
-0.0622413
-0.0597100
-0.0718949
-0.0732750
-0.0564403
-0.0339581
-0.0226143
-0.0248667
-0.0252634
-0.0071851
0.0257022
0.0472366
0.0320994
-0.0158680
-0.0569867
-0.0363398
0.0865028
0.3193137
0.6347004
0.9741499
1.2553231
1.3929683
1.3388138
1.1180432
0.8243770
0.5647289
0.3950513
0.3016340
0.2373389
0.1703192
0.1005670
0.0417863
-0.0003889
-0.0305447
-0.0526130
-0.0657881
-0.0717218
-0.0785003
-0.0918119
-0.1053268
-0.1072488
-0.0974645
-0.0914854
-0.1027234
-0.1243872
-0.1346453
-0.1198953
-0.0893186
-0.0653114
-0.0617258
-0.0730707
-0.0838447
-0.0855896
-0.0827611
-0.0830314
-0.0858858
-0.0833863
-0.0701739
-0.0494727
-0.0298244
-0.0186488
-0.0184396
-0.0257470
-0.0328279
-0.0328412
-0.0254083
-0.0167233
-0.0137394
-0.0182862
-0.0260107
-0.0300888
-0.0267210
-0.0182882
-0.0109558
-0.0087435
-0.0106158
-0.0132741
-0.0149255
-0.0158164
-0.0173445
-0.0216006
-0.0290827
-0.0350587
-0.0309501
-0.0127434
0.0125996
0.0317988
0.0371516
0.0333290
0.0323980
0.0419609
0.0577100
0.0684031
0.0691326
0.0680409
0.0772844
0.0981750
0.1184198
0.1242484
0.1127540
0.0923212
0.0735228
0.0596362
0.0435819
0.0144462
-0.0297722
-0.0753699
-0.1021618
-0.1018266
-0.0863772
-0.0772064
-0.0852320
-0.1014244
-0.1074947
-0.0972925
-0.0862825
-0.0957015
-0.1267842
-0.1560080
-0.1592873
-0.1371856
-0.1123611
-0.1051188
-0.1158380
-0.1291769
-0.1301614
-0.1160039
-0.0967916
-0.0876351
-0.0992980
-0.1331449
-0.1803704
-0.2225917
-0.2344356
-0.1893179
-0.0646182
0.1545878
0.4638371
0.8176650
1.1229333
1.2753610
1.2246678
1.0123959
0.7442793
0.5195998
0.3760766
0.2888354
0.2135304
0.1302955
0.0515309
-0.0039793
-0.0349645
-0.0543908
-0.0715338
-0.0848251
-0.0882591
-0.0778391
-0.0543957
-0.0264780
-0.0080162
-0.0061763
-0.0122817
-0.0104965
0.0041979
0.0199097
0.0191394
-0.0049440
-0.0408273
-0.0670470
-0.0734678
-0.0746547
-0.0945359
-0.1359759
-0.1745766
-0.1864973
-0.1737560
-0.1575017
-0.1548569
-0.1673248
-0.1835334
-0.1879083
-0.1739249
-0.1530972
-0.1441829
-0.1519456
-0.1647948
-0.1722846
-0.1729408
-0.1667298
-0.1562680
-0.1545145
-0.1704731
-0.1860233
-0.1721848
-0.1338625
-0.1093206
-0.1127723
-0.1081766
-0.0624158
