-0.1928853
-0.1917452
-0.1313704
-0.1016790
-0.1178484
-0.1305835
-0.1245334
-0.1272756
-0.1397069
-0.1313045
-0.1018935
-0.0876108
-0.1009379
-0.1120573
-0.0950459
-0.0556270
-0.0108711
0.0270085
0.0461468
0.0415313
0.0257207
0.0129087
-0.0008555
-0.0222319
-0.0380820
-0.0331418
-0.0201718
-0.0262635
-0.0539169
-0.0781505
-0.0798343
-0.0646964
-0.0525365
-0.0608372
-0.0932627
-0.1323933
-0.1506602
-0.1392951
-0.1195107
-0.1168122
-0.1334283
-0.1535834
-0.1642384
-0.1607572
-0.1427234
-0.1158394
-0.0926035
-0.0840025
-0.0940527
-0.1218449
-0.1584372
-0.1808699
-0.1616459
-0.0859042
0.0534335
0.2759146
0.6038608
1.0134611
1.4030637
1.6306337
1.6011155
1.3340814
0.9563107
0.6198780
0.4062143
0.2947737
0.2174831
0.1342340
0.0528149
-0.0066892
-0.0433970
-0.0704026
-0.0950023
-0.1131990
-0.1194777
-0.1177322
-0.1213518
-0.1392303
-0.1617804
-0.1690684
-0.1570284
-0.1466336
-0.1588748
-0.1869868
-0.2030712
-0.1897925
-0.1581106
-0.1344206
-0.1348522
-0.1517263
-0.1630272
-0.1556910
-0.1383461
-0.1282830
-0.1297309
-0.1327228
-0.1307768
-0.1278279
-0.1252563
-0.1136615
-0.0853093
-0.0491064
-0.0258514
-0.0287417
-0.0502991
-0.0677909
-0.0628124
-0.0382755
-0.0145382
-0.0060864
-0.0054276
0.0057685
0.0340050
0.0691486
0.0989352
0.1197629
0.1334109
0.1412597
0.1453048
0.1511462
0.1660296
0.1918992
0.2192013
0.2307276
0.2186582
0.1987748
0.1994055
0.2309047
0.2716511
0.2902389
0.2778440
0.2530588
0.2374979
0.2328094
0.2222396
0.1914537
0.1459476
0.1069537
0.0895058
0.0869868
0.0802978
0.0593235
0.0298392
0.0014027
-0.0234077
-0.0462720
-0.0669688
-0.0843185
-0.0998978
-0.1171960
-0.1373530
-0.1559646
-0.1638598
-0.1539886
-0.1309595
-0.1116656
-0.1116108
-0.1299874
-0.1504040
-0.1558711
-0.1424256
-0.1215551
-0.1121603
-0.1263970
-0.1578705
-0.1840802
-0.1843095
-0.1566461
-0.1182574
-0.0914454
-0.0888256
-0.1061155
-0.1255245
-0.1299022
-0.1184137
-0.1074407
-0.1131640
-0.1337616
-0.1503283
-0.1447649
-0.1164744
-0.0829543
-0.0644042
-0.0667337
-0.0798577
-0.0921550
-0.1020942
-0.1125728
-0.1198066
-0.1169628
-0.1077570
-0.1062335
-0.1185177
-0.1315232
-0.1269426
-0.1048112
-0.0867379
-0.0926422
-0.1167897
-0.1320917
-0.1208363
-0.0973026
-0.0931886
-0.1204652
-0.1560815
-0.1671126
-0.1449840
-0.1095310
-0.0847549
-0.0791491
-0.0881112
-0.1052838
-0.1255746
-0.1411491
-0.1425637
-0.1284071
-0.1119314
-0.1118060
-0.1320108
-0.1538522
-0.1538035
-0.1292151
-0.1011316
-0.0907695
-0.0985125
-0.1085374
-0.1093202
-0.1047353
-0.1061876
-0.1176749
-0.1302271
-0.1308525
-0.1161878
-0.0958215
-0.0818012
-0.0773103
-0.0771499
-0.0759714
-0.0721286
-0.0654603
-0.0563094
-0.0469405
-0.0397714
-0.0326817
-0.0187229
0.0072163
0.0413115
0.0707341
0.0818181
0.0707003
0.0469630
0.0254244
0.0136825
0.0086529
0.0038818
-0.0037544
-0.0146302
-0.0280126
-0.0401411
-0.0452569
-0.0435784
-0.0459143
-0.0641862
-0.0957588
-0.1213072
-0.1227145
-0.1036660
-0.0889993
-0.0995467
-0.1279848
-0.1446853
-0.1299345
-0.0954028
-0.0687175
-0.0611508
-0.0594467
-0.0497041
-0.0394150
-0.0485315
-0.0809662
-0.1094145
-0.0870533
0.0291577
0.2623128
0.6068155
1.0174965
1.4023591
1.6431484
1.6530625
1.4360586
1.0916554
0.7514160
0.4991508
0.3406898
0.2361671
0.1511363
0.0796742
0.0318005
0.0101955
0.0014184
-0.0140227
-0.0461146
-0.0886172
-0.1245012
-0.1382008
-0.1279477
-0.1105025
-0.1105111
-0.1380877
-0.1757014
-0.1926781
-0.1758570
-0.1430350
-0.1236279
-0.1286555
-0.1430430
-0.1460329
-0.1347124
-0.1250442
-0.1314160
-0.1491791
-0.1598323
-0.1513261
-0.1288398
-0.1055061
-0.0882523
-0.0762499
-0.0684551
-0.0656596
-0.0654739
-0.0616216
-0.0512987
-0.0401018
-0.0358017
-0.0371734
-0.0318893
-0.0084307
0.0293145
0.0619296
0.0721653
0.0627623
0.0540830
0.0636026
0.0900711
0.1181131
0.1349750
0.1408871
0.1458860
0.1598747
0.1851416
0.2154919
0.2408960
0.2535019
0.2514490
0.2399651
0.2296374
0.2300627
0.2408361
0.2492271
0.2410159
0.2157047
0.1891399
0.1790457
0.1877677
0.1993590
0.1935580
0.1635719
0.1213242
0.0850992
0.0616509
0.0412694
0.0106220
-0.0316264
-0.0734259
-0.1016039
-0.1128551
-0.1131309
-0.1093237
-0.1039958
-0.0983633
-0.0978212
-0.1097363
-0.1327631
-0.1517213
-0.1503411
-0.1314647
-0.1190210
-0.1339627
-0.1690787
-0.1927043
-0.1798010
-0.1378583
-0.1002685
-0.0942938
-0.1167444
-0.1412024
-0.1467182
-0.1363443
-0.1281676
-0.1333409
-0.1465781
-0.1551495
-0.1515132
-0.1367134
-0.1163970
-0.0969580
-0.0840672
-0.0815478
-0.0894249
-0.1022627
-0.1104946
-0.1066003
-0.0926430
-0.0808987
-0.0840624
-0.1030549
-0.1245519
-0.1313244
-0.1167132
-0.0911887
-0.0748736
-0.0807797
-0.1028337
-0.1210105
-0.1203721
-0.1058115
-0.0974853
-0.1109773
-0.1410863
-0.1648085
-0.1617311
-0.1334770
-0.1029589
-0.0930270
-0.1059846
-0.1249287
-0.1331652
-0.1287444
-0.1206932
-0.1166983
-0.1182336
-0.1247352
-0.1364770
-0.1508426
-0.1586391
-0.1491202
-0.1216516
-0.0911954
-0.0783205
-0.0911582
-0.1176949
-0.1369812
-0.1376792
-0.1258517
-0.1167854
-0.1206178
-0.1341589
-0.1443131
-0.1397471
-0.1208758
-0.0988598
-0.0848918
-0.0815488
-0.0845438
-0.0897994
-0.0958292
-0.1006053
-0.1005752
-0.0952194
-0.0907362
-0.0953407
-0.1086279
-0.1170511
-0.1040500
-0.0672716
-0.0240868
0.0032494
0.0084034
0.0053567
0.0122718
0.0330270
0.0549317
0.0624514
0.0519974
0.0345317
0.0250456
0.0293384
0.0403516
0.0464850
0.0420193
0.0290495
0.0118468
-0.0072431
-0.0264072
-0.0426068
-0.0542466
-0.0650097
-0.0818979
-0.1067251
-0.1296988
-0.1347921
-0.1150245
-0.0824156
-0.0598729
-0.0616023
-0.0822109
-0.1044837
-0.1149500
-0.1113048
-0.0992187
-0.0867892
-0.0813246
-0.0864701
-0.0991613
-0.1100819
-0.1083481
-0.0838656
-0.0211870
0.1088504
0.3417003
0.6865830
1.0894134
1.4322125
1.5884584
1.5013814
1.2225135
0.8770875
0.5846064
0.3968598
0.2935146
0.2243568
0.1551015
0.0829312
0.0216416
-0.0199135
-0.0461714
-0.0687947
-0.0961471
-0.1266642
-0.1498939
-0.1553981
-0.1434198
-0.1265704
-0.1188926
-0.1230988
-0.1300505
-0.1305288
-0.1253055
-0.1227190
-0.1282521
-0.1389944
-0.1484289
-0.1537889
-0.1557231
-0.1517079
-0.1350759
-0.1046248
-0.0728064
-0.0581437
-0.0668287
-0.0848014
-0.0913838
-0.0801993
-0.0643387
-0.0606711
-0.0708904
-0.0793594
-0.0691910
-0.0390015
-0.0031676
0.0228754
0.0351957
0.0399802
0.0441966
0.0510652
0.0623931
0.0796543
0.1004392
0.1171077
0.1234583
0.1237824
0.1325607
0.1615307
0.2056832
0.2440920
0.2577759
0.2476695
0.2335849
0.2349084
0.2534555
0.2750656
0.2850836
0.2802872
0.2679542
0.2575212
0.2544124
0.2589445
0.2669821
0.2701831
0.2585774
0.2280057
0.1870377
0.1528377
0.1349131
0.1226512
0.0938273
0.0391569
-0.0232542
-0.0619911
-0.0625851
-0.0425361
-0.0346922
-0.0558446
-0.0929711
-0.1202431
-0.1265335
-0.1231766
-0.1264411
-0.1384020
-0.1482838
-0.1485021
-0.1429336
-0.1388315
-0.1362044
-0.1295149
-0.1179936
-0.1092335
-0.1104444
-0.1188691
-0.1247695
-0.1240570
-0.1238921
-0.1326423
-0.1466090
-0.1517021
-0.1392302
-0.1160870
-0.0968108
-0.0883738
-0.0863795
-0.0846587
-0.0833552
-0.0854251
-0.0890436
-0.0888810
-0.0854849
-0.0882241
-0.1037267
-0.1224761
-0.1234591
-0.0966351
-0.0582966
-0.0386704
-0.0527859
-0.0862746
-0.1112417
-0.1138028
-0.1039053
-0.0998993
-0.1076184
-0.1167353
-0.1155163
-0.1046604
-0.0943252
-0.0903437
-0.0885783
-0.0841138
-0.0811871
-0.0887559
-0.1069836
-0.1237092
-0.1277398
-0.1229904
-0.1241766
-0.1369928
-0.1470535
-0.1343661
-0.0992185
-0.0677901
-0.0668043
-0.0944014
-0.1218221
-0.1249431
-0.1089393
-0.0983355
-0.1067892
-0.1232573
-0.1282134
-0.1169291
-0.1016928
-0.0939081
-0.0913948
-0.0861693
-0.0790983
-0.0793373
-0.0893968
-0.0985397
-0.0962052
-0.0877467
-0.0890855
-0.1049303
-0.1190828
-0.1114809
-0.0824076
-0.0542648
-0.0482367
-0.0630527
-0.0795546
-0.0834506
-0.0782964
-0.0753115
-0.0761875
-0.0716614
-0.0554253
-0.0326045
-0.0117000
0.0068418
0.0282818
0.0512541
0.0645282
0.0598266
0.0446231
0.0362054
0.0410758
0.0443777
0.0254736
-0.0150465
-0.0489885
-0.0467500
-0.0102161
0.0246772
0.0213058
-0.0223840
-0.0733896
-0.0974079
-0.0908368
-0.0790692
-0.0862755
-0.1109281
-0.1316928
-0.1328463
-0.1185543
-0.1028030
-0.0922405
-0.0839067
-0.0760462
-0.0728864
-0.0764598
-0.0802302
-0.0775951
-0.0748209
-0.0866987
-0.1134665
-0.1252390
-0.0769585
0.0583271
0.2738984
0.5457887
0.8528641
1.1669849
1.4252393
1.5342215
1.4284694
1.1358942
0.7777120
0.4891235
0.3291043
0.2604212
0.2091554
0.1364406
0.0553971
-0.0056241
-0.0393446
-0.0585337
-0.0742410
-0.0882860
-0.1035252
-0.1269793
-0.1562989
-0.1720815
-0.1557778
-0.1159846
-0.0873167
-0.0962473
-0.1314888
-0.1557100
-0.1473297
-0.1237301
-0.1183464
-0.1396269
-0.1613725
-0.1546652
-0.1212371
-0.0892459
-0.0804041
-0.0896854
-0.0979588
-0.0961205
-0.0903550
-0.0876255
-0.0853378
-0.0783868
-0.0696748
-0.0658826
-0.0639666
-0.0504664
-0.0192004
0.0153184
0.0301989
0.0206302
0.0075896
0.0151734
0.0438360
0.0713020
0.0791024
0.0727832
0.0737855
0.0954643
0.1315977
0.1669530
0.1931102
0.2111979
0.2238001
0.2308464
0.2337588
0.2375473
0.2448310
0.2510832
0.2509866
0.2487181
0.2560984
0.2775617
0.3004014
0.3048119
0.2840639
0.2514644
0.2255172
0.2102030
0.1926428
0.1595590
0.1126078
0.0661248
0.0327816
0.0146155
0.0060782
0.0001610
-0.0104890
-0.0334614
-0.0710652
-0.1141521
-0.1463489
-0.1587347
-0.1595605
-0.1656298
-0.1825718
-0.1966748
-0.1901551
-0.1640652
-0.1412038
-0.1428578
-0.1649550
-0.1821755
-0.1766286
-0.1582820
-0.1533215
-0.1737257
-0.2027824
-0.2125950
-0.1934281
-0.1625850
-0.1448655
-0.1481184
-0.1600743
-0.1659474
-0.1638506
-0.1621404
-0.1664445
-0.1734654
-0.1759508
-0.1694446
-0.1537036
-0.1317140
-0.1103999
-0.0998015
-0.1061432
-0.1236101
-0.1363907
-0.1334793
-0.1217610
-0.1204213
-0.1395541
-0.1663705
-0.1765792
-0.1600171
-0.1321419
-0.1185185
-0.1295795
-0.1522923
-0.1652012
-0.1591146
-0.1433390
-0.1348038
-0.1430623
-0.1639841
-0.1843259
-0.1913250
-0.1808354
-0.1598873
-0.1417745
-0.1360576
-0.1415057
-0.1492810
-0.1533833
-0.1564837
-0.1645072
-0.1773996
-0.1879340
-0.1893361
-0.1814802
-0.1690358
-0.1564260
-0.1468625
-0.1439789
-0.1495588
-0.1583868
-0.1598477
-0.1496810
-0.1391430
-0.1461063
-0.1731495
-0.1982125
-0.1938268
-0.1572607
-0.1170689
-0.1059363
-0.1283530
-0.1579348
-0.1657465
-0.1479705
-0.1255244
-0.1205774
-0.1365663
-0.1589322
-0.1702919
-0.1634931
-0.1442143
-0.1255507
-0.1192504
-0.1272894
-0.1396334
-0.1429729
-0.1345426
-0.1256903
-0.1282521
-0.1377250
-0.1343394
-0.1037923
-0.0552300
-0.0152710
-0.0032652
-0.0137793
-0.0239263
-0.0165186
0.0047105
0.0207130
0.0153627
-0.0106937
-0.0400525
-0.0506826
-0.0323803
0.0029189
0.0269016
0.0166422
-0.0245389
-0.0688863
-0.0904766
-0.0903140
-0.0927570
-0.1161887
-0.1505153
-0.1674555
-0.1524531
-0.1218762
-0.1057023
-0.1154113
-0.1333938
-0.1348098
-0.1158282
-0.0965407
-0.0971971
-0.1158603
-0.1315485
-0.1274242
-0.1080468
-0.0931066
-0.0947428
-0.0999919
-0.0724430
0.0305484
0.2377465
0.5488731
0.9254726
1.2911181
1.5495663
1.6229138
1.4925428
1.2134453
0.8861709
0.6030420
0.4066212
0.2868173
0.2092571
0.1451097
0.0814534
0.0164777
-0.0451819
-0.0930644
-0.1157785
-0.1124288
-0.0985626
-0.0957759
-0.1127591
-0.1379367
-0.1524715
-0.1498340
-0.1411601
-0.1418901
-0.1551167
-0.1686865
-0.1672559
-0.1464580
-0.1170890
-0.0973871
-0.0995400
-0.1194261
-0.1380388
-0.1366455
-0.1147762
-0.0925063
-0.0906000
-0.1067771
-0.1151384
-0.0929197
-0.0468692
-0.0089107
-0.0039131
-0.0244158
-0.0400570
-0.0304650
-0.0046644
0.0129640
0.0117297
0.0055804
0.0162957
0.0501668
0.0928138
0.1241545
0.1360064
0.1366908
0.1416646
0.1597533
0.1856066
0.2042113
0.2050821
0.1946902
0.1938897
0.2191856
0.2644263
0.3030144
0.3115297
0.2919792
0.2693013
0.2664529
0.2831580
0.2992028
0.2961366
0.2738851
0.2479856
0.2340128
0.2348124
0.2392367
0.2308526
0.2002314
0.1530651
0.1071546
0.0781559
0.0654059
0.0527273
0.0257310
-0.0119370
-0.0423749
-0.0541822
-0.0560628
-0.0662576
-0.0899212
-0.1121117
-0.1155082
-0.1016738
-0.0904117
-0.0983989
-0.1222294
-0.1437642
-0.1488313
-0.1377216
-0.1199339
-0.1045053
-0.0971173
-0.1010206
-0.1141058
-0.1255328
-0.1223867
-0.1044454
-0.0888129
-0.0929335
-0.1118787
-0.1187326
-0.0931617
-0.0477822
-0.0197081
-0.0329715
-0.0726081
-0.1000020
-0.0928706
-0.0658389
-0.0507173
-0.0611565
-0.0809884
-0.0852310
-0.0665368
-0.0391500
-0.0218770
-0.0222885
-0.0357285
-0.0530453
-0.0663018
-0.0713441
-0.0706362
-0.0733288
-0.0869836
-0.1061283
-0.1126976
-0.0936788
-0.0590193
-0.0370279
-0.0477439
-0.0818899
-0.1096082
-0.1104584
-0.0923026
-0.0800612
-0.0891064
-0.1122866
-0.1305619
-0.1312790
-0.1152315
-0.0913792
-0.0703205
-0.0615174
-0.0695151
-0.0880153
-0.1008795
-0.0959074
-0.0796208
-0.0735557
-0.0910558
-0.1192245
-0.1293873
-0.1076725
-0.0718072
-0.0537863
-0.0668229
-0.0931780
-0.1052517
-0.0947441
-0.0778886
-0.0744906
-0.0873163
-0.1033700
-0.1103331
-0.1065294
-0.0962630
-0.0821545
-0.0660140
-0.0537934
-0.0531545
-0.0639542
-0.0747729
-0.0731212
-0.0591768
-0.0462780
-0.0458658
-0.0532274
-0.0505105
-0.0244541
0.0198239
0.0628139
0.0870972
0.0895240
0.0793722
0.0678677
0.0604688
0.0565850
0.0527994
0.0450615
0.0302973
0.0094819
-0.0100436
-0.0180872
-0.0109726
0.0017645
0.0025256
-0.0192387
-0.0558865
-0.0869745
-0.0979387
-0.0942109
-0.0957519
-0.1160847
-0.1464121
-0.1617055
-0.1441998
-0.1016957
-0.0621598
-0.0490314
-0.0607543
-0.0741914
-0.0684559
-0.0460563
-0.0310406
-0.0456825
-0.0865982
-0.1200603
-0.0979214
0.0202299
0.2517206
0.5829829
0.9647827
1.3144573
1.5368273
1.5649922
1.3987485
1.1088245
0.7973756
0.5422970
0.3672148
0.2540730
0.1766263
0.1207888
0.0807771
0.0481500
