0.0746235
0.0049405
-0.0377093
-0.0545030
-0.0731122
-0.1157626
-0.1717533
-0.2013363
-0.1702641
-0.0862171
-0.0024648
0.0201443
-0.0371324
-0.1345946
-0.2078382
-0.2211553
-0.1917316
-0.1655695
-0.1727051
-0.2049362
-0.2316934
-0.2319390
-0.2101668
-0.1862557
-0.1746854
-0.1740787
-0.1737268
-0.1671164
-0.1580123
-0.1538396
-0.1545637
-0.1503139
-0.1318271
-0.1027589
-0.0788878
-0.0730424
-0.0818238
-0.0896330
-0.0857599
-0.0745825
-0.0673443
-0.0667531
-0.0639801
-0.0509394
-0.0310871
-0.0150942
-0.0084305
-0.0076121
-0.0081749
-0.0108097
-0.0163664
-0.0187866
-0.0096833
0.0091701
0.0240193
0.0249440
0.0208887
0.0317053
0.0626251
0.0922054
0.0925512
0.0612639
0.0265709
0.0164260
0.0263849
0.0255231
-0.0041329
-0.0406949
-0.0424324
0.0048551
0.0668660
0.0927614
0.0669364
0.0234720
0.0067856
0.0222869
0.0322189
0.0009831
-0.0612820
-0.1057047
-0.0945175
-0.0394683
0.0111217
0.0202032
-0.0064790
-0.0342540
-0.0381741
-0.0243678
-0.0169628
-0.0307602
-0.0586894
-0.0813684
-0.0841533
-0.0663304
-0.0395415
-0.0200699
-0.0190278
-0.0345744
-0.0526731
-0.0590375
-0.0530767
-0.0485370
-0.0575015
-0.0745241
-0.0808581
-0.0665947
-0.0452047
-0.0408640
-0.0608350
-0.0854762
-0.0899811
-0.0741498
-0.0647005
-0.0850962
-0.1261840
-0.1518819
-0.1354785
-0.0877945
-0.0473556
-0.0438949
-0.0733086
-0.1069026
-0.1210140
-0.1158956
-0.1090721
-0.1150407
-0.1322861
-0.1469286
-0.1465466
-0.1314013
-0.1142787
-0.1093036
-0.1190705
-0.1321027
-0.1344353
-0.1248283
-0.1171728
-0.1254427
-0.1461933
-0.1589453
-0.1468145
-0.1165249
-0.0952374
-0.1051660
-0.1406588
-0.1707695
-0.1656908
-0.1231835
-0.0716208
-0.0468588
-0.0621453
-0.0962865
-0.1108148
-0.0827137
-0.0249471
0.0236692
0.0308997
-0.0030484
-0.0490308
-0.0766344
-0.0783144
-0.0681377
-0.0607559
-0.0555008
-0.0415415
-0.0149274
0.0137617
0.0294344
0.0274508
0.0161196
0.0047796
-0.0075419
-0.0286765
-0.0584801
-0.0808080
-0.0748231
-0.0366386
0.0113977
0.0355296
0.0164707
-0.0379411
-0.1029460
-0.1564443
-0.1888413
-0.1995484
-0.1918144
-0.1740361
-0.1608134
-0.1633308
-0.1729240
-0.1549961
-0.0636606
0.1320499
0.4281975
0.7805584
1.1119288
1.3319390
1.3714037
1.2203677
0.9420748
0.6423443
0.4096295
0.2707976
0.1958567
0.1402090
0.0820685
0.0263642
-0.0152359
-0.0399773
-0.0530936
-0.0607413
-0.0679047
-0.0781480
-0.0892569
-0.0909657
-0.0749111
-0.0506981
-0.0467774
-0.0866988
-0.1614359
-0.2296625
-0.2513217
-0.2226590
-0.1766795
-0.1492532
-0.1476410
-0.1532106
-0.1500721
-0.1435917
-0.1484848
-0.1642262
-0.1698886
-0.1459591
-0.0979997
-0.0543305
-0.0391100
-0.0494659
-0.0605339
-0.0517624
-0.0259558
-0.0025476
0.0046970
0.0007795
0.0020694
0.0198736
0.0524307
0.0892302
0.1181103
0.1276864
0.1088689
0.0619383
0.0048180
-0.0310555
-0.0221110
0.0248079
0.0727452
0.0826785
0.0457307
-0.0103641
-0.0463586
-0.0443153
-0.0188198
0.0007257
-0.0022929
-0.0195713
-0.0297663
-0.0205813
0.0001069
0.0128371
0.0048411
-0.0196498
-0.0455310
-0.0616157
-0.0686278
-0.0733025
-0.0774111
-0.0761128
-0.0675982
-0.0600900
-0.0643571
-0.0794963
-0.0914428
-0.0895461
-0.0824083
-0.0916501
-0.1275446
-0.1739413
-0.2017480
-0.1980523
-0.1792793
-0.1743531
-0.1972307
-0.2380548
-0.2783723
-0.3092065
-0.3326496
-0.3510736
-0.3609424
-0.3573458
-0.3399633
-0.3118854
-0.2746936
-0.2278902
-0.1733881
-0.1186294
-0.0743149
-0.0493087
-0.0465461
-0.0604673
-0.0764427
-0.0761145
-0.0502952
-0.0104753
0.0153572
0.0046740
-0.0367930
-0.0706153
-0.0411265
0.1019555
0.3815660
0.7714321
1.1828663
1.4834341
1.5580266
1.3805705
1.0377546
0.6761125
0.4104486
0.2670908
0.2004813
0.1532737
0.1000308
0.0465969
0.0054853
-0.0206737
-0.0389754
-0.0596212
-0.0895207
-0.1257932
-0.1538052
-0.1576597
-0.1378471
-0.1160291
-0.1162825
-0.1402080
-0.1645613
-0.1658714
-0.1441766
-0.1187279
-0.1030927
-0.0919633
-0.0748501
-0.0554941
-0.0490090
-0.0604046
-0.0747274
-0.0739773
-0.0595964
-0.0507619
-0.0595454
-0.0739802
-0.0707706
-0.0427390
-0.0078301
0.0111529
0.0115335
0.0108063
0.0231289
0.0422030
0.0512931
0.0465375
0.0434778
0.0583860
0.0873805
0.1088269
0.1063452
0.0856158
0.0661802
0.0590322
0.0566766
0.0460650
0.0266448
0.0105227
0.0056443
0.0048311
-0.0049241
-0.0256366
-0.0463799
-0.0584429
-0.0669837
-0.0831216
-0.1064572
-0.1218631
-0.1172646
-0.1012936
-0.0967574
-0.1144400
-0.1380378
-0.1405787
-0.1153387
-0.0852809
-0.0789911
-0.0999216
-0.1232890
-0.1231676
-0.0990451
-0.0735684
-0.0663712
-0.0742958
-0.0786205
-0.0682084
-0.0509503
-0.0422300
-0.0466914
-0.0550565
-0.0572117
-0.0538150
-0.0533013
-0.0602911
-0.0704816
-0.0771751
-0.0798646
-0.0836146
-0.0905036
-0.0951485
-0.0912668
-0.0811769
-0.0750029
-0.0791816
-0.0884164
-0.0917425
-0.0857827
-0.0791518
-0.0826506
-0.0966983
-0.1103412
-0.1126236
-0.1033254
-0.0916066
-0.0855726
-0.0857409
-0.0889376
-0.0951403
-0.1068417
-0.1220437
-0.1316760
-0.1268297
-0.1082519
-0.0868426
-0.0735777
-0.0689075
-0.0628160
-0.0461090
-0.0214091
-0.0015986
0.0035331
-0.0017559
-0.0028669
0.0105010
0.0343382
0.0549762
0.0626154
0.0594009
0.0546601
0.0539864
0.0547591
0.0520338
0.0457557
0.0392347
0.0314903
0.0154020
-0.0139337
-0.0509208
-0.0829648
-0.1028649
-0.1153565
-0.1293788
-0.1449031
-0.1507650
-0.1378469
-0.1128315
-0.0945973
-0.0948842
-0.1054697
-0.1086773
-0.0999650
-0.0948628
-0.1102198
-0.1411278
-0.1606888
-0.1419495
-0.0742341
0.0454259
0.2297342
0.4940074
0.8192469
1.1253276
1.2985548
1.2652190
1.0478448
0.7495394
0.4799746
0.2905267
0.1692133
0.0825597
0.0127613
-0.0407769
-0.0801691
-0.1158109
-0.1537605
-0.1852488
-0.1959296
-0.1843927
-0.1663992
-0.1597893
-0.1687443
-0.1842779
-0.1962999
-0.2013033
-0.2000632
-0.1935555
-0.1842277
-0.1786461
-0.1836507
-0.1972794
-0.2057688
-0.1942238
-0.1626247
-0.1294237
-0.1161284
-0.1273359
-0.1467494
-0.1529099
-0.1381693
-0.1128514
-0.0928336
-0.0843880
-0.0807987
-0.0724417
-0.0584505
-0.0469774
-0.0440424
-0.0443009
-0.0352289
-0.0108333
0.0202211
0.0416011
0.0449447
0.0380566
0.0363706
0.0458909
0.0563762
0.0536656
0.0379690
0.0262403
0.0342531
0.0582771
0.0776518
0.0758973
0.0572463
0.0410373
0.0408715
0.0515118
0.0572423
0.0512144
0.0430300
0.0458344
0.0586124
0.0651065
0.0509595
0.0195413
-0.0109876
-0.0256689
-0.0263995
-0.0272246
-0.0367079
-0.0466695
-0.0405267
-0.0132342
0.0194591
0.0345092
0.0246921
0.0064847
0.0036082
0.0230329
0.0483117
0.0572082
0.0452173
0.0298860
0.0311266
0.0495907
0.0679006
0.0727302
0.0704131
0.0766921
0.0935110
0.1024996
0.0852339
0.0479440
0.0212566
0.0322723
0.0773065
0.1244170
0.1435041
0.1325123
0.1138454
0.1083317
0.1162175
0.1227099
0.1176016
0.1066178
0.1044456
0.1185245
0.1403391
0.1528017
0.1462663
0.1263647
0.1049885
0.0847145
0.0554970
0.0089478
-0.0456702
-0.0838490
-0.0877280
-0.0658281
-0.0479050
-0.0570557
-0.0872077
-0.1108475
-0.1094187
-0.0931105
-0.0885395
-0.1087406
-0.1383934
-0.1492251
-0.1286611
-0.0927487
-0.0714880
-0.0820655
-0.1164493
-0.1533038
-0.1767443
-0.1770209
-0.1321796
0.0011205
0.2619098
0.6359354
1.0294699
1.3035515
1.3553683
1.1852277
0.8920196
0.6003248
0.3825636
0.2386510
0.1353155
0.0529948
-0.0053054
-0.0377525
-0.0604548
-0.0942828
-0.1399319
-0.1751134
-0.1807254
-0.1659679
-0.1609516
-0.1833498
-0.2177745
-0.2324645
-0.2140378
-0.1809077
-0.1622496
-0.1682357
-0.1837823
-0.1890899
-0.1813985
-0.1742295
-0.1777117
-0.1846162
-0.1783550
-0.1525003
-0.1185745
-0.0940650
-0.0853264
-0.0834816
-0.0754654
-0.0576461
-0.0391267
-0.0322039
-0.0389481
-0.0470968
-0.0404722
-0.0143992
0.0194130
0.0434118
0.0493118
0.0433066
0.0377254
0.0384713
0.0408679
0.0376726
0.0298746
0.0271078
0.0361802
0.0510847
0.0572749
0.0466549
0.0271951
0.0164142
0.0241993
0.0412589
0.0457130
0.0240737
-0.0130456
-0.0384132
-0.0340975
-0.0097572
0.0066426
-0.0035363
-0.0325022
-0.0565587
-0.0617907
-0.0569734
-0.0603853
-0.0764812
-0.0901970
-0.0858728
-0.0672969
-0.0532685
-0.0539522
-0.0581835
-0.0481351
-0.0230841
-0.0026076
-0.0045575
-0.0231977
-0.0331851
-0.0163167
0.0177731
0.0401200
0.0316454
0.0018800
-0.0218398
-0.0213433
-0.0023436
0.0151239
0.0174380
0.0087760
0.0046497
0.0155901
0.0369947
0.0550609
0.0623079
0.0651561
0.0746128
0.0912626
0.1030771
0.0994674
0.0854738
0.0787979
0.0910136
0.1129879
0.1224289
0.1077541
0.0817214
0.0671557
0.0694787
0.0682579
0.0389811
-0.0188389
-0.0781480
-0.1086419
-0.1031814
-0.0808526
-0.0665346
-0.0695188
-0.0816751
-0.0926660
-0.1018697
-0.1142465
-0.1292962
-0.1393819
-0.1385648
-0.1290052
-0.1174557
-0.1083332
-0.1023841
-0.1008775
-0.1083790
-0.1289506
-0.1568711
-0.1684340
-0.1230470
0.0217155
0.2840703
0.6329507
0.9827110
1.2225971
1.2732948
1.1336895
0.8785946
0.6068489
0.3836978
0.2226683
0.1092781
0.0311422
-0.0155334
-0.0388043
-0.0577754
-0.0902778
-0.1357680
-0.1763912
-0.1976996
-0.2049289
-0.2147732
-0.2331626
-0.2473593
-0.2421985
-0.2199115
-0.1991984
-0.1947401
-0.2011396
-0.2001187
-0.1835356
-0.1657702
-0.1690541
-0.1963386
-0.2234169
-0.2217453
-0.1874060
-0.1441443
-0.1186938
-0.1166848
-0.1229576
-0.1213006
-0.1102199
-0.0996925
-0.0957944
-0.0921803
-0.0780469
-0.0521988
-0.0256803
-0.0100180
-0.0055996
-0.0030733
0.0056003
0.0191308
0.0290778
0.0291362
0.0226856
0.0207027
0.0305405
0.0468808
0.0560818
0.0503429
0.0358115
0.0254853
0.0250832
0.0269910
0.0182615
-0.0050363
-0.0312230
-0.0423729
-0.0323283
-0.0147950
-0.0111865
-0.0298673
-0.0586530
-0.0780680
-0.0810793
-0.0794258
-0.0904261
-0.1169628
-0.1411905
-0.1409017
-0.1138212
-0.0837339
-0.0798350
-0.1097234
-0.1531643
-0.1813752
-0.1821349
-0.1684055
-0.1645906
-0.1835447
-0.2153159
-0.2384003
-0.2422918
-0.2379562
-0.2456225
-0.2733997
-0.3087158
-0.3304220
-0.3294617
-0.3181430
-0.3177875
-0.3352964
-0.3528210
-0.3434942
-0.2978524
-0.2327141
-0.1739856
-0.1335659
-0.1046106
-0.0771512
-0.0541786
-0.0486918
-0.0637858
-0.0797322
-0.0685901
-0.0252703
0.0212442
0.0348963
0.0105008
-0.0204345
-0.0210206
0.0230040
0.1132811
0.2696919
0.5305244
0.9008442
1.2966007
1.5594908
1.5575122
1.2906528
0.8986030
0.5562018
0.3520415
0.2564023
0.1892841
0.1064517
0.0232942
-0.0266308
-0.0390013
-0.0418173
-0.0611652
-0.0952062
-0.1239638
-0.1365841
-0.1411794
-0.1499749
-0.1628502
-0.1686434
-0.1590590
-0.1383954
-0.1205215
-0.1168686
-0.1259491
-0.1345157
-0.1307275
-0.1164753
-0.1053205
-0.1079669
-0.1206212
-0.1277862
-0.1166277
-0.0898563
-0.0646789
-0.0569257
-0.0651881
-0.0727064
-0.0659992
-0.0489063
-0.0361158
-0.0351478
-0.0377606
-0.0286161
-0.0008705
0.0360062
0.0628638
0.0665628
0.0504568
0.0291788
0.0138445
0.0044562
-0.0038280
-0.0111478
-0.0122463
-0.0039123
0.0088249
0.0146457
0.0054086
-0.0151639
-0.0341162
-0.0431401
-0.0482432
-0.0618914
-0.0862309
-0.1086328
-0.1153345
-0.1063737
-0.0945941
-0.0908051
-0.0919894
-0.0859458
-0.0684208
-0.0531709
-0.0599875
-0.0915839
-0.1277343
-0.1465663
-0.1482114
-0.1519271
-0.1710573
-0.1966215
-0.2078317
-0.1959434
-0.1743413
-0.1637632
-0.1686652
-0.1717833
-0.1548802
-0.1221411
-0.0972781
-0.0970569
-0.1132999
-0.1237350
-0.1165009
-0.1001770
-0.0915930
-0.0972814
-0.1075272
-0.1078305
-0.0954402
-0.0827303
-0.0830728
-0.0958905
-0.1087250
-0.1121456
-0.1083484
-0.1054527
-0.1073968
-0.1105168
-0.1080185
-0.0976556
-0.0861204
-0.0842595
-0.0958462
-0.1129523
-0.1252148
-0.1318872
-0.1408935
-0.1560141
-0.1680625
-0.1607377
-0.1266087
-0.0787391
-0.0443560
-0.0414160
-0.0597371
-0.0699842
-0.0541369
-0.0231220
-0.0010048
0.0042949
0.0087752
0.0309684
0.0671991
0.0921621
0.0862272
0.0605298
0.0484293
0.0672146
0.0931264
0.0838234
0.0266080
-0.0436635
-0.0789882
-0.0665028
-0.0391972
-0.0413606
-0.0867679
-0.1501532
-0.1962831
-0.2132925
-0.2152654
-0.2165438
-0.2134855
-0.1954267
-0.1651127
-0.1387852
-0.1284778
-0.1327218
-0.1451857
-0.1643000
-0.1874910
-0.1943558
-0.1379643
0.0384045
0.3602717
0.7841249
1.1983918
1.4715491
1.5169257
1.3332743
1.0007802
0.6374967
0.3397583
0.1419383
0.0213244
-0.0624334
-0.1322647
-0.1886088
-0.2249981
-0.2418454
-0.2485373
-0.2563168
-0.2687786
-0.2792304
-0.2790234
-0.2673616
-0.2507512
-0.2355490
-0.2250995
-0.2213147
-0.2231379
-0.2246187
-0.2200798
-0.2107595
-0.2015045
-0.1913181
-0.1721507
-0.1386268
-0.0975858
-0.0681924
-0.0711856
-0.1121043
-0.1721715
-0.2204971
-0.2390046
-0.2322258
-0.2122961
-0.1831074
-0.1448284
-0.1060989
-0.0808709
-0.0730150
-0.0703672
-0.0565630
-0.0279815
0.0016496
0.0155803
0.0146135
0.0189000
0.0436218
0.0774156
0.0945179
0.0864000
0.0700269
0.0636291
0.0662869
0.0673925
0.0675671
0.0803928
0.1127718
0.1473064
0.1486036
0.0935699
-0.0014391
-0.0892841
-0.1332651
-0.1359677
-0.1241300
-0.1141271
-0.1021553
-0.0823523
-0.0612960
-0.0525701
-0.0630719
-0.0852663
-0.1009387
-0.0965560
-0.0780968
-0.0657189
-0.0704464
-0.0819733
-0.0828121
-0.0676338
-0.0447218
-0.0253359
-0.0159974
-0.0153361
-0.0156478
-0.0131557
-0.0161269
-0.0330547
-0.0525231
-0.0480537
-0.0087116
0.0441417
0.0758730
0.0689085
0.0336222
-0.0030977
-0.0191206
-0.0136370
-0.0025026
0.0061811
0.0238734
0.0601237
0.0994652
0.1159181
0.1057122
0.0894576
0.0837850
0.0854554
0.0833223
0.0740463
0.0651549
0.0688613
0.0892161
0.1113780
0.1129920
0.0913959
0.0660770
0.0469477
0.0178321
-0.0355182
-0.0970301
-0.1359833
-0.1402302
-0.1221310
-0.1029887
-0.1002232
-0.1159616
-0.1312490
-0.1273596
-0.1162395
-0.1276429
-0.1617409
-0.1820654
-0.1645535
-0.1267030
-0.0987278
-0.0929295
-0.1095343
-0.1428492
-0.1709770
-0.1634678
-0.0995300
0.0469510
0.3189207
0.7123096
1.1056775
1.3282296
1.3169700
1.1446660
0.8859147
0.5472492
0.1642915
